4 3
1 1
4 3
2 2
1 1
1 0
2 4
2 3
3 3
3 1
6 8
6 6
4 6
7 6
4 5
5 4
3 3
1 1
1 2
3 3
7 6
5 5
1 1
2 3
3 2
7 5
6 6
1 1
1 3
0 0
4 3
3 3
3 3
1 1
6 5
0 0
4 3
8 9
4 4
6 3
7 7
4 2
3 4
5 5
2 4
2 2
3 3
1 1
3 3
3 2
2 2
6 5
2 3
3 3
2 1
6 5
1 1
2 2
1 1
1 1
2 1
7 5
3 4
1 0
3 3
1 1
2 1
2 1
0 0
6 5
4 3
3 3
2 3
2 2
5 5
6 7
3 4
3 2
3 3
2 4
3 3
3 4
5 5
5 6
3 3
3 2
0 0
2 2
4 4
2 1
2 1
2 3
2 2
3 3
2 3
5 5
10 8
4 3
2 2
1 1
2 1
2 1
2 4
1 2
2 1
2 2
3 2
2 1
2 1
3 4
3 4
0 0
3 1
2 2
4 4
2 3
4 3
9 8
4 2
9 9
6 6
5 6
5 3
4 7
4 4
5 10
5 4
8 8
0 0
5 4
5 5
3 4
1 1
4 3
3 3
1 1
2 2
2 2
5 5
4 6
5 5
1 1
2 2
3 4
4 4
3 3
3 3
3 2
2 2
2 2
1 2
2 2
4 4
0 1
1 0
0 0
2 1
3 3
2 2
8 8
7 5
7 6
5 5
3 2
1 1
1 0
1 1
1 1
2 3
3 3
3 2
4 4
2 2
0 0
2 2
6 6
2 2
2 2
3 3
3 3
1 1
0 1
5 4
6 6
3 3
2 2
2 3
1 1
0 1
6 5
3 3
4 4
5 4
1 1
5 5
3 3
7 6
7 5
3 3
0 0
3 4
2 3
0 0
4 4
7 5
8 7
4 6
3 3
8 9
8 7
7 7
5 5
1 3
5 4
6 5
6 6
6 8
7 7
3 2
1 2
8 8
4 4
3 3
2 3
7 7
4 3
2 4
3 2
0 0
4 5
3 3
3 3
4 5
2 2
3 3
0 0
2 2
1 3
3 2
1 1
3 4
4 5
2 2
3 1
2 1
6 8
4 5
3 3
4 5
1 0
1 2
1 1
4 3
3 4
5 5
2 1
5 4
3 4
2 2
5 4
2 2
2 2
0 0
2 2
3 4
0 0
0 0
3 2
3 2
5 7
5 5
7 8
5 7
5 4
4 4
1 1
2 2
2 2
3 3
3 4
6 7
6 6
6 6
7 5
3 3
0 3
4 4
2 3
6 5
2 2
5 4
5 5
6 4
1 1
0 1
6 4
2 3
3 5
7 9
3 2
6 5
5 4
4 4
6 7
4 3
4 4
1 1
2 1
4 4
2 2
7 6
2 2
3 3
3 3
3 4
6 6
2 2
6 7
4 5
2 2
3 3
4 4
2 3
4 3
5 4
4 3
3 1
7 7
3 2
6 6
6 6
5 6
4 6
3 4
2 3
6 5
5 5
0 0
4 5
0 0
4 5
4 4
3 3
2 3
6 6
2 1
4 4
5 6
3 4
1 1
4 3
0 0
3 4
3 4
1 1
5 4
3 2
5 3
4 5
6 6
2 1
1 0
3 4
3 3
0 0
2 2
0 1
4 5
4 3
2 2
3 3
3 3
5 4
1 4
0 0
6 6
6 4
7 4
2 3
1 1
2 4
2 3
2 5
4 4
3 2
1 3
2 1
2 2
3 3
3 4
3 3
5 4
0 0
0 1
1 1
1 0
6 4
7 7
4 3
2 2
3 4
3 3
2 2
8 6
3 4
3 6
8 6
2 3
2 2
3 3
3 3
1 1
1 1
1 1
1 1
4 3
3 4
6 7
2 3
5 5
4 3
6 5
1 2
2 2
3 1
3 3
3 3
3 3
1 1
3 2
1 4
1 1
5 6
8 7
3 3
1 1
3 4
3 3
1 1
5 4
7 8
0 0
2 2
2 3
4 3
3 3
6 6
4 3
6 6
4 3
4 4
5 5
1 1
3 5
1 2
4 3
2 2
0 0
6 5
2 1
1 1
1 2
2 1
2 2
1 0
4 5
4 4
5 4
6 7
5 2
7 5
8 8
7 6
6 7
10 9
5 4
6 6
5 4
4 4
7 6
9 9
3 4
3 3
3 2
4 5
6 5
7 4
4 6
4 6
2 4
1 1
2 2
6 8
4 3
9 7
4 3
1 1
2 3
1 3
6 6
5 3
3 4
2 3
2 4
5 2
4 4
4 4
5 5
4 4
6 5
2 2
2 2
6 4
0 1
3 3
4 5
3 4
3 2
4 4
2 2
1 1
3 3
3 4
3 2
2 3
6 6
4 1
4 4
5 5
6 5
2 2
2 4
3 3
2 3
9 9
3 4
1 1
1 1
3 2
1 1
1 1
4 5
4 4
4 4
2 1
3 3
3 2
1 1
4 2
2 2
2 1
2 2
9 10
2 3
1 1
1 3
3 3
4 4
9 9
4 4
5 6
5 6
2 3
2 2
2 1
2 3
2 3
2 2
7 7
8 8
6 4
6 5
7 6
4 4
5 6
3 4
3 3
6 5
8 8
5 5
3 4
2 2
2 3
4 6
6 6
1 1
4 2
5 4
0 0
2 3
2 0
4 4
2 4
7 9
2 3
2 4
7 5
2 2
1 1
4 3
7 8
3 4
4 3
1 1
2 2
7 5
0 0
1 2
1 1
3 3
6 6
0 1
1 1
3 2
0 0
3 3
4 4
1 1
2 2
1 0
7 2
3 3
2 2
2 2
3 3
2 2
3 3
4 4
3 3
4 5
2 1
4 4
7 6
2 3
4 3
3 4
4 4
2 4
5 3
6 6
2 4
3 3
8 5
6 8
4 5
4 4
4 4
5 3
3 3
4 3
1 1
5 2
3 4
2 0
4 4
5 3
2 2
3 3
5 3
4 5
8 9
10 11
1 2
5 3
3 3
5 5
6 8
3 4
1 1
5 5
4 4
6 6
3 4
7 6
7 8
8 7
4 5
2 1
2 3
3 2
5 4
2 3
7 5
4 5
3 2
9 9
7 7
2 2
3 3
4 4
5 4
3 3
7 7
1 1
2 1
4 3
8 8
9 9
3 4
3 3
7 7
4 5
6 4
5 3
4 2
7 5
3 2
5 4
3 4
1 1
7 7
8 7
6 6
2 3
1 1
1 2
3 3
2 2
5 5
4 4
4 4
2 2
3 3
4 5
5 3
3 3
2 2
7 6
3 4
4 3
1 1
2 4
5 6
6 5
6 5
3 2
8 6
6 5
6 6
3 3
4 4
4 5
6 6
2 3
4 3
4 4
2 2
1 1
4 4
1 1
6 7
4 5
3 2
4 6
5 5
8 5
1 1
7 7
0 0
1 2
2 3
2 2
6 7
9 8
6 5
8 7
8 6
4 3
6 7
5 7
5 5
1 2
6 10
5 3
4 4
6 6
3 2
3 4
5 7
4 4
6 5
4 4
8 6
2 2
1 1
1 0
4 4
4 3
1 0
3 2
3 2
5 5
2 0
0 0
3 4
3 1
8 7
7 7
5 4
8 8
5 4
4 5
7 7
3 2
1 1
2 3
5 5
4 5
4 4
3 2
2 2
2 2
2 2
7 5
6 6
5 5
10 9
9 8
3 3
3 2
3 3
1 0
3 2
0 4
3 5
3 2
1 1
3 3
2 2
1 1
4 5
4 4
3 2
2 2
3 3
1 1
5 5
3 2
2 2
3 5
0 1
2 2
4 2
2 2
1 1
4 4
3 3
3 3
1 1
1 1
5 4
0 0
5 5
7 7
8 8
1 1
4 5
1 3
0 1
3 5
3 4
6 6
4 3
8 8
6 8
8 8
7 5
4 4
5 5
3 3
3 3
1 2
8 8
7 9
3 3
6 6
6 5
2 2
4 3
1 1
5 6
4 5
5 3
6 3
4 5
2 3
4 3
3 1
3 3
3 4
0 2
8 7
1 1
2 2
3 4
6 6
1 0
3 4
3 4
5 5
3 3
2 2
4 4
5 6
2 2
0 0
1 1
1 2
4 3
4 4
2 2
1 2
5 3
3 3
5 4
4 4
3 5
6 6
5 6
3 2
2 1
5 5
3 3
3 2
0 0
4 2
0 0
2 2
4 3
1 1
4 3
6 6
6 7
6 6
1 1
0 0
2 2
1 0
0 0
0 1
4 4
5 7
5 6
3 2
7 7
2 1
1 1
1 1
3 4
3 0
2 3
1 1
9 8
2 2
4 5
5 4
3 1
3 2
2 1
8 7
4 5
6 5
6 5
7 6
2 3
3 4
2 2
4 5
1 2
5 5
2 1
4 3
5 6
0 1
3 4
1 2
1 1
1 2
3 2
5 4
3 3
1 2
3 3
3 3
0 0
3 2
1 1
2 1
2 2
2 2
4 3
3 2
2 2
3 3
2 2
1 3
4 5
3 3
3 3
1 1
2 0
6 3
1 2
2 3
3 3
4 4
3 4
0 1
2 2
5 4
1 2
5 5
1 1
2 2
4 4
6 5
1 1
4 5
5 4
4 5
5 7
8 8
5 6
8 7
4 4
9 7
4 5
1 1
1 1
5 4
6 7
3 3
5 4
5 7
2 5
7 7
4 3
6 5
6 6
10 10
5 8
6 7
10 9
6 5
1 1
5 6
8 9
7 7
5 6
4 5
7 5
2 3
9 6
10 10
8 8
9 9
6 5
6 7
4 3
3 2
4 4
5 6
6 4
8 7
4 4
5 5
9 8
5 5
5 3
4 3
3 2
6 4
6 6
3 6
11 8
8 7
5 6
8 8
6 5
4 4
5 5
3 4
7 7
6 7
4 4
6 5
6 7
3 3
6 5
6 3
0 0
1 3
3 3
5 4
5 4
2 2
2 2
3 3
4 5
4 4
1 1
2 1
3 3
5 5
4 3
0 0
3 4
7 6
4 5
3 3
3 3
3 4
2 1
4 4
4 4
2 2
0 0
0 1
2 1
1 3
2 4
0 0
5 6
6 6
8 8
3 5
6 6
5 5
6 7
5 6
7 5
8 8
5 6
3 2
3 4
5 6
6 8
5 3
7 7
5 4
7 5
3 1
6 6
4 5
6 5
6 6
5 6
7 6
6 5
6 4
8 9
5 5
2 2
3 2
4 3
6 6
4 3
4 4
5 5
0 0
2 2
3 3
4 5
4 5
10 9
4 4
7 4
1 2
3 3
3 2
1 1
2 1
3 3
4 3
3 4
3 4
3 3
4 6
5 6
6 7
5 4
4 4
4 4
10 8
5 5
1 1
2 2
5 3
5 3
7 7
4 5
4 5
3 1
4 5
3 3
7 5
3 3
3 4
6 4
3 3
5 5
4 5
5 5
6 7
2 5
7 7
3 4
2 2
3 3
1 1
4 5
3 3
6 8
6 6
1 2
5 6
5 4
5 5
3 2
3 7
5 6
3 1
6 4
3 4
1 1
4 5
1 1
3 2
0 0
5 6
1 1
2 3
9 8
6 6
4 7
2 3
3 3
5 5
5 5
2 2
7 10
6 7
5 4
6 4
1 1
2 1
2 3
4 4
6 6
4 3
7 8
3 4
3 3
5 5
4 6
4 5
1 2
1 1
5 5
5 4
7 8
5 3
4 5
4 4
9 8
1 2
1 1
6 7
2 2
1 0
2 3
3 3
4 5
3 2
0 2
4 4
5 5
2 2
5 6
3 1
2 2
0 1
4 3
3 2
6 7
0 0
3 3
6 6
12 12
6 7
7 10
5 4
6 5
2 2
3 3
6 4
2 2
1 1
3 2
6 5
2 3
1 1
0 0
2 2
1 2
2 1
2 2
2 1
4 4
1 1
2 3
1 0
3 2
3 2
5 4
4 5
1 1
1 1
1 0
1 0
2 2
3 5
3 1
3 2
5 3
1 2
7 5
4 4
2 3
4 4
2 0
2 2
4 4
1 1
5 4
4 4
1 1
3 2
2 1
4 3
6 5
0 0
1 3
2 3
1 1
3 3
2 3
1 1
1 2
8 8
0 0
2 2
4 4
5 4
1 1
5 6
2 4
4 4
3 2
5 4
2 2
3 3
3 3
2 2
2 2
4 4
2 1
2 2
1 1
5 5
2 3
4 5
5 5
6 6
5 6
7 8
5 5
3 2
6 5
3 2
2 2
3 2
3 3
1 0
7 8
4 3
3 4
4 4
4 4
1 1
4 5
1 1
6 6
4 4
6 6
1 1
0 0
4 5
0 0
1 1
3 2
5 5
3 2
6 4
7 7
5 4
6 7
4 4
4 3
2 2
3 4
2 3
2 3
6 6
2 1
5 5
2 2
1 1
3 2
3 3
3 6
4 3
2 2
9 7
3 3
0 1
2 1
2 2
1 1
3 2
1 1
2 2
6 7
2 1
4 3
3 3
2 3
3 4
3 3
1 0
3 1
7 5
6 6
6 7
3 2
2 2
3 2
2 2
2 3
4 3
2 2
6 5
5 4
6 5
5 5
4 4
3 4
5 6
3 4
3 2
8 7
2 2
2 2
1 1
2 1
7 8
3 3
6 4
3 4
3 3
1 1
4 2
1 0
4 5
1 3
2 2
7 6
0 2
8 8
4 4
2 4
6 5
7 7
6 6
7 7
4 5
4 6
3 5
2 5
6 6
7 6
5 5
5 5
5 6
4 8
4 4
1 1
1 1
3 3
4 4
2 1
3 4
6 7
2 2
5 5
5 4
5 6
7 7
6 5
6 6
5 6
3 2
3 4
6 3
6 7
3 3
3 2
6 5
4 4
2 2
3 3
2 3
5 6
4 4
2 3
7 6
2 2
2 3
6 8
3 2
3 3
6 7
5 6
2 1
1 1
4 6
2 2
5 6
2 1
6 7
3 3
6 5
3 3
4 4
5 5
4 4
5 5
6 7
5 2
6 6
5 7
5 5
1 1
2 0
2 2
4 5
6 6
3 7
2 2
2 2
6 7
8 8
6 7
5 5
4 3
7 6
6 7
4 3
8 9
7 7
7 5
7 7
2 1
5 6
8 8
2 2
6 6
4 4
4 6
5 5
0 0
2 4
2 2
4 3
3 4
5 6
7 7
4 3
3 4
3 3
0 2
0 0
2 2
8 8
3 3
0 1
5 3
7 9
0 0
6 5
1 0
2 1
4 4
1 5
3 3
1 1
2 1
1 2
4 3
1 1
3 4
6 8
5 4
5 5
7 8
3 5
4 3
4 6
5 4
2 0
0 0
2 2
4 2
6 5
3 4
2 2
3 4
6 5
4 5
3 4
4 4
3 3
6 6
4 4
5 5
4 3
1 1
2 2
5 5
2 2
4 6
4 5
2 2
4 4
2 2
2 4
6 6
3 3
3 3
3 5
5 6
4 4
4 5
1 2
2 1
2 2
2 1
4 4
3 5
1 2
3 5
7 3
4 4
7 6
10 10
5 3
4 3
3 2
4 3
2 2
0 0
3 3
4 5
2 2
3 4
5 5
0 0
1 1
2 2
3 4
2 2
2 2
1 1
4 2
3 2
5 5
2 2
2 2
5 5
3 2
2 2
6 5
8 6
3 3
5 5
5 5
2 2
3 3
4 3
1 1
4 4
0 0
3 4
2 2
2 2
6 5
3 3
1 3
6 6
5 6
6 6
5 6
4 4
5 6
9 10
3 6
4 3
2 4
8 7
8 7
5 4
8 8
11 9
7 7
6 7
8 8
5 5
3 2
2 2
3 3
0 0
1 3
6 6
5 5
5 6
4 4
6 7
6 6
8 8
8 9
6 5
4 6
1 1
0 0
3 3
0 2
3 3
6 6
4 3
3 4
6 8
5 5
4 4
8 6
1 2
7 7
3 3
5 4
2 1
5 3
4 3
1 3
4 5
3 4
3 3
4 3
8 3
7 7
3 3
4 4
7 8
7 5
4 4
3 4
4 6
3 3
6 6
2 2
4 4
3 2
2 3
4 3
7 6
6 7
5 5
4 5
5 4
6 7
3 4
2 2
5 5
2 2
3 2
2 2
3 2
1 1
5 5
2 1
4 5
3 3
5 4
2 1
2 1
5 4
3 3
2 4
2 4
4 4
3 4
1 1
6 4
6 5
4 3
2 2
1 1
1 1
0 0
4 5
4 3
5 6
4 5
5 4
5 5
3 2
1 1
5 5
4 4
1 1
5 4
5 5
5 5
5 4
5 5
3 3
5 4
4 4
10 12
4 6
3 1
4 4
6 4
3 4
7 6
5 4
1 1
2 2
2 1
3 3
2 2
2 2
6 7
1 2
3 4
5 3
5 4
5 6
7 5
5 5
4 3
3 3
3 4
4 4
4 4
2 3
3 3
5 5
6 7
2 1
5 6
5 5
7 6
6 6
3 4
0 0
3 3
1 0
2 2
5 7
5 4
5 5
0 0
0 1
2 2
3 3
5 5
3 4
5 5
2 2
2 4
4 4
2 1
3 4
4 4
4 5
3 2
6 6
6 6
7 6
2 2
4 4
5 4
3 2
4 4
3 3
3 1
0 1
1 1
2 2
3 2
7 8
4 3
2 2
0 0
2 2
5 3
1 1
2 3
1 1
5 2
4 4
0 1
1 1
5 5
4 4
6 4
2 2
0 0
4 5
4 5
2 3
3 2
6 7
1 1
0 0
5 5
4 3
2 2
2 2
2 1
1 2
5 3
2 3
1 1
4 4
2 3
2 2
1 3
9 8
3 3
2 2
2 2
4 4
5 4
2 2
3 3
3 6
10 9
4 5
8 8
5 5
5 3
6 7
7 4
6 6
5 5
5 5
1 1
2 3
3 4
4 5
3 4
5 5
2 3
3 2
2 3
4 3
2 1
3 4
10 7
8 8
4 5
2 2
1 0
5 4
1 2
2 2
4 2
3 1
2 0
4 3
5 7
1 2
3 2
6 5
0 0
7 6
7 8
2 2
8 7
5 5
5 4
1 0
6 5
5 6
3 3
3 3
2 3
1 1
2 2
4 4
4 3
4 4
2 3
3 3
3 2
1 3
3 3
2 0
1 1
3 2
3 5
6 6
1 1
2 2
6 5
4 5
2 2
2 0
2 2
2 1
6 7
1 2
2 2
2 3
0 0
5 4
3 5
3 2
2 2
2 2
5 6
2 1
2 2
2 2
3 4
4 4
2 3
1 1
3 3
1 1
2 1
2 2
5 5
3 2
5 5
3 2
3 2
3 3
2 4
8 8
10 11
8 5
3 2
5 5
4 3
4 4
4 4
6 7
3 2
2 4
3 3
2 1
2 3
4 5
1 1
2 2
5 8
3 6
5 6
1 0
1 0
2 2
0 0
3 4
1 3
2 2
1 3
3 3
5 5
10 8
7 7
6 7
2 4
5 6
2 1
2 3
5 6
4 4
4 3
1 1
5 5
1 0
3 4
1 1
1 2
1 2
2 3
3 2
3 7
4 4
0 2
3 3
0 0
1 1
1 1
3 2
0 0
3 2
4 3
3 1
3 3
3 2
5 5
2 3
4 4
1 1
1 2
1 1
1 1
4 4
2 1
5 1
0 0
2 2
0 0
4 3
1 1
1 1
4 5
2 3
7 8
6 6
4 3
3 3
3 4
5 4
7 7
4 5
4 5
10 10
5 5
2 1
3 3
6 6
5 5
1 0
5 5
0 1
14 12
2 3
8 7
11 7
1 1
7 6
7 7
3 2
2 2
4 4
2 3
3 2
3 3
2 2
3 2
4 2
2 1
0 0
1 1
0 1
4 4
3 3
2 2
0 0
3 3
2 2
3 4
7 7
3 3
3 5
0 1
3 1
2 2
4 5
4 4
1 2
5 3
3 3
3 2
7 7
2 3
5 4
3 2
5 5
1 2
0 0
3 3
6 6
4 3
4 5
3 2
1 2
5 7
2 2
0 1
1 1
1 2
4 5
4 3
2 2
1 1
3 4
5 5
5 6
4 4
4 3
2 5
3 2
2 2
3 4
7 7
7 6
6 5
3 4
6 7
4 4
4 3
1 1
6 4
6 6
2 2
4 3
4 2
2 2
1 1
2 2
4 5
4 5
7 6
8 10
5 4
3 3
9 8
9 7
4 4
5 5
2 2
4 4
5 3
5 4
5 6
0 0
3 3
4 2
1 1
3 2
4 4
4 4
6 10
5 4
4 4
7 7
2 2
2 2
1 0
2 2
3 2
1 1
6 7
4 4
2 0
1 2
1 1
1 1
5 3
2 2
4 5
4 4
8 5
6 6
2 2
3 3
5 6
6 6
1 1
1 2
2 3
2 3
3 3
7 6
2 2
1 2
0 0
2 2
0 0
2 2
3 4
0 0
4 3
2 2
5 6
3 3
1 1
5 5
4 5
5 5
4 3
4 3
0 0
2 2
6 4
2 1
4 3
2 2
4 5
3 2
2 1
5 5
4 4
6 5
0 2
4 4
1 2
3 4
4 5
2 3
6 6
4 3
6 5
2 1
1 2
4 4
1 1
5 6
3 4
4 4
6 5
0 0
1 1
2 4
2 2
4 4
4 4
1 1
4 2
1 1
4 4
1 1
4 4
1 1
3 3
3 3
2 4
2 3
0 0
3 3
3 2
1 0
2 1
6 5
2 2
4 4
2 2
4 5
3 3
1 1
4 4
5 5
2 2
1 0
2 2
0 0
2 3
2 2
3 4
1 1
0 0
1 1
8 9
0 0
6 5
2 2
1 1
2 2
1 1
4 5
1 1
3 4
1 2
3 4
1 1
2 2
3 3
2 3
4 4
1 1
3 0
1 0
2 3
4 5
4 3
2 1
2 1
2 2
6 7
8 8
3 3
4 4
1 0
4 2
5 6
5 5
4 3
3 4
5 6
1 1
2 3
1 1
3 3
1 1
2 2
1 3
6 5
6 8
11 11
10 8
7 6
5 7
7 8
5 5
7 8
1 2
2 4
4 4
3 2
1 1
2 2
3 1
3 3
4 4
2 1
3 2
3 3
3 3
6 6
2 3
3 4
2 2
2 3
8 6
5 5
5 7
4 5
9 7
4 5
2 3
3 5
9 9
3 3
3 3
1 0
2 2
6 3
6 5
6 5
2 1
2 2
2 1
4 4
4 3
4 5
4 4
3 3
6 5
2 2
5 5
6 5
7 6
5 4
2 1
1 1
0 0
2 2
6 5
6 6
2 2
2 2
1 1
3 3
5 5
1 1
2 2
2 3
4 3
6 7
6 6
2 1
4 2
1 1
0 0
3 1
2 1
4 4
2 2
1 1
2 2
1 1
2 2
1 1
5 5
3 3
0 1
3 3
9 8
2 2
2 3
4 3
6 5
4 3
6 8
7 5
3 3
6 6
0 2
4 3
7 6
1 1
4 5
1 2
3 4
1 0
3 4
5 5
2 3
0 0
5 3
5 6
2 2
5 7
6 7
7 7
2 3
2 1
2 1
2 3
4 2
6 4
7 7
3 3
3 4
3 1
0 0
0 0
5 6
4 4
5 5
4 5
4 4
2 2
4 3
3 2
0 1
1 2
4 5
2 3
7 6
1 1
3 4
3 2
3 3
4 5
12 10
6 6
5 6
3 3
7 8
4 4
4 3
4 4
6 6
4 4
4 3
3 3
4 4
1 2
3 2
4 4
1 1
3 2
2 2
2 3
3 3
3 4
1 1
2 2
1 1
6 6
4 4
1 1
2 3
4 3
2 2
5 5
4 1
4 4
0 0
1 1
2 2
6 5
2 4
0 0
4 4
3 4
3 2
4 3
3 3
2 3
2 2
5 5
8 6
2 4
0 0
3 4
2 2
1 1
4 2
4 4
4 4
4 6
3 3
3 1
3 5
3 2
7 7
4 3
8 9
4 3
1 0
1 1
2 3
0 0
2 2
8 8
1 3
1 1
2 2
2 3
3 2
6 6
3 3
4 3
4 2
3 2
5 4
4 6
3 3
4 3
7 3
5 4
1 2
6 6
1 1
3 3
2 1
6 5
2 1
4 3
2 1
6 3
4 5
3 2
5 4
0 0
2 1
3 3
6 5
2 1
0 0
2 2
4 6
4 3
7 6
5 3
2 5
5 6
6 5
5 4
5 6
6 5
2 1
2 2
3 4
4 4
4 3
5 4
7 8
5 4
2 4
2 2
9 8
8 7
4 6
5 4
8 5
6 6
6 7
3 4
8 8
4 3
4 3
4 4
10 11
4 4
9 7
3 1
1 1
0 0
3 3
3 3
4 4
2 5
2 1
9 8
5 5
1 2
5 5
4 4
7 5
2 1
5 7
4 4
3 3
1 2
6 5
2 2
3 4
3 3
2 2
1 1
1 2
3 3
2 1
2 2
4 3
4 5
7 8
4 4
3 2
6 6
6 8
6 6
8 6
6 8
5 5
5 5
6 4
3 3
4 5
6 5
4 5
3 0
4 5
5 6
3 2
5 6
6 6
3 4
3 3
5 6
6 7
4 4
6 6
5 6
9 7
3 6
3 3
4 5
5 3
3 2
2 2
2 2
3 2
3 5
6 7
2 3
2 2
6 7
2 2
2 2
2 3
2 1
5 3
2 2
5 5
3 4
4 4
2 2
6 7
2 2
5 6
5 5
3 3
6 6
4 4
7 7
5 7
5 5
6 5
3 4
6 7
4 4
4 3
3 3
1 1
5 5
6 6
2 1
2 2
5 4
2 1
7 5
2 1
5 4
3 4
2 1
3 2
0 1
5 2
0 0
2 1
2 3
3 5
1 1
3 1
3 3
2 2
3 4
5 4
4 5
4 3
5 5
4 5
4 3
4 6
5 4
8 6
2 4
5 5
1 1
3 4
4 4
2 1
2 3
1 2
3 3
6 7
2 3
0 2
1 3
2 2
4 3
3 3
2 2
5 4
2 2
1 1
1 1
3 4
3 4
3 1
2 4
2 3
5 4
2 4
5 4
4 4
3 4
1 2
2 1
5 5
2 2
5 4
1 1
2 2
0 0
1 1
2 3
2 1
2 3
4 3
6 5
4 4
9 6
4 3
5 6
1 2
5 5
1 1
3 3
2 2
4 5
7 7
5 5
7 4
3 4
2 2
3 3
4 3
2 1
1 2
0 0
1 1
1 1
0 0
4 5
2 2
2 3
3 2
2 2
5 5
8 5
1 1
1 2
2 2
3 3
2 3
2 2
4 5
3 3
4 3
6 6
8 8
11 12
9 5
5 3
4 5
2 3
2 1
3 3
2 3
3 3
5 5
8 7
4 4
3 3
0 0
5 4
1 1
5 6
3 3
3 3
5 4
5 6
4 4
2 3
6 6
3 3
3 3
5 6
5 7
3 4
4 5
0 0
6 4
4 4
1 0
2 2
1 1
2 2
5 6
1 1
6 6
6 4
2 1
4 4
5 5
3 4
1 1
2 2
2 2
2 3
4 4
1 2
1 2
0 0
8 8
5 4
5 3
2 2
3 3
5 5
0 0
2 2
2 1
2 2
3 2
4 3
3 5
2 1
2 3
3 3
5 4
1 2
4 5
1 1
0 0
2 2
3 3
2 1
3 2
3 3
4 4
2 2
2 3
8 6
2 0
2 2
7 6
4 6
6 6
2 3
2 2
0 1
2 3
2 3
5 6
7 7
2 2
2 2
1 1
3 2
3 2
2 2
2 3
7 5
4 4
3 4
5 5
4 5
2 2
5 5
5 6
6 7
11 11
4 5
5 4
2 3
6 7
3 3
2 1
3 2
1 0
2 1
2 1
2 2
1 1
2 4
2 2
3 2
1 1
1 2
1 0
1 2
3 3
3 4
8 9
2 1
5 4
4 3
3 3
2 2
1 4
3 3
3 4
6 5
5 5
5 3
6 5
3 5
4 3
4 4
4 4
2 2
0 2
2 1
7 5
2 2
4 4
4 4
3 3
2 5
4 5
2 2
1 1
0 0
3 3
2 2
1 1
4 3
2 3
5 5
1 2
2 2
4 5
3 4
7 6
2 2
2 2
2 2
7 5
5 3
1 2
2 2
2 2
2 2
3 3
4 4
2 4
1 1
1 1
3 2
0 0
3 3
8 8
3 3
7 6
2 1
3 3
1 3
7 6
2 2
0 0
1 2
2 2
2 0
3 2
4 6
1 2
3 2
1 1
4 5
8 9
6 3
1 2
1 1
2 2
0 0
3 1
7 7
6 5
3 4
2 3
3 4
5 4
1 2
5 5
5 6
4 4
4 3
4 5
3 3
4 2
4 2
3 3
1 1
7 8
5 5
2 2
2 2
2 2
3 3
5 2
4 5
3 3
2 2
5 6
5 6
3 3
4 3
3 2
4 4
0 0
1 1
6 6
2 2
2 2
4 3
2 3
4 4
2 3
1 2
0 0
1 1
4 4
5 5
4 4
1 1
1 1
5 7
2 2
5 7
1 2
5 3
4 5
5 4
3 3
6 7
1 1
4 6
5 4
3 4
6 7
6 6
7 8
10 9
7 9
4 3
8 8
8 9
3 5
4 5
3 2
5 7
6 7
8 5
6 7
4 5
7 6
0 1
4 3
5 2
2 2
6 5
0 0
4 3
5 6
4 4
6 4
3 2
7 6
5 4
4 4
2 3
1 1
4 4
3 4
3 3
6 5
4 4
7 7
2 0
2 3
5 2
2 2
1 0
4 2
1 1
1 1
4 5
2 2
4 4
3 2
3 3
4 4
4 3
5 5
5 5
2 2
2 2
6 5
3 4
3 4
1 1
4 4
7 8
3 2
3 3
3 2
2 1
5 5
2 1
4 3
4 4
2 4
4 4
3 2
1 1
5 3
5 6
1 3
3 3
2 2
7 7
1 2
5 4
3 3
3 4
2 1
7 5
2 2
1 1
0 0
6 6
1 0
2 2
2 2
4 4
5 5
3 3
6 6
6 7
5 6
1 3
3 4
4 4
3 5
1 2
3 3
4 4
3 3
2 2
2 3
3 3
6 6
2 2
2 2
7 7
4 5
2 1
2 3
4 3
2 3
6 6
5 5
4 5
3 2
1 1
2 2
1 2
1 2
4 4
0 0
1 2
8 6
3 2
4 4
10 10
6 6
0 1
1 2
5 3
1 1
5 5
2 2
3 1
3 2
2 1
2 2
2 2
3 3
0 0
2 1
3 3
0 1
6 6
3 3
0 0
2 2
4 3
3 2
2 2
2 4
6 6
2 2
2 2
3 2
2 2
4 3
1 2
6 6
5 6
2 3
1 1
2 1
9 4
2 2
1 0
4 5
5 5
2 3
1 2
7 6
8 9
10 7
5 8
2 3
2 2
3 4
1 1
7 5
0 2
4 3
4 3
4 3
5 5
3 2
0 0
3 3
7 6
3 3
6 6
2 2
3 4
5 7
6 5
4 5
1 2
3 4
5 4
4 6
4 4
5 4
2 2
3 3
3 3
4 4
3 2
4 4
4 4
2 2
2 1
1 1
1 1
4 4
2 2
5 5
4 4
2 2
7 7
7 7
6 7
5 5
5 6
2 1
2 2
1 1
2 2
4 4
6 9
9 9
5 4
4 3
3 3
2 3
1 2
5 4
6 6
6 5
1 1
5 5
4 6
6 7
2 2
2 2
1 1
5 5
4 5
3 1
2 1
5 2
5 5
3 2
4 5
4 4
4 4
2 2
2 3
6 5
1 1
3 2
1 1
2 3
2 2
4 5
4 4
2 4
5 5
2 2
6 7
3 3
3 3
1 1
2 2
3 3
3 3
3 3
5 4
4 3
4 4
3 3
8 7
11 9
1 1
4 4
2 3
2 3
5 5
5 5
5 3
3 3
7 11
6 6
4 2
3 2
6 4
4 4
4 4
2 2
1 2
4 4
3 4
1 0
6 7
4 3
6 4
0 1
0 0
3 5
1 2
1 1
2 2
5 5
1 1
2 1
1 0
2 2
7 6
4 3
1 1
2 2
5 3
1 1
4 2
0 0
5 4
3 5
2 1
3 5
3 2
3 4
1 4
5 3
5 4
6 6
2 1
4 5
4 4
3 5
2 3
3 2
5 5
3 3
5 3
8 10
6 5
11 11
6 4
6 5
7 6
8 5
8 8
7 7
4 5
7 6
7 7
5 5
3 3
1 3
7 5
1 1
7 6
7 8
3 4
5 6
7 5
4 4
7 6
3 4
0 0
3 3
2 3
3 3
0 0
0 0
0 1
2 3
4 5
4 4
4 4
1 1
5 4
5 5
4 3
1 1
4 3
4 4
4 4
3 1
2 2
1 1
4 4
1 1
2 2
3 4
0 2
1 2
3 3
6 7
2 2
2 2
4 3
4 4
4 5
11 9
5 4
5 5
6 5
5 5
8 8
5 7
2 2
3 3
5 6
5 4
3 3
1 1
2 3
5 4
1 1
3 5
2 2
1 2
3 3
3 4
6 7
5 7
4 5
4 4
3 4
5 5
2 2
2 1
5 5
0 0
0 0
1 2
4 3
4 5
2 2
3 4
13 11
2 4
5 5
10 9
5 7
6 5
8 8
4 5
7 7
5 5
3 2
1 1
4 4
4 4
3 5
4 4
3 5
4 5
9 9
1 1
2 2
3 2
2 3
1 2
1 1
0 0
0 0
5 5
7 7
4 4
3 3
2 2
4 2
8 7
6 5
10 10
6 5
6 5
3 2
4 5
10 11
3 3
4 4
3 3
2 3
1 2
1 0
1 2
0 0
0 0
2 2
9 11
6 5
5 5
4 3
6 8
6 5
4 4
2 2
2 1
2 2
1 0
2 2
3 4
2 4
1 1
4 2
4 5
6 4
5 4
4 3
4 3
7 5
4 5
4 5
5 4
8 6
7 6
8 8
2 4
2 3
1 1
3 3
2 1
2 3
9 10
5 3
7 6
4 4
1 1
2 3
4 5
3 3
3 3
5 5
4 3
2 3
1 2
0 0
4 2
5 5
2 2
2 1
4 4
1 2
3 4
3 2
0 0
2 3
3 2
4 4
3 3
5 5
6 7
0 1
4 4
4 2
0 0
3 3
2 2
1 3
1 1
6 4
1 1
5 5
1 1
2 1
2 3
0 0
6 7
6 4
2 2
3 5
3 1
1 2
0 0
1 2
1 1
4 4
4 4
1 1
5 5
4 3
2 2
2 1
3 2
5 5
3 5
4 2
8 10
7 7
9 8
6 5
3 3
5 4
9 7
7 9
4 4
3 5
5 6
5 4
6 4
4 7
2 2
2 3
5 6
5 2
3 1
2 2
3 4
3 3
4 3
2 2
5 6
6 7
3 3
1 1
3 3
1 2
1 1
1 1
1 1
4 5
4 4
7 6
3 2
4 1
4 4
3 3
5 5
10 9
4 6
4 3
6 4
1 1
3 5
4 5
1 2
4 4
3 3
3 3
2 2
4 2
0 0
1 1
2 2
2 2
1 2
5 5
3 4
7 8
6 6
2 2
2 2
3 3
3 5
3 3
3 4
4 4
4 4
3 3
0 0
4 6
6 7
3 3
3 1
7 6
6 5
3 3
3 3
4 5
5 5
5 5
7 7
3 3
1 4
3 3
4 4
3 3
3 3
1 1
3 3
3 3
5 6
3 3
8 7
7 7
7 5
5 6
3 4
10 9
6 6
5 4
4 4
6 4
5 6
3 3
2 1
4 3
1 1
2 3
1 1
7 8
3 3
3 3
5 4
3 4
3 4
4 4
3 2
3 4
3 4
5 5
6 7
4 5
0 3
4 4
2 2
2 2
3 2
4 4
4 6
3 1
5 4
4 2
5 5
4 5
5 4
2 2
3 3
1 2
6 7
3 3
2 2
3 4
3 3
0 0
6 7
4 2
6 7
5 6
6 5
7 8
6 4
5 6
10 8
5 7
5 6
4 4
5 3
7 6
4 3
3 4
3 4
6 6
4 3
3 4
4 3
7 6
1 1
2 2
7 8
6 6
2 1
2 3
4 3
4 5
3 3
3 5
0 0
4 3
1 2
1 1
4 3
4 4
7 5
4 4
1 1
2 2
2 1
4 3
2 2
0 0
3 4
3 3
3 4
1 1
2 3
3 2
2 2
1 1
3 1
3 3
2 3
0 1
2 2
4 5
4 4
2 2
6 3
6 3
3 2
0 1
3 3
5 7
2 2
1 2
1 1
3 2
4 2
5 2
6 5
5 5
4 4
4 3
5 6
3 1
5 6
1 0
2 2
1 1
5 3
1 2
2 3
2 2
1 1
2 2
6 7
1 1
2 2
5 5
4 4
4 6
5 6
3 1
2 2
3 1
1 1
2 2
4 4
5 2
3 3
6 7
3 4
3 2
2 2
0 0
2 3
3 3
1 2
3 4
2 2
4 3
2 2
1 1
1 2
5 5
5 6
1 2
4 5
0 0
3 2
2 1
4 2
6 6
5 5
3 2
1 0
4 5
5 5
5 5
2 3
4 4
3 2
1 1
4 2
4 4
3 4
5 5
3 2
3 2
0 0
2 2
3 3
8 6
1 1
1 1
1 1
5 4
5 5
5 6
3 3
8 7
3 4
1 0
5 5
2 1
4 4
0 0
3 2
4 5
4 4
2 2
3 4
2 2
2 3
3 3
2 2
5 5
7 7
6 5
6 6
4 5
6 5
7 6
5 6
4 3
0 1
3 4
5 6
6 7
4 5
3 2
4 6
3 3
1 1
4 5
1 1
4 2
4 4
6 4
5 5
3 4
4 5
8 8
5 5
6 7
7 7
2 4
4 5
5 4
2 3
6 6
5 5
6 6
6 4
1 1
5 5
4 4
3 3
2 2
2 2
3 2
0 0
1 1
4 4
0 0
2 2
1 1
5 4
5 3
5 5
6 6
0 1
3 3
5 5
4 4
4 3
3 2
7 6
1 1
3 4
2 2
6 5
3 5
5 5
4 4
2 2
1 1
2 2
7 7
3 3
3 4
3 3
2 2
2 2
4 4
2 1
7 7
1 1
2 3
5 5
2 2
3 3
4 5
0 0
6 8
3 5
4 4
1 1
1 2
5 5
2 2
1 1
5 5
5 4
5 4
6 3
4 4
2 3
4 3
3 4
3 4
3 3
3 3
2 1
1 1
4 3
7 6
6 6
4 5
1 3
5 3
1 2
9 8
7 9
6 5
5 3
5 5
1 2
6 9
4 5
5 6
4 4
8 10
7 7
3 3
1 2
6 8
3 3
3 3
4 4
1 1
8 7
2 2
3 4
3 3
2 2
2 2
6 8
3 3
6 5
4 4
5 4
4 6
6 5
3 4
3 5
8 7
3 4
8 7
0 2
3 3
1 1
2 2
4 3
1 1
0 1
2 2
3 2
4 4
4 3
7 6
6 5
2 1
1 2
3 3
3 3
2 2
2 2
0 0
1 1
4 4
1 2
4 3
4 5
2 2
2 2
6 5
4 3
2 1
5 2
4 3
2 3
5 5
3 2
1 1
0 0
5 5
2 4
2 2
5 4
5 7
6 7
1 2
3 3
3 3
6 7
4 2
2 3
3 4
1 0
1 1
1 1
7 5
4 4
7 7
4 4
1 0
3 4
1 3
3 2
2 3
1 1
5 6
3 3
6 6
1 1
3 4
4 3
2 2
5 5
3 3
1 2
3 3
3 2
2 3
3 3
4 4
2 1
2 2
3 4
1 3
3 3
2 2
5 5
6 6
8 9
8 7
5 5
4 5
7 5
5 4
2 2
4 5
4 3
2 2
1 1
3 3
1 1
5 4
3 4
9 8
3 2
2 3
2 2
6 7
6 6
2 3
5 3
4 5
0 0
2 3
3 1
1 1
1 2
0 0
4 2
2 0
1 2
1 1
3 3
0 0
0 0
0 0
1 2
2 3
2 2
3 2
2 1
4 3
2 5
4 2
3 3
3 4
2 3
3 3
3 2
5 5
3 3
5 5
6 4
5 5
5 4
7 5
6 6
3 4
3 4
6 6
6 6
4 3
8 10
1 2
0 1
5 6
2 1
0 1
3 3
3 3
0 1
2 3
4 3
6 7
5 5
4 4
3 0
8 9
4 5
2 2
3 2
2 2
1 1
4 5
3 3
4 2
1 1
6 4
4 5
5 5
1 1
3 2
6 3
7 6
3 0
4 3
6 5
4 4
3 5
5 5
3 3
2 3
1 1
1 1
2 2
1 2
2 3
6 6
3 2
1 1
2 1
3 2
0 0
4 3
8 7
5 4
4 4
3 2
1 1
3 4
4 4
6 7
5 5
9 9
5 6
6 5
10 10
10 9
2 3
3 4
6 5
4 6
7 6
5 4
4 4
1 0
6 6
1 1
1 1
4 5
3 1
4 4
2 2
3 3
4 4
4 6
6 6
2 2
3 2
3 3
3 3
2 1
4 6
3 3
3 4
1 1
1 1
1 1
3 3
3 4
6 5
1 1
1 1
6 8
1 1
2 2
5 5
6 6
8 7
3 3
3 4
1 1
6 7
2 2
2 2
6 6
5 5
3 4
2 3
3 4
5 6
8 7
3 3
8 7
0 0
1 2
2 3
1 1
4 5
6 7
4 5
2 2
4 4
2 1
5 4
7 6
9 7
8 5
2 2
1 2
4 7
5 6
8 10
5 3
2 4
5 6
5 5
5 4
3 2
4 3
2 1
1 1
4 4
5 4
6 5
8 9
5 5
6 5
5 3
3 4
4 4
3 2
3 2
3 2
2 3
4 3
2 3
2 2
0 1
0 0
2 2
1 1
2 3
5 6
3 3
3 1
5 5
1 2
3 3
5 6
6 6
4 4
2 2
3 3
0 0
3 3
0 0
2 3
1 1
6 6
5 4
1 1
3 2
1 1
5 5
8 5
7 6
3 5
6 6
2 1
0 0
2 4
5 6
5 5
5 3
3 3
1 1
3 2
3 3
2 2
2 0
2 1
2 2
4 5
1 0
0 0
2 1
6 6
0 0
5 3
0 2
4 3
4 4
1 1
2 4
3 3
5 3
3 3
2 1
0 0
5 6
7 4
10 8
2 1
3 7
4 7
7 6
2 2
2 2
3 1
1 2
3 3
1 1
5 4
3 4
7 7
5 6
4 4
7 6
10 9
2 2
5 4
7 6
4 4
0 0
1 2
3 4
5 4
1 0
0 0
2 3
3 3
0 0
5 4
3 4
2 3
1 1
3 3
4 5
7 4
5 4
2 2
0 0
0 2
2 2
3 4
1 1
3 3
2 1
4 4
0 0
2 3
5 6
2 4
5 5
7 6
3 4
3 4
2 1
3 3
0 0
2 1
0 0
5 2
3 2
2 4
5 5
4 5
4 3
2 3
2 2
5 5
6 4
5 5
4 3
1 2
4 4
4 6
3 3
3 3
3 2
2 2
0 0
1 1
0 0
1 1
3 4
2 2
3 3
7 8
6 7
7 7
3 2
4 6
3 1
5 5
1 1
4 5
5 6
4 3
2 3
7 8
7 8
7 6
6 8
2 2
4 5
2 2
2 1
3 3
2 2
2 2
3 3
2 2
2 1
2 2
5 4
2 1
5 6
2 2
3 3
2 1
2 2
0 1
4 4
2 2
7 6
8 8
9 9
9 7
3 2
4 5
3 4
5 4
6 7
7 7
8 8
2 3
6 7
2 3
6 7
3 0
6 5
3 4
6 6
2 3
3 3
4 4
1 0
2 2
4 4
2 1
2 2
0 0
1 1
5 3
3 3
1 2
3 4
2 4
5 5
7 6
2 2
2 3
3 3
7 6
4 3
3 3
2 3
6 6
4 3
3 2
6 5
5 6
4 4
5 4
2 3
4 5
5 6
6 5
3 4
4 3
2 2
1 2
5 3
2 2
2 2
2 2
0 0
2 4
1 1
1 1
3 4
4 4
7 8
2 2
2 3
1 2
3 3
2 4
8 7
2 1
4 4
1 1
1 1
5 6
0 0
4 4
3 1
1 1
5 3
1 2
3 3
1 3
1 1
0 0
3 3
1 2
1 1
5 4
6 4
5 4
12 10
5 4
2 3
1 2
3 3
5 3
0 0
3 3
2 3
8 9
1 2
6 4
0 0
1 0
2 1
2 3
7 7
5 6
2 2
2 2
8 8
6 6
7 9
3 2
5 6
7 7
7 7
1 1
3 2
2 2
3 2
3 2
5 5
4 4
4 3
1 1
1 1
2 2
5 5
2 2
2 3
3 3
2 4
5 4
4 3
2 2
1 1
2 1
1 1
1 0
1 3
2 2
0 1
7 7
9 7
9 7
4 5
8 7
7 6
2 2
6 6
6 12
9 9
2 3
2 3
2 1
2 2
3 3
5 4
3 4
4 5
2 3
2 0
3 5
3 2
4 4
3 4
2 3
2 3
9 8
3 3
4 4
1 1
3 3
1 1
4 4
6 6
6 5
6 6
6 5
7 8
4 3
4 4
3 2
3 2
1 1
4 4
1 0
4 3
6 6
5 5
5 5
3 3
3 3
5 4
0 0
6 7
6 6
5 6
4 5
9 8
1 19
30 30
18 21
19 18
21 17
20 22
21 19
22 21
18 16
25 24
29 24
26 28
19 22
22 21
17 16
24 22
27 26
19 21
13 19
26 29
23 24
19 16
19 17
19 21
22 24
23 23
24 23
22 20
20 23
25 26
22 18
22 25
26 29
25 22
23 27
22 21
19 17
22 24
18 19
25 23
11 16
21 18
17 16
20 24
16 21
20 21
24 22
19 20
18 18
19 12
22 21
21 22
30 21
23 23
23 23
18 22
15 16
23 23
21 20
23 24
15 15
21 20
14 18
18 19
21 25
24 24
26 28
24 24
17 13
24 20
25 27
17 22
15 18
21 24
28 27
26 23
20 22
19 22
22 25
24 26
27 28
22 20
21 22
32 31
16 18
26 25
21 20
23 23
25 21
21 20
24 25
11 16
16 18
23 19
24 25
22 22
19 18
21 24
18 14
19 20
23 18
18 18
19 16
19 18
21 23
23 23
20 21
24 26
20 21
16 16
19 24
21 21
21 24
14 13
21 26
20 18
16 15
26 20
22 17
25 23
19 18
19 21
21 24
20 21
27 28
28 28
19 22
17 16
27 26
22 23
22 22
21 14
22 18
21 25
20 15
24 24
24 25
27 23
12 15
24 23
15 14
16 14
24 27
25 26
24 21
28 24
25 22
21 21
23 24
17 20
21 18
26 22
16 13
23 23
18 18
24 23
20 21
18 19
17 20
21 22
27 28
22 17
19 19
27 24
16 17
17 20
20 23
25 24
18 14
19 19
19 19
15 19
26 23
16 16
22 19
26 28
24 28
26 25
22 25
19 18
25 22
16 16
20 22
19 18
22 21
16 18
23 22
24 24
24 17
16 18
18 13
26 21
25 25
22 21
32 25
26 24
25 24
27 25
24 23
17 19
26 24
16 22
23 21
19 19
25 23
22 26
20 17
23 25
20 19
19 19
16 19
22 22
24 22
21 26
22 21
22 25
20 20
15 23
30 28
21 18
18 23
22 25
24 23
26 29
25 20
28 27
25 24
20 23
24 24
26 23
21 25
21 21
27 25
26 21
18 20
22 20
25 20
18 19
24 19
25 21
21 22
18 17
20 19
20 24
22 23
21 20
24 25
21 24
13 14
16 20
23 22
24 22
25 19
24 19
21 25
15 18
19 18
22 23
25 22
19 18
21 30
20 19
17 19
24 23
21 23
23 25
25 27
21 19
24 22
25 23
20 17
22 23
25 25
22 23
25 25
21 24
20 16
25 23
15 11
23 23
29 27
25 21
25 25
25 26
23 22
21 21
23 20
14 14
18 19
21 19
22 20
21 19
21 24
22 23
23 20
30 28
23 16
22 20
22 19
25 23
18 20
24 21
24 20
22 19
19 20
21 22
21 24
24 23
29 26
18 15
26 25
24 23
26 28
26 20
24 22
19 18
22 22
20 20
22 20
24 22
20 20
16 15
18 18
20 17
15 16
27 26
17 22
18 20
18 24
23 21
15 17
26 28
26 22
25 23
24 22
18 15
20 22
22 26
16 17
17 22
22 23
20 21
23 15
15 12
22 19
24 22
21 19
28 29
19 19
25 17
27 29
21 22
24 22
20 20
24 23
18 15
17 19
29 27
19 17
23 20
24 28
23 22
17 20
20 22
20 19
21 22
28 27
20 17
21 21
15 20
21 20
27 26
32 27
29 27
17 17
29 24
21 24
20 18
18 23
21 18
16 16
20 23
20 20
20 22
21 19
18 20
19 22
23 22
20 19
24 23
22 23
20 23
29 28
16 21
18 20
26 23
19 21
17 18
22 24
13 13
28 30
24 23
22 23
22 22
17 15
28 27
26 20
18 20
21 17
15 13
20 18
18 15
13 12
23 19
22 24
20 23
29 28
21 18
17 23
21 23
22 20
19 23
20 22
19 20
27 27
30 27
20 19
17 21
13 13
18 16
25 22
27 19
24 24
24 18
27 28
24 28
29 29
24 25
22 21
23 23
21 20
19 16
26 25
22 23
25 23
24 21
24 22
16 19
21 21
23 23
22 20
22 20
13 14
20 20
22 22
28 26
20 23
20 21
26 24
16 13
23 26
20 20
27 25
20 20
21 20
23 26
21 22
22 21
21 19
25 25
20 16
18 17
27 26
27 26
19 23
20 20
18 21
20 20
19 18
24 25
22 20
25 25
14 14
21 27
22 26
28 25
23 26
28 29
25 18
24 22
20 18
25 21
25 25
18 17
23 21
22 21
22 22
19 23
19 17
28 26
21 24
19 17
21 24
31 25
23 21
23 19
21 23
21 18
18 20
19 22
24 23
18 21
22 28
25 22
23 21
27 27
19 21
23 21
22 25
22 20
21 24
22 26
23 24
32 28
20 23
19 15
22 22
23 22
23 21
25 23
18 22
17 15
22 21
26 27
22 27
21 25
21 17
23 19
18 17
23 20
15 15
19 23
25 25
23 21
19 18
21 24
24 25
24 26
14 15
17 14
31 30
25 26
23 25
21 20
20 19
26 25
29 27
20 21
21 20
19 18
23 19
16 19
27 24
20 22
23 20
25 24
16 21
27 27
21 19
21 23
25 23
20 18
20 23
19 22
17 22
20 22
22 18
17 19
19 22
20 20
20 20
19 19
26 24
19 16
27 25
20 17
26 28
27 27
15 14
22 23
20 18
16 17
19 16
18 17
22 24
19 21
23 25
15 21
19 20
22 17
24 27
20 20
22 20
22 24
25 27
19 22
14 16
20 27
16 15
24 25
26 30
24 21
23 25
30 27
23 21
25 20
23 26
30 29
20 21
26 23
24 22
24 21
17 20
20 17
25 15
20 20
24 26
24 24
16 15
23 23
20 17
23 28
23 25
19 20
21 17
20 18
26 25
22 24
21 18
23 21
24 25
22 20
29 29
20 16
22 23
25 22
24 22
19 24
17 15
23 21
24 27
17 21
20 21
18 18
20 21
23 25
20 22
15 17
18 21
20 18
21 22
27 25
18 16
24 24
21 19
25 20
23 22
22 22
18 20
23 24
20 19
19 18
18 21
21 15
22 20
24 23
20 21
21 19
23 19
23 20
21 24
16 18
27 23
23 19
19 22
23 22
19 21
24 15
19 19
20 21
18 23
28 29
21 24
21 20
24 26
21 20
19 16
20 23
19 20
25 27
20 20
20 17
30 23
21 18
23 23
25 24
25 25
21 19
23 21
22 25
22 23
25 24
19 24
17 21
24 24
18 20
16 14
23 19
24 23
22 22
17 17
21 20
22 24
22 21
27 24
18 18
15 19
27 27
13 19
18 14
21 22
26 28
22 28
20 19
23 21
21 16
22 20
22 24
23 25
20 17
22 24
26 19
19 15
26 21
16 20
24 23
26 23
22 23
26 21
26 22
21 19
20 21
19 19
16 14
15 18
29 22
22 22
20 17
17 16
21 24
22 23
24 22
21 18
25 29
26 23
18 18
22 22
18 19
17 17
21 19
20 19
21 18
19 18
19 21
27 25
23 19
20 18
26 28
26 21
26 26
23 20
26 25
17 20
25 22
17 13
17 18
26 21
27 24
24 28
19 19
20 16
16 17
18 18
21 15
24 27
20 20
25 23
21 22
21 19
17 16
17 22
21 23
22 23
18 21
18 15
18 24
25 22
24 21
21 23
22 20
21 24
20 22
20 20
21 20
19 17
22 19
18 20
14 13
21 26
25 25
24 29
16 20
25 24
17 18
22 22
19 18
19 22
26 25
19 19
19 18
25 21
19 22
16 17
28 24
26 24
18 21
26 24
17 17
22 21
17 19
23 20
17 12
19 16
19 18
24 24
18 16
22 25
27 28
21 18
24 26
17 19
22 22
19 15
24 27
15 14
21 22
22 21
25 21
22 20
29 31
28 28
23 23
23 23
17 17
22 23
26 23
18 14
30 24
17 17
19 24
29 22
24 23
21 18
23 21
21 18
20 19
22 16
24 25
18 17
17 15
22 22
17 23
27 28
21 24
24 23
22 20
19 21
16 21
21 24
22 21
24 22
25 27
25 25
23 23
26 22
22 20
16 18
26 22
24 20
21 21
21 20
19 17
24 30
12 20
25 19
23 22
17 18
22 25
13 12
27 28
23 25
16 18
15 16
33 30
21 22
23 25
34 31
22 21
25 18
25 21
17 15
20 19
23 23
23 23
27 31
16 17
25 26
14 16
20 24
19 18
11 14
24 26
16 15
25 20
23 24
21 22
23 25
21 24
24 24
18 17
17 19
24 26
28 24
21 21
18 14
25 23
28 24
18 21
18 15
19 18
21 18
23 29
26 24
18 20
17 23
23 21
27 29
22 26
21 20
26 22
23 25
21 15
20 22
22 18
22 22
19 22
23 19
25 22
21 19
20 20
29 29
27 30
22 23
22 21
17 16
20 19
18 18
19 25
27 26
21 26
22 18
23 21
22 19
12 12
20 25
17 17
22 24
18 18
16 15
24 21
19 21
27 29
17 15
25 26
21 25
21 24
26 20
28 23
15 15
27 23
18 21
28 24
27 21
15 13
19 22
20 16
14 20
22 21
21 24
23 24
19 25
26 21
20 19
19 23
17 22
19 18
20 21
18 17
19 20
20 19
17 15
22 22
27 25
20 20
20 21
21 23
17 16
16 21
23 22
21 22
24 24
17 17
26 22
24 26
24 24
20 18
24 23
15 22
18 20
18 16
27 21
23 22
23 21
22 21
16 16
25 24
16 18
21 22
19 21
25 23
17 21
15 16
27 22
18 21
16 16
23 24
15 17
18 21
26 25
19 16
22 23
25 28
23 24
22 24
23 24
18 18
22 24
25 25
22 18
25 21
18 22
28 26
20 19
19 17
21 22
20 19
16 16
16 20
26 24
16 15
20 19
15 17
19 19
17 20
14 13
11 14
18 18
21 21
22 20
19 22
20 19
18 22
24 24
25 25
26 28
19 19
18 18
23 20
25 21
26 24
20 21
21 23
25 24
16 18
25 26
21 20
20 26
25 25
25 26
24 20
26 24
24 24
26 22
24 16
14 18
16 17
18 18
19 18
26 28
22 23
22 24
20 17
27 27
25 21
19 20
21 24
26 24
23 25
18 21
17 22
28 19
21 20
20 18
24 21
22 19
27 28
21 19
18 17
16 20
22 22
16 12
24 23
15 18
22 23
26 27
21 19
27 24
16 18
26 25
20 18
28 24
22 20
20 20
25 22
28 27
24 25
26 22
20 19
18 18
24 21
20 25
23 24
23 26
25 24
23 19
22 23
23 20
21 24
18 20
25 22
21 22
19 23
21 21
23 27
21 24
26 26
23 18
27 29
15 20
20 21
26 24
22 26
25 25
23 18
15 18
23 24
27 28
25 21
23 22
20 19
15 19
22 27
22 26
26 26
23 25
20 21
21 20
19 21
22 24
23 23
19 22
22 18
23 19
30 28
22 21
24 25
22 24
25 24
18 17
23 24
24 25
19 17
22 24
23 23
23 21
19 18
24 25
14 16
22 26
24 23
23 23
21 21
21 23
23 22
21 21
20 18
24 28
25 24
24 27
24 30
23 17
23 23
19 21
18 21
24 26
22 23
19 25
18 18
25 28
26 25
26 29
18 19
19 17
20 19
23 21
22 23
18 22
21 23
31 28
21 22
20 19
20 18
23 21
23 22
23 21
21 22
20 20
19 22
25 20
15 19
27 25
18 17
30 20
17 20
22 21
22 21
21 20
18 19
26 21
16 17
14 14
26 25
20 24
18 23
28 24
20 24
16 19
21 19
23 23
17 16
24 20
18 27
22 20
20 23
24 23
27 28
19 19
19 18
20 22
20 20
23 26
23 25
25 23
18 18
14 18
22 23
29 25
18 20
19 17
19 22
18 16
22 22
17 17
19 18
19 24
24 24
24 23
19 22
22 21
20 18
20 20
16 22
28 24
16 21
22 22
22 21
21 17
21 21
21 20
27 26
21 23
29 23
22 21
21 17
22 21
18 19
24 19
20 19
20 24
28 27
22 22
21 26
26 24
18 18
25 22
29 27
25 25
18 19
32 26
27 24
23 19
23 25
18 20
20 20
24 29
23 27
19 19
21 22
25 19
21 17
16 18
18 19
19 18
30 27
14 16
24 19
24 26
16 16
24 24
18 16
26 29
28 26
20 24
19 24
22 21
20 19
20 18
18 16
17 20
20 21
18 17
25 27
23 21
19 22
14 17
21 23
23 24
23 22
17 22
21 25
20 21
23 21
24 26
24 25
20 21
23 22
27 28
24 26
18 18
27 24
17 22
19 19
21 22
19 21
23 21
17 19
20 21
23 20
23 23
24 22
23 23
18 17
22 22
23 25
24 26
26 24
18 19
20 24
15 19
26 28
21 20
16 19
22 16
15 19
21 22
24 25
21 18
20 23
20 24
14 17
27 23
21 24
21 21
19 22
22 24
18 21
29 28
9 11
27 29
25 29
24 27
27 23
20 22
20 21
24 22
22 27
23 22
23 17
18 19
18 22
21 21
28 25
22 20
28 29
23 25
25 24
18 18
18 19
24 24
21 22
27 26
26 24
23 22
15 20
24 27
22 20
23 24
19 20
14 13
26 21
16 17
16 18
19 18
25 26
19 20
20 21
27 24
22 23
19 15
19 19
21 20
17 21
15 15
29 26
23 25
22 20
25 24
16 18
27 26
18 17
23 20
24 25
20 22
23 23
21 21
17 16
23 22
23 22
17 17
21 23
22 25
22 19
26 24
20 21
28 21
18 20
26 25
13 14
18 16
24 21
23 25
24 22
24 22
23 20
16 18
16 21
18 21
18 22
20 20
18 18
14 11
29 31
29 24
14 17
21 20
25 25
20 20
19 20
18 18
23 25
23 25
15 19
27 23
21 19
23 24
25 23
23 25
20 15
21 22
22 22
19 19
26 24
19 22
24 24
24 26
22 20
20 20
21 20
27 25
26 25
19 21
22 20
20 18
15 15
21 19
23 23
22 23
22 20
18 19
22 21
21 21
18 19
19 21
22 26
17 15
24 17
19 17
23 22
23 22
21 21
13 18
25 24
14 14
26 19
16 20
26 26
19 17
20 19
17 21
21 20
27 25
21 20
28 23
14 17
22 20
20 18
22 22
21 16
20 20
19 20
16 20
27 23
23 22
24 23
23 26
29 22
27 25
26 27
18 18
19 21
20 16
29 31
14 13
24 22
22 16
12 15
22 22
21 22
21 21
21 19
23 23
20 24
21 17
20 26
21 26
19 27
21 20
14 16
24 23
22 25
17 17
25 25
24 22
28 28
25 24
17 20
17 18
22 23
22 25
18 19
15 16
17 20
29 28
23 21
25 26
26 20
23 25
21 22
21 22
22 19
23 20
22 23
19 19
22 26
29 32
16 19
26 22
27 26
15 15
27 25
19 21
22 24
25 24
15 14
18 17
19 20
25 22
22 23
24 27
27 25
15 18
27 26
22 22
