-54
-72
-10
22
-20
-26
6
-42
-32
-66
-62
-88
-78
-54
-70
-86
-34
-58
-64
-48
-42
-40
-86
-78
-92
-108
-94
-110
-76
-118
-82
-82
-48
-22
-26
0
4
20
20
-14
32
-8
44
42
12
-4
10
-20
-14
-26
-16
-38
-22
-12
8
22
-72
-76
-36
-46
28
-42
-40
-22
18
100
58
18
20
36
24
28
82
50
50
74
14
4
42
54
28
50
16
40
52
114
44
70
34
104
20
32
6
32
68
36
30
38
-8
24
10
14
24
8
-4
-8
-8
18
34
-26
-8
32
8
-26
-12
-4
80
-2
62
40
26
16
10
86
-32
2
-18
4
-14
-8
-66
8
40
86
24
78
62
82
88
90
72
44
98
90
50
50
66
66
30
12
50
22
-28
18
52
-4
6
-14
-28
16
-38
-20
-14
8
-8
32
10
36
28
44
36
28
2
16
-52
-6
0
20
0
38
22
30
50
90
30
40
66
4
56
74
34
2
12
56
42
64
80
92
114
104
84
106
106
54
110
94
54
100
62
26
50
28
6
-10
34
14
74
30
40
80
-6
-40
-72
-26
-70
-76
-76
-56
-28
42
38
14
32
6
-6
14
16
36
18
-10
-6
50
36
24
8
-30
-12
2
40
20
-6
-4
-10
36
-36
-12
6
-4
-58
-38
-14
-16
-12
32
4
34
4
-4
4
-24
-72
-14
-46
-38
-30
-40
-6
-26
-10
32
2
32
6
6
-16
6
22
-54
12
30
48
36
38
48
36
52
68
20
20
22
12
38
20
64
36
48
38
74
32
6
34
48
4
38
48
60
22
30
26
28
30
8
24
34
-10
0
8
-22
-18
-34
26
-18
-36
-22
-32
-14
-28
-78
-54
-72
4
-50
-54
-8
-82
-64
-24
-36
-34
-28
-44
-20
-10
-8
-46
-48
-50
-16
-24
32
46
-12
32
-10
-22
2
14
-10
18
14
-8
26
34
56
64
60
-10
0
-6
44
16
4
6
2
42
18
22
64
66
116
46
76
26
40
102
48
60
28
-6
-4
20
20
42
36
72
130
24
56
22
56
8
88
44
44
38
66
56
16
18
48
20
48
0
-50
6
8
4
-54
-44
-26
-48
-38
-58
16
-2
-54
-44
-40
-16
-14
42
8
38
46
52
-8
-38
10
-26
-6
-4
-28
2
-36
4
6
72
20
4
50
28
26
88
44
26
-18
40
-22
42
52
48
64
32
10
-12
10
-18
-42
-26
-14
-28
-26
-16
-24
24
14
102
64
4
10
-4
-8
4
52
72
80
42
92
68
78
64
84
34
74
96
68
60
52
78
18
4
-8
14
52
44
22
62
56
74
142
130
172
100
134
106
98
132
106
70
48
98
76
86
58
82
54
48
92
44
72
90
74
84
64
76
114
78
102
102
106
102
120
100
170
122
114
74
116
96
52
122
118
68
34
32
14
2
58
42
88
112
56
44
96
44
56
76
40
56
60
66
70
52
2
-6
-28
12
32
-12
30
18
-36
50
54
34
40
4
20
-2
-18
0
-12
-24
-48
-38
4
22
28
44
54
16
36
0
42
48
24
10
-14
-22
-28
-44
-68
-46
-38
-32
-36
-82
-60
-60
-132
-136
-40
-102
-70
-64
-64
-86
-88
-164
-124
-118
-92
-116
-98
-92
-84
-118
-72
-60
-42
-104
-112
-56
-70
-78
-68
-76
-100
-114
-40
-72
-72
-118
-62
-130
-154
-94
-94
-52
-92
-50
-64
-86
-88
-92
-122
-112
-88
-106
-100
-122
-90
-76
-74
-118
-76
-48
-84
-126
-116
-96
-144
-92
-60
-82
-86
-106
-82
-118
-122
-126
-80
-102
-146
-118
-136
-42
-90
-88
-100
-108
-140
-116
-108
-60
-48
-128
-100
-136
-68
12
-34
-60
16
-22
-32
-30
-48
-42
-22
-30
-26
-42
-28
-8
-46
-42
-24
0
-2
30
14
12
-4
0
28
42
-54
-6
-12
-12
18
0
72
20
26
14
32
20
28
-4
-10
18
2
-4
2
32
32
24
-4
-6
50
-26
-4
2
38
40
-12
50
4
28
44
22
28
40
40
86
52
14
40
-4
32
0
-22
-2
-14
6
-6
20
-6
36
34
54
-30
18
48
14
44
12
16
60
16
38
58
56
86
40
76
64
90
8
52
16
32
28
-34
12
-114
-26
-58
-26
-42
-42
-24
-24
-38
-30
-60
-32
-18
-28
2
34
20
8
34
-40
-28
-8
-60
-12
-38
-78
-112
-50
-50
-58
-68
-60
-36
-100
-140
-68
-90
-62
-42
-36
-60
6
-10
22
-12
8
20
-6
-50
6
26
20
22
-2
-6
0
22
-26
-16
48
26
50
70
112
84
60
54
56
64
70
62
100
82
70
44
62
42
96
110
92
102
126
156
96
106
84
90
42
98
94
108
22
92
42
36
56
126
126
60
84
56
64
98
42
10
-4
36
38
74
32
0
2
-34
-40
-28
8
18
-28
-42
-42
-70
-22
-32
-44
-108
-86
-58
-62
-42
-36
-20
-46
-68
-28
-42
-60
-66
-14
10
-30
-32
-12
-18
-82
-36
-70
-14
-10
-40
-62
-24
-24
-48
-32
8
-26
-14
-32
-48
2
-16
20
20
34
-56
-44
18
-20
-32
32
16
10
12
38
24
2
-4
22
24
30
-4
36
20
20
40
8
10
-4
6
20
-2
-26
-6
-8
-34
6
-10
-10
30
26
66
52
70
42
36
98
110
78
40
106
102
114
68
72
94
98
102
154
98
88
116
108
88
134
84
84
82
118
140
110
106
90
130
154
100
134
134
132
136
84
94
100
60
80
108
146
138
148
90
128
116
116
100
108
78
92
116
84
76
96
108
92
94
96
104
112
96
114
112
146
116
112
122
128
64
98
72
92
142
114
78
36
42
42
68
94
34
80
38
36
38
22
-14
10
-60
-8
-22
-12
-28
2
20
8
0
-26
-26
22
16
20
44
40
28
-42
-24
-14
0
-2
52
-2
26
-24
0
22
-16
10
2
-10
-40
-70
-60
-88
-122
-100
-132
-162
-116
-142
-66
-22
-44
-78
-162
-108
-112
-98
-60
-88
-52
-42
-34
-12
-50
-62
-84
-64
-110
-106
-106
-106
-142
-86
-82
-126
-114
-122
-138
-52
-74
-84
-90
-66
-78
-4
-28
-68
-70
-48
-70
-54
-58
-42
-54
-82
-100
-48
-50
-40
-48
-28
18
-40
-20
82
72
92
38
52
18
2
30
4
24
34
110
48
10
52
96
52
40
-2
42
32
6
8
32
74
58
88
32
32
24
48
8
38
40
58
46
60
38
44
66
14
18
-30
4
16
-8
28
2
10
34
28
58
46
44
52
36
16
-4
-30
-56
-30
-80
-34
-62
-16
-62
-4
-36
-14
-80
-38
-40
-24
-4
-44
18
-48
-18
-22
-70
-64
-42
-62
-6
-34
-84
-90
-96
-126
-96
-68
-50
-22
-88
-46
-60
-58
-32
-34
-38
-22
-26
-66
-40
-32
-92
10
-84
-40
-78
12
-14
48
20
54
16
18
30
32
4
-46
20
6
-20
-46
2
38
-12
-40
-20
-34
0
-12
16
20
44
60
32
-2
22
50
30
10
8
18
-6
42
38
50
26
74
80
80
106
134
124
102
104
108
58
80
76
36
60
60
88
70
126
130
76
76
94
108
58
58
84
64
48
40
64
110
78
100
84
78
146
86
78
106
80
82
16
70
114
70
48
82
98
48
62
98
138
102
98
98
92
60
52
44
58
116
20
24
36
62
32
80
64
64
70
86
64
76
134
72
42
94
98
54
122
108
104
116
128
94
100
86
88
88
98
54
110
84
92
88
50
98
66
44
82
46
110
22
68
18
56
38
72
76
82
76
70
90
86
96
60
48
52
56
62
52
76
54
56
94
56
46
30
72
56
44
52
66
28
52
74
64
10
14
-8
30
20
20
64
40
22
36
48
84
84
56
98
56
44
70
56
42
52
62
34
36
22
56
82
88
32
64
38
56
52
54
68
64
80
64
40
-2
20
-10
10
-6
-8
26
6
16
36
16
-30
32
36
-10
-6
-50
24
12
-38
-8
12
0
-12
36
42
-2
42
-26
46
-2
36
42
48
16
-28
-22
-14
-62
-2
-12
-22
86
-6
14
6
-50
-16
-14
-2
28
6
4
56
22
2
46
28
2
22
14
52
50
24
26
70
30
26
74
28
18
24
20
10
4
6
28
-40
-38
-18
-32
-76
-56
-40
-54
-114
-8
-18
-46
-54
-52
-44
-42
-72
-70
-20
0
-24
4
-48
-54
-84
-62
-82
-36
-90
-60
-50
-18
-94
-64
-48
-42
-36
24
-36
-48
-10
-12
-42
-70
-48
-40
-60
-38
-72
-74
-64
-58
-84
-72
-96
-20
-56
-36
-14
-48
-8
-42
-6
-8
-44
-14
-12
-18
16
12
-8
18
-4
36
-30
24
38
12
38
64
26
-6
70
24
-8
-14
36
36
20
4
48
-4
52
50
40
60
72
30
72
82
80
42
78
56
46
56
56
60
24
36
72
74
78
72
100
88
36
24
42
10
68
68
24
8
52
52
54
96
118
116
88
156
96
68
82
58
92
110
54
86
82
98
110
114
32
64
72
42
46
64
28
20
26
32
56
34
68
82
88
8
-2
56
34
10
0
8
38
66
72
84
44
-12
56
44
40
-12
50
24
20
2
-44
-42
-40
-40
-24
2
-20
6
10
-20
-40
-16
-40
-14
-6
-22
40
72
52
52
60
72
72
26
52
38
44
42
28
62
8
58
34
62
6
4
26
54
92
90
40
50
60
30
68
14
8
18
14
24
-16
14
-26
-8
-4
-20
-32
12
-38
-42
-18
-62
-4
22
-4
2
-6
-10
48
64
-16
-16
2
-14
-66
-48
-48
-46
-16
-70
-40
-14
2
-8
18
40
38
-18
-12
-68
-46
66
40
30
-12
-34
-50
-96
-44
-40
-62
-42
-68
-78
-72
-50
-44
-48
16
36
-2
8
4
50
-38
-28
2
30
-12
-8
24
2
-16
16
-42
-22
-52
-84
-26
-34
8
12
-56
-18
-90
-36
10
48
66
118
60
26
36
58
28
94
44
14
26
40
80
14
48
44
42
48
54
52
78
56
52
22
78
90
48
54
24
12
48
0
-12
-38
-6
-20
6
-26
-8
-2
12
98
74
72
44
78
40
6
28
38
30
60
2
36
30
86
74
66
136
86
72
80
96
62
104
106
118
152
108
90
148
124
108
116
116
134
120
118
102
86
82
122
104
82
118
86
84
90
116
52
36
102
144
128
60
80
116
114
96
70
110
40
94
28
54
74
20
6
36
68
18
66
36
60
82
66
70
10
56
28
-4
0
-6
4
-12
28
52
12
62
38
28
56
36
-14
44
36
40
-16
-6
-4
28
-16
-10
-68
-38
-54
-82
-84
-56
-12
-26
-56
-60
-56
-58
-66
-70
-68
-66
-62
-102
-160
-126
-118
-86
-70
-98
-104
-104
-76
-60
-64
-128
-106
-148
-94
-88
-92
-96
-92
-124
-102
-92
-68
-68
-70
-68
-88
-72
-90
-38
-54
-26
-68
-10
30
-50
-46
36
-10
-4
-24
-56
-70
-62
-116
-86
-84
-86
-92
-110
-48
-22
2
0
-4
30
-2
20
-48
-6
48
24
6
-2
-34
-44
-2
54
80
24
26
48
56
22
82
36
24
68
74
-36
60
50
86
34
58
20
8
12
-32
34
36
32
80
90
54
50
72
34
30
30
68
-18
26
24
18
82
88
52
-26
-62
-42
-12
22
22
10
74
-4
58
44
14
26
42
52
34
22
8
14
0
8
30
62
72
42
70
16
46
50
10
26
-6
28
42
50
100
30
68
40
58
38
40
64
-6
40
-24
-22
-40
-18
-30
-20
-56
-42
0
-34
36
4
-4
24
-10
10
32
14
10
16
54
32
52
46
32
36
46
66
64
50
30
60
36
-4
-2
-16
28
10
28
-22
-28
-10
14
26
20
-16
-20
10
22
68
28
102
48
52
66
44
86
56
28
4
-6
-2
36
16
-16
-26
-16
2
28
48
16
16
56
68
32
16
46
74
52
30
46
40
28
-30
6
22
0
48
34
84
102
84
82
80
40
34
60
54
58
44
42
2
6
-10
-10
0
-44
18
-14
46
2
4
-62
-12
-6
-30
-4
-36
-42
-12
22
-8
-14
-12
-22
-40
-116
-104
-86
-52
-34
-80
-36
-14
-46
-36
-18
-80
-44
-56
-24
52
18
20
20
-14
-22
-6
-34
-8
-26
-40
-22
-10
-24
-36
36
-36
30
-22
-8
-22
-24
0
-26
-22
-32
8
-8
-30
22
26
20
52
34
56
64
0
32
16
14
26
54
54
46
40
88
90
94
82
114
96
54
38
44
58
24
52
6
-24
-28
-36
-20
-28
-36
-30
0
42
-80
-46
-44
-68
-16
-42
36
-22
-44
-80
-46
-84
-82
-84
-98
-108
-52
-92
-122
-58
-38
-62
-8
-26
-52
-48
-62
-66
-76
-48
-58
-58
-54
-26
-38
-44
-74
-50
-84
-68
-22
-46
-30
-64
-36
-42
-40
-68
-62
-70
-112
-90
-44
-102
-82
-84
-92
-48
-96
-44
-26
-44
-70
-8
-60
-38
-32
-22
-74
-50
-64
-74
-60
-48
-64
-26
10
-2
-6
-44
-38
-24
-42
-14
-54
18
4
8
2
36
48
50
-12
38
76
58
64
66
116
96
64
70
2
78
48
16
36
10
-12
-6
-16
-18
-24
-2
-16
10
0
44
54
-2
42
44
10
10
22
10
52
80
26
30
-24
-16
8
2
30
54
26
46
58
18
40
30
26
66
66
54
82
66
58
62
78
74
44
72
96
32
90
108
104
110
66
76
124
120
78
118
106
100
40
98
82
54
94
74
78
30
102
98
90
32
110
48
94
2
18
20
-30
8
30
-28
-6
20
8
4
-8
-6
14
32
42
38
64
64
84
96
70
74
58
106
80
122
52
94
80
60
74
102
136
64
88
50
18
46
48
16
38
66
54
24
58
12
40
78
50
60
62
62
60
60
16
48
36
60
24
80
66
66
10
46
48
42
84
42
86
58
40
50
28
88
92
92
84
70
90
52
64
84
74
98
46
70
50
82
106
68
74
72
10
32
-12
18
-10
-4
-46
-62
-48
-44
6
-64
-52
-64
-52
-38
-36
-64
-102
-74
-88
-66
-64
-118
-114
-122
-60
-98
-50
-82
-70
-86
-76
-42
-48
-36
2
-6
-52
-56
-22
-36
-68
-46
-110
-92
-108
-84
-94
-50
-102
-90
-80
-72
-114
-116
-144
-106
-74
-108
-98
-82
-94
-74
-42
-108
-96
-36
-72
-32
-14
-38
-32
-26
0
-26
-6
26
-4
6
38
34
52
40
36
12
84
42
58
122
50
80
50
52
8
28
36
40
60
68
76
42
70
92
60
46
58
-22
22
8
28
-14
-32
-32
-8
-36
-36
-68
-36
10
-80
-46
-32
-86
-44
-40
-48
-74
-78
-92
-40
-68
-66
-88
-114
-116
-82
-92
-98
-6
-24
-96
-110
-120
-28
-40
-58
-92
-56
-32
-94
-54
-72
-64
-62
-56
-40
-32
-64
-82
-70
-54
-70
-68
-52
-68
-54
-76
-72
-50
-2
-36
-38
-46
-52
-8
-82
-54
-76
-4
-82
-40
-60
-46
-24
-30
-42
-66
-58
-102
-80
-68
-66
-32
26
-26
-32
-16
-68
-74
-42
-42
-46
-12
-16
-26
-114
-44
-50
-96
-58
28
-4
38
52
8
36
20
-20
-82
-18
10
-36
-10
-8
-44
-34
22
-44
-4
-36
-78
-80
-66
-14
-36
-44
-70
-34
-38
-54
-40
-84
-70
-82
-110
-86
-94
-78
-30
-50
-26
-60
-50
-92
-62
-30
-104
-96
-46
-74
-104
-106
-74
-36
-88
-124
-142
-102
-42
-74
-50
-102
-76
-30
-42
-74
-8
4
12
24
-8
2
18
2
54
-2
34
44
68
72
24
74
66
74
36
66
58
66
30
46
68
8
38
64
46
58
60
48
32
-44
-34
-50
-92
-38
-120
-84
-98
-102
-44
-64
-50
-56
-30
-100
-94
-46
-84
-70
-94
-72
-60
-134
-72
-92
-84
-134
-82
-126
-106
-110
-76
-74
-102
-56
-80
-74
-112
-98
-138
-124
-136
-80
-92
-38
-66
-76
-130
-60
-36
-40
-36
-12
-22
12
10
-10
16
10
6
-62
-14
-16
16
16
18
2
8
26
50
40
44
24
110
84
62
48
56
64
46
84
76
84
84
46
78
86
26
64
66
88
52
60
84
40
68
114
102
120
124
118
90
126
72
34
30
66
36
102
28
-16
22
20
2
74
48
26
8
4
16
-48
-56
-40
-52
-108
-94
-118
-118
-90
-88
-94
-64
-126
-144
-108
-132
-144
-66
-54
-10
-18
-16
-18
-24
-40
-48
-114
-88
-54
-90
-38
-86
-90
-96
-80
-88
-48
-86
-86
-90
-82
-52
-70
-72
-40
-14
-14
-34
-48
0
-8
20
6
26
-18
0
-36
-60
-10
-56
-30
-48
-66
22
50
32
-24
10
-36
20
-24
-26
-4
-50
-14
-18
-36
16
-14
-52
-32
-60
-48
-50
10
-26
10
26
-4
-2
-4
30
-18
12
2
34
-34
-28
-34
-18
-30
-8
-44
-62
6
-20
-32
-48
-48
-56
6
30
18
-30
-28
-74
-10
-24
-36
-26
-18
26
-16
-22
-56
-72
-50
-88
-80
-66
-66
12
-28
30
10
22
24
52
76
48
46
18
14
50
14
18
-6
10
2
-12
-14
4
-6
4
-10
8
8
-40
-14
-6
-2
-14
-12
-56
-30
-24
-44
-2
-38
-78
-80
-16
-64
-18
-26
-16
-28
8
64
-32
14
44
40
38
40
76
100
20
22
44
8
38
62
22
-10
26
-2
-18
22
-20
-18
-50
4
-6
-46
12
2
64
54
52
54
88
128
128
144
120
106
134
128
142
108
132
112
76
118
136
128
120
120
102
104
112
146
70
58
66
32
30
6
0
-14
14
-28
36
-2
4
10
18
-30
8
20
-28
24
-22
6
-12
-8
-76
-26
-28
-30
-16
8
-30
-32
16
-46
-34
-16
30
20
56
26
2
72
46
64
58
12
8
12
50
82
32
46
64
32
28
50
22
12
22
16
70
54
36
36
32
86
78
26
32
24
64
104
116
62
42
40
36
28
34
50
26
40
50
64
52
50
64
62
66
42
52
74
56
34
70
58
64
30
68
40
26
14
64
56
86
44
80
48
-12
24
14
34
28
22
72
8
20
-6
12
46
56
64
86
102
62
32
-18
58
28
34
14
34
66
56
22
22
84
78
20
-28
-44
-26
42
-60
8
-2
-2
20
50
54
22
26
18
-28
42
50
34
46
-12
24
36
-44
-86
-84
-90
-84
-112
-64
-102
-102
-22
-10
-26
-26
-4
-16
-8
-14
-46
-66
-64
-42
-20
-48
-42
-48
-20
-32
-56
-58
-38
-26
-32
-50
-76
-50
-44
-26
6
-16
-46
-98
-18
-66
-108
-104
-84
-72
-88
-66
-64
-112
-58
-56
-100
-106
-94
-78
-42
-72
-92
-104
-88
-96
-116
-100
-68
-116
-106
-116
-88
-86
-120
-82
-112
-78
-112
-60
-84
-98
-68
-46
-82
-56
-32
-18
-38
-18
-14
-22
-32
-62
28
6
-30
30
-8
-10
-52
18
-6
30
44
52
8
-4
48
56
30
72
100
94
90
116
128
148
86
90
92
76
54
100
24
60
90
62
28
62
60
52
22
66
54
18
-2
78
38
6
-2
0
-78
-18
-14
-32
4
28
-12
-26
-22
-16
-56
-16
-72
-58
-56
-48
-14
-20
-16
-48
-28
-40
-34
-38
-86
-48
-84
-66
-56
-52
-86
-96
-102
-48
-106
-98
-84
-84
-80
-52
-40
-42
-72
-42
-78
-50
-116
-138
-110
-102
-132
-74
-144
-84
-122
-68
-136
-96
-144
-120
-128
-68
-90
-104
-106
-48
-72
-114
-60
-96
-116
-144
-118
-104
-96
-148
-134
-114
-80
-100
-110
-156
-118
-70
-76
-98
-60
-72
-122
-124
-110
-124
-74
-106
-104
-124
-154
-114
-88
-102
-96
-136
-102
-98
-80
-94
-108
-90
-126
-88
-122
-102
-132
-62
-122
-102
-108
-60
-32
-98
-78
-80
-48
-74
-40
-74
-58
-92
-76
-110
-32
-42
-70
-4
-36
-18
-82
-78
-60
-98
-106
-94
-32
-92
-96
-82
-102
-102
-70
-84
-66
-56
-128
-78
-90
-62
-112
-88
-34
-94
-72
-110
-102
-98
-86
-110
-40
-108
-84
-104
-104
-130
-60
-32
-62
-44
-28
-18
-18
-40
2
10
-12
-38
18
-14
18
76
56
86
106
94
86
64
32
52
18
12
6
32
32
20
54
100
98
108
84
92
88
86
100
142
122
104
66
136
154
134
82
88
44
44
26
42
18
10
40
4
-8
-6
28
-14
42
26
50
68
70
40
10
32
68
-12
26
8
-12
-12
8
-22
52
14
44
16
20
-4
-6
38
76
6
-18
38
44
46
12
42
28
-18
-14
-14
-34
-8
-64
-48
-64
-16
-62
0
0
-36
-22
-14
-76
-20
-14
-30
-16
10
-28
0
10
22
-10
12
20
108
68
90
102
54
60
64
70
36
72
44
58
50
46
48
0
66
4
32
60
62
64
18
34
50
22
26
10
30
32
32
42
96
46
18
32
72
32
32
66
38
16
-34
-16
-32
-74
-88
-42
-76
-90
-22
-82
-124
-84
-44
-36
-12
-48
-14
4
14
-30
8
2
-44
-24
0
-14
-58
-58
-42
-64
-52
-60
-126
-124
-96
-70
-74
-26
-26
-54
-62
-80
-98
-16
-90
-26
-52
-28
-28
-50
-48
-72
-78
-48
-64
-50
-104
-68
-48
-20
22
2
30
2
64
20
72
20
78
42
4
-2
42
28
-20
4
38
40
26
-4
-2
-20
-12
-2
-22
22
48
-12
6
38
-20
-44
-64
-38
-24
-38
-38
-34
-58
-20
6
8
10
52
72
26
62
114
56
70
86
110
120
88
92
82
106
126
106
108
124
122
130
110
82
54
72
82
52
24
30
82
106
100
78
150
78
80
50
126
90
86
74
84
110
82
64
90
114
160
102
100
124
94
124
124
94
66
68
106
90
96
104
152
102
106
108
94
58
86
46
44
114
88
104
94
114
84
94
76
76
100
122
122
96
86
102
86
118
118
114
104
94
74
66
58
32
88
66
110
124
74
70
38
44
52
-10
4
-44
-2
34
12
-12
2
36
14
12
-20
-24
0
22
34
84
24
26
46
-2
4
14
-2
0
-14
-22
-38
-26
-8
-14
-16
-8
-40
18
42
44
22
12
20
-2
0
34
16
78
78
102
80
92
38
62
94
28
38
64
76
78
30
82
78
92
84
52
74
80
60
132
84
128
94
82
106
82
132
102
104
108
68
16
28
80
86
94
120
82
118
88
92
66
100
54
54
72
44
58
104
58
124
118
38
2
46
102
64
34
38
48
30
68
34
62
30
-28
14
22
74
70
42
62
102
72
76
74
84
68
80
74
66
46
74
52
100
56
56
78
110
88
100
66
92
62
94
18
34
6
28
12
54
48
28
56
90
90
88
86
84
40
30
40
82
68
26
70
60
66
44
58
24
50
44
80
88
80
82
62
80
78
40
18
70
24
-4
8
86
46
36
50
-24
36
40
12
44
52
60
42
30
-4
-4
60
114
66
34
94
64
80
68
58
40
96
100
120
70
82
88
140
110
90
68
74
104
138
134
152
124
142
152
124
134
92
108
136
100
82
84
82
50
80
58
-2
32
38
24
18
28
78
84
64
24
-8
22
8
22
-6
14
-8
-12
-50
-10
18
70
-10
18
-14
-10
-58
-18
-22
-24
-34
-8
-24
-58
-18
-8
-10
-18
44
24
-46
-36
-48
-48
-60
-84
-50
-42
-50
-52
-34
-28
-56
-54
-26
-10
-10
-10
32
-8
-34
-12
-74
-62
-14
-4
-30
8
8
38
0
12
4
-34
0
36
32
6
34
42
92
36
30
104
38
16
-22
-58
6
-42
-46
-30
-62
-48
6
-16
0
-68
-48
-78
-62
-56
-62
-64
-50
-46
-36
-64
-28
-14
-62
-16
-22
-62
-38
-20
-40
-8
-20
-48
-18
-38
-14
-48
-4
-4
-2
-46
-18
-16
-28
-46
-4
-4
-20
-8
-18
-32
-18
-34
-54
-38
-34
-42
-30
-32
-34
-26
-14
-52
-32
-10
-46
-26
-78
-22
-82
-102
-108
-98
-114
-60
-16
-68
-70
-40
-46
-20
-28
16
36
-46
6
18
42
42
52
-10
66
36
18
62
70
64
16
34
32
26
10
14
-18
-22
-40
-72
-86
-136
-84
-22
-76
-58
-62
-46
-82
-50
-20
-12
-76
-46
-68
-72
-66
-96
-42
-36
-96
-80
-60
-76
-68
-72
-64
-70
-22
-50
-46
-72
-60
-104
-78
-38
-82
-102
-86
-38
-58
-24
-52
-54
4
-50
-56
-16
-44
-64
-56
-44
-94
-92
8
-70
-102
-50
-22
-66
-44
-24
-10
-22
0
-48
-72
-74
-30
-38
-68
-58
-62
-54
-78
-92
-60
-82
-68
-46
-110
-40
-40
-46
-32
-54
-18
-52
-64
-40
0
-10
-64
-84
-70
-108
-68
-54
-8
12
-78
-28
-50
-64
-56
-34
-60
-32
-60
-42
-30
-34
-20
-66
-86
-54
-58
-74
-106
-68
-68
-44
-28
14
24
-4
14
4
-10
-20
-18
0
12
-24
0
4
16
-12
-34
-58
-62
-84
-98
-84
-104
-82
-70
-56
-98
-90
-86
-48
-56
-60
-66
-76
-56
-64
-46
-8
-52
-20
-28
-54
-56
-62
-48
-60
-72
-58
-84
-46
-30
-62
-78
-100
-86
-50
-42
6
-72
12
-6
-8
40
52
46
8
0
16
8
-6
8
-2
-38
-14
-94
-66
-116
-8
-20
-68
-14
-36
0
12
-24
-6
-20
38
36
16
-24
56
-18
-22
16
-6
0
16
4
-2
34
70
54
12
-12
-12
34
-20
-2
-8
66
26
14
0
14
58
44
14
-48
26
12
28
-14
32
8
-8
46
20
22
4
14
-2
24
-4
-56
-26
0
-24
-54
-34
-34
-34
-26
-34
-22
-2
-6
-12
-32
-26
-40
-48
-90
-90
-72
0
36
-6
4
20
-46
4
8
-64
-42
-24
-58
-66
-48
-54
-24
-34
-92
-68
-100
-58
-88
-28
-72
-74
-122
-78
-66
-72
-76
-42
-134
-102
-98
-98
-92
-64
-80
-46
-68
-84
-80
-32
-46
-82
-102
-110
-96
-98
-116
