-11.486
-12.519
-10.8174
-14.7264
-17.4021
-10.4881
-14.2626
-18.274
-10.7792
-12.7603
-20.0361
-12.983
-11.0099
-13.305
-11.2544
-14.4584
-19.5336
-11.378
-19.8408
-17.3227
-12.4678
-14.7676
-14.9135
-14.6437
-10.1779
-14.4351
-10.9918
-9.61501
-19.3476
-6.27567
-9.49168
-9.96531
-11.3915
-12.6197
-11.6657
-14.4117
-8.44339
-16.7583
-11.0493
-16.7338
-10.8202
-13.5251
-14.2066
-8.29117
-10.7309
-19.4316
-13.4586
-16.0161
-17.4
-13.4151
-14.4136
-15.3011
-14.2181
-8.17551
-6.75445
-7.88971
-8.8123
-15.195
-11.5213
-11.6103
-13.2965
-10.6022
-12.9478
-16.728
-10.0708
-14.1577
-19.7824
-5.74531
-20.4136
-7.29794
-25.277
-8.78496
-14.1618
-13.5406
-18.9493
-11.8815
-18.2768
-17.931
-19.1228
-22.6644
-16.599
-14.1834
-13.176
-10.3724
-16.571
-11.779
-14.5867
-19.3087
-14.8943
-8.51919
-13.5614
-18.0239
-18.6064
-4.75988
-18.0677
-19.2334
-20.1119
-14.4874
-18.4422
-13.8376
-10.7958
-11.0086
-16.1982
-14.6465
-12.8611
-14.2743
-23.6451
-14.4768
-11.877
-18.1924
-13.0575
-3.76371
-13.6814
-14.8969
-13.0161
-11.9324
-13.5415
-3.63906
-8.50621
-10.9901
-15.7095
-13.015
-12.2849
-9.87647
-20.4142
-10.6271
-15.7203
-3.38338
-9.98351
-10.0602
-6.16709
-8.68403
-12.5235
-7.99481
-11.5317
-11.4663
-20.9602
-9.04999
-19.876
-10.4643
-17.3764
-6.62576
-10.3057
-21.776
-12.1414
-11.1263
-9.86556
-21.1311
-2.28808
-13.4363
-20.0593
-12.6181
-10.7472
-19.4343
-15.6931
-7.63249
-18.8278
-17.5252
-15.0037
-14.9455
-19.2904
-16.7691
-7.99345
-12.5675
-12.8455
-12.7183
-15.1608
-10.7204
-5.93317
-13.3324
-14.8556
-9.34436
-7.8223
-15.3491
-13.9609
-9.93031
-12.5275
-19.35
-8.69298
-17.9275
-7.38437
-17.6071
-7.59968
-9.59782
-10.3421
-13.3533
-15.2606
-7.22452
-16.9029
-16.6918
-13.2807
-10.1843
-16.598
-17.5708
-2.85586
-14.015
-16.7024
-4.0064
-9.63369
-15.6822
-11.6288
-13.0408
-16.0345
-4.84753
-14.2552
-4.26077
-15.0092
-17.4086
-8.61947
-10.9622
-13.8692
-18.9315
-13.8784
-10.3615
-16.4639
-12.305
-17.427
-15.0269
-18.8215
-11.7098
-19.3923
-6.01104
-13.2128
-13.273
-12.9707
-16.7766
-14.0173
-13.6486
-18.4748
-15.2743
-8.63136
-24.1652
-21.6649
-19.8173
-16.8724
-13.681
-18.5858
-8.1951
-10.2994
-10.9057
-19.2148
-1.97608
-13.8972
-16.451
-26.0767
-13.3401
-18.1255
-6.85938
-17.2868
-10.3485
-16.1786
-25.2294
-15.1104
-13.5233
-10.9127
-8.25532
-7.71556
-11.2586
-14.9524
-17.0111
-23.086
-11.1027
-7.70416
-19.8587
-14.1872
-16.161
-17.7649
-9.70107
-16.6376
-14.7542
-6.3871
-13.776
-9.46183
-13.4873
-20.603
-13.8649
-13.4139
-15.9173
-14.5871
-10.1613
-9.60823
-13.8761
-20.9527
-16.3659
-7.78622
-12.4744
-10.7215
-9.6651
-19.9488
-5.52436
-15.5012
-12.5836
-17.353
-10.6699
-14.0375
-15.1308
-14.2978
-6.26008
-13.9381
-11.8764
-20.6175
-17.2191
-13.2522
-9.82723
-16.4797
-15.5069
-15.5817
-17.0738
-15.4781
-18.0325
-14.5712
-17.7353
-8.45479
-11.8544
-16.5008
-20.4042
-13.89
-15.1381
-8.62579
-11.7698
-10.5533
-15.6267
-19.4473
-10.2418
-18.7305
-12.2418
-16.0425
-13.2123
-11.6214
-11.0489
-10.1759
-6.99581
-21.3135
-11.4078
-16.5096
-13.4262
-13.9751
-18.1214
-21.4494
-11.7805
-7.40459
-27.6735
-17.5733
-24.5475
-13.3372
-17.0537
-4.97717
-11.9038
-12.7762
-20.7111
-14.2801
-2.82152
-14.2613
-17.6206
-14.3769
-8.10046
-13.817
-9.15222
-12.2174
-18.4768
-20.4911
-14.6997
-16.7423
-12.4474
-16.0767
-16.1719
-17.9154
-21.1986
-12.6258
-12.5874
-25.0182
-19.8159
-8.53917
-15.0375
-2.48606
-23.3633
-9.06988
-15.2645
-7.67024
-17.9225
-18.2107
-10.648
-15.3031
-4.31517
-11.4275
-13.9449
-10.4349
-22.5947
-13.1284
-19.9074
-14.1768
-12.3169
-19.386
-12.553
-19.7313
-9.20103
-11.8167
-13.391
-20.0953
-15.733
-7.98688
-20.1881
-4.04731
-10.1078
-11.9342
-16.9954
-12.8947
-10.7078
-5.95288
-9.57648
-10.6379
-10.5477
-5.47894
-19.466
-11.3093
-14.113
-19.8946
-21.7202
-16.7227
-13.1747
-15.4505
-10.5996
-9.67399
-8.17557
-13.2094
-14.6632
-9.44032
-13.5005
-14.5843
-11.3429
-18.0998
-14.1241
-12.1139
-13.0027
-16.7861
-15.2987
-13.8945
-13.9488
-6.15317
-9.36722
-18.9614
-15.9131
-12.3954
-15.5698
-4.88557
-16.5371
-18.2178
-13.7967
-12.4168
-7.76851
-16.678
-21.1771
-7.30522
-13.1441
-14.1287
-16.4023
-22.7316
-15.3421
-10.2308
-17.8491
-9.62615
-19.5066
-12.7395
-10.6078
-9.45371
-10.3682
-15.1887
-21.4238
-10.9681
-13.2469
-11.3975
-17.6299
-18.9974
-20.0628
-19.1204
-14.5028
-4.635
-14.112
-15.5094
-7.85908
-13.9653
-16.3785
-11.3933
-23.3848
-13.1783
-16.9035
-16.812
-13.1635
-18.6134
-17.3986
-13.4613
-8.31657
-14.901
-13.6862
-10.1721
-13.8541
-17.3155
-9.4418
-23.5315
-10.2386
-18.6303
-10.2587
-18.3074
-7.34306
-16.9463
-12.7971
-14.2935
-17.9503
-19.1103
-15.2614
-5.63346
-10.5793
-20.0492
-9.45212
-11.2559
-21.4872
-8.9226
-15.5232
-12.7801
-16.981
-10.8169
-15.746
-15.7328
-15.0271
-10.2775
-11.0039
-6.51391
-11.9092
-16.3287
-10.6049
-19.3277
-16.8865
-17.3018
-11.5363
-9.28868
-12.9415
-17.953
-9.35781
-15.8931
-13.0389
-9.03123
-8.31479
-23.6709
-16.585
-9.14949
-13.5252
-12.9407
-10.2086
-9.07862
-19.6664
-8.91036
-3.45111
-12.2207
-15.1486
-8.64558
-16.273
-19.6178
-14.7786
-14.2957
-19.7103
-11.8795
-12.1293
-1.82813
-12.2601
-13.3025
-7.25681
-11.3105
-16.8014
-15.5235
-6.2264
-13.1891
-10.9769
-5.9166
-9.96672
-3.57919
-8.97364
-15.419
-9.14919
-7.76394
-16.8738
-21.674
-14.5518
-12.9546
-7.52585
-10.2659
-17.3947
-9.97554
-18.9948
-15.4425
-13.5807
-15.2715
-11.7594
-15.5264
-17.0043
-24.2813
-16.3131
-11.7571
-9.38929
-8.58083
-6.70719
-13.279
-2.96236
-12.7149
-11.0864
-16.1708
-15.6629
-10.8347
-18.4221
-9.91985
-17.9383
-17.7936
-9.83861
-9.35781
-16.2522
-15.7239
-10.0906
-11.3266
-7.43813
-15.4735
-9.72679
-18.3856
-12.7197
-10.0775
-13.0495
-10.3901
-16.6782
-9.98165
-16.2889
-18.6942
-15.5987
-11.3519
-19.3723
-11.7205
-18.6619
-7.29006
-10.75
-13.5349
-15.7854
-14.1605
-11.7488
-16.8373
-11.0345
-11.7775
-9.00591
-5.25097
-8.7238
-17.8282
-4.40504
-15.2449
-20.9053
-17.6591
-11.5715
-3.73102
-12.2155
-10.9935
-4.95022
-13.9272
-4.63923
-15.2081
-17.2421
-11.8922
-13.9126
-16.24
-12.51
-14.2561
-11.3361
-9.49026
-8.5596
-22.1432
-16.4424
-15.4676
-3.1043
-15.2133
-14.3702
-12.2188
-17.8415
-12.5822
-16.9226
-15.3172
-11.9655
-16.52
-19.051
-22.9963
-19.9381
-11.3949
-14.9024
-23.6559
-22.239
-14.3265
-12.823
-16.1165
-10.8716
-15.2859
-16.7185
-10.1529
-9.28607
-7.56502
-6.80082
-15.0736
-8.48217
-17.9883
-12.7062
-19.852
-22.3011
-11.9776
-5.41033
-14.224
-8.54617
-19.2028
-20.2451
-16.933
-17.9263
-10.1937
-16.1202
-19.4091
-12.3161
-14.3715
-14.1064
-13.2789
-15.6621
-17.2277
-4.42183
-5.41738
-17.6261
-7.96784
-10.038
-12.1757
-19.1571
-14.829
-14.0284
-11.7138
-12.9999
-18.213
-9.15102
-22.0794
-14.1882
-8.53155
-9.22681
-17.1676
-14.1861
-11.2334
-14.9448
-15.1804
-12.1771
-9.15323
-20.0219
-8.38914
-12.4154
-10.7298
-16.4263
-9.22882
-21.1964
-9.93901
-22.292
-8.44602
-15.2642
-17.9141
-9.75005
-8.51996
-7.97891
-8.89573
-12.2735
-10.5707
1.69304
-4.41475
-25.5683
-15.0238
-13.468
-14.9663
-21.4374
-11.2779
-7.00877
-13.1867
-15.1274
-7.28675
-19.2793
-20.1283
-16.1345
-20.0915
-10.1772
-13.5999
-14.5247
-18.4952
-18.3475
-7.75447
-18.3752
-12.7105
-13.3081
-13.9503
-6.01819
-14.1264
-11.3426
-15.7622
-11.2034
-13.4458
-11.673
-18.0322
-9.72426
-20.419
-12.2713
-14.1381
-9.71623
-8.44092
-7.97798
-6.67282
-14.6609
-6.71265
-19.1006
-9.29499
-19.7901
-15.4923
-15.7709
-18.5288
-10.3063
-15.496
-17.2362
-14.2263
-14.7188
-18.8014
-7.95815
-12.4631
-6.52977
-17.2897
-14.7243
-13.8385
-16.1932
-10.9767
-6.33879
-4.86405
-16.9533
-13.4887
-16.045
-9.29964
-8.20956
-18.4051
-11.2707
-15.341
-10.8912
-18.3402
-15.3957
-0.51071
-24.1037
-13.9048
-13.3105
-8.00789
-7.79941
-13.5033
-17.7529
-12.9479
-10.695
-8.87253
-22.0848
-17.133
-15.4443
-15.4949
-10.7902
-8.00501
-19.9708
-15.2977
-18.0908
-17.1127
-4.88523
-12.8112
-25.1059
-13.9423
-9.38686
-7.86077
-21.9223
-17.7742
-11.3643
-6.59826
-17.3308
-7.14151
-21.3688
-13.8696
-10.9531
-18.071
-8.60502
-9.69931
-4.90991
-13.9126
-12.9968
-9.20542
-13.843
-18.0505
-12.9076
-12.7379
-12.994
-11.935
-7.10666
-12.9213
-16.5388
-15.0124
-13.7855
-13.9913
-5.37002
-16.0309
-6.92637
-10.9138
-13.1362
-23.0015
-8.99879
-17.1551
-16.6381
-8.34436
-19.1678
-14.964
-12.1745
-10.5417
-17.5082
-12.6155
-15.2228
-15.1994
-11.0506
-10.6832
-9.5255
-6.33249
-8.9481
-16.6641
-13.1122
-2.27698
-21.5358
-14.4738
-6.02088
-6.09488
-21.3653
-15.3844
-8.96309
-12.6509
-9.10984
-16.3789
-18.0404
-17.9187
-18.9943
-5.81368
-18.0522
-19.5262
-10.3884
-17.4514
-9.44276
-16.8131
-19.5445
-12.9669
-17.5524
-12.7654
-21.4865
-24.5753
-15.1581
-8.25977
-18.0122
-12.0341
-14.6077
-11.093
-13.5997
-15.3711
-13.5334
-20.7763
-15.1284
-19.5133
-12.1828
-10.3165
-18.6015
-15.7719
-8.33482
-13.0693
-9.8984
-19.218
-21.344
-14.1854
-13.1251
-22.9697
-15.8946
-15.0889
-19.339
-18.3769
-17.3053
-18.7184
-13.669
-11.735
-19.0711
-7.12808
-12.3344
-13.5874
-19.1318
-13.5054
-12.2924
-14.2547
-18.5731
-12.2393
-13.1881
-14.0794
-9.58882
-16.9727
-11.2317
-14.2411
-7.65929
-8.91685
-9.3853
-17.586
-16.4954
-5.69108
-19.8243
-17.4521
-12.7321
-12.4709
-11.4721
-20.7502
-9.7234
-17.3449
-10.4121
-20.4495
-12.1527
-10.2459
-16.3169
-11.6263
-13.1582
-16.1529
-15.9486
-18.074
-5.09151
-19.0292
-10.9316
-9.83042
-9.61305
-12.2484
-13.4956
-19.3845
-17.5054
-10.5735
-15.7948
-8.99984
-15.7918
-15.2078
-14.7068
-22.4712
-11.7234
-10.7127
-12.8334
-21.5599
-11.5057
-20.446
-12.5804
-16.6467
-20.3101
-8.97683
-11.9193
-18.4217
-10.6391
-15.9972
-3.20851
-22.8538
-15.0365
-15.1867
-8.08244
-14.8645
-14.5488
-15.2217
-10.5022
-13.8692
-16.2178
-12.7262
-15.9468
-13.0375
-2.90812
-10.9579
-15.0998
-7.96187
-23.5083
-10.8559
-12.8561
-9.53263
-13.8478
-5.53373
-14.7865
-8.67419
-15.1869
-13.9595
-13.0996
-9.45923
-16.7538
-17.4835
-9.79661
-5.98871
-12.6038
-13.7335
-14.7666
-10.2446
-11.2539
-12.6832
-8.7243
-17.712
-21.0261
-5.04488
-18.7245
-12.8706
-7.37602
-0.935798
-9.76165
-19.6983
-12.2817
-8.60691
-10.0885
-13.2012
-14.9673
-12.9782
-17.6556
-9.25663
-5.52749
-10.7226
-14.4929
-10.9167
-14.1316
-13.7017
-10.4522
-16.8448
-17.6883
-15.7934
-9.00852
-12.2143
-14.0858
-10.8199
-11.9134
-12.4271
-12.9365
-10.1868
-16.5248
-14.6722
-18.8556
-13.1133
-20.7807
-12.8969
-11.904
-19.4072
-19.0223
-15.9517
-16.1324
-15.7337
-15.2656
-14.7144
-8.50557
-13.9463
-17.8745
-19.5138
-15.2524
-12.0166
-12.0758
-6.50098
-18.1778
-15.9107
-12.0102
-12.0875
-8.3604
-15.984
-9.33095
-13.5652
-14.9903
-14.1736
-12.8268
-9.84532
-15.7951
-21.5766
-13.2422
-17.6336
-16.4866
-3.28693
-13.7725
-9.19752
-11.5067
-18.606
-5.50009
-5.16595
-20.7355
-12.1385
-4.99845
-15.8459
-10.5895
-13.0036
-8.33006
-13.7218
-9.53776
-13.4869
-11.6775
-22.0705
-12.4429
-10.3614
-11.9071
-7.69658
-22.1885
-18.4199
-14.3584
-12.7837
-12.9677
-17.16
-13.5412
-16.1943
-10.19
-10.474
-18.3347
-24.9878
-9.12173
-10.8128
-11.474
-17.3042
-20.6565
-10.8079
-16.8965
-8.81809
-4.68553
-12.3499
-14.658
-19.2499
-3.8579
-15.8205
-14.9678
-9.34147
-7.74246
-17.7547
-19.5849
-12.2445
-12.7787
-13.0626
-18.5066
-19.1634
-12.0498
-14.401
-15.0795
-6.37235
-15.7848
-14.5844
-13.9249
-16.3205
-17.4864
-15.0558
-9.28663
-17.4319
-16.3555
-15.5383
-19.0139
-9.19746
-15.4565
-14.5503
-11.463
-11.6979
-8.22729
-9.91923
-16.8149
-8.21062
-7.53641
-12.1169
-17.1348
-17.5578
-6.53096
-9.87058
-16.4789
-13.1946
-8.29367
-14.6186
-16.5671
-1.96262
-10.1392
-14.3199
-14.745
-7.07244
-11.0486
-7.26219
-16.6312
-11.8884
-6.74796
-5.24472
-15.0703
-11.6041
-6.78546
-17.7322
-18.2996
-9.33403
-10.5344
-15.0731
-24.4284
-7.06271
-13.9782
-19.3933
-23.1694
-6.85361
-6.73341
-11.1455
-18.2943
-14.9138
-14.7796
-16.3213
-21.0376
-13.0037
-17.8004
-11.0183
-10.4122
-12.8997
-15.6385
-14.4121
-17.0801
-19.6943
-18.3927
-10.451
-14.8326
-10.7591
-11.8652
-13.7641
-17.3575
-9.16367
-9.76957
-16.8561
-13.4504
-11.398
-16.3372
-12.4004
-20.2672
0.29072
-10.0324
-10.2559
-12.1234
-14.4326
-14.521
-8.09332
-11.4789
-11.5614
-18.9632
-8.48518
-9.58714
-9.09967
-17.4538
-18.4255
-9.57075
-14.9859
-12.8094
-10.9382
-13.4612
-11.6093
-4.1375
-14.197
-15.4867
-15.1871
-12.7668
-15.2059
-20.1587
-17.036
-11.9155
-21.3031
-16.2122
-11.422
-12.0612
-15.4365
-4.68235
-15.732
-11.3315
-13.2048
-16.0904
-12.1446
-11.7857
-9.50531
-8.64128
-7.24578
-18.3032
-23.1929
-16.0242
-15.2122
-11.4675
-15.0758
-16.2694
-17.1881
-17.574
-15.6272
-16.0386
-13.2399
-17.1318
-20.4145
-14.5216
-14.9545
-13.0957
-19.8174
-12.834
-15.6114
-17.5359
-16.5833
-11.1061
-18.1976
-9.50047
-16.3125
-14.7957
-13.0235
-17.5962
-11.1932
-11.566
-22.861
-16.9614
-16.9717
-16.9309
-9.34883
-11.6805
-22.9267
-11.0195
-7.51386
-12.2709
-16.9963
-9.6298
-13.9267
-10.9281
-13.7045
-7.10195
-17.0609
-13.7446
-9.77184
-10.7015
-17.6447
-10.8506
-14.6801
-16.8879
-10.5647
-10.2731
-13.292
-14.4616
-8.49947
-11.369
-15.5355
-11.609
-10.2863
-13.8866
-18.3424
-13.7078
-14.9585
-18.0516
-19.3715
-16.3621
-13.3401
-16.7679
-17.0039
-10.2309
-17.3551
-18.5689
-8.00757
-20.7138
-14.1177
-5.92797
-13.9547
-4.43914
-17.7727
-14.9269
-15.059
-10.5582
-6.73129
-6.70558
-14.5896
-22.112
-18.3283
-8.01612
-14.4235
-11.4512
-11.2072
-13.7221
-10.8039
-11.5411
-19.4049
-13.1522
-13.4888
-19.7519
-21.8294
-15.2874
-10.3183
-11.6069
-21.5484
-12.4665
-2.82466
-10.1299
-9.72878
-9.21275
-13.1658
-14.901
-19.875
-11.1516
-11.7784
-18.8211
-16.2571
-14.277
-11.4802
-14.2197
-13.4893
-18.79
-10.9196
-15.7059
-12.6397
-9.89498
-12.4162
-23.8914
-14.8969
-15.9982
-21.086
-15.364
-13.1993
-12.1858
-11.8586
-14.732
-14.0012
-9.1374
-16.9722
-16.5069
-19.4287
-13.5391
-15.1361
-6.60709
-10.5173
-12.9479
-14.0457
-9.73756
-12.0922
-13.0542
-11.2031
-20.9803
-3.16631
-15.3636
-14.1967
-18.0228
-21.5925
-5.91311
-22.5533
-8.00721
-18.4658
-11.1516
-18.1535
-8.97426
-19.3731
-11.1242
-9.57168
-20.4274
-12.319
-12.5785
-10.4534
-21.7677
-16.0352
-19.6553
-14.6802
-10.4802
-16.0116
-16.4694
-16.234
-15.4825
-13.3974
-14.6546
-17.6158
-23.4962
-10.4616
-10.4467
-11.8763
-13.4713
-9.18027
-13.2201
-14.4758
-12.7192
-9.38162
-16.4738
-8.82764
-2.95222
-9.81459
-18.1471
-14.0372
-18.5647
-7.95765
-12.7038
-6.25721
-11.8332
-13.6028
-13.8949
-10.6284
-4.28425
-9.76878
-11.265
-13.1895
-16.9613
-12.6611
-13.168
-12.6794
-1.99724
-17.05
-17.2896
-17.2134
-14.5191
-17.0943
-18.2706
-16.4578
-17.6915
-27.9327
-12.1382
-10.3912
-18.5235
-16.6229
-15.7031
-13.5998
-11.2967
-7.61582
-12.438
-14.3608
-10.7671
-13.4309
-6.26426
-14.4037
-4.26067
-11.034
-15.8233
-9.28709
-16.6437
-17.7932
-10.7775
-18.6653
-8.70117
-9.6907
-12.5541
-6.27647
-15.4587
-5.14805
-19.3952
-9.02905
-14.5199
-18.3965
-10.9444
-20.7536
-12.9516
-17.1518
-16.1233
-16.089
-6.01423
-13.889
-7.64272
-13.3799
-12.6759
-12.9315
-18.7738
-13.2618
-15.0432
-11.2791
-7.91878
-12.2458
-15.7103
-11.1013
-22.2634
-15.476
-14.3882
-8.54142
-15.4954
-16.7915
-10.1349
-16.6793
-9.87342
-12.2629
-14.5525
-22.0242
-5.2396
-13.1459
-15.4257
-10.991
-15.5485
-19.0549
-15.0085
-6.52649
-15.047
-11.7566
-7.18
-12.7113
-6.79954
-11.8686
-5.71602
-20.7771
-18.1639
-13.9537
-19.7846
-10.0007
-10.8591
-11.1193
-15.1248
-15.6428
-7.46476
-9.98416
-8.79395
-17.3935
-19.6528
-15.6041
-16.8852
-8.23578
-22.6351
-18.7838
-16.9585
-10.5676
-4.2954
-9.17073
-14.1866
-13.7635
-7.08192
-10.8847
-19.6612
-10.3386
-12.6805
-14.8673
-17.4276
-15.9283
-18.197
-9.7343
-20.6302
-19.2584
-3.4014
-18.5399
-15.1434
-18.1764
-11.4837
-15.3872
-14.3771
-13.7883
-11.3799
-8.83238
-11.4203
-20.0921
-12.9671
-13.6807
-13.2099
-15.1919
-9.20902
-6.40196
-9.81232
-14.9286
-12.9261
-9.3438
-18.4528
-15.7711
-14.5504
-9.75416
-22.6816
-8.5141
-16.253
-18.8609
-7.64658
-10.958
-14.6192
-14.23
-14.9718
-17.116
-13.7701
-19.1348
-14.1955
-12.4608
-10.5219
-17.8094
-9.18406
-9.38024
-11.639
-13.5874
-7.91239
-13.4942
-9.22393
-18.8596
-15.0472
-15.1712
-10.4488
-12.8327
-9.69674
-13.0303
-8.95234
-15.3857
-19.4103
-19.0342
-13.339
-13.2911
-21.3814
-7.58213
-9.0051
-14.8804
-13.6078
-12.7849
-6.46346
-11.7073
-15.0538
-16.4376
-17.9954
-10.549
-13.0768
-15.3444
-12.7299
-14.8402
-19.6765
-15.5454
-14.9312
-17.5951
-17.9329
-14.423
-5.6821
-14.2771
-16.8886
-26.5888
-15.6474
-23.2837
-18.4794
-11.1755
-8.63734
-5.8624
-8.34887
-20.9721
-14.2867
-16.5132
-19.0633
-14.4304
-11.3046
-14.6571
-19.1052
-10.9108
-17.0212
-13.1231
-9.86824
-16.1943
-16.866
-12.6548
-5.16373
-13.9492
-10.2123
-11.2591
-10.0322
-12.5165
-11.0895
-16.4466
-13.7276
-13.6324
-11.5646
-21.219
-16.9415
-16.3543
-17.6131
-18.962
-18.3491
-15.6364
-18.5461
-12.5302
-15.7886
-13.8514
-12.2937
-17.1068
-12.6369
-7.75629
-11.0522
-14.8817
-19.1054
-13.0234
-17.7392
-17.3879
-1.21989
-17.2629
-14.1726
-14.0205
-15.0734
-10.3632
-13.9722
-16.0893
-13.1742
-18.2415
-7.92512
-10.0779
-12.6917
-9.32946
-6.61551
-8.90538
-14.285
-3.76752
-9.6403
-18.2019
-8.21152
-15.1023
-17.2033
-22.9648
-3.66601
-14.9492
-21.4511
-15.7318
-17.9869
-11.3288
-8.82099
-13.2344
-16.9534
-23.8519
-10.355
-17.5251
-10.031
-12.6477
-17.7596
-14.3872
-11.0763
-14.5344
-17.1161
-11.2362
-14.2124
-7.55792
-7.06589
-18.8542
-15.4853
-16.7735
-8.58606
-13.8792
-12.9237
-9.30784
-16.7311
-16.3129
-14.2222
-8.94315
-19.8878
-19.2012
-13.9535
-15.0963
-17.4521
-17.683
-9.05191
-9.13426
-10.8656
-21.7984
-14.1087
-15.4639
-12.7887
-12.4078
-11.1666
-14.0915
-9.01238
-4.59978
-16.5067
-8.62089
-20.9081
-18.2375
-20.5571
-16.1094
-15.3005
-6.81095
-5.28135
-15.8594
-17.7146
-8.52652
-16.957
-7.88901
-19.0521
-12.9719
-9.34614
-18.9712
-17.6434
-23.7956
-15.1846
-12.7961
-13.2921
-9.05261
-13.0676
-8.43944
-17.7605
-8.29529
-3.45797
-19.101
-14.8182
-17.4182
-8.74339
-12.1776
-13.8058
-10.76
-10.9549
-14.131
-18.2792
-9.72766
-7.59211
-13.8722
-21.1624
-14.9712
-11.4228
-10.4703
-22.074
-18.0199
-21.4884
-13.1424
-10.5551
-10.2327
-9.92407
-16.9258
-16.9755
-6.84014
-14.5244
-13.5607
-18.1643
-14.174
-16.5351
-7.28838
-15.968
-10.8126
-16.1861
-14.5734
-14.239
-11.3901
-7.70463
-18.7653
-20.896
-14.4965
-15.1007
-10.8042
-10.0679
-8.08201
-13.7884
-13.0329
-10.7901
-13.913
-16.2491
-14.4013
-10.4918
-10.1891
-18.1049
-15.3693
-6.6929
-10.4766
-18.3557
-13.1161
-15.4035
-7.81754
-9.43751
-16.4278
-10.7948
-12.7357
-11.6284
-16.7862
-9.09146
-17.1085
-9.51685
-10.4628
-16.4298
-13.7837
-21.6161
-9.27658
-15.5093
-12.2419
-6.62457
-7.56083
-2.23865
-12.1427
-13.7709
-19.3861
-8.93521
-6.0756
-7.00265
-22.1775
-17.8997
-12.1913
-17.1238
-17.6633
-12.2636
-12.8201
-21.7844
-13.4954
-10.1101
-14.6792
-10.651
-14.3367
-11.7359
-17.5348
-17.5319
-22.3873
-16.929
-20.8096
-18.4804
-11.21
-13.8256
-19.3765
-14.6225
-15.7523
-9.26716
-16.8749
-11.6132
-12.8605
-13.0401
-8.67029
-17.841
-15.4099
-9.71107
-13.7723
-9.84031
-21.0807
-14.4633
-20.3045
-21.2973
-18.9596
-9.22616
-10.9755
-16.0351
-12.0054
-16.1424
-14.181
-16.9268
-13.7886
-7.97279
-17.0275
-12.3366
-19.2485
-15.4047
-13.1561
-14.4618
-17.3198
-15.6822
-15.9279
-12.1325
-13.2416
-6.44289
-11.0506
-12.4798
-16.9724
-17.2347
-11.6894
-7.51529
-10.1669
-6.79486
-8.86827
-6.99385
-6.85031
-13.757
-11.7598
-12.3474
-20.0124
-10.0346
-14.9982
-4.56114
-8.05863
-12.5797
-10.8031
-12.2352
-15.9999
-13.8752
-18.6942
-13.0345
-10.3546
-11.0892
-15.0093
-11.1294
-16.1454
-13.5681
-8.50628
-13.278
-14.1502
-8.34867
-5.48629
-10.7847
-9.83289
-11.6447
-12.8942
-16.5788
-15.3723
-17.5831
-9.59239
-7.69768
-14.0002
-13.7934
-3.17865
-13.8224
-17.7843
-14.5579
-14.379
-8.38528
-7.65464
-12.8789
-13.6528
-4.31087
-5.5304
-16.9087
-14.0127
-9.78952
-10.7571
-16.1649
-17.9314
-17.1701
-12.4254
-16.105
-10.2938
-12.0454
-18.9071
-5.91198
-10.0581
-10.0849
-15.056
-12.8917
-11.4565
1.29556
-14.262
-17.941
-16.0234
-11.862
-18.4859
-4.38767
-9.66117
-15.2462
-14.9018
-5.86359
-19.3381
-10.4404
-12.8906
-9.5181
-16.4911
-10.4196
-11.5451
-17.3499
-9.29843
-14.134
-10.8187
-15.0485
-13.722
-9.34707
-15.1088
-11.8174
-16.8095
-11.6314
-10.0805
-18.7802
-20.2344
-9.87461
-9.15561
-14.5802
-12.3096
-21.0328
-21.2128
-14.1559
-20.0259
-17.8185
-16.011
-14.5703
-10.9414
-7.62948
-16.2608
-16.7518
-14.32
-12.9937
-12.9737
-16.5933
-18.1664
-10.9389
-18.4319
-18.6565
-10.7986
-15.9371
-13.828
-14.0746
-15.7757
-14.3492
-15.4331
-17.2501
-14.2349
-14.3848
-13.022
-15.799
-17.829
-14.5193
-12.5996
-14.0612
-15.9544
-21.8627
-24.8548
-8.5877
-11.8507
-14.0603
-14.8459
-15.1336
-9.18652
-9.44444
-4.6042
-7.87504
-17.1447
-11.0514
-11.3756
-17.0061
-12.6999
-21.7556
-9.64295
-13.5139
-13.6435
-17.2991
-13.1296
-11.0814
-13.4836
-9.5615
-11.3642
-3.12058
-18.6998
-22.1845
-8.83965
-14.3726
-18.2837
-15.8904
-12.1708
-17.7329
-9.3054
-13.8292
-17.6287
-14.387
-14.4678
-14.6769
-11.4655
-13.2896
-12.9219
-14.1493
-11.5401
-14.8257
-16.9031
-18.2769
-15.9637
-11.6407
-10.6045
-8.42389
-17.0224
-18.6372
-18.5046
-20.9832
-7.01354
-13.9561
-13.1065
-13.2098
-14.6121
-5.42893
-13.8451
-18.056
-16.0411
-16.879
-20.2623
-15.4076
-16.1517
-21.1666
-14.1002
-7.38263
-12.0217
-17.2276
-9.91253
-14.2486
-20.4706
-15.4686
-10.1168
-21.526
-12.0873
-12.7667
-15.5557
-17.6269
-11.7729
-17.3901
-13.5058
-12.7914
-18.1367
-11.0667
-15.4494
-16.9512
-24.1345
-14.7521
-17.4875
-15.0084
-17.4422
-9.26737
-12.9389
-18.1611
-13.8239
-10.0609
-16.1381
-8.46448
-8.05247
-21.4691
-11.8128
-11.1922
-19.0042
-15.8506
-14.7188
-15.3995
-8.44571
-9.39527
-15.2431
-5.90978
-7.85162
-12.9968
-7.72998
-22.2805
-19.96
-25.7045
-14.352
-15.8886
2.16098
-15.3002
-18.4692
-8.91405
-3.8008
-11.8705
-16.2857
-16.3725
-13.5082
-12.0034
-17.1082
-4.76877
-18.9128
-3.78942
-6.99172
-18.5391
-16.82
-16.1297
-14.216
-9.46698
-24.2003
-16.0841
-10.9536
-17.1172
-18.6471
-11.7448
-14.9967
-11.7142
-17.4882
-13.1486
-10.4691
-11.1994
-20.1581
-16.306
-18.0978
-14.1221
-11.347
-14.9769
-10.3252
-13.0232
-10.8968
-11.5788
-11.0058
-16.0381
-17.9895
-23.1355
-21.1281
-16.3784
-15.6436
-12.6993
-12.5333
-10.1271
-19.0961
-21.0874
-25.5599
-17.872
-6.84388
-10.8556
-19.354
-23.7688
-13.522
-14.7481
-21.7703
-9.79052
-15.1012
-8.33646
-11.3877
-21.4742
-13.8411
-8.02725
-12.4981
-4.8122
-12.0804
-8.59656
-13.3183
-11.4159
-11.9791
-19.5655
-19.655
-8.84977
-22.0197
-9.87986
-9.64125
-20.5402
-13.2405
-19.5163
-10.8537
-17.2349
-19.5885
-8.03253
-9.15591
-14.1955
-12.9646
-11.1152
-13.8657
-10.3446
-16.5118
-11.184
-14.4013
-17.6759
-10.7527
-19.8152
-13.4841
-11.8293
-12.1419
-7.3938
-3.75755
-17.0093
-14.641
-9.55592
-21.6234
-17.6637
-10.5395
-5.94575
-24.0205
-10.8884
-19.9575
-16.1311
-11.8719
-16.2166
-20.1414
-21.7045
-14.4997
-22.2659
-17.095
-17.0178
-13.7652
-11.2572
-11.3125
-7.25474
-14.3667
-8.88742
-11.3566
-10.1699
-19.7585
-21.6452
-16.6105
-11.3882
-19.275
-10.5953
-6.20602
-3.60327
-19.3836
-15.628
-11.1798
-19.0556
-17.5823
-17.9627
-12.2785
-23.1683
-13.9252
-8.58396
-12.3349
-13.7274
-13.9799
-8.90178
-17.4444
-8.11203
-11.2905
-10.3064
-9.2705
-13.4154
-13.3045
-17.1926
-7.4168
-16.3258
-17.9523
-10.3448
-20.3384
-10.8984
-9.8684
-3.16247
-10.1232
-14.1292
-15.7329
-17.5583
-11.9168
-17.2146
-19.4839
-19.5483
-15.2041
-6.20605
-11.256
-17.4166
-10.6406
-18.3103
-10.7482
-15.8884
-10.6513
-18.7672
-11.4903
-24.8091
-16.9255
-17.0092
-18.9019
-5.50118
-14.2465
-20.7262
-9.79365
-11.6907
-17.5422
-10.2832
-9.70354
-17.6953
-10.7942
-10.2774
-14.4185
-19.7214
-17.5947
-9.99333
-10.1861
-11.4129
-18.2957
-11.4397
-19.4176
-14.1494
-19.4855
-14.5576
-10.4897
-17.0636
-8.20607
-12.1019
-7.80761
-10.002
-10.6645
-6.81887
-17.6209
-12.0348
-13.1688
-15.4273
-13.823
-12.7134
-17.5765
-14.4766
-9.72366
-5.84539
-8.14786
-4.52287
-11.2504
-20.1451
-17.246
-15.3108
-14.2604
-16.295
-14.1199
-13.8529
-20.6852
-18.4636
-13.8925
-19.4136
-14.8391
-2.61971
-8.65828
-16.3647
-10.3657
-12.7834
-12.0232
-7.17991
-14.8174
-9.97268
-19.3646
-19.176
-13.1693
-8.219
-10.3232
-4.56556
-12.8158
-14.8134
-12.8052
-12.9047
-16.1594
-13.8134
-10.7646
-16.6769
-8.68143
-12.9366
-14.7906
-10.7827
-21.4952
-9.40318
-15.5555
-13.5299
-6.23133
-14.7524
-12.6987
-7.22462
-3.76058
-24.2093
-15.5207
-14.437
-18.7868
-9.54066
-11.5681
-12.821
-17.5937
-18.8576
-2.93182
-14.7924
-15.0752
-9.39374
-13.3573
-15.7906
-22.87
-12.4087
-9.42811
-16.2961
-18.9307
-14.3663
-14.8091
-8.86494
-16.2237
-12.9759
-16.8314
-16.3358
-11.9783
-14.4358
-8.79212
-18.2127
-15.4621
-19.7949
-10.1098
-15.4265
-14.9716
-16.7056
-14.7685
-8.40682
-23.6735
-4.82837
-15.2156
-17.4747
-10.7726
-17.9544
-16.7913
-10.3828
-15.4197
-22.392
-18.9289
-17.1152
-7.99562
-13.9538
-17.6878
-5.94251
-11.1543
-9.03038
-15.4515
-10.762
-16.5158
-12.8266
-16.694
-18.173
-15.6542
-4.51908
-11.2935
-17.1661
-12.5192
-8.64402
-12.1159
-8.93948
-14.2303
-9.34205
-14.4049
-11.3253
-11.9214
-14.4612
-15.4369
-10.2303
-7.75877
-17.7791
-12.3428
-19.7388
-11.5681
-15.731
-13.0414
-16.1177
-5.79515
-11.4338
-8.39584
-15.8093
-8.42986
-16.6095
-15.9583
-18.0673
-16.7592
-21.6768
-11.6714
-18.8564
-16.9187
-21.0455
-13.5527
-8.02479
-13.2652
-16.8531
-9.17193
-12.1175
-22.4548
-19.3157
-10.1377
-14.2359
-11.7105
-15.6099
-7.93545
-11.8917
-12.5471
-13.7151
-22.7291
-8.7812
-17.7414
-12.6881
-16.516
-13.8959
-20.4734
-6.58488
-14.2994
-7.23405
-16.9875
-21.0426
-14.2258
-15.5442
-10.2449
-18.0329
-4.02069
-10.6393
-7.53431
-11.742
-15.8634
-17.3684
-18.7906
-11.4363
-8.89201
-13.1584
-16.5349
-19.9469
-11.7934
-8.76098
-12.7906
-16.4502
-7.57221
-9.48936
-10.2927
-6.80933
-17.567
-13.9827
-16.4495
-3.9654
-13.9943
-8.96281
-13.5101
-14.5876
-12.7528
-12.5717
-18.2926
-14.0123
-16.8553
-14.8102
-12.0836
-15.6811
-9.23681
-15.2297
-5.28053
-14.6822
-15.9546
-13.319
-15.2462
-10.3181
-11.8356
-23.6915
-17.6745
-12.9522
-13.1391
-13.6128
-15.9072
-10.0573
-10.9468
-8.92935
-7.55375
-17.7134
-18.5917
-6.97458
-9.8324
-17.5864
-15.0093
-16.1802
-19.4624
-20.2058
-9.68054
-16.3995
-18.0148
-25.4752
-8.13477
-10.8196
-10.7277
-19.0193
-15.1596
-13.4314
-11.6898
-8.52096
-14.513
-8.64731
-13.4293
-13.1668
-10.9868
-7.33833
-11.7668
-18.0898
-6.4355
-15.8085
-17.1221
-19.6587
-2.46908
-13.2416
-10.0452
-15.5144
-19.0719
-14.9792
-12.358
-10.0256
-10.2138
-15.2472
-21.4507
-15.303
-23.7969
-18.3435
-7.76478
-15.7692
-13.2621
-13.861
-15.4064
-8.28532
-11.5459
-16.483
-16.3321
-18.5241
-19.05
-10.4432
-6.35037
-13.2975
-13.939
-14.0887
-19.0583
-13.2768
-14.4726
-18.5143
-8.16927
-8.60663
-16.6594
-13.3474
-9.06355
-18.9491
-10.0035
-12.1471
-12.9153
-11.6542
-11.5592
-4.84378
-15.0947
-13.6273
-7.98584
-9.32425
-6.62105
-6.07748
-4.92211
-7.10076
-15.5377
-15.957
-10.7262
-18.5897
-8.15265
-10.8235
-20.9522
-12.0633
-13.0357
-10.1736
-17.3397
-14.6572
-9.45691
-14.0066
-16.2504
-14.7022
-12.2653
-20.8604
-6.09371
-10.1084
-3.93494
-11.9208
-14.2005
-9.27116
-7.00799
-13.8741
-10.7166
-23.2709
-13.5802
-12.0833
-19.9463
-7.32495
-12.3895
-10.0762
-10.0693
-12.5522
-7.90477
-10.6266
-5.67713
-10.1955
-11.9743
-11.3154
-18.7239
-16.9027
-15.3468
-11.1134
-13.8053
-10.8537
-14.2659
-11.856
-9.98947
-18.5109
-11.5454
-10.7676
-13.3476
-15.073
-4.35653
-12.3767
-2.71631
-14.1351
-12.3716
-17.9462
-7.14731
-15.0729
-9.11837
-11.8053
-18.9535
-13.1457
-15.4
-15.4927
-8.16097
-13.0463
-16.6802
-11.994
-11.3471
-22.8097
-13.0094
-15.234
-11.5558
-9.37487
-21.1717
-21.3332
-9.0044
-12.7154
-10.2007
-15.4354
-14.4691
-14.8403
-11.4996
-8.73074
-12.7182
-14.7883
-9.52922
-20.9545
-8.23638
-16.4444
-18.9858
-10.1653
-11.8886
-12.0054
-18.2065
-15.7859
-14.433
-7.24511
-8.10197
-16.3635
-17.1364
-18.8008
-13.7923
-13.8489
-13.5422
-12.0441
-11.7949
-15.3052
-14.1013
-9.41393
-11.3904
-14.6582
-11.9071
-9.13103
-8.13711
-9.39634
-13.2809
-10.8336
-19.5672
-14.3877
-19.0811
-5.19639
-7.61949
-15.5721
-14.4649
-12.3547
-14.5513
-7.03622
-11.7354
-11.8728
-5.83096
-10.7532
-13.1339
-15.0054
-13.857
-11.7007
-8.37501
-14.4305
-8.20805
-0.821424
-15.8188
-12.154
-5.02059
-16.0399
-19.4786
-8.09935
-10.9946
-6.34852
-19.1176
-11.8478
-13.4351
-22.4662
-3.55847
-9.4882
-6.30614
-16.8509
-7.27857
-11.0039
-12.7591
-9.8474
-15.1609
-19.4234
-16.7124
-16.3557
-9.28313
-17.1223
-12.0425
-22.3167
-12.2405
-17.168
-11.0497
-18.7766
-9.57877
-11.6714
-11.6545
-13.5414
-12.5332
-15.618
-13.3275
-16.3262
-9.17725
-6.87858
-16.1999
-8.40451
-12.6808
-11.9803
-14.587
-21.4609
-10.3106
-16.443
-10.9804
-13.6862
-10.8647
-16.1329
-15.9886
-14.7309
-17.6504
-18.9835
-5.95419
-19.1877
-15.4404
-19.5075
-13.3057
-18.6971
-16.6613
-12.0688
-16.4839
-16.1977
-9.99911
-7.82358
-15.3219
-7.18456
-12.0191
-4.56113
-14.3398
-17.49
-15.5343
-10.0284
-15.9812
-19.3213
-11.1109
-13.5797
-17.2421
-19.8855
-7.94897
-10.6313
-11.7699
-9.30678
-17.9404
-12.8851
-14.8791
-22.807
-4.3373
-15.9695
-15.1399
-12.882
-2.12124
-11.4527
-21.8189
-11.7527
-14.9292
-20.0249
-9.74074
-11.8372
-8.17181
-8.33562
-23.191
-10.1721
-8.33242
-19.4923
-11.7699
-15.3476
-17.2726
-9.2864
-15.0952
-12.3337
-12.4795
-13.24
-9.55483
-19.6991
-12.8425
-14.4469
-11.8672
-18.983
-23.1101
-21.289
-13.2359
-17.8402
-6.76902
-8.71493
-11.7542
-19.0753
-10.2649
-17.7531
-16.0025
-17.5602
-17.2623
-23.2363
-13.8336
-13.2526
-25.7615
-22.4116
-11.5158
-12.6074
-18.9837
-9.79691
-12.5644
-20.3801
-19.5346
-15.4261
-22.3322
-14.4683
-12.8886
-9.99253
-9.87217
-16.0174
-13.5974
-11.6808
-8.86528
-13.3335
-8.18316
-9.22008
-17.5912
-12.6008
-10.4577
-10.624
-14.4927
-11.6193
-4.73662
-13.1335
-11.3071
-16.4231
-19.3398
-15.5592
-3.15054
-20.3615
-9.46704
-14.6733
-18.8366
-13.2852
-16.3936
-17.4285
-16.8777
-8.97827
-9.94289
-7.46846
-12.2437
-14.6988
-13.4789
-16.2651
-12.4526
-5.91539
-13.6855
-12.0176
-6.99195
-24.7924
-22.8377
-14.1378
-4.76974
-17.4108
-13.7654
-10.7902
-12.3799
-19.3649
-21.6624
-19.0185
-4.86907
-16.7961
-17.3039
-12.6989
-16.9018
-15.9179
-22.3943
-10.6851
-13.6158
-15.9592
-15.0782
-11.7691
-5.6585
-14.2168
-19.286
-4.32072
-11.7863
-13.0436
-18.8106
-8.8136
-13.9266
-15.2866
-11.7504
-12.6419
-16.0968
-10.5434
-18.9657
-9.69768
-14.9889
-14.6999
-12.222
-22.2828
-12.208
-17.0852
-10.911
-8.62009
-9.47478
-10.623
-14.5233
-13.8927
-15.6362
-15.7712
-18.6136
-12.6682
-12.5713
-15.1812
-18.5401
-11.5361
-8.47684
-11.4246
-17.1775
-15.4641
-1.76366
-14.9335
-21.0345
-6.05659
-15.9029
-15.4884
-9.87047
-11.4208
-14.2226
-14.1737
-13.8682
-12.8498
-9.52338
-18.1637
-2.57745
-17.5616
-11.4976
-16.0988
-7.26813
-11.4005
-14.1629
-11.009
-8.31031
-19.8574
-12.2189
-9.12838
-13.6245
-11.9458
-6.73736
-13.1287
-16.9396
-21.6398
-9.98128
-16.8163
-11.4266
-4.36837
-15.8492
-9.88109
-11.9947
-12.8446
-11.5971
-11.1461
-18.3171
-11.3486
-20.9337
-15.3592
-9.86141
-7.12763
-12.9853
-15.5418
-13.8816
-13.7553
-15.2002
-12.6452
-13.6837
-7.50495
-13.9207
-21.1184
-19.8285
-16.2211
-12.2479
-8.54012
-16.9253
-12.6543
-8.21035
-12.7642
-11.2726
-8.30704
-8.23669
-19.118
-12.2697
-11.1673
-10.7895
-13.8635
-7.68536
-15.5703
-10.3936
-19.556
-11.9074
-10.7478
-12.9024
-6.03508
-19.8748
-19.1932
-9.63554
-11.0541
-8.88262
-23.9521
-10.3726
-14.1107
-11.8511
-5.18277
-11.5499
-15.0437
-11.731
-16.1695
-14.3071
-8.75802
-16.0517
-13.5521
-16.4118
-16.5694
-14.3056
-7.54696
-12.4994
-19.1544
-11.0138
-13.9776
-19.001
-15.1165
-15.7004
-19.9054
-9.18187
-7.46486
-17.3798
-12.527
-9.6098
-19.6469
-16.6901
-5.2437
-11.5529
-7.60725
-13.2993
-14.0858
-21.0042
-12.6171
-15.9766
-16.2227
-17.7339
-0.382245
-15.697
-19.2389
-14.6425
-12.4264
-16.3432
-11.4134
-10.2425
-16.6877
-18.3719
-20.3062
-11.91
-17.3478
-9.17797
-14.9308
-9.94879
-9.26017
-9.59192
-16.744
-18.7187
-16.6628
-10.2311
-16.3613
-18.0896
-8.49303
-14.6105
-12.9331
-10.8966
-9.47101
-14.7035
-20.8034
-8.74753
-14.1331
-12.5318
-16.0408
-14.1405
-21.272
-17.8315
-14.247
-16.4664
-9.29586
-15.4195
-7.43519
-14.0569
-11.8991
-20.885
-13.9188
-7.80142
-7.76344
-12.7181
-10.7076
-17.4115
-12.4431
-15.8734
-19.3088
-8.89094
-4.09492
-9.96847
-14.9942
-15.4074
-12.8397
-10.2986
-7.24697
-17.1232
-10.649
-15.3309
-16.3586
-12.4766
-12.5021
-12.1965
-15.3689
-12.4658
-8.28838
-15.0347
-21.7224
-18.4816
-10.0985
-11.5185
-18.6377
-12.1622
-16.2113
-11.4575
-12.9737
-7.20977
-15.7214
-7.8104
-12.3484
-12.5593
-11.1812
-16.3922
-17.5543
-17.5503
-12.5501
-16.0062
-10.1392
-17.449
-10.769
-13.3361
-18.9781
-13.6148
-16.2918
-12.8632
-12.2797
-13.082
-8.29241
-11.5897
-19.8227
-15.5558
-8.35249
-20.8326
-6.70394
-9.11847
-21.0439
-21.1795
-15.5704
-13.5716
-11.0503
-4.5241
-24.1137
-12.6526
-21.2082
-15.145
-10.7312
-16.7915
-11.1583
-12.2739
-12.3954
-13.9396
-14.0795
-14.0913
-22.0346
-11.4662
-11.4379
-14.075
-5.04336
-18.918
-10.8292
-7.64494
-9.27435
-14.1627
-16.0332
-21.4146
-5.00576
-11.2263
-15.5804
-8.96338
-10.7993
-10.4046
-7.93615
-12.2164
-10.2286
-9.59788
-11.429
-6.62552
-14.2166
-17.4474
-13.4588
-13.0626
-8.92188
-21.7163
-13.0306
-11.5683
-15.0337
-12.4979
-12.8858
-19.3779
-17.2555
-14.6678
-13.9585
-15.7087
-20.2322
-9.64391
-25.4704
-9.95631
-18.5125
-12.903
-18.0972
-21.8655
-12.6552
-16.8823
-9.52375
-18.3654
-17.4059
-7.6073
-14.9403
-8.95666
-15.9354
-8.62846
-15.0933
-17.5994
-9.09677
-9.57872
-20.3199
-10.7289
-15.861
-10.8079
-11.6727
-19.3315
-6.32633
-13.6262
-11.0909
-13.819
-7.31152
-19.6573
-10.9049
-12.3442
-13.1491
-12.7909
-12.8439
-14.4672
-14.6221
-18.1784
-10.6732
-10.3877
-18.8371
-9.04522
-16.1922
-10.9084
-16.7646
-15.0938
-18.5098
-17.0601
-5.27079
-19.7124
-13.3006
-19.9058
-14.4765
-9.46778
-5.96395
-17.8314
-20.8447
-11.7497
-6.72799
-9.05464
-18.6865
-17.9363
-14.886
-14.8249
-15.2985
-9.38462
-15.8797
-11.9011
-9.21255
-15.4292
-9.59047
-16.697
-10.6969
-17.8195
-10.8018
-8.66032
-14.2483
-22.6602
-17.3823
-8.51903
-10.5043
-15.491
-25.557
-11.609
-13.5499
-7.92361
-24.0208
-17.5924
-17.743
-20.6304
-6.31725
-22.2335
-8.64054
-17.8887
-13.4546
-7.09743
-17.5366
-11.7308
-11.3386
-14.2104
-9.09558
-11.6294
-22.427
-12.9642
-13.7788
-17.7514
-13.7503
-17.5029
-11.8123
-17.706
-8.84372
-7.7953
-21.3327
-17.1496
-13.1953
-18.2433
-16.1099
-15.1751
-5.53971
-11.132
-20.5821
-19.1731
-8.77341
-16.6496
-13.9705
-10.7257
-12.4578
-20.8726
-12.9446
-13.3321
-8.57385
-15.5135
-8.72466
-21.3238
-21.1005
-17.532
-7.97094
-8.43466
-16.2205
-0.402963
-11.7424
-11.9421
-15.8815
-10.3918
-8.65347
-14.5703
-15.5196
-4.90565
-2.69417
-13.0273
-9.55376
-11.5285
-8.08887
-7.74662
-15.5904
-8.38123
-21.5449
-5.5047
-10.8569
-15.1888
-8.58876
-15.841
-14.2804
-15.1517
-17.6498
-15.9935
-9.87801
-12.1847
-11.9029
-18.6035
-16.126
-6.09497
-17.2828
-11.2511
-21.8289
-16.2466
-8.47251
-18.0348
-9.40731
-3.69531
-14.2573
-3.12144
-15.9566
-14.7191
-22.7573
-15.3791
-11.9018
-19.3574
-13.2038
-13.9451
-6.98964
-17.3643
-10.1938
-17.4057
-7.49526
-10.9504
-22.0215
-13.5582
-16.6391
-8.08001
-14.4791
-17.1824
-17.0088
-12.0112
-15.8144
-13.8905
-19.3725
-7.39497
-9.05567
-12.3516
-17.1268
-11.8418
-9.08796
-12.5389
-12.8245
-11.5949
-10.5814
-5.04301
-7.3717
-13.3319
-10.3866
-11.2057
-20.2556
-18.9794
-15.4098
-21.1912
-11.5592
-10.68
-8.51203
-15.6135
-11.7918
-10.745
-18.8055
-15.5679
-9.80071
-11.696
-17.3412
-7.62014
-9.89121
-18.7964
-13.5661
-12.803
-14.2321
-16.91
-9.47324
-11.7456
-2.49931
-12.5607
-14.0899
-5.5855
-16.6205
-15.0655
-9.22006
-10.0214
-9.36354
-16.6972
-12.4005
-19.7158
-22.3418
-14.6276
-17.0042
-12.0259
-12.7861
-14.21
-21.1635
-10.8488
-8.31977
-14.9035
-12.8297
-13.4421
-12.8362
-13.3403
-16.2933
-14.3973
-11.7749
-4.03148
-15.6614
-19.3996
-15.1078
-17.8357
-11.2121
-13.6721
-12.9789
-21.2657
-11.3168
-15.5983
-10.9494
-6.57154
-6.81407
-13.8971
-13.3621
-20.9869
-6.88351
-13.1189
-13.998
-13.9315
-10.5772
-19.2856
-16.0408
-7.10494
-9.31455
-14.2629
-17.497
-17.1291
-11.7196
-15.8961
-11.2844
-15.7685
-17.6757
-14.7621
-16.5376
-2.33315
-19.8276
-15.943
-12.1299
-13.4367
-15.8559
-5.02968
-14.8101
-15.2542
-12.51
-17.6753
-15.9201
-11.0585
-17.2569
-17.4539
-17.3873
-23.7277
-11.9081
-12.576
-10.9459
-8.9829
-7.4603
-7.22675
-12.1498
-14.2501
-13.4981
-12.1199
-9.08962
-5.70256
-14.0898
-6.17592
-17.1931
-20.6478
-27.9996
-8.87817
-16.0997
-14.4955
-15.0814
-13.6257
-14.6905
-19.3061
-6.51457
-15.1121
-15.0589
-7.32527
-11.5401
-10.2784
-14.4344
-15.413
-21.8157
-13.9197
-10.8905
-17.704
-16.3634
-15.3883
-15.3899
-12.948
-12.5342
-18.2059
-10.176
-7.96223
-10.3599
-7.57278
-8.16403
-14.8438
-10.1736
-8.27487
-13.2219
-11.4837
-12.7215
-13.9681
-6.28312
-11.7426
-13.8629
-10.4496
-13.6462
-12.8833
-15.5698
-13.9758
-11.4389
-19.5297
-3.62967
-14.5376
-11.3167
-21.0455
-21.2082
-17.5847
-14.5554
-13.2317
-12.3034
-14.467
-12.118
-11.0417
-19.5895
-13.9718
-16.5155
-9.48499
-13.0854
-13.8146
-9.89499
-10.1798
-14.9219
-14.968
-14.5724
-11.3527
-13.4675
-15.4264
-8.55973
-7.95291
-11.6541
-9.64187
-12.2354
-12.0741
-13.738
-9.06406
-13.5255
-8.96479
-18.3732
-9.35256
-12.3504
-6.57768
-14.2437
-12.3831
-18.7084
-18.1775
-5.61674
-6.99836
-10.3321
-18.2743
-9.65917
-10.2165
-9.71648
-12.2239
-23.4618
-12.9924
-12.3578
-9.31334
-6.50146
-20.8827
-4.04809
-17.6758
-19.5991
-13.5136
-11.8864
-10.2901
-22.9073
-8.98871
-12.007
-16.7995
-22.6599
-11.5892
-16.2804
-11.2298
-11.9079
-7.58698
-16.9508
-12.5223
-17.5453
-12.1545
-12.1306
-15.8738
-9.91115
-15.3051
-9.76344
-14.9252
-14.1357
-17.5798
-9.85946
-13.6209
-11.1954
-9.60706
-9.53931
-14.7789
-13.2805
-15.8486
-16.5093
-16.3609
-13.1508
-21.0211
-18.241
-9.1735
-12.5468
-11.4415
-9.66866
-21.9349
-11.863
-14.7433
-15.5014
-15.3563
-16.047
-21.8168
-11.6976
-8.75465
-5.39988
-21.5417
-10.9352
-19.5547
-15.0469
-9.3821
-10.6771
-19.4507
-11.6021
-9.33431
-17.1821
-8.74288
-13.6927
-14.0855
-15.4127
-11.9705
-16.0962
-16.125
-11.6433
-0.264483
-15.2415
-16.3582
-15.4578
-13.1686
-5.65082
-15.2193
-14.7376
-11.6211
-17.676
-11.107
-9.70417
-17.2662
-14.9324
-15.4571
-5.71316
-15.0882
-20.5279
-14.3407
-13.2104
-12.6749
-14.8441
-16.0911
-13.2352
-14.0001
-17.5429
-10.72
-10.2733
-9.7394
-10.8954
-5.55627
-13.6326
-14.2391
-7.96938
-11.3268
-12.1935
-9.02803
-8.93999
-17.625
-11.1001
-24.6639
-12.8648
-15.4568
-19.4053
-17.8359
-9.91417
-7.30141
-18.9213
-19.4377
-13.5984
-12.4002
-19.0587
-19.0839
-14.6355
-22.895
-18.3284
-4.84253
-14.714
-10.7937
-12.5305
-18.349
-16.6034
-20.346
-13.5517
-10.7064
-7.49614
-14.9634
-14.4054
-12.5108
-12.1026
-9.57242
-12.4886
-7.07416
-8.65743
-11.6717
-21.1724
-6.08501
-17.8362
-12.9053
-11.017
-21.3096
-10.6116
-11.8902
-15.8893
-13.3065
-20.3549
-12.4409
-15.6243
-11.0753
-12.4305
-19.0269
-14.2038
-15.0317
-9.09862
-5.8724
-19.5505
-12.5996
-8.33825
-10.8671
-13.0513
-8.39164
-15.0419
-22.0201
-21.5864
-13.3857
-16.7553
-19.7235
-14.0714
-19.9013
-10.8154
-13.2348
-8.2106
-15.7581
-16.8536
-9.7791
-17.106
-13.16
-8.58647
-14.6299
-9.62494
-17.1079
-10.7672
-18.2585
-14.6151
-17.3938
-5.09941
-6.91518
-8.71605
-13.1544
-10.8217
-11.5378
-12.1032
-10.8599
-10.8692
-19.8285
-7.94698
-13.6908
-15.9282
-20.7418
-14.199
-9.51704
-9.79138
-13.7656
-9.15461
-16.4708
-9.06473
-8.60697
-9.62661
-10.2497
-12.7179
-13.1372
-13.4376
-11.1662
-21.0889
0.157633
-14.8275
-13.7515
-12.1332
-2.13395
-11.0172
-10.0717
-12.215
-15.2973
-13.3902
-14.089
-12.8121
-12.0192
-13.8231
-7.06065
-14.8966
-13.0359
-17.4972
-14.4792
-14.108
-13.0948
-18.1438
-10.5786
-13.4154
-24.7191
-7.93954
-17.688
-24.789
-10.4036
-5.02663
-7.69678
-10.2954
-15.6545
-11.9231
-9.41127
-15.7447
-4.1321
-9.22342
-11.3932
-19.7444
-18.1358
-20.4924
-7.7101
-10.358
-12.9678
-11.7769
-6.0634
-8.43311
-11.2805
-19.1415
-12.8649
-8.39129
-10.0386
-2.27031
-7.00796
-17.6561
-5.72703
-15.3453
-20.6193
-13.7097
-8.1693
-7.75476
-14.7575
-13.4942
-18.7144
-9.11524
-11.2744
-15.6039
-19.4522
-11.7725
-8.04198
-14.1624
-19.6497
-11.8223
-8.45236
-19.1886
-7.37898
-11.1501
-5.74409
-22.0575
-15.7978
-7.6558
-5.62248
-16.0312
-12.2261
-8.17504
-16.5551
-17.0005
-10.7844
-9.34919
-11.4554
-18.2235
-8.4873
-13.3586
-14.7254
-11.2889
-11.2008
-19.1752
-6.27736
-12.5184
-17.3162
-14.5729
-11.4502
-13.8528
-19.5087
-21.8584
-8.0203
-12.9375
-9.95636
-12.3895
-6.95198
-10.5141
-15.4472
-13.0567
-16.1307
-12.1428
-15.1138
-13.407
-5.98695
-15.6734
-14.6531
-14.9287
-4.81963
-9.52536
-8.95704
-23.5626
-21.5792
-10.1303
-25.1644
-8.61744
-5.72319
-17.9045
-9.03921
-10.2508
-12.7501
-5.62227
-15.5813
-13.8605
-13.3789
-8.95464
-10.0831
-12.3557
-8.34878
-10.0014
-7.71802
-12.8353
-11.3253
-18.7811
-9.21711
-21.9016
-19.4609
-13.052
-20.008
-19.8248
-8.04124
-12.2502
-11.5427
-10.8909
-6.81236
-14.8661
-14.9678
-12.8762
-21.185
-13.5083
-11.5905
-19.0884
-5.77299
-7.57534
-17.4251
-21.5377
-11.5122
-20.6091
-11.6315
-17.2891
-15.868
-11.4164
-16.037
-18.0632
-14.2389
-19.936
-16.3514
-3.45704
-15.6523
-23.269
-15.4105
-14.4221
-19.9278
-13.4181
-9.15361
-9.54188
-18.7218
-12.8402
-15.0329
-11.7075
-21.0131
-13.8463
-9.90966
-10.147
-18.8286
-5.63336
-4.26486
-6.98665
-19.2885
-11.0842
-14.8967
-20.1977
-16.0762
-11.5975
-15.2398
-15.3847
-16.4714
-20.4892
-7.3437
-13.97
-17.0787
-21.0804
-22.6009
-15.4475
-13.3442
-6.1692
-9.45508
-7.50853
-11.9942
-9.09101
-13.9339
-14.0266
-11.6202
-15.7644
-12.9739
-15.3647
-10.3669
-11.3049
-12.8565
-12.7251
-10.8403
-16.7819
-10.403
-17.6132
-19.8016
-15.145
-16.456
-14.746
-12.6789
-16.7383
-13.9194
-20.6082
-16.0864
-10.2197
-11.3721
-12.5235
-20.5288
-14.6723
-15.8641
-21.732
-14.7534
-22.1407
-17.7195
-12.0174
-19.8031
-18.9303
-5.24876
-9.27516
-9.5855
-5.83042
-11.8965
-16.0458
-12.389
-18.4222
-7.73117
-7.57159
-15.6088
-15.9839
-17.0493
-9.88023
-12.8801
-18.0148
-22.8097
-14.3487
-19.3187
-9.33915
-12.0546
-7.60666
-5.1218
-20.0907
-12.4363
-15.3998
-13.3967
-12.4013
-10.2628
-13.504
-16.8683
-6.29964
-16.5735
-13.7101
-14.1676
-11.8805
-19.8716
-15.7243
-10.9364
-20.2254
-4.68392
-11.8819
-23.9899
-12.6382
-13.9482
-9.71586
-18.1852
-6.16107
-9.63187
-9.21254
-17.2177
-11.7522
-12.3225
-8.11385
-8.83963
-10.5417
-13.3197
-27.5586
-6.71357
-8.73866
-14.3081
-10.4879
-13.9429
-8.11033
-11.3521
-22.2506
-14.7067
-10.2585
-17.6822
-14.9921
-8.37569
-22.9045
-13.1186
-8.50895
-10.6491
-12.4448
-8.4387
-25.0454
-12.0498
-10.6974
-18.6231
-14.5364
-16.279
-18.495
-15.4191
-8.74621
-16.0592
-14.2378
-15.18
-20.2986
-7.16975
-12.8469
-10.936
-11.454
-18.8016
-4.59191
-9.31704
-15.2309
-6.0397
-10.9671
-12.4657
-14.5599
-5.61415
-8.83864
-10.1115
-23.9602
-5.41844
-13.321
-5.08952
-13.9028
-16.8655
-17.8741
-11.1033
-19.082
-14.788
-20.4664
-9.13176
-18.9793
-10.7481
-7.60522
-17.253
-14.8697
-5.24487
-11.0079
-26.9384
-10.9505
-13.93
-17.3927
-15.7795
-13.3838
-14.3538
-6.73414
-18.0461
-21.1925
-10.3995
-10.6433
-15.3363
-11.3523
-14.6116
-18.4773
-16.5255
-16.0583
-19.8644
-15.0302
-5.58734
-12.8744
-7.54945
-7.60973
-12.1613
-9.16129
-12.3566
-10.8717
-3.01506
-11.9723
-18.1888
-8.53461
-14.1503
-8.46011
-13.7698
-12.4639
-13.1235
-2.80178
-6.89349
-8.9217
-15.4661
-17.1288
-10.6977
-16.068
-5.633
-11.2998
-11.1003
-11.4246
-12.2721
-10.9394
-9.84422
-23.3106
-19.105
-8.92628
-15.7613
-4.19602
-18.2537
-13.3903
-13.2525
-12.3041
-12.5462
-14.537
-4.74464
-15.0681
-16.4849
-14.4972
-14.6448
-10.6234
-13.1244
-13.3466
-16.3049
-19.1201
-7.11831
-17.3019
-11.6238
-18.8053
-21.138
-19.3462
-10.2987
-14.9521
-14.879
-12.4369
-12.0035
-15.5619
-19.9544
-13.2108
-8.07074
-11.976
-14.7595
-12.9708
-9.60302
-2.16645
-12.2515
-11.6298
-22.9805
-12.4233
-11.2066
-13.5225
-6.23005
-16.0885
-11.0428
-12.6275
-15.1595
-14.226
-18.1516
-13.2076
-16.2439
-11.1764
-9.90549
-11.989
-14.5945
-15.2346
-15.6539
-10.2206
-18.6591
-11.9225
-15.7471
-12.821
-8.4659
-14.3137
-16.8303
-13.5778
-10.6381
-12.5917
-10.8608
-13.9797
-9.7817
-14.226
-13.8244
-13.8426
-9.57403
-11.6721
-18.7186
-19.7475
-15.6472
-13.2141
-15.0413
-10.5113
-9.46009
-10.977
-13.9693
-4.46223
-11.4194
-18.3261
-8.43517
-13.3507
-14.9468
-13.3043
-12.644
-12.1812
-9.17117
-12.9834
-11.4995
-19.5243
-18.6139
-15.0229
-10.0066
-11.9116
-4.89285
-17.2647
-11.3841
-9.3664
-4.13437
-14.6574
-6.93608
-15.7543
-22.209
-25.2352
-14.6671
-14.4605
-11.3096
-7.06533
-13.4775
-17.6172
-15.0241
-8.83119
-14.2926
-22.0196
-11.3456
-2.54784
-20.3263
-16.4295
-11.0597
-15.1643
-16.4239
-10.181
-12.5382
-10.5185
-21.7951
-10.8498
-15.5519
-15.1928
-11.0311
-16.1108
-10.6636
-5.83815
-21.7233
-21.9701
-11.7034
-15.6425
-4.97073
-3.67819
-17.1798
-13.941
-11.7407
-13.6503
-13.6751
-17.4762
-12.4038
-20.5327
-13.3936
-16.6858
-11.4931
-15.8139
-20.3947
-11.0945
-19.3072
-16.5586
-11.6147
-15.5092
-25.1559
-6.54691
-8.01479
-18.367
-21.1246
-10.0544
-21.0293
-12.0071
-13.2638
-16.9247
-14.4569
-12.1013
-13.642
-15.5891
-16.4897
-12.6412
-14.8558
-13.3845
-14.6468
-10.306
-13.8027
-6.26799
-17.7091
-17.5792
-11.7808
-17.3494
-12.3053
-21.0143
-8.06364
-18.7944
-11.8219
-10.9716
-12.6751
-14.1495
-15.0612
-17.0917
-24.6364
-6.35365
-11.0057
-15.2692
-8.06983
-7.91628
-5.1818
-10.26
-13.1476
-7.91326
-17.5362
-8.56043
-12.1208
-4.30445
-14.525
-14.7755
-11.9369
-11.173
-10.2519
-23.6105
-8.68726
-20.7816
-16.7773
-10.07
-10.8675
-13.7048
-17.0258
-20.2704
-16.0495
-12.8952
-13.838
-16.4947
-11.9922
-16.9395
-12.8969
-19.8139
-11.4864
-15.3582
-12.4639
-8.14549
