-1.58541223 0.05990102 -4.02911076 0.99641187
3.63784644 0.79292885 2.24892018 0.37126384
4.26395501 0.63953762 -3.61060437 0.59099163
-2.18694961 0.70094943 2.46382441 0.50866989
-0.51083339 0.06705209 -4.20112192 0.99550402
4.33657948 0.15223561 -4.57370422 0.97682432
3.71642951 0.22826984 1.66543351 0.94789288
-3.03979114 0.09151213 1.69977099 0.99162553
4.56518674 0.74206489 2.80484050 0.44933969
4.03244971 0.11715047 2.91676688 0.98627577
1.22817865 0.37909418 2.91467881 0.85628760
5.41594961 0.03679575 2.68571389 0.99864607
-1.92110731 0.88598484 1.83379459 0.21503086
-2.72870340 0.20173457 2.02584115 0.95930316
-1.83842033 0.09125051 2.51222909 0.99167334
4.24383977 0.75725385 2.65741568 0.42656661
3.98285011 0.73059528 -4.17086405 0.46623054
3.93884705 0.88409853 1.94304371 0.21836979
-2.46597721 0.85760590 3.36032013 0.26451212
4.50091630 0.68958167 2.70018365 0.52447712
-1.78988859 0.37257984 2.91271809 0.86118426
-2.31334320 0.87778073 -3.99703978 0.22950099
-4.73752420 0.09588820 -3.55568526 0.99080545
5.10720571 0.97755425 3.10631060 0.04438768
0.84698034 0.00650381 -3.51849196 0.99995770
-2.56202132 0.32013071 2.36771923 0.89751633
-1.55826015 0.37750825 2.73103506 0.85748752
4.38550579 0.95654066 -3.32212773 0.08502996
-2.30959516 0.24188212 1.96060244 0.94149304
4.53400746 0.08384211 -3.99509862 0.99297050
-2.35351794 0.57381818 2.70321441 0.67073270
4.19374354 0.07832011 2.33483012 0.99386596
-1.78148780 0.54647682 -3.28630267 0.70136309
3.58198979 0.11098066 -3.62122673 0.98768329
-4.73925436 0.13328849 2.84968012 0.98223418
-1.50397856 0.76362946 -3.10372307 0.41687005
4.45998197 0.43406713 -3.34484226 0.81158573
-1.81708991 0.80281299 -3.75053041 0.35549131
4.53858726 0.79772728 3.01962547 0.36363119
-1.54520582 0.29850378 -3.60542464 0.91089550
2.76681275 0.29213521 -3.96980300 0.91465702
-2.26286720 0.92621803 2.39896856 0.14212017
-4.03657116 0.03000209 2.40321103 0.99909987
-1.85965215 0.40986524 -3.78835328 0.83201048
4.56436619 0.54700062 -3.40972788 0.70079032
4.25786653 0.64748611 3.04409826 0.58076174
-1.46286754 0.71969314 -3.16700982 0.48204178
-1.55415429 0.69119286 3.06398478 0.52225242
-1.73795796 0.82680413 2.41347858 0.31639493
-1.66052023 0.11807642 -3.86640909 0.98605796
4.67577074 0.42634446 -3.45179411 0.81823041
5.00861643 0.18124349 -3.37289325 0.96715080
4.22594806 0.49427736 -4.23021097 0.75568989
4.14979145 0.96046921 -4.92911400 0.07749889
-1.97485955 0.98373051 -4.66292191 0.03227428
4.79913796 0.92161360 -4.11870730 0.15062837
-1.74525813 0.97385704 -1.65050739 0.05160246
4.21388316 0.85030689 2.50389536 0.27697820
3.84728410 0.23780332 -3.50816009 0.94344958
4.15793109 0.46319166 2.75944608 0.78545349
3.36411199 0.39249187 1.88329719 0.84595013
-1.32556330 0.09601355 -3.46766469 0.99078140
-2.00573964 0.87195844 2.92506588 0.23968847
4.42409329 0.47136743 2.77233965 0.77781274
-0.51120173 0.00000000 0.08466589 0.00000000
2.38624991 0.00000000 -3.87041917 0.00000000
-5.18842977 0.00000000 6.17587827 0.00000000
-0.32589420 0.00000000 -2.91052067 0.00000000
4.41845721 0.00000000 2.30945063 0.00000000
-3.91309461 0.00000000 -2.71962805 0.00000000
3.77789917 0.00000000 1.40124208 0.00000000
5.58307557 0.00000000 -3.58753038 0.00000000
0.79095708 0.00000000 -2.27434810 0.00000000
4.27113292 0.00000000 6.07821280 0.00000000
-5.78474959 0.00000000 1.27584084 0.00000000
2.29139832 0.00000000 2.92747162 0.00000000
-5.91804881 0.00000000 -3.17024144 0.00000000
-5.04505445 0.00000000 0.53032627 0.00000000
2.24509797 0.00000000 -1.80593656 0.00000000
-5.18997769 0.00000000 6.21445063 0.00000000
-2.21548031 0.00000000 2.64541080 0.00000000
-1.24046774 0.00000000 -0.85546637 0.00000000
-4.18547377 0.00000000 5.88687320 0.00000000
4.22524963 0.00000000 3.67412997 0.00000000
1.52327667 0.00000000 -3.01409621 0.00000000
-2.72766677 0.00000000 6.14636259 0.00000000
6.20490244 0.00000000 -2.33715401 0.00000000
-0.47503158 0.00000000 -1.52103891 0.00000000
4.56902580 0.00000000 3.98233204 0.00000000
4.58694569 0.00000000 5.46930093 0.00000000
-5.73668077 0.00000000 3.63029141 0.00000000
4.41630980 0.00000000 -4.77026142 0.00000000
5.45194424 0.00000000 1.87004365 0.00000000
-2.94450166 0.00000000 -3.37714929 0.00000000
-2.79142219 0.00000000 4.42664696 0.00000000
5.42812998 0.00000000 3.46564281 0.00000000
2.22299241 0.00000000 4.45635653 0.00000000
-0.39517776 0.00000000 0.85026094 0.00000000
6.06942589 0.00000000 3.79154883 0.00000000
4.34009633 0.00000000 -3.32355834 0.00000000
3.42772002 0.00000000 -6.19413335 0.00000000
-2.09090129 0.00000000 4.68784065 0.00000000
5.94673684 0.00000000 -2.53145087 0.00000000
-5.87453366 0.00000000 4.16069556 0.00000000
-1.93002499 0.00000000 2.06765153 0.00000000
0.79037688 0.00000000 -5.77927467 0.00000000
2.57464749 0.00000000 -1.38764348 0.00000000
1.83267300 0.00000000 -1.89357149 0.00000000
5.05433697 0.00000000 -4.80165670 0.00000000
-2.90812814 0.00000000 -0.98546791 0.00000000
-5.51560723 0.00000000 2.39834253 0.00000000
3.53992577 0.00000000 -3.21332490 0.00000000
-6.22143089 0.00000000 -4.61296946 0.00000000
3.19087714 0.00000000 0.10759887 0.00000000
-1.00255527 0.00000000 -4.25844099 0.00000000
4.37110947 0.00000000 -2.82273130 0.00000000
3.49434593 0.00000000 3.25348202 0.00000000
0.52386562 0.00000000 3.61418952 0.00000000
-0.44430461 0.00000000 3.26544193 0.00000000
-6.12662385 0.00000000 -3.47898343 0.00000000
0.80565377 0.00000000 -2.52567570 0.00000000
-0.67518753 0.00000000 5.14237123 0.00000000
-5.83870687 0.00000000 -3.55597982 0.00000000
-2.59952196 0.00000000 -5.91339417 0.00000000
-6.01996913 0.00000000 4.51880958 0.00000000
-2.12153505 0.00000000 0.71041807 0.00000000
5.33731413 0.00000000 -4.34024396 0.00000000
1.41250480 0.00000000 -2.33058166 0.00000000
1.45783155 0.00000000 5.60271563 0.00000000
-0.13415644 0.00000000 3.12638820 0.00000000
5.50485387 0.00000000 1.96890636 0.00000000
3.18533739 0.00000000 2.64038533 0.00000000
-5.15127142 0.00000000 -1.62087666 0.00000000
-2.13130206 0.00000000 3.05452860 0.00000000
0.91837957 0.00000000 -4.31633429 0.00000000
0.07302298 0.00000000 -4.06228585 0.00000000
2.29241027 0.00000000 -1.11231067 0.00000000
-0.26976740 0.00000000 -0.55095313 0.00000000
0.39744786 0.00000000 5.24782299 0.00000000
5.78988283 0.00000000 -0.49566785 0.00000000
3.23335677 0.00000000 -5.21991820 0.00000000
0.47331442 0.00000000 2.78863990 0.00000000
-0.75785021 0.00000000 -1.16413132 0.00000000
4.21140967 0.00000000 3.28466092 0.00000000
