-2.52054860 -4.70217423
-3.66276578 1.69019432
-2.03977717 -4.21425067
4.43115733 1.99409333
-1.57270028 2.21160630
-1.08605812 -3.57414159
-1.67266610 -4.26804678
-1.55886620 3.23888649
-1.30294338 -2.46514922
-0.22092501 -2.01080254
-0.87412231 -2.78804849
-1.04196106 -3.18275539
-1.97049074 3.50274041
4.65230833 -3.64029939
4.13726890 -2.93302926
-3.05987146 -3.38680756
-2.56101370 -3.94625833
-3.50101784 1.80027985
-2.41685715 -3.74955530
4.13769010 3.25808516
-1.66591435 1.64750222
4.33116813 -3.34586848
-2.68369105 3.40906221
-2.61309265 -3.52251389
-2.28689041 3.09193725
-1.31168263 -2.76186848
4.03271152 -2.47923233
-0.94041588 -1.10784915
-1.87234265 -0.84810534
-0.47426125 -1.72476054
5.12447735 -3.41953266
-0.79804652 4.35612782
-1.40039931 -2.72804428
-1.57989024 -3.32263886
-1.84273874 -3.02643732
-2.23665599 -2.96202721
-2.34081206 3.86571105
-1.39993430 1.91634325
-1.63464070 2.66955963
-1.80363681 2.34016534
-3.15007366 1.91293516
-2.48144097 1.10407807
-3.36806658 3.38669253
3.53328510 -3.83154729
-3.28155719 -0.37306351
4.56950539 5.67151896
4.88925831 -2.46362347
-0.89961866 4.87134281
-0.31074815 1.25245500
-2.13533735 2.66067830
-0.65058946 3.32453803
-0.33688792 3.30334355
-0.69412861 3.93513879
-1.34733913 -2.60071061
-0.87598742 -2.62906045
-1.83059465 -3.03803501
4.59465084 -3.24460180
-1.53594647 -2.90730794
-1.49863888 3.31066635
-3.50419187 -4.78422080
-1.89977474 -4.65783617
-1.90202617 2.33415975
-2.32877196 -3.75462921
-2.72206321 -2.37997616
-1.29139080 -2.28731259
0.72026310 3.56614606
-0.98209862 3.39141699
-1.16990259 -4.11085731
-0.74963338 -2.42837831
-1.76051112 2.71918306
-0.73844197 3.28062521
-0.65238806 4.16164525
-0.66507040 3.65730381
-0.29270868 3.79940351
-0.37029695 3.77334045
-0.46970777 -3.39814758
-1.23638769 3.52801248
-1.39273907 -2.98561013
-0.36040575 2.29348541
-2.77795391 2.05281042
-1.39955230 2.87558390
-1.81079633 3.62554040
4.21692823 -2.74560351
-2.41656331 3.42204296
-2.09553752 4.95187158
3.70824214 -3.19336127
-2.18258217 -3.12408640
-1.53847476 3.03075597
-1.14865358 -2.25954794
-1.69700157 3.84325873
-1.34402981 3.60384737
-0.84961265 -1.81776435
1.35385835 -1.36242316
0.32560517 -1.67326387
0.60683661 -2.58540924
-5.37235347 -3.35221116
-0.49481184 2.96251559
-2.37156094 3.44573542
2.13215831 -4.86942496
-0.31604040 -4.44536892
-0.69106879 3.15080786
-2.74098168 3.76199061
-2.62491673 -3.22959697
-2.69172224 -4.55730045
-2.52414962 -3.72854407
-3.72227264 2.35407973
-2.49733730 1.13883023
-1.93833232 0.09074576
-0.84537758 -1.30280283
-1.31840218 -3.17581503
0.06199987 2.88832408
-0.28998355 3.69497280
-0.87298311 3.54716330
-0.08084305 2.79589496
-0.26646900 -3.67054839
0.62432600 -3.33054914
-1.63724664 -3.58082876
-2.06427981 -3.79357674
-2.14988754 -3.94558712
-1.13844947 -2.84355040
-2.07820987 2.30562351
-2.71155275 1.76814078
-2.10754563 0.87415748
-3.71312249 -4.65753529
-3.22876157 -4.65694522
-2.56371718 -4.03021000
-2.97445193 2.76075930
-1.90476806 1.05365236
-1.99469022 1.59147557
-1.62118455 -3.54250240
-0.51988731 -1.87086256
-1.12842637 -2.34738792
-3.29072640 4.45007863
-0.85629576 4.18801559
0.24549002 -3.54012478
0.14958883 -3.26183443
0.01424365 -3.76824789
-2.03585842 2.72815456
-1.83193488 -3.31086275
-1.40312864 4.04524022
-2.30505046 -4.29296092
-2.40190387 1.56384248
3.94664749 2.99105132
-3.05947499 -3.93649890
-3.20160419 2.62957949
-2.06737042 -4.29902212
-2.67117665 -3.91703012
-2.17917916 -4.46118112
-2.20122447 -4.23569435
-1.52509249 -4.30540968
-2.21179318 5.59674055
-2.50632060 5.53672542
-1.56478780 -1.92613901
-0.69937380 3.03230624
0.54127356 2.46576140
0.44919856 -1.74446859
0.39712049 -2.92370380
-1.21656711 4.04109986
-2.25658505 -3.47319634
-1.93485781 2.79310990
-2.36097638 -3.46694375
4.15216112 2.84337902
-1.81102808 -3.48124041
3.08131965 -3.23919251
-2.78124923 2.60538709
3.52134383 1.74711509
3.75513723 2.02642118
3.32785519 0.63305500
-2.94654606 1.51161052
-2.42748114 5.27953914
-0.56070148 -1.12724264
-1.37152493 -0.92539781
-0.83134714 3.66483392
-0.18756798 3.49163610
1.04898944 2.05727140
0.55136664 1.18354847
2.31952173 1.70581351
-3.34047852 1.23796887
-2.13229318 -4.04247314
-2.86413310 1.93981526
-2.36571846 3.35069570
-2.14893054 2.60020660
-3.10778222 2.25082310
-1.36035529 3.51099819
-1.67589808 2.62322078
-2.23098779 2.12640539
-3.38895994 -4.35233359
-3.78840570 0.94919759
-3.02465756 0.63147035
-2.01756307 -1.14406960
-1.49189298 -1.65211008
-1.78773580 -1.58512300
-1.78070429 -2.12783123
-0.40148085 -2.30531342
0.55859204 1.43851925
-0.06774577 -4.80095247
2.73590310 1.01587849
0.38137379 1.57685019
-1.70667974 1.68055287
3.86747642 -3.48531160
-2.39999227 2.97803985
-2.66083493 2.76224300
-1.97536744 2.74171017
-1.92447599 2.08028551
-1.93929422 -3.58229393
-2.77304498 -3.58126852
1.83378140 -3.41541525
-3.31901017 -4.60064958
-3.50730619 0.18403561
-1.84293266 -0.12952584
-1.55630351 5.31923579
-0.94585753 -1.41419784
-0.25950716 -2.91336754
0.53913097 2.71629311
-0.45692609 -4.18966931
-0.63016300 4.73360091
-0.56213402 1.04001495
-0.72072169 -5.08117705
-2.04850534 2.57316178
-1.21559975 2.99113157
-2.75591442 2.71302483
-2.13027472 1.82942264
-1.27792641 2.41346733
-1.16620192 -4.25246683
-0.30427009 -2.22016249
-2.70014622 -1.92515056
3.96316731 3.67354187
-3.21071543 6.07293738
-2.64006327 -1.46925539
-2.64418341 0.37169047
-2.19123439 0.55184363
-3.81904759 2.50553492
1.59754223 -4.19392817
-4.51272248 -3.54625255
-3.52580523 -3.60074123
-2.00569277 2.32625512
-2.44316173 -3.95520007
-2.61252162 2.40560785
-2.18303694 2.92718323
-1.04777025 2.99914690
-1.65425326 -4.12575341
-0.70627182 1.27965417
-1.31810569 -3.11937280
-2.57049019 3.30148395
-2.73983027 2.88249889
4.26292698 -2.94565258
-1.42322066 -2.97913862
-1.06084869 -0.78478453
-2.13540834 -0.07849701
-2.84834348 0.55710742
4.31163160 0.78617317
3.33377103 -4.04811662
-3.30827094 2.57989320
-4.10688930 2.02023050
-2.68539866 -2.69092821
-1.85111142 2.94134242
3.65293638 2.67049433
-1.56058042 1.98853741
-1.43383416 3.45673156
-0.85436227 2.66554788
-3.35426504 -3.84207140
-2.43197028 2.01298667
-2.83544050 -2.57883433
2.99095165 3.29660298
-3.24260577 2.09836357
-3.48240907 -2.59026551
-1.31910853 -3.26584747
-0.47488760 0.85307306
-2.96297904 1.74019536
-2.47377802 -4.65254270
-1.95104042 0.70932634
-1.97622961 0.36861177
-1.77229637 -4.07549076
-2.84117491 1.64090766
-2.29916782 -4.89457126
-2.05853454 -4.95047467
2.77035970 2.09703570
-1.43509559 1.15293723
-1.77542136 2.47531922
-2.09870049 1.85679240
-2.85196853 2.49862965
-2.31395070 2.86608818
-3.28370894 4.19957124
-4.75243139 -3.97697133
1.55498071 2.48109896
4.35780373 2.01794944
-1.40689672 -2.88747014
-0.47135067 3.85827270
-3.00550067 -4.52450603
-2.60770330 -4.00300220
-2.42619892 1.18172397
-1.51390082 -6.04547250
-1.75764276 0.40878121
-2.15559627 -3.42952321
-2.24521015 -4.11709203
-3.18835328 -4.16499522
3.85404906 1.97882725
-2.06911785 1.63750738
-2.52282413 1.95821116
3.98937769 2.30176594
-1.90423135 -3.54110656
-2.14740700 2.55556487
-2.43642611 3.44034159
1.18308874 2.07014644
1.37424653 1.34117549
-1.19053695 2.00593521
-0.97188161 2.65756849
-0.71688202 -4.02077678
-0.87699769 -1.99149447
-2.12443145 -3.99401521
-1.18932740 2.10783368
-0.97100250 1.22636895
1.98627932 -5.37504292
2.69505739 -5.16655243
-2.76788501 1.06369687
-3.46459100 2.10482444
-2.64485773 -4.19356197
3.91341593 -4.15749188
3.86478459 -4.43256642
-1.94948775 2.31963410
-1.52436769 -3.41084814
-0.38309955 2.36416940
-1.43927874 4.09949137
-1.59821841 2.80827510
2.92517513 -2.28582355
3.02281106 2.51610584
5.24687537 -4.95404147
-1.80363080 2.72946983
-2.09724177 2.87273663
-1.30578154 -3.31434506
-1.80582383 2.65060479
-2.07280059 2.58607214
-2.82995043 1.85839246
-2.95522995 1.33224270
3.32009298 -4.31331784
-2.61989352 2.36177995
-2.96362622 1.09798240
3.70581007 -4.20234487
3.41388610 -4.31493194
-1.82196369 2.79070066
-2.98517657 2.62099783
-2.89817308 1.46082059
-2.92137096 -4.45889323
-1.47022014 -2.96599464
-2.17284124 -2.74868424
3.89381505 1.90803046
-3.08757256 -4.68636828
-2.33096689 2.32455660
-2.01524159 -3.68161045
-2.69601484 2.10051774
-2.73311798 -3.80864101
-1.17764893 -3.99383125
-1.18208919 3.36941074
-2.38395218 0.82306589
3.41795627 3.05598368
-3.26189483 -4.21849248
-3.08595749 -5.14618022
-3.03724647 2.72839978
4.20716548 -4.76636977
4.04422317 -4.59757116
-2.51827404 1.45027741
-3.78190959 3.76448490
2.78136245 2.26849195
3.36666366 2.53708832
-3.16080291 2.52700272
-1.86174703 2.66188805
-1.59495852 3.14656430
-1.54420028 -3.14391506
-0.17549896 -3.42266204
-1.77974396 -2.95645841
-1.73386644 2.17344408
-1.98036117 3.55348421
5.12781727 4.30422900
-2.16917812 5.64741884
-1.98285205 -3.73592758
-2.58686099 -3.94583873
-1.82650107 1.25429464
-2.46986460 2.49432436
-2.82675970 -5.10543808
-2.11079358 -4.23032102
-2.45461110 -2.74720707
-2.92855944 -3.64014297
2.81128462 -5.03906329
-1.76625799 2.02270429
-2.09515847 2.76974982
4.87171698 -3.62766653
-1.46463601 3.05051712
-1.54511717 2.80779568
-1.47100638 -2.87360798
-2.35941069 -3.52590026
0.45018174 -3.36429801
-1.88878485 -2.82305559
-1.42727448 3.48319123
4.52167606 -3.25902895
4.16180468 3.13038039
-2.16793785 -3.55529047
-3.24577561 1.93475856
-2.50128813 -4.84951411
-2.10568288 2.14154958
3.57588594 -3.58248638
