-2.96267978 0.86649516 -5.86669379 0.49918547
-2.21727254 0.02330332 5.40684744 0.99972844
5.15995239 0.21171578 5.78241759 0.97733128
1.38328503 0.82892313 -6.22170323 0.55936254
2.73535718 0.77891256 3.29719222 0.62713254
5.45501239 0.89417665 -0.16322707 0.44771433
-2.74872890 0.37540087 4.87757368 0.92686255
-4.32846577 0.50825285 3.81987374 0.86120789
-5.63209355 0.63697598 -1.52582454 0.77088365
1.18412069 0.57895167 3.99181767 0.81536186
1.94296584 0.08031915 -2.29084879 0.99676920
4.96895510 0.82659585 3.75627733 0.56279597
4.27435278 0.55047653 5.20810541 0.83485064
-0.30234071 0.18037238 -2.19840686 0.98359840
4.76576884 0.63424289 -2.86695882 0.77313385
0.06743207 0.59432216 1.16180952 0.80422706
3.18682601 0.84661485 -2.98809038 0.53220607
-3.18536883 0.68255276 0.00469771 0.73083632
-4.62038602 0.85645929 5.74488807 0.51621457
-5.91988803 0.17513492 -0.87981212 0.98454444
0.51730389 0.82771111 -1.21670767 0.56115445
-5.12118391 0.22522457 -0.96918250 0.97430688
3.48319454 0.73210170 -3.21018493 0.68119535
-2.11640974 0.71586388 4.38319257 0.69823987
-3.19669289 0.85232712 0.97752038 0.52300906
-2.37227662 0.17803924 -5.55335026 0.98402339
5.66736252 0.83521762 -4.44121028 0.54991957
0.56705986 0.70047300 4.95145623 0.71367890
-3.87288725 0.98883780 -3.95782056 0.14899602
-2.99775032 0.18901057 -2.64257740 0.98197505
-1.37944177 0.37763843 -2.08603592 0.92595314
4.61657037 0.88980930 2.94851577 0.45633256
6.13132642 0.97769881 -1.73481215 0.21001200
-2.76167605 0.89237349 5.13665756 0.45129764
1.49650085 0.77538703 3.41202414 0.63148630
4.22375819 0.46448917 -1.23588605 0.88557880
-2.92409074 0.88664118 1.31694957 0.46245802
-3.18137234 0.34029258 -3.44582778 0.94031961
-1.05049516 0.85001364 -0.15260658 0.52676069
0.19390510 0.99769133 5.74688729 0.06791171
-2.78434936 0.97916550 4.79870157 0.20306384
3.41670193 0.78452971 3.75597337 0.62009123
3.03912679 0.65426496 3.24408484 0.75626540
-3.49557545 0.59334240 2.69317734 0.80495018
1.07844707 0.80668231 4.26784129 0.59098533
-3.41967870 0.67992607 4.83795706 0.73328067
5.55744101 0.64474772 4.37777284 0.76439543
-1.04701310 0.96036316 4.39781284 0.27875186
-2.65394967 0.48471246 -0.20517006 0.87467356
4.11048989 0.64466992 1.92635832 0.76446105
5.22470154 0.60706911 4.94871631 0.79464904
4.64107369 0.86192305 -6.26629541 0.50703911
2.95522558 0.83347936 0.79040570 0.55255059
-2.56501173 0.68384856 1.75288931 0.72962398
5.44999660 0.47646912 -3.41961600 0.87919121
5.35523019 0.82837291 3.34292825 0.56017704
2.48562438 0.77267639 -0.80916342 0.63480013
-3.71841965 0.76570204 -5.06283803 0.64319545
0.87609761 0.23550842 -0.98162372 0.97187231
-3.16823116 0.62294152 4.95866594 0.78226841
3.76567606 0.61913886 5.57463407 0.78528152
-3.97031308 0.40770553 -3.43440368 0.91311346
-0.62260237 0.99394698 5.93300541 0.10986082
-2.56239190 0.98035200 0.24802846 0.19725608
2.28017090 0.88367935 3.80812605 0.46809273
-3.40891072 0.98685080 -1.30579076 0.16163384
0.32376853 0.34252264 3.24292082 0.93950957
5.28985831 0.65353422 4.06874060 0.75689697
-1.10320223 0.17430539 -2.23839962 0.98469164
5.71238207 0.83985631 -4.36542285 0.54280878
2.32936398 0.66582328 1.26917395 0.74610948
-5.10742966 0.99338771 0.82180168 0.11480789
3.39144136 0.61428857 0.80911527 0.78908146
2.29530089 0.78498857 -4.12468977 0.61951024
0.89181811 0.56741920 4.13273081 0.82342908
-2.92147793 0.54697830 4.63247896 0.83714678
-3.59955341 0.85255241 -2.22008317 0.52264173
-4.07022316 0.73767177 -2.44836940 0.67515950
-0.81121812 0.50433133 -1.98501607 0.86351022
-1.85147738 0.66847442 -2.74225037 0.74373513
-0.89686891 0.58656047 -2.99343961 0.80990544
1.65741309 0.82757817 0.02473214 0.56135049
3.18343494 0.30714251 -4.58314525 0.95166353
-3.03555298 0.12027647 2.04193192 0.99274043
3.61130957 0.53904339 -4.73172931 0.84227800
0.06858470 0.15685985 -4.52106960 0.98762087
-5.47083357 0.80132630 5.50587910 0.59822751
3.10772564 0.69067441 6.01634957 0.72316586
2.11560526 0.17227196 -3.16763789 0.98504943
-3.65632162 0.70475202 -1.26768242 0.70945373
-3.62924150 0.15037066 -4.92523919 0.98862969
-1.53898815 0.81194300 2.86899444 0.58373672
5.95693135 0.51726442 2.91534835 0.85582564
0.50375617 0.79551298 0.78395426 0.60593655
-3.67312483 0.86721139 -5.36690529 0.49794017
-0.77981075 0.70225990 1.55940526 0.71192066
5.66161033 0.40874346 1.13690866 0.91264932
0.35149195 0.62176003 -5.46487675 0.78320780
6.17869867 0.95270971 5.12152382 0.30388190
-1.24013039 0.93687817 3.50547123 0.34965596
-2.36799041 0.48749265 -1.38327522 0.87312709
-3.69167187 0.73902670 5.53723825 0.67367613
-5.21862000 0.56642155 -5.54231844 0.82411566
0.49663611 0.71054783 -3.64197336 0.70364891
1.37068234 0.73052889 2.63335385 0.68288179
2.89554497 0.91274277 0.87625909 0.40853474
-2.28138850 0.66433105 2.17818922 0.74743847
6.14286514 0.67090216 0.09920467 0.74154588
2.51316179 0.15651887 -5.28706525 0.98767497
-4.72568188 0.34991044 -5.15871393 0.93678316
-4.87201125 0.94747446 3.61598059 0.31983143
-6.27462215 0.59997455 -2.22255329 0.80001909
-0.73470222 0.69323007 -1.94757777 0.72071636
-5.62214922 0.93464909 2.82600561 0.35557149
1.84977660 0.91093214 -4.43858881 0.41255622
-5.67902067 0.49520126 -0.10864201 0.86877829
1.62794641 0.54409521 0.01471278 0.83902348
-0.90439802 0.29898761 0.78539627 0.95425699
0.52556362 0.85250720 1.78820589 0.52271548
0.16929179 0.57611700 1.62509849 0.81736724
-5.33296941 0.89994782 -6.25927752 0.43599762
1.71269706 0.60628952 5.88429510 0.79524400
-4.75013375 0.98433519 -1.12432948 0.17630720
3.14141038 0.67081986 -1.49905003 0.74162034
-2.70295380 0.06303715 -1.64985423 0.99801118
2.53296508 0.61105947 5.31624004 0.79158469
2.23186590 0.99617291 -2.14162880 0.08740443
-4.13724301 0.20531155 -4.30474788 0.97869667
3.44308405 0.42963700 -5.29986062 0.90300169
-3.49853435 0.22615330 -5.82622793 0.97409172
-6.17701103 0.73323351 -4.68599785 0.67997693
-5.85646331 0.49787196 -4.99895803 0.86725055
3.11984591 0.38469408 -3.31973035 0.92304413
2.24528944 0.42869079 5.39377075 0.90345128
1.11583991 0.79420852 -1.88457763 0.60764531
0.41304703 0.73334723 0.26408299 0.67985427
-2.31601497 0.83656302 -1.19711157 0.54787071
-3.51495055 0.90176029 5.30357775 0.43223649
4.19254046 0.67003700 -3.72343829 0.74232770
-1.59040102 0.72316402 -3.22281419 0.69067633
2.96260915 0.58028944 -1.61631670 0.81441032
5.66244745 0.37731902 -2.84866052 0.92608334
4.50291522 0.99447141 4.45647451 0.10500772
-1.20493279 0.74666092 -4.20932210 0.66520483
