61 59
59 59
62 64
57 59
64 64
69 69
68 66
61 61
53 53
68 68
57 57
72 70
55 55
68 68
60 60
59 57
56 58
66 66
64 64
59 59
67 67
70 72
57 57
68 68
64 64
59 59
68 68
68 66
66 68
70 72
52 52
61 61
61 61
66 66
63 63
59 59
68 68
73 73
64 64
62 62
61 61
65 65
69 69
58 58
53 55
56 56
58 62
57 57
62 62
50 50
63 63
68 68
69 71
64 64
66 66
60 62
59 59
69 71
61 61
61 63
70 70
71 71
58 56
60 60
68 66
66 66
64 64
63 63
72 70
63 63
59 59
57 55
62 60
67 65
69 69
64 62
60 60
66 66
61 59
70 70
68 68
67 67
61 61
61 61
63 65
58 58
72 72
71 71
69 69
64 64
65 65
61 61
61 61
64 64
54 54
64 64
65 65
64 62
67 67
64 64
62 62
58 58
61 61
62 62
56 58
69 69
62 62
64 64
68 68
64 64
67 67
62 62
54 56
62 62
60 60
53 55
70 72
66 66
66 68
60 62
63 63
67 67
74 74
64 62
66 68
65 65
63 63
63 63
65 65
65 65
58 56
58 58
64 62
60 60
66 66
61 61
60 60
61 61
60 62
65 63
58 56
64 64
65 65
52 52
72 72
59 59
58 56
74 74
60 58
70 68
69 71
67 65
71 71
64 64
67 67
65 65
59 59
65 61
69 69
67 69
67 71
76 74
52 54
58 58
70 72
66 66
55 59
66 66
63 63
64 66
63 63
68 68
61 61
71 71
66 66
54 54
62 62
69 69
57 59
64 66
57 55
65 65
66 68
63 63
71 71
66 66
62 62
63 63
65 65
67 67
60 62
72 72
55 53
52 52
61 61
76 76
57 57
59 59
66 68
59 63
55 59
59 61
59 57
59 61
61 63
76 76
65 65
70 70
53 53
65 67
60 60
52 54
65 65
63 65
62 66
67 69
53 53
65 65
71 71
64 64
56 56
63 65
67 69
65 65
57 57
62 64
63 63
58 58
61 61
56 56
61 61
64 64
65 67
56 58
65 63
64 64
62 62
56 56
60 60
53 53
62 62
63 63
69 67
67 67
56 56
60 58
66 66
68 68
71 71
60 62
63 65
58 56
65 65
58 60
55 57
72 72
71 71
58 58
66 64
63 63
64 62
61 61
52 52
64 64
67 67
66 66
64 64
62 62
62 62
69 69
72 72
68 70
63 63
67 67
68 68
72 72
70 70
67 67
69 71
56 60
66 66
67 67
60 60
59 59
56 56
57 57
67 65
69 67
54 54
54 54
64 62
63 61
58 58
66 64
63 63
61 59
59 61
72 72
75 75
52 52
63 65
58 58
70 72
63 63
63 63
65 65
52 52
56 56
60 60
54 54
49 49
69 69
60 60
70 70
63 63
64 64
54 54
61 63
58 60
65 65
67 67
63 63
65 67
63 63
62 60
64 64
64 66
62 58
69 69
64 64
56 56
66 66
63 61
72 70
64 64
64 64
64 64
62 62
65 65
63 65
64 64
60 60
55 55
63 63
64 64
70 72
68 68
55 55
58 58
61 61
56 58
66 66
55 57
61 59
68 68
66 64
63 65
60 58
71 73
72 72
62 64
66 66
65 65
64 62
61 61
64 66
63 65
66 64
60 60
62 62
53 51
64 64
69 67
69 69
63 63
73 73
55 55
75 73
64 64
65 67
66 66
59 57
76 76
67 67
64 62
70 70
63 63
40 42
65 65
67 65
61 61
64 62
63 63
60 60
63 63
65 65
62 62
60 60
58 58
68 68
68 66
62 60
62 64
75 75
67 69
64 64
66 68
64 64
64 62
70 70
70 70
63 63
54 54
59 59
62 60
66 62
61 61
59 59
68 68
56 56
69 69
62 62
62 62
61 61
62 62
71 71
61 57
66 66
57 59
71 71
59 59
75 77
69 69
66 64
58 58
68 68
61 61
64 64
70 70
65 65
64 64
76 76
64 64
62 62
60 60
66 70
70 70
64 64
61 63
62 62
63 63
61 63
63 63
70 68
64 64
62 62
56 58
67 67
61 61
65 65
67 67
67 67
63 63
67 67
67 67
73 73
77 77
65 65
57 57
57 55
54 56
59 59
67 67
56 58
58 56
65 65
58 58
58 58
68 70
56 54
64 62
60 60
65 65
62 60
64 64
68 68
61 63
62 62
76 76
55 55
65 67
56 58
56 56
54 56
62 62
64 64
64 64
61 61
59 57
65 65
63 63
58 56
56 58
56 58
68 70
55 55
60 60
72 72
64 64
57 57
65 63
66 68
64 64
71 71
63 61
58 60
63 63
58 60
64 64
60 60
64 64
56 56
56 56
64 64
59 59
72 72
58 58
68 68
58 58
54 56
71 71
62 64
66 64
55 55
65 63
68 72
62 64
67 67
69 69
63 63
59 59
68 66
63 63
59 61
59 59
73 71
65 63
69 67
62 62
65 67
69 69
69 73
57 57
66 64
62 62
74 76
72 72
61 61
61 61
63 63
61 61
57 55
67 65
72 74
72 70
63 65
61 61
62 60
71 71
69 69
63 59
53 53
69 71
61 61
68 68
65 65
72 72
59 59
49 51
71 71
58 60
63 63
67 67
65 65
57 57
60 58
66 66
63 65
61 61
67 69
66 66
68 68
61 61
65 61
74 72
62 62
58 58
66 62
57 57
61 61
60 60
52 52
64 62
73 69
57 55
62 62
65 65
67 67
67 63
62 56
65 67
66 66
64 64
65 61
54 54
65 67
69 67
61 61
76 76
58 56
60 60
59 57
58 58
59 59
59 59
64 64
61 63
66 68
60 60
59 63
56 54
65 67
61 61
65 65
67 65
67 67
63 63
67 67
70 70
59 59
66 62
72 68
68 68
76 74
67 69
60 60
66 66
58 58
67 65
64 66
64 62
65 65
55 55
66 66
65 65
64 66
59 59
61 63
64 64
71 71
65 65
50 50
58 58
68 68
70 70
63 63
51 51
57 57
59 59
69 69
60 60
59 57
63 63
63 61
57 55
63 63
59 59
70 74
71 73
64 64
61 63
63 63
66 66
60 60
59 59
67 67
64 64
67 67
70 68
62 60
57 57
57 57
61 61
68 70
69 69
64 62
63 61
61 63
70 70
60 60
70 70
61 61
67 63
69 69
68 68
64 64
66 64
57 55
65 63
57 57
62 60
61 63
71 69
70 72
50 50
63 63
63 63
56 56
62 64
73 71
64 64
69 71
65 65
61 59
60 60
66 64
75 77
70 68
68 68
60 60
64 64
54 54
65 65
67 65
62 62
64 64
60 60
62 62
72 70
64 64
62 62
73 73
67 67
68 66
61 61
62 62
64 64
69 67
64 66
63 63
63 63
57 55
55 55
63 63
60 60
60 56
72 68
63 67
68 68
69 67
60 60
58 58
65 63
62 60
68 70
70 70
61 61
62 62
65 67
63 63
63 63
59 61
66 66
59 61
55 55
56 56
68 70
71 71
65 63
56 54
64 64
65 65
55 55
50 54
58 60
70 70
67 69
65 65
60 60
67 67
67 65
63 63
61 61
65 65
64 64
58 56
67 65
61 61
67 67
47 47
63 63
66 64
63 65
68 70
61 61
66 68
59 61
65 63
58 58
58 58
61 61
60 60
65 65
57 57
57 59
69 69
62 62
57 57
67 69
56 54
60 60
69 69
70 70
63 63
63 63
59 63
58 62
71 71
53 53
61 61
70 72
63 63
55 55
56 56
69 67
64 62
67 67
61 61
63 63
65 65
63 65
64 64
56 58
61 63
68 68
65 65
53 55
64 64
64 64
64 66
74 72
68 68
60 62
62 62
63 63
58 58
62 62
64 66
58 58
64 64
57 57
65 65
59 57
61 61
64 62
59 59
61 61
69 69
74 74
64 64
60 60
59 63
57 57
59 59
64 64
54 54
71 71
70 70
59 59
54 56
64 64
68 68
57 59
66 66
69 69
62 62
64 64
57 59
64 62
68 68
60 58
61 61
61 61
63 63
61 59
60 60
64 64
60 60
74 76
67 69
57 57
62 62
66 66
67 67
70 70
57 55
58 58
55 55
66 64
70 68
59 59
59 59
58 58
60 58
63 63
69 69
64 62
66 66
62 62
69 69
58 58
59 59
57 55
67 65
69 71
60 60
63 63
61 61
66 66
61 61
59 59
74 72
65 65
56 54
53 55
68 68
65 65
60 60
62 62
67 63
59 59
68 70
62 60
62 62
55 55
63 63
64 62
66 66
56 54
64 64
65 65
68 68
63 63
54 54
57 57
53 53
62 62
70 70
71 71
67 65
56 54
53 53
59 65
67 69
67 67
67 67
67 67
66 60
66 66
66 66
57 59
61 63
68 70
68 68
58 58
67 65
58 54
69 69
66 64
51 49
65 65
62 64
63 63
62 62
70 70
67 67
52 52
63 63
67 69
56 56
63 65
61 61
61 61
48 50
62 62
64 64
59 57
60 60
54 54
63 63
52 52
63 61
73 71
64 64
61 61
67 67
67 63
62 62
54 52
65 65
52 50
72 72
64 64
62 58
60 60
61 61
63 63
63 61
61 59
61 61
72 74
61 61
57 55
55 59
64 64
67 67
63 63
62 64
67 67
69 69
55 55
62 62
58 58
66 62
63 63
67 67
68 68
62 60
59 59
62 64
62 64
64 62
59 61
58 60
61 61
55 55
73 75
64 68
53 57
63 63
69 71
74 74
63 63
58 58
64 64
52 54
67 65
58 58
65 67
67 65
56 56
64 64
64 64
59 59
70 70
71 71
64 64
64 62
53 53
55 55
68 66
68 68
72 72
59 59
63 61
68 68
60 62
69 69
65 65
70 72
62 60
55 53
62 64
59 59
68 68
71 69
61 59
59 59
55 53
66 66
67 67
70 72
56 56
67 65
59 57
63 63
56 58
65 63
68 68
70 70
65 65
62 60
68 68
58 58
63 65
69 67
59 59
67 67
65 65
57 57
66 66
62 64
62 64
75 75
53 51
63 63
65 63
58 56
54 52
65 65
70 72
66 66
55 57
55 55
72 70
64 64
57 57
64 64
56 54
56 56
65 65
58 60
56 54
66 62
58 58
64 66
65 65
63 63
53 51
78 78
61 61
71 69
61 61
70 70
67 67
59 59
57 57
69 69
72 72
49 49
65 65
53 53
63 63
60 60
71 71
61 61
60 58
73 73
61 61
63 65
64 64
60 60
56 56
61 59
66 66
62 62
64 64
65 65
57 59
63 63
59 57
57 59
67 65
56 56
55 55
62 62
70 70
61 61
70 70
69 69
60 58
66 66
63 63
66 66
67 67
56 56
70 70
64 62
57 55
62 62
73 71
71 71
63 61
58 60
65 65
64 64
63 63
60 62
65 63
57 57
63 63
66 68
61 61
73 73
58 56
63 63
70 70
69 69
56 56
56 54
58 56
67 67
57 59
56 54
62 60
61 59
60 60
58 58
60 60
59 59
73 73
63 63
62 60
67 67
62 62
52 56
51 51
60 60
64 64
60 60
57 57
61 63
63 63
60 62
69 73
58 58
67 67
55 57
61 63
65 67
68 68
55 55
67 67
57 57
72 72
60 60
58 60
65 65
69 69
69 67
71 71
55 57
51 55
73 71
66 66
70 70
53 53
66 66
65 63
65 65
73 73
54 54
61 61
58 58
59 59
73 75
67 67
50 50
58 58
65 65
62 60
63 63
59 61
64 62
60 60
65 65
55 55
58 58
65 67
56 56
68 68
64 62
68 68
71 69
65 61
58 58
58 58
63 61
58 58
64 64
57 57
64 64
67 67
62 62
62 64
57 57
56 54
75 73
65 65
58 56
62 62
58 58
65 67
73 73
64 66
72 70
66 66
61 61
63 63
62 64
58 58
59 59
68 68
60 58
57 57
59 59
69 71
58 58
51 51
55 55
66 64
65 67
62 62
62 64
63 63
55 55
63 63
71 71
66 66
59 59
59 59
60 58
63 63
55 53
66 64
56 58
57 59
69 67
63 61
51 51
63 61
69 69
57 57
67 67
66 68
59 59
63 63
63 63
63 63
56 56
63 63
77 77
57 57
59 59
69 69
63 63
60 58
60 60
64 66
63 61
64 62
79 79
63 63
64 62
66 66
62 64
63 65
60 58
60 60
62 62
70 70
57 57
61 61
66 66
67 63
65 65
59 59
60 60
53 57
54 56
66 66
64 64
55 53
60 60
65 65
62 62
63 63
63 63
56 56
67 67
63 63
61 59
61 63
63 65
58 58
67 65
58 58
65 65
68 66
62 62
65 65
61 61
62 62
57 57
59 57
70 70
73 73
57 59
43 43
53 53
68 64
64 64
67 67
66 66
66 66
60 62
66 66
67 65
68 66
64 60
63 65
57 57
65 67
63 63
62 62
66 66
66 66
61 63
67 67
63 61
61 59
63 63
64 64
60 60
56 56
61 63
64 64
63 63
72 72
67 65
64 64
77 73
68 70
65 65
63 63
68 66
54 52
63 63
65 61
59 59
59 61
68 68
65 65
63 63
53 55
61 65
63 65
67 67
62 60
66 64
62 62
70 70
69 69
63 65
65 65
65 65
66 66
60 58
62 62
62 60
60 58
69 71
65 67
55 55
67 67
61 61
62 64
71 69
72 72
58 60
65 67
63 67
60 60
66 68
62 62
57 57
60 60
69 71
56 56
63 63
57 57
74 72
57 53
69 69
60 60
58 62
59 61
62 66
60 60
57 57
59 59
62 62
61 61
64 64
74 76
57 57
61 61
64 60
57 57
60 60
64 64
64 64
58 58
60 58
64 66
59 59
61 59
61 59
55 53
60 60
60 58
66 68
61 61
60 60
63 63
60 62
57 57
62 62
66 66
65 65
61 61
66 64
62 62
68 68
68 68
65 65
66 64
64 66
68 68
60 60
58 58
65 63
65 65
66 66
63 63
62 62
67 67
66 66
58 58
65 65
62 60
61 61
62 62
56 56
64 64
62 62
67 67
54 54
67 67
61 65
61 61
59 59
66 68
64 64
58 58
69 67
64 64
57 57
59 59
65 65
63 63
65 67
63 63
58 60
67 65
52 52
52 54
64 64
64 64
62 62
56 58
62 64
54 54
66 64
64 64
73 73
60 60
72 74
62 62
59 59
82 82
55 55
66 66
55 55
60 58
66 68
68 68
55 55
62 62
61 59
57 57
68 68
73 73
62 66
71 71
60 60
69 69
58 58
62 64
59 61
65 67
70 70
60 60
56 54
65 65
70 70
68 66
62 64
72 72
55 57
65 65
65 65
58 58
61 61
65 63
62 62
69 73
63 63
73 71
63 63
61 61
63 63
70 70
55 55
56 56
67 67
57 57
67 63
58 58
61 59
63 61
64 64
60 60
60 60
67 65
69 67
62 62
66 66
69 69
64 64
60 60
59 63
69 67
58 58
64 64
65 65
60 60
62 62
55 57
65 65
61 61
57 57
69 67
66 68
68 68
65 65
63 63
55 55
60 60
68 64
63 61
71 67
63 63
69 69
66 68
71 69
72 72
65 65
67 65
64 66
54 54
60 58
63 63
59 59
60 60
64 66
66 66
57 59
53 53
53 51
55 55
62 60
69 67
74 74
61 61
61 61
54 52
70 72
58 58
63 61
64 62
59 59
57 57
66 64
61 61
61 61
64 66
65 65
66 64
60 60
61 59
58 58
68 68
64 66
61 61
64 64
65 65
63 63
53 55
55 55
62 62
57 57
52 48
64 66
58 56
67 69
74 74
66 66
66 64
61 61
69 69
66 66
59 61
72 70
67 67
72 72
58 58
59 59
63 63
58 60
58 60
61 61
57 57
58 56
63 63
73 73
73 73
60 60
57 57
65 65
69 67
58 58
59 59
61 61
65 63
62 62
67 65
65 63
62 60
63 63
64 66
65 65
61 61
66 66
70 70
58 60
53 55
61 61
57 57
65 65
61 59
66 66
65 65
72 68
60 60
64 64
66 68
60 60
73 75
71 71
67 69
62 64
48 44
63 63
68 66
57 57
66 66
58 58
68 68
55 57
66 68
59 59
56 56
62 62
64 64
76 76
67 67
69 69
63 63
59 59
70 70
73 73
66 66
51 53
54 52
66 64
55 55
62 62
64 64
67 67
61 61
65 65
65 65
62 60
72 70
62 62
61 59
60 62
65 65
62 66
64 64
61 61
62 62
55 55
55 53
49 47
57 57
67 69
64 64
64 64
65 65
64 64
72 74
68 68
57 57
63 63
63 61
70 72
67 67
67 67
70 66
57 57
69 71
60 60
76 76
58 58
65 65
63 63
60 58
67 67
60 60
60 60
67 69
63 63
58 58
75 75
58 56
57 57
67 67
72 72
54 54
64 64
64 64
71 71
71 71
63 63
59 57
63 61
67 67
66 66
65 65
73 73
57 57
60 60
64 66
58 58
63 61
69 71
65 65
70 70
65 67
61 61
65 65
64 66
60 62
61 61
54 56
60 60
64 64
56 58
74 72
62 62
55 55
62 62
67 65
65 65
65 65
60 60
59 59
52 52
57 57
61 61
67 65
61 61
60 58
62 60
63 63
65 65
66 66
64 64
73 71
62 60
66 66
52 54
68 68
63 63
72 70
65 65
70 70
61 61
67 67
63 65
62 62
66 66
62 66
54 58
70 70
64 64
74 74
68 66
57 59
65 65
62 62
62 60
68 66
63 63
66 66
67 71
67 67
53 53
66 66
68 68
59 61
65 65
70 70
68 70
59 61
73 75
49 51
64 64
73 71
59 59
72 70
59 59
66 66
62 60
60 60
59 59
59 59
58 58
70 68
56 56
66 66
62 62
55 55
55 57
65 67
62 62
61 59
69 71
59 59
67 67
65 67
68 66
64 62
63 63
65 65
58 60
58 58
60 60
63 63
66 62
67 65
61 61
66 68
67 69
67 65
63 63
68 68
56 56
61 57
57 57
57 53
74 74
63 65
60 60
67 67
62 64
61 61
72 72
70 68
56 56
69 71
65 65
58 58
67 67
57 57
56 56
66 66
67 65
61 61
61 63
71 71
72 72
69 69
56 56
60 62
64 64
67 67
67 67
62 62
60 58
67 67
68 68
64 64
61 61
56 56
70 70
74 74
58 58
60 60
68 70
69 67
58 58
65 65
67 67
70 70
56 56
59 59
51 53
64 62
49 49
65 65
59 59
61 61
62 64
69 69
70 70
67 65
69 71
66 66
63 63
73 71
60 58
61 61
68 66
66 66
62 62
70 70
61 61
57 59
59 59
60 60
67 67
66 66
71 73
69 71
71 69
64 64
61 61
67 67
63 63
64 64
57 57
59 59
64 64
59 57
63 63
61 61
59 63
64 64
65 65
61 61
54 54
72 72
63 61
67 71
56 56
56 56
59 57
73 73
63 63
72 72
62 62
52 52
56 56
62 62
59 61
57 57
64 66
51 53
61 61
56 56
56 56
61 63
66 66
62 62
61 63
64 64
70 70
55 55
65 65
55 55
57 57
63 65
70 70
55 55
63 63
57 57
69 67
67 67
73 73
60 60
61 59
57 57
71 69
58 58
70 70
66 66
55 57
70 70
56 58
59 59
72 72
70 68
61 61
61 61
61 57
55 55
58 58
64 66
62 64
55 55
59 61
62 62
69 69
62 62
77 79
61 61
56 56
53 53
64 64
63 63
68 68
61 63
71 71
65 65
61 59
64 62
67 67
61 61
68 70
58 58
64 64
54 54
60 60
71 73
57 57
68 66
57 59
58 66
67 67
64 64
59 59
73 69
65 65
70 72
72 72
63 63
65 65
55 55
61 61
65 65
61 59
65 63
66 64
55 55
53 53
65 65
62 62
63 63
56 56
57 57
59 63
66 64
67 69
65 59
61 61
53 53
69 67
60 60
70 70
63 63
56 56
70 72
61 61
62 62
57 57
53 53
65 65
65 63
61 61
58 60
73 73
64 68
66 68
56 58
54 56
62 62
60 60
62 60
70 70
64 64
58 58
66 66
68 68
68 68
56 56
57 57
60 60
59 59
70 72
70 70
60 60
63 63
62 62
68 68
67 67
61 61
62 66
60 60
58 58
61 63
61 65
58 58
53 53
70 70
59 61
65 63
68 66
65 63
63 63
64 62
53 53
60 60
64 64
60 58
57 57
62 64
61 61
55 53
52 52
57 57
68 68
65 65
57 57
59 59
63 61
58 56
65 65
60 58
60 62
67 67
68 68
60 60
59 59
69 69
58 58
61 61
56 56
61 61
54 54
57 57
70 68
65 65
60 60
64 64
67 71
58 58
66 68
62 60
60 60
54 54
67 67
54 54
61 61
57 57
59 57
56 58
63 63
58 60
67 65
61 61
73 69
65 65
63 65
62 60
68 68
66 66
57 57
60 62
55 55
62 62
61 61
65 67
61 59
71 71
66 66
57 57
58 58
76 74
52 52
61 61
51 51
65 67
69 67
58 60
68 68
67 67
72 70
65 65
61 61
55 55
64 64
62 62
57 57
60 60
76 76
56 58
58 58
63 63
64 64
61 61
77 77
69 69
61 61
69 67
59 59
62 62
60 60
67 67
54 52
59 59
68 66
57 59
59 59
58 60
61 65
67 65
69 71
64 64
60 62
57 59
61 61
70 70
67 67
64 64
69 65
63 65
63 63
68 68
67 67
55 55
63 63
65 65
69 69
66 64
65 65
61 61
61 59
43 43
70 68
66 66
61 61
57 57
57 57
63 63
66 66
59 59
71 71
64 62
66 66
60 60
69 69
59 59
52 54
64 62
63 63
69 71
74 70
65 65
66 66
71 71
57 57
60 60
63 63
66 66
71 71
59 61
64 66
60 62
64 64
60 60
64 64
64 64
63 61
59 59
61 61
56 56
69 69
66 66
63 63
65 65
56 56
61 61
64 66
69 69
56 56
69 69
64 64
57 57
64 64
65 65
57 55
61 59
62 60
61 59
72 72
69 69
66 68
62 62
63 63
62 62
63 65
68 70
60 58
70 70
65 65
65 65
63 63
68 68
71 71
59 59
65 65
67 65
59 57
58 58
60 60
63 63
66 66
68 68
62 62
61 61
59 59
67 65
68 68
60 60
56 56
62 60
69 69
65 67
59 59
59 57
71 71
64 64
58 58
61 61
66 66
72 72
55 53
70 68
53 53
66 66
59 61
70 72
56 56
61 61
60 60
63 63
55 55
63 63
54 54
62 60
66 66
60 58
64 64
62 62
64 64
60 60
66 66
66 66
73 71
63 63
56 58
65 65
64 64
61 63
66 66
63 65
60 60
63 63
62 62
55 55
63 63
63 63
61 61
55 55
63 63
68 68
59 59
65 67
62 64
59 59
63 63
69 69
68 70
66 66
66 66
63 63
59 59
67 67
67 67
55 55
62 62
68 68
61 61
68 68
57 61
63 65
70 70
59 59
62 62
60 58
64 66
60 60
62 60
65 63
64 64
58 60
65 65
62 62
67 67
69 69
63 65
59 53
62 64
68 68
67 67
60 58
58 60
58 58
59 61
63 63
66 64
57 59
56 56
55 55
62 62
80 80
58 58
74 74
59 59
62 62
54 54
66 66
65 67
65 65
63 63
52 52
66 66
73 73
70 68
61 61
57 59
62 62
61 63
67 63
55 57
61 63
57 59
63 63
59 59
65 65
71 69
59 59
60 60
69 65
58 56
57 57
66 66
61 61
69 67
62 62
63 63
60 60
62 64
61 61
66 68
57 57
63 63
58 58
58 58
62 62
64 64
63 61
61 63
64 64
58 58
57 57
65 65
71 71
61 61
65 65
53 53
62 62
58 60
56 56
58 62
68 66
64 62
58 56
63 63
68 72
63 63
65 65
59 61
65 65
66 64
70 66
54 54
64 64
59 61
59 59
63 63
67 67
70 70
57 57
67 67
63 63
62 62
55 55
63 63
69 65
58 58
65 67
64 64
69 69
56 56
63 63
65 65
60 58
58 58
67 67
65 65
64 66
63 63
68 68
70 70
57 55
56 56
55 55
63 63
69 69
63 63
59 59
68 68
67 65
71 73
66 68
67 67
60 60
62 62
65 65
65 65
57 57
62 62
60 60
67 69
62 62
62 62
67 65
63 63
65 65
65 65
58 62
75 75
60 60
67 67
71 69
69 69
63 63
63 63
55 55
62 62
69 69
65 65
59 59
58 60
62 66
64 64
60 60
72 70
69 69
65 65
69 69
64 64
59 63
56 56
61 63
67 67
65 65
55 55
63 63
56 58
59 59
58 58
59 59
66 68
70 68
60 58
62 62
71 71
58 58
57 59
53 53
63 63
57 57
62 66
69 71
64 68
61 61
61 61
62 64
60 62
67 67
67 67
70 72
63 63
73 71
68 68
67 65
68 70
57 57
67 67
62 62
75 75
64 62
61 61
71 69
62 62
55 53
63 63
64 66
60 60
63 65
69 71
65 67
61 63
63 63
57 57
68 68
62 62
59 59
56 54
57 59
65 65
64 70
69 69
65 67
68 68
61 59
59 57
66 66
70 68
59 59
66 66
66 66
67 67
64 64
63 63
67 67
64 64
63 65
59 59
57 61
53 53
66 66
65 65
60 60
63 61
55 55
61 61
67 69
58 58
72 70
64 66
65 67
66 66
67 69
67 67
65 67
69 69
61 59
65 65
61 61
66 64
58 58
75 73
58 58
66 66
64 64
66 66
67 65
57 59
70 70
60 60
63 63
66 66
69 71
55 53
68 68
55 57
64 64
56 56
57 57
70 72
68 66
60 60
60 60
61 61
58 56
73 73
73 73
55 55
63 63
60 62
62 62
65 67
56 56
64 64
68 68
57 59
67 67
65 65
54 56
63 63
69 69
66 66
71 71
74 72
71 71
57 55
51 53
58 58
69 69
64 64
60 60
63 61
63 63
57 61
51 51
64 64
57 59
62 62
59 59
66 66
68 68
60 58
78 74
70 70
60 58
58 60
56 56
57 55
64 64
66 66
63 63
62 64
57 57
56 56
59 57
59 59
66 66
56 54
55 57
62 62
57 59
64 64
64 64
64 66
63 63
53 53
70 70
68 70
57 59
57 57
66 66
73 71
66 64
66 66
56 56
63 63
61 61
69 67
49 51
58 58
60 60
65 65
68 70
58 58
66 66
60 62
59 59
58 58
65 65
62 62
69 71
66 68
62 62
66 66
68 66
65 65
55 57
62 60
62 62
75 73
64 64
53 53
60 60
65 65
63 63
55 61
65 65
61 61
72 74
61 61
56 56
60 60
58 58
60 60
65 65
53 53
66 66
72 72
62 62
67 67
68 68
58 58
69 69
57 57
59 59
57 57
55 55
62 62
64 64
66 66
61 63
67 67
64 64
61 61
60 60
64 64
57 55
69 69
59 61
63 63
65 65
61 59
72 70
65 63
63 63
73 71
63 61
60 58
73 75
61 63
64 64
62 62
68 66
70 70
64 64
63 65
54 56
60 62
58 58
71 71
59 57
58 60
63 63
63 63
60 58
63 65
61 61
55 55
63 65
56 56
64 68
63 61
62 62
60 58
67 65
64 64
58 60
65 67
66 66
60 60
63 65
63 61
55 55
68 68
59 61
65 67
55 53
63 63
60 62
48 48
71 71
63 61
61 59
61 63
65 65
65 63
65 63
58 60
66 66
59 59
61 61
64 62
66 66
68 68
71 73
50 48
64 64
57 55
57 57
65 65
61 61
51 51
67 67
67 65
62 62
69 69
71 71
65 65
67 67
56 52
75 73
70 70
67 67
63 63
70 72
56 56
70 70
73 73
64 64
65 63
75 75
68 66
66 64
63 67
65 65
52 52
71 71
66 66
67 67
66 66
58 56
67 67
69 69
69 69
66 68
64 64
60 60
64 64
59 59
56 56
61 61
60 62
58 60
55 57
63 63
58 58
68 68
66 66
63 63
67 67
65 67
68 66
63 63
59 61
61 61
64 64
71 71
62 62
62 62
62 64
58 60
74 74
70 70
66 66
60 60
67 67
66 66
57 57
67 67
62 60
60 60
73 73
63 59
52 54
62 62
69 69
59 59
66 66
69 71
68 68
64 64
65 65
71 73
58 58
62 60
66 64
58 56
64 64
64 62
63 63
62 62
62 62
59 59
58 56
61 61
59 59
67 67
60 60
62 60
64 66
68 66
58 62
70 70
61 61
67 67
59 61
67 67
54 54
74 74
61 61
56 60
68 70
63 63
68 68
63 63
56 56
70 66
63 65
62 62
62 62
55 57
63 63
62 62
63 63
65 67
52 52
68 68
55 55
71 71
67 67
59 61
55 59
60 60
57 57
68 68
57 57
66 66
66 68
54 54
66 66
66 62
68 68
56 56
69 67
65 67
63 67
60 62
63 63
67 67
60 60
68 68
55 55
68 68
63 61
58 58
64 64
68 68
69 69
61 63
54 52
64 64
67 67
74 74
64 64
63 65
62 60
59 59
62 62
60 60
58 58
58 58
70 68
67 69
64 66
56 56
71 71
63 63
57 57
65 65
59 55
74 74
63 63
60 60
60 60
55 55
67 67
63 63
63 63
67 67
63 61
57 57
60 60
65 67
59 59
63 67
63 63
67 67
73 73
72 70
72 72
59 59
68 68
59 59
66 66
70 72
55 55
58 58
57 57
66 64
70 72
68 66
70 70
60 60
68 68
61 63
62 62
58 58
63 63
64 64
61 63
57 57
60 60
60 60
55 55
60 60
60 60
54 54
58 58
57 57
70 72
61 61
66 68
58 60
64 62
61 61
57 59
57 57
62 62
73 75
57 57
60 62
58 58
59 59
57 57
73 73
58 58
57 57
75 75
68 66
62 62
64 64
62 62
61 61
71 69
69 69
62 62
53 57
60 60
55 55
53 53
72 72
62 62
62 64
65 65
65 63
72 72
63 63
64 62
63 63
53 51
67 67
61 61
57 55
68 68
59 59
64 64
67 65
55 55
69 69
67 63
57 57
65 65
64 70
65 63
62 60
70 72
67 69
68 70
66 66
62 62
70 70
62 62
65 65
67 67
59 59
68 68
72 72
67 65
71 71
62 60
61 59
63 65
56 58
58 58
61 61
62 62
67 67
55 55
64 60
63 63
70 70
60 60
59 59
68 68
62 60
60 60
60 60
51 51
65 63
59 59
70 70
70 68
61 63
57 57
61 61
56 56
59 59
53 53
73 73
59 59
65 65
64 62
64 62
64 62
57 59
78 78
72 76
67 67
69 67
61 61
68 68
72 70
63 65
63 63
64 66
64 64
60 60
72 72
51 51
58 58
63 63
66 68
65 63
66 66
61 61
59 61
61 57
59 59
58 58
65 65
60 60
64 66
59 59
54 54
64 64
62 62
59 57
65 63
61 61
66 68
61 61
68 70
60 60
55 55
70 68
61 61
75 73
66 66
69 67
66 68
63 63
72 76
61 61
62 64
63 63
57 57
65 65
59 59
70 70
58 58
62 62
62 64
61 61
54 54
61 61
59 59
67 67
62 60
67 69
64 62
66 66
73 73
67 67
68 66
74 76
63 65
66 66
62 60
61 61
61 59
60 60
65 65
62 64
57 59
64 64
53 55
58 58
67 67
66 66
64 64
63 61
64 64
62 62
66 66
54 54
62 62
61 61
66 64
56 56
63 63
68 66
66 66
59 59
57 57
62 62
54 56
69 67
59 61
67 67
65 65
59 59
63 65
62 62
65 65
66 64
63 63
70 68
62 62
66 66
65 65
72 72
59 61
69 69
54 56
69 71
68 68
63 63
63 67
71 71
71 73
62 62
53 53
63 63
63 63
57 55
61 59
60 60
66 66
60 62
63 63
61 63
62 64
61 63
66 68
65 67
58 60
63 61
55 53
62 60
67 65
71 69
66 66
69 69
65 65
66 66
59 61
58 58
69 69
56 56
59 63
68 68
61 61
54 54
68 68
60 58
65 65
48 50
60 60
57 59
66 66
63 63
70 70
62 62
76 76
67 69
58 58
66 64
53 51
61 61
69 69
77 77
55 55
67 67
60 62
61 61
61 61
66 64
61 61
60 58
65 67
67 65
58 58
65 65
68 68
55 57
64 60
69 69
54 56
62 62
69 69
68 70
67 71
76 76
62 64
60 60
62 62
60 60
60 60
64 64
71 71
68 68
65 65
67 67
63 63
62 62
62 62
64 64
60 60
69 69
69 69
64 64
59 59
60 60
67 67
63 63
60 62
66 62
61 61
63 63
61 63
55 55
69 69
61 61
63 65
55 55
73 71
67 73
65 65
70 72
61 63
56 58
57 61
67 67
68 66
70 68
62 62
63 65
58 58
57 59
69 65
62 62
59 59
61 63
60 58
58 58
62 64
61 59
68 70
65 65
63 63
65 65
64 62
67 67
60 60
69 69
63 63
68 68
62 62
63 63
69 67
62 66
66 66
63 61
57 59
62 62
67 67
64 64
66 66
55 55
65 63
61 61
61 61
55 55
69 71
65 65
65 65
63 63
67 67
68 70
65 63
66 66
60 60
66 66
69 69
63 65
62 64
64 62
66 66
65 63
50 48
57 57
67 67
65 61
65 67
61 61
66 64
61 63
59 59
63 65
58 58
68 66
55 57
61 61
65 63
65 67
64 64
61 61
71 67
64 62
54 54
65 65
60 60
56 56
61 63
68 66
62 62
68 70
72 74
54 54
66 66
58 58
59 57
63 63
66 66
69 67
54 54
69 69
66 66
60 60
56 56
68 68
55 55
63 63
57 57
66 66
63 63
71 69
68 68
62 64
64 62
70 70
64 64
63 61
48 48
58 60
65 67
63 63
67 67
54 54
58 58
70 72
70 70
75 71
60 62
67 69
64 62
60 58
74 74
63 63
66 66
60 58
72 72
68 66
62 62
67 67
65 65
67 65
56 56
61 61
66 66
65 65
78 76
67 63
60 60
59 61
51 51
57 57
64 64
71 71
68 70
61 61
68 68
62 60
59 61
62 62
65 65
61 61
63 63
53 53
68 68
68 68
64 66
58 58
62 60
64 64
68 68
60 60
66 66
61 61
71 69
76 74
60 62
56 54
78 82
60 58
67 67
68 68
60 60
64 64
66 62
72 70
61 63
64 64
62 62
61 61
81 81
68 68
64 64
67 67
63 63
55 55
65 65
62 62
58 58
76 76
58 58
63 65
67 67
60 60
70 70
65 65
58 58
66 68
65 65
65 67
62 62
55 55
69 69
61 61
54 54
64 64
66 66
59 61
62 60
56 56
55 55
61 61
68 68
69 69
62 62
57 57
66 68
63 63
58 58
69 69
58 60
63 65
66 64
73 73
59 59
64 64
74 74
60 62
57 57
73 71
65 63
68 68
62 62
61 59
59 59
56 56
68 70
72 76
68 68
65 65
66 66
70 70
58 56
62 62
63 63
52 50
76 78
65 67
63 63
55 55
62 62
61 61
63 63
63 63
64 64
67 65
62 62
71 71
60 62
67 67
69 69
62 62
66 66
62 62
60 58
58 58
60 58
59 61
60 60
57 55
70 68
64 64
63 65
66 66
59 57
70 68
63 63
63 65
62 66
62 64
65 65
65 65
65 67
65 65
59 61
72 72
62 62
69 69
75 75
61 61
67 69
71 73
67 69
72 68
51 51
57 59
61 59
61 59
72 68
60 60
64 64
64 66
53 53
58 60
58 60
62 64
56 58
67 67
68 68
62 62
56 56
61 61
66 64
73 71
59 59
64 62
65 67
62 64
48 48
66 66
69 69
68 68
66 64
62 62
67 63
62 62
68 66
58 58
60 58
61 61
64 64
56 58
60 60
62 62
60 62
71 71
60 60
70 70
64 64
72 72
58 60
66 66
65 67
63 63
58 58
71 71
59 59
64 64
54 56
64 64
64 66
61 61
70 70
61 59
68 68
72 72
60 60
62 62
57 59
61 63
65 63
58 58
65 65
63 65
64 66
65 65
62 62
52 52
64 64
66 66
61 63
67 67
56 56
59 59
57 57
65 63
57 57
78 74
60 58
75 75
60 60
65 65
52 52
63 63
66 66
60 60
64 66
57 55
52 52
60 60
63 63
72 68
63 63
64 64
69 67
50 50
58 58
59 59
60 60
62 62
60 60
68 68
66 66
59 59
63 63
67 67
56 56
65 65
52 52
68 66
65 65
64 64
60 60
64 62
70 70
71 71
63 65
57 57
64 66
64 64
65 65
69 69
57 57
58 58
69 69
54 52
61 61
64 64
58 56
62 58
59 61
69 69
63 63
63 63
66 66
57 57
62 62
62 62
70 70
61 61
72 70
64 62
60 60
65 65
66 66
53 53
69 69
62 62
59 61
61 59
60 60
66 66
77 77
62 62
72 70
64 64
59 59
59 61
62 62
65 65
60 62
63 63
61 61
71 71
64 64
67 67
70 72
64 64
58 58
59 61
59 59
59 61
55 55
60 60
55 55
57 59
53 51
58 58
54 56
63 65
61 61
55 55
60 60
61 61
63 63
53 57
72 72
63 63
60 60
65 65
68 68
69 71
63 63
54 56
65 65
57 61
58 58
69 69
55 55
65 63
74 74
56 54
58 58
76 76
62 60
56 56
60 60
63 63
65 63
72 76
56 54
63 63
62 62
64 64
68 68
55 55
59 57
57 57
61 61
58 58
68 70
73 73
59 59
68 68
73 73
58 60
65 69
59 59
70 70
62 62
63 57
58 58
66 66
61 61
60 60
68 66
67 67
56 56
64 64
62 58
63 65
54 56
76 76
63 63
64 64
59 59
61 63
69 71
65 65
69 69
55 53
65 65
71 71
62 62
60 60
58 58
69 69
64 64
60 60
65 65
62 62
61 61
68 68
64 62
60 58
73 73
62 60
58 58
64 64
57 57
60 60
60 60
66 64
70 68
66 66
63 63
62 60
58 58
60 60
68 66
71 73
65 63
61 61
61 61
62 60
62 62
72 70
60 60
68 68
64 64
59 59
64 64
62 62
62 64
67 69
60 60
61 63
62 64
61 65
68 68
65 65
62 64
67 67
69 69
67 67
66 66
71 71
64 64
65 61
69 69
60 60
60 60
63 61
54 54
67 67
56 56
65 65
65 65
57 57
62 64
61 63
65 63
62 62
66 66
65 65
56 56
62 62
59 61
64 64
62 62
64 68
81 79
64 64
57 57
57 57
73 73
66 68
71 71
68 66
65 65
64 62
55 53
70 70
72 72
64 64
65 65
61 63
59 59
77 77
69 69
59 57
57 57
59 57
62 62
69 71
67 67
59 59
66 66
65 65
60 60
62 62
69 71
71 71
60 60
60 60
68 68
61 63
69 69
59 57
57 57
64 64
64 64
58 60
66 68
66 68
71 71
63 63
67 63
61 61
57 57
69 71
65 65
60 60
64 64
64 62
66 66
69 69
67 67
55 55
68 66
68 68
56 56
59 59
57 59
62 64
59 59
69 65
74 72
69 69
69 71
59 61
62 62
67 67
67 67
57 59
61 61
66 68
63 63
60 58
65 65
60 60
61 61
62 62
68 68
60 62
64 64
62 58
69 67
59 59
68 64
54 52
58 60
58 60
64 64
57 55
69 69
53 53
58 58
69 69
61 59
68 68
64 64
55 55
61 57
64 64
65 63
67 69
66 66
60 60
62 60
60 58
60 60
70 70
64 64
56 56
69 69
67 67
66 66
72 70
68 68
56 56
63 63
69 69
60 60
65 65
62 62
69 69
65 65
61 61
57 57
59 57
56 58
56 60
68 68
68 68
70 70
75 75
61 61
62 66
63 63
56 56
74 74
62 60
54 58
68 68
66 66
62 62
63 65
60 60
69 71
67 69
65 65
58 58
53 53
70 70
61 61
63 63
70 70
63 63
65 65
59 59
76 74
62 62
72 72
63 63
72 72
63 63
70 70
75 75
70 68
60 60
64 64
65 63
68 66
58 62
50 50
57 57
61 61
68 68
68 68
58 58
61 61
44 46
72 74
61 63
69 71
63 63
52 52
65 65
68 68
67 69
67 65
53 55
66 66
59 59
57 57
65 65
71 73
74 76
68 68
62 62
55 57
64 62
67 69
64 64
59 59
62 62
56 56
62 62
61 61
67 69
56 56
59 59
71 73
62 62
66 66
62 62
69 71
67 67
66 66
67 67
71 71
60 60
58 58
58 58
62 62
63 63
50 52
58 58
60 60
59 59
67 67
68 70
55 55
59 59
57 57
72 72
57 57
54 54
62 62
52 50
68 68
74 74
57 57
61 61
64 62
66 66
59 59
68 68
67 67
60 62
71 71
67 67
64 64
63 63
69 69
74 74
63 63
64 64
58 60
65 65
70 72
73 73
56 60
58 58
60 60
67 67
65 63
67 67
58 58
65 65
65 65
63 63
61 61
57 57
60 60
54 54
63 63
67 69
64 68
59 59
62 62
66 66
71 69
62 62
63 63
70 70
54 54
67 67
65 65
65 65
59 57
67 69
60 60
59 59
53 51
63 61
58 58
70 70
59 59
59 59
71 69
64 64
57 57
70 70
58 58
54 54
63 63
67 65
58 58
61 61
62 62
64 64
62 64
67 67
62 62
69 69
65 65
59 59
54 54
63 63
65 65
63 61
62 58
66 66
68 68
59 57
67 67
63 63
69 69
61 61
64 64
64 66
58 58
61 61
53 55
63 65
66 68
59 61
57 57
69 69
64 64
56 56
72 70
71 71
62 62
68 68
66 68
67 67
70 68
63 65
64 64
64 64
65 63
62 62
48 50
59 57
64 64
63 63
67 67
57 55
63 65
59 59
59 61
63 65
64 66
54 54
64 68
65 65
66 64
59 55
63 61
75 71
65 67
66 64
68 66
59 59
59 59
56 56
65 65
54 56
59 59
68 68
62 62
63 63
60 60
52 54
64 64
58 56
67 67
61 63
68 68
51 53
61 61
56 56
64 64
67 65
61 61
70 72
68 68
62 62
74 74
60 60
70 68
58 58
66 64
66 66
67 67
58 58
52 54
60 60
64 64
57 55
66 68
71 71
62 62
70 70
57 59
56 56
53 53
66 64
58 58
62 62
57 59
60 60
52 52
60 60
55 57
63 63
52 52
65 65
58 60
58 58
64 64
65 63
68 68
72 72
69 67
57 57
57 57
68 68
60 60
62 62
68 68
58 58
69 69
63 63
62 62
70 70
59 59
59 61
65 65
60 60
63 65
67 67
59 59
68 68
68 66
60 64
60 60
71 71
63 63
69 67
61 59
66 66
58 58
58 60
58 56
57 57
66 66
67 65
73 73
61 61
65 65
71 71
65 63
50 50
67 67
69 69
64 62
67 65
66 68
66 68
77 77
50 50
59 59
62 62
50 52
61 61
59 59
61 61
78 78
61 61
65 67
60 60
65 63
76 76
63 63
77 77
69 69
70 70
57 57
58 58
63 63
63 63
60 60
69 69
61 61
52 52
64 66
62 62
66 66
63 63
60 56
62 64
61 61
66 66
61 63
67 69
53 55
64 64
58 58
63 61
65 63
64 64
67 67
65 67
62 60
57 59
58 60
51 51
59 55
63 63
70 70
66 66
69 69
60 58
65 65
66 66
61 61
62 62
66 64
57 57
57 57
60 60
61 61
70 74
67 67
54 54
59 59
55 55
69 71
58 60
60 58
65 67
73 71
55 55
50 52
53 53
62 64
51 53
58 58
69 69
68 68
66 66
59 63
73 73
74 74
61 61
61 61
73 73
67 63
64 64
57 57
62 62
60 60
73 71
82 82
51 51
70 68
60 58
66 68
63 61
68 70
62 60
65 67
64 64
59 59
59 57
69 69
60 60
62 62
57 59
70 68
63 61
61 63
56 56
68 68
54 54
65 65
66 66
57 57
59 59
67 67
62 62
62 62
53 55
58 58
76 76
60 60
64 64
54 54
65 65
66 68
59 59
57 57
68 68
58 58
66 66
70 70
62 62
58 58
63 63
63 63
59 59
62 62
66 68
66 66
69 69
60 60
63 63
67 65
69 69
56 54
58 58
63 67
53 53
64 64
56 58
63 63
61 61
67 67
61 61
71 67
70 68
66 64
50 50
60 58
57 57
67 67
56 56
63 63
68 66
66 66
61 59
63 63
55 57
62 64
63 63
63 65
62 66
73 71
63 67
70 68
66 66
57 57
64 64
66 64
58 60
71 69
72 72
60 58
56 54
57 57
62 64
72 72
61 61
55 53
63 61
61 65
63 63
69 71
66 66
64 64
50 52
63 63
68 68
71 71
59 59
71 69
68 64
66 66
71 71
56 56
60 60
69 71
56 56
65 65
59 59
61 61
56 58
68 68
60 60
64 66
65 65
65 65
61 61
61 61
61 65
57 57
58 56
61 59
65 65
55 55
62 62
71 69
65 65
70 70
59 59
67 65
62 60
69 69
65 65
63 63
64 66
62 62
65 65
65 65
65 63
50 48
66 66
58 60
64 64
64 64
57 57
60 58
66 66
57 59
70 70
68 68
76 74
65 65
64 64
69 69
70 68
57 57
68 68
51 51
60 60
