-3.41465876 0.05990102 -4.32875399 0.99641187
-4.94293307 0.79292885 -3.97956170 0.37126384
-5.14386058 0.63953762 -1.77312180 0.59099163
-3.94330178 0.70094943 5.00677935 0.50866989
0.71651976 0.06705209 4.89676864 0.99550402
2.99808580 0.15223561 -2.67910481 0.97682432
-1.19439760 0.22826984 4.40667184 0.94789288
-3.94444129 0.09151213 5.26937941 0.99162553
-1.82855493 0.74206489 6.03331204 0.44933969
5.56864879 0.11715047 0.97062566 0.98627577
3.93809137 0.37909418 -0.14436199 0.85628760
-3.40467346 0.03679575 5.59283952 0.99864607
5.90609016 0.88598484 -0.60393949 0.21503086
3.83132856 0.20173457 0.57699391 0.95930316
-3.94475604 0.09125051 -5.80142228 0.99167334
-1.79367690 0.75725385 -0.41555816 0.42656661
-4.21614101 0.73059528 4.28687481 0.46623054
0.64467607 0.88409853 2.08335730 0.21836979
-5.27333596 0.85760590 4.04292352 0.26451212
-0.21911481 0.68958167 -2.49317725 0.52447712
-3.76361607 0.37257984 -4.96021823 0.86118426
2.51013738 0.87778073 1.26577507 0.22950099
-4.49622847 0.09588820 -3.90770788 0.99080545
-4.04831355 0.97755425 3.83237211 0.04438768
-1.68080770 0.00650381 3.40281090 0.99995770
2.83132746 0.32013071 -3.01990816 0.89751633
-3.80198148 0.37750825 -2.61238578 0.85748752
3.74892065 0.95654066 -1.67999501 0.08502996
3.23777980 0.24188212 0.64057318 0.94149304
-3.29977637 0.08384211 1.31565078 0.99297050
5.51666565 0.57381818 -0.04973489 0.67073270
6.10696121 0.07832011 -0.48075514 0.99386596
4.79685742 0.54647682 5.88091595 0.70136309
3.01349039 0.11098066 -0.69742851 0.98768329
2.70856865 0.13328849 -0.64297802 0.98223418
3.46363137 0.76362946 0.02610910 0.41687005
-3.34057039 0.43406713 4.46748369 0.81158573
0.90946581 0.80281299 4.94960775 0.35549131
1.51585393 0.79772728 -3.02203755 0.36363119
1.80615960 0.29850378 -3.55537796 0.91089550
0.29781743 0.29213521 1.72825689 0.91465702
-4.50437012 0.92621803 1.62823600 0.14212017
0.61451564 0.03000209 -4.84541543 0.99909987
2.26995557 0.40986524 -4.49023447 0.83201048
4.06466076 0.54700062 -4.17488594 0.70079032
0.78961994 0.64748611 2.08197208 0.58076174
2.64720945 0.71969314 4.73806554 0.48204178
2.70909539 0.69119286 -5.46941504 0.52225242
2.41582074 0.82680413 -5.64241726 0.31639493
2.20727952 0.11807642 0.82476053 0.98605796
-0.17874685 0.42634446 -4.89038768 0.81823041
1.11824205 0.18124349 6.04895078 0.96715080
-1.60485557 0.49427736 -0.13554633 0.75568989
4.15414632 0.96046921 -5.28405712 0.07749889
-2.59514544 0.98373051 -5.21518981 0.03227428
3.99505835 0.92161360 -1.96746034 0.15062837
3.79881402 0.97385704 6.02480975 0.05160246
3.99439901 0.85030689 5.94853105 0.27697820
-5.93579939 0.23780332 -3.38109887 0.94344958
0.61273551 0.46319166 3.35990736 0.78545349
-2.38615694 0.39249187 2.33255728 0.84595013
-5.42950168 0.09601355 1.73269072 0.99078140
3.85099374 0.87195844 2.18721116 0.23968847
-1.43851000 0.47136743 2.51483701 0.77781274
-1.67609994 0.07542932 2.40599842 0.99431042
2.13209415 0.38832200 -2.70013342 0.84920602
-0.44032903 0.17370111 3.88755404 0.96982792
-2.45221471 0.37913073 0.17618892 0.85625989
-3.10230088 0.03380681 -6.12818209 0.99885710
0.37868289 0.70222638 -6.26445076 0.50687811
-0.05154741 0.71778927 1.11956123 0.48477856
-4.11816872 0.58701217 -5.94142816 0.65541672
4.23644315 0.96178268 -5.45063622 0.07497407
-1.58547353 0.92410500 1.04786034 0.14602994
4.48928289 0.32637938 0.16023991 0.89347650
2.90194669 0.98511956 -4.32516131 0.02953946
4.99660447 0.13018678 0.59448671 0.98305140
4.69420680 0.67141012 -5.56910407 0.54920844
-2.61551950 0.83981200 -3.36796864 0.29471580
3.57696843 0.01870686 3.30563151 0.99965005
-3.17664604 0.14843358 -5.02867734 0.97796747
-4.28445195 0.05152393 -4.48343860 0.99734528
-2.61050986 0.67360763 2.10520249 0.54625276
2.50672337 0.11720110 -4.44365110 0.98626390
-0.70283835 0.19937075 2.65221930 0.96025130
4.33595911 0.48197243 -2.96382848 0.76770257
-5.58474406 0.74447914 -0.82338278 0.44575081
5.83199727 0.12053572 0.61953890 0.98547114
1.41872507 0.21239087 -6.19444596 0.95489012
4.98180394 0.35700390 -5.01404620 0.87254822
5.40611906 0.96517640 -0.66486709 0.06843451
-0.61108721 0.46856413 -5.68799580 0.78044765
-1.47417212 0.56450235 -5.98702166 0.68133709
-1.69813399 0.73884537 -0.34211276 0.45410752
1.44239380 0.30961365 0.59680259 0.90413939
-4.51222625 0.83552900 -4.74417443 0.30189129
-4.10491237 0.83133504 2.03405749 0.30888205
4.67780469 0.57622869 0.66902205 0.66796050
4.48766010 0.26638082 -3.81357621 0.92904126
-2.41090919 0.62234135 -4.14596960 0.61269125
-2.93121038 0.36951690 -4.51932393 0.86345726
-4.04763908 0.63363075 -4.15421246 0.59851207
-1.66651445 0.26353310 1.94722559 0.93055031
-1.49073080 0.06528613 -3.40506628 0.99573772
-1.78680746 0.69106196 2.31164714 0.52243336
2.75289790 0.46038643 3.24287279 0.78804434
-4.78455350 0.39409866 -0.74274729 0.84468625
-4.10582516 0.84775183 -5.48165313 0.28131684
-1.84444511 0.00543444 0.93648407 0.99997047
4.25462265 0.50291610 1.15530270 0.74707539
-2.60282988 0.19518666 -4.84325269 0.96190217
-0.19092144 0.60225128 -5.58652722 0.63729340
4.62589859 0.76384924 5.33076305 0.41653433
0.57627456 0.05363376 5.43515142 0.99712342
-5.22911064 0.62147337 -0.41048909 0.61377085
2.46801229 0.61729703 5.86700235 0.61894438
-4.78572454 0.48234777 5.90975486 0.76734063
1.62251221 0.05915581 0.06446643 0.99650059
-1.08181377 0.33774230 0.53799615 0.88593014
-2.04392815 0.89506823 -0.56201322 0.19885286
3.64942377 0.61238684 -4.68467982 0.62498236
-3.45752938 0.30726968 1.92337972 0.90558534
-0.26358510 0.53217183 1.87199975 0.71679315
4.23719687 0.77589110 1.41627577 0.39799300
4.05499554 0.68430077 1.49944556 0.53173245
-1.93897360 0.88255690 0.05188002 0.22109333
-2.40863593 0.75146845 6.16858816 0.43529517
-2.03705931 0.91193712 -1.58084348 0.16837068
4.58101821 0.39507497 0.78331546 0.84391577
4.85412018 0.06748359 0.57719463 0.99544596
-2.13271465 0.48900423 0.75063061 0.76087487
3.93873581 0.81588341 2.68623102 0.33433427
2.34106704 0.06033964 5.77086898 0.99635913
-6.12079696 0.53549278 -1.98108914 0.71324748
4.17368172 0.11839703 -1.04487045 0.98598214
-3.40833163 0.88265304 -1.47061989 0.22092361
-1.77005934 0.26919848 5.95948187 0.92753218
-0.45863791 0.58450520 6.12097933 0.65835367
-2.33446887 0.30261011 0.27936876 0.90842712
-3.99052039 0.40534524 -6.01042105 0.83569524
-2.99120791 0.53911164 -4.41208666 0.70935864
-3.18529705 0.78496478 1.59470619 0.38383030
-2.00598548 0.34700339 -5.15253228 0.87958865
-2.13078875 0.75806768 -4.27705644 0.42533339
-0.59070362 0.17114264 2.00407013 0.97071020
-2.29969375 0.76874275 0.90941513 0.40903459
2.54381110 0.92701137 -0.00263130 0.14064993
2.45468638 0.26113964 -1.69482270 0.93180609
-3.47896903 0.87319133 1.10846297 0.23753690
-0.65509755 0.20259724 0.53910792 0.95895436
5.28111771 0.60147988 1.23120451 0.63822196
-1.62636286 0.06050091 1.27182229 0.99633964
-0.24153004 0.82713365 -4.25745039 0.31584993
0.05351253 0.80273522 -3.53039787 0.35561616
-0.15481971 0.14964849 -1.58292558 0.97760533
2.43893006 0.83330758 -0.71984691 0.30559847
4.37599607 0.30653335 5.93115820 0.90603730
-5.33166092 0.03930385 5.85858358 0.99845521
-5.96642434 0.03537427 -6.08377543 0.99874866
0.60141216 0.13922928 0.78369121 0.98061521
-0.28144443 0.12926487 -4.72001574 0.98329059
1.56479694 0.52943167 -4.04294775 0.71970211
3.03752425 0.64809151 -5.10090664 0.57997739
-3.93955160 0.36723036 0.91776771 0.86514186
-1.30609565 0.90964229 2.35291212 0.17255091
0.09452176 0.13010107 -0.13425870 0.98307371
2.75620551 0.52737762 0.06802976 0.72187285
3.65140584 0.98838534 1.00627280 0.02309442
3.05160657 0.63348740 -5.76393980 0.59869372
-4.23691623 0.48108124 -5.70564838 0.76856084
-2.80034984 0.22725482 0.61451372 0.94835525
1.67952161 0.72468098 -1.20181701 0.47483747
-5.43827478 0.89508112 4.72306265 0.19882979
-5.34320252 0.86032798 5.76000381 0.25983577
5.95697676 0.94529269 0.70234824 0.10642173
1.83482626 0.12588568 -0.12209934 0.98415280
4.95351866 0.08364650 -0.36934619 0.99300326
1.53729860 0.16621435 -5.99728298 0.97237279
-3.33126455 0.95968134 -0.48249622 0.07901172
-2.72910858 0.61601732 -4.26985706 0.62052266
0.89517803 0.35356056 0.15786582 0.87499493
-4.02924460 0.71769366 0.40456522 0.48491581
-3.91625937 0.95204807 2.27822933 0.09360448
4.60829644 0.19710906 0.97096530 0.96114802
-2.13393356 0.94486169 0.20450327 0.10723639
-2.97165161 0.25405762 -5.75850982 0.93545472
-0.88999633 0.10144951 0.84678076 0.98970800
-5.35014105 0.91490308 3.70107779 0.16295235
4.65840709 0.27961593 0.69413527 0.92181493
5.49246799 0.02765746 -5.44156763 0.99923507
1.57315666 0.73548486 1.25069270 0.45906202
-5.29618979 0.73112307 5.34875392 0.46545905
0.58225085 0.71680633 -0.54056200 0.48618869
6.16732678 0.70880395 5.56697279 0.49759695
-4.64035424 0.16347371 -5.57531557 0.97327635
2.45774219 0.50134240 -6.12797934 0.74865580
-0.83529383 0.39520807 0.69400292 0.84381058
-1.25940159 0.61034186 0.02323622 0.62748281
4.24661182 0.69017162 6.23931844 0.52366314
-2.93808305 0.48461395 0.16994459 0.76514932
3.90832614 0.18847581 -0.53171214 0.96447687
4.74252705 0.88285231 5.29397027 0.22057180
-1.78416015 0.50366354 -4.28784085 0.74632304
5.56708478 0.70834809 -5.51002315 0.49824298
3.31978366 0.06087221 2.37135604 0.99629457
-0.45590736 0.21513274 -6.12572684 0.95371790
3.94159579 0.27074165 0.11388755 0.92669896
3.53417673 0.54001259 -0.08694847 0.70838641
-0.92245245 0.43448889 -5.59334769 0.81121941
-0.48734683 0.52161532 -0.10983386 0.72791746
-0.36184057 0.43153470 -4.87070672 0.81377780
-3.35700986 0.57427507 -5.80523512 0.67020814
2.60023235 0.18931687 -0.38570840 0.96415912
3.77263085 0.02433545 0.81312885 0.99940779
1.50860429 0.94738218 1.76595244 0.10246701
4.61707172 0.11340595 0.34733221 0.98713909
-1.34767830 0.73936149 6.14484810 0.45334459
5.17346859 0.68121363 -0.68787283 0.53594799
3.39230324 0.42627656 -1.13894178 0.81828829
3.34956324 0.74695801 5.77181475 0.44205373
-2.02146966 0.82890393 5.97208768 0.31291827
3.65726973 0.42249567 -1.40718471 0.82149741
-1.22847544 0.80868309 0.87102216 0.34603166
-1.96803324 0.99910627 -2.76555544 0.00178666
3.96905382 0.79639352 -3.47180803 0.36575735
0.86268525 0.61214657 -2.26114964 0.62527658
6.14401329 0.24195908 4.49084579 0.94145580
-4.86313477 0.12700211 6.15298280 0.98387046
0.90266903 0.88462309 1.07391005 0.21744198
1.24212292 0.51134169 0.63235003 0.73852968
4.63390075 0.94268888 -4.23724354 0.11133767
-2.10919049 0.50770188 5.69832619 0.74223880
-5.48749899 0.60114346 0.20416057 0.63862654
3.38954819 0.29699845 -5.29357178 0.91179192
1.82076213 0.94941466 2.76733878 0.09861181
1.96664743 0.85295130 -1.90079898 0.27247409
-1.37047956 0.45054469 -5.32035843 0.79700949
-1.13599143 0.62365310 -6.06967979 0.61105681
2.95652998 0.01220540 -0.27107742 0.99985103
0.70299117 0.08366114 -0.51361182 0.99300081
-2.09697629 0.73298965 5.61116629 0.46272617
-3.05532884 0.38723098 -3.26913084 0.85005217
-3.87871131 0.18141463 -2.65003863 0.96708873
-5.85871336 0.22898895 -2.47216947 0.94756406
1.91038560 0.41207395 -1.91083007 0.83019506
0.52862815 0.60580359 4.74669841 0.63300201
5.69740726 0.44137758 4.76767549 0.80518583
2.75055761 0.01275436 5.39373563 0.99983733
1.39886780 0.95782324 -4.66111140 0.08257464
0.19800353 0.89740276 -5.78390785 0.19466829
4.39665214 0.20208655 -5.71660341 0.95916102
-2.11953264 0.87632078 6.27918133 0.23206188
3.49956355 0.96547997 -4.10158336 0.06784842
-2.09508862 0.36351090 4.96292595 0.86785982
3.59483195 0.80518783 5.24637421 0.35167256
2.08648106 0.79076210 -5.15048367 0.37469530
-4.82422201 0.00000000 -1.00768818 0.00000000
4.07386230 0.00000000 -6.21604135 0.00000000
1.00670168 0.00000000 -5.21757551 0.00000000
3.53830686 0.00000000 -6.10448232 0.00000000
-3.69036808 0.00000000 2.29291699 0.00000000
-5.53581360 0.00000000 -6.09783924 0.00000000
4.89117077 0.00000000 6.00550597 0.00000000
-0.78537402 0.00000000 -2.73502068 0.00000000
-2.55365531 0.00000000 4.82330784 0.00000000
-4.48997779 0.00000000 2.70124508 0.00000000
-2.48697023 0.00000000 2.44371548 0.00000000
4.50613995 0.00000000 1.26906083 0.00000000
5.14798830 0.00000000 -3.10320258 0.00000000
-5.64132276 0.00000000 -0.24522838 0.00000000
4.86076539 0.00000000 -5.12687921 0.00000000
3.18843032 0.00000000 -1.61565137 0.00000000
-0.16595292 0.00000000 -0.37715153 0.00000000
-1.59922834 0.00000000 0.48021127 0.00000000
-5.75458230 0.00000000 2.70595976 0.00000000
2.55348338 0.00000000 -2.11244137 0.00000000
-2.60585076 0.00000000 -1.51558338 0.00000000
-1.29646449 0.00000000 3.00724057 0.00000000
2.94890217 0.00000000 -1.57441621 0.00000000
-4.19193765 0.00000000 5.71159179 0.00000000
3.20625013 0.00000000 3.32147377 0.00000000
2.13574614 0.00000000 1.99187959 0.00000000
-5.00587337 0.00000000 4.19642708 0.00000000
-5.74260357 0.00000000 -2.11072303 0.00000000
6.02921600 0.00000000 1.63627085 0.00000000
-3.20646681 0.00000000 3.64240654 0.00000000
5.56234979 0.00000000 -1.76652493 0.00000000
-5.52711194 0.00000000 -2.53336995 0.00000000
-5.70332730 0.00000000 4.08322502 0.00000000
1.53964411 0.00000000 4.04315014 0.00000000
0.85425529 0.00000000 -0.42934638 0.00000000
1.58726536 0.00000000 5.15820498 0.00000000
-0.43030516 0.00000000 -1.43341639 0.00000000
0.56070522 0.00000000 -5.94488139 0.00000000
3.09359835 0.00000000 2.81926115 0.00000000
-4.04388287 0.00000000 -1.81905409 0.00000000
1.81188215 0.00000000 5.09862051 0.00000000
3.40742322 0.00000000 -3.48730632 0.00000000
6.01092986 0.00000000 -4.93394816 0.00000000
-0.96202229 0.00000000 5.04103083 0.00000000
-2.23614916 0.00000000 -2.41993613 0.00000000
-2.92296409 0.00000000 1.56229458 0.00000000
-6.14987034 0.00000000 -5.83241239 0.00000000
-5.53503771 0.00000000 3.14365932 0.00000000
-3.53070745 0.00000000 -3.61844388 0.00000000
5.85257630 0.00000000 -3.41957716 0.00000000
-4.39265119 0.00000000 -2.86907358 0.00000000
2.78163430 0.00000000 -2.86948668 0.00000000
-0.19593298 0.00000000 3.13104434 0.00000000
-5.20046596 0.00000000 1.05000487 0.00000000
0.22869202 0.00000000 1.58868925 0.00000000
-5.90122907 0.00000000 4.32694699 0.00000000
3.17949899 0.00000000 1.05788785 0.00000000
1.52121036 0.00000000 -3.56754670 0.00000000
3.93494942 0.00000000 3.23902417 0.00000000
3.17942707 0.00000000 2.67599816 0.00000000
-3.72444081 0.00000000 -6.20054221 0.00000000
-4.45304981 0.00000000 0.15600244 0.00000000
2.08982362 0.00000000 -4.62350606 0.00000000
0.70774622 0.00000000 -5.04846449 0.00000000
6.17410088 0.00000000 0.99462975 0.00000000
1.74081728 0.00000000 -4.13670539 0.00000000
-0.60451199 0.00000000 0.88695288 0.00000000
1.91073644 0.00000000 -3.55330031 0.00000000
-4.78615514 0.00000000 3.37540310 0.00000000
3.35097447 0.00000000 3.93609754 0.00000000
-5.72087426 0.00000000 3.04997112 0.00000000
3.86762604 0.00000000 0.75501644 0.00000000
4.78808696 0.00000000 1.09513699 0.00000000
-5.98209045 0.00000000 -2.68406066 0.00000000
1.44498981 0.00000000 3.85838883 0.00000000
5.98605067 0.00000000 4.90335852 0.00000000
3.76423987 0.00000000 2.25974192 0.00000000
-5.55605972 0.00000000 -6.15167203 0.00000000
0.40108884 0.00000000 -0.02889993 0.00000000
4.87756054 0.00000000 -0.70267365 0.00000000
4.39801397 0.00000000 -4.77233526 0.00000000
3.92004881 0.00000000 5.66604597 0.00000000
4.46539580 0.00000000 -4.11250000 0.00000000
-3.98901187 0.00000000 -4.10129958 0.00000000
-5.82975048 0.00000000 -5.63324832 0.00000000
-3.19665073 0.00000000 6.22243416 0.00000000
2.24273792 0.00000000 3.68588086 0.00000000
5.58434492 0.00000000 0.32459631 0.00000000
-3.94933742 0.00000000 -2.14095107 0.00000000
-5.24953292 0.00000000 0.05397878 0.00000000
3.47916196 0.00000000 -4.63601921 0.00000000
-5.41459458 0.00000000 0.09840441 0.00000000
3.11224994 0.00000000 0.64542946 0.00000000
3.05172136 0.00000000 6.01688051 0.00000000
-3.16486844 0.00000000 4.16201465 0.00000000
-0.16708761 0.00000000 1.24227924 0.00000000
-4.72629663 0.00000000 -3.66114659 0.00000000
-4.65554507 0.00000000 4.56422732 0.00000000
3.82245750 0.00000000 0.65485393 0.00000000
-5.69912802 0.00000000 3.58887755 0.00000000
-5.16636075 0.00000000 -4.55835161 0.00000000
-2.70408976 0.00000000 4.86589352 0.00000000
4.25946109 0.00000000 1.71760506 0.00000000
1.33843822 0.00000000 4.49792010 0.00000000
1.27173624 0.00000000 4.47960167 0.00000000
3.38532710 0.00000000 -0.21783246 0.00000000
-0.85194132 0.00000000 -5.10030236 0.00000000
-4.36732970 0.00000000 0.96329069 0.00000000
1.27424476 0.00000000 -0.11556844 0.00000000
-5.51930539 0.00000000 4.14507986 0.00000000
1.89123196 0.00000000 -1.82995420 0.00000000
-0.70614788 0.00000000 -5.47696190 0.00000000
4.23640324 0.00000000 5.74872211 0.00000000
-2.10793533 0.00000000 1.37898677 0.00000000
-5.71705789 0.00000000 -1.92797399 0.00000000
-2.83411332 0.00000000 2.65018756 0.00000000
5.53010704 0.00000000 6.28252986 0.00000000
-2.28153648 0.00000000 -5.82989644 0.00000000
1.02386769 0.00000000 1.96595661 0.00000000
2.43400069 0.00000000 -4.55933062 0.00000000
-1.90886009 0.00000000 -4.22136943 0.00000000
5.38739254 0.00000000 -1.40361107 0.00000000
-0.71892782 0.00000000 0.99904383 0.00000000
1.36969284 0.00000000 3.61828424 0.00000000
2.72425338 0.00000000 -1.72797539 0.00000000
-3.39902319 0.00000000 4.25932421 0.00000000
2.93967650 0.00000000 0.19778190 0.00000000
-3.81878679 0.00000000 -1.82709606 0.00000000
-1.55542948 0.00000000 2.61758624 0.00000000
6.13661476 0.00000000 4.08157300 0.00000000
1.81947061 0.00000000 -5.39677529 0.00000000
-3.11621991 0.00000000 -1.79882690 0.00000000
5.43634216 0.00000000 -0.88595418 0.00000000
-2.17505105 0.00000000 -5.13478219 0.00000000
1.53906745 0.00000000 0.79592726 0.00000000
-4.88376532 0.00000000 -2.64984041 0.00000000
0.71329811 0.00000000 2.61220037 0.00000000
2.21979557 0.00000000 -4.36721371 0.00000000
-6.07874513 0.00000000 5.46725133 0.00000000
1.30667990 0.00000000 -6.11265111 0.00000000
0.99701675 0.00000000 2.29250541 0.00000000
2.06714895 0.00000000 -1.96097069 0.00000000
-1.40451568 0.00000000 4.40852669 0.00000000
-4.40395321 0.00000000 -2.36528481 0.00000000
