0.420822 0.0487718
0.412464 0.0267918
0.373507 -0.0477831
0.333045 -0.0121843
0.332915 -0.0354745
0.411177 -0.0829574
0.472253 -0.00363145
0.347803 0.0564766
0.405183 -0.0107233
0.381058 0.0214826
0.36454 0.0877038
0.392249 -0.0379744
0.342878 0.0200329
0.408997 0.0383691
0.487727 0.00507561
0.452206 -0.00113855
0.373635 0.02353
0.434698 0.0619496
0.47242 0.0493221
0.382161 -0.0319013
0.366517 0.0412986
0.352201 0.0206477
0.428806 -0.0124157
0.395091 0.0526326
0.370228 -0.152819
0.351759 0.0323159
0.420462 -0.00837582
0.437202 -0.0120208
0.462518 0.0305839
0.421133 -0.0391004
0.424616 0.0338262
0.43727 -0.104965
0.347017 0.000573632
0.436102 0.0308887
0.42938 -0.0751048
0.367587 0.0352134
0.403513 0.0101968
0.429049 -0.0936582
0.393624 0.0177388
0.430611 0.0320988
0.404432 0.0344501
0.454927 -0.00046495
0.427749 -0.000181871
0.435397 -0.0379035
0.371298 -0.109633
0.378243 0.0245094
0.460407 -0.0228591
0.481834 -0.0506583
0.421216 -0.0956561
0.443173 0.0570419
0.4395 -0.0419222
0.341643 0.037894
0.473273 0.000922671
0.409037 0.00200026
0.460237 -0.0487726
0.41552 0.0560558
0.438937 0.0491534
0.415888 -0.0199041
0.4013 0.00686785
0.38555 -0.0800223
0.457696 0.053183
0.5106 -0.0283286
0.439238 -0.0360371
0.440197 -0.00679455
0.502045 -0.0255506
0.375345 -0.026624
0.387652 -0.036117
0.382413 -0.0415271
0.455194 0.0476835
0.403046 -0.00092443
0.369187 0.0275824
0.362189 0.00705297
0.398686 0.0253053
0.427356 0.0422973
0.4345 -0.0735616
0.447116 0.0860302
0.326754 -0.00711261
0.368497 -0.0214378
0.438058 0.00226533
0.519599 0.0626524
0.407497 -0.010544
0.467653 0.0560348
0.425269 0.0249814
0.443446 0.0444103
0.383842 -0.00500122
0.414846 -0.0255586
0.393039 0.00481687
0.466538 0.000300195
0.430742 0.060058
0.494345 0.036004
0.439169 -0.0241652
0.412115 0.0175767
0.481766 0.0456126
0.322202 0.0447493
0.395237 -0.0578779
0.383043 0.0571524
0.395535 -0.0467706
0.396354 -0.0512949
0.426447 -0.0288766
0.392348 -0.0238801
0.414017 0.0140221
0.42915 0.0456009
0.435449 -0.00717657
0.393995 0.0691899
0.374209 0.0425949
0.449956 -0.0103613
0.376769 -0.0511035
0.470382 0.0311472
0.377589 0.0327554
0.417355 -0.0125616
0.414421 0.0983971
0.405783 0.0119532
0.426685 0.108022
0.435315 -0.022251
0.444708 0.0631275
0.560865 -0.0119013
0.400428 0.001565
0.365036 0.02747
0.491872 0.0596627
0.39539 -0.0189166
0.392254 0.0116147
0.42734 0.0354165
0.356739 -0.0445727
0.368006 -0.0545391
0.395388 -0.00545288
0.346621 -0.00890693
0.376167 -0.0295774
0.408904 -0.0734743
0.353079 0.00504773
0.425608 -0.00389086
0.425084 -0.00193471
0.445768 0.0165289
0.384428 0.0360642
0.459748 -0.00936896
0.454128 -0.0186111
0.422049 -0.052164
0.384645 0.0201042
0.437118 -0.0748253
0.355573 -0.15063
0.387142 -0.0177357
0.472413 0.0801584
0.390034 0.00770007
0.469802 -0.079246
0.430284 0.0113931
0.359466 -0.0442236
0.405208 -0.105621
0.400891 0.0162496
0.397058 -0.0502293
0.361323 -0.061984
0.444472 -0.0222965
0.441456 -0.0866495
0.436144 0.0230939
0.421578 -0.046505
0.369518 -0.0231551
0.36149 0.0204333
0.534504 -0.0792126
0.366316 0.0762625
0.404919 -0.0300526
0.360262 -0.0560878
0.476532 -0.034691
0.44303 -0.0309055
0.431331 0.0204457
0.390348 -0.0286946
0.366096 0.00817948
0.410041 -0.0180379
0.479897 -0.0122534
0.434551 0.0606234
0.411134 0.0319068
0.479861 0.00400428
0.398834 -0.0419537
0.399235 -0.0157681
0.408229 0.0356646
0.4384 0.0147839
0.414526 0.0830746
0.352988 -0.0241691
0.36826 -0.00959509
0.399809 -0.0106898
0.424159 0.017665
0.403651 -0.0370604
0.487176 -0.103371
0.421035 -0.0383206
0.448918 0.0471969
0.421056 0.0502303
0.455596 0.101872
0.441159 -0.0251765
0.394265 0.0631825
0.485912 -0.0207647
0.440816 0.0145396
0.425666 -0.00551777
0.436763 -0.0472827
0.467265 -0.0381576
0.355117 0.00300248
0.428159 0.058017
0.370412 -0.0285221
0.324016 -0.000197768
0.42796 -0.0349669
0.462568 -0.0445707
0.389252 -0.038643
0.393435 -0.00376035
0.355138 -0.052203
0.376492 -0.0382133
0.41011 -0.0570231
0.447778 0.0145744
0.37899 0.0355523
0.354179 0.0248461
0.378354 -0.0734338
0.403922 -0.0455655
0.418555 0.0695826
0.45914 -0.0529206
0.328459 -0.00763619
0.396745 -0.0161648
0.361207 -0.0521554
0.449832 -0.0328047
0.377336 0.0258834
0.35546 0.0563976
0.364991 0.0268817
0.40548 0.0038232
0.386456 -0.0324097
0.463222 -0.0102534
0.498153 0.0199752
0.597628 -0.00301983
0.445583 0.0661604
0.416977 -0.00144053
0.423543 0.0620739
0.367898 -0.0192187
0.474293 0.057087
0.409199 0.0608414
0.444328 -0.116647
0.486237 -0.0458057
0.421414 0.0142576
0.398385 -0.015296
0.452263 0.0648591
0.452976 0.0310412
0.46585 -0.0663958
0.382804 0.0754168
0.422458 0.0241174
0.422256 -0.0205814
0.333546 0.0476686
0.473726 0.0506281
0.369225 0.0174064
0.402943 0.0221972
0.448049 -0.0532076
0.368711 -0.0297023
0.473589 -0.047371
0.439374 -0.0395529
0.392796 0.0224172
0.487831 0.0658093
0.45949 7.77926e-05
0.35947 0.010612
0.321422 0.00924474
0.437953 0.0104747
0.394282 -0.0414279
0.43932 0.0890285
0.371941 -0.0236879
0.452489 0.0203257
0.310711 0.0283737
0.413554 -0.0224549
0.416869 0.0350517
0.495752 -0.00381753
0.407801 0.0727247
0.491316 0.00150272
0.345081 -0.0105883
0.324 0.050048
0.398992 0.0745376
0.418214 -0.104637
0.348612 0.0256783
0.380528 -0.0133894
0.428297 0.0663687
0.389515 -0.041095
0.389191 -0.0441948
0.45689 0.126682
0.398528 -0.0175049
0.373457 -0.052213
0.419319 -0.00072412
0.398049 -0.0421601
0.395088 0.00975085
0.515149 0.0201922
0.343385 0.00933648
0.318343 0.0611732
0.492343 0.00128493
0.291073 -0.0237211
0.476515 -0.0178494
0.381688 0.0599334
0.396483 -0.0391934
0.34729 -0.136416
0.353339 -0.0787804
0.35448 -0.0139236
0.569722 -0.0496423
0.391166 0.0610091
0.346507 0.0292199
0.418283 0.00558979
0.33848 0.0259484
0.34389 0.0736492
0.418693 -0.0604844
0.434874 -0.0831527
0.36597 0.0449954
0.428899 0.036693
0.453489 -0.0077465
0.407483 -0.00715859
0.391051 -0.0266139
0.350425 -0.00999254
0.456042 0.0124871
0.375563 0.0287263
0.323453 -0.0453337
0.446409 0.0213627
0.382098 -0.000749715
0.458991 0.0294985
0.466942 -0.0205774
0.352386 0.0224967
0.381659 0.0018647
0.451807 -0.0627638
0.416393 -0.0106292
0.371767 0.0724752
0.442587 -0.0190837
0.370236 -0.0189905
0.464496 0.0963625
0.346414 -0.0489739
0.437643 0.104975
0.449263 0.0806543
0.373757 0.0210098
0.403621 0.0138758
0.350213 -0.0836044
0.486489 -0.0425303
0.490343 0.0586455
0.4151 0.0263837
0.43041 0.0120279
0.396404 -0.077058
0.346212 -0.0234167
0.399691 0.0632986
0.477786 -0.122053
0.36384 0.0254336
0.46247 -0.0154706
0.373436 0.0480706
0.322355 0.0332504
0.322908 -0.0326344
0.494468 0.00629305
0.370736 0.0235687
0.389607 -0.000699321
0.400102 0.057888
0.418146 -0.0476508
0.372003 0.0192809
0.403884 -0.0232568
0.332763 -0.00204487
0.345234 0.039735
0.394044 -0.0650569
0.463064 -0.0474999
0.347651 -0.0171388
0.442079 -0.00842151
0.380395 -0.111814
0.421838 -0.0146033
0.404305 0.0298036
0.381794 -0.00680758
0.35142 0.00191968
0.397217 0.024174
0.326101 -0.0230552
0.51673 -0.0597149
0.360865 0.0697214
0.371697 -0.0333017
0.410338 -0.0284425
0.433786 0.0171323
0.466188 -0.0049206
0.424762 0.0162586
0.440186 0.00748763
0.377785 0.0433508
0.422518 0.000137412
0.347779 0.0741353
0.443893 0.0247067
0.460562 0.0460643
0.429482 0.0354638
0.461661 -0.00763158
0.465289 -0.0692337
0.404755 0.0444803
0.424523 -0.0563637
0.443943 -0.0486515
0.413435 0.0384164
0.441307 0.0405886
0.463294 0.00344253
0.333293 -0.026701
0.377369 -0.0382435
0.429457 -0.0655811
0.420689 -0.036088
0.411406 -0.0482647
0.370661 -0.042813
0.438552 -0.0308942
0.440615 0.0199454
0.411964 -0.0485423
0.449916 0.0112077
0.368259 -0.0560425
0.414589 -0.0391499
0.374742 0.0887744
0.452501 0.0719868
0.405344 -0.0134321
0.318543 0.0478542
0.424983 0.057733
0.429543 -0.021638
0.410471 0.064382
0.426774 -0.0462266
0.451211 -0.00832973
0.49289 0.0266052
0.384743 0.0114305
0.393081 -0.0119067
0.327232 0.0113936
0.375732 -0.00323074
0.44127 -0.0313571
0.401106 0.0611451
0.4169 -0.0309511
0.463894 -0.0162546
0.328086 -0.0448004
0.474339 0.0122861
0.427302 -0.0310111
0.404923 -0.0841418
0.490588 -0.00733177
0.446839 -0.0404306
0.3558 -0.00586083
0.406396 -0.0949359
0.461199 0.0567814
0.401732 -0.0182538
0.423182 -0.016897
0.409487 -0.0170554
0.373024 0.0486216
0.434979 -0.0616601
0.36537 0.0795238
0.360835 0.0607108
0.481238 0.000216848
0.360393 -0.0024254
0.420343 0.0360318
0.437163 0.0561833
0.442521 -0.00949764
0.428845 0.0635124
0.434642 -0.027307
0.391289 -0.0582426
0.424777 0.0321891
0.414664 0.0466054
0.48873 -0.0300136
0.507115 -0.0556624
0.435051 0.0644459
0.356353 -0.0424665
0.427543 0.0967837
0.439481 -0.0841923
0.496076 -0.0387428
0.393543 -0.00751714
0.355175 -0.00511251
0.409321 -0.0502639
0.497106 0.0380291
0.419702 0.0309102
0.408402 0.0558966
0.413132 0.00131887
0.425204 0.0413102
0.39827 0.0151943
0.457611 -0.0592195
0.519133 -0.00627028
0.504032 0.0338795
0.412164 -0.0138034
0.440716 -0.0065322
0.474839 0.0399575
0.418054 -0.0750617
0.373528 -0.0267803
0.414311 -0.0653191
0.439511 0.016493
0.364849 -0.0118191
0.371026 0.0552275
0.448203 -0.0400249
0.439091 0.0409036
0.442442 0.0248742
0.37188 -0.0478319
0.457491 -0.0170094
0.369136 0.00869549
0.387608 0.00051362
0.345874 -0.0094748
0.389932 0.0315749
0.38683 -0.027437
0.36193 0.0232941
0.487194 0.0404757
0.385509 -0.0678365
0.389955 0.0203213
0.387316 0.0297888
0.376674 -0.102822
0.326274 0.0403315
0.413377 -0.00715117
0.420629 -0.0277749
0.423589 -0.0136594
0.360637 -0.0193893
0.369224 -0.00092756
0.439524 -0.0448667
0.411191 0.0487264
0.431473 0.0425705
0.415616 -0.0261158
0.386212 0.0935714
0.377729 -0.0326683
0.348588 -0.00851646
0.482215 -0.0584298
0.437209 -0.0946903
0.366971 -0.0287891
0.395969 -0.00663601
0.411816 0.0632549
0.368363 -0.0565145
0.483952 0.0155616
0.424602 0.0134396
0.381862 0.0197276
0.344461 -0.0774716
0.404316 -0.0951751
0.394131 0.02167
0.421514 -0.0303547
0.453111 0.0172563
0.411745 -0.0795542
0.376284 0.0101785
0.432031 -0.030707
0.476351 0.0333289
0.338846 -0.0689589
0.384923 -0.0171605
0.400171 -0.0247121
0.3911 0.0969825
0.402803 0.0133469
0.41293 0.0411617
0.403179 0.0322322
0.379729 0.0620801
0.431096 0.0809211
0.394339 -0.0111813
0.442738 -0.0513082
0.381981 -0.0269251
0.371321 -0.00752981
0.373052 -0.0404279
0.457796 0.0660591
0.326386 -0.0079725
0.340647 -0.00348067
0.440293 0.0401769
0.476564 0.031314
0.445502 0.00775602
0.362535 0.107459
0.420175 -0.00478419
0.453819 0.010991
0.420641 0.03025
0.463648 -0.0163187
0.390602 0.0246918
0.385648 0.120105
0.395735 -0.0412074
0.477403 -0.0737881
0.342306 0.0355424
0.48039 -0.0223349
0.403861 -0.013861
0.429155 -0.0461046
0.378515 0.0192088
0.488494 0.0396341
0.386999 0.0351893
0.451092 -0.0433361
0.452405 -0.103486
0.41319 0.122331
0.340327 0.0492166
0.362523 -0.0520142
0.331872 0.0599682
0.418473 0.0103735
0.365177 -0.0590363
0.403572 -0.0170493
0.372651 -0.0253522
0.4681 0.0318203
0.449398 -0.117612
0.367704 0.0268209
0.40235 -0.0310922
0.329571 0.0275323
0.454655 0.0566915
0.410306 -0.0418773
0.323071 -0.0241503
0.403183 0.0427684
0.434605 0.00390953
0.415205 0.0236564
0.455245 0.00299502
0.405129 0.0576524
0.339099 -0.0161144
0.415625 -0.0435447
0.381154 -0.021954
0.479384 0.0123652
0.410384 -0.0859479
0.502418 0.0439672
0.378829 0.050366
0.344299 0.0521898
0.365385 0.014313
0.36638 -0.0399273
0.472471 0.0965284
0.343288 -0.111447
0.417679 -0.0125982
0.373664 0.00912197
0.471638 0.0265603
0.48253 -0.0264479
0.387757 0.00472574
0.456149 0.0579164
0.400487 0.044198
0.385859 -0.00705581
0.395283 -0.045902
0.405178 0.00804333
0.36814 0.0316333
0.339173 0.0676907
0.381577 0.0537816
0.319771 -0.01272
0.360015 -0.146387
0.416928 0.0751297
0.421377 0.0324263
0.422836 -0.0232733
0.389365 -0.018546
0.406624 0.00584669
0.434174 -0.0662396
0.297261 -0.00708205
0.361915 0.0338968
0.43098 -0.0376933
0.348702 0.0187833
0.378916 -0.0259858
0.346673 0.0377591
0.247303 0.0354389
0.419144 -0.0795763
0.423818 -0.0149356
0.363656 -0.0458202
0.397394 -0.0402588
0.344488 0.0436153
0.453474 0.056989
0.420924 -0.0172874
0.436291 0.0522371
0.323008 -0.0128031
0.451586 0.0665917
0.445315 -0.0356213
0.450946 0.0147981
0.372431 -0.0436184
0.492791 0.0154693
0.365486 -0.0871892
0.368336 -0.0201317
0.38723 0.00974918
0.414727 -0.0748814
0.391431 -0.039686
0.393163 -0.0249549
0.413397 -0.0168368
0.444019 -0.0507736
0.402762 -0.0121789
0.471459 -0.0410662
0.438833 0.10462
0.350175 -0.0246721
0.430202 -0.00112871
0.481669 0.0280216
0.477432 -0.030644
0.409501 0.00573102
0.378293 0.0584269
0.468776 0.0193413
0.432085 -0.0537865
0.370297 0.0141994
0.431023 0.0490658
0.414985 0.0105932
0.450836 0.0352051
0.466448 0.0193736
0.438122 0.0581769
0.353844 0.110857
0.435318 0.0904144
0.364068 -0.0249056
0.346837 -0.0291329
0.366422 -0.0449469
0.344817 0.00262438
0.381396 -0.0660313
0.410136 0.0484615
0.462244 -0.0146193
0.400135 0.0379683
0.400988 0.0338701
0.333897 -0.0134782
0.376571 0.0483696
0.376049 0.0336872
0.423419 -0.000620884
0.453405 -0.00474017
0.406173 -0.0460315
0.3079 -0.0503806
0.418686 -0.0308484
0.432497 -0.0388363
0.398386 0.0213356
0.368808 0.0312725
0.419462 -0.0749394
0.423474 -0.0272185
0.399315 0.0257316
0.491679 0.0459516
0.435577 -0.0477786
0.336648 0.0174696
0.333023 -0.014316
0.39584 0.0146222
0.415421 -0.0332003
0.423525 -0.0946218
0.464731 0.0377246
0.442492 0.0731227
0.404774 -0.0520819
0.341325 0.020314
0.437183 0.0754072
0.422235 0.0264353
0.376212 0.0215288
0.427871 -0.0324373
0.450822 0.0471971
0.362143 0.0165781
0.443606 -0.00122932
0.425473 -0.0837191
0.299594 -0.00583672
0.377301 0.00303049
0.315453 0.0380046
0.40847 -0.0250157
0.374603 -0.0335734
0.407482 -0.0196568
0.533961 0.0404
0.371489 -0.0271257
0.445963 0.0934739
0.419538 0.021988
0.428696 0.0101118
0.391274 0.0844809
0.396629 0.00859089
0.387899 0.00270785
0.400853 -0.0115008
0.40526 -0.102517
0.397931 0.0148782
0.407095 -0.0466473
0.435117 0.0734185
0.462854 -0.0144427
0.450718 -0.0555885
0.440681 -0.0704233
0.371947 -0.0281623
0.484827 -0.0414482
0.402283 -0.0460373
0.392241 -0.00538807
0.421212 0.0607265
0.465731 -0.0524112
0.409334 -0.123251
0.44927 0.0756178
0.434659 -0.0402343
0.433654 -0.0113539
0.344884 0.00535256
0.38667 0.0679669
0.366806 -0.0342786
0.34231 -0.0435012
0.493354 0.0283129
0.387511 -0.0289465
0.433207 -0.039984
0.368773 -0.0833805
0.36188 0.00668663
0.464908 -0.0350288
0.381791 0.0474006
0.331346 0.0448292
0.390807 -0.035985
0.491774 -0.0661473
0.399255 0.0128902
0.400049 -0.0256641
0.382408 -0.0196893
0.376707 -0.0162128
0.359506 -0.0368874
0.409485 -0.00274132
0.412223 0.00353902
0.339236 -0.0101367
0.481881 -0.081811
0.427601 0.0119625
0.364595 0.0479688
0.385844 0.0239544
0.433874 -0.0207616
0.432729 0.0505112
0.471376 0.0410903
0.38045 -0.00447391
0.451625 0.0533157
0.443162 0.0206096
0.407194 0.0764675
0.461448 0.0198124
0.438058 0.0319389
0.365216 -0.0264975
0.458805 0.0345399
0.304812 0.0263449
0.446295 -0.155152
0.421351 0.103112
0.376615 -0.0183971
0.373259 -0.00351143
0.321607 -0.00618412
0.460374 -0.0163122
0.478698 -0.00935064
0.330785 0.0305983
0.497784 0.00158933
0.438212 0.0198804
0.412727 0.00598739
0.400326 -0.0338616
0.374001 -0.0454438
0.483865 -0.0454516
0.434049 -0.0263988
0.471664 -0.0138625
0.469905 0.012611
0.402525 0.0418136
0.31325 -0.0575623
0.392128 0.0444834
0.403637 0.0282863
0.45212 -0.0146605
0.434815 -0.0505706
0.324795 -0.00261817
0.403107 0.0567104
0.412497 0.00573672
0.40257 0.0874221
0.380347 -0.0208748
0.300164 -0.0349101
0.42634 0.0474607
0.381289 0.019477
0.379799 0.0149183
0.3733 0.007081
0.392926 0.00175472
0.323448 -0.0442586
0.418845 0.0224461
0.402107 -0.053916
0.337 -0.0169456
0.397191 0.07429
0.383019 0.0131269
0.444714 -0.0175054
0.335 -0.0319029
0.400261 0.000367731
0.37217 -0.0200711
0.381794 0.120966
0.342187 -0.0724221
0.4057 0.0373847
0.382128 0.0170279
0.348281 -0.0208124
0.347758 0.053917
0.369638 -0.00824671
0.461979 -0.0107838
0.458885 0.0387124
0.338201 -0.0157142
0.329026 0.0108305
0.438733 -0.0366322
0.514258 -0.0110896
0.403177 -0.0773783
0.395562 0.0832139
0.40469 -0.0179338
0.412214 0.0237099
0.460829 -0.030431
0.366113 -0.0494561
0.427679 0.0126772
0.377938 -0.103892
0.477528 -0.038812
0.325642 -0.00380617
0.329176 0.0734881
0.410349 -0.0307618
0.421403 0.0136534
0.42128 0.0317908
0.415581 0.062005
0.433014 -0.0250249
0.399354 -0.0657405
0.358812 0.0939873
0.362891 0.0393297
0.421153 -0.0026209
0.356007 0.0740348
0.45066 0.0559165
0.315066 0.067998
0.388873 0.0846144
0.380785 -0.00280408
0.315803 0.0107335
0.363615 0.0153023
0.363182 0.00950057
0.358129 0.0395809
0.309629 -0.0184965
0.402627 -0.0532142
0.366976 -0.0045331
0.425522 0.0164162
0.403415 -0.0153743
0.461628 -0.02323
0.348168 -0.0547818
0.389086 -0.00102926
0.403625 -0.1067
0.443326 -0.0296124
0.486307 0.024056
0.434983 -0.0100411
0.427931 -0.0316321
0.47983 0.00294689
0.337173 0.0438358
0.37087 -0.0678169
0.44594 0.070733
0.382382 -0.0615979
0.332448 0.00771105
0.359917 -0.0909004
0.373911 -0.000910522
0.444253 0.0539937
0.435087 0.00267148
0.457724 0.0479554
0.358915 -0.0621615
0.383647 -0.0359641
0.432453 -0.0841123
0.414211 0.0311436
0.419222 -0.0139682
0.28804 -0.0172204
0.458814 -0.00485628
0.458039 -0.000477545
0.418916 0.0169418
0.33858 -0.00289461
0.400666 0.0123369
0.495157 0.00106274
0.432973 -0.0739459
0.480753 -0.00993247
0.427144 0.0476633
0.355032 -0.0181164
0.365396 0.055443
0.403402 -0.0387309
0.374136 0.00489395
0.392975 -0.0182178
0.421892 -0.0450568
0.416381 -0.11303
0.497769 -0.00782552
0.407867 0.0590179
0.351677 -0.0664475
0.369952 -0.021595
0.35897 -0.00949525
0.407883 0.0457228
0.452373 -0.062609
0.402277 0.044835
0.422096 0.10802
0.375151 -0.0335719
0.435443 -0.0465579
0.328794 0.0153415
0.423991 -0.00160029
0.462613 -0.0785561
0.405187 -0.0735056
0.449163 -0.0274563
0.313143 -0.120203
0.412211 -0.0353024
0.464809 -0.0150068
0.376862 0.0335777
0.403439 0.0258381
0.37802 -0.0632935
0.371918 0.0288464
0.40401 0.074319
0.394744 0.0260816
0.483015 -0.0359123
0.436575 -0.0210631
0.389061 -0.0316442
0.419092 0.0179787
0.465993 0.038517
0.480655 0.013476
0.414531 -0.0125458
0.337363 -0.108834
0.487685 0.00862382
0.461487 0.0182999
0.449046 -0.0740117
0.479384 -0.0479023
0.315345 0.0587519
0.284296 -0.0207685
0.327576 0.00967962
0.422608 -0.01429
0.431641 0.0389957
0.433814 0.0455465
0.51374 -0.00748867
0.332122 0.0618445
0.460477 0.0165108
0.409817 -0.0672853
0.321702 -0.0600575
0.409683 -0.0077141
0.441664 0.0670999
0.403047 0.00241496
0.406424 0.00581418
0.384189 0.035446
0.365761 0.0418729
0.44418 -0.00602937
0.430149 -0.00333706
0.45261 -0.00458627
0.39059 -0.00632363
0.424303 0.0188411
0.330721 -0.00683541
0.437685 -0.00975866
0.390199 -0.0148997
0.468919 -0.0337059
0.401068 0.00930545
0.36113 0.0743227
0.447606 0.0212851
0.431077 -0.0434621
0.412274 0.0288218
0.493178 -0.0326773
0.370996 0.0449989
0.34848 -0.0255117
0.309393 0.0149007
0.365879 0.0235567
0.446585 -0.0434978
0.31535 0.0048277
0.479764 0.0358599
0.435452 -0.0305304
0.398377 0.00174682
0.360835 0.0742205
0.525913 -0.0012039
0.466632 0.0215532
0.416191 -0.0077687
0.330768 0.000763658
0.386726 -0.0447743
0.448532 0.062461
0.391113 0.0471884
0.315745 -0.0690625
0.361821 0.046109
0.455831 -0.0427835
0.433046 -0.0151468
0.460864 -0.0069215
0.448384 0.0323536
0.370769 0.0161415
0.377001 0.0946187
0.412449 -0.0309544
0.392393 -0.0596391
0.434004 0.0293769
0.350082 -0.0303476
0.391231 -0.0376302
0.31429 -0.0738705
0.463868 -0.0546832
0.337674 -0.0232775
0.410371 -0.00490666
0.321154 -0.0164626
0.418767 0.0545455
0.465001 -0.0492134
0.398252 -0.10702
0.35539 0.0513572
0.406606 -0.000254498
0.471303 -0.0529224
0.50538 -0.00857706
0.450643 -0.0103377
0.349262 -0.0325282
0.452039 0.0186821
0.436102 -0.0487303
0.491091 0.0933993
0.34425 -0.00844103
0.444945 0.0465771
0.388741 -0.0282071
0.413846 -0.0378831
0.431213 -0.0115876
0.353024 -0.00619606
0.360155 0.0170711
0.358779 -0.031096
0.407562 -0.0203181
0.443362 0.020176
0.401909 -0.08262
0.378495 -0.0426382
0.416406 0.0071076
0.407494 0.05431
0.395439 0.0106349
0.428395 -0.0307716
0.392607 -0.0238483
0.358114 0.0519726
0.412094 -0.0369327
0.442017 0.0280808
0.387529 0.0165471
0.395645 -0.0312745
0.391978 0.0339616
0.418305 -0.0218068
0.45012 0.0340916
0.407994 0.0368503
0.33222 -0.0694806
0.428968 -0.024523
0.376046 -0.0535633
0.47234 0.0715013
0.48 0.00120436
0.388067 -0.0384562
0.433211 -0.0156776
0.415483 0.0537053
0.420451 0.0206941
0.515196 0.0645467
0.357841 -0.056986
0.409615 -0.0552585
0.373861 -0.0327109
0.336552 -0.0605036
0.387107 0.00406718
0.394151 -0.023328
0.448691 0.0044673
0.433429 0.02478
0.443153 0.0838304
0.464502 0.0283374
0.422782 -0.0166346
0.442801 0.0071717
0.405216 -0.00670504
0.379209 0.0466271
0.342941 -0.0656235
0.31758 0.0269537
0.423525 -0.0530227
0.395552 -0.0632352
0.438567 -0.0441512
0.48783 -0.00424594
0.411488 0.0104304
0.28794 0.00647368
0.387092 -0.0351028
0.366694 0.00989858
0.469436 -0.00796576
0.430868 -0.0700523
0.396504 -0.0912223
0.379179 0.0237151
0.379525 -0.00489985
0.373628 -0.0203121
0.384812 0.00639512
0.389901 -0.0202602
0.401231 -0.0105203
0.43874 -0.017294
0.344921 0.100321
0.386995 -0.113764
0.389214 -0.0268446
0.363451 -0.0277475
0.381699 0.0117464
0.465708 0.0426956
0.432638 0.016583
0.417208 -0.0309068
0.401713 -0.0723709
0.452473 0.0134392
0.40948 -0.00643834
0.433136 -0.0327703
0.401407 0.0109872
0.455104 -0.0254865
0.449005 0.00373092
0.36459 0.0748449
0.422106 -0.062125
0.4084 0.0750291
0.474185 0.0368948
0.455587 -0.0370472
0.376754 -0.0170529
0.398577 -0.0309174
0.39806 0.021837
0.387255 -0.0937409
0.426916 -0.0193927
0.435247 0.0265406
0.340005 0.0227347
0.407875 -0.00163768
0.413304 0.0445391
0.41332 0.130588
0.445831 0.0201391
0.344858 0.0230957
0.489112 0.0338023
0.401661 -0.0795395
0.343295 -0.0270659
0.430981 -0.0547321
0.368947 -0.0566625
0.380651 0.00649375
0.431031 0.0210502
0.441217 0.0121728
0.450192 -0.0371292
0.453493 -0.0409266
0.426156 -0.100289
0.387202 0.0837813
0.389358 0.0342045
0.479009 -0.0189775
0.347607 0.0733366
0.418727 -0.0119571
0.461545 -0.0312368
0.414489 2.45701e-05
0.326405 0.014785
0.352744 -0.0159822
0.401332 -0.0901824
0.376776 0.000439861
0.348203 -0.0252132
0.463046 -0.0969928
0.434937 0.0780917
0.399324 0.00348734
0.436422 -0.0687801
0.301633 -0.0189855
0.374141 -0.0217837
0.434102 -0.0792733
0.394127 -0.0280236
0.42363 0.010454
0.375505 0.0335581
0.426957 -0.0863906
0.369094 -0.0453132
0.418183 0.0103388
0.418504 0.091652
0.389764 0.0731302
0.407458 0.0277171
0.417395 -0.0576637
0.449618 0.0410047
0.460592 0.00129145
0.390328 -0.0136946
0.464248 -0.0260672
0.51476 -0.0569167
0.400861 0.034542
0.458444 -0.0352916
0.422909 0.0462528
0.379368 0.108859
0.441791 -0.00450804
0.423673 0.0361899
0.384484 -0.0405376
0.402624 -0.0639109
0.4624 0.104675
0.402603 -0.0789588
0.407858 -0.0381634
0.477801 -0.0193813
0.438207 -0.033462
0.408528 0.0091902
0.381447 -0.0478968
0.441323 -0.00729263
0.425236 -0.0477782
0.382975 0.0386908
0.439032 0.0667095
0.397624 -0.013503
0.356589 -0.0406823
0.367584 0.0685491
0.314142 0.0113369
0.413871 -0.062525
0.389653 -0.0280931
0.355956 0.067351
0.44875 0.013333
0.346096 -0.0320187
0.361996 0.0184787
0.434252 -0.068535
0.407125 0.0122993
0.4232 -0.094597
0.426299 0.028086
0.348603 -0.0554057
0.42109 -0.0076442
0.455536 -0.067165
0.327429 -0.0264248
0.451348 0.0203498
0.344589 -0.0496329
0.361373 0.0422101
0.419165 0.00366791
0.461297 -0.0145265
0.40443 0.0807863
0.36252 0.0105112
0.414785 0.0099459
0.366781 -0.0165174
0.399297 0.000879381
0.422081 0.0494341
0.461351 0.00560107
0.489889 0.0395143
0.352316 -0.0801409
0.419773 0.00930118
0.419344 0.00701364
0.377587 -0.0100191
0.459428 -0.0391783
0.385168 -0.0560336
0.433666 -0.0495673
0.471035 0.0789358
0.424715 0.0246602
0.279954 -0.0392548
0.378774 -0.00157084
0.303942 -0.0326912
0.454269 -0.0124162
0.494481 0.0630419
0.394791 0.012429
0.41864 -0.0976553
0.407 -0.0319042
0.392073 0.0733951
0.419582 0.0466823
0.495185 -0.0250139
0.467651 -0.0796624
0.331937 0.0079565
0.418875 0.0326123
0.474621 0.0971083
0.429938 -0.0577148
0.477039 -0.00834432
0.354864 -0.00784277
0.375677 0.03889
0.444841 0.0066763
0.431181 0.0316854
0.438924 0.0162982
0.356342 -0.0493258
0.431144 -0.0506998
0.393492 -0.111868
0.320724 -0.0887916
0.38611 -0.0910163
0.364849 0.0519182
0.39039 0.0469704
0.375409 0.0475996
0.387009 0.025455
0.434278 -0.0573594
0.389047 0.0277148
0.294354 0.0222117
0.379212 -0.0706509
0.441007 0.014872
0.3791 0.0803038
0.391902 -0.062879
0.404257 0.0491267
0.41817 -0.0641288
0.451158 0.0486093
0.352206 -0.0287709
0.403366 0.0702081
0.46119 -0.120422
0.375358 0.0484954
0.338045 -0.0160389
0.446343 -0.0704038
0.365251 -0.00810736
0.421743 0.0436205
0.443437 -0.0362273
0.396242 0.0146487
0.415304 0.0416698
0.3988 0.0409353
0.418899 0.00118789
0.39723 -0.0147705
0.431248 -0.0603828
0.379625 -0.0530417
0.32072 -0.0276328
0.42665 0.0379133
0.453479 -0.0361027
0.379933 0.132425
0.442669 -0.0456468
0.471921 0.0751576
0.432419 -0.00998559
0.401109 0.118065
0.365888 -0.0375088
0.439721 -0.0212642
0.352869 0.0450307
0.344144 0.0103456
0.423655 0.0135007
0.450464 -0.00820629
0.430896 0.0426184
0.387555 -0.0320823
0.480177 0.00399294
0.378673 0.0147269
0.400396 0.0188593
0.431315 -0.0513704
0.446742 0.0388387
0.420904 0.00144216
0.408003 -0.0267532
0.417443 -0.0975095
0.393129 0.0073798
0.455644 0.0617054
0.388339 -0.0725958
0.251322 -0.0270906
0.353178 0.0305402
0.387932 0.0424243
0.356986 -0.0185775
0.345208 0.0557215
0.524388 -0.106305
0.377429 0.0766378
0.353532 -0.000504154
0.323116 0.0586568
0.381108 -0.00245426
0.479531 0.00698645
0.396185 -0.103273
0.397816 -0.032672
0.333753 0.0825479
0.317528 0.0183077
0.328561 0.0183237
0.295409 0.00692037
0.400565 0.0193707
0.406061 0.039511
0.344245 -0.0364461
0.438467 -0.0776049
0.388021 0.0788362
0.371417 -0.0535483
0.499187 0.0494436
0.35386 0.0696579
0.372395 -0.0224666
0.477123 0.0319946
0.387521 -0.000277785
0.403694 0.0522994
0.482889 0.0209837
0.412368 -0.0495207
0.355112 -0.134512
0.510306 0.0547661
0.462166 0.0442131
0.333413 0.0696285
0.427843 -0.00251871
0.487139 0.0782876
0.457681 0.117111
0.47703 -0.0575293
0.507917 -0.0264409
0.440391 0.00695151
0.414251 0.0323446
0.473814 0.106476
0.432602 0.00904107
0.492285 -0.00401662
0.452764 -0.0377556
0.399611 -0.0549407
0.397209 0.0492096
0.441813 0.0701771
0.370928 -0.037388
0.454349 0.0348377
0.385101 -0.0968727
0.442219 -0.0504617
0.532764 0.00911502
0.453019 -0.00405007
0.434232 0.0789631
0.402881 -0.00562995
0.38756 0.00735231
0.450441 -0.0724644
0.359677 -0.0108314
0.456147 -0.0874953
0.49921 0.0479835
0.500514 -0.0811806
0.400673 0.0687957
0.382568 0.0930686
0.414341 -0.00903587
0.407671 0.0323554
0.3392 0.106033
0.452827 0.0129173
0.394035 0.0540507
0.36851 -0.0332002
0.354977 0.0511893
0.489143 0.0160431
0.470773 0.126605
0.431188 0.0129836
0.500238 -0.0270435
0.382585 -0.0331653
0.399977 -0.0838051
0.320714 -0.00730448
0.397642 0.00617153
0.367275 -0.0238498
0.351765 -0.005194
0.411937 -0.0155279
0.417692 0.0403128
0.47381 0.0150766
0.348196 0.0260086
0.375416 -0.0273388
0.408206 -0.0278227
0.359632 0.0215699
0.44053 0.0230261
0.456261 0.0359797
0.420938 -0.0264662
0.362849 0.0211463
0.357795 0.0694951
0.404905 -0.0719928
0.419468 0.104506
0.446462 -0.0570189
0.402283 0.0272637
0.45765 0.0291479
0.279486 0.066068
0.358829 -0.0268881
0.408954 0.034172
0.299229 -0.0127081
0.506523 0.0148622
0.43363 0.0595762
0.342211 0.0443042
0.38107 -0.0415254
0.418679 -0.000911194
0.36195 0.0013007
0.382122 0.026583
0.412788 -0.0448114
0.34729 -0.0325642
0.349202 -0.0441566
0.456929 -0.0838894
0.303779 -0.00402961
0.444355 0.00386691
0.403339 -0.0603842
0.437644 0.0111128
0.471424 0.00173929
0.478077 0.0369998
0.383733 0.0394974
0.344386 -0.00335453
0.411185 -0.0221464
0.417411 -0.0650001
0.379282 -0.00623411
0.403517 -0.0127219
0.374315 0.01068
0.362701 -0.0871102
0.433992 -0.00708594
0.377265 -0.0253123
0.352864 0.0103362
0.383855 -0.0655446
0.331037 0.0219118
0.368892 -0.0286835
0.445216 0.063127
0.449416 0.0114381
0.437784 -0.0272242
0.357765 -0.0398613
0.36903 -0.0275793
0.475412 0.0296789
0.398161 0.00859124
0.355478 0.0058931
0.422433 -0.0700583
0.444441 -0.0191894
0.355633 0.0933253
0.41313 0.0273642
0.343472 0.00562671
0.3633 0.0117193
0.448222 0.0430715
0.446536 -0.00470116
0.317065 -0.0595079
0.42301 -0.0966787
0.411253 -0.0598914
0.47743 -0.0160783
0.448996 -0.00474858
0.421001 -0.0209649
0.491695 0.0167056
0.351792 -0.0127152
0.48687 -0.0205997
0.417274 0.000754121
0.424673 -0.0453911
0.399971 0.0179912
0.33572 0.00489307
0.330478 0.032373
0.459135 0.117565
0.346887 0.0677146
0.449677 0.0394396
0.458477 -0.0579342
0.397702 -0.00389917
0.387903 0.090149
0.460743 0.0154133
0.422279 0.0398348
0.46731 -0.0251521
0.474728 -0.0143197
0.35293 -0.0115764
0.455453 0.0104057
0.401063 -0.0435836
0.297715 0.0251872
0.404938 0.0301886
0.416363 0.0316687
0.439374 -0.0620719
0.392221 -0.0678796
0.373582 0.0895219
0.392802 -0.0723689
0.375882 0.117597
0.495637 0.0470912
0.384714 8.34467e-05
0.419399 0.0862077
0.38098 -0.0758856
0.439425 0.0559017
0.391484 -0.010681
0.34989 -0.0242726
0.441726 -0.0430124
0.411664 0.0126932
0.463139 0.0634433
0.462103 -0.127312
0.398097 0.00902065
0.498024 0.0482718
0.405879 -0.0571825
0.426224 -0.0114047
0.439522 0.0190559
0.422474 0.0670906
0.374712 -0.0393628
0.424875 -0.00270697
0.438764 -0.0767772
0.412943 0.023365
0.474257 -0.00515686
0.408584 0.0504833
0.436398 0.0431199
0.40349 0.0665071
0.364502 0.00133681
0.438933 0.0260378
0.45843 -0.0271642
0.400639 0.0209142
0.407215 -0.0296625
0.520703 -0.0428987
0.412004 0.0366969
0.479339 0.0239998
0.422611 -0.0613219
0.421511 0.0297136
0.371256 0.0251323
0.428805 0.0188024
0.285193 -0.0093473
0.429443 0.0175251
0.395265 -0.0307057
0.416962 0.0283467
0.467369 0.0148264
0.424272 0.0604591
0.452934 -0.0217377
0.405682 0.0564342
0.359847 -0.013821
0.411459 0.0067825
0.476132 0.0725881
0.456505 -0.109979
0.399726 -0.00314851
0.313146 -0.0805596
0.405424 0.0402028
0.460622 -0.0112191
0.455515 0.00900557
0.390035 0.0495407
0.452027 -0.0358583
0.416408 -0.0796812
0.398101 -0.00839739
0.384083 -0.0123494
0.469732 0.0803462
0.401864 0.0705086
0.432813 -0.00923338
0.314365 -0.0481522
0.339111 0.0193215
0.438425 -0.0350631
0.369876 -0.00440139
0.452355 -0.000609951
0.343509 0.0238637
0.386885 -0.036438
0.432999 0.0196246
0.314829 0.02467
0.401471 -0.117134
0.449596 0.0421153
0.397645 0.0852489
0.479692 -0.0212034
0.397239 -0.0307579
0.429333 0.0697533
0.452223 -0.0260117
0.440183 -6.62233e-05
0.397513 0.0535695
0.366442 -0.0423327
0.387174 -0.0545517
0.375018 -0.0301891
0.368084 -0.0474461
0.413532 -0.0156454
0.432343 0.011965
0.441557 0.0741842
0.469948 0.0632949
0.343929 0.0302119
0.369803 0.0277153
0.401771 0.035907
0.401837 -0.0115091
0.428213 0.0718834
0.403575 -0.0206522
0.450773 0.0384942
0.404497 -0.0453601
0.380336 0.0456712
0.447792 0.0388891
0.365382 0.011357
0.330214 0.101099
0.398742 -0.0322467
0.423241 -0.00249248
0.406168 -0.00546551
0.417596 -0.00792221
0.447602 0.0266351
0.291091 0.0806472
0.39382 -0.0587907
0.329722 0.0763698
0.517516 -0.00592906
0.491443 -0.04862
0.429866 -0.0331145
0.492911 -0.0903334
0.408279 0.0223706
0.397201 0.0316974
0.382347 0.00489197
0.372446 0.0898245
0.446573 -0.0238968
0.423168 -0.0343649
0.408987 0.0334408
0.46769 -0.0302418
0.392099 -0.046978
0.281241 0.12399
0.252978 0.0495446
0.380895 -0.00655966
0.39079 -0.0468921
0.404904 0.00165777
0.5109 -0.0254542
0.391098 -0.0189274
0.405083 -0.0110158
0.439267 0.0496723
0.403282 -0.088007
0.287463 0.0322475
0.439075 0.0290862
0.4193 -0.0194143
0.430071 -0.0218971
0.382656 0.0302289
0.405063 -0.0218713
0.410638 0.0229684
0.373265 0.0122293
0.428563 0.00479036
0.342991 -0.0392027
0.391291 0.0127639
0.45747 0.0193121
0.40906 0.0494698
0.426487 0.0138119
0.336523 0.032346
0.388274 -0.00660487
0.396453 -0.00574672
0.384241 0.0103623
0.334912 0.00104187
0.357485 0.0390835
0.484235 0.00699282
0.433788 -0.0106288
0.377699 -0.0262901
0.421506 -0.000384096
0.39777 0.0561233
0.362853 0.0350552
0.464506 0.0256774
0.450663 0.0173004
0.371062 -0.0703541
0.43185 -0.0320886
0.405781 0.00396444
0.406544 0.0250158
0.421269 -0.00875128
0.433442 -0.0129943
0.408175 0.00274959
0.467014 -0.0437864
0.418135 0.0044749
0.352169 -0.0216619
0.484608 -0.00590331
0.420453 -0.0104813
0.383427 0.00171554
0.34801 0.00295916
0.351563 -0.0374646
0.407155 0.0202896
0.363214 0.0166049
0.42731 -0.0812018
0.389005 0.035314
0.362661 -0.0248412
0.53431 0.0635731
0.479389 -0.0111661
0.418776 -0.022107
0.384437 -0.085896
0.38126 -0.00399648
0.453851 0.0671909
0.529469 0.0390202
0.455672 0.00394101
0.461507 0.0463219
0.469579 -0.00430316
0.443193 -0.0310688
0.34645 0.0539004
0.420616 -0.0505407
0.396507 -0.0309996
0.371168 0.0179218
0.41462 -0.0120464
0.441051 0.00322404
0.369259 0.0023625
0.415741 -0.00205552
0.471654 0.0592686
0.391772 -0.0283435
0.373533 0.0386347
0.446569 0.00656774
0.427024 -0.00865944
0.449575 0.0092393
0.461029 0.0369871
0.438681 0.00124404
0.42117 -0.0758598
0.471178 -0.0112512
0.472883 -0.0794655
0.340672 -0.00659181
0.379378 0.0762256
0.417574 0.0542833
0.380031 0.0418068
0.352088 0.00585828
0.502989 -0.0539802
0.360472 -0.02451
0.390641 0.0343788
0.403948 0.0518925
0.499714 -0.0237804
0.397898 0.0559274
0.35431 -0.0106089
0.368881 -0.00941386
0.411352 0.0139588
0.414692 0.0360775
0.394573 -0.0622135
0.378487 0.0830087
0.417487 0.0317739
0.409044 0.0379941
0.313055 0.0385066
0.386363 -0.064525
0.460448 -0.0397701
0.399556 0.0348103
0.384934 -0.0343505
0.398851 0.0152711
0.368233 0.0569303
0.348223 0.0227049
0.40667 -0.00071962
0.410374 0.00390308
0.38103 0.0693736
0.333332 -0.0195265
0.452987 0.00411811
0.434553 -0.0307548
0.479505 0.0201526
0.311219 -0.00377143
0.4082 0.0373458
0.396233 -0.0247645
0.466319 -0.0548504
0.488045 -0.0708557
0.43168 0.00900473
0.461906 -0.0279546
0.412123 -0.0234469
0.416136 0.0913742
0.401744 0.0236693
0.399715 -0.00799501
0.318259 0.0669774
0.455025 -0.0909073
0.414621 0.081234
0.374035 0.00897514
0.412496 0.0436882
0.315177 0.00921147
0.381158 -0.00901983
0.292623 -0.0247807
0.449369 -0.056937
0.428533 0.121926
0.383359 -0.00869002
0.383481 -0.0307284
0.486241 -0.0375455
0.37644 -0.032257
0.434692 0.017075
0.436799 0.0407032
0.468713 -0.0447529
0.396637 0.0508022
0.415825 0.0277964
0.45356 -0.0261947
0.422741 -0.0335853
0.407382 -0.0606971
0.430204 -0.0357475
0.451735 0.0296858
0.475018 0.0296853
0.434228 -0.04751
0.417187 -0.0317328
0.49308 0.0199855
0.411557 -0.00592037
0.388249 -0.0553597
0.398407 -0.0337426
0.444357 -0.0266482
0.376474 -0.00828105
0.415097 0.0845274
0.398204 0.0302689
0.369277 -0.0131726
0.494419 0.0873017
0.420823 0.0148264
0.453326 0.0291992
0.427043 -0.0317882
0.406563 -0.0407437
0.409888 -0.0100047
0.538308 -0.0184289
0.511294 0.0508183
0.40959 -0.01612
0.387078 -0.0780122
0.464688 -0.0172476
0.43012 0.0604968
0.375145 -0.0330155
0.436137 0.019955
0.341299 -0.0937148
0.370675 0.0171669
0.409935 0.0510795
0.356043 -0.0293414
0.402062 0.035898
0.303352 0.104299
0.378755 0.00208548
0.440381 0.00917355
0.452657 0.0372843
0.406671 0.0501348
0.48579 -0.050393
0.392861 0.0129312
0.471299 -0.0711705
0.497116 0.0544955
0.406648 -0.00797337
0.42944 -0.00661048
0.459605 -0.0717778
0.41722 0.0112695
0.44593 -0.117011
0.411133 0.0231044
0.400997 0.0499451
0.44964 0.00780034
0.393736 0.058191
0.46519 -0.0617298
0.474634 0.0401702
0.514943 0.0534546
0.407543 -0.00171728
0.350631 -0.014838
0.432534 0.06092
0.364444 0.0638194
0.417551 -0.0171211
0.391592 0.0632959
0.479868 -0.033543
0.45235 -0.00983064
0.404945 0.029313
0.427106 0.066288
0.469884 0.00266279
0.53164 0.00553307
0.447893 0.0226516
0.346855 0.0402111
0.502814 -0.00925663
0.450427 0.00867085
0.336229 -0.0212003
0.387163 0.045128
0.380213 -0.0158536
0.412217 0.0924309
0.438368 0.00670553
0.402716 -0.0104003
0.428368 -0.0374734
0.389719 -0.0476308
0.434761 -0.0357385
0.416593 -0.0743488
0.483579 -0.0139767
0.476334 0.0290026
0.445687 0.0336185
0.335659 0.0302019
0.40036 0.105872
0.358105 0.0196169
0.424782 0.0395832
0.329202 0.025853
0.380289 -0.0325565
0.415637 0.0284728
0.486758 -0.00392149
0.474264 0.0542375
0.466976 0.0252845
0.478673 -0.0999715
0.460576 -0.0413288
0.456077 -0.0540051
0.39252 -0.0353191
0.394379 -0.0387012
0.373172 -0.0190542
0.407297 0.00801249
0.388829 -0.0223057
0.42355 0.0273599
0.429871 0.0103887
0.42281 -0.0566492
0.447276 0.0749268
0.443311 -0.0619659
0.41436 -0.0128068
0.402012 -0.0932756
0.362155 -0.00757436
0.361559 0.023964
0.456869 0.0766158
0.380273 -0.023718
0.415814 -0.0981652
0.393509 -0.0361214
0.419107 -0.0627195
0.447941 0.0818958
0.512211 0.042821
0.378335 0.0464378
0.398119 0.0273678
0.383149 -0.0382024
0.440026 -0.0204703
0.399371 -0.024435
0.400787 0.00360397
0.396378 0.00197212
0.359316 0.0517286
0.4589 0.0177113
0.408378 -0.00885963
0.513749 -0.000344288
0.4559 -0.0150289
0.44158 0.0294433
0.35901 0.0611569
0.376332 0.0507913
0.397741 -0.0033776
0.436701 0.0306674
0.387931 -0.00771293
0.408676 0.0222789
0.448229 -0.0457523
0.419496 0.00147266
0.365216 0.0404946
0.329029 -0.0553699
0.405012 -0.0361252
0.314963 0.00317829
0.349438 0.0244799
0.438096 0.0129754
0.388154 0.0381551
0.389105 0.053631
0.414296 0.010459
0.439752 0.0480635
0.375141 -0.0258913
0.387718 -0.0626184
0.343677 -0.0516183
0.407284 -0.000512762
0.498225 0.0134043
0.436379 -0.0416879
0.398356 0.0132699
0.353207 -0.0835419
0.46687 0.0276827
0.275233 0.031424
0.362681 0.00374529
0.402536 -0.0110233
0.452077 0.071054
0.395898 -0.0385575
0.422422 0.0672173
0.351221 0.00632708
0.306511 -0.0109111
0.400663 -0.00151105
0.460534 -0.0871749
0.413673 0.0110133
0.394708 -0.0175114
0.33959 0.0252541
0.348227 0.0858037
0.391464 -0.0193721
0.420521 0.0727337
0.445746 0.0224465
0.439087 0.0409342
0.439969 0.00447227
0.458673 -0.0217402
0.405968 -0.0469727
0.42592 -0.0330812
0.40384 -0.0313731
0.398031 0.0868567
0.402656 -0.00617786
0.4276 0.0148325
0.349411 -0.0179622
0.457694 -0.0519813
0.390692 -0.114018
0.445517 -0.0189792
0.436885 -0.0497373
0.364477 -0.0597588
0.322508 -0.0729817
0.39417 -0.0585969
0.411744 0.00912302
0.380951 -0.0797686
0.352699 -0.0034031
0.425215 0.0430901
0.348943 0.0374813
0.426612 -0.00483042
0.347267 0.00887381
0.431822 0.0116866
0.349507 -0.0154596
0.481258 0.0568427
0.442676 0.0286003
0.393156 0.0293923
0.409148 -0.124189
0.422246 -0.0501467
0.407683 0.0218792
0.443904 -0.0213694
0.449988 0.0148485
0.370163 0.0117219
0.358631 0.0975249
0.399108 0.0946193
0.445471 0.00191326
0.402029 -0.108482
0.393186 -0.0641546
0.376386 0.0270234
0.343311 -0.0471631
0.359024 -0.0155863
0.405326 -0.0132897
0.447121 -0.0731855
0.378617 0.0186142
0.398551 0.0387164
0.370436 0.0470495
0.34836 0.0106129
0.313988 0.0525834
0.472736 0.0458759
0.429709 0.0528343
0.423763 0.12299
0.346214 0.0438161
0.408106 -0.0212013
0.383694 -0.048688
0.42326 0.000305578
0.428094 0.0452408
0.507845 0.0514797
0.41414 -0.0542681
0.377657 0.0232184
0.358332 -0.0739592
0.322852 -0.0614954
0.438004 0.0613087
0.404956 -0.0612487
0.447433 0.0017358
0.375531 -0.0260129
0.421274 -0.000576299
0.507352 -0.031749
0.372254 -0.0159035
0.396722 -0.124871
0.436914 0.00788369
0.401149 -0.0176764
0.434226 0.0389325
0.412163 0.0645996
0.450598 0.0484921
0.333007 0.0631597
0.383033 0.00865777
0.450805 -0.0552797
0.367541 0.0595855
0.397095 -0.058093
0.39311 -0.0270583
0.308018 -0.0679349
0.363362 -0.0207176
0.435647 0.0464917
0.38629 0.0593902
0.380655 -0.0193615
0.428905 -0.0289189
0.409979 0.0197834
0.360118 0.018255
0.414861 -0.0365269
0.389926 0.0385027
0.374268 -0.043197
0.425908 -0.00670624
0.3415 0.0542838
0.320464 -0.0785788
0.385761 -0.0281697
0.366089 0.0311558
0.352805 0.0700726
0.432002 0.0960337
0.355509 0.0818094
0.412427 0.0292559
0.36709 -0.0825318
0.405196 -0.110294
0.414998 0.0818885
0.416912 0.0338871
0.418863 -0.0271618
0.33901 0.0451572
0.412245 -0.0240407
0.451219 0.00459916
0.499674 -0.0462802
0.417398 -0.0456817
0.38656 2.88481e-05
0.399141 -0.00801836
0.341587 0.0595957
0.487454 0.0418525
0.4747 -0.0503198
0.462139 -0.0158383
0.356739 -0.00955777
0.331507 -0.0509776
0.290453 0.0829658
0.359816 0.133495
0.382736 0.0122964
0.440097 -0.0219909
0.401802 -0.0101326
0.422374 -0.0375002
0.4007 0.0641914
0.425201 0.0846362
0.407496 0.0179043
0.423471 -0.0417281
0.427092 0.0807171
0.432523 -0.0292812
0.418607 -0.0499415
0.46199 0.0613147
0.441428 -0.00505373
0.390212 0.0570254
0.429011 -0.0149741
0.414672 -0.0676533
0.434835 0.0494609
0.371964 -0.130239
0.381823 -0.01098
0.329638 0.0503255
0.294423 -0.0581355
0.304319 0.0574799
0.436018 0.0564295
0.388723 0.0386305
0.397846 -0.00420053
0.386373 -0.00184715
0.491359 -0.0301155
0.393182 0.0425323
0.424813 -0.0265062
0.343498 -0.0498446
0.435483 0.0493824
0.411629 -0.0238053
0.37182 0.0229
0.475651 -0.0415848
0.376855 -0.035241
0.364737 0.0743727
0.319325 0.0153692
0.375013 -0.0662615
0.451301 -0.104225
0.44308 -0.0496011
0.423556 -0.0370922
0.371345 0.00858979
0.327311 -0.0619206
0.347726 -0.0574633
0.489356 -0.013976
0.452866 0.123066
0.414692 0.0133271
0.423455 0.0202843
0.450385 -0.0124458
0.428873 -0.0272968
0.34829 -0.0199048
0.412025 -0.0202968
0.347338 -0.00470336
0.392256 -0.0651325
0.456767 -0.109766
0.408502 0.0194339
0.296352 0.0782385
0.375624 -0.0300233
0.494966 -0.0208007
0.465588 0.0387507
0.318637 -0.0651769
0.36445 0.0211476
0.397835 -0.0330089
0.43279 -0.0355181
0.438948 0.00773861
0.394723 0.0671728
0.374813 0.0806041
0.410748 0.104724
0.422464 -0.0547671
0.383316 0.0058843
0.42841 0.0237701
0.358029 0.00756882
0.450838 -0.0350689
0.346494 0.0318771
0.416289 0.00154452
0.389761 0.0375259
0.467311 -0.00270921
0.429318 0.0773883
0.400626 -0.00572061
0.332888 -0.0298916
0.401708 -0.0511442
0.345918 -0.0913087
0.43177 -0.0371113
0.384386 0.00272898
0.450822 0.029046
0.436226 -0.00649992
0.39889 -0.0164066
0.388328 -0.0250678
0.484167 -0.0183083
0.434182 0.0264266
0.402512 -0.0229234
0.42052 -0.0221516
0.402001 0.00135643
0.379806 -0.0271665
0.394245 -0.044414
0.459903 -0.0208791
0.376026 0.0844993
0.405586 -0.0409705
0.360936 -0.0878817
0.34023 -0.0100403
0.388367 -0.0424079
0.40084 0.00530378
0.40893 -0.0704115
0.449178 -0.0257509
0.423734 -0.0347344
0.386982 0.0324266
0.376714 0.0455187
0.422171 0.0151873
0.423597 -0.0653804
0.402225 -0.00407121
0.448299 0.0179992
0.385297 0.0218567
0.43003 -0.0821403
0.441283 -0.0440495
0.479078 0.0479724
0.336397 -0.0173025
0.407322 -0.0923115
0.369475 0.00562333
0.40526 -0.0446533
0.400841 0.0572115
0.381504 -0.0617169
0.447212 -0.0723613
0.402356 0.0370076
0.457067 -0.0192649
0.369839 0.0623738
0.430444 -0.0200758
0.432479 -0.0461619
0.505222 0.062361
0.354696 -0.0695986
0.410943 0.0870325
0.436822 0.0493418
0.452564 0.0161552
0.496765 -0.00902264
0.384198 0.0332319
0.448449 0.0118576
0.431014 -0.00338219
0.40574 0.0631461
0.358012 -0.0750837
0.385882 -0.00630116
0.441352 -0.0263559
0.349253 0.0194338
0.412219 0.0796901
0.413626 -0.00656332
0.445591 0.0781824
0.461361 0.0137688
0.404851 0.101232
0.379571 -0.0993021
0.359597 0.0041942
0.411548 0.0192636
0.371329 -0.00566453
0.411342 0.0650851
0.348909 0.0659986
0.338979 -0.0247658
0.406737 -0.0482144
0.492578 -0.0607769
0.468598 0.0389072
0.406925 0.0363564
0.447226 -0.0167645
0.40314 -0.0811086
0.478687 0.0542269
0.398347 -0.0037327
0.360227 -0.0144983
0.413986 -0.0980113
0.453504 0.0989608
0.409719 -0.0122375
0.436168 0.0110776
0.427889 0.0191403
0.440744 0.0154359
0.317059 -0.00818677
0.517662 -0.0532215
0.388214 -0.0114667
0.477022 -0.109575
0.451004 -0.043487
0.365617 0.0643932
0.396163 0.0286312
0.387549 -0.0393076
0.291629 -0.0829093
0.433263 0.0344105
0.427067 0.00295016
0.361393 0.0268455
0.487691 0.139176
0.427112 0.00698748
0.477623 0.0584842
0.442942 -0.010563
0.269848 -0.0761501
0.373963 -0.0512913
0.429295 0.00902947
0.377599 -0.0253835
0.487406 -0.0258121
0.362655 0.0583072
0.452218 -0.0773841
0.439506 -0.0282855
0.422549 -0.0364627
0.407402 -0.0117153
0.439993 0.0538015
0.393604 0.0358295
0.440551 0.0271674
0.485748 -0.0172211
0.37636 0.0327064
0.460089 -0.0638026
0.415377 -0.0225662
0.350435 0.0211482
0.370528 0.0199133
0.434263 -0.0379919
0.400483 0.0612342
0.429325 0.0349159
0.441747 -0.0361601
0.438034 -7.67447e-05
0.353714 0.0150614
0.352762 0.0355387
0.415098 -0.0704857
0.378742 -0.0138981
0.426382 -0.0322715
0.434182 0.00743836
0.447907 -0.0930798
0.447661 0.0309287
0.411552 0.0662661
0.490385 -0.0279679
0.447827 -0.00960446
0.411532 0.0784515
0.403169 0.00133096
0.35822 -0.0535809
0.341561 -0.0780348
0.359141 -0.0230964
0.360873 0.0238719
0.374426 0.0272175
0.390684 0.00462735
0.441952 -0.0108119
0.493864 0.0456012
0.364242 0.097716
0.372635 0.0500178
0.345952 0.00135325
0.429728 -0.0595453
0.447393 -0.0137208
0.391967 0.0349537
0.41881 0.0695523
0.473178 0.0476244
0.494199 -0.0358688
0.383705 0.021677
0.435539 0.0245448
0.38835 0.0443217
0.442007 0.0281748
0.453272 0.0366728
0.488782 -0.0371991
0.375055 -0.00240837
0.369207 0.0426906
0.48324 0.0294183
0.417527 -0.0628177
0.355521 -0.00606034
0.39913 -0.01937
0.382866 0.0492183
0.430979 -0.0666528
0.44943 -0.0307574
0.469874 -0.094639
0.34125 -0.00330966
0.459208 -0.0180227
0.471999 -0.0712131
0.47111 0.0314769
0.418724 0.0656822
0.303231 -0.034779
0.430303 0.00179413
0.457996 0.0913083
0.492386 0.0336415
0.358017 -0.0569234
0.349332 -0.00883678
0.356529 0.110195
0.488805 -0.0628502
0.394116 -0.0868578
0.488709 0.0376826
0.390342 -0.0201474
0.414988 -0.00869137
0.338823 0.0411021
0.378719 -0.0733443
0.439301 -0.125859
0.394815 0.0255579
0.356581 0.0200832
0.366821 -0.0522923
0.394132 -0.0727596
0.406018 -0.0306414
0.411199 0.0363549
0.45103 0.0558911
0.417328 0.00444563
0.407423 0.0181531
0.443439 0.00266121
0.457885 -0.0627364
0.436291 -0.0282683
0.438356 0.0203742
0.450529 0.0604502
0.417309 -0.0994505
0.410113 0.0619414
0.409909 0.07187
0.435506 0.120445
0.354338 -0.0510999
0.441884 0.00654448
0.420449 0.0120782
0.364983 0.0288395
0.467782 0.0206709
0.430476 0.0147289
0.368427 -0.0386035
0.339953 -0.0155907
0.395875 0.00728576
0.41037 0.0218283
0.406961 0.0281621
0.439714 0.0629191
0.419368 0.00559678
0.442019 0.0421684
0.431063 -0.0217609
0.452428 0.000416097
0.455631 -0.0700891
0.416815 -0.0132976
0.439894 -0.00664695
0.340953 -0.0270134
0.405891 0.00481423
0.464918 -0.0328299
0.471992 -0.0312286
0.443922 0.0152627
0.56028 0.0207142
0.490136 0.0216097
0.375323 -0.0278642
0.474085 -0.0165764
0.407755 -0.122106
0.2769 -0.0652666
0.462284 0.015697
0.424183 0.0778267
0.393842 -0.0592027
0.396595 0.079179
0.394436 -0.0138559
0.437477 -0.0216113
0.39687 -0.0383593
0.310459 0.0835983
0.402052 -0.0498239
0.395866 0.0414606
0.399128 -0.00555955
0.440394 0.0266241
0.436652 -0.0687623
0.416476 -0.0118844
0.394975 0.0174865
0.493103 -0.0562408
0.338479 -0.00673195
0.393367 0.0480859
0.454625 -0.0227331
0.416599 -0.0140516
0.406769 0.0126736
0.40784 0.00988196
0.463314 0.0284127
0.436312 -0.000726003
0.464079 -0.0773565
0.319303 -0.0938668
0.340468 0.0885877
0.462944 0.00760177
0.369243 0.00857486
0.400648 -0.0709306
0.295611 0.0460132
0.357057 -0.0491551
0.512232 0.0194302
0.447371 0.0148719
0.46736 -0.00448023
0.344928 0.118575
0.40897 -0.00723552
0.404875 0.094224
0.416594 0.0705598
0.407615 -0.0100162
0.390817 -0.0574515
0.408384 0.102695
0.347746 0.124199
0.31518 -0.0444276
0.45311 0.0357158
0.376665 0.0491144
0.450434 -0.0418713
0.330685 0.0105816
0.399298 8.70488e-05
0.297576 0.0238186
0.413954 -0.0175445
0.373864 -0.0452982
0.404167 0.0457797
0.415509 -0.00304155
0.409012 -0.0325249
0.36658 -0.0133615
0.411193 -0.0444436
0.394003 -0.0940709
0.367476 0.0144114
0.448967 -0.0740759
0.438611 -0.0528247
0.440156 -0.0513007
0.419473 0.00396223
0.362447 -0.0606839
0.350733 -0.039334
0.428843 0.0664909
0.407709 -0.0773299
0.297907 0.0166168
0.460788 -0.0117387
0.477195 -0.0880878
0.343677 0.049238
0.366889 0.0297636
0.390539 -0.0791363
0.406101 0.0489917
0.404979 0.0497396
0.438532 -0.00084254
0.477681 -0.0550086
0.464514 0.0872866
0.449217 0.0376406
0.360869 0.010112
0.452228 0.0500759
0.450041 -0.0431181
0.39126 0.0356044
0.351136 -0.00250476
0.449397 -0.0127833
0.321833 0.0117654
0.374095 -0.0396727
0.383966 0.0267057
0.410865 0.00350565
0.384009 -0.0290036
0.422373 -0.012463
0.420052 0.103468
0.457357 -0.0612165
0.356943 -0.0303604
0.446952 -0.0204824
0.372897 0.102475
0.318369 -0.0588726
0.388373 -0.0100015
0.377081 -0.0300156
0.333559 -0.0157695
0.366811 0.0399127
0.442087 -0.00181984
0.380218 -0.00767175
0.451682 0.0699454
0.449583 0.0304902
0.34119 -0.0233699
0.46872 -0.0176008
0.460792 -0.039388
0.445771 0.00106326
0.388048 -0.0163956
0.389183 -0.148736
0.431255 -0.0346855
0.390831 0.00245059
0.47584 -0.040292
0.436113 -0.0261313
0.426749 0.0258665
0.47608 0.0414111
0.519665 -0.0157792
0.4161 0.00597899
0.422682 -0.0419075
0.527214 -0.0196666
0.400196 0.0587781
0.407247 -0.0210624
0.404188 -0.02068
0.356878 -0.0559945
0.298629 -0.07261
0.386972 -0.0194405
0.383391 0.0908433
0.444085 0.041523
0.448249 0.0335457
0.442539 -0.0380029
0.447538 0.0565981
0.358564 -0.000457616
0.400001 -0.0236578
0.474636 -0.0343019
0.27848 0.0317247
0.405558 -0.00229343
0.416792 -0.0241733
0.373715 -0.0150712
0.395763 0.0172028
0.461784 -0.0283263
0.456835 -0.00842167
0.426187 -0.0644055
0.347928 0.0140252
0.449492 0.0676164
0.386507 -0.000879021
0.318837 0.125149
0.397372 0.0223361
0.457613 0.0540566
0.46599 0.0326031
0.444739 -0.0862537
0.432009 -0.0558325
0.377211 -0.0266681
0.340589 0.00420566
0.414965 -0.0604195
0.378675 -0.0550294
0.377615 0.0627982
0.429412 -0.0147933
0.410692 -0.0181418
0.42726 -0.0168282
0.370853 0.0345468
0.402109 -0.0186777
0.420932 0.0198395
0.549573 0.00401505
0.446206 -0.0198728
0.474842 0.0328263
0.456396 -0.00915946
0.388598 -0.0674191
0.451229 -0.0740953
0.377264 -0.0380042
0.381577 -0.129004
0.415016 0.0231611
0.419175 -0.0849858
0.461443 -0.0436692
0.366113 0.0115832
0.443426 -0.0255408
0.435587 -0.00649158
0.434979 0.0213541
0.337998 -0.079571
0.45978 0.00750296
0.409374 -0.012393
0.402956 0.070048
0.488761 -0.00821909
0.400954 0.0352399
0.320997 -4.22551e-05
0.450095 0.0614837
0.405241 0.0590991
0.395268 -0.0668492
0.472242 0.0410276
0.445522 0.0207115
0.47076 -0.00476746
0.505587 0.0464831
0.403915 -0.0204415
0.515276 -0.0178968
0.467819 0.0189325
0.427758 -0.012677
0.355501 -0.000372235
0.376156 0.0410693
0.407922 -0.113688
0.407767 0.0674385
0.423543 -0.045703
0.395723 -0.0305408
0.437193 0.00959059
0.43791 -0.0852979
0.400612 0.0767046
0.441386 0.018257
0.428467 -0.0596679
0.447626 -0.0468228
0.419437 -0.026133
0.368594 -0.00177587
0.370162 -0.024245
0.422461 -0.0308597
0.355846 -0.030539
0.422778 -0.0212437
0.428427 0.0283546
0.413406 0.000294925
0.448994 0.0157548
0.385396 -0.0499951
0.442275 0.06409
0.409499 -0.00208799
0.397497 -0.100326
0.529177 -0.0289176
0.474358 -0.0335328
0.346588 0.0243091
0.420574 -0.0142736
0.413536 0.0230584
0.485367 -0.0123265
0.383714 0.0136759
0.489357 0.0623487
0.409292 0.00842661
0.438507 0.0343063
0.322349 0.0854754
0.335277 -0.033452
0.401009 -0.0060261
0.456986 0.104654
0.373227 -0.107146
0.466633 0.013635
0.351196 -0.021745
0.376344 0.0167097
0.476698 0.0875842
0.41775 0.0107055
0.394835 0.0648673
0.313361 -0.115175
0.479692 -0.0805486
0.377062 -0.0281821
0.386745 -0.0285768
0.484978 -0.0980666
0.433899 0.0528874
0.454489 -0.0393976
0.471364 -0.0676001
0.38784 -0.0414957
0.382501 0.0182455
0.388195 -0.0244818
0.356595 -0.0222451
0.457527 0.0363208
0.372693 -0.0692871
0.479534 0.0396563
0.370693 0.0553326
0.434304 -0.0317342
0.442464 -0.0374602
0.4356 0.0662296
0.482663 0.101678
0.431884 -0.0268356
0.467163 -0.0730332
0.410117 0.000877776
0.382788 0.0377611
0.445703 0.00382805
0.404504 0.0288831
0.401934 -0.0121152
0.452288 0.0766538
0.361332 -0.0457593
0.445986 0.00535968
0.379163 0.0239343
0.3872 0.00583096
0.355206 -0.0476814
0.37218 0.00138324
0.429543 0.0613532
0.320275 0.00513564
0.400227 0.0153754
0.376256 0.0612171
0.380095 -0.0214825
0.388248 -0.0602416
0.331761 0.0180515
0.351792 -0.0457531
0.365664 0.0591956
0.39328 -0.0154979
0.393842 0.0134483
0.429549 0.0531879
0.465697 0.00753343
0.483212 -0.0169094
0.415818 -0.0197244
0.3739 -0.00530385
0.417524 -0.0733839
0.440477 0.00928916
0.434039 -0.0254548
0.39304 0.0156341
0.416821 -0.0737491
0.36294 -0.00201771
0.412256 -0.0732486
0.492364 -0.0677582
0.434903 -0.00599205
0.400631 0.0153626
0.391975 -0.0624742
0.387611 -0.0538091
0.419235 -0.0217509
0.401349 0.0202444
0.477019 -0.0542631
0.452485 -0.0395505
0.418108 0.0658543
0.351185 -0.00437484
0.481085 0.105584
0.38428 0.0772905
0.388869 0.0560364
0.35117 0.0167946
0.422818 -0.0207187
0.540205 0.00302014
0.371086 -0.0460455
0.409536 -0.00361204
0.402098 0.0339779
0.456013 0.00062734
0.424803 0.0292811
0.352887 0.062468
0.423278 -0.0341207
0.409881 -0.016273
0.474902 -0.00081668
0.451174 0.0492409
0.416503 -0.0115787
0.457182 0.0383076
0.403228 -0.00216877
0.356651 0.0680886
0.409001 0.00185891
0.426714 0.0248787
0.448495 -0.0500375
0.38002 0.0698509
0.40153 0.0589529
0.438842 -0.0218165
0.435906 -0.0534219
0.474078 -0.02956
0.358716 0.0497405
0.376025 0.0128666
0.433742 -0.101747
0.423738 0.0105622
0.38768 -0.0464695
0.363356 0.039041
0.382217 0.088532
0.416301 -0.0447819
0.413988 -0.014512
0.467825 -0.00406866
0.528739 -0.0995604
0.444527 -0.020976
0.399951 -0.0163487
0.447596 -0.0524628
0.472179 -0.0261272
0.356664 -0.0530524
0.420933 0.0185262
0.40935 0.0299818
0.344769 -0.0190208
0.404545 0.0312101
0.370052 0.0263776
0.402767 0.0216023
0.456516 0.0035002
0.398541 -0.0277823
0.271978 0.0193192
0.373241 0.0336822
0.340434 0.0760428
0.397321 0.0826549
0.470513 -0.0484099
0.420906 -0.0403149
0.425823 0.061094
0.437836 0.0578838
0.435701 0.017838
0.394928 0.0314162
0.335134 -0.0232494
0.398765 -0.0418163
0.366334 -0.0222598
0.37947 -0.0335018
0.411846 -0.0579751
0.369837 -0.018344
0.486285 0.0430664
0.477284 0.0911491
0.418009 -0.0142989
0.322607 -0.0395714
0.420102 0.013974
0.381872 -0.00227858
0.411175 0.018737
0.407497 0.100084
0.441744 0.0237327
0.392251 -0.0486267
0.445765 0.0256535
0.382292 -0.0325162
0.4335 -0.0274046
0.469801 -0.0952146
0.377468 0.00112459
0.384585 0.0244148
0.470625 0.0120833
0.412995 0.0125844
0.503151 -0.0210157
0.37348 -0.0375688
0.414721 -0.0285902
0.473567 -0.127776
0.361497 -0.0844702
0.450553 -0.0162043
0.388906 0.0266802
0.447942 0.0188213
0.368154 -0.054667
0.307163 0.101838
0.448165 0.0178151
0.376438 0.00887498
0.423411 -0.0168397
0.366195 -0.0721486
0.382363 -0.0782387
0.402303 0.02111
0.383019 0.0134619
0.496273 -0.0288865
0.437504 0.0192636
0.444258 0.04037
0.404778 0.0112939
0.378001 0.00530543
0.465687 -0.0482941
0.290359 -0.0135437
0.436322 -0.085607
0.398499 0.00160301
0.458659 0.047297
0.371466 -0.0793199
0.398071 0.0149512
0.42047 -0.0320596
0.439257 0.0497965
0.382992 -0.00484546
0.38914 -0.0190645
0.362662 0.00931643
0.408885 -0.0224137
0.48266 0.0297807
0.42334 -0.047107
0.328234 0.00649551
0.380456 0.0469553
0.375399 0.0317301
0.477157 -0.0528732
0.398731 0.0568664
0.467636 0.0458633
0.387291 0.082209
0.434909 -0.0300634
0.476247 0.112282
0.446458 0.0620948
0.332517 0.0384477
0.415425 0.0270784
0.366652 -0.0400175
0.43709 -0.0195442
0.449436 0.0550278
0.390054 0.0630981
0.472563 -0.0528352
0.423241 -0.00299357
0.405379 0.0748784
0.424928 0.0968461
0.413685 -0.0399083
0.410708 0.0150056
0.478312 -0.00480846
0.375066 -0.0152903
0.385981 0.0663016
0.464549 -0.0502257
0.374442 0.0509117
0.35778 0.0741306
0.496601 -0.0405744
0.340503 -0.0277029
0.455248 0.0230385
0.407614 0.0163433
0.368953 -0.0493233
0.463641 0.0452347
0.384184 0.0671885
0.456532 -0.0570823
0.409471 0.0555547
0.367143 -0.000198923
0.374891 0.0486537
0.37345 -0.0162486
0.379549 0.037093
0.511374 0.111074
0.377336 0.0127127
0.364054 0.025381
0.35597 0.066948
0.460779 0.01968
0.431809 -0.0266693
0.381467 0.088078
0.395978 0.0259374
0.387367 -0.0271858
0.391331 0.033226
0.442668 -0.0260154
0.38609 0.0186598
0.478153 0.0186907
0.372748 0.0331769
0.457384 0.0173639
0.525186 -0.0598002
0.413193 -0.0313994
0.430632 -0.0413847
0.388658 -0.0435863
0.407466 0.00553947
0.31346 -0.0459488
0.404405 0.01874
0.406518 -5.21348e-05
0.35763 0.0459776
0.437064 0.039859
0.30334 0.00725502
0.376953 0.0111422
0.519575 0.0863293
0.456056 0.043235
0.418009 -0.0446064
0.373645 0.123341
0.39093 -0.0401554
0.375826 0.035285
0.436242 -0.02042
0.409285 -0.0763305
0.35896 -0.0634341
0.397207 -0.0615296
0.36679 0.0217779
0.404004 0.0189053
0.374971 -0.0322545
0.417112 -0.0681145
0.414926 -0.0303229
0.433832 -0.100245
0.422832 0.00908955
0.347692 0.0873113
0.401974 -0.0616043
0.436687 0.0228344
0.439005 0.000632072
0.449519 0.0116811
0.398358 0.0731062
0.477061 0.0470101
0.442732 -0.0714703
0.407319 0.0136911
0.374834 -0.0662094
0.470595 0.0350541
0.438865 -0.024608
0.360563 -0.0526177
0.460475 0.00273451
0.344665 -0.0121318
0.547849 -0.0546032
0.45723 -0.00205065
0.356771 0.0171502
0.43115 0.0483684
0.401006 -0.0763699
0.409519 -0.0420651
0.378769 0.0240186
0.378238 -0.0430041
0.388718 -0.0344092
0.384538 -0.0116935
0.368653 0.0257176
0.377882 0.0426114
0.518425 0.0384637
0.397 -0.0683413
0.381041 0.0312255
0.405008 0.0294541
0.473927 0.0462335
0.395745 -0.028485
0.422169 0.016843
0.440088 -0.0992598
0.381917 0.0138642
0.427755 0.00150501
0.445635 -0.0394348
0.347294 0.0539582
0.40039 0.00504913
0.331291 -0.000344726
0.431751 -0.00212327
0.36298 -0.0733852
0.397568 0.0208581
0.415471 0.0415048
0.486293 0.029768
0.463893 -0.0271877
0.365648 -0.0222413
0.400317 0.00832049
0.410951 0.0561635
0.418712 0.00179559
0.405353 -0.0719941
0.429108 0.0237016
0.346745 -0.0283162
0.538543 -0.0958789
0.471081 0.0272986
0.354039 0.0302298
0.406413 0.0211757
0.433997 -0.0379943
0.441875 0.0807116
0.434194 -0.0815189
0.321881 0.0756212
0.391092 -0.0507484
0.380139 0.0309792
0.380556 -0.0119937
0.41427 0.00216667
0.414715 0.0392011
0.453708 -0.0106305
0.475268 -0.062729
0.486898 -0.0344344
0.47906 0.113621
0.358353 0.0404295
0.471052 -0.0176459
0.413611 0.0333008
0.375178 -0.0660148
0.401314 -0.0773687
0.365207 0.00418515
0.366885 0.0171638
0.410442 -0.0455777
0.427724 -0.069656
0.37878 0.0649459
0.447538 0.0175628
0.310083 -0.0236869
0.416876 -0.00942511
0.365668 0.0436509
0.456224 0.00310879
0.362671 0.0821069
0.4479 0.0143437
0.43843 -0.0396206
0.373905 -0.0323389
0.393835 -0.0158159
0.381742 0.0210187
0.38099 0.0219924
0.351394 -0.066572
0.406833 0.0937795
0.418872 -0.0425978
0.391525 0.0389707
0.45228 0.0180418
0.345782 0.0735252
0.414498 -0.0482742
0.307195 -0.0241924
0.459193 -0.0305379
0.445243 -0.0827778
0.364396 0.00689376
0.475409 0.0136472
0.462076 0.0165062
0.45636 0.12636
0.443839 -0.0539244
0.380864 0.0749801
0.454466 0.0544625
0.427986 0.0321484
0.402809 -0.0154264
0.394732 -0.0149751
0.368442 0.0329074
0.326103 -0.0253075
0.328845 -0.0149595
0.514739 0.0380317
0.438072 -0.0582622
0.292863 -0.0506854
0.361882 -0.00733732
0.393337 0.024172
0.399357 -0.0403487
0.37986 0.00867952
0.450947 0.0311801
0.422076 0.00959446
0.454015 -0.0303145
0.399519 -0.0692071
0.40962 0.0100973
0.448029 0.0758058
0.355752 0.155271
0.401162 -0.0828265
0.456531 0.0928285
0.521691 0.0474668
0.436863 -0.0473463
0.448633 0.000903627
0.453219 -0.052229
0.430908 0.00710868
0.444165 0.0122673
0.37825 0.0195721
0.377194 0.0349407
0.402333 -0.042641
0.414589 -0.00973265
0.410176 -0.0363183
0.436814 -0.0444338
0.424389 -0.0238553
0.340692 -0.00927331
0.436198 0.00620803
0.372868 0.0411783
0.393582 -0.00879664
0.464121 -0.0311455
0.460571 -0.0953019
0.366267 -0.00922467
0.333606 -0.116415
0.411855 0.0307188
0.392537 -0.0154532
0.402271 0.0180776
0.404558 0.0156262
0.339441 0.00310719
0.451395 -0.0260953
0.388489 0.0348456
0.468835 0.0935106
0.511935 -0.00357101
0.380218 -0.03735
0.389381 -0.0609187
0.358842 0.00103296
0.371595 0.0331244
0.38293 0.0360151
0.432883 0.00178562
0.465006 -0.0419779
0.424377 -0.0785263
0.388555 -0.000912616
0.471161 -0.00786231
0.503516 0.0207538
0.35937 -0.0226004
0.444763 -0.0115063
0.433974 -0.0732022
0.420043 0.024007
0.365285 -0.030979
0.42504 -0.0993454
0.410097 -0.109217
0.481089 -0.00976595
0.440521 0.0230415
0.353909 -0.0157072
0.455918 -0.0288738
0.318424 -0.0377889
0.437278 0.0544898
0.49493 0.0932095
0.377242 0.0420425
0.387652 -0.0320716
0.384018 -0.00319486
0.476129 -0.0265489
0.371978 0.0644914
0.297094 -0.0199968
0.323609 -0.0133775
0.416851 0.0517829
0.426056 -0.0514603
0.429775 0.00302445
0.42416 0.0504353
0.374058 -0.0457901
0.466988 0.0472989
0.471265 0.000538342
0.361976 -0.0207411
0.468374 -0.0564473
0.435104 -0.0503949
0.419785 -0.0424733
0.32835 -0.0637062
0.399656 -0.0251446
0.416137 0.00737299
0.411244 -0.0115114
0.38519 -0.0123353
0.446453 0.0457891
0.448097 -0.0346594
0.413533 -0.0238457
0.441678 0.0487497
0.348685 -0.0548346
0.482256 0.0324368
0.312042 0.0142683
0.382066 0.014749
0.512111 0.0138718
0.445435 -0.00618324
0.32869 0.0231664
0.438441 0.0410591
0.478092 0.0142512
0.439132 0.0500294
0.414749 0.0110941
0.418474 0.122468
0.374183 -0.0625488
0.400662 0.0131075
0.506719 -0.0426611
0.395284 0.0273087
0.420946 -0.0493397
0.447696 0.0434761
0.396769 0.0320167
0.454619 -0.0914885
0.463529 0.0099464
0.435234 0.0078864
0.478372 0.041443
0.379096 -0.0403833
0.338069 -0.0311947
0.41905 0.0778566
0.386016 -0.0244213
0.406742 0.0669053
0.351572 -0.0353323
0.456989 -0.0201943
0.390856 0.00904888
0.39752 0.045201
0.394223 0.0144293
0.43558 -0.0364505
0.418477 -0.0632502
0.423445 -0.0207257
0.463583 0.0128679
0.47519 0.0373588
0.515597 0.015649
0.413294 -0.0315929
0.384851 -0.0392451
0.349093 -0.0171056
0.345764 -0.0744194
0.423299 0.0853356
0.427956 0.0537776
0.424634 0.0117772
0.452544 0.0364232
0.43623 -0.0376707
0.376343 -0.0424092
0.455674 0.027965
0.488391 0.0377551
0.442599 0.00125
0.423938 0.0630239
0.445626 -0.0980644
0.402731 -0.0404447
0.427965 -0.0224363
0.442765 -0.0206362
0.464495 -0.00788926
0.370766 -0.0616029
0.384647 0.00560691
0.432498 0.0160862
0.485007 -0.011128
0.43859 -0.0540962
0.452015 0.00677716
0.423448 0.0338133
0.342395 -0.028453
0.376559 0.0164576
0.414084 -0.0330787
0.42989 -0.0348605
0.466986 0.0367349
0.337327 -0.0423951
0.392499 -0.0036462
0.41152 0.0218641
0.400392 0.0574189
0.477515 -0.000612117
0.387002 0.0217369
0.504559 0.0367742
0.364382 0.00675678
0.42906 0.0783444
0.425492 -0.0268442
0.390725 0.0312439
0.409806 -0.0695524
0.429446 0.000658537
0.456332 0.0253319
0.450498 -0.0191806
0.451533 -0.0803263
0.467889 0.0029271
0.529364 -0.0813195
0.398212 0.130868
0.436067 0.0531118
0.493329 0.0611322
0.39677 0.01588
0.458631 0.0540007
0.398442 0.0734329
0.30803 -0.0337452
0.458715 0.0162006
0.417062 -0.00221424
0.404321 -0.0740799
0.392116 0.0633318
0.421299 -0.00318281
0.386649 0.0542315
0.447516 -0.0500557
0.395031 0.00284708
0.487362 -0.0670434
0.464762 -0.0276168
0.398022 0.0157568
0.340605 0.0386003
0.391562 -0.0473975
0.458755 0.0590498
0.383583 -0.0687252
0.465711 0.0122946
0.406871 -0.0204748
0.421576 0.0336253
0.441907 0.0656199
0.419615 0.00277756
0.430776 -0.00812024
0.424118 -0.0813866
0.398558 0.0515753
0.421922 -0.0450997
0.354581 0.0145321
0.363512 -0.0370332
0.448346 -0.108056
0.368906 0.018071
0.347852 -0.00903351
0.432692 0.0236409
0.374855 0.0496373
0.333229 -0.00741017
0.39681 0.0439954
0.346943 -0.0405603
0.402315 0.0526904
0.433865 -0.0575841
0.411325 -0.0657508
0.405139 4.67162e-05
0.450449 0.0383626
0.386592 0.0287631
0.421436 0.0153009
0.431357 0.0356321
0.472304 0.0722731
0.443575 0.0587951
0.36118 -0.0152458
0.455853 0.0676204
0.360611 0.0201545
0.428872 0.0278207
0.509512 0.0550675
0.431369 0.0141717
0.418568 -0.0302379
0.400709 0.00773111
0.439726 0.0399722
0.393148 0.0041791
0.359239 0.00488555
0.480031 -0.0373302
0.469587 -0.00790107
0.405442 0.0226745
0.433075 0.0254554
0.415737 0.0337824
0.441517 0.0646861
0.456354 0.0647088
0.415389 0.0238988
0.401523 0.0375222
0.399725 -0.083636
0.401452 -0.043215
0.480365 0.0260468
0.464191 0.0192656
0.468487 0.039105
0.445981 0.0054882
0.433068 -0.0311529
0.428221 -0.0817545
0.374559 0.0518842
0.412522 -0.0818016
0.428972 0.00386838
0.486766 0.0430434
0.440715 -0.0183517
0.346138 -0.0472831
0.353146 0.0261115
0.502816 -0.021734
0.384692 0.0109527
0.411758 0.0358704
0.329573 0.0525809
0.424451 -0.0197275
0.425431 0.0303561
0.349438 -0.00688095
0.412626 0.0110904
0.416077 -0.0333854
0.387445 -0.0410224
0.396205 -0.00897968
0.34471 0.0786213
0.454404 0.05901
0.356775 -0.040623
0.413683 -0.0388708
0.414387 0.0128574
0.458985 0.00817111
0.377364 -0.0262182
0.438151 -0.121722
0.396333 -0.0408906
0.343623 0.0517763
0.407216 -0.0153027
0.465932 -0.0105978
0.437493 0.00920847
0.414959 0.0178791
0.447492 0.0836165
0.434015 0.0222635
0.435589 0.0466205
0.360249 0.0105833
0.449348 0.0185081
0.405161 0.00839701
0.453969 0.0579351
0.47665 0.00310666
0.475737 -0.0423794
0.381614 -0.0693969
0.406569 0.0516483
0.370703 0.062814
0.400785 0.00126181
0.432793 -0.050097
0.433146 -0.00953135
0.395258 -0.00335627
0.434729 -0.00214611
0.404248 -0.0525672
0.449743 0.0820715
0.32896 0.0539412
0.39983 -0.0158749
0.403386 0.0163534
0.477008 0.0844996
0.408326 0.034219
0.366411 -0.0639529
0.380425 0.0404914
0.453225 -0.0148416
0.468804 0.0615587
0.441124 0.00808838
0.370885 -0.0188864
0.409203 0.0375283
0.397505 -0.00411088
0.391733 0.0839807
0.404689 -0.0204505
0.433609 -0.133633
0.384822 -0.0039809
0.370995 -0.0508279
0.412115 -0.0523653
0.418205 0.00594579
0.414933 0.038394
0.396075 -0.0379702
0.437191 -0.0466059
0.393895 0.0041785
0.40719 -0.0174802
0.448326 -0.0208652
0.40004 0.010269
0.40585 -0.0621638
0.473265 0.0138191
0.355345 0.0147645
0.341554 -0.0620224
0.364857 -0.0243234
0.435205 -0.0136033
0.354365 -0.0957898
0.449369 0.0361976
0.486112 -0.00928617
0.467465 0.0165736
0.434474 0.0881532
0.447449 -0.0299878
0.370799 -0.0348473
0.389992 0.0081171
0.339961 -0.0737886
0.38775 -0.0880319
0.39408 -0.0699783
0.412245 0.0187454
0.434533 0.0792674
0.532228 0.0261606
0.424147 0.0526442
0.435714 0.067804
0.432393 -0.0119537
0.432994 -0.0850364
0.360605 -0.0210009
0.354263 -0.0912271
0.420446 0.0322118
0.33591 0.0915817
0.458419 0.0390866
0.446242 0.0238459
0.39671 0.0730238
0.365133 0.0337979
0.460821 -0.0171158
0.396102 -0.00771571
0.248134 0.0065717
0.481096 0.0136576
0.339925 -0.0462556
0.417879 0.0700603
0.465629 -0.0119335
0.459872 -0.0313886
0.441896 -0.0200803
0.435925 -0.0520987
0.408369 -0.00739117
0.437789 0.0134617
0.459462 0.0200137
0.415714 -0.024895
0.376461 -0.0868318
0.310113 -0.0238588
0.411096 -0.0299278
0.367733 0.0828914
0.408717 0.0170349
0.40869 0.0744974
0.377255 0.0119492
0.445828 -0.0103184
0.383074 0.0643584
0.407345 -0.010869
0.37882 0.0250795
0.441986 0.0372823
0.49107 -0.023802
0.35057 -0.0464223
0.473535 0.0511937
0.443843 -0.0158723
0.375627 -0.0347554
0.371861 -0.0556079
0.418584 0.0276926
0.416293 -0.0506016
0.359094 -0.0462447
0.377668 0.0416636
0.399503 -0.118936
0.360914 -0.00690823
0.384573 0.0707123
0.344509 0.0120849
0.363178 -0.0199319
0.248853 -0.013178
0.341757 -0.0464332
0.415134 -0.0283337
0.415304 0.0872171
0.458024 -0.0376383
0.406698 0.0519461
0.301532 0.0936719
0.502191 -0.00244825
0.348348 -0.112297
0.371298 0.012472
0.364567 -0.0209736
0.308043 0.0281761
0.453529 -0.0426539
0.418688 -0.0212199
0.344664 -0.0309868
0.451375 -0.0180687
0.466191 -0.0787777
0.374377 -0.0402392
0.39007 -0.0251212
0.397563 0.0786178
0.398839 0.0580725
0.378581 -0.018199
0.418552 0.0583767
0.380119 0.00214282
0.458169 -0.0293071
0.37983 0.0383527
0.413578 -0.0609394
0.441928 0.0222638
0.374582 0.0191463
0.430525 -0.00896033
0.520845 0.0376877
0.415501 -0.0188711
0.362842 0.0997562
0.484673 -0.0100953
0.46688 0.0279791
0.451691 -0.00566624
0.303361 -0.071575
0.384369 -0.00448032
0.398485 0.0187667
0.388553 0.0115138
0.468836 0.0688342
0.325829 -0.00542666
0.380828 0.0109354
0.431067 -0.00954113
0.483187 0.0613056
0.411743 0.0334388
0.315717 0.0153491
0.438087 -0.11742
0.435033 0.051922
0.410419 0.0506098
0.372431 0.0364706
0.370342 0.00499273
0.354483 0.0812192
0.51674 -0.0471285
0.381819 0.0206085
0.45422 -0.0263754
0.361798 -0.0145945
0.41685 -0.0859008
0.474731 -0.0755169
0.452015 -0.0178012
0.436176 0.0253356
0.397658 0.0133471
0.434253 0.00976645
0.346054 0.00236242
0.344799 0.075616
0.350429 -0.00328804
0.37255 0.0618279
0.352842 0.027185
0.448561 0.0453545
0.44941 -0.0521128
0.468884 0.0364068
0.542488 0.0237082
0.487324 0.0614585
0.391065 0.0470613
0.386169 0.0649523
0.427244 0.046161
0.444944 0.00095534
0.425783 -0.00360046
0.350862 -0.0238643
0.417423 0.00630655
0.347841 -0.137593
0.44857 0.0139768
0.436627 0.0529548
0.386692 -0.0330473
0.321245 -0.0148584
0.369373 -0.00258556
0.454683 0.0159583
0.446039 0.0563131
0.451096 0.0265531
0.357837 0.0338334
0.435964 0.0438662
0.408524 0.00928328
0.455698 -0.0365799
0.29827 0.0241573
0.435626 -0.0134078
0.34765 -0.00783143
0.31775 0.0529106
0.362264 0.0604432
0.429493 0.021306
0.457353 -0.0810785
0.477536 -0.0351917
0.410635 0.0574017
0.399511 -0.0336888
0.391878 -0.0371147
0.459378 0.00611046
0.449704 -0.0461316
0.413108 -0.00257673
0.369984 -0.00822963
0.406848 0.00817912
0.389958 -0.071775
0.459456 -0.0279848
0.444854 0.0264093
0.426348 -0.00161
0.357034 0.0635377
0.411956 0.0310802
0.334342 0.043756
0.485925 -0.0293813
0.440438 0.0653249
0.399909 0.0295705
0.358084 0.0509046
0.418558 0.0191023
0.334353 -0.048258
0.423301 0.104165
0.496438 -0.00263697
0.374469 -0.0640917
0.384397 -0.0051322
0.425949 -0.0207089
0.436415 -0.0541803
0.388726 0.0711267
0.350349 0.0221434
0.40144 0.0529349
0.399383 0.000195928
0.471438 0.0111617
0.414441 0.0473889
0.379367 -0.0306703
0.398675 -0.0631083
0.449521 -0.00675059
0.440769 0.0225654
0.384067 -0.063453
0.396718 0.102341
0.387806 -0.0305226
0.432416 -0.0203186
0.385665 0.0209209
0.324572 0.0190916
0.426872 0.0253469
0.40302 -0.0419882
0.445702 -0.00799042
0.312791 -0.00779329
0.441714 -0.0054027
0.423906 0.0145754
0.439031 0.0943269
0.369608 0.0565269
0.4662 -0.0170425
0.473496 -0.006753
0.436124 -0.0403889
0.384949 -0.0725923
0.486972 0.0421799
0.401153 0.0073376
0.503432 -0.0637828
0.475922 -0.0415661
0.488598 0.00382805
0.408569 -0.0864033
0.492868 -0.0132111
0.398801 -0.0756627
0.41318 0.0224921
0.486883 0.0972271
0.419077 -0.0180156
0.333402 -0.0638936
0.402202 0.0354244
0.423564 0.0201665
0.358517 -0.0219083
0.449297 -0.0588792
0.409548 -0.00876733
0.443392 0.0653966
0.413154 -0.0252622
0.391664 0.0303646
0.382035 -0.0223401
0.368413 -0.0428335
0.382162 0.0656361
0.390878 -0.00989962
0.42415 0.042465
0.448355 0.0748509
0.393462 -0.0304986
0.361809 0.0319082
0.394431 0.0515417
0.44849 0.0171739
0.370178 -0.0453361
0.433475 0.0246318
0.325612 -0.00518609
0.437709 -0.0104426
0.37889 -0.044596
0.398818 -0.0459587
0.33272 -0.0311741
0.330154 0.0956248
0.375873 0.0238413
0.421793 0.0877151
0.363751 0.0236218
0.408949 -0.0375483
0.451736 -0.0170882
0.404636 0.0137667
0.524254 0.0454756
0.434964 -0.0312107
0.426201 0.063366
0.366492 0.13304
0.432033 0.0632475
0.447108 0.0394978
0.385317 -0.0237232
0.442107 0.120206
0.413008 -0.0350163
0.375624 0.0473018
0.421369 0.0192572
0.412842 -0.0808073
0.39062 -0.0191441
0.402088 -0.0588628
0.40811 0.0509657
0.352041 -0.049914
0.409477 0.0324869
0.370283 -0.0328926
0.375907 -0.068169
0.37655 0.00776987
0.363787 0.0173786
0.278751 0.0823583
0.481725 0.0233602
0.379055 0.0305363
0.424592 0.00273407
0.45566 -0.069846
0.424264 -0.0456264
0.413157 -0.0773577
0.351627 0.0372559
0.458147 0.0503857
0.387042 0.0519985
0.38512 0.0222643
0.46665 0.0359773
0.470354 -0.00686703
0.373523 -0.14474
0.394358 -0.0329275
0.441066 -0.00464405
0.446945 0.0422682
0.438883 0.050826
0.399378 -0.0402878
0.395395 0.0409018
0.412771 0.0286241
0.399409 0.0357154
0.407548 0.0171804
0.401302 0.0971737
0.459012 -0.0289984
0.323088 0.0589891
0.374201 0.0419466
0.433163 -0.00797943
0.367172 0.0386265
0.362767 -0.117934
0.347595 -0.0102369
0.341906 0.0312805
0.441348 -0.0740174
0.416338 -0.0587309
0.429205 -0.0177623
0.385429 -0.0271276
0.438949 0.0258572
0.431901 0.0890142
0.485474 -0.113912
0.432125 0.0479629
0.398966 0.0442716
0.489916 0.0486099
0.382078 -0.0355924
0.386231 -0.0231333
0.430958 0.0333059
0.397007 0.0299241
0.472695 -0.00739089
0.515953 -0.0380265
0.452465 -0.0117121
0.416166 -0.00922218
0.413142 0.0541885
0.40368 0.0750537
0.349992 -0.0165207
0.392381 -0.00105359
0.468657 -0.0373441
0.393442 0.0454206
0.488524 0.041034
0.374153 -0.0455173
0.477851 -0.0928954
0.355137 -0.0195429
0.282706 -0.0196522
0.429775 0.0721061
0.377936 -0.00475943
0.329749 0.00139326
0.350561 -0.0462093
0.477939 -0.0615394
0.351157 0.0398462
0.423899 0.0285537
0.426521 -0.0466937
0.448261 -0.00685026
0.428116 -0.0353886
0.510458 -0.0210056
0.421385 -0.0170339
0.453871 0.00419442
0.398449 0.0368574
0.490404 0.0455672
0.382385 0.0250902
0.419711 0.0443031
0.404354 0.0353152
0.417405 -0.0189445
0.409917 0.0189832
0.431844 0.0653284
0.283021 -0.0899734
0.30891 0.0671753
0.373417 -0.0150478
0.437437 -0.0613729
0.442198 0.0226274
0.442863 0.0093582
0.463617 -0.0032531
0.473143 -0.0053346
0.403971 -0.0792467
0.360689 -0.0644511
0.403151 -0.01472
0.442909 0.0176734
0.401857 0.0317941
0.366836 0.0233198
0.330703 0.0105365
0.443159 -0.0383702
0.448107 0.00525086
0.411622 0.0462481
0.507855 -0.0689085
0.365944 0.0147444
0.4485 -0.0192795
0.389427 -0.0124328
0.475196 -0.00579935
0.471832 -0.0158341
0.496178 0.0585079
0.421094 -0.0989669
0.417039 0.0704602
0.408036 -0.00483251
0.391826 -0.0619303
0.413612 -0.0361865
0.43777 0.0344075
0.401672 -0.0286817
0.498962 0.190488
0.363644 -0.0181599
0.387691 -0.00852968
0.42509 0.00502763
0.419351 -0.0441404
0.37624 -0.0203673
0.435215 0.0720908
0.371621 0.016125
0.303835 0.0995605
0.428193 -0.0485763
0.393935 -0.0780851
0.436641 0.0865422
0.379958 0.00227517
0.438779 -0.00671936
0.512469 0.0300744
0.42509 -0.0118452
0.40812 0.0570819
0.354294 0.0442416
0.46305 -0.0794903
0.297903 0.0108692
0.440961 -0.0327237
0.327703 -0.0381453
0.476203 0.0523407
0.404872 -0.130918
0.361672 0.0577303
0.395257 -0.0431498
0.404698 0.0613375
0.427034 0.0360982
0.461607 0.0114287
0.420299 -0.0610925
0.482098 0.0667552
0.468776 -0.165737
0.427689 -0.0302933
0.415329 0.0495679
0.457129 0.0337039
0.324694 -0.0768305
0.409288 0.0550429
0.378177 0.0502732
0.438075 -0.19014
0.441456 -0.0594227
0.44048 0.0682936
0.379752 0.0619087
0.337651 0.0145635
0.493573 -0.000784198
0.450941 -0.0129743
0.405971 -0.0808611
0.451575 0.0107153
0.462935 -0.0494762
0.447055 -0.0254453
0.406068 -0.0410351
0.481782 0.0364053
0.392306 0.0547816
0.419495 -0.0540375
0.379058 0.0329461
0.356461 -0.0174758
0.413294 -0.00552064
0.353422 -0.0142196
0.452811 -0.0245698
0.419183 0.0266497
0.359904 0.0183281
0.370488 0.0152246
0.398642 0.0374075
0.48437 -0.0489687
0.359234 -0.0640608
0.438479 0.00168873
0.377953 0.0150632
0.532214 -0.00243132
0.441999 0.0910757
0.364443 0.064988
0.367988 0.0215658
0.443811 -0.00821171
0.409029 0.0570589
0.473216 -0.0212052
0.383802 0.120867
0.333409 0.0835461
0.434192 0.0890294
0.367575 -0.00491034
0.352978 0.0222479
0.306814 0.0462346
0.333034 0.0445151
0.285026 0.0569449
0.445563 0.00687518
0.497367 0.0108165
0.428588 0.0103272
0.441232 -0.000895289
0.385524 -0.0592307
0.318609 0.0119882
0.366718 -0.064877
0.397444 -0.074354
0.467158 0.00887216
0.421664 -0.00131462
0.456448 0.018915
0.451627 -0.00763291
0.487635 0.0424334
0.324929 -0.0284919
0.395926 -0.0439885
0.474318 0.00440472
0.395629 -0.0466273
0.386007 -0.0681727
0.418559 -0.0161784
0.392307 0.0825215
0.385163 -0.0540072
0.433714 -0.0286162
0.361287 0.0105421
0.396209 0.0463241
0.402098 0.0329735
0.350855 -0.0320382
0.450716 0.0237853
0.507894 -0.00530681
0.385726 0.023709
0.418091 0.0319255
0.44941 -0.0138213
0.451259 0.0504735
0.421726 -0.0659423
0.281359 0.0202069
0.285168 -0.026526
0.446978 -0.0345612
0.370541 -0.0488734
0.431544 0.0290459
0.377522 0.083805
0.317034 -0.0658973
0.325698 -0.0322142
0.484125 -0.0252783
0.379252 0.0103547
0.375429 -0.0613282
0.466891 0.0460588
0.4155 -0.0456276
0.356332 -0.0814235
0.38897 -0.00878584
0.473876 0.0948654
0.477319 -0.0416889
0.426557 -0.0102474
0.363048 -0.123972
0.366988 -0.0143093
0.44086 0.0843405
0.440787 -0.00151363
0.395656 -0.00538059
0.474887 -0.0658813
0.443177 -0.0486419
0.446004 0.00824692
0.432188 0.000752067
0.531353 -0.0461901
0.56046 0.0264641
0.377871 -0.039214
0.388482 0.0050656
0.441032 0.00882276
0.343577 -0.102277
0.39205 0.000689796
0.461391 -0.0363292
0.478963 -0.0143733
0.340014 0.0223625
0.457964 -0.00259624
0.504629 0.00233687
0.500975 0.108978
0.479359 0.0178605
0.465241 0.0209568
0.374371 -0.0378698
0.441492 -0.0782505
0.451227 -0.00417302
0.439851 -0.0218717
0.39279 0.0608642
0.378182 0.00101091
0.424079 0.0221105
0.386919 -0.0581126
0.441457 -0.0330617
0.466619 0.00738423
0.367337 -0.0237566
0.41183 0.147014
0.40559 -0.0437968
0.435898 0.0288581
0.460209 0.00281178
0.447724 -0.0304838
0.449044 -0.123759
0.449622 0.019942
0.476574 -0.0373848
0.433666 0.0568532
0.369005 0.00735663
0.438143 -0.0463606
0.465606 -0.0234829
0.387049 -0.0720644
0.434178 -0.017786
0.42 -0.0182737
0.391824 0.0502926
0.41368 0.0250848
0.359432 0.0466724
0.436054 -0.0140705
0.363171 0.132233
0.427135 0.00482572
0.425765 0.0380684
0.436128 0.0383213
0.407138 -0.0263168
0.408272 0.0288697
0.446232 -0.00116183
0.398463 0.0325567
0.400641 0.0583877
0.407577 0.0387796
0.412024 0.0231942
0.36315 -0.00242212
0.442465 0.064944
0.377856 0.034235
0.419565 -0.0092672
0.417266 0.0170436
0.456964 -0.0310205
0.417936 0.00167906
0.411848 0.00557092
0.439379 0.0661928
0.425764 0.0209853
0.407173 -0.0212373
0.349143 -0.0122198
0.400008 0.00499665
0.40406 -0.0293534
0.372407 -0.0156557
0.397859 0.0566712
0.434834 0.0248071
0.47634 0.00269122
0.377212 -0.0201974
0.46347 -0.0141375
0.374427 0.0238805
0.373056 0.00148003
0.380895 0.0194855
0.370222 -0.028811
0.433208 -0.0822796
0.392258 -0.0860152
0.395199 -0.00842151
0.37134 -0.00691928
0.413663 -0.000295263
0.394325 -0.0759339
0.36078 0.0291681
0.329228 -0.0538135
0.393778 -0.0173318
0.361553 0.114538
0.390854 -0.0482112
0.382679 0.0383034
0.337145 -0.0331916
0.346313 0.0101155
0.396171 0.0907363
0.390378 0.0376439
0.38155 0.00221178
0.484615 0.0606632
0.434505 0.00538922
0.359423 -0.121626
0.400531 -0.0407757
0.425291 -0.00381661
0.460939 -0.0148882
0.445295 -0.0765108
0.398176 0.0549668
0.413932 -0.0342466
0.461533 -0.103619
0.439993 0.0208454
0.4249 -0.0278836
0.403806 -0.0429174
0.407577 0.0799309
0.33222 0.0235231
0.372315 -0.0289858
0.39768 -0.0714182
0.396845 -0.0429008
0.37104 -0.0683159
0.476932 -0.040479
0.384126 -0.00849126
0.432387 -0.0511233
0.469637 0.0618729
0.435024 -0.0576084
0.485177 0.0264274
0.42279 0.0527499
0.357093 -0.0247474
0.455189 0.0477258
0.411832 0.0705123
0.457922 0.0297869
0.362147 -0.019048
0.447468 0.0492883
0.381018 0.0182984
0.425976 -0.0791846
0.338912 0.0411796
0.522469 0.00425562
0.450488 0.0259234
0.435557 -0.0335292
0.329811 -0.027866
0.412858 0.0410557
0.422972 -0.0282256
0.373845 -0.0405804
0.415729 -0.0546375
0.427223 -0.0186968
0.440331 0.0114885
0.447176 0.00202967
0.435813 0.0341907
0.493157 -0.0138702
0.403889 0.0477439
0.433369 0.0218539
0.339831 -0.0142031
0.443641 0.0658514
0.482023 0.0530603
0.445158 -0.111657
0.280703 0.00449886
0.400577 0.0447641
0.364184 -0.047856
0.411559 0.0509199
0.431194 -0.0189774
0.439189 0.0902842
0.417353 0.100749
0.335406 -0.00125084
0.344938 0.0352077
0.344249 -0.0256226
0.394112 -0.0169169
0.42761 -0.0040736
0.468188 -0.0441771
0.381111 -0.00903465
0.459511 0.0203939
0.429424 -0.0133689
0.322884 0.0516981
0.473455 0.00587589
0.373107 0.0186453
0.405466 0.0677772
0.36449 0.0244493
0.371546 -0.0125185
0.423598 -0.0186426
0.507649 0.0156529
0.423317 0.0119482
0.34571 0.00466455
0.389388 0.0381941
0.376135 -0.0846327
0.379467 -0.00652577
0.411294 0.00743063
0.387674 0.107013
0.434204 0.0427628
0.537456 0.0760975
0.387449 0.0127618
0.403936 0.0131254
0.435483 -0.0332417
0.437493 -0.0162834
0.481668 0.0342938
0.410826 -0.0352739
0.344358 0.102281
0.419913 -0.0967649
0.509665 -0.0175385
0.429299 0.0833757
0.399953 -0.0455473
0.44991 -0.000164478
0.311759 -0.0241675
0.468667 -0.0380375
0.389052 -0.0296651
0.360674 0.00038059
0.35923 0.0155138
0.477529 0.0030205
0.42981 0.0331504
0.315439 -0.0222819
0.442313 0.0354472
0.36753 0.0340143
0.397957 0.0633384
0.40504 -0.0170628
0.448088 -0.0213504
0.424142 0.00884469
0.414633 -0.0391174
0.337 0.0487167
0.479237 -0.0121855
0.375189 -0.0383329
0.380146 0.0214525
0.371197 0.0191603
0.472933 0.0464924
0.500291 -0.0806947
0.410987 -0.027787
0.37142 0.127301
0.410149 0.0166763
0.439516 0.053723
0.43638 0.0530658
0.413166 -0.0424278
0.453694 -0.0883239
0.413173 0.0326726
0.46154 -0.00079326
0.474533 -0.047821
0.43944 0.000335985
0.443833 0.0171065
0.51468 -0.0206357
0.438475 0.0339248
0.407739 0.00295011
0.461834 -0.0194486
0.383898 -0.0236517
0.384888 -0.0435293
0.316628 -0.0753161
0.363039 -0.0202335
0.362831 -0.0426644
0.47334 -0.027884
0.348331 0.0694035
0.37922 0.0421052
0.419631 0.00816171
0.431707 0.0280442
0.432928 0.0233925
0.474977 0.00374488
0.396001 0.0482113
0.469387 -0.00613965
0.385057 0.100765
0.395309 -0.0241281
0.37029 -0.0787865
0.432169 0.0162749
0.411591 -0.0666925
0.38081 0.026777
0.432521 0.0532094
0.49311 -0.00384228
0.404884 0.0846465
0.411493 0.0183905
0.466715 -0.0378837
0.336852 -0.0399573
0.45234 -0.0357159
0.369623 0.0156649
0.410774 -0.066666
0.429518 -0.0166494
0.365789 -0.0430189
0.420821 -0.0190795
0.392746 0.0248368
0.389934 0.000215895
0.389665 0.00471915
0.440468 -0.00666653
0.355554 0.0734073
0.415553 0.002792
0.436539 0.0433439
0.350882 0.000430334
0.390563 -0.0648099
0.438943 -0.0402585
0.377079 -0.0443593
0.393839 0.0178315
0.310826 -0.0427486
0.401768 0.068721
0.411173 0.0347275
0.414333 -0.00484187
0.429943 -0.0213501
0.481204 -0.0195743
0.500244 0.00571727
0.385132 -0.00233246
0.454532 -0.0853465
0.447548 0.0941341
0.476491 0.0262652
0.42457 -0.0109919
0.331917 0.0343614
0.415948 -0.0100157
0.309623 -0.00752306
0.374229 -0.0487929
0.41146 -0.0205462
0.434906 0.064613
0.321366 -0.0274967
0.404507 0.0437152
0.420684 0.0215577
0.387244 -0.0597702
0.431016 -0.0153497
0.421603 -0.0496524
0.441347 0.0367358
0.390726 0.0643245
0.390137 0.0852515
0.496526 -0.0269742
0.415037 -0.0659483
0.357937 -0.0854071
0.336923 -0.00737119
0.375236 0.0460994
0.42732 0.00703833
0.482164 0.0349309
0.396014 0.0620365
0.450791 -0.0750214
0.394592 -0.0143441
0.458942 -0.00142667
0.393375 -0.0728402
0.379139 0.0439053
0.436133 -0.0541513
0.408098 -0.0176481
0.374898 0.0423575
0.33738 0.0508059
0.313728 0.000281566
0.466969 0.00085659
0.444871 0.00453121
0.443441 0.0695635
0.491621 0.0563651
0.467065 -0.0922454
0.437919 -0.0182114
0.332317 0.0433708
0.462739 -0.00850702
0.363828 0.00643098
0.428371 -0.0652923
0.487619 -0.0906748
0.358571 0.00799123
0.330642 -0.0554741
0.440815 0.00227574
0.467791 0.0548912
0.466132 -0.0612704
0.376841 -0.0131133
0.374718 -0.0299788
0.372366 0.0404159
0.433984 -0.0738621
0.394675 0.0150935
0.442419 0.0260231
0.408266 -0.0485916
0.374139 -0.0332433
0.361421 -0.0267903
0.363903 -0.0227047
0.399109 0.0415231
0.419596 0.0400287
0.456515 -0.0390658
0.35066 0.0522166
0.478142 -0.0813089
0.339482 0.00105615
0.392681 -0.0682912
0.465983 -0.0418533
0.442376 -0.0695906
0.409135 0.0110529
0.471398 -0.130491
0.374613 -0.012537
0.447134 -0.0663013
0.434035 -0.00856492
0.434614 0.0377316
0.414158 -0.0818164
0.398378 -0.0804726
0.325443 -0.0172008
0.410263 -0.0037323
0.423701 -0.0328523
0.395704 0.0059812
0.432407 -0.0775822
0.484627 0.00212787
0.405956 0.0228455
0.477593 -0.0567842
0.435835 -0.0578543
0.417681 0.0506654
0.419446 -0.00957754
0.460509 -0.055201
0.382413 -0.024956
0.359055 -0.0900923
0.428797 -0.0353373
0.425342 0.00146789
0.459238 0.0313395
0.34781 0.107633
0.343852 -0.0235038
0.398495 0.038054
0.405457 -0.0314253
0.434347 0.0260741
0.435754 -0.0208867
0.387776 -0.0981852
0.418408 -0.091055
0.40297 -0.0309779
0.445971 -0.0143977
0.367131 -0.0505651
0.424899 -0.0116404
0.406141 -0.00868865
0.438139 -0.00988097
0.453985 0.0325888
0.436957 0.0195426
0.514629 0.0181814
0.411469 -0.00234045
0.466625 -0.0293333
0.460598 -0.0466775
0.442261 -0.0685276
0.462744 0.0312724
0.432346 0.0269913
0.420182 0.0222329
0.324753 0.0475077
0.358392 0.0477132
0.313633 0.00758981
0.435066 0.0601229
0.466985 0.0860261
0.454959 0.000568943
0.472697 -0.0221523
0.359972 -0.0185471
0.463678 -0.0461115
0.454843 0.075935
0.405576 0.0123936
0.52048 -0.00460396
0.377708 -0.0137539
0.467283 -0.000249272
0.41882 -0.0380793
0.412434 -0.0354968
0.356226 0.0508386
0.514431 0.0401495
0.367533 0.00454512
0.367822 -0.00190019
0.446558 -0.0138942
0.407134 -0.0253223
0.414243 -0.0507562
0.450184 0.00834738
0.322694 0.00570752
0.429393 -0.0545719
0.469844 0.00619582
0.425582 0.00934013
0.366331 0.00769499
0.435166 0.0366618
0.470064 -0.00528906
0.408853 -0.0377965
0.342067 0.0572094
0.35351 0.0072813
0.402907 0.0170097
0.519763 0.0357341
0.373614 -0.0718431
0.404568 -0.0614862
0.413233 0.0172969
0.410007 0.0276592
0.326886 0.0314988
0.410539 0.0522261
0.318263 0.0587673
0.453196 -0.0643137
0.435522 0.000924814
0.425304 0.0939413
0.43639 0.109901
0.478963 -0.00191752
0.448228 -0.0993379
0.342245 0.00136767
0.496505 0.00559281
0.462236 -0.0214022
0.464186 0.0298045
0.411028 -0.000343857
0.477031 0.0550042
0.386086 0.0259561
0.377961 -0.0243587
0.408129 0.00496884
0.384369 0.0690965
0.395265 0.0589497
0.417367 0.120401
0.397267 0.0273892
0.384647 0.0734474
0.333995 -0.0400447
0.420633 0.0838096
0.450863 -0.00849605
0.486636 -0.0306715
0.44149 -0.0232677
0.321698 -0.0483858
0.403796 -0.121583
0.498012 0.23609
0.333564 0.01772
0.410602 0.0298199
0.394244 0.0216549
0.442327 0.00244305
0.421274 0.0355042
0.387428 0.0260446
0.420605 -0.0377561
0.452083 0.0980438
0.387006 0.00374347
0.454668 0.0921181
0.380688 0.0295804
0.416944 -0.0182911
0.465132 -0.0192192
0.364456 0.0341952
0.376766 0.0737343
0.405717 0.0122365
0.409572 0.0471212
0.454918 -0.0500671
0.409971 0.0497232
0.446125 -0.0319106
0.430179 0.0837738
0.479276 0.0663176
0.314497 0.0368129
0.459201 0.0267182
0.363885 -0.0131109
0.406111 -0.0366954
0.412921 -0.010229
0.44216 0.0541707
0.408337 0.078844
0.436489 -0.0536149
0.438504 0.0271659
0.414212 0.0162379
0.451545 -0.0308519
0.384932 -0.0335938
0.343198 -0.063782
0.381627 -0.0627659
0.500472 -0.0091072
0.371331 -0.034918
0.411956 0.00890907
0.419139 0.0187914
0.421609 -0.0613662
0.403982 0.0352689
0.364605 0.0654243
0.418244 -0.0662255
0.486999 0.0474249
0.410218 0.0241136
0.338405 0.0129179
0.475235 -0.142972
0.390894 -0.0440048
0.47562 0.0807218
0.445565 -0.0821523
0.394037 -0.00776727
0.478847 0.0161207
0.463008 -0.039494
0.476893 -0.00600122
0.407444 -0.0137195
0.393515 0.01038
0.4321 -0.00738096
0.367372 -0.00245664
0.414216 0.0260207
0.364377 0.0316313
0.348985 0.0148609
0.475083 -0.0350965
0.434173 -0.0788128
0.370109 0.0305449
0.421415 -0.0105379
0.365655 -0.0251997
0.385215 -0.0982395
0.417649 -0.0150103
0.343932 -0.0541116
0.367848 -0.00920094
0.400795 0.00655678
0.408634 0.0130116
0.40494 -0.0401172
0.433521 0.0311993
0.569921 -0.0324347
0.469019 0.00961918
0.41545 0.0104979
0.413012 -0.0142413
0.40996 -0.0162443
0.376288 -0.0209805
0.357756 0.0135099
0.383686 0.0111376
0.369148 -0.0865754
0.423038 -0.00314852
0.409125 0.140292
0.434838 0.0225572
0.469153 0.0851689
0.390353 -0.0114827
0.357522 -0.0801275
0.45172 -0.0499329
0.445452 0.0729575
0.357563 0.00183601
0.353765 0.00149875
0.418921 -0.00536001
0.428338 -0.0103175
0.432882 0.128005
0.398305 -0.00335333
0.352884 -0.111295
0.419286 -0.0947039
0.385547 -0.0097974
0.382511 -0.00935213
0.401498 -0.0231598
0.44247 0.0189426
0.435159 -0.00313012
0.42852 -0.00550513
0.381791 -0.0145762
0.453164 0.0750457
0.40999 0.100902
0.411686 -0.0331261
0.478018 0.0508387
0.357746 0.0791459
0.33806 -0.00164811
0.391478 -0.0275984
0.418917 0.0177817
0.33772 -0.0397895
0.44821 0.0866395
0.374177 0.00171819
0.437977 -0.0965911
0.393243 0.0828717
0.373213 0.0158003
0.567413 -0.0280562
0.470092 0.015982
0.393718 -0.0170739
0.402862 -0.0602051
0.335492 -0.000592694
0.418843 0.00199166
0.374038 0.0320538
0.42882 -0.000592407
0.303552 0.0649291
0.442996 0.0283466
0.471272 0.0399642
0.333368 0.0886477
0.408887 0.011402
0.496011 -0.0503912
0.39873 0.0403562
0.472585 0.0185609
0.41915 0.00732677
0.412943 0.036143
0.470362 -0.0119422
0.396695 -0.0364361
0.403496 0.0270633
0.396562 0.0561655
0.41189 0.0590671
0.428286 0.00398191
0.451755 0.0429444
0.40108 -0.0684634
0.397208 -0.0741587
0.507561 0.040602
0.451682 0.0363305
0.349419 -0.0335133
0.42205 -0.0155121
0.372569 -0.043968
0.398841 -0.04398
0.372883 0.0563573
0.404627 -0.000152884
0.422904 0.016884
0.401386 0.0423147
0.412589 -0.0837327
0.310889 -0.0326595
0.492902 -0.0342387
0.399557 0.107425
0.34266 0.00725298
0.416637 -0.0785742
0.36538 -0.0265264
0.424668 -0.0580078
0.464869 0.0110924
0.333689 0.0136877
0.347377 0.0147384
0.446482 0.0360778
0.420739 0.0199269
0.35267 -0.0478059
0.421467 0.00770475
0.496128 -0.0475709
0.490926 0.08444
0.390584 0.0320209
0.454962 0.0139421
0.414779 0.0185117
0.412905 0.02405
0.506532 -0.0180526
0.432271 -0.0100587
0.320253 -0.0388935
0.43427 -0.0122112
0.471832 0.0513621
0.430241 -0.0066315
0.443546 0.00357662
0.34576 -0.0190008
0.464787 -0.0871433
0.390749 0.062911
0.402702 0.0718303
0.443876 0.026168
0.407571 -0.0692997
0.415814 -0.0148547
0.488617 0.043842
0.434086 -0.0140287
0.347259 -0.026322
0.378405 -0.0545863
0.393618 -0.056399
0.375382 0.0287119
0.403315 -0.0513023
0.433591 -0.0706374
0.447625 -0.0576413
0.405227 0.0347553
0.351443 0.0106953
0.343251 0.0738084
0.474789 0.0053176
0.402717 -0.0144846
0.391927 0.0395424
0.466604 -0.0175046
0.431834 -0.00200127
0.444583 0.00327331
0.404818 -0.13532
0.385207 0.0287951
0.441773 -0.0824124
0.393444 0.0214288
0.3626 0.0519749
0.49611 -0.0239877
0.558964 0.00518022
0.418833 0.0694076
0.51152 0.0515436
0.441185 -0.0662152
0.405547 -0.0511305
0.389201 -0.0190079
0.429738 0.00257693
0.361317 -0.0191042
0.426864 0.0141522
0.468822 -0.0775307
0.478788 0.0306206
0.451388 -0.0184316
0.411674 0.0342442
0.375707 -0.082755
0.429466 -0.0659591
0.428734 -0.00267387
0.408647 -0.074309
0.397156 -0.048182
0.415138 -0.0231895
0.422461 -0.0210961
0.35003 -0.00342429
0.440055 0.0271949
0.404385 -0.0464946
0.366822 -0.0592097
0.41042 -0.0146227
0.324877 0.0210831
0.492059 -0.020033
0.375257 0.0479146
0.479375 0.0360624
0.353132 0.0573856
0.326831 0.000596884
0.424632 -0.0358631
0.425636 0.0782951
0.459951 -0.01156
0.343632 0.00915999
0.486005 0.0395541
0.436746 -0.00849807
0.401139 0.0425671
0.343982 0.126855
0.441575 -0.00783569
0.468074 0.0216883
0.419456 0.0391021
0.422202 0.118294
0.377215 0.0536739
0.470183 0.0528213
0.402917 -0.0740262
0.412629 -0.0411327
0.402178 -0.0304885
0.39929 0.0437778
0.463278 -0.0209312
0.413676 -0.0181403
0.387343 0.0230481
0.418763 0.0451557
0.378113 0.00382512
0.411483 0.0172822
0.423712 -0.0329141
0.424838 0.0375185
0.455636 0.0305935
0.370291 -0.0209528
0.459939 0.00333214
0.491968 -0.00204334
0.3861 -0.0213784
0.474717 -0.0496427
0.406326 -0.0139865
0.355724 0.0342838
0.401621 -0.0476855
0.432779 0.0128033
0.378995 0.00270611
0.379105 -0.00438345
0.361172 0.0691845
0.366563 -0.0118588
0.35528 0.00986292
0.434904 -0.00832326
0.515212 -0.0491723
0.425631 0.0142328
0.435821 0.0499172
0.39552 -0.0312968
0.420684 -0.0395111
0.398141 -0.000666321
0.421931 0.0165775
0.467167 -0.0484767
0.455821 -0.0159247
0.372556 0.0328969
0.452533 0.013393
0.407801 0.00664424
0.483638 -0.037193
0.413406 -0.0405756
0.429049 0.0492209
0.459628 0.0571714
0.363202 -0.0736917
0.396883 0.0517367
0.404929 -0.038252
0.322806 0.0562682
0.417542 0.0216539
0.391203 -0.105151
0.375354 -0.0363162
0.343386 -0.105349
0.419846 0.057148
0.484711 0.0566967
0.460535 0.0743412
0.430967 -0.077805
0.415427 -0.0554264
0.507959 -0.00586456
0.407332 -0.0337409
0.458918 0.0499773
0.31789 -0.0899606
0.435398 -0.0220596
0.383256 -0.0201637
0.305093 0.0366368
0.474161 0.0791768
0.391512 -0.00432115
0.310306 0.028391
0.387998 -0.0626474
0.397679 -0.08863
0.421509 0.0586223
0.357772 0.037602
0.424432 0.0104671
0.437691 0.0757246
0.409125 0.0206553
0.426862 -0.0544288
0.403241 -0.0851614
0.264472 0.0746097
0.442075 -0.00584624
0.35918 -0.0563315
0.443438 -0.0142461
0.381563 -0.0300263
0.448573 -0.0284501
0.39336 -0.0362471
0.453739 -0.0452816
0.449873 -0.0579505
0.415792 0.0152523
0.467276 -0.0199983
0.410193 0.0677973
0.490714 -0.0642618
0.364222 -0.0186386
0.347022 0.0460299
0.430744 0.00296361
0.369688 0.014068
0.570639 0.0449691
0.479118 -0.00766845
0.488769 0.0157717
0.36897 0.0795253
0.405888 -0.0311876
0.359179 0.0161519
0.31398 -0.0351169
0.395004 0.00359076
0.376018 0.0220804
0.382556 0.0585732
0.342777 0.0786587
0.423529 -0.0310392
0.420559 0.0677604
0.484412 -0.0593493
0.396066 0.0200175
0.324488 -0.0210291
0.435069 0.0757981
0.324771 0.0791545
0.403832 -0.0124029
0.463901 -0.0232966
0.401964 0.0768097
0.434524 0.051415
0.409947 0.0536427
0.411718 0.0412633
0.4657 -0.0290157
0.481933 0.0628254
0.431034 -0.0680009
0.40847 0.0418676
0.469785 0.0379349
0.425878 -0.0326418
0.403176 -0.076579
0.396308 -0.0417699
0.422063 0.0425835
0.437118 0.0865384
0.416774 0.026413
0.475676 0.0199682
0.472041 -0.0691199
0.372905 -0.000818003
0.380657 0.0579627
0.413449 -0.0213552
0.343565 0.00227228
0.325541 0.0135188
0.492152 0.0256706
0.375816 0.0216236
0.473712 0.00889045
0.351338 -0.00028643
0.438056 0.0952464
0.416816 -0.0402357
0.449668 0.0155978
0.414903 0.0124789
0.470712 -0.0734409
0.470759 -0.0565433
0.431439 -0.0714059
0.415443 0.0488096
0.403909 -0.0757857
0.442072 0.095609
0.381155 0.0284337
0.422139 0.0475077
0.377116 -0.0828197
0.403104 -0.0316551
0.410584 -0.00465552
0.393827 0.00450719
0.457697 -0.0500449
0.451593 -0.017489
0.467363 -0.0859295
0.433782 0.11714
0.527837 0.0120653
0.478533 -0.0727837
0.425853 0.0136078
0.367986 -0.0216733
0.386107 0.0179337
0.372733 -0.0319029
0.416256 -0.053622
0.302327 -0.067414
0.412562 -0.0794544
0.392428 0.0617841
0.394665 0.0430981
0.379887 -0.0732911
0.399058 0.00515042
0.338813 -0.0272469
0.375974 0.0208854
0.34488 -0.018302
0.58804 -0.0220391
0.39367 -0.027118
0.392294 0.00155942
0.394408 0.0211544
0.428493 0.0427384
0.391227 -0.0841261
0.40244 -0.0322317
0.412989 -0.00660291
0.413876 -0.0214415
0.349546 0.0274302
0.353466 -0.00350152
0.460799 0.0043121
0.492343 0.0881734
0.359982 -0.103355
0.384586 0.0713016
0.469236 -0.0615839
0.503829 0.0252804
0.458756 0.00258347
0.397212 -0.026536
0.449206 0.0171535
0.435387 0.0673442
0.343694 -0.0313874
0.45632 0.0826265
0.50274 0.0215991
0.380472 -0.0687917
0.506325 -0.0337653
0.330449 0.00953247
0.405808 -0.0727116
0.407266 0.0329784
0.465027 0.061175
0.398355 -0.0184778
0.374091 -0.0299894
0.488933 0.00900905
0.360706 0.0409217
0.295369 -0.0510725
0.441814 0.0528753
0.461702 0.0287845
0.421522 -0.0700297
0.396431 0.0763546
0.422754 0.0633426
0.430411 0.0282818
0.377568 0.0459586
0.365903 -0.0539075
0.40475 0.0965699
0.521039 0.085568
0.435408 0.0408663
0.441085 0.0640517
0.380452 0.0193232
0.347618 -0.129882
0.370108 0.0489702
0.377714 0.0150793
0.477471 0.0353483
0.408925 -0.0487126
0.373097 -0.0185099
0.432487 -0.0127819
0.433871 -0.0620651
0.411871 -0.0287013
0.412928 0.0182325
0.46721 0.0698046
0.423747 0.000103152
0.381155 0.0576161
0.434153 -0.042507
0.456176 0.0581132
0.45464 -0.0141423
0.402982 3.53602e-05
0.440335 -0.00501527
0.321292 -0.00625923
0.492785 -0.0512814
0.354917 -0.0199964
0.392813 0.0863229
0.417413 0.0816856
0.390916 -0.018081
0.390517 -0.0471031
0.383798 -0.0296265
0.394933 0.0174502
0.425171 0.00433841
0.383581 0.0129797
0.432303 0.0144934
0.364657 -0.0380705
0.439109 -0.0590741
0.440593 -0.0693253
0.469752 0.0130861
0.488928 -0.00355729
0.394161 -0.00449241
0.42709 -0.0347805
0.397004 -0.0474256
0.386708 0.0848172
0.411815 0.000446214
0.463553 0.00444151
0.370136 -0.00917342
0.377499 0.00474821
0.339525 -0.00895264
0.504846 -0.00758673
0.430025 -0.0589342
0.552618 0.0315776
0.386962 -0.0590085
0.453385 0.0425476
0.453924 0.0838893
0.380247 -0.0641792
0.378822 -0.0319891
0.253184 -0.0146775
0.442922 -0.0689743
0.504864 0.0555195
0.382061 0.00151262
0.36604 -0.0130249
0.4734 0.0328391
0.472072 -0.0821567
0.37913 0.132172
0.427702 0.0224245
0.319676 -0.0525409
0.38376 0.0109703
0.435494 0.145075
0.301015 -0.0287524
0.370395 -0.0593491
0.446454 -0.0724657
0.47182 -0.0858155
0.38575 -0.034234
0.364293 -0.0395096
0.410887 -0.0343974
0.437099 -0.0386366
0.362291 0.00788464
0.398315 -0.0459051
0.299663 -0.0209708
0.355817 0.0989295
0.372771 0.0160349
0.361559 -0.129028
0.474649 -0.00281323
0.399404 -0.0382128
0.413529 -0.0194223
0.388659 0.0185026
0.397114 -0.00753413
0.397034 0.00869535
0.449768 -0.016536
0.458844 0.0347089
0.461025 -0.0323738
0.359855 -0.0433698
0.425709 -0.0659066
0.361514 -0.0578064
0.443377 -0.0275722
0.374942 -0.0231675
0.432535 -0.0717534
0.443786 0.0232997
0.385568 0.012163
0.415121 -0.107667
0.429572 0.0986184
0.448211 0.0155829
0.397855 0.0214193
0.419794 0.0349487
0.407217 -0.037059
0.424127 -0.0956039
0.315156 0.0660655
0.341081 -0.055381
0.393566 0.0639486
0.396868 0.0437371
0.460452 0.119389
0.323767 -0.00206191
0.469919 0.00039052
0.413513 -0.0404339
0.330283 -0.0612215
0.37059 0.019307
0.369097 0.052752
0.45492 -0.038004
0.469597 -0.00855729
0.361382 0.112498
0.37348 0.0228305
0.387906 0.0486571
0.387578 -0.0546202
0.377791 0.0437094
0.403317 -0.0686324
0.354646 0.0596254
0.382012 -0.0424977
0.449346 0.0141125
0.41967 -0.021883
0.359462 -0.0245197
0.305643 0.0756192
0.372213 0.0719174
0.323396 -0.00500031
0.404773 -0.0239665
0.46464 -0.0295585
0.372918 -0.0108374
0.472186 0.00641213
0.384708 -0.020468
