0.882753 0.889226
0.891784 0.889074
0.925471 0.906222
0.919937 0.872756
0.910673 0.923701
0.931124 0.920889
0.947444 0.923237
0.908231 0.930261
0.931164 0.909071
0.900552 0.918774
0.917146 0.904796
0.922227 0.930088
0.91531 0.915188
0.897395 0.924192
0.920383 0.883203
0.924393 0.905775
0.918423 0.93735
0.940774 0.913144
0.922995 0.931786
0.92685 0.909672
0.932908 0.927625
0.928846 0.922788
0.93516 0.902597
0.92447 0.924184
0.942745 0.9328
0.934026 0.924262
0.924427 0.909895
0.929501 0.921771
0.917949 0.921598
0.925193 0.908568
0.917196 0.923366
0.892725 0.916631
0.904737 0.941365
0.922426 0.940231
0.905777 0.949662
0.886627 0.887456
0.933605 0.921506
0.899782 0.915171
0.937103 0.932641
0.935927 0.913176
0.924686 0.935553
0.925616 0.918099
0.872153 0.913979
0.937158 0.932768
0.916845 0.901382
0.912059 0.915216
0.902927 0.904971
0.905594 0.90174
0.927493 0.907452
0.926021 0.925036
0.914337 0.932493
0.878904 0.87748
0.916827 0.920765
0.897723 0.905817
0.923024 0.916048
0.922828 0.934054
0.915474 0.921046
0.915684 0.910255
0.840902 0.919182
0.892766 0.916471
0.916212 0.926154
0.927959 0.898931
0.906412 0.917734
0.902565 0.914231
0.912275 0.902843
0.914051 0.945495
0.907499 0.929637
0.899891 0.926991
0.882494 0.918233
0.933951 0.938957
0.942942 0.909815
0.917862 0.930105
0.921802 0.932449
0.933297 0.904242
0.944173 0.916796
0.893179 0.91236
0.91181 0.922341
0.922907 0.927358
0.932895 0.943523
0.90527 0.932966
0.935061 0.920991
0.9013 0.905203
0.89871 0.918697
0.923057 0.940423
0.890005 0.910176
0.889799 0.912642
0.900281 0.918935
0.921591 0.897404
0.907461 0.906212
0.922037 0.891645
0.924868 0.903937
0.902999 0.900228
0.900591 0.930442
0.877978 0.897262
0.886932 0.890024
0.910487 0.898475
0.947054 0.921584
0.931817 0.919064
0.930334 0.93168
0.896432 0.927836
0.906555 0.923333
0.920251 0.908458
0.931565 0.884212
0.919446 0.919334
0.910761 0.898711
0.912601 0.91364
0.92471 0.924784
0.943349 0.924548
0.904919 0.894042
0.919081 0.932139
0.91365 0.921601
0.893257 0.914919
0.855681 0.875768
0.922184 0.90228
0.901906 0.907174
0.90108 0.91514
0.90511 0.92551
0.90674 0.938654
0.874627 0.895104
0.940739 0.942738
0.910326 0.928102
0.936719 0.941605
0.936705 0.927431
0.898842 0.930224
0.904883 0.915879
0.911517 0.889896
0.915249 0.885496
0.913194 0.917743
0.913237 0.918537
0.924639 0.927327
0.910365 0.924131
0.908437 0.919958
0.89037 0.911585
0.899555 0.913416
0.929232 0.929521
0.897422 0.914789
0.911374 0.909981
0.917563 0.930625
0.907761 0.931153
0.86874 0.917973
0.925494 0.922473
0.924216 0.928298
0.920799 0.943373
0.928925 0.918006
0.918352 0.939021
0.922086 0.930377
0.925968 0.908412
0.892392 0.924433
0.888766 0.920549
0.922482 0.921946
0.924467 0.911445
0.913826 0.906519
0.936976 0.919531
0.941151 0.924423
0.937582 0.932787
0.913616 0.904358
0.886169 0.904879
0.882535 0.910175
0.922213 0.905515
0.929797 0.91419
0.916314 0.896247
0.882513 0.912584
0.911155 0.922493
0.914823 0.921181
0.921825 0.896877
0.87978 0.923294
0.88641 0.935931
0.919399 0.911171
0.903283 0.903727
0.919068 0.907916
0.920854 0.935752
0.888481 0.942458
0.871348 0.895778
0.898417 0.897306
0.921237 0.899724
0.916181 0.933037
0.908665 0.925786
0.925105 0.901169
0.92377 0.916109
0.904147 0.937442
0.90961 0.91515
0.912811 0.945108
0.897301 0.916225
0.91471 0.919596
0.924145 0.929392
0.931609 0.916121
0.9348 0.895115
0.941793 0.922726
0.904299 0.927117
0.837695 0.914634
0.915321 0.91269
0.916743 0.891584
0.889557 0.902961
0.896372 0.886917
0.899207 0.85942
0.92549 0.917951
0.916065 0.939793
0.912394 0.932203
0.917414 0.908622
0.912723 0.901941
0.93195 0.9338
0.91075 0.930352
0.926113 0.906791
0.902891 0.894399
0.911119 0.910102
0.93768 0.941207
0.925848 0.928325
0.913811 0.907509
0.933209 0.91859
0.914852 0.913415
0.92076 0.904142
0.946483 0.940906
0.942601 0.92593
0.947134 0.93477
0.938548 0.924256
0.945067 0.923375
0.92771 0.920949
0.931175 0.921149
0.917381 0.904867
0.910278 0.929452
0.895975 0.857709
0.903079 0.888767
0.878009 0.901789
0.908684 0.898783
0.940366 0.928279
0.943006 0.915311
0.889756 0.935551
0.908414 0.893126
0.917078 0.902216
0.91931 0.911193
0.925942 0.877129
0.922245 0.919518
0.912534 0.925736
0.943755 0.920902
0.907165 0.937003
0.921776 0.940992
0.926745 0.950452
0.938189 0.940822
0.919053 0.909213
0.920614 0.933478
0.918647 0.927863
0.938803 0.901687
0.901038 0.925357
0.913822 0.914331
0.927272 0.904569
0.918035 0.947247
0.894591 0.874212
0.893775 0.922861
0.918793 0.909269
0.907193 0.883556
0.890211 0.902725
0.927729 0.919877
0.934989 0.929632
0.92314 0.896792
0.90885 0.933339
0.940453 0.9203
0.935196 0.897237
0.900007 0.869605
0.92631 0.88308
0.883604 0.896972
0.903284 0.939518
0.932782 0.912558
0.909 0.916592
0.92227 0.917404
0.904978 0.898562
0.891604 0.914385
0.911842 0.941545
0.924707 0.899881
0.886784 0.887803
0.901352 0.888992
0.889066 0.904787
0.886425 0.882277
0.8838 0.911625
0.923101 0.890925
0.902113 0.919845
0.940588 0.911761
0.924108 0.923465
0.909283 0.921043
0.906314 0.889376
0.919385 0.922085
0.915776 0.929729
0.906873 0.909521
0.939935 0.927016
0.931823 0.932209
0.915376 0.855173
0.935454 0.917117
0.930275 0.929573
0.899139 0.913227
0.908452 0.9297
0.928059 0.916954
0.904188 0.917706
0.920608 0.914032
0.922348 0.924963
0.916655 0.899172
0.935966 0.93101
0.903323 0.933912
0.891177 0.937555
0.918017 0.905574
0.923255 0.934705
0.945046 0.932675
0.931674 0.895076
0.924619 0.919676
0.901908 0.926546
0.915545 0.907744
0.927278 0.918686
0.929576 0.927097
0.912468 0.918335
0.908447 0.927651
0.906311 0.912539
0.893849 0.905826
0.907182 0.924557
0.912574 0.913112
0.922817 0.913637
0.935166 0.909743
0.928199 0.919986
0.895978 0.898803
0.924512 0.929043
0.931313 0.922684
0.937896 0.918497
0.937627 0.930631
0.918091 0.922939
0.93239 0.908178
0.916502 0.930269
0.890639 0.926037
0.896721 0.900356
0.93548 0.918361
0.921802 0.925212
0.906649 0.934996
0.935139 0.92804
0.880288 0.924807
0.904666 0.910648
0.937758 0.922163
0.937111 0.901629
0.895378 0.921148
0.880433 0.925349
0.914896 0.916718
0.931416 0.922518
0.925622 0.913522
0.89019 0.904937
0.918487 0.907958
0.92573 0.911339
0.918681 0.900858
0.912835 0.924179
0.919036 0.950999
0.930048 0.913158
0.901768 0.915664
0.935413 0.919647
0.918744 0.91868
0.922321 0.934561
0.887703 0.94011
0.903585 0.931771
0.895753 0.936411
0.945462 0.928903
0.919591 0.910105
0.930807 0.892464
0.888479 0.895441
0.927237 0.922056
0.928737 0.931188
0.923671 0.92709
0.929852 0.932613
0.909059 0.94922
0.895281 0.887603
0.891553 0.922264
0.913356 0.934827
0.909627 0.886394
0.929687 0.923941
0.909947 0.854794
0.933075 0.891639
0.944245 0.931011
0.934323 0.909894
0.912819 0.917233
0.928644 0.939668
0.912908 0.940763
0.910997 0.906098
0.914868 0.900058
0.900877 0.934782
0.931167 0.923786
0.902354 0.917561
0.933196 0.919613
0.944891 0.90008
0.929526 0.930319
0.931067 0.929307
0.906093 0.893598
0.881925 0.905132
0.908902 0.929367
0.915154 0.924791
0.908718 0.885741
0.901022 0.891895
0.871236 0.886546
0.911764 0.922171
0.92762 0.918008
0.91709 0.924464
0.9143 0.921208
0.889312 0.923003
0.932815 0.927682
0.935906 0.889311
0.911606 0.932525
0.927258 0.929272
0.922412 0.938945
0.902438 0.903529
0.899721 0.901214
0.894338 0.909582
0.916264 0.901866
0.923756 0.925309
0.912077 0.91173
0.904072 0.920757
0.922523 0.923309
0.932707 0.888912
0.931736 0.923516
0.910485 0.924405
0.89819 0.908823
0.881458 0.897125
0.941203 0.933888
0.934563 0.90275
0.910867 0.911048
0.923409 0.913482
0.892819 0.893408
0.920076 0.894949
0.907671 0.900857
0.909086 0.92315
0.904032 0.905482
0.898421 0.903414
0.87535 0.914282
0.94032 0.93669
0.927412 0.93241
0.931656 0.931004
0.906576 0.90597
0.927944 0.936196
0.910183 0.918321
0.902323 0.917015
0.93522 0.923277
0.926102 0.922533
0.904402 0.909448
0.929091 0.940039
0.921034 0.942352
0.907081 0.92582
0.93659 0.93046
0.928395 0.91481
0.91844 0.889234
0.894741 0.895126
0.900122 0.893162
0.919454 0.908372
0.899248 0.914773
0.917258 0.911696
0.926424 0.928411
0.919489 0.928043
0.897938 0.905853
0.910591 0.933639
0.904669 0.910191
0.92311 0.910347
0.922579 0.920873
0.911835 0.932181
0.89904 0.931366
0.891109 0.942816
0.927256 0.929744
0.913162 0.928221
0.925717 0.918628
0.939337 0.904043
0.918821 0.888544
0.928193 0.928568
0.895776 0.845713
0.944954 0.926903
0.918602 0.910509
0.924603 0.907872
0.931748 0.886242
0.926629 0.918576
0.923949 0.931813
0.93233 0.940785
0.887506 0.943521
0.873022 0.901154
0.924873 0.927952
0.926342 0.926632
0.920081 0.919019
0.903882 0.919295
0.926324 0.918462
0.909395 0.93132
0.922322 0.902795
0.914477 0.919422
0.90352 0.916772
0.900664 0.908716
0.917667 0.904508
0.92303 0.928985
0.914987 0.923469
0.929852 0.903702
0.917044 0.924346
0.921392 0.924182
0.905986 0.921668
0.919452 0.931692
0.919015 0.92527
0.936653 0.93121
0.920207 0.905444
0.911849 0.918622
0.939792 0.900721
0.925595 0.923501
0.915469 0.93501
0.918077 0.916793
0.912243 0.922529
0.908339 0.896035
0.884803 0.914885
0.9119 0.939559
0.917168 0.913782
0.909701 0.92178
0.920248 0.917812
0.926776 0.923576
0.91907 0.890662
0.943206 0.924333
0.931472 0.908297
0.91066 0.912581
0.933241 0.926622
0.905367 0.929871
0.921741 0.90402
0.92579 0.933999
0.935367 0.906571
0.906678 0.894572
0.903148 0.894368
0.912032 0.912797
0.923354 0.907629
0.925109 0.93025
0.933766 0.922783
0.903022 0.886734
0.90474 0.937845
0.935873 0.915828
0.942821 0.911831
0.910459 0.93419
0.89244 0.910189
0.92445 0.890219
0.930058 0.932198
0.894768 0.948004
0.918252 0.933268
0.917465 0.933621
0.928019 0.912205
0.906183 0.885173
0.921668 0.911159
0.923696 0.916377
0.915132 0.915345
0.910931 0.906111
0.930017 0.934074
0.913599 0.915616
0.941895 0.928625
0.926218 0.931397
0.882273 0.937481
0.905801 0.933159
0.903789 0.935762
0.86428 0.909062
0.912914 0.91239
0.914811 0.909996
0.923518 0.888252
0.927456 0.911181
0.9247 0.906868
0.913883 0.894269
0.936196 0.926726
0.902264 0.929589
0.908445 0.903561
0.890478 0.892802
0.912426 0.901095
0.92462 0.911279
0.92993 0.919917
0.893175 0.895083
0.876237 0.879913
0.891667 0.91972
0.911471 0.919467
0.919986 0.937637
0.933425 0.876146
0.907473 0.898784
0.895005 0.907907
0.908745 0.916825
0.900766 0.929437
0.924622 0.918817
0.919655 0.903208
0.923738 0.90824
0.922391 0.911134
0.909559 0.923351
0.930864 0.913737
0.927868 0.904426
0.923049 0.924591
0.92334 0.913488
0.900103 0.908664
0.912849 0.912597
0.9093 0.916808
0.888619 0.932609
0.929653 0.936728
0.924312 0.922165
0.889272 0.902592
0.918894 0.889737
0.914038 0.924189
0.90042 0.924788
0.907831 0.931046
0.8913 0.921223
0.914031 0.928972
0.900427 0.874512
0.908071 0.928094
0.946881 0.923462
0.922056 0.898964
0.913225 0.925895
0.907723 0.911385
0.893788 0.894493
0.891437 0.910338
0.92091 0.884974
0.918937 0.929519
0.917924 0.93609
0.904701 0.87232
0.897259 0.931286
0.899048 0.903014
0.901644 0.910513
0.920879 0.908739
0.902273 0.914221
0.926264 0.929622
0.912038 0.924503
0.912177 0.933059
0.931303 0.928978
0.915605 0.941259
0.909573 0.917709
0.90911 0.914355
0.904725 0.922122
0.830173 0.884428
0.898806 0.906741
0.912959 0.908243
0.913084 0.915652
0.917533 0.914673
0.945202 0.889458
0.934651 0.8805
0.927945 0.918023
0.909542 0.933278
0.914791 0.902688
0.897734 0.907344
0.920947 0.893765
0.919172 0.877311
0.937615 0.916949
0.923435 0.92953
0.901618 0.855584
0.912252 0.928072
0.896514 0.924379
0.916895 0.921391
0.931978 0.916464
0.944523 0.900997
0.913548 0.943401
0.887281 0.933089
0.927098 0.910654
0.944403 0.936195
0.934071 0.917794
0.931419 0.928746
0.912346 0.924799
0.914654 0.903378
0.924529 0.888622
0.88971 0.928382
0.911571 0.913661
0.911783 0.918349
0.909577 0.898685
0.917752 0.926893
0.921989 0.900366
0.926643 0.920833
0.920261 0.923213
0.941567 0.924456
0.914768 0.892678
0.902188 0.917872
0.938471 0.942155
0.935555 0.923383
0.938979 0.931381
0.897355 0.909931
0.924791 0.924859
0.925079 0.910841
0.930424 0.923283
0.925194 0.917394
0.929578 0.900491
0.907993 0.879753
0.923936 0.904753
0.898822 0.932043
0.875984 0.917841
0.886115 0.904892
0.903081 0.910529
0.903526 0.901092
0.903051 0.923168
0.913507 0.899955
0.93279 0.917629
0.921323 0.918904
0.936325 0.925787
0.915356 0.909212
0.918279 0.90838
0.897191 0.930661
0.917447 0.917963
0.93229 0.921605
0.906999 0.888309
0.931388 0.921307
0.898536 0.940413
0.890757 0.910087
0.886197 0.926691
0.874634 0.930279
0.93194 0.913619
0.920013 0.918207
0.945503 0.923388
0.934838 0.903327
0.916622 0.924932
0.92106 0.926248
0.867786 0.900633
0.928307 0.917991
0.936724 0.928815
0.91768 0.945729
0.91612 0.937548
0.931907 0.925887
0.939909 0.916926
0.913767 0.913247
0.91573 0.906397
0.898079 0.913748
0.923044 0.917492
0.942124 0.892091
0.917723 0.928097
0.928523 0.926163
0.940824 0.900324
0.907393 0.922675
0.926631 0.914007
0.921329 0.930551
0.924547 0.948134
0.920828 0.921279
0.906006 0.929013
0.928837 0.930004
0.935425 0.895254
0.933152 0.896693
0.927918 0.93863
0.927413 0.915517
0.944798 0.937901
0.931723 0.942551
0.936737 0.949936
0.904465 0.909702
0.916287 0.924773
0.918925 0.930103
0.91895 0.941641
0.898225 0.903574
0.932688 0.92394
0.895558 0.898292
0.904331 0.925873
0.905573 0.924027
0.913843 0.915509
0.937715 0.910686
0.915289 0.929637
0.901474 0.898991
0.905611 0.891434
0.886039 0.930083
0.914762 0.910477
0.923331 0.907704
0.940143 0.915626
0.913738 0.903602
0.916065 0.874239
0.926199 0.897539
0.919695 0.907285
0.929338 0.886128
0.934345 0.947545
0.901665 0.94323
0.906611 0.924476
0.917981 0.924904
0.934412 0.925089
0.948532 0.930951
0.936996 0.914674
0.898704 0.91476
0.915028 0.910972
0.920924 0.929183
0.92522 0.928331
0.912142 0.920785
0.891454 0.939894
0.917974 0.901757
0.88729 0.926228
0.942601 0.937962
0.925278 0.899382
0.944018 0.919153
0.903524 0.892597
0.946195 0.929516
0.929661 0.914081
0.931518 0.932954
0.924505 0.893528
0.906588 0.923424
0.904513 0.907911
0.919217 0.943066
0.938352 0.920578
0.922945 0.909208
0.922332 0.935833
0.932511 0.94198
0.917035 0.926223
0.915411 0.937004
0.93242 0.931259
0.928125 0.924651
0.934669 0.894218
0.893243 0.896935
0.896833 0.921926
0.904101 0.898837
0.90357 0.902767
0.947044 0.912913
0.930377 0.923257
0.940032 0.923483
0.937302 0.92139
0.909215 0.929043
0.939929 0.889018
0.909829 0.920361
0.909222 0.927332
0.891156 0.916335
0.917546 0.918442
0.895585 0.924395
0.905401 0.902696
0.910485 0.926018
0.894741 0.915719
0.93991 0.906765
0.919888 0.917077
0.903426 0.909744
0.89349 0.91124
0.87626 0.912916
0.925965 0.934127
0.908717 0.914585
0.936284 0.919727
0.936951 0.912759
0.908249 0.902188
0.930659 0.918504
0.93055 0.932883
0.908252 0.912887
0.937926 0.920304
0.942452 0.916129
0.93151 0.917885
0.899023 0.913147
0.911829 0.896038
0.90112 0.924609
0.943755 0.9268
0.935444 0.907233
0.92334 0.915076
0.934995 0.892014
0.938112 0.926153
0.919195 0.925779
0.914856 0.91886
0.908254 0.924095
0.922872 0.925036
0.92321 0.931118
0.925692 0.917537
0.927744 0.937124
0.928769 0.936184
0.879101 0.894348
0.906224 0.910876
0.915076 0.910153
0.898132 0.904567
0.928124 0.90826
0.914797 0.934887
0.91722 0.940795
0.91183 0.925907
0.913334 0.923479
0.915346 0.921637
0.896602 0.899688
0.955223 0.929495
0.910432 0.914399
0.936118 0.906312
0.912814 0.895324
0.928175 0.909556
0.906808 0.901608
0.91811 0.893608
0.904717 0.923576
0.911901 0.929398
0.913144 0.933787
0.92287 0.908391
0.934726 0.916505
0.917923 0.865447
0.938897 0.929651
0.918271 0.901497
0.942201 0.931241
0.893207 0.911455
0.907492 0.913282
0.895897 0.950247
0.904023 0.90494
0.864821 0.898961
0.920463 0.923188
0.90811 0.909919
0.909139 0.925051
0.930287 0.9344
0.915115 0.899659
0.905889 0.928352
0.923573 0.884714
0.937605 0.917823
0.948595 0.935507
0.934201 0.926335
0.926008 0.94312
0.92081 0.93311
0.927896 0.926683
0.926615 0.930396
0.92215 0.911882
0.907418 0.944181
0.919719 0.937807
0.92219 0.934393
0.920675 0.936848
0.908785 0.907213
0.926968 0.915732
0.942062 0.90694
0.903738 0.935502
0.911956 0.911827
0.905645 0.927388
0.900403 0.922627
0.904381 0.923908
0.912069 0.931293
0.89979 0.915304
0.938443 0.909656
0.938303 0.932777
0.917339 0.920208
0.917125 0.924402
0.911882 0.903683
0.919713 0.933527
0.923558 0.912163
0.904817 0.914925
0.884181 0.921089
0.908125 0.889264
0.943551 0.909833
0.929602 0.922614
0.941435 0.88053
0.925685 0.903908
0.88662 0.926777
0.935998 0.946097
0.924564 0.919098
0.92541 0.905646
0.931233 0.938199
0.911949 0.919037
0.942499 0.932674
0.92088 0.924205
0.89376 0.854976
0.891938 0.891386
0.909934 0.8991
0.914101 0.921206
0.906302 0.943103
0.925954 0.908868
0.889322 0.896095
0.905596 0.889935
0.933528 0.932378
0.931673 0.88229
0.90671 0.885196
0.930303 0.910489
0.906575 0.906381
0.91048 0.889719
0.918365 0.927843
0.918855 0.918944
0.906233 0.901349
0.938058 0.90034
0.92491 0.921023
0.928954 0.940783
0.919341 0.867468
0.915829 0.9118
0.913785 0.896715
0.923648 0.868504
0.900135 0.932665
0.938444 0.929611
0.908386 0.939399
0.933932 0.924742
0.891904 0.907245
0.919898 0.935102
0.920558 0.924079
0.903296 0.892119
0.889837 0.911874
0.905048 0.881223
0.885327 0.911528
0.921841 0.926546
0.892361 0.917652
0.90676 0.944821
0.931573 0.897658
0.891805 0.888876
0.898802 0.865915
0.909794 0.915986
0.921879 0.928508
0.887791 0.920251
0.933719 0.914402
0.924146 0.906422
0.933066 0.913724
0.940374 0.896987
0.919148 0.922964
0.92627 0.940745
0.915141 0.915087
0.908877 0.901619
0.919243 0.891013
0.916758 0.883081
0.909608 0.894264
0.914305 0.928069
0.905776 0.941651
0.909384 0.91735
0.934259 0.940051
0.936254 0.925156
0.91581 0.941145
0.925381 0.910352
0.92018 0.930113
0.906977 0.920852
0.896315 0.91401
0.91318 0.941336
0.918868 0.937163
0.91952 0.916016
0.910974 0.920816
0.946765 0.933488
0.923421 0.933502
0.899567 0.928022
0.937773 0.915016
0.952608 0.914757
0.926056 0.909605
0.913233 0.899194
0.887591 0.898549
0.937423 0.895978
0.941625 0.945406
0.947248 0.921366
0.93693 0.933442
0.943072 0.937082
0.93143 0.926807
0.878792 0.931004
0.899896 0.926968
0.885422 0.917097
0.913133 0.921363
0.915103 0.925688
0.899259 0.926311
0.923559 0.902923
0.917051 0.93505
0.857097 0.882746
0.912661 0.896096
0.933987 0.955521
0.924767 0.912417
0.921308 0.91195
0.923684 0.898511
0.903841 0.908332
0.906339 0.88824
0.885564 0.916083
0.90888 0.907985
0.910338 0.924954
0.921921 0.924834
0.939279 0.929358
0.890634 0.937732
0.911754 0.920599
0.928707 0.914973
0.920446 0.943242
0.920113 0.92241
0.933212 0.934419
0.898251 0.908906
0.935169 0.899657
0.932543 0.911241
0.921979 0.914132
0.935518 0.902057
0.914775 0.906332
0.923072 0.925417
0.915511 0.898214
0.905192 0.905219
0.918101 0.926177
0.912882 0.91872
0.922429 0.918912
0.938083 0.930266
0.919049 0.921056
0.908336 0.890903
0.934718 0.923619
0.921713 0.892994
0.910275 0.928934
0.92326 0.941825
0.939352 0.91851
0.908687 0.898803
0.923924 0.923974
0.911488 0.920625
0.908915 0.881895
0.914532 0.898589
0.92067 0.922793
0.898519 0.908282
0.909458 0.929701
0.944438 0.91112
0.939951 0.921159
0.929061 0.914428
0.91537 0.906964
0.928678 0.91036
0.911377 0.911676
0.911788 0.893172
0.923906 0.91723
0.937537 0.906619
0.902835 0.913253
0.905374 0.892664
0.909048 0.902161
0.909469 0.921337
0.928485 0.897997
0.912012 0.927169
0.939103 0.916931
0.934697 0.909558
0.922334 0.904669
0.923058 0.916121
0.940829 0.936213
0.936612 0.889263
0.917049 0.937387
0.936774 0.942099
0.915364 0.913456
0.917162 0.929814
0.940741 0.928919
0.923309 0.924416
0.929143 0.909825
0.909437 0.908885
0.896472 0.91466
0.928922 0.915478
0.934881 0.922813
0.897321 0.890796
0.902696 0.886023
0.931746 0.913592
0.924426 0.903909
0.928872 0.91609
0.909341 0.910134
0.929771 0.918148
0.935388 0.936114
0.928761 0.905122
0.943387 0.928238
0.932573 0.933768
0.911759 0.922701
0.938653 0.896224
0.914099 0.910956
0.907247 0.915672
0.895343 0.926607
0.946896 0.886615
0.893067 0.922614
0.900894 0.942199
0.921212 0.937761
0.916542 0.923504
0.919638 0.923627
0.921896 0.894508
0.918983 0.908901
0.92115 0.902766
0.921534 0.916345
0.886423 0.900644
0.897296 0.928576
0.926136 0.935525
0.917905 0.929577
0.908996 0.890015
0.914171 0.904132
0.927541 0.919711
0.910618 0.911188
0.929401 0.925384
0.922906 0.924185
0.920098 0.917582
0.902167 0.90371
0.881731 0.912187
0.90916 0.933412
0.905076 0.923385
0.937614 0.894851
0.931693 0.922557
0.920842 0.914745
0.885996 0.911387
0.918454 0.929764
0.908963 0.915194
0.928401 0.926084
0.924758 0.916585
0.944033 0.92968
0.894825 0.916765
0.923933 0.91383
0.914533 0.914092
0.917121 0.896255
0.890759 0.907158
0.938463 0.925342
0.92925 0.917114
0.931993 0.905904
0.933617 0.925741
0.931602 0.920551
0.917433 0.923311
0.941925 0.932173
0.911748 0.94201
0.927562 0.933665
0.895198 0.921609
0.909852 0.923488
0.925933 0.909635
0.936462 0.918663
0.911099 0.939438
0.920956 0.915928
0.919683 0.930199
0.910112 0.919662
0.939621 0.921016
0.914697 0.910053
0.914197 0.931171
0.923589 0.927141
0.921993 0.898813
0.927683 0.924648
0.919457 0.926673
0.920685 0.901054
0.91038 0.915643
0.883651 0.927862
0.925489 0.908354
0.910805 0.896554
0.89292 0.914331
0.901783 0.90205
0.909442 0.930441
0.914195 0.916196
0.938206 0.931861
0.930716 0.905346
0.918532 0.892216
0.889237 0.937246
0.916422 0.886826
0.917718 0.898829
0.926274 0.918398
0.949772 0.919369
0.915996 0.94212
0.908995 0.931215
0.946068 0.943207
0.904621 0.936324
0.900692 0.908862
0.917503 0.929712
0.923722 0.9021
0.921695 0.939202
0.923112 0.915984
0.911984 0.877261
0.90361 0.922233
0.927812 0.941795
0.894715 0.932673
0.923329 0.929772
0.925854 0.902997
0.91362 0.925558
0.932607 0.907617
0.924442 0.919213
0.904377 0.943086
0.934596 0.936311
0.907835 0.909699
0.886113 0.935089
0.927983 0.908715
0.920345 0.900283
0.936926 0.914636
0.917397 0.939947
0.919425 0.930486
0.925637 0.930392
0.910241 0.920896
0.885262 0.884508
0.893771 0.920777
0.928122 0.920666
0.933966 0.920228
0.950203 0.925475
0.921806 0.89691
0.918378 0.916348
0.916695 0.922824
0.937394 0.935887
0.946185 0.933653
0.919477 0.941854
0.932354 0.910331
0.915613 0.915988
0.918511 0.93878
0.882994 0.914534
0.938071 0.914966
0.920982 0.92194
0.92903 0.928846
0.915488 0.886086
0.90444 0.925717
0.923572 0.931664
0.911165 0.923947
0.912538 0.948279
0.932161 0.918689
0.939008 0.886158
0.902563 0.911015
0.902518 0.925904
0.920874 0.920775
0.916293 0.882444
0.927377 0.904615
0.872565 0.94189
0.888721 0.860394
0.927644 0.938641
0.934238 0.953611
0.918511 0.922919
0.930537 0.912818
0.947194 0.926175
0.868257 0.88529
0.938612 0.927632
0.95359 0.928037
0.932298 0.911229
0.92446 0.919321
0.911226 0.89509
0.878782 0.862456
0.934482 0.922736
0.927792 0.910395
0.897366 0.916422
0.891611 0.914422
0.935922 0.939357
0.916345 0.879151
0.912775 0.904041
0.916182 0.909608
0.95082 0.916129
0.919621 0.926151
0.921152 0.883061
0.896739 0.916494
0.905751 0.916126
0.934138 0.926812
0.911952 0.903017
0.905499 0.922233
0.911406 0.937243
0.924793 0.928655
0.95027 0.912272
0.922218 0.929895
0.925611 0.924505
0.93529 0.94271
0.935013 0.911732
0.923363 0.902118
0.9336 0.937848
0.899285 0.918835
0.891622 0.895851
0.931684 0.905582
0.911115 0.902399
0.903042 0.931034
0.91487 0.939161
0.910806 0.922306
0.943675 0.929712
0.913372 0.904948
0.920862 0.927919
0.946813 0.932938
0.926278 0.894746
0.917241 0.937906
0.934146 0.929161
0.936383 0.923438
0.945177 0.924947
0.917559 0.907809
0.919312 0.882995
0.91925 0.909696
0.932 0.937737
0.907397 0.932885
0.945446 0.934004
0.906996 0.934465
0.920316 0.886924
0.883283 0.85438
0.906459 0.92501
0.918769 0.933654
0.900498 0.896695
0.941841 0.924491
0.908659 0.942795
0.941554 0.918925
0.933027 0.925671
0.939226 0.952842
0.932096 0.9175
0.928064 0.93973
0.911369 0.911447
0.889603 0.896838
0.929352 0.901957
0.935931 0.924798
0.925138 0.902015
0.91873 0.908948
0.92517 0.893877
0.91656 0.898501
0.940939 0.926081
0.886375 0.893475
0.920714 0.907523
0.924961 0.907292
0.931369 0.901218
0.913998 0.939025
0.877241 0.932055
0.902627 0.905507
0.917099 0.932029
0.91276 0.917504
0.915416 0.914028
0.932449 0.911983
0.926025 0.94688
0.938615 0.939695
0.915614 0.931534
0.92529 0.931318
0.904591 0.92198
0.922002 0.936978
0.894165 0.919641
0.918724 0.934267
0.923172 0.91453
0.930325 0.940615
0.930349 0.930778
0.920963 0.875006
0.922697 0.917542
0.939081 0.926592
0.914 0.908286
0.934186 0.919755
0.925089 0.930233
0.916174 0.901411
0.891789 0.892263
0.911028 0.91695
0.929417 0.92846
0.920323 0.911508
0.935885 0.886521
0.914647 0.924956
0.92107 0.929254
0.937258 0.933467
0.901937 0.891251
0.932171 0.930631
0.894453 0.920315
0.904922 0.938271
0.904256 0.919755
0.919629 0.921885
0.945573 0.925051
0.910303 0.915332
0.910988 0.925894
0.92288 0.919491
0.932335 0.91173
0.912567 0.934892
0.924676 0.932021
0.933891 0.945199
0.941129 0.930584
0.94239 0.916808
0.889701 0.871117
0.929773 0.925124
0.927721 0.916815
0.92635 0.915323
0.923347 0.945048
0.898392 0.908266
0.879145 0.889131
0.905641 0.915368
0.918822 0.931901
0.9253 0.926738
0.925715 0.902883
0.900439 0.91505
0.91976 0.923985
0.933628 0.905187
0.907343 0.892025
0.906258 0.925287
0.935947 0.905914
0.910694 0.918539
0.906751 0.917499
0.889295 0.938682
0.922048 0.924817
0.922882 0.942953
0.918152 0.92147
0.938753 0.933639
0.924846 0.901819
0.919224 0.91449
0.892722 0.917049
0.922459 0.926231
0.918045 0.926432
0.916859 0.926474
0.927577 0.923578
0.903744 0.916398
0.913151 0.930168
0.947469 0.948455
0.927164 0.922503
0.936498 0.921588
0.92152 0.935321
0.910431 0.906795
0.931114 0.936345
0.919677 0.917227
0.883107 0.90765
0.932011 0.935553
0.876139 0.918284
0.927498 0.916986
0.908949 0.89019
0.902334 0.89378
0.934532 0.896703
0.929306 0.917637
0.91981 0.932687
0.891862 0.886137
0.930242 0.927411
0.916624 0.928733
0.948809 0.920488
0.892981 0.89313
0.884882 0.880683
0.907425 0.891165
0.940705 0.932092
0.916511 0.937903
0.90698 0.950823
0.913115 0.910035
0.920947 0.942225
0.944467 0.929795
0.907296 0.919063
0.92059 0.908175
0.893221 0.926122
0.924001 0.935838
0.878498 0.939606
0.918065 0.929082
0.91653 0.94826
0.918518 0.920632
0.934913 0.929873
0.944036 0.928793
0.933848 0.920087
0.90165 0.906833
0.927565 0.908652
0.917856 0.923249
0.917654 0.928191
0.908978 0.889116
0.917194 0.920236
0.932511 0.907294
0.902133 0.920457
0.927452 0.91656
0.893595 0.904639
0.922433 0.923633
0.894196 0.877896
0.937723 0.918492
0.932399 0.904574
0.914006 0.925791
0.903969 0.888961
0.917551 0.896237
0.867027 0.900667
0.856713 0.896291
0.911498 0.929097
0.881865 0.926851
0.927677 0.931915
0.898426 0.889402
0.93676 0.939078
0.907121 0.885376
0.932963 0.915714
0.904047 0.916376
0.896244 0.942818
0.917055 0.941941
0.921231 0.935981
0.905255 0.896504
0.915812 0.907899
0.926662 0.938367
0.861039 0.924062
0.911723 0.880149
0.899048 0.857222
0.907482 0.902429
0.935574 0.883136
0.896503 0.886276
0.928856 0.895143
0.919326 0.937767
0.940028 0.91976
0.921095 0.910304
0.933824 0.90242
0.907265 0.925715
0.889905 0.938946
0.924244 0.900207
0.935636 0.912825
0.929834 0.921823
0.935567 0.932945
0.927533 0.94249
0.937339 0.94378
0.871895 0.927161
0.928764 0.924395
0.944573 0.947839
0.907933 0.935191
0.923719 0.9437
0.909276 0.908628
0.914873 0.941309
0.932522 0.945509
0.90492 0.947026
0.931393 0.926812
0.932806 0.92478
0.931979 0.904846
0.939701 0.932027
0.932353 0.903964
0.938661 0.910587
0.906834 0.925977
0.930481 0.916735
0.924437 0.942117
0.940176 0.897109
0.926224 0.917601
0.924237 0.901844
0.917749 0.923994
0.935975 0.873646
0.923188 0.903419
0.906873 0.870833
0.926489 0.913297
0.93268 0.923106
0.917733 0.927688
0.91475 0.89915
0.92663 0.908921
0.958854 0.937504
0.929354 0.895189
0.911276 0.928758
0.900127 0.923183
0.913606 0.932016
0.910534 0.924302
0.941759 0.904394
0.933738 0.898314
0.915436 0.937554
0.92738 0.933792
0.935059 0.905973
0.891056 0.887565
0.909264 0.884051
0.930166 0.926717
0.934508 0.923646
0.925923 0.910991
0.945628 0.891112
0.927764 0.913579
0.9071 0.907329
0.916815 0.904542
0.916714 0.905606
0.912729 0.887205
0.903817 0.917581
0.936643 0.904415
0.917013 0.920726
0.895221 0.895885
0.916094 0.937586
0.928077 0.903281
0.925437 0.929611
0.929391 0.887018
0.922416 0.919852
0.920936 0.915608
0.909079 0.906275
0.907321 0.929543
0.937408 0.932337
0.891851 0.889755
0.941464 0.933465
0.924966 0.936952
0.912516 0.943365
0.910911 0.908847
0.903231 0.941549
0.912999 0.893265
0.903937 0.930576
0.920127 0.90618
0.924116 0.914575
0.926248 0.92429
0.92705 0.913518
0.922825 0.928115
0.939769 0.936238
0.91735 0.940277
0.910831 0.936099
0.932356 0.920345
0.922015 0.933541
0.93753 0.923484
0.937733 0.907584
0.926412 0.932024
0.914605 0.934022
0.900434 0.908395
0.890853 0.925823
0.918918 0.932548
0.925165 0.90047
0.904713 0.909623
0.936234 0.925638
0.930243 0.936266
0.92281 0.933398
0.92876 0.926187
0.913418 0.917072
0.924006 0.932878
0.918264 0.92333
0.936148 0.944524
0.921843 0.916475
0.934474 0.942872
0.934446 0.923024
0.927912 0.921054
0.940003 0.915463
0.909776 0.916207
0.905924 0.910686
0.909222 0.919503
0.903022 0.919762
0.933434 0.924096
0.911864 0.926579
0.910074 0.902584
0.895409 0.899159
0.896206 0.874037
0.914358 0.908113
0.89653 0.918476
0.918742 0.90321
0.886036 0.903302
0.891354 0.918282
0.908081 0.933359
0.900376 0.920594
0.885192 0.91001
0.92468 0.951609
0.908946 0.906552
0.920474 0.921753
0.89674 0.91226
0.944946 0.948181
0.918657 0.914217
0.915891 0.923412
0.907669 0.900235
0.899203 0.922591
0.927007 0.941472
0.921632 0.914459
0.909012 0.917467
0.873789 0.890449
0.895948 0.90548
0.903543 0.928671
0.935663 0.915311
0.924742 0.901809
0.908305 0.919675
0.882265 0.93008
0.929712 0.919807
0.928101 0.89413
0.9443 0.924874
0.889028 0.932061
0.900773 0.908172
0.915433 0.936507
0.93062 0.937559
0.911924 0.90184
0.901141 0.914312
0.915049 0.894866
0.925764 0.914263
0.896285 0.900943
0.929736 0.915551
0.920017 0.932986
0.925364 0.92492
0.924298 0.936754
0.913455 0.915854
0.921636 0.89496
0.9178 0.92056
0.891816 0.890536
0.92119 0.90389
0.912436 0.915299
0.93182 0.883525
0.910897 0.907235
0.943929 0.928998
0.928653 0.946278
0.910288 0.864237
0.920456 0.916891
0.91695 0.919543
0.903765 0.937469
0.929008 0.902211
0.935985 0.909944
0.912773 0.927535
0.925642 0.91797
0.926679 0.933364
0.913855 0.927455
0.895993 0.891507
0.916639 0.912628
0.904592 0.926264
0.898572 0.917992
0.879951 0.925656
0.906118 0.937031
0.907869 0.928164
0.916085 0.909332
0.895258 0.88713
0.927279 0.928876
0.906376 0.92511
0.922735 0.938163
0.899061 0.915139
0.908961 0.942881
0.886584 0.894321
0.907309 0.916701
0.925705 0.920405
0.927191 0.926527
0.92894 0.94659
0.902516 0.912173
0.906866 0.90443
0.905408 0.90629
0.899245 0.90048
0.939123 0.939603
0.922535 0.912683
0.903831 0.922974
0.931572 0.905038
0.919195 0.94221
0.91258 0.92442
0.947412 0.946437
0.938755 0.927636
0.844068 0.937727
0.894523 0.923867
0.906904 0.917939
0.898399 0.884456
0.944729 0.928014
0.910882 0.926678
0.915818 0.911117
0.922197 0.917783
0.916429 0.928228
0.893259 0.932748
0.926775 0.946773
0.941681 0.935389
0.927654 0.918103
0.943819 0.921377
0.933808 0.937999
0.905257 0.942154
0.920962 0.930167
0.924232 0.920648
0.916909 0.915629
0.891724 0.920238
0.920865 0.920179
0.935326 0.929522
0.921702 0.913179
0.919572 0.943706
0.91891 0.926883
0.933731 0.926991
0.924432 0.910154
0.909573 0.874301
0.933528 0.934401
0.904181 0.925472
0.896759 0.892908
0.925663 0.914082
0.918008 0.90729
0.90022 0.905052
0.873751 0.891716
0.879523 0.928154
0.934554 0.91614
0.922762 0.910324
0.911481 0.900762
0.915661 0.924951
0.911382 0.907943
0.903997 0.915039
0.893974 0.915787
0.911817 0.922982
0.906845 0.929229
0.918907 0.908949
0.944331 0.908328
0.922978 0.926396
0.908985 0.924458
0.918467 0.913829
0.895268 0.944871
0.909401 0.888178
0.905875 0.920943
0.928497 0.929604
0.929439 0.916852
0.882927 0.90998
0.923514 0.920876
0.931373 0.910068
0.932385 0.910798
0.909367 0.930652
0.93992 0.926798
0.918841 0.911149
0.925196 0.930059
0.904981 0.920941
0.928956 0.916243
0.90494 0.928239
0.881793 0.926968
0.857293 0.90355
0.901342 0.89472
0.906197 0.882557
0.922081 0.907853
0.950031 0.918075
0.929221 0.907643
0.929283 0.909209
0.925759 0.933453
0.936964 0.920861
0.940072 0.927183
0.917786 0.917581
0.928398 0.927871
0.930152 0.911904
0.923754 0.91385
0.946441 0.913618
0.906955 0.920462
0.93403 0.940147
0.945762 0.933903
0.942284 0.921357
0.907766 0.901414
0.906836 0.928063
0.937534 0.938528
0.91065 0.897693
0.890156 0.91958
0.933601 0.934697
0.926318 0.919997
0.918611 0.935369
0.904173 0.928223
0.936496 0.92483
0.924912 0.91051
0.924932 0.870781
0.930735 0.917904
0.864631 0.937374
0.882791 0.919115
0.921805 0.917857
0.938411 0.919736
0.908456 0.912681
0.895677 0.921965
0.918385 0.915067
0.901404 0.905392
0.89896 0.901083
0.930501 0.933834
0.901799 0.931252
0.897965 0.886408
0.924934 0.917443
0.909806 0.92149
0.884654 0.890376
0.915448 0.922501
0.905775 0.915157
0.95623 0.925027
0.936564 0.899486
0.940699 0.933333
0.921187 0.931512
0.930257 0.941552
0.904225 0.909887
0.933028 0.91326
0.944854 0.940026
0.913098 0.894383
0.929506 0.93961
0.929163 0.901592
0.934507 0.943
0.92087 0.908551
0.91311 0.929938
0.924928 0.9237
0.930459 0.893828
0.929634 0.92918
0.944494 0.932912
0.919295 0.931475
0.9062 0.924864
0.927967 0.925168
0.894649 0.908035
0.925332 0.930925
0.92668 0.924084
0.938268 0.937659
0.922019 0.941079
0.924141 0.950196
0.907086 0.928361
0.890193 0.901418
0.919441 0.939922
0.895091 0.940838
0.926429 0.918214
0.944204 0.915521
0.898209 0.920658
0.907691 0.881423
0.906371 0.904192
0.907798 0.890966
0.877926 0.921443
0.910733 0.900584
0.911846 0.918516
0.938036 0.946803
0.886578 0.93203
0.914032 0.92799
0.915959 0.918506
0.910953 0.934284
0.934507 0.931382
0.922225 0.923177
0.924492 0.918804
0.939062 0.929839
0.929971 0.924994
0.921145 0.93085
0.897182 0.921081
0.942594 0.912114
0.934863 0.935084
0.896925 0.902055
0.926938 0.898916
0.928435 0.880091
0.891545 0.918001
0.9084 0.930349
0.926212 0.904663
0.923578 0.922711
0.933266 0.925397
0.92255 0.913561
0.917366 0.910562
0.946014 0.911681
0.905978 0.927939
0.868031 0.896782
0.913574 0.899403
0.923111 0.917235
0.916449 0.93491
0.939143 0.933759
0.886644 0.887854
0.931797 0.920588
0.895521 0.91109
0.903605 0.921695
0.931813 0.934334
0.897989 0.933527
0.92289 0.913444
0.95072 0.910107
0.925175 0.926768
0.904149 0.925529
0.906714 0.942829
0.910802 0.92636
0.923864 0.912605
0.925691 0.904134
0.944361 0.931303
0.886143 0.925286
0.918261 0.930246
0.921494 0.875196
0.933218 0.925039
0.920446 0.90746
0.908906 0.926319
0.920207 0.91762
0.91612 0.910105
0.894178 0.873066
0.935032 0.872867
0.924314 0.944018
0.917616 0.91217
0.928191 0.907281
0.932798 0.887487
0.88589 0.915465
0.922529 0.925138
0.898772 0.907283
0.918332 0.932994
0.898176 0.934439
0.927227 0.898959
0.90454 0.90489
0.910797 0.902577
0.905567 0.925272
0.926488 0.936148
0.878753 0.907127
0.903243 0.892908
0.923939 0.927942
0.93568 0.911707
0.932409 0.918672
0.887036 0.901872
0.907916 0.919621
0.916693 0.921436
0.90637 0.908027
0.923911 0.938985
0.922 0.943616
0.905948 0.931397
0.914218 0.929348
0.922175 0.91527
0.926599 0.945435
0.9266 0.934993
0.904855 0.906911
0.894211 0.917847
0.919006 0.93316
0.934042 0.927197
0.923994 0.907718
0.916448 0.912882
0.913957 0.916019
0.915671 0.925998
0.900012 0.914476
0.933668 0.884368
0.922402 0.915974
0.920164 0.946839
0.910314 0.902141
0.909313 0.901721
0.909243 0.904685
0.927351 0.906699
0.932795 0.930112
0.897684 0.924258
0.918167 0.914246
0.91498 0.900324
0.896662 0.929959
0.922822 0.933942
0.924086 0.932058
0.895933 0.922395
0.91672 0.910209
0.911726 0.926846
0.906969 0.948334
0.940475 0.919858
0.931809 0.904181
0.937982 0.906803
0.944117 0.877438
0.927965 0.916416
0.92855 0.903382
0.899386 0.928982
0.898575 0.901722
0.932131 0.922482
0.899567 0.921341
0.925405 0.896133
0.867048 0.899872
0.925627 0.903646
0.924047 0.92758
0.913041 0.900147
0.936301 0.910802
0.913059 0.923333
0.911856 0.926747
0.918583 0.907074
0.889971 0.877423
0.913552 0.93088
0.932229 0.919145
0.936489 0.897557
0.928144 0.928375
0.91622 0.903127
0.922864 0.926321
0.902043 0.907538
0.93214 0.868295
0.921922 0.927911
0.913518 0.871687
0.926064 0.927714
0.941665 0.903278
0.92171 0.925397
0.932884 0.915292
0.932757 0.894877
0.929617 0.915921
0.905308 0.90855
0.915872 0.893519
0.917699 0.930069
0.906576 0.928815
0.889319 0.916988
0.943365 0.925243
0.916997 0.92742
0.910956 0.943234
0.900679 0.905438
0.909793 0.892256
0.939464 0.901534
0.942989 0.926313
0.889285 0.925957
0.898132 0.905674
0.93073 0.934249
0.908891 0.913034
0.923585 0.917372
0.925709 0.923964
0.928464 0.926454
0.921172 0.918524
0.92121 0.912196
0.93282 0.917094
0.933062 0.932061
0.933385 0.924791
0.887282 0.887231
0.903041 0.88592
0.920699 0.925647
0.892446 0.916757
0.922246 0.930268
0.902432 0.89307
0.926011 0.902678
0.931868 0.940637
0.893478 0.927316
0.910691 0.921432
0.917381 0.896954
0.919402 0.91415
0.921684 0.918822
0.918748 0.898299
0.941182 0.908867
0.915698 0.933718
0.916025 0.908559
0.9292 0.911684
0.891602 0.91128
0.91794 0.890978
0.927462 0.908211
0.939135 0.927102
0.914017 0.909966
0.926024 0.9184
0.915876 0.926068
0.928438 0.911131
0.8992 0.924249
0.928017 0.908316
0.875766 0.908272
0.924895 0.908828
0.921217 0.921502
0.939078 0.929671
0.911991 0.896565
0.938529 0.905139
0.949064 0.929939
0.901009 0.925281
0.933951 0.928017
0.946366 0.889661
0.900894 0.903578
0.920944 0.925007
0.928348 0.930175
0.923251 0.91051
0.938372 0.916537
0.917029 0.915888
0.903134 0.886068
0.937378 0.924026
0.915874 0.933047
0.940889 0.912783
0.902564 0.909191
0.889989 0.906667
0.912627 0.915682
0.915722 0.900476
0.884569 0.928649
0.934852 0.942999
0.926815 0.92394
0.902493 0.9113
0.95217 0.913938
0.921437 0.923951
0.93504 0.91114
0.921 0.920167
0.920758 0.916973
0.937605 0.931493
0.894359 0.920859
0.925497 0.915792
0.927026 0.92279
0.919858 0.91239
0.924898 0.922763
0.936481 0.937857
0.930477 0.912966
0.9001 0.924795
0.887782 0.915914
0.910936 0.940068
0.873626 0.911602
0.916714 0.906808
0.935837 0.922816
0.920274 0.919856
0.919191 0.916071
0.895361 0.904877
0.909386 0.918587
0.930607 0.9384
0.917108 0.931457
0.902682 0.924955
0.925444 0.926667
0.94257 0.925343
0.924044 0.910806
0.924804 0.909706
0.933397 0.925272
0.920278 0.910264
0.942385 0.904047
0.934074 0.919393
0.91834 0.923322
0.93035 0.932249
0.940892 0.938136
0.906897 0.941356
0.932565 0.936639
0.914033 0.926405
0.912408 0.910062
0.891178 0.91694
0.917934 0.918089
0.913647 0.905555
0.908271 0.878737
0.933394 0.923693
0.902823 0.925591
0.92491 0.942639
0.904864 0.905732
0.913252 0.897951
0.921282 0.923053
0.89584 0.914192
0.901933 0.909947
0.91396 0.94121
0.911178 0.918048
0.940196 0.902702
0.916497 0.922349
0.894448 0.923776
0.92935 0.937629
0.902869 0.90624
0.92794 0.925585
0.939369 0.902297
0.941801 0.91104
0.927826 0.91429
0.90655 0.915598
0.919651 0.924029
0.887548 0.941586
0.939986 0.939405
0.925421 0.907916
0.924662 0.919218
0.92172 0.93307
0.92669 0.923372
0.886326 0.910811
0.890973 0.895852
0.930716 0.920376
0.935319 0.939162
0.913049 0.909832
0.925058 0.902805
0.926919 0.901022
0.911435 0.916145
0.916902 0.884655
0.924325 0.921955
0.944829 0.926733
0.921326 0.918686
0.928424 0.933936
0.92648 0.924872
0.916734 0.933456
0.928953 0.930901
0.905632 0.93877
0.922083 0.921388
0.918961 0.932416
0.936018 0.927481
0.915411 0.910218
0.908357 0.911279
0.917305 0.90908
0.886519 0.8729
0.879205 0.878986
0.903759 0.904284
0.899301 0.910485
0.910956 0.907585
0.918643 0.925573
0.928456 0.921281
0.932068 0.930843
0.908065 0.921316
0.898077 0.926569
0.872353 0.896144
0.903185 0.922361
0.918102 0.908882
0.926616 0.892085
0.910614 0.896846
0.928619 0.935798
0.90086 0.928485
0.914689 0.907295
0.913639 0.92148
0.925305 0.915957
0.924709 0.928677
0.91802 0.920871
0.882733 0.920151
0.906898 0.932624
0.918342 0.931628
0.897746 0.913547
0.901787 0.920702
0.941362 0.926673
0.938796 0.919412
0.899347 0.912267
0.888372 0.906193
0.918536 0.93372
0.925257 0.949016
0.924902 0.927303
0.906617 0.935578
0.914546 0.916477
0.923035 0.913206
0.907742 0.894916
0.89535 0.917647
0.897898 0.917356
0.915911 0.940816
0.908642 0.89735
0.924438 0.917479
0.918728 0.904021
0.92482 0.922914
0.923938 0.918483
0.927645 0.912156
0.917987 0.913732
0.924748 0.91947
0.872989 0.898786
0.929969 0.921056
0.912633 0.907891
0.913006 0.90818
0.9314 0.913709
0.933248 0.885688
0.917972 0.885785
0.946115 0.927494
0.921791 0.9239
0.923208 0.938796
0.907123 0.919477
0.914974 0.916034
0.909444 0.932932
0.922966 0.920744
0.938824 0.933197
0.923844 0.91537
0.933668 0.920647
0.938555 0.915763
0.902886 0.916153
0.917799 0.906205
0.896129 0.933393
0.921972 0.908979
0.923725 0.9208
0.924422 0.927828
0.932329 0.928137
0.944711 0.919017
0.901814 0.921606
0.926842 0.900703
0.93326 0.919632
0.919788 0.899786
0.921496 0.928548
0.915541 0.929227
0.871113 0.927213
0.892222 0.917786
0.908145 0.923297
0.901367 0.912914
0.932139 0.929052
0.927408 0.923178
0.902569 0.935886
0.904291 0.936336
0.92478 0.927678
0.921779 0.890962
0.926201 0.940324
0.917954 0.926765
0.878635 0.909802
0.92844 0.914363
0.93547 0.925858
0.897128 0.932236
0.913745 0.918113
0.928575 0.908988
0.910362 0.927576
0.914235 0.902972
0.889714 0.915301
0.929737 0.922282
0.936721 0.898097
0.92356 0.927642
0.920512 0.923673
0.914122 0.923366
0.92432 0.918751
0.918072 0.929009
0.926001 0.918429
0.912885 0.923649
0.92279 0.942425
0.925784 0.911798
0.898916 0.914938
0.908325 0.92731
0.926011 0.8793
0.929852 0.924192
0.933304 0.924674
0.911029 0.910577
0.927384 0.900511
0.908166 0.925804
0.909762 0.911595
0.916364 0.919965
0.927035 0.911933
0.922352 0.928396
0.921447 0.921323
0.918556 0.934046
0.89314 0.932797
0.918364 0.935246
0.912471 0.862999
0.914663 0.914095
0.925941 0.94889
0.908836 0.919427
0.915672 0.89903
0.919643 0.916751
0.929258 0.92314
0.921625 0.934288
0.934093 0.932832
0.916583 0.924508
0.90158 0.904336
0.880253 0.886188
0.928196 0.908106
0.916281 0.895839
0.933708 0.92368
0.942108 0.913206
0.940551 0.911344
0.919081 0.920977
0.896115 0.914961
0.930337 0.904478
0.923795 0.932835
0.917358 0.912537
0.912141 0.894554
0.886719 0.891006
0.903619 0.924107
0.91768 0.905927
0.928993 0.917193
0.928473 0.900026
0.925381 0.904684
0.92126 0.931551
0.918393 0.940708
0.89756 0.93048
0.894637 0.917311
0.919712 0.936506
0.915412 0.9301
0.914657 0.930458
0.933049 0.937275
0.911823 0.907656
0.93413 0.907666
0.914017 0.891916
0.890945 0.895732
0.923872 0.918436
0.939484 0.918161
0.922024 0.919391
0.911797 0.938238
0.914331 0.933919
0.929383 0.927559
0.918778 0.904484
0.929289 0.943815
0.937371 0.948393
0.924578 0.925421
0.913621 0.918617
0.924961 0.931046
0.902573 0.924316
0.915382 0.921981
0.946532 0.87985
0.888646 0.881878
0.864252 0.867754
0.924913 0.914476
0.937457 0.928246
0.919142 0.915813
0.931615 0.916949
0.904659 0.928393
0.925459 0.917817
0.9136 0.928985
0.898756 0.928991
0.921715 0.939621
0.93061 0.931212
0.924938 0.918538
0.921536 0.913646
0.905218 0.918992
0.876919 0.928859
0.93251 0.936414
0.917676 0.941051
0.90692 0.889476
0.927645 0.906504
0.911245 0.912411
0.934707 0.894272
0.930034 0.939336
0.91134 0.905754
0.904596 0.915029
0.922534 0.932499
0.898421 0.934904
0.935815 0.93481
0.890195 0.885877
0.924374 0.91655
0.895418 0.932065
0.915988 0.9202
0.89243 0.932198
0.923705 0.942954
0.907115 0.873576
0.935745 0.918991
0.927056 0.937142
0.910827 0.919606
0.930173 0.917726
0.927785 0.91335
0.924036 0.916296
0.933545 0.914932
0.916428 0.90709
0.936751 0.922317
0.921128 0.900488
0.88617 0.919463
0.918417 0.923682
0.920185 0.920899
0.88291 0.943771
0.927954 0.924167
0.938973 0.903767
0.918145 0.915251
0.927529 0.910845
0.926129 0.902929
0.9395 0.910657
0.925414 0.922583
0.93421 0.890836
0.930744 0.910044
0.896869 0.918562
0.928496 0.923095
0.904443 0.895641
0.946473 0.93393
0.925817 0.930699
0.907874 0.913004
0.924419 0.933562
0.924034 0.903254
0.927276 0.917999
0.928609 0.919701
0.898802 0.915187
0.905807 0.882936
0.944768 0.931559
0.919983 0.903239
0.902467 0.911104
0.902932 0.930486
0.946292 0.951773
0.902101 0.91945
0.917961 0.897671
0.9451 0.922428
0.906344 0.911008
0.920217 0.925388
0.857207 0.907288
0.913206 0.910431
0.933195 0.916861
0.902276 0.907754
0.933028 0.927772
0.924849 0.897085
0.903578 0.898984
0.902336 0.886751
0.934617 0.928504
0.922165 0.904535
0.935812 0.936504
0.916184 0.910138
0.917841 0.907852
0.905598 0.921268
0.934671 0.923478
0.91647 0.9385
0.916649 0.933919
0.909204 0.940943
0.945158 0.950556
0.923696 0.896299
0.923216 0.88964
0.929844 0.918545
0.919733 0.91572
0.904473 0.923219
0.903333 0.91939
0.926737 0.904257
0.936614 0.922431
0.905471 0.912524
0.914726 0.886623
0.921538 0.925737
0.931707 0.931888
0.914105 0.932638
0.915947 0.922975
0.91095 0.935405
0.909479 0.919039
0.934632 0.911382
0.918773 0.909044
0.932386 0.91603
0.938836 0.935471
0.926418 0.917608
0.895729 0.890797
0.937425 0.919416
0.918356 0.919724
0.93604 0.90985
0.933338 0.883976
0.912966 0.913262
0.900945 0.939271
0.919074 0.913567
0.91163 0.927612
0.921678 0.929171
0.925093 0.935081
0.911685 0.939976
0.925677 0.919304
0.872823 0.895715
0.905378 0.94513
0.910832 0.933222
0.907365 0.904671
0.917483 0.920309
0.932071 0.92199
0.920178 0.916942
0.931686 0.928118
0.912107 0.885644
0.925445 0.91856
0.923998 0.913968
0.931894 0.939459
0.919299 0.924415
0.930086 0.931093
0.914365 0.929597
0.933252 0.920176
0.930219 0.922203
0.936878 0.927789
0.934362 0.934071
0.932744 0.921955
0.892568 0.914332
0.91855 0.892835
0.92644 0.920858
0.906149 0.916733
0.90954 0.915222
0.941431 0.937697
0.922052 0.933235
0.911015 0.927193
0.913963 0.915831
0.942804 0.938712
0.920517 0.945879
0.929279 0.940068
0.907537 0.921263
0.911049 0.947328
0.906011 0.929056
0.896848 0.904898
0.89964 0.880426
0.928908 0.908474
0.928097 0.893143
0.881805 0.900455
0.902769 0.921052
0.922982 0.923819
0.928553 0.929547
0.902212 0.932589
0.912262 0.913943
0.918842 0.925594
0.930412 0.902359
0.908076 0.938978
0.9001 0.905239
0.902851 0.914216
0.896004 0.911812
0.926214 0.895211
0.903723 0.920413
0.941323 0.893176
0.905931 0.926949
0.920425 0.918728
0.896806 0.914956
0.906969 0.90034
0.920545 0.924736
0.922443 0.901909
0.900831 0.917623
0.908718 0.906625
0.938472 0.911302
0.923261 0.936476
0.911992 0.893863
0.914067 0.935132
0.926674 0.911135
0.91347 0.910257
0.923053 0.911724
0.908038 0.889425
0.913389 0.91138
0.93193 0.921352
0.886308 0.910718
0.912792 0.929097
0.923668 0.935159
0.910167 0.921495
0.904747 0.916292
0.914913 0.937078
0.896503 0.911538
0.914857 0.919057
0.913311 0.93988
0.909878 0.922147
0.933598 0.929152
0.885475 0.917872
0.878859 0.920565
0.920006 0.932598
0.90497 0.90595
0.942879 0.882383
0.926002 0.923769
0.896597 0.883439
0.904143 0.940453
0.904256 0.887332
0.88015 0.859376
0.891519 0.882515
0.942493 0.913513
0.922709 0.910199
0.924659 0.919473
0.910354 0.90921
0.92676 0.942411
0.928857 0.920104
0.949192 0.893579
0.941382 0.93988
0.91436 0.930419
0.91176 0.926317
0.917686 0.907052
0.928854 0.932798
0.934065 0.927794
0.922935 0.925147
0.932689 0.923056
0.930034 0.913937
0.952819 0.929044
0.903275 0.897789
0.919484 0.92776
0.924226 0.93365
0.929143 0.922473
0.902312 0.915836
0.910902 0.880603
0.917389 0.935042
0.925375 0.93165
0.932483 0.935998
0.911467 0.899519
0.891948 0.902425
0.938416 0.914445
0.928885 0.921811
0.92884 0.921451
0.929502 0.920696
0.919211 0.930941
0.92059 0.937854
0.921242 0.919496
0.930097 0.893459
0.935023 0.946865
0.927431 0.917316
0.921495 0.928547
0.893373 0.894682
0.898868 0.900728
0.92147 0.914273
0.909564 0.914584
0.893494 0.898432
0.94604 0.921504
0.93275 0.930301
0.930625 0.929117
0.922403 0.917458
0.910239 0.920819
0.898584 0.935887
0.918782 0.929199
0.918265 0.906237
0.901073 0.918607
0.944977 0.92707
0.899008 0.919077
0.914278 0.893044
0.934127 0.924013
0.876513 0.898046
0.919489 0.893286
0.907842 0.896539
0.921497 0.916306
0.914523 0.927077
0.918204 0.947592
0.944344 0.924784
0.914499 0.880562
0.892146 0.918179
0.924635 0.937179
0.936305 0.937117
0.927958 0.935858
0.902491 0.937351
0.934796 0.927636
0.926393 0.91486
0.919659 0.905573
0.940748 0.906276
0.937489 0.907579
0.923243 0.898944
0.918123 0.930163
0.932346 0.949326
0.90593 0.914703
0.922619 0.886969
0.920694 0.907501
0.87135 0.907737
0.927856 0.920025
0.935615 0.928488
0.927155 0.930184
0.918243 0.926052
0.913858 0.909835
0.923798 0.924038
0.918254 0.927903
0.915418 0.918826
0.920289 0.905907
0.935574 0.924249
0.940772 0.939493
0.896487 0.917427
0.911073 0.9413
0.930358 0.938236
0.929238 0.927248
0.892782 0.935168
0.931905 0.92476
0.911792 0.908925
0.929266 0.92916
0.892152 0.931329
0.931627 0.925551
0.93049 0.897656
0.908171 0.929088
0.910133 0.934044
0.900147 0.897889
0.906408 0.894988
0.927225 0.914657
0.932484 0.888689
0.927038 0.927007
0.910505 0.907614
0.911707 0.882109
0.909157 0.913082
0.873095 0.920517
0.894135 0.927707
0.906573 0.895602
0.912253 0.932972
0.904338 0.929283
0.917829 0.938038
0.902565 0.918035
0.884529 0.932932
0.919941 0.908827
0.928407 0.932818
0.918355 0.923865
0.917358 0.925292
0.897403 0.907955
0.934754 0.916506
0.93605 0.942526
0.914924 0.90338
0.883522 0.888424
0.92799 0.937885
0.920602 0.933375
0.869124 0.895339
0.92635 0.902339
0.933167 0.907405
0.919297 0.940873
0.894972 0.949002
0.905685 0.91762
0.892359 0.899241
0.926646 0.904242
0.909279 0.893372
0.922368 0.887258
0.936855 0.927426
0.931996 0.930078
0.932988 0.930229
0.921282 0.902857
0.940463 0.939157
0.907545 0.916646
0.904384 0.936534
0.881184 0.916037
0.887568 0.93093
0.895169 0.908896
0.932447 0.897959
0.921303 0.901456
0.884312 0.881441
0.920855 0.940471
0.917676 0.923173
0.932686 0.916783
0.930362 0.927659
0.929793 0.893889
0.933341 0.942983
0.91775 0.921628
0.910778 0.89979
0.906344 0.869028
0.92751 0.922608
0.922271 0.926128
0.919932 0.873407
0.862506 0.908458
0.896817 0.863727
0.88367 0.89832
0.89543 0.923511
0.93102 0.929547
0.905933 0.924525
0.911052 0.918276
0.896502 0.924002
0.941814 0.929388
0.913284 0.909776
0.930156 0.889284
0.912576 0.893319
0.926529 0.926418
0.901434 0.919234
0.917516 0.904678
0.927993 0.913363
0.903165 0.909438
0.885511 0.898405
0.914174 0.90601
0.906651 0.919788
0.922539 0.900057
0.918541 0.922022
0.934723 0.896198
0.91239 0.908645
0.929268 0.877765
0.901697 0.920082
0.931967 0.936149
0.923931 0.921012
0.867617 0.90453
0.9047 0.899037
0.925175 0.925992
0.938661 0.904664
0.922638 0.892194
0.89792 0.934013
0.891683 0.93159
0.935044 0.943343
0.941334 0.946593
0.90117 0.899146
0.921414 0.931267
0.90549 0.907878
0.923449 0.90299
0.910701 0.927726
0.919296 0.932006
0.912259 0.917266
0.910903 0.923306
0.884101 0.874506
0.915524 0.913656
0.919362 0.873914
0.937708 0.92136
0.900834 0.897566
0.905541 0.924184
0.94316 0.931935
0.916826 0.927502
0.923444 0.945082
0.939289 0.930795
0.914797 0.911248
0.919926 0.859304
0.937762 0.903793
0.888897 0.898477
0.918614 0.915669
0.916261 0.912019
0.908685 0.907341
0.940664 0.929305
0.926241 0.928016
0.917908 0.937167
0.919623 0.928941
0.922888 0.919723
0.900688 0.916843
0.917445 0.910837
0.89771 0.919031
0.93545 0.91456
0.933846 0.946848
0.946456 0.934339
0.916016 0.919582
0.924296 0.932589
0.928548 0.930753
0.898672 0.887518
0.892761 0.896226
0.898717 0.917141
0.931826 0.928946
0.903602 0.905905
0.915703 0.914075
0.92478 0.890848
0.895315 0.90147
0.928525 0.916744
0.924754 0.929361
0.929978 0.892519
0.90382 0.896443
0.912601 0.909536
0.915782 0.939394
0.906136 0.91665
0.917666 0.892792
0.946553 0.948466
0.886298 0.919126
0.944196 0.923351
0.954981 0.906161
0.95459 0.91657
0.928434 0.919632
0.915947 0.901259
0.925256 0.920658
0.927642 0.925332
0.897621 0.888298
0.936307 0.933053
0.899837 0.90088
0.909137 0.911079
0.89434 0.921142
0.924024 0.925326
0.908055 0.933033
0.926733 0.923087
0.92567 0.928974
0.933211 0.936793
0.87884 0.922083
0.90852 0.909575
0.929217 0.924418
0.947196 0.924547
0.890898 0.914215
0.931363 0.925254
0.916771 0.93455
0.935955 0.931996
0.818187 0.867164
0.906958 0.90438
0.897703 0.918819
0.924335 0.918032
0.904615 0.915132
0.912369 0.926114
0.924337 0.926791
0.913305 0.920096
0.918359 0.91878
0.912815 0.886645
0.912965 0.922012
0.921424 0.910637
0.873551 0.906054
0.899025 0.911055
0.886466 0.901669
0.913656 0.914671
0.888428 0.904482
0.909618 0.929472
0.935159 0.930926
0.935245 0.944225
0.915273 0.901699
0.921543 0.920958
0.881819 0.919127
0.899971 0.917258
0.936296 0.919715
0.917346 0.933416
0.927715 0.895627
0.945152 0.939458
0.929256 0.925677
0.917569 0.916851
0.921806 0.937221
0.899339 0.922496
0.910874 0.896454
0.923504 0.931046
0.893096 0.918016
0.920248 0.940073
0.920328 0.933763
0.891981 0.921861
0.885532 0.90525
0.878226 0.920781
0.903057 0.908939
0.924567 0.928929
0.924852 0.947004
0.912618 0.92512
0.935056 0.9265
0.902937 0.913046
0.918355 0.922307
0.929123 0.913374
0.950032 0.917708
0.918553 0.901221
0.924085 0.916127
0.924214 0.938157
0.91872 0.90875
0.922938 0.900263
0.91585 0.877078
0.895223 0.880153
0.940572 0.904911
0.917344 0.938373
0.921219 0.952724
0.942457 0.930599
0.914638 0.920855
0.928203 0.915474
0.876107 0.899986
0.912868 0.919207
0.929493 0.919836
0.88809 0.926513
0.938019 0.8788
0.88247 0.911752
0.921105 0.9161
0.9384 0.900354
0.886405 0.887276
0.892959 0.934268
0.929434 0.922105
0.924712 0.91274
0.92389 0.889799
0.909657 0.914363
0.923334 0.894198
0.890567 0.914668
0.911802 0.916853
0.932688 0.91654
0.915246 0.928829
0.93549 0.907855
0.926896 0.934488
0.919625 0.915722
0.903544 0.928565
0.90442 0.920229
0.90591 0.904454
0.89931 0.905873
0.910323 0.926715
0.903135 0.936449
0.908965 0.889556
0.93176 0.923512
0.92767 0.902824
0.899791 0.907925
0.906168 0.903858
0.907712 0.9078
0.935896 0.924593
0.909723 0.929746
0.904439 0.91454
0.911617 0.928879
0.919619 0.926449
0.897691 0.907124
0.920775 0.922558
0.923977 0.909774
0.917091 0.909733
0.951134 0.934603
0.905126 0.918788
0.920845 0.911962
0.925817 0.931607
0.923247 0.926656
0.919549 0.929092
0.917537 0.917238
0.93554 0.914791
0.914176 0.920242
0.910367 0.903113
0.90762 0.904794
0.917445 0.912443
0.910547 0.902191
0.912237 0.906379
0.888874 0.921733
0.921585 0.897803
0.915429 0.906333
0.888462 0.925261
0.890711 0.890088
0.908181 0.910119
0.911365 0.902941
0.892093 0.901596
0.902846 0.897895
0.917234 0.897391
0.926158 0.923673
0.938218 0.923466
0.935645 0.901391
0.927625 0.933716
0.890938 0.930161
0.915836 0.911602
0.937124 0.937437
0.940166 0.902926
0.914105 0.911688
0.912964 0.897254
0.911107 0.914742
0.900453 0.913826
0.888722 0.899296
0.905769 0.859342
0.923424 0.924963
0.888887 0.880021
0.907204 0.896235
0.91968 0.898642
0.900595 0.900689
0.854631 0.875757
0.887583 0.918171
0.925009 0.928469
0.929677 0.921873
0.944549 0.909201
0.923996 0.92746
0.871782 0.888673
0.912823 0.904166
0.908829 0.919736
0.911555 0.922432
0.895266 0.923967
0.888786 0.879788
0.905999 0.90253
0.921584 0.933027
0.917524 0.909596
0.922824 0.928736
0.918247 0.927333
0.894213 0.930163
0.937582 0.947454
0.925295 0.944073
0.898733 0.908201
0.92411 0.915793
0.914045 0.907508
0.919409 0.91042
0.940159 0.893145
0.915526 0.882444
0.916495 0.89076
0.90022 0.865051
0.92035 0.892437
0.90495 0.902941
0.869318 0.905834
0.92091 0.899578
0.913685 0.918092
0.940185 0.93714
0.913665 0.910614
0.935608 0.934363
0.936909 0.910131
0.936654 0.928278
0.930262 0.907916
0.926495 0.927809
0.909957 0.901108
0.917156 0.89533
0.909359 0.919061
0.919482 0.900592
0.920293 0.926309
0.914583 0.937391
0.922813 0.912581
0.927674 0.924506
0.946271 0.930036
0.905802 0.895005
0.920499 0.938983
0.904637 0.91676
0.919535 0.914578
0.928744 0.927405
0.935079 0.918776
0.933579 0.926873
0.917164 0.9189
0.914403 0.930096
0.894307 0.933009
0.910725 0.925939
0.897765 0.904849
0.921928 0.907722
0.907705 0.872742
0.894449 0.918779
0.912909 0.920573
0.907704 0.92921
0.927886 0.919046
0.928444 0.941182
0.932832 0.930834
0.920913 0.899702
0.927699 0.945207
0.91662 0.928769
0.920232 0.929888
0.913978 0.90213
0.928728 0.924383
0.909544 0.912166
0.912589 0.921285
0.922758 0.92378
0.889025 0.915639
0.884313 0.900263
0.898801 0.895508
0.875115 0.870591
0.927675 0.948113
0.934561 0.928575
0.915011 0.914999
0.93613 0.904897
0.922168 0.941845
0.905312 0.889852
0.860258 0.906258
0.887392 0.918975
0.917895 0.93219
0.920626 0.892695
0.917939 0.884873
0.913269 0.888747
0.907696 0.879317
0.93823 0.925396
0.908434 0.916937
0.895636 0.912089
0.921614 0.922183
0.918153 0.908574
0.928335 0.928074
0.88535 0.918119
0.900906 0.900985
0.919899 0.929585
0.908593 0.887177
0.895865 0.930624
0.92594 0.934589
0.933204 0.904532
0.936749 0.907001
0.923731 0.926676
0.876386 0.925679
0.93326 0.914353
0.922008 0.915082
0.917612 0.92226
0.913681 0.924
0.944436 0.894173
0.930714 0.894375
0.905909 0.904097
0.92892 0.930381
0.919305 0.906166
0.943596 0.93722
0.915557 0.920849
0.921711 0.919362
0.934076 0.906738
0.881362 0.919481
0.881168 0.92546
0.938053 0.902901
0.890285 0.921597
0.907412 0.913508
0.911136 0.915434
0.917878 0.935372
0.950639 0.912629
0.905911 0.924531
0.935443 0.910201
0.923894 0.89923
0.94953 0.93504
0.925049 0.907468
0.932293 0.929131
0.944054 0.923559
0.942615 0.913152
0.917155 0.922236
0.925073 0.952868
0.923625 0.947723
0.914921 0.943771
0.885195 0.941878
0.939522 0.937048
0.921158 0.917228
0.926524 0.908594
0.911528 0.922033
0.896536 0.924129
0.927868 0.906427
0.909002 0.895526
0.92455 0.916141
0.940017 0.915593
0.929527 0.921852
0.933671 0.90813
0.927116 0.929503
0.900213 0.922986
0.936342 0.92666
0.920499 0.923115
0.945428 0.928115
0.917911 0.91181
0.915322 0.91618
0.934524 0.934337
0.940037 0.933507
0.89073 0.924929
0.9169 0.924504
0.926007 0.93011
0.904634 0.914418
0.932676 0.917097
0.93241 0.911822
0.934699 0.920814
0.907402 0.890491
0.917513 0.90545
0.945883 0.905142
0.924041 0.923359
0.905235 0.913034
0.921649 0.906266
0.934337 0.937875
0.906804 0.918603
0.898785 0.894683
0.904228 0.927336
0.858669 0.917922
0.885462 0.883302
0.925816 0.940308
0.930548 0.929182
0.910501 0.923421
0.921748 0.923126
0.908346 0.911861
0.896382 0.886172
0.922691 0.924135
0.953883 0.936467
0.932689 0.91596
0.933442 0.92126
0.920437 0.921136
0.920433 0.936242
0.929539 0.909087
0.935691 0.900275
0.897573 0.889861
0.923118 0.902847
0.913082 0.902436
0.932758 0.887576
0.92862 0.907188
0.901873 0.922533
0.838429 0.91567
0.91511 0.926707
0.933226 0.914166
0.923441 0.916882
0.918157 0.933863
0.909871 0.934481
0.927094 0.9194
0.87907 0.912702
0.893612 0.901754
0.92043 0.930237
0.911792 0.889452
0.905824 0.906475
0.916589 0.892141
0.879834 0.892637
0.899045 0.878831
0.913546 0.912688
0.89653 0.9101
0.918241 0.926531
0.913786 0.914822
0.899451 0.919215
0.94444 0.940842
0.938167 0.92186
0.931906 0.876607
0.934204 0.820037
0.864607 0.883668
0.916915 0.924282
0.912535 0.929361
0.918429 0.925733
0.914357 0.919577
0.93198 0.915298
0.921627 0.885241
0.922498 0.882394
0.92869 0.894643
0.924542 0.905121
0.949966 0.911913
0.901991 0.909391
0.936929 0.918774
0.908308 0.929196
0.927158 0.891278
0.893424 0.891814
0.947256 0.920222
0.924651 0.911794
0.905471 0.898691
0.920228 0.902189
0.942028 0.89225
0.933056 0.899885
0.921414 0.910703
0.922728 0.91522
0.905222 0.94011
0.936428 0.925028
0.9465 0.943843
0.931827 0.938817
0.924501 0.903599
0.929917 0.939684
0.929792 0.90642
0.899691 0.895373
0.915645 0.914106
0.928061 0.929949
0.908534 0.92035
0.906305 0.879209
0.909132 0.920432
0.921882 0.903388
0.93424 0.936279
0.933645 0.906003
0.921252 0.912172
0.914021 0.918978
0.916156 0.940081
0.923078 0.936714
0.920884 0.910764
0.936486 0.905955
0.9194 0.91938
0.908776 0.881624
0.935116 0.923259
0.923525 0.939213
0.900021 0.916175
0.905512 0.906576
0.912211 0.920332
0.892422 0.929171
0.926641 0.92979
0.916785 0.901759
0.913257 0.929591
0.926134 0.921873
0.897911 0.875499
0.902836 0.918747
0.929319 0.892909
0.946737 0.88173
0.916337 0.942648
0.932362 0.923583
0.919452 0.923128
0.890103 0.879802
0.929232 0.914611
0.933073 0.914654
0.908245 0.916366
0.909971 0.921294
0.912717 0.943159
0.925172 0.935556
0.875536 0.912329
0.922796 0.933531
0.914695 0.892522
0.928661 0.917725
0.891595 0.912049
0.894628 0.9302
0.894 0.935112
0.896733 0.910643
0.947432 0.935714
0.92916 0.927372
0.928693 0.912553
0.894362 0.911103
0.913694 0.928049
0.925512 0.902233
0.896141 0.914433
0.937106 0.887391
0.878693 0.906745
0.912686 0.903751
0.901516 0.93636
0.895095 0.90752
0.913314 0.886715
0.902289 0.933208
0.931577 0.913317
0.918576 0.9119
0.93165 0.9084
0.92675 0.922133
0.930322 0.913775
0.911003 0.917927
0.918589 0.914937
0.925276 0.941613
0.881054 0.873733
0.900315 0.90692
0.942515 0.946276
0.912114 0.911726
0.936882 0.932601
0.931585 0.933826
0.927117 0.931195
0.932788 0.921088
0.918975 0.945528
0.9242 0.919436
0.933223 0.904057
0.896703 0.907212
0.903704 0.903348
0.914683 0.937546
0.93462 0.904002
0.943853 0.922595
0.93179 0.901102
0.920476 0.910217
0.947291 0.881124
0.939448 0.931251
0.92547 0.903886
0.91358 0.8847
0.903663 0.877062
0.911938 0.907914
0.922241 0.912775
0.925009 0.937497
0.935868 0.929014
0.923698 0.934386
0.923421 0.918056
0.929334 0.939198
0.917882 0.939858
0.923042 0.929335
0.919295 0.92865
0.909759 0.907522
0.916794 0.926953
0.927518 0.893936
0.929724 0.916987
0.921749 0.884957
0.90864 0.928603
0.925186 0.934442
0.903157 0.932396
0.941934 0.934408
0.920502 0.920924
0.913617 0.924526
0.869437 0.880074
0.93018 0.928165
0.909819 0.913773
0.937694 0.910499
0.891141 0.894799
0.92597 0.926336
0.926394 0.914105
0.913654 0.92226
0.913508 0.912058
0.924444 0.897256
0.923188 0.93304
0.924497 0.92848
0.935704 0.925377
0.873498 0.915049
0.930956 0.93193
0.897796 0.934147
0.89302 0.921933
0.92501 0.922592
0.918906 0.902319
0.923047 0.905101
0.917158 0.863109
0.935426 0.91603
0.918848 0.912498
0.915625 0.916943
0.944555 0.892982
0.913503 0.922768
0.891896 0.918401
0.919642 0.91613
0.906523 0.909303
0.908093 0.919258
0.887999 0.91403
0.921153 0.923131
0.932669 0.945779
0.938472 0.915954
0.914881 0.93667
0.925818 0.936936
0.907599 0.914937
0.905718 0.873881
0.924828 0.905579
0.918328 0.928016
0.941171 0.912646
0.916651 0.918977
0.925054 0.944409
0.940289 0.913527
0.916291 0.931151
0.91816 0.907692
0.937343 0.924069
0.922915 0.914263
0.930764 0.934615
0.92841 0.895217
0.897912 0.928725
0.882811 0.872911
0.91835 0.921143
0.917041 0.894129
0.87539 0.933109
0.904666 0.909676
0.914682 0.929965
0.918673 0.936444
0.917964 0.943549
0.924807 0.919529
0.922406 0.89135
0.909019 0.920631
0.90737 0.914256
0.892287 0.896686
0.90019 0.904828
0.905452 0.917876
0.926004 0.919737
0.927521 0.926027
0.908312 0.901869
0.890713 0.903533
0.915538 0.921158
0.923244 0.912298
0.920177 0.925109
0.923934 0.918343
0.928126 0.88829
0.913685 0.90211
0.929603 0.911811
0.899242 0.927
0.922526 0.909165
0.895111 0.899085
0.93416 0.903852
0.903406 0.920362
0.914247 0.899217
0.877425 0.879602
0.920275 0.945883
0.919858 0.913015
0.916792 0.923319
0.935057 0.892399
0.914991 0.898005
0.913326 0.905888
0.908827 0.937265
0.911098 0.913596
0.903914 0.924301
0.865132 0.914183
0.921903 0.930593
0.934045 0.91842
0.926079 0.930061
0.911384 0.91761
0.890784 0.905011
0.921193 0.879164
0.89694 0.933917
0.927488 0.902061
0.932707 0.945403
0.922939 0.926494
0.911503 0.890488
0.931329 0.920711
0.930236 0.946403
0.908117 0.925398
0.898651 0.943895
0.884889 0.927101
0.935879 0.901963
0.917599 0.881381
0.924703 0.93068
0.93579 0.922362
0.938266 0.918861
0.920731 0.918704
0.925426 0.929114
0.932115 0.932521
0.924801 0.942082
0.902331 0.925949
0.932754 0.926583
0.913684 0.929325
0.924947 0.929164
0.888617 0.911697
0.859232 0.905763
0.887827 0.918928
0.929488 0.941238
0.894925 0.924584
0.899166 0.903363
0.930995 0.907529
0.902892 0.918544
0.891764 0.895039
0.94002 0.92783
0.91391 0.910119
0.927688 0.933326
0.910606 0.9177
0.92855 0.916289
0.916664 0.934216
0.932039 0.917405
0.905927 0.902108
0.944021 0.945654
0.936242 0.934903
0.927217 0.889805
0.917029 0.875578
0.916267 0.910128
0.883516 0.915132
0.918939 0.937374
0.932278 0.928992
0.92862 0.905949
0.918461 0.893287
0.917059 0.927151
0.895764 0.883963
0.926699 0.911325
0.910225 0.912451
0.921578 0.869107
0.915899 0.89091
0.917143 0.895001
0.916007 0.894229
0.919101 0.908217
0.923179 0.955986
0.901613 0.929627
0.90716 0.910322
0.905697 0.921778
0.949099 0.938888
0.939497 0.926566
0.92281 0.935735
0.901196 0.899584
0.924707 0.914618
0.90835 0.91685
0.913296 0.91144
0.927427 0.915907
0.919202 0.891228
0.922347 0.923575
0.932067 0.926845
0.930192 0.938965
0.912586 0.893637
0.914383 0.92636
0.930914 0.924578
0.93592 0.950311
0.943193 0.930267
0.924133 0.914846
0.881135 0.906993
0.864397 0.899755
0.929733 0.926466
0.892702 0.880585
0.89546 0.928113
0.923566 0.874274
0.925978 0.901227
0.91191 0.940744
0.893577 0.896091
0.898868 0.897643
0.9199 0.922378
0.933794 0.932279
0.902434 0.920491
0.911413 0.932909
0.904988 0.931878
0.928819 0.922258
0.925342 0.938105
0.923655 0.917523
0.923129 0.903474
0.917244 0.908266
0.915631 0.916798
0.930735 0.916678
0.930303 0.928305
0.898438 0.897
0.908795 0.933197
0.901164 0.918989
0.923743 0.918104
0.923918 0.921994
0.909658 0.929887
0.936488 0.902602
0.929633 0.940629
0.924095 0.917454
0.917418 0.934459
0.904192 0.923476
0.905444 0.904803
0.941625 0.919178
0.905032 0.897959
0.920368 0.902146
0.913658 0.930944
0.894916 0.929817
0.904721 0.900898
0.905257 0.90908
0.923485 0.91165
0.919012 0.897418
0.913038 0.919952
0.924174 0.933422
0.942483 0.901989
0.934565 0.908936
0.917035 0.910033
0.916122 0.90916
0.8992 0.905521
0.891321 0.87379
0.903531 0.927579
0.906095 0.911721
0.929967 0.908662
0.922629 0.892859
0.865833 0.87071
0.926465 0.914287
0.92625 0.945272
0.916781 0.923533
0.918961 0.900131
0.922233 0.937907
0.927759 0.926159
0.943861 0.939474
0.941082 0.88874
0.916243 0.940462
0.93739 0.950149
0.921928 0.92267
0.934285 0.907099
0.931456 0.90772
0.910833 0.912262
0.937244 0.911535
0.908797 0.910747
0.935319 0.929456
0.946759 0.906043
0.925375 0.90999
0.908887 0.929311
0.903282 0.935211
0.927055 0.92703
0.917719 0.906585
0.902362 0.898693
0.916286 0.933724
0.931164 0.92689
0.92359 0.894492
0.927438 0.903701
0.936516 0.89994
0.934978 0.934595
0.936982 0.946406
0.921628 0.922115
0.876881 0.91577
0.92657 0.897415
0.896843 0.908449
0.931188 0.923665
0.925946 0.920323
0.940835 0.915909
0.933328 0.915532
0.887095 0.935807
0.928696 0.918577
0.888003 0.920528
0.882283 0.88735
0.91833 0.930619
0.91506 0.905089
0.880638 0.904793
0.919478 0.92306
0.905357 0.932064
0.90193 0.926051
0.909699 0.873525
0.91378 0.926883
0.913384 0.917474
0.935286 0.931776
0.920099 0.905993
0.900489 0.893201
0.889508 0.916863
0.923253 0.947347
0.927893 0.92348
0.896863 0.911385
0.910431 0.918265
0.917498 0.943053
0.910727 0.902752
0.894297 0.914413
0.899922 0.943737
0.912874 0.880236
0.931623 0.902256
0.937166 0.917212
0.9185 0.940823
0.917297 0.929752
0.922269 0.941594
0.869665 0.917717
0.892377 0.894777
0.861769 0.921189
0.901427 0.914597
0.919255 0.934175
0.913609 0.916616
0.919251 0.906153
0.926501 0.928248
0.888777 0.901236
0.932312 0.902237
0.892452 0.899473
0.908601 0.929537
0.87203 0.921623
0.921006 0.934481
0.915357 0.915867
0.900062 0.925139
0.920323 0.928523
0.897349 0.891023
0.900906 0.87376
0.920047 0.935789
0.934638 0.923019
0.929204 0.929231
0.925259 0.929121
0.930885 0.925561
0.90667 0.939348
0.901785 0.925486
0.908209 0.915602
0.930703 0.918256
0.888572 0.878803
0.876612 0.903878
0.930791 0.927449
0.913853 0.913769
0.939023 0.931875
0.924358 0.911591
0.90022 0.894904
0.915265 0.906823
0.910047 0.941297
0.915227 0.901207
0.922761 0.92696
0.933846 0.932234
0.922878 0.904289
0.924198 0.926077
0.929871 0.941117
0.908921 0.934095
0.902404 0.875514
0.929775 0.906612
0.924214 0.900194
0.913243 0.92438
0.907391 0.909203
0.928301 0.933642
0.921478 0.93436
0.938978 0.927467
0.939065 0.912661
0.934222 0.937367
0.946666 0.935749
0.905506 0.943451
0.906405 0.906897
0.909606 0.904065
0.926985 0.910881
0.94539 0.919879
0.916097 0.914317
0.90686 0.899005
0.919324 0.86967
0.904351 0.91659
0.908941 0.931436
0.918139 0.91817
0.91019 0.908978
0.933777 0.908837
0.92139 0.880223
0.906332 0.91847
0.920461 0.936212
0.931958 0.896837
0.919263 0.913985
0.887655 0.94897
0.909729 0.938318
0.928432 0.927267
0.92952 0.928543
0.918177 0.918627
0.917875 0.919246
0.925626 0.939129
0.931043 0.921777
0.931557 0.947176
0.906593 0.899116
0.902464 0.91125
0.920319 0.921545
0.943905 0.906095
0.899743 0.919512
0.923695 0.909762
0.939992 0.949585
0.923117 0.932258
0.916474 0.911011
0.915445 0.903053
0.897028 0.868475
0.924483 0.909586
0.902809 0.899455
0.934612 0.909536
0.9283 0.914246
0.919612 0.902145
0.898514 0.930235
0.922676 0.906628
0.940331 0.917585
0.91188 0.923278
0.915748 0.940791
0.913485 0.930787
0.931931 0.925076
0.915023 0.926531
0.915622 0.937388
0.885961 0.925782
0.932729 0.916113
0.907166 0.918018
0.88941 0.912393
0.927809 0.926514
0.9417 0.917369
0.91972 0.93215
0.93284 0.866605
0.911754 0.90421
0.909213 0.902572
0.909368 0.903164
0.904341 0.921307
0.936363 0.911837
0.924929 0.926952
0.940189 0.90646
0.939205 0.924728
0.936168 0.903453
0.931863 0.899292
0.916641 0.883712
0.910544 0.937975
0.917291 0.906327
0.913241 0.920347
0.865779 0.910079
0.926807 0.893813
0.946871 0.911778
0.919735 0.929284
0.924256 0.921961
0.904728 0.935071
0.919255 0.938662
0.900709 0.934092
0.93903 0.92719
0.940276 0.92934
0.913368 0.929869
0.887167 0.887408
0.919148 0.912932
0.926136 0.89254
0.872028 0.877452
0.89981 0.910045
0.883997 0.908939
0.9182 0.905474
0.913258 0.921672
0.908777 0.912816
0.92785 0.906867
0.92818 0.915303
0.920217 0.931091
0.942616 0.927917
0.92858 0.916705
0.935086 0.924695
0.893532 0.917956
0.909796 0.89951
0.917551 0.918461
0.908228 0.929161
0.926783 0.926726
0.90408 0.926807
0.92735 0.927506
0.916856 0.924233
0.905589 0.906923
0.918966 0.898599
0.920774 0.927326
0.921735 0.917777
0.924484 0.930039
0.883087 0.916828
0.903065 0.916227
0.892627 0.935293
0.925151 0.912139
0.89755 0.902804
0.91979 0.915231
0.919871 0.918502
0.906624 0.921274
0.925844 0.932883
0.928857 0.880982
0.902816 0.942982
0.930875 0.933207
0.913374 0.915621
0.896395 0.904076
0.909661 0.924147
0.908109 0.913311
0.9142 0.935722
0.888697 0.924874
0.851306 0.901368
0.937451 0.932384
0.896193 0.918076
0.930548 0.900675
0.929008 0.915709
0.922083 0.907166
0.946416 0.921712
0.926349 0.904946
0.905885 0.927983
0.874003 0.907815
0.916616 0.912269
0.864538 0.897921
0.893232 0.895805
0.914034 0.872446
0.924801 0.90007
0.924245 0.925904
0.915697 0.911198
0.90302 0.943807
0.931299 0.908851
0.928395 0.92067
0.917028 0.939914
0.908341 0.881089
0.926467 0.925875
0.921557 0.931603
0.942994 0.901613
0.925724 0.96153
0.914228 0.926839
0.92291 0.906221
0.925018 0.938307
0.934529 0.923205
0.925203 0.904661
0.919937 0.918212
0.887917 0.922138
0.905772 0.89161
0.910862 0.91786
0.919879 0.911856
0.920994 0.890584
0.852057 0.885916
0.874856 0.879337
0.876286 0.914855
0.90842 0.901912
0.909056 0.920169
0.920702 0.928607
0.914431 0.902177
0.937381 0.934895
0.937512 0.899651
0.9079 0.906154
0.926719 0.919564
0.923662 0.907478
0.899914 0.924687
0.940093 0.913767
0.914367 0.925791
0.944394 0.914424
0.925987 0.92287
0.9034 0.863467
0.912442 0.895295
0.901196 0.914447
0.95339 0.94738
0.936068 0.933344
0.918284 0.921729
0.936035 0.917595
0.923948 0.910136
0.922509 0.910065
0.926152 0.89967
0.939678 0.915181
0.918664 0.946629
0.895263 0.924107
0.922417 0.949843
0.920496 0.952244
0.917452 0.936596
0.912504 0.929862
0.902699 0.91269
0.921713 0.934444
0.932933 0.951799
0.902865 0.935394
0.901705 0.874178
0.925826 0.913947
0.923891 0.93622
0.909783 0.906545
0.939127 0.930656
0.888022 0.920124
0.921721 0.927863
0.897455 0.935583
0.877592 0.907722
0.914044 0.928961
0.890332 0.922223
0.939959 0.915846
0.923108 0.896842
0.925148 0.910576
0.930063 0.941224
0.913298 0.912685
0.924157 0.898945
0.934294 0.927031
0.904744 0.926925
0.916674 0.914531
0.909644 0.900834
0.889271 0.943923
0.90337 0.890759
0.912291 0.908
0.910348 0.893965
0.905263 0.911244
0.920039 0.924725
0.898755 0.895147
0.917421 0.902168
0.913654 0.888684
0.901813 0.893388
0.932486 0.930415
0.929337 0.910503
0.838868 0.907553
0.940012 0.900699
0.908038 0.930474
0.906168 0.906822
0.875286 0.894427
0.917597 0.942977
0.901963 0.906386
0.933377 0.931295
0.904492 0.915788
0.920961 0.918389
0.934304 0.913315
0.924837 0.926785
0.925079 0.918423
0.927008 0.936582
0.917116 0.909441
0.896501 0.897273
0.948951 0.941782
0.910845 0.921529
0.912484 0.908601
0.901402 0.903922
0.909186 0.902195
0.929358 0.929594
0.921005 0.915489
0.913532 0.921686
0.926907 0.916368
0.925366 0.933335
0.929915 0.941608
0.929408 0.912506
0.936944 0.933733
0.91674 0.923733
0.948407 0.92593
0.908276 0.896947
0.908743 0.911691
0.91254 0.926193
0.929255 0.90084
0.9333 0.93214
0.916032 0.92764
0.885816 0.898357
0.928302 0.912218
0.914391 0.902484
0.925639 0.893694
0.909124 0.901569
0.887773 0.918687
0.912341 0.884364
0.914588 0.903125
0.913355 0.926766
0.915437 0.919345
0.896288 0.889531
0.891139 0.904959
0.926573 0.896744
0.923374 0.937674
0.920491 0.93668
0.928353 0.920523
0.91888 0.938831
0.916889 0.897603
0.927008 0.932278
0.92072 0.930867
0.917241 0.936746
0.909329 0.938206
0.911651 0.927418
0.919392 0.929039
0.888634 0.909471
0.87729 0.856689
0.92503 0.92458
0.922994 0.926774
0.882754 0.928378
0.915456 0.91988
0.915814 0.920746
0.923167 0.914084
0.939462 0.929766
0.896537 0.907925
0.932021 0.918152
0.936111 0.906828
0.897667 0.929764
0.888691 0.902217
0.923731 0.913486
0.882374 0.925583
0.91451 0.919177
0.915237 0.901813
0.910038 0.932549
0.924984 0.909205
0.904035 0.938868
0.920111 0.923066
0.909186 0.934556
0.899526 0.898676
0.917602 0.873986
0.8879 0.930131
0.898379 0.909071
0.884405 0.865079
0.933986 0.91977
0.928587 0.913613
0.928947 0.928625
0.925358 0.934374
0.924329 0.916868
0.909577 0.892218
0.903257 0.908118
0.892576 0.953956
0.938485 0.935162
0.917348 0.924017
0.917829 0.921992
0.863921 0.909809
0.892858 0.936933
0.916762 0.912216
0.924217 0.924572
0.893907 0.940351
0.909977 0.930611
0.940787 0.89886
0.930649 0.902702
0.91449 0.9027
0.923819 0.926603
0.903212 0.916074
0.92446 0.925515
0.9277 0.899353
0.909954 0.891025
0.919835 0.924104
0.89359 0.948319
0.914749 0.937996
0.911874 0.899151
0.920467 0.892991
0.922658 0.921457
0.939393 0.928457
0.912124 0.901149
0.915085 0.91766
0.89648 0.91448
0.909183 0.890519
0.940423 0.916136
0.919012 0.891317
0.924698 0.904944
0.927822 0.93129
0.914055 0.928277
0.939529 0.916839
0.925124 0.915532
0.92251 0.907324
0.914018 0.923872
0.91093 0.915608
0.910287 0.905149
0.926019 0.922159
0.931557 0.906709
0.929759 0.901455
0.922108 0.951184
0.901177 0.927309
0.908978 0.910688
0.913473 0.918536
0.941226 0.852855
0.877153 0.898034
0.870352 0.923189
0.915068 0.930676
0.927245 0.947314
0.92246 0.943986
0.936492 0.922296
0.917278 0.922327
0.918836 0.948728
0.922138 0.925836
0.918991 0.934457
0.937373 0.903377
0.917075 0.916664
0.905585 0.923091
0.887617 0.910468
0.902032 0.887855
0.901538 0.933407
0.922942 0.93053
0.927617 0.924707
0.93497 0.901279
0.94 0.923123
0.917892 0.939887
0.915205 0.925707
0.910256 0.921684
0.923795 0.914148
0.906886 0.925333
0.921062 0.916985
0.924698 0.941707
0.946795 0.916864
0.895525 0.903387
0.918048 0.910549
0.89438 0.920864
0.885293 0.894548
0.900502 0.922087
0.894552 0.907665
0.915291 0.899342
0.915328 0.938009
0.922503 0.934273
0.925176 0.93459
0.919138 0.940841
0.886783 0.909417
0.919993 0.914485
0.892585 0.873152
0.899762 0.895222
0.923239 0.912276
0.917181 0.952332
0.89349 0.890947
0.91051 0.893906
0.891519 0.882882
0.91837 0.931769
0.909686 0.91399
0.953897 0.948357
0.922793 0.89669
0.917581 0.886542
0.927019 0.946522
0.928878 0.899292
0.898627 0.920445
0.910388 0.948057
0.933493 0.928523
0.924805 0.934913
0.931657 0.895886
0.9189 0.874634
0.935966 0.923912
0.91556 0.926714
0.918773 0.917628
0.915875 0.924427
0.926069 0.931758
0.902888 0.89847
0.902759 0.915766
0.894498 0.90053
0.922914 0.924266
0.924302 0.892765
0.86483 0.887755
0.92077 0.926862
0.921529 0.924144
0.87028 0.915987
0.912635 0.935267
0.928872 0.918365
0.902108 0.910485
0.916953 0.929046
0.926363 0.93476
0.916612 0.917123
0.894623 0.911478
0.895779 0.885512
0.893071 0.922507
0.885093 0.895022
0.878076 0.912533
0.86515 0.864499
0.911272 0.913783
0.900634 0.881482
0.918106 0.929574
0.915106 0.93166
0.893647 0.881024
0.9093 0.906221
0.902939 0.896904
0.927396 0.906303
0.894051 0.868626
0.91269 0.93828
0.891741 0.89459
0.921115 0.904827
0.917686 0.919381
0.919217 0.916075
0.895173 0.88836
0.909091 0.917449
0.928258 0.927625
0.938373 0.94468
0.947623 0.918214
0.917034 0.923886
0.916353 0.908706
0.909004 0.9353
0.928247 0.912054
0.903296 0.926762
0.933629 0.917247
0.921516 0.913179
0.932971 0.904418
0.943132 0.921017
0.920883 0.918595
0.913205 0.933066
0.930466 0.925373
0.901513 0.929597
0.927636 0.92534
0.909897 0.905864
0.938596 0.922915
0.934325 0.925565
0.911891 0.904306
0.892554 0.929477
0.90333 0.923581
0.934625 0.913344
0.93138 0.906669
0.919689 0.918879
0.905393 0.895963
0.919101 0.888881
0.933951 0.92931
0.903536 0.903038
0.918829 0.908277
0.910859 0.928739
0.926902 0.934663
0.905082 0.917629
0.892487 0.939824
0.929145 0.92923
0.904371 0.925478
0.910761 0.910276
0.866843 0.935217
0.91049 0.924773
0.928229 0.932443
0.891246 0.90973
0.927782 0.925316
0.927606 0.926081
0.925949 0.923818
0.91176 0.902138
0.93376 0.88947
0.910985 0.921218
0.928524 0.929477
0.911544 0.92275
0.924569 0.922864
0.901058 0.909622
0.919126 0.921981
0.903475 0.90354
0.930266 0.908494
0.905975 0.904668
0.897179 0.936263
0.928604 0.904017
0.920515 0.915234
0.942028 0.920556
0.933638 0.928867
0.914182 0.889422
0.936436 0.897603
0.925146 0.927995
0.922917 0.890067
0.893641 0.934095
0.905806 0.903012
0.9228 0.922115
0.922269 0.93702
0.925798 0.936748
0.897491 0.906829
0.909834 0.882366
0.901676 0.923083
0.924107 0.938508
0.924516 0.917988
0.905647 0.917404
0.932774 0.930206
0.914636 0.914448
0.921922 0.908425
0.927839 0.924894
0.93927 0.910296
0.886089 0.92013
0.897693 0.915795
0.900806 0.906902
0.919583 0.918865
0.906753 0.907064
0.919344 0.929705
0.878603 0.929796
0.894225 0.887188
0.921524 0.918702
0.936108 0.926788
0.918606 0.91668
0.925647 0.938835
0.921359 0.942613
0.937934 0.884868
0.936431 0.928617
0.88547 0.900669
0.935598 0.912439
0.93828 0.921057
0.918554 0.928993
0.921675 0.923708
0.937216 0.921453
0.927358 0.935373
0.920278 0.930426
0.916227 0.896768
0.905432 0.915894
0.911686 0.912869
0.909373 0.888299
0.939654 0.944399
0.940781 0.920217
0.945822 0.916589
0.91224 0.914117
0.921156 0.90528
0.890341 0.924351
0.932731 0.917883
0.904503 0.900327
0.926372 0.929404
0.906628 0.909329
0.916192 0.939331
0.921827 0.93775
0.932227 0.93215
0.908701 0.915858
0.924924 0.92183
0.926168 0.919203
0.923705 0.931877
0.918368 0.93799
0.934292 0.915754
0.934555 0.918632
0.939063 0.906061
0.926761 0.92148
0.921675 0.876382
0.916852 0.920056
0.900904 0.921606
0.915383 0.903557
0.93231 0.940426
0.911536 0.932887
0.911359 0.920333
0.933507 0.889877
0.921476 0.91022
0.931974 0.922764
0.937525 0.933521
0.927627 0.950136
0.922693 0.891553
0.923305 0.926998
0.911722 0.91335
0.907411 0.906097
0.917746 0.913978
0.911707 0.915395
0.917302 0.932425
0.941087 0.937156
0.90808 0.905379
0.923617 0.917848
0.933809 0.916097
0.929585 0.925735
0.931101 0.926534
0.932245 0.922301
0.922035 0.913856
0.924485 0.93148
0.936252 0.920296
0.927416 0.931125
0.942426 0.929227
0.881878 0.922025
0.906061 0.912597
0.930198 0.916267
0.885266 0.899423
0.903682 0.914695
0.926004 0.923031
0.936113 0.917999
0.931074 0.930253
0.924117 0.941419
0.929142 0.915111
0.904002 0.923744
0.916785 0.91443
0.915978 0.937932
0.887283 0.935915
0.89963 0.913886
0.918543 0.935654
0.906204 0.881312
0.932075 0.930035
0.907676 0.886536
0.883207 0.922701
0.913614 0.89216
0.900666 0.918878
0.923731 0.917322
0.901805 0.923609
0.902158 0.902754
0.929829 0.937134
0.931326 0.921589
0.940532 0.906065
0.936471 0.922593
0.911906 0.916101
0.912495 0.901515
0.908266 0.906347
0.900132 0.917865
0.913565 0.912985
0.918343 0.910884
0.915933 0.897477
0.941598 0.937724
0.929574 0.940563
0.887746 0.927534
0.926858 0.917349
0.906101 0.925384
0.911486 0.91219
0.879343 0.932075
0.919824 0.888969
0.901028 0.91393
0.902653 0.931819
0.91559 0.93012
0.87943 0.928372
0.93359 0.921138
0.912906 0.924769
0.903889 0.934809
0.901709 0.900882
0.917152 0.880308
0.897472 0.912248
0.922203 0.91439
0.903511 0.922879
0.913718 0.908801
0.928433 0.924678
0.915614 0.929665
0.897295 0.936736
0.917164 0.904835
0.880305 0.901555
0.923529 0.913821
0.905755 0.923126
0.902727 0.88432
0.889376 0.918367
0.888856 0.930821
0.934659 0.937759
0.875893 0.885542
0.910363 0.921476
0.941835 0.915417
0.915145 0.920438
0.900436 0.894912
0.91573 0.885108
0.89854 0.899092
0.940413 0.908667
0.932357 0.919554
0.927558 0.92572
0.924884 0.92733
0.914436 0.943961
0.904601 0.91789
0.902409 0.900281
0.934073 0.902437
0.938916 0.922522
0.913122 0.929131
0.913919 0.922156
0.941886 0.937297
0.929168 0.90666
0.925093 0.927812
0.920546 0.926475
0.94754 0.922028
0.94151 0.929802
0.925929 0.925117
0.904827 0.929643
0.911434 0.910153
0.92301 0.92154
0.903777 0.916519
0.923667 0.930884
0.921931 0.942537
0.920042 0.907874
0.906752 0.912175
0.934452 0.929111
0.942905 0.925938
0.927028 0.937346
0.914393 0.910448
0.93099 0.934341
0.893122 0.911689
0.910371 0.927506
0.922069 0.923787
0.877342 0.900132
0.917886 0.914637
0.927342 0.938892
0.919564 0.940775
0.914814 0.897535
0.901538 0.89029
0.900305 0.893379
0.900574 0.927058
0.913927 0.880745
0.890862 0.897487
0.897939 0.924076
0.898312 0.899312
0.914724 0.927575
0.904648 0.904021
0.927412 0.931382
0.902983 0.932547
0.913458 0.934944
0.922928 0.939028
0.855458 0.935018
0.917246 0.915391
0.918492 0.918754
0.927915 0.907998
0.901747 0.942293
0.92901 0.926558
0.920857 0.945568
0.938586 0.928826
0.908567 0.915299
0.907518 0.920822
0.906984 0.910386
0.932094 0.936399
0.922845 0.925349
0.911758 0.931095
0.903279 0.899358
0.921995 0.923125
0.92753 0.931351
0.91343 0.922559
0.928211 0.894181
0.919422 0.920329
0.925844 0.922205
0.922407 0.912601
0.899107 0.918739
0.911554 0.917514
0.877641 0.921888
0.911788 0.920162
0.906265 0.904613
0.908631 0.924262
0.890201 0.916332
0.916039 0.911803
0.880328 0.899532
0.903729 0.930027
0.92727 0.926729
0.929469 0.882817
0.92528 0.889516
0.904054 0.90705
0.936916 0.936524
0.927608 0.927489
0.909355 0.930775
0.883576 0.918863
0.920125 0.926146
0.932104 0.898858
0.918298 0.935998
0.912837 0.912077
0.902726 0.911605
0.916515 0.925512
0.91457 0.893324
0.917702 0.939419
0.906997 0.942482
0.899216 0.911493
0.900901 0.922612
0.916425 0.908954
0.91587 0.924738
0.91808 0.927777
0.916302 0.91626
0.921097 0.911588
0.901078 0.90203
0.927002 0.927691
0.928111 0.920022
0.923649 0.930431
0.90651 0.914835
0.924299 0.92832
0.919388 0.926227
0.938498 0.934666
0.931827 0.934741
0.928042 0.927203
0.942237 0.947598
0.931972 0.929281
0.909328 0.910108
0.879927 0.899903
0.901264 0.921851
0.934647 0.929077
0.875815 0.92363
0.932748 0.927436
0.920318 0.921578
0.89605 0.93126
0.929681 0.891658
0.938595 0.916682
0.882237 0.922171
0.924536 0.910869
0.903529 0.948258
0.926653 0.928391
0.934508 0.932878
0.906622 0.892233
0.925846 0.925537
0.926358 0.950526
0.905275 0.913247
0.912171 0.931493
0.919951 0.932368
0.907792 0.937159
0.92125 0.92748
0.916462 0.895784
0.931508 0.917845
0.919278 0.919943
0.903924 0.908446
0.908177 0.923575
0.91084 0.944452
0.899923 0.897022
0.907302 0.922685
0.913018 0.931594
0.913451 0.927252
0.922661 0.918817
0.936815 0.929485
0.919548 0.924268
0.910096 0.933891
0.9223 0.915149
0.944609 0.920111
0.915986 0.931863
0.919845 0.901628
0.916693 0.927349
0.911737 0.90376
0.926627 0.926072
0.905994 0.921525
0.889375 0.93142
0.923561 0.943894
0.895407 0.90395
0.891983 0.92641
0.932579 0.882759
0.912383 0.914034
0.896445 0.917855
0.920471 0.921593
0.906449 0.896829
0.910503 0.910223
0.920556 0.899532
0.900577 0.908477
0.907967 0.915908
0.882128 0.920156
0.910578 0.946905
0.905872 0.908859
0.908688 0.936935
0.907259 0.895378
0.917349 0.925811
0.910857 0.927317
0.913817 0.895415
0.905869 0.91283
0.873676 0.939462
0.900909 0.914603
0.94262 0.947114
0.934156 0.931753
0.898237 0.904198
0.922689 0.904108
0.900941 0.89147
0.906713 0.927391
0.920944 0.912893
0.936694 0.893423
0.929817 0.902603
0.931059 0.91909
0.943431 0.921995
0.928087 0.92507
0.911977 0.920358
0.905491 0.933641
0.924515 0.924031
0.910941 0.930249
0.896361 0.914306
0.917064 0.911228
0.891704 0.881476
0.892183 0.908568
0.906548 0.903826
0.917378 0.924965
0.902642 0.926267
0.903045 0.882443
0.868954 0.907194
0.866604 0.904724
0.918631 0.896005
0.895541 0.90571
0.925322 0.926069
0.925707 0.925454
0.91744 0.882427
0.933584 0.92179
0.930549 0.876919
0.881436 0.904983
0.91945 0.911018
0.931 0.896688
0.913603 0.927312
0.917143 0.924972
0.934261 0.926982
0.917041 0.924388
0.945584 0.937271
0.919528 0.927624
0.914944 0.934118
0.93157 0.921952
0.928246 0.920122
0.923932 0.901446
0.91764 0.929545
0.931154 0.919577
0.918598 0.904737
0.91182 0.930991
0.941096 0.913813
0.928401 0.900897
0.923051 0.914658
0.906684 0.942742
0.931459 0.923641
0.926676 0.890189
0.944006 0.940133
0.927689 0.922054
0.938238 0.912359
0.920659 0.930833
0.904357 0.931141
0.931695 0.923496
0.914915 0.912921
0.937232 0.908033
0.942922 0.934393
0.915857 0.922425
0.925313 0.917711
0.926431 0.893172
0.933648 0.923829
0.930636 0.930233
0.935097 0.939792
0.901522 0.933244
0.920523 0.919815
0.904363 0.899544
0.89456 0.906068
0.926271 0.912979
0.922311 0.934535
0.927282 0.932392
0.908677 0.916395
0.915335 0.937294
0.932467 0.903168
0.912054 0.928954
0.914252 0.914884
0.921179 0.943926
0.9043 0.908347
0.918951 0.918892
0.892107 0.900244
0.901989 0.931055
0.914412 0.945805
0.935512 0.91013
0.93004 0.91858
0.911482 0.897141
0.941088 0.919708
0.920259 0.90599
0.91886 0.916489
0.928493 0.89089
0.929212 0.915834
0.90706 0.920546
0.931834 0.93279
0.9393 0.945247
0.93168 0.921271
0.91215 0.914442
0.922769 0.882978
0.913756 0.896228
0.909748 0.894375
0.920641 0.906481
0.904584 0.903399
0.916334 0.92928
0.920963 0.934862
0.930706 0.927929
0.917288 0.905277
0.918301 0.940187
0.940064 0.903998
0.937858 0.89802
0.903274 0.891813
0.90709 0.923634
0.904981 0.932052
0.902356 0.932459
0.874375 0.920758
0.915446 0.902866
0.919459 0.918041
0.890321 0.91597
0.896415 0.910728
0.927728 0.936245
0.925543 0.903795
0.920976 0.928833
0.923145 0.927321
0.919425 0.91342
0.922723 0.929184
0.911052 0.927521
0.899824 0.912525
0.906052 0.931571
0.893189 0.922099
0.908518 0.938553
0.913353 0.91558
0.897825 0.912123
0.896728 0.863368
0.899628 0.927401
0.930479 0.915256
0.909636 0.91644
0.90107 0.921382
0.922481 0.921622
0.909925 0.906272
0.923529 0.914599
0.911792 0.920898
0.942642 0.931996
0.928401 0.914974
0.903342 0.896418
0.895131 0.925062
0.887012 0.901118
0.919878 0.916539
0.904596 0.922939
0.926558 0.885009
0.866444 0.86198
0.891817 0.903358
0.947421 0.918006
0.932459 0.932558
0.901672 0.947888
0.903868 0.896569
0.919315 0.905977
0.920215 0.92093
0.932534 0.907083
0.926063 0.872277
0.903928 0.921842
0.909219 0.91458
0.926128 0.916349
0.937282 0.896695
0.934123 0.908608
0.916956 0.907399
0.933157 0.907939
0.909352 0.938122
0.906938 0.928914
0.911185 0.911871
0.908897 0.88477
0.937928 0.92043
0.933721 0.890019
0.92699 0.93577
0.929579 0.925258
0.900371 0.91067
0.895319 0.930286
0.936665 0.929466
0.935631 0.921608
0.915204 0.941397
0.946067 0.922654
0.950908 0.904633
0.939584 0.93772
0.919886 0.939807
0.905861 0.932735
0.933725 0.922633
0.928877 0.916025
0.925698 0.929666
0.892571 0.908308
0.940786 0.877433
0.936214 0.922865
0.92914 0.902367
0.92024 0.899727
0.920885 0.914959
0.917998 0.842475
0.895186 0.925903
0.915906 0.937824
0.935902 0.941974
0.919893 0.931093
0.928662 0.93364
0.888282 0.907325
0.91839 0.911569
0.918683 0.887117
0.943841 0.925214
0.890378 0.896197
0.938078 0.911261
0.917481 0.92395
0.948811 0.914675
0.931133 0.932098
0.948196 0.936599
0.906465 0.93041
0.926673 0.926397
0.949774 0.878571
0.93004 0.897172
0.925208 0.900761
0.937501 0.943721
0.923819 0.926089
0.938391 0.887271
0.933593 0.939819
0.933822 0.944551
0.919829 0.923162
0.895478 0.950988
0.925106 0.882092
0.903432 0.899221
0.936605 0.933863
0.939396 0.924813
0.942897 0.908574
0.905025 0.925938
0.915164 0.910518
0.927422 0.935464
0.937497 0.931388
0.914663 0.92107
0.865131 0.891703
0.887194 0.929203
0.911127 0.912911
0.929602 0.892655
0.923316 0.899937
0.907439 0.913094
0.923093 0.915562
0.91201 0.916265
0.928882 0.908226
0.930055 0.933857
0.941013 0.946607
0.895229 0.917801
0.911781 0.904836
0.91701 0.902107
0.9141 0.927312
0.932133 0.916858
0.936621 0.942654
0.93303 0.910173
0.921204 0.929155
0.916289 0.907136
0.888294 0.942364
0.899049 0.929935
0.895521 0.904347
0.915687 0.908232
0.912469 0.923175
0.927097 0.909746
0.931781 0.9297
0.908898 0.942894
0.923246 0.920258
0.924132 0.922374
0.909147 0.929706
0.913451 0.929829
0.922105 0.942339
0.938009 0.914124
0.920881 0.932631
0.944195 0.93785
0.916341 0.904229
0.875042 0.938086
0.907428 0.931434
0.909794 0.931115
0.893791 0.889164
0.918505 0.924345
0.90904 0.920306
0.938296 0.924268
0.868009 0.890344
0.899664 0.921778
0.928728 0.920661
0.910435 0.944415
0.930508 0.912523
0.913562 0.904259
0.886334 0.891903
0.908946 0.916142
0.922426 0.920877
0.917076 0.928386
0.933981 0.929709
0.939685 0.917924
0.933924 0.903311
0.920623 0.906219
0.918708 0.92328
0.895182 0.882648
0.944207 0.933756
0.923958 0.924412
0.889691 0.932386
0.913999 0.919386
0.924444 0.925266
0.929114 0.890411
0.928895 0.910203
0.917804 0.917075
0.942564 0.933262
0.918342 0.930638
0.923077 0.908684
0.91845 0.904858
0.911164 0.925364
0.935455 0.927384
0.889723 0.900628
0.86778 0.938814
0.917858 0.894126
0.932783 0.919185
0.90984 0.915615
0.937502 0.91553
0.907578 0.910788
0.902278 0.919423
0.890136 0.905095
