338
278
378
278
232
184
216
228
278
282
278
242
270
266
170
208
226
226
290
214
344
286
286
178
230
182
246
278
276
264
322
328
310
242
216
224
264
230
302
246
322
246
262
290
270
256
260
366
336
330
316
316
310
270
290
254
272
260
318
262
220
148
60
154
100
84
10
54
120
128
98
184
128
154
164
130
190
188
160
240
244
274
140
194
220
220
146
218
286
226
138
130
124
94
88
68
22
46
64
112
134
124
54
-42
-88
-22
-210
-98
-70
-28
-82
-102
-76
-66
-96
-50
-92
-54
-36
-164
-238
-176
-186
-174
-122
-62
-88
-100
-132
-176
-210
-236
-202
-184
-190
-188
-148
-114
-124
-206
-222
-142
-162
-182
-292
-266
-350
-286
-282
-216
-208
-268
-270
-266
-240
-220
-148
-236
-248
-284
-252
-286
-260
-376
-320
-244
-244
-306
-246
-190
-190
-186
-152
-90
-100
-4
-50
-20
28
98
76
20
146
182
144
198
114
232
174
130
144
122
156
122
172
252
250
198
192
264
298
338
380
260
376
338
318
340
334
310
278
222
242
256
270
260
270
274
228
238
224
290
328
272
264
320
334
238
290
220
234
288
140
160
92
210
218
234
136
198
208
180
216
240
208
286
268
272
202
204
146
190
192
150
186
248
314
272
290
290
316
364
300
346
214
160
198
224
286
342
250
314
316
256
238
324
290
264
232
210
210
210
248
234
116
60
58
-4
-32
-30
-82
-96
-66
-102
-106
-76
-68
-102
-108
-128
-194
-78
-252
-308
-212
-102
-182
-216
-182
-300
-360
-292
-360
-322
-302
-240
-216
-176
-224
-198
-66
-64
-40
148
52
146
50
66
138
28
-104
-212
-164
-154
-154
-208
-158
-168
-144
-188
-244
-224
-300
-332
-296
-324
-314
-330
-272
-236
-314
-268
-242
-352
-278
-278
-316
-296
-234
-342
-318
-226
-236
-304
-274
-160
-256
-240
-232
-222
-244
-350
-278
-292
-260
-270
-294
-220
-250
-244
-222
-148
-198
-252
-244
-220
-272
-242
-158
-158
-144
-180
-140
-76
-114
-60
-76
-116
-100
-90
-176
-254
-224
-352
-298
-292
-316
-192
-234
-236
-240
-236
-214
-246
-232
-238
-236
-266
-282
-324
-296
-294
-356
-330
-324
-234
-224
-198
-304
-200
-234
-234
-112
-176
-172
-282
-300
-288
-256
-264
-272
-254
-272
-276
-188
-232
-294
-330
-262
-328
-190
-248
-258
-268
-288
-216
-282
-338
-316
-362
-304
-290
-272
-284
-316
-370
-300
-296
-328
-262
-258
-296
-260
-186
-168
-158
-272
-288
-272
-258
-250
-200
-290
-250
-278
-294
-324
-254
-264
-218
-204
-186
-236
-210
-166
-168
-172
-116
-174
-130
-76
-138
-176
-258
-198
-226
-192
-230
-226
-234
-156
-128
-54
-20
-12
-52
-40
-18
-32
28
56
32
100
36
14
30
80
112
150
278
320
348
332
304
330
330
276
328
306
286
306
388
302
332
336
290
352
316
342
246
264
272
302
278
258
228
284
346
330
376
240
196
280
222
260
344
334
322
398
364
232
270
228
290
302
298
306
294
278
332
328
360
358
294
330
326
346
310
268
318
296
286
256
262
228
310
312
308
292
242
198
210
112
94
126
82
72
2
0
44
10
10
-22
24
2
54
-14
-40
64
2
-82
34
68
112
160
234
238
280
344
302
286
252
282
324
320
278
312
384
322
304
356
358
334
382
304
308
328
266
272
308
256
352
282
152
202
178
164
264
230
294
224
284
300
336
342
318
272
282
270
210
310
270
266
308
286
294
246
252
228
180
162
104
42
150
184
124
130
226
246
298
320
362
344
296
292
302
316
318
344
328
336
380
344
230
310
262
300
360
278
278
290
254
274
252
270
234
254
262
300
282
256
298
338
342
314
218
278
316
298
332
346
254
322
300
364
336
352
262
296
326
258
274
274
186
248
292
322
212
302
396
304
316
316
234
226
228
318
320
294
234
314
280
300
290
310
270
238
320
278
352
284
316
320
292
290
306
316
188
220
170
190
244
230
304
324
346
320
320
162
264
276
358
272
352
344
356
332
318
272
252
230
228
254
268
214
188
228
290
292
206
256
198
174
208
222
274
306
322
346
304
314
314
352
304
250
270
190
152
94
108
128
202
188
114
162
134
288
230
196
158
152
220
136
220
316
342
228
286
334
338
280
216
260
218
206
198
210
286
218
256
190
178
190
166
254
280
256
234
240
242
254
208
222
216
238
194
246
314
290
262
202
222
176
182
254
198
286
242
286
270
190
186
248
176
126
148
196
192
232
312
326
342
440
324
376
378
306
346
298
256
146
176
200
172
152
160
202
206
148
186
288
286
214
252
230
194
172
134
76
240
220
262
210
254
292
340
308
302
286
366
320
292
218
196
250
242
284
298
230
284
178
92
132
100
116
28
66
206
210
240
218
92
102
70
6
36
86
-20
-176
-154
-176
-186
-68
-40
-8
-16
-52
18
36
44
4
90
-16
4
-16
-30
-122
-92
-126
-160
-188
-214
-140
-142
-180
-198
-184
-294
-270
-242
-210
-186
-152
-172
-56
-90
-130
-226
-204
-248
-220
-160
-216
-162
-174
-222
-324
-318
-280
-264
-178
-256
-308
-274
-246
-252
-260
-344
-266
-296
-240
-214
-278
-258
-250
-312
-292
-256
-274
-228
-296
-272
-284
-256
-326
-374
-280
-352
-332
-344
-328
-296
-396
-384
-342
-314
-318
-300
-322
-336
-308
-300
-308
-330
-326
-278
-222
-158
-174
-186
-234
-244
-180
-144
-90
-36
-74
-20
-24
-122
-120
-126
-86
0
-20
-78
-110
-208
-104
-104
-178
-102
-134
-144
-146
-102
-128
-130
-120
-90
-84
-158
-148
-166
-174
-92
-126
-132
-116
-150
-80
-146
-244
-178
-182
-192
-128
-112
-192
-112
-140
-170
-114
-136
-44
-136
-76
-186
-262
-74
-86
-80
-56
-104
-82
-112
-4
36
42
82
40
82
176
180
238
284
308
220
270
268
224
156
192
208
234
238
200
224
218
220
198
150
234
52
76
156
150
160
194
172
226
270
288
274
264
234
272
278
302
226
232
270
276
272
260
274
260
258
258
234
210
278
366
278
246
256
314
232
228
88
150
224
180
214
312
290
300
268
276
246
230
138
146
176
148
110
138
126
204
168
220
162
194
228
260
268
222
158
68
38
124
118
162
230
292
184
198
190
120
150
170
198
272
246
308
318
320
276
228
170
182
188
184
214
160
268
308
264
262
250
162
134
102
160
116
250
242
240
144
184
186
230
180
140
154
130
150
216
240
352
288
268
278
298
240
218
222
252
280
236
282
328
324
286
330
196
164
232
246
264
306
286
306
320
310
280
266
328
238
212
274
258
334
258
240
296
252
276
266
232
274
222
268
284
212
222
282
166
166
226
184
172
174
160
156
190
254
248
242
240
256
308
280
238
152
160
128
178
180
208
160
150
220
200
156
226
188
256
226
190
210
264
232
182
220
180
172
190
164
132
200
146
194
236
238
204
272
310
248
248
262
306
294
340
238
252
234
158
154
162
138
134
78
72
96
92
176
238
266
240
296
288
298
272
226
266
236
268
154
198
126
150
258
216
298
318
298
274
182
220
242
274
260
324
284
326
292
324
308
260
302
266
288
230
248
246
168
160
160
188
134
172
232
166
196
190
148
234
218
264
290
348
320
306
300
296
260
290
212
226
224
206
240
220
208
144
154
106
184
142
248
152
122
118
126
90
140
238
234
244
224
268
194
194
226
226
252
268
314
352
336
312
252
300
258
216
138
144
186
160
210
270
262
346
296
336
292
292
256
262
254
276
274
214
262
248
272
214
268
226
202
224
178
262
270
330
288
318
318
330
306
316
320
262
248
316
328
292
214
246
126
224
280
318
284
222
278
280
300
282
294
212
226
206
136
150
76
32
54
8
-36
-2
-84
-22
-18
28
-26
-156
-118
-150
-134
-100
-82
-188
-146
-226
-212
-192
-164
-98
-120
-28
-184
-218
-260
-224
-186
-204
-196
-192
-204
-202
-226
-300
-324
-378
-338
-308
-304
-286
-272
-294
-304
-194
-238
-198
-290
-358
-328
-288
-218
-166
-178
-92
-70
-132
-200
-208
-240
-158
-180
-198
-230
-248
-306
-376
-314
-298
-312
-276
-288
-314
-300
-312
-298
-258
-352
-348
-312
-328
-356
-386
-290
-338
-280
-296
-368
-320
-306
-266
-294
-274
-368
-328
-304
-250
-234
-178
-112
-154
-58
-182
-152
-238
-122
-148
-230
-246
-298
-196
-252
-292
-286
-326
-368
-382
-304
-286
-300
-276
-350
-292
-304
-288
-292
-234
-224
-268
-194
-228
-198
-228
-174
-196
-180
-158
-156
-112
-162
-172
-184
-218
-184
-176
-134
-202
-268
-288
-268
-340
-330
-234
-356
-360
-330
-340
-334
-246
-208
-216
-216
-294
-250
-274
-290
-340
-320
-250
-208
-290
-154
-248
-284
-248
-212
-240
-286
-356
-332
-374
-356
-378
-378
-278
-294
-294
-284
-224
-258
-324
-188
-274
-270
-268
-304
-360
-282
-320
-380
-352
-344
-328
-344
-344
-386
-290
-198
-238
-186
-220
-256
-260
-238
-248
-292
-314
-262
-244
-240
-198
-170
-152
-230
-168
-266
-226
-188
-204
-152
-152
-164
-224
-202
-198
-240
-206
-240
-138
-164
-146
-86
-98
-164
-184
-202
-222
-230
-252
-274
-278
-276
-276
-214
-282
-272
-306
-310
-222
-252
-344
-248
-244
-282
-256
-260
-138
-76
-148
-242
-280
-260
-346
-342
-356
-318
-306
-304
-304
-290
-268
-304
-304
-290
-122
-124
-72
-72
-30
-26
-40
-70
-192
-204
-202
-202
-168
-116
-86
-48
-64
-90
-130
-92
-44
-24
-10
-78
-20
-10
-36
-6
-84
8
64
18
84
-10
-68
-140
-172
-234
-180
-216
-224
-174
-146
-26
26
-80
-26
-90
-72
-68
-20
14
58
50
10
78
120
42
42
-22
-54
-106
-100
-20
140
168
316
260
326
322
266
202
218
218
256
154
136
78
114
126
126
148
168
218
198
258
248
222
162
232
182
176
274
302
264
218
246
198
256
206
200
162
158
192
258
224
262
208
258
234
244
220
264
238
284
268
392
336
302
272
204
218
196
262
202
188
172
226
208
292
260
258
190
212
202
154
232
154
250
320
334
328
316
334
326
328
296
252
288
314
352
268
264
246
302
272
226
154
182
214
274
336
306
302
316
286
324
270
288
308
336
286
254
298
348
176
246
214
132
196
162
220
206
236
260
250
178
134
212
186
222
280
312
294
298
224
202
108
138
80
108
178
126
168
220
268
322
274
316
268
278
172
232
252
262
300
304
318
358
328
304
248
192
224
208
190
264
286
310
288
208
310
358
346
294
320
344
278
276
254
164
270
248
278
322
194
262
216
218
198
280
294
264
182
300
308
226
240
272
240
192
234
344
312
332
308
306
242
342
342
330
272
302
250
256
302
292
350
342
344
368
338
340
300
294
294
312
258
190
250
196
248
180
246
232
228
242
238
284
262
248
324
326
352
334
338
296
316
272
354
364
338
332
310
320
276
190
282
374
356
302
208
242
260
264
294
280
282
294
320
256
292
284
186
316
280
188
238
208
270
290
284
254
344
330
384
322
314
214
318
242
274
282
362
330
276
294
324
342
328
372
312
322
292
242
272
220
278
280
288
292
282
294
346
260
242
282
328
352
270
300
270
294
326
306
324
366
312
302
256
332
384
370
308
360
344
328
332
266
332
378
220
250
330
302
296
286
232
272
328
312
308
346
264
266
184
328
286
286
186
270
278
292
232
246
234
278
312
270
302
204
312
310
346
334
302
318
222
204
276
284
252
174
242
258
214
212
242
302
242
288
270
256
246
216
236
232
204
142
124
194
138
118
88
72
202
174
132
172
90
134
120
70
124
132
142
74
60
36
66
166
254
308
316
338
302
284
352
290
302
252
198
274
274
278
236
170
192
246
258
286
314
262
232
292
304
306
308
314
280
286
328
202
236
240
208
200
274
228
216
242
236
172
206
258
284
202
204
282
244
250
278
330
300
232
260
336
290
352
350
340
290
312
296
272
316
298
274
180
122
94
228
182
246
252
244
278
306
286
188
250
234
280
316
360
370
310
332
326
322
328
238
238
208
218
288
308
294
240
192
296
258
322
310
290
274
252
240
240
274
270
234
366
280
324
260
188
250
264
302
288
274
262
220
280
222
218
220
260
254
234
280
334
270
290
264
272
296
298
292
310
258
188
212
154
216
246
228
214
210
180
304
172
214
108
64
152
114
114
268
150
266
252
242
224
194
142
156
66
126
86
-46
-44
-78
6
0
38
-92
-38
30
2
-78
-4
-116
-140
-98
-120
-186
-142
-76
-104
26
46
38
70
-18
32
74
84
88
66
2
20
32
30
-16
-90
60
-14
76
120
4
14
82
52
26
-30
-152
-256
-264
-284
-182
-244
-256
-246
-202
-220
-242
-308
-310
-248
-268
-260
-146
-176
-280
-340
-294
-190
-224
-260
-238
-254
-264
-160
-200
-134
-156
-134
-142
-102
-226
-180
-170
-94
-90
-246
-290
-216
-196
-134
-180
-184
-172
-250
-214
-204
-286
-342
-302
-362
-352
-324
-254
-182
-216
-242
-268
-226
-192
-204
-202
-186
-148
-132
-140
-166
-54
-134
-184
-82
-198
-170
-212
-262
-182
-200
-184
-206
-266
-256
-150
-344
-370
-346
-330
-254
-210
-150
-268
-256
-154
-158
-178
-158
-166
-220
-120
-206
-184
-210
-314
-278
-338
-300
-304
-184
-144
-228
-200
-84
-110
-218
-222
-120
-110
-134
-136
-136
-110
-204
-204
-214
-258
-284
-338
-316
-294
-328
-322
-354
-332
-326
-284
-274
-286
-280
-274
-210
-252
-298
-252
-192
-216
-346
-314
-320
-216
-222
-206
-256
-258
-286
-240
-202
-278
-298
-256
-248
-270
-274
-296
-290
-294
-352
-352
-220
-194
-236
-142
-206
-224
-232
-304
-344
-374
-288
-364
-274
-260
-314
-290
-266
-216
-264
-234
-312
-356
-342
-336
-324
-294
-202
-204
-200
-218
-200
-182
-192
-126
-200
-250
-200
-284
-250
-260
-260
-328
-390
-330
-282
-344
-304
-276
-202
-144
-192
-248
-270
-316
-294
-338
-312
-338
-252
-242
-294
-234
-284
-230
-236
-276
-206
-232
-278
-296
-252
-268
-238
-244
-212
-304
-204
-192
-204
-222
-196
-200
-256
-272
-276
-360
-362
-222
-264
-338
-316
-304
-348
-316
-320
-286
-274
-262
-294
-328
-306
-308
-284
-220
-238
-222
-212
-276
-264
-300
-260
-220
-160
-148
-154
-154
-40
-44
-132
-132
-208
-244
-292
-260
-266
-322
-306
-294
-238
-216
-330
-308
-318
-294
-260
-302
-254
-198
-190
-266
-268
-302
-262
-240
-182
-106
-160
-106
-72
-108
-208
-210
-78
-118
-44
0
10
-8
-72
-124
-116
-110
-134
-30
-40
80
120
0
-32
-8
52
130
62
0
82
56
138
228
250
296
236
276
272
308
346
338
328
320
296
308
322
342
288
306
300
322
344
298
302
298
254
318
212
280
196
220
328
352
260
280
328
298
332
330
340
212
250
250
212
216
258
200
164
158
156
110
72
82
170
172
100
130
14
-54
58
0
46
80
132
140
220
308
326
294
280
322
264
290
294
306
284
290
284
268
316
344
242
252
218
78
134
82
38
68
104
214
242
128
242
284
208
198
324
252
196
210
162
224
280
286
286
260
220
178
124
18
-46
-132
-52
-56
-94
-54
-178
-226
-182
-196
-228
-316
-232
-244
-306
-282
-306
-340
-360
-356
-234
-270
-292
-232
-176
-162
-152
-200
-126
-200
-198
-168
-212
-294
-286
-302
-246
-284
-288
-342
-300
-278
-298
-304
-294
-290
-316
-288
-250
-274
-304
-308
-316
-302
-318
-282
-320
-254
-324
-274
-230
-286
-216
-212
-374
-362
-344
-272
-278
-234
-294
-312
-278
-242
-328
-338
-268
-342
-272
-288
-256
-262
-296
-254
-268
-300
-276
-292
-236
-294
-256
-278
-188
-200
-176
-200
-202
-102
-90
10
28
18
-20
20
-44
-24
-2
-66
-32
-6
-24
-86
-104
-66
-86
-126
-118
-116
-144
-146
-186
-152
-174
-156
-182
-318
-284
-248
-232
-182
-250
-182
-242
-290
-178
-194
-158
-184
-276
-286
-288
-332
-320
-304
-270
-320
-356
-360
-252
-198
-240
-166
-198
-206
-240
-256
-296
-288
-198
-166
-232
-284
-270
-254
-240
-286
-258
-312
-246
-226
-260
-294
-262
-266
-186
-160
-194
-250
-214
-278
-210
-198
-306
-284
-324
-336
-326
-304
-250
-298
-358
-322
-330
-324
-294
-302
-310
-336
-356
-318
-282
-284
-340
-346
-276
-286
-248
-312
-218
-182
-200
-228
-192
-236
-354
-326
-286
-250
-280
-224
-218
-282
-338
-252
-278
-314
-284
-260
-158
-130
-12
-94
-172
-184
-218
-170
-190
-216
-136
-114
-176
-182
-222
-228
-318
-302
-318
-360
-232
-252
-220
-312
-358
-288
-368
-264
-340
-232
-290
-250
-232
-242
-216
-236
-178
-214
-210
-346
-318
-298
-324
-338
-252
-238
-300
-300
-246
-260
-238
-166
-232
-230
-220
-264
-254
-222
-226
-164
-192
-170
-218
-256
-196
-236
-210
-144
-162
-110
-172
-186
-180
-228
-220
-278
-238
-192
-144
-112
-128
38
-12
-16
44
-8
-44
-134
-108
-60
-40
24
44
-6
-20
-76
-78
-106
-122
-110
-80
-60
-38
-144
-124
-138
-86
-116
-22
-66
-8
-60
-20
4
-36
-90
-60
-224
-250
-296
-292
-310
-290
-278
-248
-192
-280
-240
-290
-254
-258
-314
-316
-210
-172
-184
-250
-144
-198
-254
-244
-320
-248
-352
-382
-312
-300
-276
-224
-248
-274
-316
-268
-258
-306
-214
-262
-216
-290
-276
-248
-232
-250
-214
-250
-224
-178
-200
-240
-260
-282
-248
-232
-336
-340
-266
-380
-346
-312
-320
-278
-308
-368
-316
-290
-344
-308
-286
-332
-232
-270
-296
-294
-318
-286
-320
-316
-290
-258
-266
-266
-200
-272
-272
-196
-186
-208
-218
-244
-250
-280
-258
-338
-318
-210
-200
-224
-172
-166
-264
-320
-312
-252
-232
-214
-202
-178
-168
-162
-80
-104
-38
-10
4
-82
-130
-204
-230
-168
-226
-270
-172
-274
-224
-266
-246
-262
-324
-292
-378
-372
-302
-228
-280
-296
-314
-278
-266
-254
-216
-198
-216
-270
-318
-260
-214
-186
-206
-242
-304
-246
-342
-276
-358
-274
-252
-232
-312
-270
-268
-236
-242
-242
-232
-290
-296
-316
-280
-330
-246
-268
-310
-254
-256
-332
-274
-332
-322
-342
-380
-316
-274
-330
-374
-384
-318
-334
-294
-304
-280
-298
-348
-312
-254
-300
-368
-290
-268
-196
-256
-272
-312
-288
-186
-314
-298
-208
-260
-284
-238
-364
-348
-322
-354
-242
-276
-310
-306
-296
-280
-280
-216
-174
-194
-184
-272
-332
-318
-262
-270
-252
-288
-258
-182
-272
-222
-268
-264
-298
-286
-294
-256
-222
-232
-246
-250
-336
-334
-298
-258
-308
-300
-344
-328
-286
-282
-268
-294
-340
-308
-310
-314
-278
-288
-202
-188
-290
-240
-290
-214
-164
-108
-116
-58
2
82
54
112
146
178
122
110
272
220
306
332
332
250
244
280
324
294
310
350
354
312
294
252
264
210
184
188
152
172
180
226
266
220
312
352
368
352
344
322
336
350
380
332
358
316
320
302
308
284
272
320
280
324
186
252
310
240
266
236
210
214
200
142
158
234
168
210
212
180
184
114
104
106
192
120
194
178
226
200
322
244
312
324
332
328
290
342
354
296
300
310
318
346
336
340
330
366
312
296
256
306
344
350
310
274
272
280
274
284
248
208
278
270
206
296
308
346
340
244
288
326
304
274
364
282
310
310
344
286
268
294
334
312
310
304
258
348
260
304
238
290
284
242
326
338
342
376
342
296
298
326
334
332
352
258
250
190
222
220
186
134
282
330
266
308
280
324
276
332
198
268
290
316
290
312
290
308
342
320
326
372
366
290
312
236
232
222
314
302
250
306
288
304
286
290
294
350
330
360
370
352
332
336
264
266
256
258
276
264
198
198
82
148
144
188
184
208
158
256
302
268
260
264
286
300
256
188
346
286
342
352
290
320
356
282
314
260
306
290
350
320
314
298
294
300
308
328
320
256
234
214
152
226
196
232
278
260
296
252
342
304
314
318
322
318
304
264
324
288
362
270
284
242
294
240
204
180
194
224
186
270
342
336
396
290
276
342
326
266
274
272
250
306
232
136
74
126
170
180
284
294
290
306
322
292
334
290
278
332
352
194
254
76
94
104
174
204
170
240
274
276
322
214
278
318
322
396
340
294
284
336
350
364
338
278
306
286
318
188
296
270
206
206
216
268
296
232
318
280
192
202
126
166
132
194
148
102
128
62
78
114
82
34
78
170
144
210
286
316
348
274
358
344
412
358
330
308
198
236
268
268
184
214
190
246
210
258
302
282
256
252
280
274
316
302
244
214
212
230
172
128
112
198
206
188
216
202
312
344
222
154
130
160
78
80
182
122
136
192
222
280
256
294
226
262
296
302
270
326
368
350
242
286
254
162
238
172
72
140
52
90
162
216
180
230
298
372
338
336
360
274
296
216
222
326
278
284
252
242
290
216
266
266
274
132
140
156
92
10
58
10
120
78
114
120
96
86
186
172
168
166
200
228
268
238
172
132
112
120
140
264
90
230
310
232
238
310
296
204
270
206
260
168
164
222
146
148
228
286
274
258
298
288
216
308
318
276
158
186
182
140
154
38
152
138
116
190
198
178
130
238
192
218
230
176
198
198
262
298
326
290
250
190
264
246
308
236
240
292
302
324
260
240
164
130
164
154
84
12
8
-132
-176
-212
-192
-204
-198
-126
-144
-106
-106
34
46
48
142
106
118
192
98
108
120
50
30
72
66
100
106
144
62
18
-24
20
84
76
90
-42
8
84
112
182
294
292
258
222
316
246
194
154
98
166
154
284
146
200
160
152
110
162
76
118
72
122
102
44
60
36
22
-84
48
162
120
94
52
-32
-50
-82
-190
-174
-128
-200
-254
-202
-218
-222
-194
-218
-278
-312
-324
-344
-352
-332
-358
-334
-284
-220
-272
-306
-252
-266
-296
-278
-272
-272
-288
-332
-314
-296
-350
-244
-256
-354
-334
-222
-178
-184
-160
-38
-46
-104
-92
-134
-214
-206
-224
-268
-236
-204
-312
-270
-280
-206
-100
-102
-84
-100
-130
-38
-42
-56
-186
-202
-218
-222
-294
-210
-212
-250
-194
-258
-216
-308
-270
-356
-322
-320
-262
-358
-338
-336
-344
-304
-224
-230
-186
-184
-154
-176
-86
-120
-158
-210
-234
-266
-252
-276
-260
-308
-288
-288
-306
-310
-318
-258
-256
-176
-96
-234
-262
-286
-286
-310
-224
-212
-238
-212
-316
-246
-212
-186
-262
-272
-204
-252
-280
-292
-282
-250
-304
-372
-264
-278
-270
-296
-334
-316
-256
-246
-230
-190
-154
-114
-98
-186
-192
-192
-152
-28
-54
-196
-268
-320
-376
-302
-336
-338
-332
-334
-300
-306
-278
-254
-250
-246
-220
-304
-322
-308
-298
-276
-320
-300
-354
-318
-272
-290
-286
-270
-312
-340
-256
-210
-266
-366
-230
-272
-186
-228
-148
-282
-186
-246
-284
-222
-296
-258
-244
-272
-280
-202
-204
-266
-286
-354
-322
-348
-346
-312
-344
-366
-314
-292
-278
-286
-298
-356
-256
-220
-324
-268
-284
-290
-300
-324
-340
-320
-328
-322
-336
-320
-218
-212
-238
-214
-216
-190
-224
-212
-208
-228
-176
-282
-234
-262
-294
-190
-190
-160
-164
-162
-144
-82
-114
-16
-80
-72
-14
-96
-46
-52
-138
-54
-132
-156
-84
-62
-152
-88
-106
-18
-122
-80
-62
-20
-60
-110
-134
-152
-58
-64
20
-50
-100
-170
-158
-238
-244
-266
-286
-286
-264
-282
-278
-336
-276
-292
-250
-210
-190
-226
-304
-262
-238
-228
-254
-306
-228
-266
-206
-228
-108
-96
-42
-42
-100
-138
-242
-264
-264
-248
-180
-236
-276
-234
-234
-264
-266
-280
-288
-246
-198
-230
-248
-300
-252
-290
-252
-242
-232
-298
-296
-268
-336
-298
-298
-306
-296
-232
-288
-276
-198
-150
-216
-202
-306
-310
-234
-284
-306
-252
-244
-262
-266
-258
-294
-298
-256
-324
-264
-316
-304
-240
-318
-312
-352
-286
-266
-244
-230
-280
-238
-162
-246
-274
-312
-198
-304
-234
-234
-188
-266
-286
-330
-178
-206
-256
-278
-132
-158
-100
-100
-62
-230
-218
-158
-142
-174
-192
-180
-166
-128
-114
-140
-184
-318
-270
-266
-290
-246
-308
-310
-282
-286
-306
-286
-324
-242
-162
-214
-164
-186
-98
-148
-76
-152
-156
-192
-254
-262
-256
-228
-182
-308
-310
-292
-286
-304
-264
-238
-270
-284
-244
-260
-210
-246
-174
-260
-192
-194
-210
-272
-300
-292
-290
-210
-268
-230
-232
-252
-282
-290
-306
-360
-358
-354
-286
-272
-312
-356
-400
-334
-272
-294
-278
-254
-234
-260
-280
-320
-252
-220
-210
-192
-224
-302
-244
-224
-316
-234
-312
-254
-302
-344
-390
-304
-342
-298
-220
-316
-282
-246
-272
-272
-296
-304
-372
-344
-276
-196
-206
-154
-132
-162
-202
-262
-248
-302
-286
-340
-326
-274
-310
-346
-294
-336
-310
-366
-350
-374
-342
-274
-156
-288
-266
-276
-316
-328
-244
-290
-254
-272
-274
-250
-160
-30
-20
82
22
32
76
46
-26
-52
8
36
48
38
-84
-26
0
14
-46
12
-60
-66
-144
-254
-198
-260
-174
-100
-174
-174
-168
-66
-82
-68
-68
74
56
28
78
86
94
74
176
270
180
152
174
118
138
136
82
42
-100
-74
-56
-178
-234
-292
-192
-206
-160
-140
-142
-240
-248
-214
-250
-244
-280
-164
-170
-224
-254
-296
-268
-272
-264
-368
-340
-332
-262
-278
-234
-242
-216
-198
-222
-234
-246
-298
-288
-294
-350
-394
-342
-296
-280
-318
-300
-372
-310
-208
-238
-212
-144
-162
-104
-96
-60
-98
-176
-154
-78
-78
-92
-14
-34
8
20
0
-30
-112
-58
-144
-198
-220
-212
-192
-208
-258
-184
-150
-194
-226
-166
-172
-186
-190
-172
-144
-210
-136
-182
-232
-196
-240
-276
-288
-276
-218
-222
-232
-232
-314
-300
-296
-300
-326
-348
-302
-334
-236
-246
-328
-298
-200
-232
-296
-230
-274
-238
-234
-196
-322
-292
-276
-312
-248
-278
-288
-232
-270
-232
-244
-238
-234
-210
-200
-174
-166
