0.61480395 0.05990102 5.26006856 0.99641187
1.94570206 0.79292885 3.93874748 0.37126384
2.98091728 0.63953762 5.32930758 0.59099163
5.44213300 0.70094943 2.55750837 0.50866989
1.35063457 0.06705209 5.74959526 0.99550402
1.71328025 0.15223561 6.19285317 0.97682432
2.87874430 0.22826984 1.35098936 0.94789288
1.40862769 0.09151213 2.78792078 0.99162553
3.64696444 0.74206489 5.75446640 0.44933969
0.47163818 0.11715047 4.48602056 0.98627577
2.52813879 0.37909418 4.51247029 0.85628760
0.59897089 0.03679575 1.46992078 0.99864607
3.91646755 0.88598484 2.96850700 0.21503086
3.85859204 0.20173457 4.79570961 0.95930316
1.61473199 0.09125051 2.69235787 0.99167334
2.26962793 0.75725385 3.59640113 0.42656661
4.51448406 0.73059528 1.71237020 0.46623054
5.28952146 0.88409853 5.39429759 0.21836979
4.75860070 0.85760590 1.44145156 0.26451212
3.78537145 0.68958167 5.73571545 0.52447712
6.18191922 0.37257984 4.96430648 0.86118426
2.70310893 0.87778073 2.08029626 0.22950099
4.95339516 0.09588820 4.28900848 0.99080545
0.57341369 0.97755425 5.13712033 0.04438768
2.85530940 0.00650381 0.23440878 0.99995770
3.66642178 0.32013071 3.65457720 0.89751633
0.59715405 0.37750825 2.56653571 0.85748752
5.32331957 0.95654066 0.64453481 0.08502996
0.44629403 0.24188212 3.85397374 0.94149304
5.24095141 0.08384211 1.13201853 0.99297050
1.56904988 0.57381818 5.77202808 0.67073270
3.55371478 0.07832011 4.48046467 0.99386596
5.13460502 0.54647682 3.29526350 0.70136309
0.84029935 0.11098066 1.34983762 0.98768329
1.48316666 0.13328849 3.87171172 0.98223418
1.38251091 0.76362946 4.29768491 0.41687005
4.42094139 0.43406713 4.84919513 0.81158573
2.28365515 0.80281299 4.32210086 0.35549131
5.91285338 0.79772728 1.43645129 0.36363119
1.32977011 0.29850378 5.13675826 0.91089550
5.45680208 0.29213521 4.09324141 0.91465702
1.28782538 0.92621803 0.44046627 0.14212017
5.47563327 0.03000209 5.18387689 0.99909987
1.77222904 0.40986524 0.70132310 0.83201048
2.37990294 0.54700062 4.16352601 0.70079032
5.67823809 0.64748611 5.13453150 0.58076174
2.79716898 0.71969314 0.81492533 0.48204178
0.65943326 0.69119286 0.24126254 0.52225242
4.59864827 0.82680413 1.95456089 0.31639493
0.07251414 0.11807642 0.06376426 0.98605796
1.18243455 0.42634446 4.10190694 0.81823041
2.88831216 0.18124349 0.79364266 0.96715080
1.53218390 0.49427736 4.02415856 0.75568989
6.10651170 0.96046921 0.13854538 0.07749889
0.05592382 0.98373051 1.72033047 0.03227428
0.28912761 0.92161360 6.22466665 0.15062837
1.47673948 0.97385704 1.38389146 0.05160246
5.57542577 0.85030689 3.15997143 0.27697820
5.42129865 0.23780332 1.46881087 0.94344958
2.51681646 0.46319166 6.06173349 0.78545349
3.68832438 0.39249187 0.35611230 0.84595013
2.20691059 0.09601355 0.94085651 0.99078140
2.18667043 0.87195844 6.24167081 0.23968847
0.24515381 0.47136743 2.94318655 0.77781274
5.46577813 0.07542932 1.78662125 0.99431042
4.56241918 0.38832200 2.85671903 0.84920602
1.40485402 0.17370111 0.02588756 0.96982792
2.44207120 0.37913073 4.79579347 0.85625989
1.51032509 0.03380681 3.24999033 0.99885710
0.20625248 0.70222638 2.13577348 0.50687811
5.01423840 0.71778927 6.03680088 0.48477856
1.93184595 0.58701217 6.18585984 0.65541672
2.84132004 0.96178268 4.48564167 0.07497407
3.98341771 0.92410500 6.26228574 0.14602994
5.12198311 0.32637938 2.96959290 0.89347650
3.30040815 0.98511956 5.42543537 0.02953946
1.05955446 0.13018678 1.18467728 0.98305140
4.25109532 0.67141012 3.32381637 0.54920844
4.97861367 0.83981200 5.45881431 0.29471580
3.09798992 0.01870686 3.80021570 0.99965005
2.95159717 0.14843358 2.36506945 0.97796747
1.75577637 0.05152393 0.60065238 0.99734528
0.12986673 0.67360763 1.64434840 0.54625276
3.90159383 0.11720110 1.89701198 0.98626390
4.34365285 0.19937075 0.29629101 0.96025130
6.21891763 0.48197243 4.48675045 0.76770257
6.13739796 0.74447914 5.50613180 0.44575081
1.31426712 0.12053572 1.16179086 0.98547114
5.69915179 0.21239087 5.50658910 0.95489012
0.57306232 0.35700390 4.32492645 0.87254822
4.23346314 0.96517640 2.06872466 0.06843451
3.28120044 0.46856413 2.31845214 0.78044765
2.70226077 0.56450235 5.24307469 0.68133709
0.99924378 0.73884537 0.53357041 0.45410752
0.19718285 0.30961365 2.72703273 0.90413939
2.48353830 0.83552900 0.44294448 0.30189129
2.15150304 0.83133504 1.67463230 0.30888205
1.61728873 0.57622869 0.48237517 0.66796050
2.58054496 0.26638082 4.17568440 0.92904126
1.76931483 0.62234135 0.99064099 0.61269125
2.34711640 0.36951690 5.27687077 0.86345726
1.04607505 0.63363075 2.85498390 0.59851207
3.15623146 0.26353310 5.15745161 0.93055031
0.39115308 0.06528613 1.96425625 0.99573772
1.83411039 0.69106196 4.03155570 0.52243336
4.16481344 0.46038643 2.16417156 0.78804434
1.47325746 0.39409866 6.17157087 0.84468625
3.34999244 0.84775183 1.00882898 0.28131684
3.34502926 0.00543444 4.33033524 0.99997047
3.22897139 0.50291610 0.26530284 0.74707539
5.94974366 0.19518666 2.90837210 0.96190217
3.53813335 0.60225128 1.19651164 0.63729340
4.31033405 0.76384924 5.78887950 0.41653433
0.39656296 0.05363376 2.86138476 0.99712342
2.29227632 0.62147337 5.04049723 0.61377085
5.19473626 0.61729703 4.78139701 0.61894438
1.21479367 0.48234777 3.93610951 0.76734063
1.83255509 0.05915581 2.37820842 0.99650059
5.77647291 0.33774230 0.66950699 0.88593014
0.79805246 0.89506823 0.94740802 0.19885286
2.79997346 0.61238684 5.41860597 0.62498236
4.17263330 0.30726968 0.15422164 0.90558534
1.38515123 0.53217183 1.99292753 0.71679315
4.02426943 0.77589110 5.01728455 0.39799300
4.28038782 0.68430077 0.01010248 0.53173245
0.57841402 0.88255690 1.07977963 0.22109333
1.39702147 0.75146845 4.91325341 0.43529517
2.16727866 0.91193712 5.91980879 0.16837068
0.89162599 0.39507497 2.85752003 0.84391577
1.19839142 0.06748359 3.32508822 0.99544596
3.02281697 0.48900423 1.94509115 0.76087487
4.73606412 0.81588341 0.36924515 0.33433427
3.64498685 0.06033964 4.07771298 0.99635913
3.87447412 0.53549278 4.47642772 0.71324748
5.80950028 0.11839703 5.59607161 0.98598214
0.79344140 0.88265304 0.56921866 0.22092361
5.86910183 0.26919848 2.05532576 0.92753218
0.50242653 0.58450520 5.48939966 0.65835367
2.48348780 0.30261011 2.44507906 0.90842712
3.40378569 0.40534524 2.94950672 0.83569524
3.92622527 0.53911164 0.47396386 0.70935864
4.76621902 0.78496478 0.70721121 0.38383030
2.19195054 0.34700339 3.18268995 0.87958865
5.55717050 0.75806768 5.89180546 0.42533339
6.04994488 0.17114264 1.94171519 0.97071020
4.15173134 0.76874275 1.13920564 0.40903459
2.86406850 0.92701137 2.84925034 0.14064993
1.68614258 0.26113964 1.85785483 0.93180609
0.14054097 0.87319133 5.86931879 0.23753690
5.18686749 0.20259724 4.08997276 0.95895436
2.45003788 0.60147988 1.48533914 0.63822196
4.04636810 0.06050091 1.92045437 0.99633964
2.51900517 0.82713365 3.35131204 0.31584993
5.62731310 0.80273522 2.85855309 0.35561616
1.73542438 0.14964849 5.09786319 0.97760533
4.15745149 0.83330758 0.24370092 0.30559847
5.46720973 0.30653335 3.81921731 0.90603730
6.02826153 0.03930385 0.51559300 0.99845521
5.49869485 0.03537427 4.44746742 0.99874866
0.96167153 0.13922928 5.36751056 0.98061521
2.31588342 0.12926487 0.49535434 0.98329059
1.14852446 0.52943167 4.75092741 0.71970211
2.15234708 0.64809151 0.44876956 0.57997739
5.12614714 0.36723036 1.76631226 0.86514186
0.02269839 0.90964229 4.28993235 0.17255091
3.46118800 0.13010107 0.64928504 0.98307371
0.97296707 0.52737762 5.07391193 0.72187285
1.81352291 0.98838534 2.66393407 0.02309442
4.00515877 0.63348740 5.04136835 0.59869372
5.92189081 0.48108124 5.50029837 0.76856084
0.45337344 0.22725482 2.49001156 0.94835525
0.99550953 0.72468098 4.65670079 0.47483747
5.53854607 0.89508112 1.51810939 0.19882979
4.81570240 0.86032798 4.85058769 0.25983577
2.97112749 0.94529269 1.71283225 0.10642173
2.30933127 0.12588568 1.89792046 0.98415280
1.82409193 0.08364650 4.76938127 0.99300326
0.55896037 0.16621435 3.75938555 0.97237279
1.24628355 0.95968134 3.05255974 0.07901172
2.73179068 0.61601732 2.89582212 0.62052266
4.93911263 0.35356056 3.50450931 0.87499493
2.19428688 0.71769366 2.70153231 0.48491581
0.38990534 0.95204807 6.24777535 0.09360448
5.75521077 0.19710906 2.52394064 0.96114802
4.88038740 0.94486169 3.07503076 0.10723639
3.44126580 0.25405762 1.43659874 0.93545472
3.62590562 0.10144951 2.64761444 0.98970800
1.30029585 0.91490308 5.35421838 0.16295235
5.66530938 0.27961593 0.37608839 0.92181493
4.64241853 0.02765746 2.16885159 0.99923507
5.12693934 0.73548486 0.22404550 0.45906202
0.11794429 0.73112307 0.96856855 0.46545905
4.89298171 0.71680633 0.12612224 0.48618869
1.49152289 0.70880395 2.95530371 0.49759695
3.04549313 0.16347371 4.06994906 0.97327635
0.31639156 0.50134240 2.38543608 0.74865580
3.73436619 0.39520807 4.16143771 0.84381058
5.89901878 0.61034186 4.42372065 0.62748281
0.40643446 0.69017162 0.76035650 0.52366314
2.45561022 0.48461395 0.16330253 0.76514932
3.94655662 0.18847581 4.10612687 0.96447687
6.09698421 0.88285231 3.05017198 0.22057180
2.83897206 0.50366354 4.25576098 0.74632304
3.48966102 0.70834809 2.50827333 0.49824298
3.83267130 0.06087221 5.38324979 0.99629457
6.06561744 0.21513274 4.38948117 0.95371790
3.53119698 0.27074165 2.25719382 0.92669896
3.34944955 0.54001259 3.97748446 0.70838641
2.64091213 0.43448889 2.86704451 0.81121941
4.16858121 0.52161532 3.16136378 0.72791746
5.64103987 0.43153470 1.41968340 0.81377780
2.83683109 0.57427507 2.48122440 0.67020814
1.90388249 0.18931687 5.02421033 0.96415912
5.72394344 0.02433545 0.16125215 0.99940779
6.15064578 0.94738218 1.83256029 0.10246701
6.08976263 0.11340595 1.03221728 0.98713909
3.26412368 0.73936149 2.98048966 0.45334459
3.94573638 0.68121363 2.86959947 0.53594799
4.08727738 0.42627656 1.52861807 0.81828829
5.03375702 0.74695801 4.46500843 0.44205373
4.27705526 0.82890393 5.86749217 0.31291827
3.86446550 0.42249567 1.20357575 0.82149741
0.24471166 0.80868309 5.66443599 0.34603166
0.55057961 0.99910627 0.01708162 0.00178666
4.71150534 0.79639352 1.73407066 0.36575735
0.97749504 0.61214657 5.21018770 0.62527658
4.93624283 0.24195908 2.09540835 0.94145580
0.32013763 0.12700211 1.94431645 0.98387046
6.03129614 0.88462309 5.05051673 0.21744198
5.44477716 0.51134169 5.01525090 0.73852968
1.77871269 0.94268888 1.53198357 0.11133767
1.99943730 0.50770188 5.84951145 0.74223880
0.14881957 0.60114346 2.77573605 0.63862654
5.47246007 0.29699845 1.40391917 0.91179192
5.94002882 0.94941466 0.03568664 0.09861181
1.31630984 0.85295130 4.06241243 0.27247409
3.63049960 0.45054469 4.97506033 0.79700949
4.22063669 0.62365310 0.30433084 0.61105681
4.01715959 0.01220540 4.85060992 0.99985103
5.99008869 0.08366114 3.26781737 0.99300081
0.18410990 0.73298965 1.56205703 0.46272617
3.45714114 0.38723098 2.60476070 0.85005217
2.51675497 0.18141463 2.34253621 0.96708873
4.37381611 0.22898895 5.23993031 0.94756406
5.73577141 0.41207395 1.87007151 0.83019506
2.83229824 0.60580359 5.24322627 0.63300201
3.24143883 0.44137758 0.47279809 0.80518583
3.36561564 0.01275436 6.00182726 0.99983733
0.81200294 0.95782324 2.91043992 0.08257464
1.78820497 0.89740276 2.41472331 0.19466829
0.95716436 0.20208655 2.41793312 0.95916102
0.16807040 0.87632078 4.86601460 0.23206188
3.52807224 0.96547997 4.74010573 0.06784842
5.88342443 0.36351090 5.91518710 0.86785982
2.76616771 0.80518783 4.45751178 0.35167256
0.65541608 0.79076210 3.93042021 0.37469530
