0.0229273 0.035802
0.0385281 0.067848
0.0354158 0.030696
0.00812143 0.0186252
0.0201311 0.00931904
0.021837 0.0123028
0.0375766 0.0358986
0.0124404 0.0191055
0.00950912 0.0111954
0.0338778 0.0201295
0.028634 0.0305163
0.017141 0.0355154
0.0229377 0.0113935
0.0229019 0.048034
0.00984213 0.0138329
0.0321673 0.0352058
0.00902564 0.0504063
0.0272775 0.0532656
0.0116477 0.014062
0.0205953 0.0286781
0.013119 0.0452569
0.010767 0.0382015
0.0512504 0.0372609
0.0363665 0.0315636
0.0378295 0.0271049
0.0281034 0.0263454
0.019467 0.0376197
0.0576622 0.0301033
0.0202076 0.027674
0.0389139 0.0326529
0.022261 0.0185914
0.0338909 0.0323423
0.0228215 0.0169189
0.065588 0.0608402
0.0100543 0.0121447
0.0352459 0.0377901
0.0284402 0.0455638
0.0295442 0.0317579
0.0205306 0.00304282
0.0237787 0.0238332
0.0150195 0.070668
0.0080199 0.0303151
0.0187548 0.0752021
0.00844652 0.0582122
0.012252 0.0720262
0.0292444 0.050851
0.0281703 0.00262512
0.0291087 0.0426106
0.0226225 0.0273815
0.019123 0.0470392
0.046456 0.0236095
0.0380286 0.0328297
0.0288229 0.0427532
0.0179351 0.0392727
0.0100509 0.0269382
0.0339058 0.0643009
0.0179961 0.0154806
0.0012957 0.0574633
0.0288698 0.04357
0.019553 0.0191788
0.0107503 0.04278
0.021612 0.065272
0.00843546 0.0226852
0.0274991 0.0563445
0.0138107 0.041014
0.0148406 0.0536373
0.0299475 0.0371742
0.0194866 0.0371245
0.0291209 0.00667415
0.0264246 0.0590427
0.0119895 0.0325813
0.0389685 0.0377475
0.0224602 0.0296877
0.0388599 0.061385
0.0153785 0.0277547
0.0155197 0.0271575
0.0403458 0.0213339
0.0228777 0.0472475
0.0288181 0.0170509
0.0125991 0.0378696
0.033248 0.001555
0.032919 0.0260514
0.0233993 0.0317355
0.0283455 0.017001
0.00834803 0.0404163
0.0448878 0.0127198
0.0214412 0.0186231
0.00596997 0.0295801
0.0379773 0.0287092
0.00558408 0.0217714
0.0189674 0.0586783
0.0444073 0.0401406
0.0211566 0.03612
0.0196542 0.0298623
0.00937309 0.0161937
0.0295733 0.0371259
0.00643553 0.0704689
0.0335955 0.032417
0.0194264 0.0163864
0.0307155 0.0122372
0.0126625 0.0184252
0.0152959 0.0161467
0.0416443 0.0505585
0.012654 0.0626424
0.0113329 0.0115416
0.041501 0.0343276
0.0224297 0.058159
0.0242241 0.0372673
0.0221363 0.0158741
0.0727461 0.0215823
0.0296014 0.0298863
0.0140988 0.0316712
0.01369 0.0922243
0.0239796 0.0337903
0.00106772 0.0460059
0.0144225 0.0192685
0.019193 0.0580285
0.0240255 0.0989454
0.0198136 0.0304805
0.0104849 0.0166303
0.0223633 0.0494576
0.0178878 0.0251385
0.0137993 0.04301
0.0385645 0.00854542
0.0392099 0.0204684
0.0411712 0.0563535
0.00959948 0.0244674
0.0123509 0.0821619
0.0140624 0.0312134
0.0374974 0.0181219
0.00826638 0.00819152
0.00959321 0.017951
0.0277713 0.0153756
0.0225412 0.0142225
0.0171229 0.032486
0.0196122 0.0248643
0.0368016 0.0406956
0.0142431 0.0536903
0.0174002 0.0337965
0.0257965 0.025594
0.0272991 0.0483659
0.0230241 0.0361751
0.0331314 0.0585123
0.020627 0.056428
0.031404 0.0537812
0.0169471 0.0638732
0.0251497 0.0474802
0.0275631 0.0425081
0.0424348 0.0665585
0.0241686 0.016096
0.0361654 0.0214507
0.00721215 0.0555727
0.0313661 0.0402791
0.0183497 0.0248319
0.0135852 0.0227502
0.0534927 0.0373243
0.0428688 0.0102174
0.0113625 0.0210338
0.0139801 0.0148111
0.0235431 0.00788147
0.0143138 0.0522151
0.0121062 0.0531547
0.0132762 0.0686703
0.0312746 0.0287255
0.0385793 0.0327621
0.014616 0.0274093
0.0172456 0.0523055
0.0324256 0.0729161
0.010128 0.00975663
0.0347977 0.0409715
0.0159333 0.0249316
0.039353 0.0324561
0.0255468 0.0424083
0.0172867 0.0327956
0.0273355 0.0359687
0.0229959 0.00974072
0.0210218 0.0268149
0.0177927 0.010923
0.0289422 0.0382199
0.032651 0.0324533
0.0411344 0.00589866
0.0243696 0.0265182
0.0336871 0.0167568
0.0183768 0.0374727
0.0407009 0.0361689
0.0248161 0.014765
0.0299068 0.013925
0.0333439 0.0660329
0.029975 0.0191656
0.00971197 0.0196526
0.037068 0.0532816
0.0326262 0.0730564
0.00234641 0.0475691
0.0243765 0.0436093
0.0411402 0.0300826
0.038416 0.0130915
0.0281566 0.0206655
0.0142422 0.0308975
0.0108252 0.0291807
0.0291604 0.0209741
0.0227994 0.018447
0.0190214 0.0399803
0.0328139 0.0187193
0.0308674 0.0399938
0.0209477 0.0561652
0.00971944 0.0277436
0.00401284 0.0497217
0.0180379 0.0234312
0.0230724 0.0150374
0.0341267 0.0174521
0.0150137 0.0496959
0.0124894 0.0220583
0.0391785 0.0336032
0.019696 0.0626698
0.0140471 0.0318093
0.0109441 0.0520217
0.0127428 0.0505877
0.0279514 0.011532
0.0378397 0.0121063
0.030654 0.017327
0.0290098 0.00576527
0.0176711 0.0225907
0.033844 0.0367335
0.0474655 0.0355343
0.0221569 0.0299588
0.0385274 0.0295996
0.0338075 0.07025
0.010564 0.0268128
0.0321334 0.0169386
0.0106429 0.0304207
0.0128483 0.0136682
0.0202903 0.0274412
0.00919861 0.0104487
0.0147686 0.0173429
0.0245049 0.0377555
0.00845509 0.0319288
0.0443194 0.0537923
0.0331486 0.022301
0.0185497 0.0575782
0.0230147 0.0108352
0.0215039 0.039652
0.0415852 0.0307626
0.0205465 0.0208712
0.0457285 0.0394829
0.0231016 0.0207354
0.0125393 0.0253795
0.018564 0.0114336
0.00545989 0.034317
0.0184414 0.0292565
0.0235173 0.053643
0.0269819 0.0194379
0.0223001 0.0375464
0.0492858 0.0503215
0.0275511 0.0100572
0.037274 0.0130836
0.0367266 0.0427985
0.0201038 0.0115606
0.0109872 0.014616
0.00656868 0.0431649
0.028332 0.0191241
0.0208137 0.0253659
0.0169141 0.0376075
0.00949157 0.0374713
0.00681666 0.0206911
0.0391161 0.0521006
0.0314126 0.00675103
0.0131108 0.048338
0.0178381 0.0260348
0.0411176 0.00724558
0.0264372 0.0337133
0.0105066 0.0361579
0.0505419 0.0205909
0.0351725 0.0145869
0.0278505 0.0186328
0.0171202 0.0199219
0.030177 0.0399171
0.0214539 0.0617733
0.0211784 0.0345176
0.017121 0.00681289
0.0310253 0.0184478
0.00839865 0.0280987
0.03501 0.0598806
0.00869641 0.0508785
0.0300005 0.0506681
0.0303586 0.02647
0.0237216 0.024019
0.0275679 0.010977
0.0230926 0.0396256
0.031982 0.0451544
0.00298005 0.021578
0.0137833 0.0469785
0.0367705 0.0482759
0.0313158 0.052346
0.0396293 0.0106753
0.0345011 0.0288353
0.0262959 0.0591977
0.0437309 0.0114239
0.0308851 0.0380313
0.04489 0.0261555
0.00560024 0.0101091
0.0284873 0.0105401
0.00954784 0.0509507
0.0356518 0.0429772
0.0278506 0.0419004
0.0185966 0.0129808
0.0279086 0.0246503
0.0275447 0.0175417
0.0164433 0.0331953
0.0231344 0.0660448
0.036449 0.01559
0.0257112 0.024507
0.0206312 0.0230385
0.00565598 0.0157421
0.0263287 0.0236508
0.025182 0.0503387
0.0334569 0.0270253
0.042942 0.0126111
0.0225918 0.0681955
0.0213463 0.048575
0.0269565 0.0433723
0.0220531 0.0520718
0.0162708 0.0130587
0.0244167 0.0483137
0.0174289 0.0112851
0.0574729 0.0383987
0.0336965 0.02277
0.0273489 0.0098947
0.0400883 0.0548849
0.025402 0.0348399
0.0408124 0.0228778
0.0304486 0.0394766
0.0090408 0.0354499
0.0155581 0.0813295
0.0302342 0.0298373
0.0198594 0.0137797
0.0169957 0.0129072
0.0184842 0.0474046
0.0276135 0.0207651
0.027196 0.01856
0.0137077 0.0192301
0.0295513 0.00599262
0.0223464 0.020307
0.0130712 0.0172734
0.00384836 0.0290946
0.00988021 0.00372233
0.0357258 0.0323307
0.00915998 0.0244981
0.0334441 0.0403057
0.00918701 0.0376828
0.0350165 0.0188702
0.0177369 0.0418965
0.0263819 0.0500213
0.0408595 0.030941
0.0348052 0.0292336
0.0234687 0.0283728
0.0209972 0.0233551
0.0324008 0.0275096
0.0574295 0.00275929
0.0269128 0.037206
0.0167046 0.0414918
0.0276343 0.0377894
0.0250023 0.0532985
0.0247589 0.0321241
0.00824012 0.0763302
0.0289182 0.044599
0.0141266 0.0293161
0.0272529 0.0475786
0.0111117 0.0194421
0.0109528 0.0259992
0.00900405 0.0326123
0.0532529 0.0342633
0.0298887 0.0104435
0.0420923 0.0413528
0.0165846 0.0468771
0.0299023 0.0262231
0.0367205 0.00509835
0.00691296 0.0197568
0.0330751 0.0396723
0.032477 0.0394592
0.0363164 0.0306126
0.0313763 0.0394572
0.0442963 0.0807715
0.0253392 0.0611792
0.0194403 0.0476382
0.0314913 0.0340326
0.0301608 0.0396098
0.0475105 0.0203069
0.0195185 0.0342453
0.0247208 0.0105277
0.0548846 0.0162062
0.0272112 0.00933639
0.0224211 0.0405733
0.0186593 0.015424
0.00933464 0.05713
0.0124426 0.0192563
0.0396615 0.012327
0.0177579 0.0401787
0.0507221 0.0484255
0.0282439 0.0469648
0.0294401 0.0261862
0.0183186 0.0157492
0.0238729 0.0471581
0.0227042 0.0280545
0.0145889 0.0436233
0.0102595 0.0372945
0.00681001 0.0349104
0.0352895 0.0397825
0.019103 0.0148281
0.0349257 0.0260561
0.0255499 0.0248119
0.010837 0.034367
0.0403184 0.0111236
0.0106198 0.0234374
0.0173263 0.0473327
0.0509759 0.0291074
0.00874293 0.00820976
0.0327385 0.0245753
0.0418856 0.0398368
0.0121669 0.0301987
0.0165637 0.0445021
0.0171276 0.0420045
0.0394952 0.0195779
0.0249822 0.0160733
0.0342716 0.0153999
0.0194691 0.0210392
0.0289431 0.0928829
0.0135202 0.0325417
0.00814447 0.0542692
0.0191323 0.0302535
0.0160251 0.0916035
0.00664657 0.0328587
0.0216116 0.0183937
0.0343661 0.0135283
0.0195831 0.01781
0.00547527 0.0598265
0.0230618 0.0390979
0.0272166 0.0102136
0.0390415 0.00635383
0.0168639 0.0521545
0.0045939 0.0134446
0.0282325 0.0249686
0.00978869 0.0412261
0.0160574 0.0638731
0.0362185 0.0323596
0.0114767 0.0364367
0.0202649 0.0103152
0.0150658 0.0350935
0.0101121 0.0206282
0.0322326 0.0272788
0.0321926 0.0217034
0.0103763 0.0501859
0.0118419 0.0295129
0.0283865 0.0529515
0.0248422 0.0204781
0.0162791 0.00869964
0.0421545 0.0456563
0.0157742 0.011712
0.0119783 0.0149401
0.00211592 0.0307372
0.0348346 0.0149745
0.00927187 0.0205239
0.0280375 0.00203726
0.00501656 0.0245111
0.0089767 0.0310219
0.0234199 0.00886423
0.0109252 0.0222845
0.0280444 0.0480478
0.0466436 0.0263765
0.016581 0.0294787
0.0210997 0.0311353
0.0124079 0.0254694
0.0504413 0.028149
0.0198578 0.0244217
0.0259336 0.0264243
0.042378 0.0225732
0.0206159 0.0321238
0.0408406 0.0440507
0.0302317 0.0224164
0.0226842 0.0374697
0.0143075 0.0186763
0.0269542 0.0265192
0.0265609 0.0156057
0.02959 0.0255625
0.0160305 0.0356881
0.0229376 0.0292888
0.0331695 0.064843
0.00902373 0.012326
0.00928718 0.0236169
0.0157877 0.0519593
0.0218674 0.01744
0.0154393 0.031102
0.0268177 0.0439337
0.0162606 0.0457149
0.0125655 0.0288499
0.0445749 0.00366791
0.0110136 0.0168554
0.0559716 0.0154486
0.00940596 0.0471795
0.0273241 0.0314588
0.0246943 0.0186648
0.0162877 0.0198856
0.0160682 0.0437211
0.00717911 0.0246608
0.0142809 0.00797212
0.0359709 0.0394993
0.0176203 0.0480533
0.0214223 0.0165195
0.0278726 0.0120081
0.035244 0.038473
0.0118031 0.0258458
0.0149672 0.0106431
0.0110831 0.0275849
0.0225118 0.0414628
0.0655635 0.0541116
0.015208 0.0402835
0.00289127 0.0180217
0.0166394 0.0589374
0.0361704 0.0517054
0.00713326 0.0355249
0.0141353 0.0301447
0.00956727 0.0398284
0.0163632 0.0592381
0.0178031 0.0198901
0.0390553 0.0471811
0.0132825 0.0339344
0.036729 0.0249283
0.0549096 0.0645427
0.0131101 0.0441377
0.00501501 0.0197825
0.0232418 0.051262
0.0440271 0.0599193
0.0365997 0.0302292
0.0263864 0.0144928
0.042792 0.0285396
0.0209738 0.0076326
0.0151171 0.0445476
0.0128511 0.0580487
0.04582 0.0390305
0.0161942 0.0405364
0.0245943 0.0627228
0.011302 0.0162513
0.0263349 0.0262611
0.0157056 0.049677
0.0239327 0.03818
0.00545904 0.03435
0.0163407 0.047021
0.0173139 0.0104592
0.00684952 0.0044372
0.0263427 0.0336795
0.0338801 0.0180852
0.0173093 0.0374768
0.0258178 0.0333626
0.0154441 0.0578425
0.0191253 0.0448953
0.0267379 0.0149089
0.0217069 0.0275374
0.0104272 0.0387827
0.0265274 0.0515868
0.0221934 0.0359347
0.0462866 0.0225864
0.0341989 0.014314
0.0281351 0.031694
0.000589613 0.0437778
0.0287771 0.0371682
0.0140358 0.0293921
0.0315258 0.0384048
0.0235027 0.0357573
0.00315406 0.0187562
0.0335083 0.0418992
0.0183059 0.0100915
0.0240444 0.0338705
0.0137942 0.0300625
0.0192998 0.0127607
0.0224418 0.0361936
0.0199643 0.0479175
0.0315798 0.0149171
0.0285745 0.0179184
0.0239412 0.0610512
0.020745 0.00744775
0.0319748 0.0505261
0.0273679 0.0489832
0.0193655 0.0465526
0.0428533 0.0392363
0.0197384 0.0205742
0.0265393 0.0191948
0.0332932 0.0190566
0.0136299 0.0411023
0.00632705 0.0414907
0.0122273 0.00988485
0.0287552 0.0165292
0.025558 0.0271091
0.0324522 0.0252498
0.0157427 0.0172321
0.0311031 0.0291948
0.0158294 0.0411825
0.0349455 0.0371126
0.00434773 0.0299696
0.0311091 0.0319369
0.0433402 0.0376822
0.0217328 0.0277374
0.0261357 0.0345954
0.0161941 0.0152446
0.0366915 0.0493673
0.0343178 0.0538317
0.0207372 0.0419295
0.0182675 0.0680116
0.0335738 0.0214942
0.019648 0.0536529
0.00391671 0.0582267
0.035789 0.0205538
0.030064 0.0251714
0.0476974 0.0101528
0.00696046 0.0348157
0.0246324 0.0346041
0.0414735 0.0356312
0.025181 0.0452057
0.0331454 0.0364771
0.0243658 0.0159111
0.00780743 0.0357271
0.00925592 0.0244464
0.0215456 0.046624
0.0203776 0.0169713
0.023524 0.0457738
0.0250868 0.0556908
0.00720108 0.0147999
0.0103423 0.0433934
0.0093811 0.0131528
0.0381149 0.0437838
0.0132415 0.0564534
0.0214691 0.0226452
0.0564059 0.0220611
0.0227998 0.0307941
0.00451316 0.027958
0.0188315 0.0287566
0.0147031 0.017416
0.0218829 0.0196872
0.0104218 0.0455085
0.0335446 0.0410231
0.017902 0.0333583
0.0146683 0.0294352
0.0218223 0.0660337
0.0273976 0.0261668
0.0263171 0.0251317
0.011892 0.0284417
0.0136463 0.0177598
0.0317918 0.0356107
0.036894 0.029594
0.018065 0.0234828
0.0216539 0.0350118
0.0252992 0.02997
0.037698 0.0309142
0.0265651 0.0377599
0.0272265 0.0164487
0.0100593 0.0156092
0.0364177 0.0397588
0.00880589 0.0130228
0.0212733 0.0338688
0.0128458 0.0459055
0.0380208 0.0464317
0.010162 0.0186462
0.0362697 0.0254074
0.00473069 0.0239567
0.0183339 0.079643
0.0407362 0.0287527
0.0264135 0.0279289
0.00882699 0.0281019
0.0161827 0.0657685
0.0198172 0.033064
0.00512008 0.0211644
0.0322515 0.0236834
0.0260382 0.0209025
0.0111473 0.00895273
0.0533053 0.0205526
0.0126006 0.0711534
0.0196905 0.0385973
0.0105144 0.0395705
0.023213 0.0295521
0.0179134 0.0168098
0.0325814 0.0229002
0.0261695 0.00409881
0.0305693 0.0264678
0.0240012 0.0346554
0.0368433 0.0218704
0.0203691 0.0494846
0.0124285 0.0411317
0.0462558 0.0142532
0.028695 0.00785657
0.00179133 0.0202404
0.0277781 0.00617578
0.0374752 0.0234183
0.0223211 0.0422198
0.0253275 0.019795
0.00888255 0.0196222
0.0160292 0.0478549
0.00676381 0.0185878
0.00601974 0.018487
0.0291208 0.015883
0.0174674 0.0536606
0.0133944 0.0240056
0.0284657 0.00959287
0.0205652 0.0227625
0.0333083 0.0251457
0.0222462 0.0648946
0.00945924 0.0239482
0.00320673 0.044166
0.0162532 0.00417013
0.0141419 0.0107919
0.0283789 0.0305986
0.00886143 0.0123877
0.022147 0.0178116
0.00949612 0.045937
0.0594198 0.0381802
0.0210746 0.00742531
0.00665451 0.0258749
0.0363521 0.0390117
0.020795 0.0501667
0.0516452 0.0452524
0.0212999 0.0141686
0.0238846 0.0148103
0.0107923 0.0399888
0.0210557 0.0313758
0.00923587 0.0665319
0.00654544 0.0120475
0.0146487 0.0143613
0.00886209 0.0535821
0.0208751 0.00996883
0.0106059 0.0532163
0.0410723 0.0315965
0.0120092 0.0411987
0.0261068 0.00163369
0.0144272 0.0202584
0.0107455 0.0366128
0.0398091 0.0610013
0.0146212 0.0596693
0.0159741 0.0318108
0.0436931 0.0137736
0.0182681 0.0423727
0.0224751 0.0228744
0.0329874 0.0280906
0.027346 0.0293161
0.02038 0.0529928
0.0409106 0.0073811
0.0115983 0.0381226
0.0479714 0.00636593
0.00887764 0.0424032
0.0224037 0.0350183
0.0433376 0.0332018
0.0201947 0.0330334
0.0427969 0.0297219
0.0183691 0.0602686
0.0142526 0.0224951
0.0192974 0.0228366
0.0174761 0.0124447
0.0207991 0.0440932
0.0451936 0.0224965
0.0266538 0.0289208
0.0127334 0.00390879
0.0210239 0.0399275
0.0418279 0.0323483
0.0201201 0.0484268
0.0170443 0.0453946
0.0265253 0.0655513
0.0341273 0.0178982
0.0254024 0.0212462
0.00810534 0.0162927
0.0257526 0.026841
0.0308467 0.0246536
0.0370067 0.0244256
0.0447486 0.0300558
0.0340179 0.0369913
0.00655574 0.0735654
0.00580032 0.0361073
0.0208423 0.0582665
0.0154225 0.0454889
0.0200142 0.00806902
0.0397192 0.0397282
0.02157 0.0674895
0.0157633 0.0318143
0.00937639 0.041738
0.0476423 0.0197097
0.0240138 0.00769519
0.0129379 0.0399743
0.0320626 0.010177
0.0263289 0.0225502
0.0106817 0.0770586
0.00913177 0.0247884
0.051711 0.0339087
0.0413988 0.0389754
0.008909 0.0284815
0.0234438 0.0185824
0.024597 0.0132253
0.0210583 0.0344664
0.0326847 0.0307436
0.0198298 0.069051
0.0356018 0.021685
0.00337529 0.0542205
0.0283219 0.0306108
0.021874 0.0304344
0.0380056 0.0251735
0.0108033 0.0564934
0.024652 0.024587
0.0171241 0.0175214
0.00384467 0.041018
0.0180019 0.0331799
0.01888 0.0220147
0.03428 0.0479148
0.0297004 0.0240278
0.039383 0.0132808
0.0243488 0.00853169
0.0315298 0.0366267
0.0247238 0.0179986
0.0274559 0.0240887
0.0252906 0.0539649
0.0136406 0.0253135
0.0500325 0.0117057
0.0132028 0.0447696
0.0354491 0.029334
0.0173935 0.0600444
0.0390768 0.0105691
0.018583 0.0753695
0.037259 0.0519127
0.0211215 0.0312387
0.0171671 0.025673
0.0123443 0.0260716
0.0153483 0.0582359
0.0383723 0.0328475
0.0115521 0.0148474
0.0291094 0.0489507
0.0325498 0.029756
0.0118549 0.0114094
0.0293197 0.0276605
0.0157093 0.0133328
0.0356637 0.0170643
0.00715862 0.0239446
0.00924422 0.059317
0.0373085 0.0348285
0.0320056 0.0176453
0.0351986 0.0158253
0.0278272 0.0539866
0.0168547 0.0324483
0.0146065 0.0154236
0.0510295 0.0565707
0.0492867 0.0269912
0.0111045 0.0370738
0.0272367 0.0306347
0.00825055 0.0402273
0.0157027 0.0462107
0.00736161 0.0211234
0.00347821 0.0257708
0.0372334 0.0539109
0.0362811 0.00942185
0.0136564 0.062127
0.00489843 0.0286204
0.0196912 0.0413377
0.00782543 0.0304371
0.029116 0.0244005
0.00846021 0.0600222
0.0111244 0.00877119
0.0046349 0.0207472
0.0331432 0.0043723
0.0439389 0.0477678
0.0400231 0.0601601
0.0454771 0.0207486
0.0338127 0.0338801
0.0165693 0.0553964
0.0465574 0.0161866
0.0285328 0.0439708
0.0209941 0.0307509
0.0195268 0.0323508
0.00500675 0.0476381
0.0255534 0.0103791
0.0331059 0.0237375
0.0245482 0.0381543
0.0134737 0.0515477
0.00637935 0.0253221
0.0223458 0.0620506
0.0331024 0.0664271
0.0360144 0.0272763
0.0321399 0.067806
0.0263329 0.0053066
0.0154811 0.0282806
0.0236045 0.00410648
0.0253208 0.041839
0.0396504 0.0300241
0.0434558 0.0385931
0.0244143 0.0247711
0.0284088 0.00680877
0.0299284 0.0673896
0.0372669 0.0226676
0.0127912 0.0314962
0.0325517 0.0231886
0.0179639 0.0539733
0.026839 0.0104538
0.0318394 0.0266525
0.0270823 0.0209092
0.0179147 0.0188083
0.0270633 0.0381473
0.0223436 0.0154926
0.00574067 0.0518809
0.0390698 0.0122857
0.00376211 0.0266804
0.0352132 0.0173381
0.0404429 0.0202051
0.0347449 0.0179146
0.0248047 0.0408258
0.0278289 0.0170483
0.0220418 0.0428387
0.028944 0.0385936
0.0156316 0.0141141
0.0235404 0.023182
0.0351798 0.0321899
0.0113747 0.037363
0.0286112 0.028163
0.037427 0.0476518
0.0107746 0.020231
0.0575176 0.050018
0.01796 0.00775626
0.00172177 0.0311277
0.0385963 0.0165673
0.0164613 0.0540416
0.0322097 0.0179128
0.0315547 0.0212122
0.0048056 0.0250824
0.0263017 0.013851
0.0328033 0.0653479
0.0335503 0.0427741
0.0516246 0.0302736
0.0193772 0.0186322
0.0343275 0.0176848
0.0205141 0.0216858
0.0120472 0.0182801
0.0172601 0.0366156
0.0291932 0.0313062
0.00942649 0.0114809
0.0172898 0.0218139
0.00889112 0.00627056
0.0180957 0.0349162
0.0132909 0.02283
0.0255908 0.0274272
0.0172454 0.0296464
0.0258073 0.0572869
0.0306642 0.0202248
0.0422535 0.0315736
0.012915 0.0656566
0.0130785 0.0186426
0.0239554 0.0236096
0.00744733 0.05789
0.0345155 0.0277739
0.0395208 0.0277719
0.0115904 0.0367768
0.011961 0.0314265
0.0349614 0.0523164
0.0454395 0.0192684
0.0316279 0.0162059
0.0117844 0.0347743
0.0205714 0.0538731
0.0474456 0.0314276
0.0171175 0.0371153
0.028738 0.056518
0.0191724 0.0306534
0.011745 0.025567
0.02497 0.0400069
0.0222047 0.0374155
0.0300523 0.03679
0.011496 0.0299708
0.0471231 0.0208356
0.0212609 0.0489392
0.0197739 0.0186843
0.00711115 0.0498445
0.0335185 0.0172788
0.0229681 0.00888448
0.0287759 0.0295601
0.0193511 0.0359429
0.0473688 0.0285339
0.00513677 0.0432258
0.0367597 0.0420264
0.0226766 0.00736208
0.0424573 0.00802924
0.0394432 0.0046383
0.0174952 0.0128885
0.0323399 0.0539615
0.0107468 0.0227817
0.0294175 0.0482941
0.0334615 0.031533
0.01646 0.0394955
0.0211414 0.0216446
0.0167786 0.029051
0.0174938 0.0473745
0.0360463 0.0359179
0.0139996 0.0139071
0.0281512 0.0188855
0.0198193 0.0268855
0.0200224 0.0189308
0.0160244 0.00601918
0.0191916 0.0255632
0.0216755 0.0338569
0.0454803 0.0299179
0.0133708 0.0497442
0.0278441 0.0232001
0.0308173 0.037944
0.0307929 0.0441605
0.0174665 0.0580992
0.0237644 0.0188381
0.0534719 0.0386844
0.0205814 0.0201115
0.0285591 0.0332526
0.0268237 0.0622409
0.018261 0.0351457
0.00380007 0.0305129
0.0235265 0.0521949
0.0288599 0.0552725
0.0134848 0.071438
0.0161092 0.0707001
0.00926731 0.0413359
0.0194686 0.0212351
0.0326053 0.0207783
0.0148925 0.0248205
0.0324207 0.0355552
0.0176603 0.0303605
0.0317008 0.0305366
0.00967049 0.0456533
0.036826 0.0235006
0.0277968 0.0148622
0.00966759 0.027718
0.032422 0.0331638
0.0231267 0.0301019
0.0306974 0.0343013
0.0300405 0.0460902
0.0284168 0.0175449
0.0272374 0.0506519
0.0230599 0.0246516
0.0480838 0.0626962
0.031267 0.0230522
0.00997499 0.0243572
0.0107181 0.0196102
0.0497905 0.0128878
0.0514743 0.00956631
0.031091 0.065918
0.0435442 0.0266111
0.00938684 0.0643847
0.0307277 0.0463295
0.0207256 0.0106461
0.0227182 0.0430652
0.00779382 0.0309747
0.0056973 0.0256457
0.0621676 0.0277795
0.0088617 0.0266139
0.0455936 0.0187589
0.0274002 0.0525534
0.0238906 0.0518356
0.0250955 0.0183619
0.0194951 0.0251224
0.0171033 0.0147961
0.0467646 0.0383286
0.0328402 0.0392369
0.0100784 0.0160971
0.0260526 0.0335991
0.00904157 0.017563
0.0227226 0.0283826
0.0348569 0.0147118
0.0246801 0.000413706
0.0203891 0.032046
0.0400709 0.0374891
0.0167179 0.0229384
0.0057321 0.0192411
0.039362 0.0088153
0.0113939 0.00843806
0.0394718 0.037415
0.0257627 0.0415696
0.0278767 0.0510902
0.0155548 0.0632933
0.00608705 0.0518568
0.0139276 0.0548511
0.0359617 0.010708
0.00696683 0.0324046
0.0336609 0.0405447
0.0409291 0.0444467
0.0309087 0.0479641
0.0179681 0.0555195
0.0226363 0.0559891
0.0373239 0.040646
0.0124091 0.0225638
0.0124538 0.0101016
0.0440038 0.0151674
0.0211399 0.0770811
0.012123 0.0471989
0.0345603 0.0281655
0.0407777 0.00698657
0.0184567 0.029367
0.0131063 0.0254819
0.00582716 0.05662
0.0325814 0.0399712
0.012767 0.0650612
0.0132445 0.0335974
0.0291643 0.0143908
0.0216462 0.0154042
0.0224797 0.0613895
0.0271784 0.0264054
0.0273735 0.0476117
0.0133242 0.0711343
0.0181556 0.0575031
0.053588 0.0272405
0.0379501 0.0660664
0.00474707 0.0321802
0.0184918 0.0387991
0.0205001 0.0565655
0.024039 0.0551252
0.0282494 0.0299556
0.029605 0.0537417
0.00411931 0.00914892
0.0242782 0.0468267
0.0250203 0.0597548
0.0204699 0.0565333
0.0111633 0.0538712
0.0116172 0.0134998
0.0248556 0.0349499
0.0187478 0.0395639
0.0184132 0.0358003
0.0504898 0.0248153
0.0195807 0.00623282
0.0295371 0.0208575
0.00597345 0.0119297
0.023839 0.0170396
0.0156735 0.0212219
0.0203238 0.0270825
0.0076525 0.0499531
0.0257543 0.0298046
0.014371 0.013616
0.00299151 0.0476374
0.0262166 0.0295261
0.0103034 0.0167754
0.00724663 0.0459206
0.0312835 0.0143773
0.0291548 0.0144393
0.0202543 0.0363486
0.0542151 0.0331661
0.0482186 0.0377062
0.0132973 0.0376496
0.0170735 0.00530045
0.0214308 0.0303892
0.0296519 0.00826159
0.0392485 0.0280374
0.0186032 0.0348339
0.0213216 0.00696946
0.0551191 0.0367653
0.027214 0.0608294
0.0315421 0.0555051
0.00992248 0.00708463
0.031782 0.0275686
0.020308 0.0229974
0.0339804 0.0359156
0.044058 0.0461607
0.0225556 0.013462
0.0246066 0.0400999
0.00689401 0.0195801
0.0172773 0.0260268
0.030752 0.0173397
0.00819178 0.0282237
0.0314534 0.0203956
0.0484376 0.0388922
0.0253382 0.032317
0.0197805 0.0360812
0.0246399 0.0397285
0.017002 0.0230802
0.0388822 0.0268778
0.00889422 0.0243405
0.0163699 0.0470203
0.0139135 0.00861032
0.00614248 0.0253845
0.0224496 0.0208431
0.0396488 0.029534
0.0210645 0.0361493
0.0286986 0.0443053
0.0339183 0.0127375
0.0255126 0.0123422
0.0120746 0.00824269
0.0368717 0.0654701
0.0131218 0.0406198
0.0366313 0.0366995
0.0238853 0.0305248
0.0349836 0.0286161
0.034857 0.0276607
0.0299741 0.0329015
0.0327485 0.0237263
0.0200029 0.0357658
0.0260686 0.0612003
0.0454894 0.0510483
0.0152485 0.0202989
0.0306054 0.0205555
0.0471784 0.0195056
0.0465398 0.00805764
0.0459154 0.029342
0.04681 0.01056
0.0285979 0.0339975
0.0577443 0.0430078
0.0165697 0.00523993
0.0357935 0.00573216
0.0446677 0.0291559
0.0216101 0.0195615
0.0266708 0.0185026
0.0397032 0.0379265
0.0497662 0.0367092
0.0373817 0.0427227
0.00671084 0.0271448
0.0254769 0.0320088
0.0146462 0.0543772
0.0368661 0.0359491
0.00479205 0.0220144
0.0206688 0.00423491
0.00910194 0.0257686
0.0319702 0.0186052
0.031303 0.0182043
0.0354572 0.0279389
0.0379452 0.0278118
0.0206303 0.0442952
0.0109677 0.00766021
0.0139046 0.0185943
0.035747 0.0137062
0.0242206 0.0267642
0.0237965 0.0218153
0.0298776 0.0378936
0.00592134 0.0558725
0.0251695 0.0817497
0.0125779 0.0243175
0.00144006 0.00519529
0.0305912 0.0395111
0.0401607 0.0339981
0.0174172 0.0591404
0.0313361 0.0424251
0.0295404 0.0280347
0.0514888 0.00104236
0.0179853 0.0101925
0.0146355 0.0433421
0.0320288 0.0510313
0.00728746 0.0381843
0.0203627 0.049496
0.0198812 0.0515601
0.0422082 0.0664399
0.0263694 0.0490616
0.032905 0.0420239
0.0330939 0.0592501
0.0170672 0.0232181
0.0345364 0.000939381
0.0433912 0.0418094
0.0231868 0.0176574
0.0205484 0.0329737
0.027138 0.0427987
0.02881 0.0489591
0.0391257 0.0199764
0.0384232 0.0290637
0.0090553 0.0524538
0.00926631 0.0547596
0.0563816 0.0115773
0.0140721 0.0121977
0.0285438 0.0371876
0.0403752 0.0408282
0.0207744 0.0235314
0.0307391 0.047104
0.0118351 0.00631745
0.00776577 0.0197735
0.0507063 0.036461
0.0221138 0.0360368
0.0301635 0.0408367
0.0280682 0.0561221
0.0357132 0.0274336
0.0260916 0.0390117
0.0124879 0.0567532
0.0129963 0.0262546
0.0211292 0.0417007
0.0247848 0.0131741
0.0298337 0.0536247
0.0149415 0.0276813
0.0342657 0.0215044
0.0379882 0.0397292
0.0218464 0.0563398
0.0148097 0.00980936
0.0386133 0.0356604
0.0303464 0.0117542
0.00887632 0.0335767
0.0135335 0.0482299
0.0309618 0.0129336
0.0186923 0.00992466
0.0100032 0.0174265
0.0293423 0.00394458
0.0336194 0.0211702
0.0132603 0.0519206
0.0114225 0.0200153
0.00578973 0.0297587
0.0395414 0.0450896
0.0118565 0.0360881
0.018247 0.0103314
0.0069734 0.0293382
0.0271349 0.0305493
0.0501564 0.0387141
0.0304075 0.0194728
0.0375717 0.0353544
0.0250044 0.0356477
0.00396224 0.0149899
0.033677 0.0100526
0.00844546 0.0405199
0.0317371 0.00951162
0.0305668 0.0205875
0.0134444 0.0122636
0.0268519 0.0129975
0.0141211 0.0558498
0.0276659 0.00855103
0.0270977 0.0340737
0.0300202 0.00602473
0.0108531 0.0414766
0.0251224 0.0518261
0.0287153 0.029538
0.0375745 0.0412047
0.000793177 0.0342619
0.0293092 0.0169673
0.00954947 0.0112705
0.00953548 0.0425172
0.0362163 0.0266653
0.00719434 0.0119671
0.0113622 0.0679634
0.0191955 0.0421797
0.0237127 0.0572372
0.0234669 0.0229305
0.0315579 0.0394109
0.0335064 0.0167356
0.0183891 0.0393337
0.0224843 0.0139912
0.0273567 0.0175524
0.0385995 0.0116
0.0290452 0.0381273
0.00396714 0.0370094
0.0248452 0.00101228
0.0141297 0.0337579
0.0322549 0.0241529
0.0209081 0.0309488
0.0201834 0.0210945
0.0101069 0.0507328
0.0348303 0.0379594
0.00763939 0.0305071
0.0175039 0.0277466
0.0277401 0.00793313
0.0179233 0.0444016
0.0108581 0.034765
0.0156576 0.0425333
0.0259839 0.0360885
0.00323167 0.033171
0.0244518 0.0187365
0.0216628 0.035239
0.0213013 0.0204725
0.0279627 0.00826765
0.0330666 0.0238247
0.0135429 0.0245904
0.0714751 0.0361629
0.0232025 0.0197109
0.0332999 0.0170116
0.000976645 0.0442853
0.0436004 0.0426222
0.0595593 0.0497444
0.0155877 0.0192157
0.00354573 0.0322055
0.0319761 0.0397418
0.0571163 0.033952
0.00504248 0.0427398
0.0169088 0.0375119
0.0120192 0.0340225
0.0132786 0.0520745
0.0226053 0.00301991
0.0344194 0.0512401
0.0305646 0.0269961
0.019346 0.013479
0.019539 0.013565
0.0141701 0.0201575
0.00727948 0.0669541
0.0473104 0.0289122
0.0224268 0.0205193
0.00972585 0.0409053
0.00874397 0.0582302
0.0360719 0.0181022
0.0198473 0.00441231
0.00458187 0.0406723
0.0147477 0.0332762
0.0194954 0.0409445
0.033578 0.017654
0.0271713 0.0319747
0.0204028 0.0272759
0.007829 0.0451899
0.00833992 0.0175797
0.0228347 0.00727753
0.0160701 0.0229695
0.0676807 0.0217642
0.0350915 0.00521222
0.0313252 0.0259378
0.00237821 0.00427687
0.0269424 0.0196353
0.023636 0.0371467
0.0197728 0.047519
0.0129592 0.00980642
0.0499164 0.0116094
0.0355373 0.0218702
0.0176918 0.0375684
0.0360776 0.0294163
0.0304966 0.0348292
0.0533541 0.0500281
0.0189065 0.0280367
0.0250904 0.0404184
0.00378536 0.0192104
0.0262898 0.0187197
0.0286335 0.0353754
0.0111637 0.0061047
0.0432462 0.0642074
0.0262797 0.0148936
0.00787227 0.0386513
0.0418004 0.0314249
0.0102359 0.0149728
0.0369726 0.0922939
0.0183307 0.0384823
0.00798238 0.0286427
0.0239688 0.0409508
0.00806992 0.0264841
0.0253104 0.0243183
0.00395273 0.0115217
0.0139707 0.029541
0.0176801 0.0153947
0.0153621 0.0360679
0.0236781 0.054128
0.0160746 0.0562072
0.050905 0.0369933
0.0227397 0.044534
0.0301402 0.00376112
0.00354435 0.0212347
0.027722 0.0266585
0.0191535 0.0215075
0.00670551 0.0293847
0.0190183 0.029868
0.0247618 0.0823411
0.00472397 0.0493953
0.0271346 0.0255436
0.0448801 0.0223229
0.0195889 0.0284904
0.00678968 0.033612
0.0171399 0.0221496
0.0145101 0.0340709
0.0213581 0.0162936
0.0472759 0.0254809
0.0482989 0.0676729
0.0241353 0.050417
0.0298823 0.0412094
0.00530778 0.039834
0.0303227 0.00633519
0.037549 0.0206342
0.0151009 0.0548291
0.0287967 0.0359377
0.0136261 0.052946
0.0325655 0.0266319
0.0245382 0.0160795
0.00868138 0.0190179
0.0407451 0.0434532
0.0389773 0.0293409
0.0314081 0.0589552
0.0164541 0.0086243
0.0203872 0.012257
0.0269913 0.0371771
0.0142708 0.00610709
0.0199306 0.0304739
0.0199248 0.0302857
0.0189971 0.0221829
0.0333652 0.067674
0.0364288 0.0400967
0.020102 0.0183189
0.0334909 0.0371566
0.0193337 0.00363971
0.0207152 0.0532062
0.0381967 0.017532
0.050864 0.00727332
0.0277358 0.0366246
0.025597 0.0559279
0.0078384 0.0737138
0.00736001 0.0718417
0.0371187 0.0196254
0.0291734 0.0528277
0.0192009 0.0265212
0.0398122 0.047819
0.0095989 0.00987771
0.0188946 0.03285
0.012965 0.0325894
0.0622574 0.015947
0.0157594 0.0199462
0.0105933 0.0391787
0.016078 0.0372668
0.0138537 0.0264784
0.0308222 0.00833192
0.0376997 0.0466631
0.05294 0.018759
0.00123548 0.0511027
0.0058993 0.0304104
0.00549608 0.0704478
0.00784121 0.0222332
0.00118387 0.0149677
0.0122683 0.0147185
0.0438074 0.0260662
0.0427157 0.0154618
0.0296167 0.0286419
0.00788812 0.0335623
0.0079678 0.0299561
0.00179093 0.00898488
0.013305 0.0522694
0.0315319 0.0230656
0.0267813 0.0145501
0.0201199 0.01157
0.0114201 0.0205537
0.00272423 0.0753347
0.0477479 0.0655619
0.0140589 0.036017
0.00316835 0.0293479
0.00752617 0.101784
0.052297 0.0225199
0.0424491 0.0614362
0.0272928 0.0630735
0.04178 0.0227889
0.0417555 0.0284373
0.025001 0.0590064
0.0186218 0.0406041
0.0192106 0.0648894
0.0280041 0.0633488
0.0294097 0.0112579
0.0140862 0.0514197
0.010767 0.0130305
0.0249102 0.0283474
0.0257919 0.0300657
0.0273837 0.0290631
0.0216346 0.0566044
0.0080049 0.00651567
0.0238355 0.0203906
0.0185036 0.0214967
0.00484055 0.0268708
0.0241392 0.0120767
0.0437173 0.0310603
0.023184 0.0154389
0.0184512 0.0200071
0.00100214 0.0548891
0.0242352 0.0381535
0.0313622 0.0337674
0.00993417 0.039965
0.0363099 0.0510688
0.00566321 0.0375237
0.0194731 0.00935371
0.0263361 0.0373166
0.0271914 0.0435456
0.0284846 0.0502626
0.031491 0.00579496
0.0303933 0.0491973
0.0227425 0.0192801
0.0224713 0.051377
0.0109177 0.0479822
0.0132672 0.0221754
0.0145868 0.0144715
0.00994205 0.0584067
0.0222622 0.0187239
0.0388913 0.0241905
0.0398848 0.0892271
0.0276134 0.0474535
0.0394383 0.0465098
0.0180137 0.0396304
0.00731578 0.0072388
0.00593894 0.0128894
0.0463418 0.0665213
0.0356681 0.044646
0.0369037 0.0623814
0.0348268 0.0386347
0.0309939 0.0508513
0.00425027 0.0422825
0.0221239 0.0270823
0.0141 0.0361608
0.0202412 0.0449218
0.026406 0.0299988
0.0334582 0.0200355
0.00862068 0.0535061
0.00541274 0.0584396
0.00470076 0.00950268
0.00629414 0.021204
0.0226293 0.0418929
0.0344711 0.00950154
0.0325852 0.0274689
0.031319 0.0199005
0.0185379 0.0343008
0.0404831 0.0269878
0.00445238 0.0208918
0.0212139 0.0143148
0.0430481 0.047879
0.00423552 0.0377641
0.00980384 0.051699
0.0242455 0.016178
0.0307283 0.0200745
0.0148418 0.0486325
0.00776326 0.0220387
0.0281222 0.0325961
0.00439738 0.0125908
0.0301103 0.0352564
0.00834196 0.0362201
0.00880042 0.0152623
0.0213643 0.0533972
0.0156146 0.0321894
0.00776818 0.0223053
0.0182228 0.0544712
0.0226078 0.0644894
0.0121017 0.0267979
0.0323261 0.0512756
0.00783025 0.0264099
0.0442018 0.0310244
0.0267027 0.0225432
0.0141564 0.0393542
0.0340656 0.0414875
0.0212985 0.0167146
0.0236483 0.0227551
0.0197143 0.0156749
0.00630474 0.0627426
0.0125354 0.0536401
0.0138281 0.0320267
0.0375239 0.033438
0.0161745 0.0281206
0.025976 0.0440034
0.0436705 0.0195545
0.0117837 0.0372389
0.0192461 0.0309053
0.0255456 0.037196
0.0332072 0.0183746
0.00962314 0.00409667
0.02399 0.0352578
0.0160879 0.0287179
0.04406 0.0182385
0.014715 0.0243975
0.0330501 0.0519965
0.0250931 0.0231347
0.0512744 0.0349441
0.0241071 0.0503707
0.0155409 0.0127559
0.0198505 0.0641656
0.0136135 0.044484
0.015526 0.0208766
0.0220043 0.0226675
0.032013 0.020391
0.0336539 0.0254655
0.0278002 0.0108279
0.0149621 0.00339996
0.0352523 0.0269564
0.0328653 0.0556841
0.0223742 0.00712458
0.0279384 0.0268185
0.0250109 0.0341386
0.0750315 0.0337183
0.0429391 0.0189302
0.0188223 0.0143981
0.0109026 0.0319355
0.0190856 0.0400121
0.0299122 0.0296921
0.0295749 0.0269681
0.0265082 0.0127763
0.0309999 0.0285249
0.0170272 0.0230628
0.00616671 0.010209
0.0113148 0.00555709
0.0452159 0.0662942
0.0460883 0.0240892
0.0212475 0.0156181
0.0310421 0.0214212
0.0124362 0.0304849
0.0390508 0.022206
0.00782593 0.0323868
0.0426406 0.0380132
0.00146161 0.0156834
0.0194328 0.0256122
0.0254279 0.0153294
0.0240681 0.0357698
0.0454588 0.00863452
0.0237739 0.0181707
0.0118874 0.0206006
0.0230707 0.0397468
0.0310456 0.0529042
0.0239479 0.0487636
0.0109127 0.0471285
0.00767329 0.00929949
0.0505988 0.0248277
0.027764 0.0224929
0.0340044 0.0525931
0.0258254 0.0504667
0.0191895 0.0518251
0.0255202 0.0391151
0.0195375 0.0300242
0.0555911 0.0167124
0.0289492 0.0076988
0.02414 0.0167915
0.027847 0.0368316
0.039372 0.0258934
0.0207856 0.0203844
0.0161955 0.0216431
0.0345884 0.0214543
0.040637 0.0243721
0.0175919 0.0509948
0.00814891 0.0456783
0.0278516 0.0411873
0.0190444 0.0431217
0.0205492 0.0228755
0.0146282 0.0567159
0.0190498 0.0259624
0.00313129 0.0450977
0.00766795 0.0194999
0.024758 0.0393289
0.0433155 0.0657254
0.0140972 0.014649
0.0160134 0.0101713
0.00250884 0.0587542
0.0327231 0.0319586
0.015322 0.0294919
0.0097994 0.0323307
0.0184561 0.0644526
0.00761832 0.0352973
0.0195798 0.0278329
0.0532624 0.0467428
0.0486338 0.0288927
0.0238826 0.0812768
0.0233256 0.0154022
0.027195 0.0160988
0.0231149 0.0525528
0.0329216 0.0280669
0.00488486 0.0161773
0.0391225 0.00397692
0.0108659 0.0319348
0.0290578 0.0288259
0.0236013 0.00772913
0.017124 0.0272999
0.0227621 0.0708597
0.0164589 0.0371409
0.0209457 0.0311926
0.0130186 0.0344061
0.0139249 0.0332327
0.0178385 0.0171935
0.042817 0.0438061
0.0400368 0.0259514
0.0100227 0.0288318
0.0400608 0.0397498
0.0293155 0.0277608
0.0363244 0.0147344
0.0218762 0.0227014
0.0119887 0.0424417
0.00313311 0.0448532
0.0259742 0.0238887
0.0388359 0.0177037
0.0391591 0.0381576
0.0183674 0.0313083
0.0070704 0.0314332
0.0272533 0.02218
0.0140543 0.0104242
0.0207867 0.0181745
0.0227994 0.025661
0.0212451 0.0269293
0.0215928 0.03435
0.030964 0.057491
0.0120926 0.0680474
0.01529 0.0390993
0.0206382 0.0518459
0.0169638 0.050959
0.0147002 0.0245572
0.0407221 0.0220506
0.0200712 0.0297943
0.0127262 0.0525377
0.0243981 0.0378588
0.0138158 0.082078
0.037754 0.0252501
0.00184449 0.034736
0.0315966 0.0530909
0.022076 0.00594365
0.0335348 0.0238281
0.0187818 0.018755
0.00203987 0.0217057
0.023406 0.0425667
0.010865 0.0160495
0.00305057 0.0296078
0.00256228 0.0425224
0.0284489 0.0604274
0.0134217 0.034331
0.0138259 0.0117081
0.0294101 0.0561083
0.0182168 0.0332873
0.0317956 0.0624168
0.0152273 0.044077
0.0120064 0.0302341
0.00884151 0.0116777
0.00355906 0.0251698
0.0290186 0.00707611
0.034634 0.00837263
0.01555 0.00745515
0.0119381 0.0345122
0.0262457 0.0433138
0.0550561 0.0321383
0.0624472 0.0405694
0.00240946 0.0685031
0.0159769 0.0470069
0.0241689 0.0632787
0.0319096 0.0568261
0.0282663 0.0248494
0.0515256 0.017972
0.0385286 0.00754797
0.0227942 0.0218614
0.0273238 0.0298588
0.0163969 0.0508505
0.0192695 0.0351774
0.020261 0.0240233
0.0261284 0.00199874
0.020605 0.0794691
0.0244471 0.00636211
0.0129116 0.0353809
0.0180987 0.0448553
0.0163239 0.0455675
0.0017684 0.0137902
0.0232265 0.0474811
0.0432058 0.0367517
0.0174833 0.0653978
0.0178158 0.0661353
0.0045249 0.055365
0.0128325 0.0611318
0.0250457 0.0963724
0.0142072 0.0454628
0.011401 0.00568897
0.0177951 0.0381616
0.00899575 0.0296545
0.0279847 0.0452255
0.0112108 0.0334757
0.0469211 0.0520948
0.0250374 0.0699643
0.0220979 0.0200648
0.0267608 0.0232898
0.0115091 0.00378663
0.0118365 0.056296
0.0376144 0.0257303
0.0197244 0.0688917
0.0157508 0.0331539
0.0270559 0.0433806
0.0481783 0.0158342
0.0157225 0.0372868
0.0221951 0.0233429
0.0294766 0.0123091
0.00503341 0.0378894
0.0295221 0.0433966
0.0359274 0.0460614
0.0308222 0.0415266
0.00946394 0.0417824
0.0239719 0.0321095
0.0281279 0.0283733
0.0210525 0.00469084
0.0210566 0.048462
0.00917571 0.0408386
0.0133485 0.0537337
0.0235549 0.00837637
0.0183659 0.0441072
0.0343482 0.0297379
0.0146847 0.0372178
0.0156834 0.0276019
0.0363057 0.0315327
0.0395867 0.0198021
0.0302335 0.0184816
0.0126778 0.0422891
0.0452572 0.0373763
0.0337692 0.0245578
0.0297018 0.032227
0.00815366 0.0368859
0.0480866 0.0375842
0.0104907 0.0245605
0.0238314 0.0346633
0.0261291 0.0391715
0.0319824 0.00833132
0.0313746 0.0383111
0.0174161 0.00611778
0.033507 0.00104638
0.0480657 0.0318347
0.0479193 0.0181344
0.0118252 0.0229486
0.0225424 0.0436511
0.0147309 0.0493897
0.0225494 0.0584579
0.0521916 0.0427048
0.055014 0.0474596
0.0167656 0.0350944
0.00655472 0.0624795
0.0133262 0.0526606
0.0230284 0.0521417
0.035016 0.0340409
0.042136 0.0423734
0.0396432 0.014706
0.0220355 0.0343074
0.016601 0.03456
0.0190863 0.0416155
0.0292039 0.0265511
0.0311424 0.0166266
0.00961057 0.0139433
0.0279654 0.00292533
0.00711595 0.0179898
0.00836008 0.014819
0.0365191 0.0410649
0.00906081 0.0376624
0.0259679 0.0713654
0.0180098 0.00400958
0.0171949 0.032328
0.0252329 0.0310606
0.0166635 0.0372926
0.0147448 0.017457
0.0392483 0.0260668
0.0211848 0.0274641
0.0225345 0.0475988
0.0250833 0.0257888
0.0162795 0.024048
0.0212224 0.0189459
0.00536266 0.00335433
0.0169268 0.0574184
0.0450951 0.0164769
0.00848271 0.0271409
0.0231885 0.0196247
0.0281006 0.0241912
0.0221117 0.0605891
0.0393467 0.0214982
0.0113427 0.00715316
0.0528325 0.0271269
0.0417219 0.0182483
0.0187228 0.0422645
0.0187525 0.0211831
0.0333382 0.0381093
0.0236548 0.058411
0.028827 0.0355216
0.0396013 0.0337297
0.0232146 0.0182423
0.00306252 0.0441243
0.0190149 0.0116909
0.0323386 0.0138817
0.019132 0.0372077
0.0205427 0.0211146
0.033816 0.036603
0.026457 0.0132036
0.0202145 0.0443983
0.017779 0.0299752
0.0248729 0.0491405
0.0237379 0.035555
0.0283292 0.0241643
0.0205806 0.0583454
0.030789 0.0317532
0.0210635 0.0158512
0.025417 0.024403
0.010918 0.0473353
0.0247014 0.047717
0.0122614 0.00734174
0.0405558 0.0440875
0.0292195 0.00417162
0.036479 0.0108344
0.0141818 0.0264552
0.0182175 0.0256794
0.0319637 0.0255026
0.0228643 0.0395331
0.0231385 0.0606348
0.0141262 0.0240085
0.0162767 0.0176055
0.0233309 0.0529577
0.0223606 0.0819862
0.0358849 0.0374184
0.0348114 0.0465053
0.0337578 0.0205477
0.031049 0.0195323
0.0129762 0.023183
0.0234321 0.0487349
0.0201553 0.0177076
0.0413371 0.0350438
0.0057528 0.0219107
0.0325359 0.0115115
0.0559006 0.0267673
0.016607 0.026861
0.0342198 0.0244525
0.0413944 0.0164199
0.0299909 0.0206969
0.0237284 0.0321963
0.0318612 0.0146679
0.032592 0.0252692
0.0201262 0.0490211
0.0266544 0.0186172
0.0183653 0.0413375
0.0160317 0.0258319
0.0123953 0.0257385
0.0253361 0.0537252
0.0167449 0.0124511
0.0140877 0.016238
0.01989 0.0291625
0.00699055 0.0100947
0.010705 0.0479847
0.0270282 0.0554934
0.04748 0.028812
0.0130969 0.026909
0.0123631 0.0426362
0.0221612 0.0578895
0.0158711 0.056744
0.020537 0.0138667
0.033332 0.0270384
0.0377468 0.0117068
0.0107836 0.00723829
0.0471352 0.0201239
0.0187552 0.0861951
0.0205459 0.0812103
0.0459266 0.0257661
0.00620373 0.0518178
0.0246398 0.0146485
0.0301682 0.0181072
0.0568792 0.0155807
0.0093373 0.00834174
0.0173831 0.0449426
0.0154805 0.0188915
0.0330254 0.0340376
0.0353888 0.0156082
0.0226732 0.0509269
0.0426117 0.00585601
0.01279 0.0370273
0.00960897 0.0232875
0.0417493 0.0327861
0.0386105 0.0421239
0.0297526 0.0172966
0.00561871 0.0141728
0.0299879 0.0287738
0.0188645 0.0587558
0.0227663 0.0181436
0.0327201 0.0146426
0.0138968 0.0159623
0.0193892 0.0432242
0.0147996 0.00411258
0.000883095 0.0263079
0.0180295 0.0288873
0.0185702 0.0199143
0.00247909 0.0119807
0.0160744 0.0295609
0.0389992 0.0593592
0.00784029 0.0178637
0.0193314 0.0341105
0.0367499 0.0280786
0.0181757 0.0343398
0.0287208 0.0183959
0.0284556 0.010621
0.0206127 0.0505229
0.00294771 0.0445039
0.0375137 0.0335839
0.0176583 0.0268149
0.0364888 0.0253268
0.0109229 0.0238924
0.00277022 0.0343869
0.0262341 0.0544533
0.0402275 0.0394616
0.0483332 0.018661
0.0347298 0.0404866
0.0120809 0.00457504
0.0158143 0.0170506
0.00963847 0.0147805
0.0273385 0.0305882
0.009339 0.0361665
0.0325676 0.0328384
0.0257685 0.0428232
0.025752 0.00657086
0.0345679 0.0565194
0.0369656 0.0326241
0.0223318 0.0222932
0.0375562 0.020894
0.0458973 0.0307466
0.010595 0.0500484
0.0437637 0.0194732
0.0313842 0.0193792
0.0147905 0.053305
0.0153363 0.0110769
0.0367252 0.0141883
0.0405467 0.0287575
0.0237349 0.0471774
0.0078804 0.0551332
0.0476633 0.0128493
0.0205151 0.0137419
0.0111523 0.0231493
0.0330311 0.0221357
0.0197971 0.0193216
0.0308146 0.02544
0.021736 0.0233324
0.0106279 0.0254805
0.0174001 0.0370116
0.00686955 0.0238701
0.0264776 0.0448459
0.00978687 0.0273157
0.0362468 0.0252263
0.0170253 0.037594
0.0208009 0.0676062
0.0301778 0.0460721
0.00664395 0.0708704
0.037419 0.0186902
0.0177055 0.00837148
0.0300086 0.0354676
0.0422951 0.0184999
0.0148978 0.0406852
0.00851226 0.0295227
0.0144796 0.0460923
0.039012 0.0141606
0.0165934 0.0368341
0.0413146 0.0206101
0.0326285 0.013837
0.0115774 0.0282792
0.022301 0.0343396
0.0206304 0.0243296
0.0192821 0.0385871
0.0129357 0.0100655
0.00436273 0.0271206
0.00724965 0.0395923
0.00841439 0.0189853
0.0176205 0.0258376
0.0153277 0.00736795
0.0156211 0.0377318
0.00572296 0.0561136
0.00816463 0.0435557
0.0150679 0.00928159
0.0130742 0.0739552
0.0355715 0.0462854
0.0340963 0.0316713
0.0158821 0.0508245
0.0314408 0.0264844
0.0176855 0.0365605
0.0205841 0.0713841
0.032898 0.0341137
0.0429057 0.0364139
0.0371209 0.0205289
0.0398105 0.0476794
0.00664015 0.0369555
0.0255562 0.0351593
0.0113159 0.0462599
0.0332234 0.0164073
0.0455519 0.00999561
0.0230502 0.0336725
0.0280227 0.0247141
0.0287983 0.0179376
0.0193711 0.0171301
0.0260522 0.00604359
0.023035 0.0653057
0.0259066 0.0211157
0.0109458 0.0131002
0.0286568 0.0108799
0.0143113 0.0376988
0.0304364 0.0148708
0.014689 0.0165048
0.0436405 0.0473279
0.0283189 0.0122125
0.058122 0.0449599
0.033432 0.0540376
0.0218831 0.055567
0.0356915 0.0270376
0.0113163 0.0224252
0.0247499 0.0910181
0.0302539 0.0519785
0.0422092 0.0286144
0.00639945 0.0590746
0.0330387 0.00840753
0.0354445 0.0295467
0.0231968 0.0583668
0.00783446 0.0547119
0.05075 0.0339867
0.0180813 0.018098
0.0336297 0.0230381
0.0078084 0.0634879
0.0148591 0.0227128
0.0400575 0.0564012
0.0232946 0.0439355
0.0178149 0.0206255
0.019674 0.0702319
0.0251766 0.0347397
0.0404404 0.0253295
0.018232 0.0484541
0.018769 0.0691051
0.0478657 0.0302162
0.0287155 0.0435716
0.009018 0.0432365
0.00416024 0.0442169
0.0231351 0.0213086
0.0190303 0.0151845
0.0179883 0.0129491
0.0165646 0.0471673
0.0288229 0.0426407
0.0183771 0.0408896
0.0131433 0.0579226
0.0299113 0.0210421
0.0258933 0.0616528
0.0184101 0.0421385
0.0149564 0.00825865
0.0201959 0.0176168
0.050813 0.0300891
0.0220233 0.0380764
0.0120443 0.0157009
0.019385 0.0411866
0.011568 0.0345812
0.0521556 0.0219162
0.0306608 0.0177928
0.00592942 0.0427941
0.0389837 0.0183387
0.0468735 0.0521275
0.0365441 0.00519098
0.0137719 0.0313351
0.0187046 0.0521387
0.0311394 0.042089
0.0100701 0.0158009
0.0410047 0.0525705
0.0177907 0.0415933
0.040957 0.0389759
0.0216566 0.0188853
0.0232855 0.0294032
0.055828 0.00964997
0.0125649 0.0639414
0.0160478 0.0417398
0.00446776 0.0206392
0.0152712 0.00513151
0.00820844 0.0416123
0.0384423 0.058475
0.010323 0.0288408
0.0176053 0.0153017
0.0141286 0.0260675
0.019932 0.0270176
0.0202457 0.0184115
0.0407123 0.0299176
0.0270627 0.00553893
0.0438101 0.0235623
0.0287211 0.0314321
0.0583551 0.0441207
0.0130538 0.0394255
0.0290627 0.0339276
0.0216696 0.0291231
0.0233184 0.0280052
0.0217591 0.0388687
0.0213458 0.055697
0.0229254 0.0349474
0.028694 0.0434378
0.0239733 0.0380433
0.0164876 0.020879
0.00832228 0.0310938
0.0234561 0.0276096
0.0216807 0.0478553
0.0339599 0.012361
0.0192872 0.0635192
0.0386136 0.0313599
0.0227999 0.0299617
0.030758 0.0387858
0.0338242 0.00304602
0.0086775 0.0237931
0.0154189 0.0553831
0.017666 0.0460657
0.0151873 0.0195066
0.00198733 0.0274717
0.0460401 0.0108423
0.0195844 0.0456551
0.0108447 0.0192137
0.0177594 0.0634001
0.0147724 0.0473279
0.0186374 0.0465267
0.0187044 0.0157731
0.0197313 0.0347394
0.033549 0.0065636
0.0165848 0.0323171
0.0319508 0.0343637
0.0122758 0.0057088
0.0330813 0.0637554
0.0131769 0.0663872
0.0354389 0.0606884
0.0380066 0.0654652
0.00764635 0.013663
0.0140209 0.0381009
0.0518741 0.0302992
0.00469396 0.0267236
0.0141702 0.0460896
0.0206108 0.0184479
0.042272 0.0300956
0.0317716 0.0343507
0.0237102 0.0448501
0.0142147 0.0174121
0.00867957 0.0466443
0.0447858 0.0714739
0.00699885 0.0335592
0.00503901 0.0349723
0.0397529 0.0164453
0.0382174 0.0458196
0.00408422 0.0131277
0.0357256 0.0485227
0.0267884 0.0384392
0.0127753 0.0532542
0.0232317 0.0330897
0.0316783 0.053463
0.00944855 0.0368251
0.0218533 0.0406479
0.0236976 0.0507863
0.0383414 0.0245178
0.0322954 0.0359288
0.00334696 0.0226619
0.0069453 0.0181691
0.0261788 0.0682924
0.0375445 0.00957762
0.0291441 0.0409444
0.0494825 0.0305821
0.0124018 0.00566043
0.0256523 0.0133852
0.0207372 0.0473755
0.0161468 0.0275762
0.0325666 0.0153026
0.0201397 0.0292984
0.0158813 0.0700278
0.01498 0.0298095
0.0237345 0.0423909
0.0459366 0.0318747
0.0354238 0.0148354
0.0215403 0.0514241
0.0205694 0.0192762
0.0141758 0.0354289
0.0310642 0.0321091
0.0308758 0.0245999
0.0312861 0.0135993
0.00392829 0.0203899
0.0265036 0.0634318
0.00475989 0.0255987
0.018942 0.0568218
0.0156589 0.0297971
0.0171042 0.0125195
0.0451404 0.0232665
0.033271 0.0109928
0.0273126 0.00469968
0.0248134 0.0112407
0.0449927 0.0372613
0.0360705 0.0138928
0.047157 0.0565479
0.0176508 0.024339
0.0372674 0.0247014
0.0205232 0.0607598
0.0271315 0.0473614
0.0421795 0.0144483
0.0296095 0.0453191
0.0224371 0.00424403
0.0173501 0.00969475
0.0499049 0.049596
0.0140552 0.0323842
0.00983341 0.0320762
0.0436431 0.0332704
0.0276597 0.0380571
0.0230267 0.0257169
0.0113322 0.0165511
0.0256169 0.00780424
0.0178936 0.0144576
0.0142501 0.0217878
0.0314303 0.0400903
0.00875142 0.030013
0.0146082 0.0210887
0.028995 0.0266494
0.0384223 0.028413
0.0348587 0.0282591
0.072333 0.00763963
0.0179434 0.050172
0.0356805 0.0124731
0.0397902 0.0257136
0.0199119 0.0360351
0.0197886 0.0246767
0.00967231 0.0293117
0.0276693 0.0192594
0.0184218 0.0208011
0.020226 0.00608867
0.0551806 0.0175435
0.0121523 0.0555962
0.0244388 0.036635
0.0100272 0.0364699
0.0122824 0.0187832
0.0406544 0.0146507
0.0245605 0.0351395
0.0178398 0.0158219
0.0231591 0.0552527
0.0274165 0.0254911
0.0273703 0.0335527
0.0203011 0.0595519
0.063047 0.0324054
0.0274161 0.00354912
0.0255668 0.0387591
0.0220499 0.05358
0.0395035 0.040996
0.0201459 0.0229979
0.0149188 0.0422629
0.0331636 0.0114941
0.0240471 0.0255821
0.0477649 0.0860892
0.0155034 0.0350535
0.0160873 0.0244285
0.022684 0.0378997
0.0113496 0.0222818
0.0240767 0.0385626
0.0207489 0.033512
0.0151935 0.0570345
0.0292108 0.0594582
0.0161006 0.0205678
0.0232455 0.0271473
0.00552886 0.0563059
0.0278208 0.0261975
0.0172945 0.04095
0.0328644 0.0249452
0.0188954 0.0384364
0.0114744 0.0408997
0.00945147 0.0418713
0.00625889 0.0469199
0.0276836 0.041886
0.029655 0.0434167
0.0334312 0.0100917
0.0263437 0.0240404
0.00851441 0.0561613
0.00688542 0.0219104
0.0218612 0.0499081
0.024897 0.0325264
0.016658 0.0434117
0.0344545 0.0252603
0.0258426 0.0524067
0.00825832 0.0777808
0.0205072 0.0261892
0.0194509 0.0169792
0.0154298 0.0226836
0.0457331 0.00419961
0.00941537 0.0456637
0.0170803 0.0478587
0.0243383 0.0506541
0.016088 0.0303654
0.0563556 0.0199665
0.0200551 0.0441559
0.0421689 0.0304303
0.0217362 0.0508316
0.0253489 0.0032944
0.0546917 0.0102766
0.020698 0.0425319
0.0299097 0.0299015
0.0272967 0.0205331
0.0388457 0.0270707
0.0239542 0.0154447
0.00567326 0.0311497
0.00846904 0.0543679
0.0111493 0.0229456
0.0293793 0.0587679
0.0336418 0.0637106
0.0275468 0.0272571
0.0388741 0.00980124
0.011871 0.0127103
0.00384659 0.0189255
0.00525836 0.0596713
0.00675628 0.00554196
0.0351805 0.0905652
0.029367 0.0311074
0.0273837 0.0514
0.0301457 0.0048743
0.0232208 0.0276145
0.0227771 0.0201995
0.0133516 0.0109708
0.0137086 0.046635
0.0224713 0.0213432
0.000957933 0.0342064
0.0224989 0.0101939
0.0239957 0.0448236
0.0490914 0.0172969
0.00624144 0.0373169
0.0307515 0.0296815
0.0222028 0.0166962
0.0319881 0.0240515
0.0265669 0.00569489
0.0178026 0.0130967
0.0209625 0.0230754
0.0139386 0.0541704
0.0210352 0.0364342
0.0204378 0.0418481
0.0212324 0.0508269
0.0368452 0.0434803
0.0161121 0.0481563
0.0359092 0.0274234
0.0360125 0.0441515
0.0214228 0.0387665
0.0108367 0.0153023
0.00547903 0.0659316
0.0238658 0.00235924
0.00538957 0.0337512
0.0625972 0.0269108
0.0162213 0.0355239
0.0131549 0.0236775
0.0262979 0.0302625
0.0310966 0.0405795
0.00428766 0.0261613
0.00326804 0.0293482
0.0348718 0.0600813
0.0148732 0.0393269
0.0447084 0.0154221
0.0172801 0.0277763
0.0304208 0.035597
0.0031086 0.0530557
0.0253089 0.0530405
0.0150026 0.0297983
0.0353422 0.0202564
0.0113991 0.0292396
0.0179458 0.0084542
0.00888784 0.0144588
0.0504646 0.017586
0.0237864 0.0494242
0.00674773 0.0519616
0.049728 0.0281552
0.0317984 0.0139448
0.0290532 0.0414083
0.0139267 0.0333436
0.0169159 0.0308696
0.0378658 0.00173462
0.0231781 0.0565377
0.0476516 0.0106068
0.0478331 0.0631174
0.0324722 0.023404
0.0340266 0.0135025
0.0300163 0.0387176
0.00885212 0.0516771
0.00879039 0.0579231
0.0161968 0.0588121
0.0174865 0.0492711
0.0302055 0.0220879
0.0203988 0.00892607
0.00931343 0.0743581
0.0161579 0.0224172
0.0441992 0.0293467
0.0101371 0.0577689
0.0019804 0.0569157
0.0254583 0.0123765
0.05353 0.0329072
0.0470769 0.0312608
0.0268592 0.0116539
0.0265359 0.0672326
0.0117076 0.0220057
0.0327952 0.0157179
0.0182325 0.027014
0.0230071 0.0280671
0.0360167 0.00216917
0.00786721 0.0315153
0.0316181 0.0395882
0.0117139 0.0790861
0.0222399 0.0212889
0.0247709 0.0866057
0.0147274 0.0597945
0.0174177 0.0394826
0.0139987 0.0554352
0.0132293 0.0371861
0.0117754 0.0358982
0.00905438 0.0362144
0.0223769 0.0270473
0.0180347 0.018685
0.022396 0.041248
0.0321849 0.0160741
0.0287255 0.0231533
0.027772 0.00624073
0.00209349 0.071948
0.0448359 0.0541892
0.0290721 0.0515388
0.0170562 0.0706237
0.0120178 0.0180866
0.0138506 0.0486252
0.0355804 0.0230821
0.0148137 0.0410614
0.0311413 0.0293935
0.0110205 0.0103665
0.00849726 0.0275854
0.0259976 0.0274556
0.0352526 0.0522719
0.0222396 0.0303084
0.0157434 0.0282206
0.0450829 0.0301181
0.0311777 0.0225654
0.036083 0.0278902
0.0111927 0.0463222
0.0326666 0.0364647
0.0429094 0.0436545
0.022405 0.012996
0.0337931 0.0404457
0.0106492 0.0374943
0.0084797 0.0286731
0.0351998 0.0320304
0.0314351 0.0162466
0.0206436 0.0250809
0.0156929 0.0184
0.0272458 0.026408
0.0186535 0.0143654
0.0245318 0.0138044
0.0223726 0.0152307
0.0227169 0.0317523
0.0300648 0.00442663
0.0213833 0.0419793
0.0220375 0.0445868
0.0361668 0.0277422
0.0477984 0.0178143
0.040598 0.0298763
0.0449193 0.0761864
0.0152595 0.0230819
0.0197003 0.0457786
0.0170762 0.0131254
0.0190948 0.00143513
0.0232633 0.0471812
0.0149782 0.00896814
0.0152653 0.0257422
0.0169152 0.0172287
0.0205251 0.0329337
0.0149044 0.0488962
0.0171218 0.0219957
0.0255855 0.0428529
0.0196246 0.0458935
0.027586 0.0224629
0.0125489 0.0485968
0.0289633 0.0135274
0.0231259 0.0120173
0.022036 0.0353491
0.0179674 0.0402823
0.0304872 0.00562881
0.0163859 0.0562507
0.0116788 0.0491027
0.0087406 0.0246876
0.0240377 0.0143859
0.0351301 0.0189367
0.00837449 0.027445
0.0151288 0.0465683
0.0135083 0.0287624
0.0099011 0.0114646
0.0167878 0.0461032
0.0291114 0.0334297
0.0223023 0.029473
0.00860608 0.0373979
0.0206394 0.0200605
0.0444282 0.0300097
0.0246009 0.0165862
0.0377695 0.0459278
0.0148648 0.0693397
0.0251468 0.037313
0.0144961 0.0426203
0.0121683 0.0703034
0.01031 0.0366337
0.00452199 0.0255129
0.0213107 0.0188387
0.00579208 0.000887251
0.00803006 0.0332179
0.0197137 0.0260215
0.0262837 0.0335137
0.010302 0.0207176
0.0184718 0.0401629
0.0374963 0.00810896
0.0299518 0.0436429
0.0109751 0.0282208
0.0191066 0.0095138
0.0160259 0.0321677
0.012299 0.0218246
0.0343514 0.0368266
0.0328016 0.0320554
0.0205445 0.040669
0.0210771 0.0297043
0.00526898 0.0376072
0.0101421 0.0307563
0.0311822 0.0392994
0.0291583 0.00741868
0.0345918 0.0408271
0.0263581 0.0310533
0.024001 0.0239317
0.0198558 0.0370859
0.0212615 0.0103463
0.0420345 0.0406769
0.0410681 0.0245913
0.017657 0.0455219
0.00425157 0.0324463
0.0296565 0.0695358
0.0146604 0.0187221
0.0199287 0.0165539
0.0432523 0.0251036
0.0102645 0.0132804
0.0127246 0.0584864
0.00125536 0.0303692
0.0277031 0.056495
0.0177279 0.0610285
0.0485907 0.022816
0.00362374 0.0441673
0.0456544 0.0392903
0.0199291 0.0192337
0.0228364 0.0327517
0.030751 0.05726
0.038431 0.0508465
0.0537861 0.0455377
0.0135675 0.0363778
0.010843 0.03947
0.00636713 0.0152763
0.0194317 0.0190691
0.0108815 0.0122464
0.0226382 0.0429053
0.0157682 0.0158314
0.0168568 0.061506
0.0278419 0.0484445
0.0265679 0.0259191
0.0165751 0.0488353
0.0275077 0.0381908
0.0107838 0.0170289
0.0170261 0.0160231
0.0158243 0.00473178
0.0140659 0.0226659
0.0354622 0.033443
0.019245 0.0421568
0.0152697 0.051894
0.0330584 0.0390253
0.0177003 0.0136508
0.00787031 0.0762859
0.0314966 0.0675636
0.0124377 0.041611
0.038453 0.0241881
0.0239788 0.0179629
0.0211912 0.0136634
0.0307067 0.0235841
0.0123556 0.0138383
0.00982816 0.0478384
0.0312334 0.0457063
0.0288673 0.0341488
0.0253483 0.00629291
0.00335215 0.0442298
0.0158801 0.0405813
0.0184941 0.0440609
0.0214279 0.0745715
0.0203352 0.0307995
0.0264164 0.018684
0.0283248 0.00926649
0.0423025 0.0173146
0.012171 0.0133474
0.0147865 0.0217122
0.0298425 0.0484084
0.0065287 0.0319572
0.023975 0.0599898
0.0100504 0.0391498
0.0157389 0.0438374
0.0327505 0.0309052
0.0551837 0.0496925
0.0308874 0.0168049
0.0521813 0.0128338
0.0479463 0.00825141
0.0164261 0.0482286
0.0284356 0.0408455
0.0134398 0.0410606
0.0213095 0.0509583
0.0318953 0.0150234
0.0065655 0.0708546
0.0244764 0.0258573
0.0391452 0.0557957
0.0193569 0.015047
0.0331297 0.0252349
0.0250681 0.0327906
0.0285017 0.0520312
0.0264257 0.0203983
0.0144246 0.0179643
0.035275 0.0159453
0.0188778 0.0379826
0.0249869 0.0564732
0.0320925 0.0107282
0.0517987 0.0540961
0.0374279 0.0126899
0.00611975 0.057612
0.0231624 0.00535544
0.0320429 0.00061903
0.00859392 0.0578047
0.0261097 0.00860924
0.0216644 0.016814
0.00839686 0.0253988
0.0241681 0.0463287
0.0248516 0.00982995
0.00536534 0.0230115
0.0226988 0.0640065
0.016008 0.0207748
0.0128438 0.0484056
0.032141 0.062241
0.0152487 0.0164141
0.0368845 0.00719132
0.0147195 0.0733635
0.0262039 0.0621373
0.044022 0.020563
0.00357298 0.0328383
0.0531758 0.0111572
0.0259774 0.0328496
0.0281263 0.0242553
0.0322716 0.0727065
0.032515 0.0178412
0.0171577 0.00766427
0.0130194 0.0162076
0.0376801 0.0197398
0.0136964 0.0282774
0.0147459 0.0377329
0.0217889 0.0166121
0.0338339 0.0156665
0.0364691 0.0376375
0.00607239 0.042872
0.0278387 0.0330925
0.00834546 0.0241325
0.0378505 0.0274295
0.0125314 0.0591035
0.0536158 0.0409623
0.00850595 0.0316802
0.00431137 0.0179652
0.0354915 0.0502048
0.0251365 0.0523598
0.015189 0.0237927
0.0327408 0.0645567
0.0209775 0.0241071
0.0194962 0.00949748
0.0181331 0.0708459
0.0234412 0.03262
0.0385307 0.0144056
0.00994134 0.0405671
0.0273872 0.0390516
0.0398814 0.0460282
0.0309891 0.0430921
0.0216823 0.0201208
0.0229104 0.0624861
0.0174972 0.0136836
0.0389057 0.039993
0.0181595 0.00997421
0.0521286 0.00512509
0.0201035 0.0595082
0.0453205 0.0222153
0.0321729 0.0340996
0.0174618 0.0219256
0.0300197 0.0033741
0.0384573 0.0441494
0.0160911 0.0630233
0.0328395 0.0649716
0.0285793 0.0465936
0.034109 0.0385956
0.0391497 0.0541178
0.0198408 0.0452631
0.0307203 0.0509572
0.0291295 0.0423751
0.0195514 0.0310368
0.0170655 0.026604
0.028748 0.0208107
0.029393 0.0373965
0.0211312 0.0101229
0.0265621 0.0101004
0.0410223 0.016241
0.0231565 0.0619465
0.024655 0.0381233
0.00456173 0.0568282
0.0291453 0.0238914
0.0194404 0.0234634
0.0458848 0.0695359
0.030955 0.0339879
0.0180992 0.0404076
0.0163098 0.0457009
0.0111032 0.02526
0.0213422 0.0150494
0.0235211 0.0193976
0.0359686 0.0507778
0.0126544 0.0492148
0.0160591 0.0135654
0.011833 0.0374861
0.0291756 0.0303213
0.0271397 0.0138075
0.00942336 0.0263058
0.010232 0.0379516
0.0173867 0.00780671
0.00410828 0.0340525
0.0294489 0.0232954
0.0479666 0.0462875
0.0132659 0.0402307
0.0123769 0.0545962
0.0485266 0.0172033
0.0286209 0.0428316
0.0437391 0.0273103
0.0223758 0.0377955
0.00122041 0.0260155
0.0306981 0.044799
0.0181852 0.0241255
0.0281178 0.0212856
0.0295256 0.0713922
0.0269977 0.0466188
0.0391596 0.0174677
0.031867 0.00324081
0.0166395 0.0400004
0.0373658 0.0452369
0.0388407 0.0145009
0.0113961 0.0541369
0.0012111 0.0480197
0.0172106 0.0230588
0.015827 0.0228393
0.0112017 0.0399786
0.00971712 0.0476719
0.0142928 0.0109737
0.0567163 0.0318139
0.0312942 0.0448956
0.0345111 0.0560053
0.0187341 0.0392103
0.00268069 0.0222395
0.0350417 0.0665234
0.0272969 0.0127125
0.0235736 0.0259755
0.00503714 0.0319142
0.0210894 0.0100779
0.0463 0.015219
0.0159938 0.00600347
0.0189293 0.0178345
0.00658677 0.0481146
0.0255788 0.0256805
0.0232436 0.0283261
0.0333478 0.0174157
0.0315164 0.0160776
0.0246314 0.00863326
0.0406453 0.0376611
0.036049 0.0175874
0.0227724 0.00754969
0.0250727 0.0436909
0.0481146 0.00833402
0.0223985 0.0322921
0.0119507 0.0106046
0.00600342 0.00382359
0.0244697 0.0444516
0.0242283 0.0421214
0.0144859 0.0643393
0.0324436 0.0587425
0.00991885 0.0582375
0.018816 0.0175789
0.014638 0.0640759
0.00777062 0.0217621
0.0150438 0.0420018
0.0567347 0.0454321
0.0148354 0.026104
0.0191905 0.0138256
0.043931 0.0308164
0.0122566 0.0594152
0.0162021 0.0229483
0.0290954 0.0364946
0.0400313 0.031353
0.0340171 0.0247874
0.0199106 0.0510723
0.0464758 0.0430691
0.0175321 0.0497251
0.00719257 0.0350337
0.00620111 0.0599748
0.0307919 0.0707255
0.0356871 0.0345809
0.012212 0.00367156
0.0340521 0.0398064
0.0133166 0.039896
0.0333044 0.0245818
0.0508729 0.0317325
0.0352672 0.0224804
0.0286151 0.0107006
0.0303694 0.071647
0.0276445 0.0125252
0.0421872 0.0433508
0.0226506 0.0207533
0.0243233 0.0286973
0.00862381 0.0107341
0.0129053 0.0179031
0.049934 0.0248578
0.00889416 0.0559651
0.0343283 0.0383858
0.0289017 0.0218953
0.0139698 0.0490768
0.0087625 0.0195225
0.0230598 0.0353502
0.0182463 0.0721838
0.032063 0.0312258
0.0277784 0.0233525
0.00554971 0.0609535
0.017999 0.0489258
0.0134211 0.0296874
0.0269502 0.0159165
0.0392089 0.039312
0.0297196 0.0313033
0.0120229 0.0527779
0.0362033 0.035127
0.0248619 0.0155257
0.00900552 0.013086
0.0449448 0.027332
0.0173145 0.0526971
0.037653 0.0302733
0.040114 0.0331027
0.00809161 0.00517811
0.0209657 0.0634035
0.0247213 0.00875244
0.0176385 0.00870195
0.0129294 0.0392824
0.0321202 0.0350781
0.0250828 0.0300099
0.019649 0.040589
0.0363551 0.0180356
0.0252663 0.0284841
0.0294871 0.0646206
0.0280645 0.0267642
0.0187977 0.0255938
0.0364118 0.0294142
0.0180386 0.0350517
0.0295291 0.0380462
0.018218 0.0126817
0.0208809 0.0214669
0.0196439 0.0374855
0.0384536 0.0264578
0.0143311 0.0444889
0.00688715 0.0276715
0.0322227 0.020142
0.0145647 0.02658
0.0434877 0.0298608
0.0293161 0.0292167
0.0276057 0.039046
0.0486404 0.0461853
0.0218457 0.0323968
0.00376626 0.0306627
0.0294632 0.0306967
0.0419376 0.00909905
0.0176041 0.0154694
0.0360427 0.0365208
0.0214254 0.0213463
0.00528217 0.0126493
0.0430032 0.0500786
0.03873 0.0391009
0.00930757 0.0448229
0.00677147 0.0492675
0.0545783 0.0394254
0.0234629 0.0234774
0.0162812 0.0609807
0.0167698 0.0507104
0.0263949 0.0571715
0.00270397 0.0199992
0.0187081 0.00670803
0.036316 0.0264668
0.0170617 0.0104175
0.028717 0.0518815
0.0194711 0.0345657
0.00902364 0.0410502
0.0144347 0.0296224
0.0175463 0.0188008
0.0110687 0.0471467
0.00974424 0.0214387
0.0272034 0.0302069
0.0585935 0.0473698
0.025888 0.0218463
0.0330497 0.0180744
0.035471 0.0309825
0.0213907 0.0293181
0.0196371 0.041245
0.048658 0.0120803
0.00326294 0.0789263
0.0199066 0.0562516
0.0269451 0.0406502
0.0121499 0.0551467
0.0070051 0.0293075
0.00174147 0.0238936
0.0316032 0.051711
0.0156614 0.0436942
0.00993779 0.0361559
0.013629 0.0238276
0.00415199 0.0302912
0.0118645 0.0255611
0.00722896 0.0517542
0.0136609 0.0262382
0.0318376 0.0211452
0.0306287 0.0367139
0.0409861 0.0304788
0.00837837 0.00850851
0.0250741 0.0202204
0.0281225 0.00758529
0.0344 0.0390964
0.0189715 0.00646509
0.0239993 0.0253435
0.0163193 0.0365049
0.0244204 0.0342301
0.03811 0.0612596
0.0382864 0.0247818
0.0173953 0.0591392
0.0230545 0.0444623
0.0321773 0.0177059
0.0251346 0.0409422
0.0223577 0.0384449
0.0182862 0.0159998
0.0197224 0.0316824
0.0198883 0.033076
0.0470816 0.0383811
0.0167469 0.0507723
0.00964238 0.0105306
0.0249182 0.0483663
0.0257659 0.0419989
0.0217171 0.0754522
0.0326755 0.0106035
0.0164925 0.037403
0.0623373 0.0348786
0.0133509 0.00817942
0.0470985 0.0265655
0.0147473 0.0416471
0.0172157 0.0190365
0.00488059 0.0177801
0.019301 0.0215696
0.0167108 0.0791319
0.0129425 0.0382401
0.0350873 0.00449535
0.0158885 0.0633145
0.014853 0.0122573
0.0357484 0.00378065
0.0160839 0.0464218
0.0120158 0.0242088
0.0186194 0.0191012
0.0129666 0.0371673
0.0117443 0.0413321
0.0266871 0.0165713
0.0154841 0.0462216
0.0112591 0.0798655
0.0235622 0.0156851
0.0703833 0.0420828
0.0222431 0.0597972
0.0285857 0.0118819
0.0145595 0.0157811
0.028976 0.0325047
0.03813 0.038493
0.0367111 0.0189675
0.0354279 0.0415692
0.0117607 0.0567064
0.00533629 0.0346492
0.0269483 0.0322954
0.0301544 0.0278421
0.0279167 0.0525027
0.038679 0.0440627
0.0354061 0.0314601
0.0321454 0.0417014
0.0442931 0.0291993
0.00830025 0.0584655
0.0160846 0.029055
0.00666199 0.0319355
0.0214852 0.0187753
0.0455921 0.0128465
0.0188291 0.0354169
0.00348856 0.0222287
0.0168739 0.0674227
0.0180102 0.0125424
0.01266 0.0175981
0.0206738 0.0460525
0.0130528 0.0576483
0.0101371 0.0314464
0.0279883 0.0293942
0.0146799 0.0164183
0.0166333 0.056069
0.0281833 0.0104292
0.0246896 0.0485126
0.0130988 0.0234525
0.0380023 0.037646
0.0295088 0.0517183
0.0165353 0.0114241
0.024075 0.0680268
0.0340489 0.0407073
0.0352126 0.0424652
0.0165267 0.0703989
0.0242883 0.0133518
0.0123908 0.0373593
0.0107805 0.0480837
0.0114781 0.00622939
0.0171848 0.0649529
0.0428521 0.0221111
0.0251617 0.0395037
0.0100768 0.0455798
0.0119541 0.021633
0.0411583 0.010917
0.00948695 0.034384
0.015133 0.0347563
0.0217537 0.0279023
0.0109348 0.0315012
0.037705 0.0114192
0.00987763 0.0153596
0.038205 0.012718
0.0406181 0.0321954
0.0288674 0.0119666
0.0119318 0.0529134
0.0529988 0.0581114
0.0308466 0.0319727
0.0192456 0.0557567
0.0214939 0.0404479
0.00772163 0.0267206
0.0277163 0.0382804
0.0178198 0.054432
0.00432347 0.0131195
0.0184175 0.0140164
0.0368111 0.0125258
0.0243625 0.0343698
0.028589 0.0255767
0.00357882 0.0129584
0.0239314 0.0154907
0.00771494 0.0296926
0.029908 0.0175654
0.01253 0.0451255
0.0352089 0.0385711
0.0284153 0.0116699
0.0215478 0.0665302
0.015477 0.0116883
0.0361913 0.0429879
0.0309761 0.0040207
0.0376532 0.037691
0.0176881 0.00872573
0.0243561 0.0368188
0.0385557 0.0551205
0.00972371 0.0851447
0.0236542 0.0312109
0.0344757 0.0292241
0.0284327 0.0601644
0.0142989 0.0211339
0.0405504 0.0422898
0.0175223 0.00628241
0.0130574 0.0278599
0.00736343 0.0361201
0.0194868 0.0378062
0.0302442 0.0166228
0.0213182 0.0380077
0.05456 0.0241306
0.035475 0.0278313
0.0154703 0.0102599
0.0140762 0.0209701
0.034172 0.00325036
0.0252696 0.024322
0.0385489 0.0299103
0.00634792 0.07185
0.0397881 0.0524895
0.00620708 0.0252227
0.0398014 0.043323
0.00979296 0.00975234
0.0190922 0.0436373
0.0361221 0.0219878
0.0112014 0.0394115
0.021909 0.0254767
0.0108032 0.0599124
0.0150931 0.0145476
0.0179597 0.011645
0.0226288 0.0309022
0.0189613 0.0439842
0.0474379 0.0310871
0.0173674 0.0162766
0.00966474 0.0491927
0.0285629 0.026189
0.0133913 0.0548648
0.00995589 0.0233518
0.0147273 0.0605785
0.0187883 0.0268833
0.0200432 0.0279211
0.0170302 0.014233
0.0265744 0.0293871
0.0257135 0.0357006
0.0271396 0.0307566
0.0222351 0.0180398
0.0326151 0.0164182
0.049543 0.0222697
0.0164594 0.0521795
0.0205337 0.0184106
0.0172834 0.0527243
0.00356284 0.0149042
0.0190139 0.0328546
0.0281211 0.0445488
0.0129026 0.0143341
0.0442337 0.023555
0.00957782 0.0164794
0.0314112 0.0179659
0.0162074 0.0416574
0.0433775 0.0232351
0.016215 0.028125
0.037159 0.0235145
0.0112827 0.0393965
0.00856958 0.0438655
0.01218 0.00768352
0.0190114 0.0285493
0.019021 0.0298324
0.029349 0.00833747
0.0306156 0.0386367
0.0124408 0.0527728
0.0200032 0.010127
0.0208614 0.0360972
0.0117416 0.0268404
0.0670255 0.0133043
0.0070982 0.0216358
0.014611 0.0353504
0.0392406 0.0523592
0.0179121 0.0983535
0.0272521 0.07038
0.046403 0.0372353
0.0183927 0.0153617
0.0339097 0.02774
0.0188961 0.0438675
0.029966 0.0250909
0.0248754 0.0189681
0.00544293 0.0254249
0.0152748 0.0309532
0.0209776 0.0725715
0.0220236 0.0507426
0.0159274 0.0184977
0.0263603 0.0318785
0.0241897 0.0314679
0.00792412 0.0476656
0.0267826 0.0590608
0.0258262 0.0216492
0.0352521 0.0439021
0.0278407 0.0285388
0.00625111 0.041027
0.0118829 0.00138491
0.0339538 0.0397412
0.0190349 0.0107875
0.0237963 0.0343542
0.0279177 0.0281348
0.0318657 0.0350525
0.0599958 0.0357613
0.0248276 0.0483717
0.0375859 0.0172869
0.0169006 0.0156097
0.0223453 0.0384871
0.0162035 0.0311412
0.0181385 0.0238255
0.0257495 0.0179976
0.0332578 0.0218122
0.0149905 0.0240828
0.027129 0.043605
0.0181758 0.0709077
0.00706667 0.0358892
0.0254902 0.0300072
0.0223198 0.0345935
0.0369396 0.0286508
0.00436345 0.0163501
0.00643446 0.0504591
0.031345 0.0297906
0.0229298 0.0264785
0.045044 0.0627153
0.0184871 0.0152647
0.0442043 0.0725133
0.0133253 0.00386487
0.033607 0.018817
0.0179785 0.0255136
0.0202021 0.039557
0.0347623 0.019612
0.0204631 0.00403151
0.0216028 0.0180091
0.0353656 0.0922734
0.0189261 0.03908
0.0348081 0.0193886
0.0346018 0.0434125
0.0295047 0.0329185
0.0175364 0.0175871
0.0107212 0.0278264
0.0124953 0.0334239
0.0178652 0.00624148
0.0284914 0.0197441
0.0263066 0.0389677
0.0444009 0.0426976
0.0305373 0.00422479
0.035682 0.0035894
0.0212172 0.0164543
0.0207649 0.00390715
0.0209873 0.0221747
0.0175708 0.0178052
0.0405213 0.0321074
0.0147306 0.011002
0.0394943 0.043375
0.0379933 0.0499095
0.0206145 0.0170718
0.0214742 0.00727696
0.0274749 0.0542431
0.0162015 0.0323918
0.00267635 0.0266234
0.0294664 0.034839
0.0357107 0.0531609
0.00580343 0.0297651
0.0140937 0.0176143
0.0209438 0.0276138
0.0273411 0.0409595
0.0455753 0.0163918
0.00887821 0.0292673
0.0180556 0.0403036
0.0191644 0.016056
0.0295897 0.0414457
0.0218734 0.026247
0.0182756 0.0417546
0.0217859 0.0500869
0.0535122 0.054468
0.0195286 0.0360877
0.0332039 0.0252404
0.00997026 0.0565273
0.0212457 0.0305158
0.0334267 0.0261746
0.0224958 0.0162902
0.0191343 0.0253308
0.0238722 0.0242456
0.0335593 0.024996
0.0177443 0.0753409
0.0387958 0.0240691
0.0325599 0.0274422
0.0366304 0.0217678
0.0175079 0.0156832
0.0126471 0.0280442
0.0209305 0.0120109
0.0252196 0.0288471
0.023079 0.0105239
0.00501417 0.0335134
0.0376706 0.0380234
0.0142607 0.0122853
0.0274036 0.0458676
0.0165454 0.0363887
0.0284212 0.0734354
0.0457598 0.0559044
0.0368459 0.0379919
0.0349834 0.0386475
0.0253656 0.0283088
0.0340775 0.00991439
0.0156257 0.0317593
0.0486601 0.0270599
0.0309134 0.0464486
0.0173714 0.0100087
0.0353225 0.00182937
0.0198293 0.0581451
0.025977 0.0529102
0.0111839 0.0393571
0.0388023 0.056792
0.0160141 0.0420682
0.0218462 0.0568284
0.0217406 0.0334809
0.0146693 0.0133865
0.0393866 0.0150133
0.034268 0.00857725
0.0335125 0.0254632
0.0217643 0.0329429
0.021448 0.00924314
0.00981203 0.034752
0.0290241 0.0459776
0.0309077 0.0566984
0.0513217 0.0549087
0.0223529 0.0271745
0.0168101 0.0256903
0.0227876 0.050624
0.0246865 0.00377798
0.0134043 0.039477
0.0294439 0.0234228
0.0208699 0.0313576
0.022237 0.0351256
0.0237953 0.0748117
0.0097515 0.00909635
0.0268026 0.0270786
0.0242547 0.038766
0.0162779 0.0526886
0.0347022 0.0403436
0.0223113 0.0626536
0.0422808 0.0617069
0.0450203 0.0638645
0.025308 0.0520569
0.0246183 0.0263272
0.0295416 0.0117638
0.00462053 0.028746
0.02485 0.0602047
0.0239072 0.0620804
0.0141501 0.00672251
0.0162103 0.0526322
0.00721824 0.0358063
0.0226308 0.0188773
0.0356947 0.0253078
0.0474128 0.0280613
0.00884442 0.0543495
0.0191322 0.0169795
0.0139992 0.0377205
0.0331299 0.00680028
0.0198165 0.00703189
0.0322069 0.0523919
0.0404673 0.0281773
0.030646 0.0843799
0.0093822 0.0247634
0.0367589 0.0351494
0.0172852 0.0185673
0.0173568 0.0235991
0.017323 0.0292043
0.0166529 0.0445573
0.00786952 0.0143008
0.0379353 0.072082
0.00819145 0.000628682
0.0365769 0.019631
0.0198139 0.0259592
0.0012619 0.0229257
0.0228025 0.0158716
0.0321988 0.0104486
0.0283336 0.0197956
0.0305699 0.0581888
0.0141005 0.027854
0.00509743 0.02275
0.0133924 0.0349633
0.0235857 0.0139256
0.017314 0.0237338
0.0405962 0.0609748
0.0168927 0.054458
0.013989 0.0267259
0.0267671 0.0397391
0.012565 0.0684188
0.0140513 0.0507889
0.0378865 0.0253477
0.020055 0.0842649
0.0161044 0.0176879
0.00887407 0.0408205
0.0161021 0.0359215
0.0189958 0.0195258
0.0115883 0.0232944
0.0336669 0.0466827
0.0170687 0.0250668
0.0283396 0.0476837
0.0235797 0.0645302
0.00673268 0.0522022
0.0115291 0.033624
0.0221411 0.0291177
0.0249144 0.042853
0.00247779 0.0226218
0.0390389 0.0298875
0.0423333 0.0530867
0.0294238 0.0244098
0.0207569 0.038682
0.0392786 0.0361175
0.0324095 0.032124
0.0252569 0.0187447
0.0252551 0.0456852
0.0204948 0.035662
0.0198148 0.0402668
0.0231063 0.00611484
0.0385048 0.0247661
0.0295198 0.00263654
0.0165198 0.0429295
0.0338274 0.0117658
0.0387312 0.04011
0.00795646 0.00993512
0.0498723 0.0094551
0.0262654 0.0125079
0.0191051 0.0225668
0.026288 0.040333
0.0108712 0.0121378
0.0167888 0.0193741
0.0500889 0.0250438
0.00836531 0.0447284
0.0300055 0.0591982
0.0388955 0.0435358
0.038809 0.0272017
0.0341386 0.00932842
0.020802 0.0285556
0.0202407 0.0167517
0.0472998 0.0481484
0.0240902 0.0593718
0.0291027 0.0180621
0.0101886 0.0376412
0.0230762 0.036172
0.0228402 0.02442
0.0225217 0.0214882
0.0366758 0.0175821
0.0100741 0.0204312
0.00470499 0.00697968
0.0208917 0.0256721
0.0282551 0.0475631
0.032022 0.0337521
0.0273085 0.0484108
0.0297951 0.020719
0.0317729 0.020587
0.0103168 0.0184624
0.0314012 0.0281154
0.0193189 0.0193798
0.0354647 0.0392838
0.0130075 0.0446546
0.033241 0.0612509
0.0125722 0.019218
0.00964349 0.0523853
0.0249623 0.0569675
0.019891 0.0387733
0.0216091 0.0396696
0.00810401 0.0275856
0.0363441 0.0352024
0.0249829 0.0391788
0.0416985 0.052826
0.00436051 0.0146275
0.00644376 0.0323392
0.020758 0.0283528
0.0364044 0.0233111
0.010126 0.0372398
0.00662234 0.0502715
0.0243289 0.0171241
0.0237046 0.0276987
0.0161188 0.0305932
0.0210923 0.0158358
0.0241825 0.0147172
0.0160563 0.00739246
0.0180215 0.06529
0.00888782 0.0472167
0.0125519 0.0665752
0.0137221 0.0650257
0.036481 0.0380705
0.0289507 0.0049913
0.00422562 0.0333584
0.0131755 0.0382441
0.0292344 0.0702301
0.00829946 0.0443358
0.0526851 0.0301652
0.0206196 0.0117508
0.0191759 0.0184783
0.0410178 0.0418873
0.0382847 0.0429624
0.0260874 0.00756401
0.0316682 0.0474306
0.0285704 0.0580069
0.0127019 0.0166061
0.0164252 0.0406381
0.00535171 0.0448198
0.0145354 0.031455
0.0526852 0.042016
0.00843364 0.052289
0.0172758 0.0545902
0.0323822 0.0361172
0.0502319 0.0438196
0.0279025 0.0312059
0.0144649 0.0454687
0.0101124 0.0382537
0.0521982 0.0253632
0.0256083 0.0273233
0.0599024 0.0237868
0.032101 0.0676781
0.0175482 0.0525301
0.0239795 0.0357169
0.0326965 0.0327414
0.0101151 0.0143141
0.0167111 0.0410503
0.0314287 0.019203
0.0122916 0.0349792
0.0210625 0.0292375
0.0304503 0.0383448
0.0137018 0.058813
0.0233851 0.041371
0.0331602 0.0206024
0.0257371 0.0116627
0.0257747 0.00498731
0.0409656 0.0248604
0.049602 0.0278611
0.0291609 0.046989
0.0176978 0.033626
0.0213134 0.0369409
0.0200673 0.0434667
0.0300632 0.0342443
0.0139188 0.0440351
0.0218128 0.0228223
0.0164492 0.0267829
0.0169165 0.0208524
0.0147803 0.016934
0.0580249 0.0849235
0.0156689 0.00302639
0.051596 0.0294476
0.0149728 0.0256868
0.00165388 0.0293404
0.0334741 0.0159239
0.0198082 0.0676214
0.03216 0.0219799
0.0294297 0.0234894
0.0372903 0.0451248
0.0156244 0.0510852
0.0207483 0.0105564
0.0207822 0.0194884
0.022534 0.0393317
0.00695981 0.0348791
0.0336441 0.0494074
0.0319539 0.0331591
0.022239 0.0469949
0.0193096 0.0218642
0.0325631 0.0428835
0.0194599 0.0453645
0.0137155 0.0190679
0.00563355 0.0464696
0.0178794 0.0392269
0.0172172 0.0601009
0.027354 0.0200538
0.0126415 0.0416238
0.0224514 0.0503025
0.0116459 0.00585579
0.0328792 0.0255437
0.0144429 0.0596223
0.0270228 0.0104428
0.00721664 0.018829
0.0238446 0.0236747
0.014277 0.0470816
0.0148802 0.0357
0.0309762 0.0550288
0.00758742 0.0492295
0.0107137 0.019609
0.00855187 0.0379689
0.0159976 0.0443283
0.0222962 0.0338522
0.0333063 0.0373053
0.00952002 0.0357443
0.0157031 0.0337028
0.042481 0.0117294
0.017965 0.0310184
0.0422731 0.0466729
0.0304582 0.00897383
0.0107531 0.0456934
0.00766985 0.0134499
0.00254223 0.0474968
0.0167091 0.0294524
0.0269735 0.00183247
0.0246059 0.0345821
0.0174652 0.0394971
0.033519 0.0338883
0.0432997 0.0412973
0.0291707 0.0282857
0.0158132 0.0466769
0.0286394 0.0285472
0.0323832 0.0234657
0.00714292 0.0481936
0.0328394 0.0371
0.0265609 0.0468737
0.0206793 0.0600899
0.037316 0.0158183
0.0421326 0.0456118
0.02742 0.0579492
0.0315596 0.0264929
0.0056212 0.00681956
0.0203815 0.0375851
0.0127538 0.0245685
0.013025 0.00800124
0.036549 0.0496131
0.0128292 0.0715465
0.030792 0.048019
0.0308994 0.0227182
0.0352761 0.0245505
0.01468 0.0359452
0.0295502 0.0244022
0.00336231 0.00917773
0.0183321 0.015129
0.0387261 0.0411519
0.0286903 0.0444393
0.0334316 0.0429003
0.0224385 0.0326162
0.0107549 0.0403035
0.0340452 0.0506497
0.010995 0.0168873
0.048791 0.0290815
0.0221069 0.0209622
0.0171016 0.0389196
0.0244483 0.0158534
0.0294876 0.0109064
0.0312743 0.0464151
0.0139731 0.0229089
0.0110142 0.025623
0.0229052 0.0157529
0.00392898 0.0377705
0.0196768 0.0262012
0.0258639 0.00851567
0.0253051 0.02866
0.0282841 0.0255797
0.0314957 0.0345663
0.0264338 0.0354963
0.0520585 0.0312558
0.0332403 0.0448434
0.0326669 0.0238759
0.00597639 0.0570206
0.00763693 0.0111287
0.0471979 0.0280071
0.0310802 0.0261157
0.0227504 0.0298504
0.013691 0.055007
0.0285331 0.0221023
0.022339 0.0317253
0.00409421 0.038322
0.0390085 0.0310742
0.0293224 0.0488314
0.0247732 0.0176831
0.00587154 0.0276444
0.0310199 0.0361238
0.0251168 0.0391267
0.0290323 0.0281422
0.0277671 0.00484683
0.035531 0.0205246
0.0254628 0.0335151
0.0151536 0.0341541
0.00360037 0.0556001
0.028534 0.0789454
0.0439624 0.0111947
0.015454 0.0302637
0.0342227 0.0583776
0.0363919 0.0706708
0.0199574 0.0455024
0.0301906 0.0327518
0.0246962 0.10193
0.037869 0.0244952
0.0207343 0.036845
0.0154482 0.0324445
0.0204288 0.0065758
0.00732578 0.0190501
0.0182688 0.0229991
0.0228187 0.0529857
0.0332897 0.0162659
0.0310061 0.0516528
0.0156909 0.0436705
0.00741516 0.0135016
0.0356592 0.0724511
0.00579074 0.022738
0.0199597 0.01788
0.0240598 0.0497062
0.0301194 0.00849423
0.0140826 0.0181674
0.0186836 0.0119799
0.0189043 0.0235454
0.0435437 0.0184273
0.0209894 0.0183284
0.0296171 0.0317043
0.0252163 0.0584431
0.0394598 0.0287363
0.0247796 0.0149518
0.0123098 0.00890953
0.0256313 0.0480576
0.0244659 0.0356777
0.0331642 0.0304613
0.0182385 0.0211231
0.0449698 0.0251927
0.041719 0.0308492
0.0568811 0.0117638
0.0367757 0.0638705
0.0242681 0.0177797
0.00725892 0.02526
0.00731035 0.0441353
0.0190917 0.0117564
0.0039128 0.0357493
0.0389159 0.0209421
0.00187762 0.0283544
0.0566447 0.0116532
0.0300554 0.0372334
0.0168091 0.0317858
0.0302457 0.0206829
0.0181825 0.0217364
0.0144323 0.0278685
0.0224134 0.0760378
0.0339389 0.0644346
0.0347725 0.0417214
0.0347336 0.0119356
0.0197128 0.0070098
0.0233887 0.0430059
0.0122292 0.0337531
0.0255073 0.0390754
0.0133145 0.041135
0.019341 0.0105197
0.0473124 0.0152831
0.0631547 0.0303299
0.0232902 0.0660689
0.0393492 0.0354495
0.0129039 0.020458
0.0136279 0.00193594
0.0117067 0.0325338
0.0341682 0.0309425
0.0205313 0.0175714
0.0168991 0.0267254
0.0383508 0.0489489
0.0110468 0.0333716
0.00460227 0.00644104
0.00762152 0.0463611
0.0286614 0.0143561
0.0160575 0.0367023
0.0241154 0.0171967
0.0439922 0.0309665
0.0399426 0.0205312
0.00846327 0.0443102
0.0193561 0.0557217
0.0248233 0.0261963
0.0134296 0.0631345
0.0192591 0.0298776
0.0136114 0.0337793
0.0312059 0.0172232
0.0144707 0.0195075
0.018999 0.0217889
0.0436659 0.0376333
0.0121532 0.0495648
0.015281 0.019807
0.0220972 0.055574
0.0233086 0.0228641
0.0111893 0.0173968
0.0222349 0.0450425
0.0222071 0.0617036
0.0245947 0.0248006
0.0132828 0.0260757
0.0199632 0.0383945
0.0125635 0.0558853
0.020276 0.0295135
0.0335777 0.0536746
0.0224204 0.0285173
0.0118449 0.0111051
0.0324684 0.0299212
0.0331742 0.037939
0.030923 0.0372191
0.0278243 0.00293478
0.023353 0.0355038
0.0155347 0.0381727
0.0295583 0.0679552
0.0137635 0.0359964
0.0351971 0.0420047
0.022477 0.0511123
0.0374521 0.0111243
0.0323838 0.0387473
0.0158912 0.016951
0.0308693 0.0164975
0.0398225 0.0363791
0.0448367 0.0330501
0.00348502 0.0169314
0.0159604 0.0113472
0.0333827 0.0257837
0.0133083 0.0377817
0.0112112 0.0589361
0.0483701 0.0156282
0.00742133 0.0128981
0.0333446 0.0332593
0.0348343 0.0119229
0.0379314 0.0357803
0.0228651 0.0639405
0.0094689 0.0129589
0.0251629 0.0380321
0.0446538 0.0688713
0.0168275 0.0866552
0.0154365 0.00952282
0.0337057 0.0322598
0.0254306 0.0612199
0.0113233 0.00723631
0.0478971 0.0296921
0.0267946 0.0369978
0.0203789 0.0224814
0.00256365 0.0118188
0.0215327 0.00144016
0.0308072 0.0550296
0.0211466 0.00695223
0.0361606 0.0452176
0.0265219 0.0219104
0.0171638 0.0781927
0.0129158 0.0231768
0.0413101 0.0444491
0.0128244 0.0348293
0.00768821 0.015355
0.0366019 0.0301471
0.0447448 0.0287019
0.0405421 0.0449057
0.0207088 0.0518979
0.0101753 0.0291035
0.0303992 0.0118791
0.0226731 0.0322425
0.0128534 0.0138907
0.0270573 0.042289
0.0273304 0.00499253
0.00503554 0.0339997
0.00520604 0.0291214
0.0222977 0.0129316
0.0447574 0.0233578
0.0631001 0.0123248
0.00991618 0.0377239
0.0290375 0.020987
0.0359184 0.0507261
0.0110012 0.00892999
0.0114087 0.0399199
0.0217498 0.0278892
0.0501767 0.0379891
0.0252243 0.0603688
0.0135335 0.0224103
0.00684327 0.0398645
0.0198988 0.038407
0.0350643 0.0214162
0.0362174 0.0183971
0.0128924 0.0169835
0.0387479 0.0100807
0.0299989 0.0169105
0.031102 0.00207715
0.0414063 0.0291184
0.0231851 0.0443323
0.0441616 0.00716055
0.0292592 0.0084909
0.0281391 0.0132673
0.0234365 0.0278178
0.0351228 0.0155873
0.0160332 0.0385238
0.0093758 0.0250845
0.00824256 0.0407849
0.0208906 0.037565
0.0229019 0.0273595
0.0149758 0.0136904
0.0119411 0.0296356
0.0297415 0.047355
0.0222216 0.0480192
0.0200172 0.0203848
0.0179219 0.0206177
0.0162979 0.0265471
0.0199228 0.0427288
0.00382244 0.0130802
0.0353665 0.0464601
0.0146469 0.0505392
0.0429075 0.00673861
0.0245324 0.0266211
0.0193095 0.0577384
0.0269561 0.0263305
0.0516754 0.0299729
0.0330009 0.0362489
0.0130377 0.0369341
0.0139254 0.0520561
0.0154819 0.0475799
0.0263226 0.0326915
0.0036194 0.00342762
0.0223273 0.0342366
0.0259232 0.048554
0.0394283 0.0265479
0.0304533 0.0307814
0.027412 0.0135248
0.0345091 0.0317786
0.0231238 0.044468
0.0257547 0.0321422
0.0257862 0.0148645
0.0201544 0.0165101
0.0330277 0.0216567
0.0393872 0.0123857
0.0115246 0.0322807
0.0219466 0.044475
0.0110208 0.0170549
0.0103537 0.00973444
0.0222977 0.018293
0.0280613 0.0263749
0.00887147 0.0289075
0.0178399 0.0510577
0.028681 0.027217
0.00531415 0.0131768
0.0267189 0.0299884
0.028904 0.0326536
0.0200838 0.0297411
0.0404351 0.0195102
0.0219576 0.0060503
0.0266695 0.0183799
0.0167661 0.0276706
0.00836317 0.0327179
0.0267995 0.0049892
0.0239999 0.0208201
0.0212799 0.0152035
0.0233181 0.0674017
0.0337908 0.0027181
0.0403099 0.0313946
0.0374889 0.0348628
0.0463802 0.0246858
0.0195961 0.0247142
0.0274048 0.0343327
0.0171502 0.0113487
0.0277175 0.0149272
0.016987 0.0172248
0.0336566 0.0433489
0.0300493 0.0291242
0.00981948 0.0373228
0.0149823 0.0560158
0.0280203 0.0254716
0.0303738 0.0278407
0.0119791 0.0175373
0.00377822 0.0333488
0.0278784 0.0250468
0.0388958 0.0134333
0.025176 0.0212098
0.0308527 0.0161841
0.0509451 0.0211939
0.0173937 0.0222353
0.0240743 0.0466589
0.0339292 0.015609
0.0303629 0.0389052
0.0272909 0.0448229
0.00220158 0.0461763
0.0277103 0.0510074
0.00804643 0.0260093
0.0125985 0.0588635
0.0194946 0.038894
0.0350957 0.0158299
0.0308711 0.011185
0.0180341 0.0421741
0.0396868 0.0256217
0.0321751 0.0284854
0.0190805 0.0205201
0.0190187 0.0388969
0.0291545 0.0445047
0.00837776 0.0363222
0.0246225 0.0444098
0.00415971 0.0522698
0.00872079 0.0330723
0.0135945 0.0382498
0.011284 0.0222395
0.0218726 0.0211633
0.0242824 0.0334927
0.0311026 0.0360931
0.00348804 0.0204829
0.0291516 0.0560447
0.0383211 0.0169321
0.0269666 0.0592982
0.0244042 0.0223138
0.0242686 0.0158125
0.0482877 0.00914261
0.0363537 0.0269064
0.0139764 0.0156428
0.0230057 0.00921916
0.0117923 0.0250967
0.0195834 0.0445367
0.0180463 0.0492426
0.018885 0.0668128
0.021788 0.022186
0.0202645 0.0397678
0.015192 0.0122932
0.0284039 0.043193
0.0217342 0.0264432
0.0292509 0.0268343
0.0240836 0.0236782
0.0122715 0.0412006
0.0445949 0.0343787
0.0318752 0.0539906
0.0454418 0.0255002
0.0262023 0.0521452
0.0184095 0.0729045
0.0186306 0.0417907
0.0383874 0.0454031
0.0461586 0.0179915
0.0256672 0.0520492
0.0300767 0.0416001
0.0288401 0.00414391
0.0110106 0.0400689
0.00928507 0.0521558
0.00844757 0.0277395
0.0115289 0.028844
0.0315429 0.0308329
0.0169805 0.00294618
0.0212431 0.0244053
0.0205765 0.0216233
0.0274506 0.0409325
0.0349271 0.0361899
0.0125595 0.0127837
0.0556891 0.024551
0.03406 0.0335314
0.0322645 0.0199779
0.0320474 0.0500718
0.0569712 0.0125839
0.0102945 0.040976
0.015472 0.0338541
0.0328627 0.031497
0.00967202 0.0543185
0.0365871 0.0372642
0.0169321 0.0290188
0.0134342 0.0336816
0.0161595 0.0286655
0.052836 0.0225581
0.0365093 0.0528307
0.0158486 0.0203315
0.0284502 0.0336346
0.0081041 0.0432677
0.0227394 0.0710708
0.0376922 0.0269183
0.00801839 0.0558762
0.0121593 0.0162702
0.0158974 0.028364
0.0245937 0.0249202
0.0218541 0.0112436
0.0293407 0.0258981
0.0387688 0.0350087
0.00157002 0.0222495
0.0229845 0.0363695
0.0392295 0.0161048
0.0345382 0.0142365
0.00753753 0.0436027
0.0457214 0.0195042
0.0250846 0.0436927
0.010176 0.0190451
0.00841425 0.0285493
0.010781 0.0540158
0.0159847 0.0246513
0.00970712 0.03013
0.0534322 0.0282154
0.0202141 0.0279785
0.0166886 0.0672953
0.0419021 0.0212586
0.0378838 0.022722
0.0209755 0.0342687
0.0128431 0.0336266
0.010542 0.0387355
0.0047862 0.0446816
0.0120687 0.0451969
0.012123 0.0154886
0.0229474 0.0347127
0.0256743 0.0299458
0.0250228 0.0162533
0.0173452 0.0516205
0.051298 0.0195906
0.00842645 0.0343508
0.0200345 0.033243
0.0277814 0.048278
0.00317166 0.0183486
0.0145132 0.018733
0.0104127 0.0109801
0.0275122 0.0419752
0.0142991 0.0279406
0.0203214 0.0734156
0.0125178 0.027327
0.016069 0.0334925
0.0142836 0.0354191
0.0338983 0.0220761
0.00487798 0.0420204
0.0264481 0.0281393
0.0456654 0.0205326
0.0558256 0.0192065
0.0261164 0.0463838
0.00865111 0.0119228
0.0546254 0.0476167
0.00914487 0.0203592
0.0091449 0.0327511
0.0110951 0.0656113
0.0184802 0.0356371
0.02241 0.0443356
0.0261541 0.0344714
0.0180065 0.0293629
0.00382928 0.0426815
0.016495 0.0481714
0.0297186 0.0275559
0.0318648 0.0443286
0.0147591 0.0544992
0.023681 0.0254497
0.0200002 0.0360163
0.024864 0.0285563
0.0401797 0.0390549
0.0286082 0.0132956
0.0236748 0.0336768
0.0213737 0.0138104
0.0238988 0.0199795
0.0404951 0.030284
0.0153253 0.0515409
0.0182951 0.00765932
0.0283258 0.0186712
0.0231301 0.0506038
0.0165281 0.015548
0.027241 0.021855
0.0269233 0.00235099
0.00791354 0.0324486
0.0448474 0.0589133
0.0367919 0.0431663
0.0210048 0.0221463
0.0143457 0.0408757
0.034985 0.0427045
0.0397827 0.0284108
0.0231429 0.0370531
0.0193179 0.0355662
0.0347473 0.0538361
0.0390199 0.0350225
0.0143717 0.00950473
0.011682 0.00970848
0.00325102 0.0222312
0.0252092 0.0303924
0.0191719 0.0252951
0.0359747 0.0478146
0.0328889 0.0470352
0.00494768 0.0166174
0.0268716 0.00911456
0.00895047 0.0635553
0.0142325 0.0348659
0.0317469 0.0113182
0.017896 0.0704994
0.0322027 0.0517851
0.0272089 0.0229905
0.0377216 0.0113924
0.0203845 0.0164136
0.0123467 0.0164038
0.0160439 0.0378965
0.0332395 0.0324912
0.0203975 0.0497268
0.0128699 0.0184321
0.00953606 0.0706191
0.0253246 0.0134891
0.0215297 0.0223575
0.00746427 0.0341742
0.0429581 0.03448
0.0172949 0.0551526
0.0262876 0.0164852
0.0183885 0.0257535
0.0175981 0.0247936
0.0279205 0.0290451
0.0295661 0.0265201
0.0297718 0.0398662
0.00571464 0.0126722
0.0100103 0.0391451
0.0343158 0.0296718
0.00424578 0.0123007
0.0655252 0.0208852
0.0127668 0.0266147
0.0159977 0.0354348
0.0136184 0.0318165
0.0138716 0.0199309
0.00923834 0.0186291
0.0522883 0.019521
0.0396608 0.0433994
0.0159986 0.0178595
0.0431821 0.0335212
0.0223476 0.0141729
0.0507649 0.0281026
0.015853 0.0352049
0.0321157 0.0310216
0.0361787 0.012313
0.0213628 0.0334906
0.0520913 0.0266178
0.0355107 0.0192921
0.0287151 0.0258082
0.012242 0.0305528
0.0294997 0.033886
0.0317811 0.0344647
0.0310465 0.011001
0.00652028 0.0598408
0.0107667 0.0213175
0.0575397 0.069911
0.0475236 0.0355374
0.0393371 0.0450368
0.0271579 0.0359772
0.00311549 0.0472931
0.029547 0.0208609
0.0306834 0.0505774
0.0263805 0.069632
0.0153124 0.0340852
0.0246825 0.0373952
0.00576056 0.00791704
0.00174001 0.0242932
0.0407217 0.011083
0.00761009 0.0268482
0.0159873 0.0486302
0.00893263 0.0291649
0.00837993 0.033579
0.020652 0.048557
0.00921362 0.0273596
0.0138102 0.022002
0.0102823 0.0230822
0.0245993 0.0481698
0.0292064 0.0263549
0.0193979 0.0259728
0.0292453 0.0105338
0.0148241 0.0240389
0.00546936 0.0216768
0.0299054 0.044988
0.0234976 0.0189361
0.0186388 0.0170617
0.0262127 0.0316789
0.0052691 0.0334223
0.0246186 0.0450429
0.0329174 0.0505285
0.00676218 0.0595641
0.0369267 0.0199336
0.0353842 0.0346486
0.0329265 0.0649487
0.0205991 0.0328825
0.0198657 0.0376626
0.0144493 0.0432934
0.037232 0.0324019
0.0125739 0.0374036
0.0149449 0.0454016
0.00952714 0.0404781
0.0371098 0.0255233
0.0433076 0.0267477
0.0287237 0.0188648
0.0101579 0.0457534
0.0273731 0.0228301
0.0311181 0.0247692
0.0311461 0.0384939
0.0233739 0.0134868
0.00788327 0.0396675
0.0411966 0.0334284
0.0347154 0.0393491
0.00722606 0.0302256
0.0336721 0.0411174
0.027588 0.0161744
0.0581446 0.0103483
0.0386607 0.0426015
0.0317206 0.0233592
0.00670825 0.0412171
0.0205112 0.0132442
0.00371633 0.0339715
0.016996 0.0615571
0.0201119 0.0367725
0.0124777 0.049696
0.022035 0.0326811
0.0255933 0.05096
0.0259041 0.0367404
0.0124909 0.0111216
0.025035 0.0264442
0.0151336 0.0572854
0.0112528 0.0639875
0.00644466 0.0191806
0.0318609 0.0754807
0.0261665 0.0130855
0.0413109 0.0756224
0.0114315 0.0851012
0.0410784 0.0637206
0.0267938 0.0176829
0.0302497 0.0140293
0.0172281 0.050009
0.0169985 0.00879433
0.0259364 0.0353052
0.0426185 0.0292195
0.0161205 0.035432
0.00889741 0.0483335
0.0538192 0.0222061
0.0141757 0.0581426
0.00934455 0.0482795
0.0247112 0.0470705
0.0117206 0.0104217
0.018454 0.0552364
0.0232608 0.0469382
0.0133417 0.0171595
0.0182442 0.0241055
0.0242516 0.029852
0.0553609 0.020325
0.0236306 0.039262
0.0119434 0.0221024
0.00930575 0.0261662
0.0293302 0.084428
0.00120074 0.0688021
0.017911 0.0620304
0.0340437 0.0421789
0.0121479 0.0171562
0.00539282 0.0456714
0.024758 0.0246922
0.0127186 0.0302647
0.0183992 0.031795
0.00973106 0.0313999
0.00314194 0.0381673
0.0196772 0.0135727
0.00635874 0.0332237
0.0120621 0.0163876
0.00684826 0.042791
0.021557 0.0387074
0.0367782 0.0422088
0.0480466 0.00890355
0.0040142 0.0427948
0.0121158 0.0664206
0.0182682 0.0433832
0.0225176 0.012206
0.00353354 0.0238568
0.0115282 0.0389735
0.0397152 0.0114845
0.0301044 0.0541242
0.0289844 0.0128569
0.0129881 0.0354621
0.0343893 0.037192
0.0175298 0.0462309
0.0204781 0.0556093
0.0124624 0.0445326
0.0194582 0.0410817
0.00952417 0.035541
0.0183661 0.0237075
0.0325786 0.0319025
0.0148746 0.0150778
0.0139004 0.0714578
0.0316869 0.0418751
0.0135838 0.0604561
0.0180299 0.0401745
0.0149334 0.0145024
0.00458364 0.065942
0.012534 0.0139912
0.00347777 0.0348687
0.0151497 0.0520848
0.0205644 0.0335687
0.0154196 0.024645
0.0144834 0.0359302
0.0143852 0.0098982
0.00455296 0.0247789
0.0345514 0.039621
0.0309226 0.0307591
0.00879772 0.0107492
0.0442785 0.0446901
0.00850612 0.0333941
0.0356519 0.0239042
0.0248663 0.0556833
0.0118018 0.0303676
0.0521619 0.0169511
0.0233237 0.0112432
0.0173546 0.00872525
0.0573103 0.0380302
0.0209627 0.0468009
0.0192663 0.0448891
0.0155357 0.0424128
0.0194382 0.0247084
0.0226826 0.0117139
0.0119253 0.00660946
0.00529446 0.0439715
0.0631687 0.0308676
0.0335109 0.0595789
0.0139558 0.0197599
0.0214671 0.0218371
0.0221663 0.0344502
0.0217977 0.060414
0.0189016 0.0157371
0.0254939 0.0414824
0.0235146 0.0281064
0.0294432 0.0280821
0.023346 0.0472195
0.0276201 0.0459886
0.0360006 0.0412478
0.0302864 0.0362953
0.0421947 0.0423637
0.019743 0.0263623
0.0439202 0.00988258
0.0426842 0.0343507
0.0122451 0.0357926
0.0155313 0.0204074
0.0125553 0.00899517
0.0103771 0.0312636
0.0257483 0.0580231
0.0274715 0.0431978
0.00826693 0.0177641
0.0190849 0.0557109
0.0255114 0.00983406
0.027698 0.0416189
0.0293373 0.0194178
0.0221049 0.00842569
0.0349932 0.01181
0.0277161 0.000894267
0.0434158 0.0577345
0.0154767 0.0253391
0.0139271 0.0477767
0.0373126 0.0592379
0.00563555 0.0216434
0.020272 0.0391729
0.0268111 0.0499955
0.0245048 0.018226
0.0304166 0.072072
0.00516265 0.0350765
0.0414059 0.0187105
0.0384043 0.00672788
0.0116227 0.0174882
0.00525727 0.0560001
0.0273894 0.0471104
0.0133764 0.0600981
0.0275886 0.038298
0.00368287 0.0435204
0.0086169 0.095489
0.0308836 0.0351223
0.0316663 0.00724555
0.0163213 0.0300852
0.0323883 0.0149396
0.0297345 0.0369959
0.0249672 0.0408733
0.0424049 0.014853
0.0364215 0.0323103
0.0197273 0.035025
0.0262597 0.0308684
0.0135316 0.0505169
0.0272773 0.0294265
0.019966 0.0276355
0.0165922 0.0112461
0.0341286 0.0777628
0.0194599 0.0321644
0.0129733 0.0381926
0.0080558 0.021087
0.023681 0.00511994
0.03383 0.0239352
0.0176172 0.0205115
0.012143 0.0429054
0.022002 0.0633374
0.026729 0.0458263
0.0230967 0.0192706
0.0354853 0.0402305
0.0248553 0.0195404
0.027039 0.0272287
0.0163692 0.0578983
0.0277472 0.0613929
0.0132702 0.069661
0.0356458 0.0430071
0.0304982 0.0366227
0.0290432 0.0256351
0.0156252 0.0364406
0.0206243 0.0770163
0.0191072 0.0220023
0.0153584 0.0651136
0.0262993 0.0154374
0.0149636 0.00675389
0.0191407 0.0167031
0.0395355 0.0489668
0.0446808 0.0486627
0.0299351 0.0495429
0.0261606 0.0588408
0.0143721 0.0447637
0.0343366 0.0202813
0.0338358 0.0679765
0.0158461 0.0719604
0.00862783 0.0287974
0.0110496 0.0567063
0.0200519 0.027613
0.0227262 0.0344321
0.022481 0.0184591
0.0161798 0.0189406
0.00987578 0.0439089
0.0196725 0.0501086
0.0235344 0.0297461
0.0264789 0.0194055
0.0202474 0.0231225
0.0147143 0.0246891
0.013536 0.019057
0.00729547 0.0262828
0.0146776 0.0443537
0.0131204 0.0422258
0.0161359 0.0311377
0.0119434 0.0470609
0.00772621 0.071712
0.00989556 0.0241733
0.00600036 0.0123538
0.0153874 0.0102112
0.0229621 0.0248042
0.0141566 0.0261239
0.0138184 0.0424099
0.0207505 0.0422135
0.0155366 0.00762629
0.0544827 0.0524167
0.00521893 0.0357677
0.0101278 0.0356633
0.0083253 0.0430309
0.00367334 0.00911
0.0324068 0.0129817
0.0189367 0.0568673
0.00577885 0.0183356
0.0302309 0.00901196
0.0219812 0.0180538
0.0244207 0.0776444
0.0354113 0.0405138
0.0428008 0.0236473
0.0312591 0.0163064
0.0240239 0.0302861
0.00311278 0.0308926
0.0268655 0.0161583
0.0380556 0.042506
0.0106422 0.0398499
0.0112778 0.0404374
0.0224794 0.0437166
0.00327813 0.028888
0.0271627 0.0345879
0.0186001 0.0442467
0.0159438 0.0320867
0.0327346 0.0549568
0.00547563 0.0228175
0.0380209 0.00775769
0.0452454 0.0291364
0.0198628 0.0116659
0.00913036 0.015489
0.0185342 0.0132774
0.0194627 0.0495503
0.0226162 0.0321548
0.0297081 0.0529095
0.0266056 0.0153545
0.00570249 0.0183762
0.0333357 0.0330839
0.00279718 0.0115967
0.0233931 0.050926
0.00693038 0.0451182
0.0193554 0.0316801
0.00302315 0.0371172
0.0161869 0.0310605
0.0173239 0.0239544
0.0187455 0.03448
0.0259908 0.0635805
0.0312132 0.0593282
0.00786594 0.00530203
0.0258318 0.00155248
0.032451 0.0224114
0.024169 0.015066
0.0372883 0.0353972
0.030499 0.020641
0.017559 0.0649298
0.0189761 0.0280967
0.0140972 0.058744
0.0334793 0.0178995
0.0389308 0.0223845
0.0265318 0.0381998
0.0209817 0.0688031
0.018457 0.0122619
0.0170013 0.0359767
0.0141582 0.0286623
0.0355411 0.0347808
0.0110635 0.0287728
0.0329918 0.0463502
0.00629732 0.0411133
0.0180433 0.0215821
0.0343279 0.0344745
0.0183448 0.0458153
0.0203779 0.0171574
0.026846 0.0165179
0.0117363 0.059953
0.00580575 0.0235158
0.0048578 0.0851386
0.026834 0.0441476
0.0177309 0.0566989
0.0188675 0.0421708
0.0157064 0.0599813
0.0126813 0.0104254
0.0118064 0.0186089
0.0119042 0.0146407
0.0219985 0.0556926
0.0192277 0.0331314
0.0378364 0.0186079
0.0238088 0.0566016
0.0201131 0.0258034
0.0359407 0.0108283
0.0204621 0.00917893
0.0354115 0.0471457
0.0270662 0.0399478
0.0433361 0.0171144
0.0249397 0.00743897
0.0166538 0.0131767
0.0117693 0.0415938
0.0162148 0.0315383
0.0254245 0.0503267
0.0331513 0.0346207
0.0264915 0.0373127
0.0320921 0.0372605
0.0318579 0.0104791
0.00809917 0.0272764
0.0188258 0.0246993
0.0160355 0.027144
0.0251895 0.0288346
0.0197185 0.0216694
0.00446598 0.0528168
0.0137034 0.0258094
0.0420234 0.0166658
0.0253166 0.047221
0.056731 0.0130413
0.0353206 0.0370229
0.0122313 0.0345373
0.0265427 0.0380625
0.0194106 0.0208287
0.0379931 0.0312213
0.0177886 0.0240212
0.0183806 0.0709351
0.0226219 0.0173179
0.0221994 0.0149825
0.0204205 0.0233516
0.0108741 0.0304792
0.0554851 0.0428935
0.0275657 0.0195024
0.0220892 0.0300007
0.01725 0.033744
0.0137748 0.00831001
0.0222073 0.048656
0.0350703 0.0401713
0.0285167 0.0368042
0.0383871 0.0220686
0.0387202 0.0319332
0.018506 0.0286074
0.0300911 0.031156
0.0154719 0.0228617
0.0108558 0.0206108
0.0161125 0.0766376
0.0196326 0.00717842
0.0143901 0.0288458
0.0189682 0.0417743
0.0166394 0.0262492
0.0191915 0.0332257
0.0335303 0.0266604
0.0201583 0.0427908
0.00958305 0.0653972
0.0187411 0.0142344
0.00468933 0.0212407
0.0231732 0.0273532
0.0267469 0.0174266
0.0289943 0.018282
0.0141856 0.0307965
0.0264528 0.0195029
0.0175253 0.0249399
0.00734695 0.00586083
0.0220042 0.0132404
0.00795773 0.0261306
0.0669226 0.0282191
0.0415298 0.0465975
0.0271191 0.026541
0.00860549 0.0213703
0.022916 0.00296894
0.0279573 0.0494114
0.00635362 0.00895723
0.0302878 0.044797
0.0062597 0.0186696
0.0260988 0.0331316
0.0184067 0.0547868
0.0149246 0.0390204
0.00621388 0.050745
0.0288648 0.0221445
0.0188608 0.0256146
0.0306178 0.0211014
0.00899258 0.0237643
0.047668 0.043173
0.0360567 0.0333518
0.0407342 0.017259
0.0150242 0.0288566
0.0193228 0.036277
0.00411332 0.0410559
0.0160221 0.0363051
0.0374557 0.0417912
0.0114944 0.00526977
0.0156916 0.0483166
0.0132191 0.0291132
0.0367378 0.01527
0.0237325 0.0399117
0.0312812 0.00820721
0.0106308 0.0136221
0.0325515 0.0175806
0.0281109 0.00619991
0.0114129 0.0146678
0.0308038 0.0342524
0.0060313 0.00680798
0.0328523 0.0211878
0.00259794 0.0257902
0.0202249 0.0501223
0.0230001 0.0122232
0.025562 0.0532042
0.0237661 0.0193067
0.0406141 0.0505381
0.0177565 0.0292552
0.0142772 0.0142031
0.0184712 0.0374913
0.0253817 0.0623466
0.0167379 0.0554184
0.0301639 0.0497479
0.0165927 0.0174665
0.0391595 0.0131144
0.0204132 0.0565687
0.0196716 0.0393669
0.0136309 0.0458782
0.0126073 0.0269526
0.0137161 0.00537526
0.0108384 0.0253107
0.0421324 0.0105206
0.0185278 0.0346132
0.0154359 0.0460237
0.0500439 0.0369033
0.0232348 0.0351117
0.0520117 0.0356385
0.0316961 0.0354181
0.0133692 0.0330287
0.0275492 0.0531866
0.0148629 0.0569245
0.0587017 0.0434603
0.0115476 0.0278896
0.0324038 0.0247712
0.0232747 0.0126643
0.0217976 0.0235593
0.0290395 0.0264367
0.0120107 0.0152899
0.0162241 0.0214058
0.0531513 0.058519
0.00572431 0.0502202
0.00898126 0.0280414
0.0141937 0.0430277
0.0193149 0.0127444
0.0255425 0.0295846
0.0231475 0.0570414
0.0218623 0.0119208
0.0245663 0.0185536
0.0216849 0.0349664
0.0259202 0.0470176
0.0114732 0.0227285
0.00826914 0.0338363
0.0108087 0.0216771
0.00497856 0.0551293
0.0120768 0.0231334
0.0174312 0.0391025
0.0315663 0.00455882
0.0185715 0.0345887
0.0363374 0.048894
0.0311062 0.016328
0.0298972 0.018559
0.00913703 0.0150893
0.0412839 0.0554073
0.0167926 0.0376315
0.0173171 0.0406777
0.0214353 0.0407775
0.0114823 0.0249114
0.0309423 0.0409836
0.0318054 0.0219595
0.0328848 0.0411158
0.0173368 0.0632985
0.0142594 0.026879
0.029366 0.0196646
0.0349433 0.0696657
0.0116409 0.0694255
0.0253094 0.0462272
0.00732229 0.0234521
0.0199965 0.0518856
0.0136866 0.0626741
0.0229335 0.00763978
0.0178055 0.0249964
0.0235742 0.022473
0.0133226 0.0226089
0.0233335 0.0150026
0.0348957 0.0217208
0.0297853 0.0349248
0.0326411 0.0438437
0.030278 0.0331953
0.0121876 0.014977
0.0385712 0.0461577
0.0301563 0.0326136
0.0429211 0.0519699
0.0464384 0.0570393
0.0198648 0.0159617
0.0231051 0.0405947
0.0183112 0.048716
0.0433725 0.0400797
0.0264669 0.0307575
0.00796162 0.0457914
0.0211849 0.0433755
0.0190299 0.0562159
0.0149972 0.0147065
0.0242041 0.0329409
0.00463645 0.0376703
0.00546176 0.0282802
0.0182625 0.0370404
0.00238579 0.0147514
0.0396703 0.0318713
0.0140402 0.00974304
0.0196311 0.0301148
0.0185554 0.00740936
0.0172052 0.0106416
0.0262147 0.0174071
0.00588448 0.0166098
0.0107298 0.0383315
0.017721 0.00826514
0.0149396 0.0274956
0.031579 0.0140186
0.00205891 0.0142832
0.0096579 0.0481261
0.0105363 0.0254724
0.027347 0.0557942
0.0136017 0.0341601
0.0294657 0.0218439
0.0243194 0.0398241
0.0383397 0.0496864
0.0489342 0.0311707
0.015497 0.0211092
0.0182114 0.0459717
0.0476314 0.0693222
0.00963678 0.0433542
0.0104714 0.0343983
0.020547 0.0471187
0.00944255 0.00777546
0.0212837 0.0203486
0.0319985 0.0485727
0.0352698 0.0256382
0.0380787 0.0372931
0.00611137 0.0266069
0.0307904 0.0854884
0.0187847 0.0428394
0.0488356 0.0373632
0.00657979 0.0113745
0.0453864 0.0334118
0.0241838 0.00777256
0.0255183 0.052603
0.0218528 0.0246314
0.019589 0.0268793
0.0273683 0.0357527
0.0340064 0.0479646
0.0218535 0.0127756
0.0247066 0.0471673
0.0241426 0.0355682
0.0284681 0.0564598
0.0408233 0.0160946
0.0243406 0.0192191
0.0270151 0.0260269
0.00936093 0.0462581
0.0246818 0.0209196
0.0327345 0.0235086
0.0225028 0.0517392
0.0388941 0.0299712
0.0107794 0.025331
0.00972591 0.0499282
0.0203621 0.0210087
0.0139568 0.0437107
0.0447402 0.00928815
0.0277784 0.0242949
0.0234231 0.0355881
0.0532084 0.0271521
0.00829746 0.0212094
0.0221661 0.0528036
0.0368659 0.047238
0.0165827 0.0160192
0.0338321 0.0239225
0.0232093 0.038409
0.0316002 0.0313846
0.0470204 0.0156419
0.0287407 0.0204227
0.0178635 0.0242691
0.0126272 0.0269573
0.0121308 0.0136888
0.0106159 0.00568154
0.0117518 0.00141205
0.0304096 0.00977049
0.014041 0.0386924
0.0210042 0.0172764
0.0226039 0.03736
0.0163387 0.00756629
0.0216676 0.0353361
0.0131706 0.0424184
0.0172221 0.0392876
0.0406309 0.0304607
0.0166387 0.0319545
0.0166918 0.0353289
0.00851121 0.0394932
0.0170039 0.0383094
0.0125836 0.0296586
0.0146617 0.0215802
0.00560308 0.0296209
0.0183053 0.0398612
0.014503 0.0721341
0.00689264 0.0222786
0.042267 0.0215907
0.033645 0.0653132
0.00806147 0.0224737
0.0187672 0.029027
0.0280349 0.0283477
0.0300427 0.0544859
0.00485145 0.0370721
0.0341231 0.0240412
0.00826893 0.0270697
0.0245952 0.0365572
0.0222532 0.0297269
0.0414373 0.0404576
0.0269509 0.0491002
0.023691 0.0309121
0.0106315 0.0101724
