0.59323648 -0.68149559
1.03791960 -0.74786612
-0.40680230 -2.27679702
-0.09903858 -2.04486466
-0.43333720 -1.79861272
-0.06917986 -1.86468655
-0.09454395 -1.71796808
0.34638152 -1.54754503
-3.20617062 -1.80892251
0.21193730 -1.10329626
-0.20084103 -1.88946458
-0.08536580 -1.50505130
3.11116853 -1.68373831
4.12030385 -0.65803762
-0.83074878 -1.97363807
-0.03617562 -1.25512165
0.68834657 -1.55841404
-0.14679968 -1.90653997
0.54461746 -1.10003355
0.92503057 -1.08143588
1.03816154 -0.70570868
1.02017262 -0.71831291
-0.54066397 -2.05896279
-0.15300801 -1.88406182
-0.55353702 -1.89690241
-0.43681395 -1.80510920
-0.51672059 -1.72626694
0.58021708 -1.21832021
3.87009962 -0.91039510
-0.05475980 -1.71703046
0.47031174 -1.33745623
0.82945638 -0.52523265
0.57802221 -0.90529329
5.14744773 0.45098652
0.20622484 -1.60491137
0.24929161 -1.09555258
-0.18206180 -1.83260512
0.03032784 -1.22435127
0.79664424 -0.90080282
0.51275444 -1.02850940
0.17511025 -1.26633146
0.05637620 -1.49709546
-0.08076025 -1.58172556
0.10518611 -1.53104107
-1.22781632 -2.41220109
-0.30542093 -1.62622581
-0.16311936 -2.05630126
-0.28466952 -1.17616528
-0.90687126 -1.66970837
0.40666255 -0.89613025
-0.36993893 -1.96567704
1.02042145 -0.97427572
0.12706033 -1.49770299
1.23293526 -0.10802998
-0.04183491 1.85641998
0.66292583 -1.10778962
0.41502935 -1.33193946
-0.02425185 -1.17234066
0.02435473 -1.02448113
1.09481809 -0.76603438
0.18792013 -0.84409912
-0.27103921 -1.57105552
-0.36936382 -2.23629152
-0.51897396 -2.04771787
0.06349798 -1.43625254
0.51354968 -0.79940015
0.02751276 -1.33374450
0.88844165 -1.18607661
0.83384394 -0.91939278
1.03150107 -0.38342979
-0.49851176 -1.51585310
1.50376953 0.13589235
1.10703504 -0.25349340
0.92045717 2.44682480
0.64180395 2.00553065
0.39599109 -0.60984890
0.16999404 -1.85404192
-1.09556986 -2.23886324
0.72131954 1.91044225
0.86538425 -1.18206489
-0.03491372 -1.64719380
-0.15174796 -1.53876778
0.07673196 -1.12502045
-0.52940482 -2.05562947
0.15152606 -0.11274967
0.09287428 -1.82128343
0.38618229 -1.05641442
0.87164621 -0.84449666
1.15921133 -0.51621435
0.20839857 -0.96592666
1.33242769 0.17586794
1.53115748 0.06787622
1.66586425 0.24602927
1.74179142 0.06643935
0.47016196 -1.20094236
0.05187276 -1.33758601
0.05926704 -1.19584636
-1.71157974 -0.09927314
-0.39643759 -1.89619920
-0.15312822 -1.64958442
-0.64520112 -2.39928887
-0.64090484 -2.13392638
0.46067571 -0.57107172
-1.38112706 -2.86180772
0.29142475 -1.29740000
0.44231239 -0.74852455
2.20874634 0.35065002
1.40738568 0.05775879
1.28388041 -0.59832615
0.76519573 -0.99696575
1.45156892 -0.21657753
2.06017864 0.23470452
2.58187473 0.89350006
1.57519779 0.14994416
0.72058766 -0.98561168
0.23406433 -1.21907068
1.98088694 0.27700689
0.52175520 -0.91183600
-0.35491703 -1.82544127
0.52682081 -0.98555143
0.24089152 -1.70989657
-0.11480295 -1.25847070
-0.40163610 -2.09742312
-0.95752644 -2.45380382
-0.23235416 -2.21992785
-0.49014436 -1.43260822
0.28579973 -1.26686537
0.87687606 -0.28764932
1.04654843 -0.68166067
0.22152831 -1.55602049
1.35303056 -0.20691016
1.29710931 -0.28092300
1.44562241 -0.33033735
1.87622278 -0.19637230
0.21013486 -1.29954700
0.06856355 -1.18153027
0.50075219 -1.20201887
0.35651811 -1.42282644
0.22039308 -1.41707233
0.17761615 -1.60813230
0.03917056 -1.13428104
-0.09431708 -1.34914897
0.26598002 -1.28576208
0.40172562 -1.23568804
-0.16648373 -2.01593250
0.08671968 -1.44213120
-0.80544906 0.56808926
0.76164516 -0.92967314
0.71185065 -0.81760412
0.59223883 -0.35476472
1.00604505 -0.23001407
0.83972000 -1.06741806
0.29178915 -1.21094858
-0.48331517 -1.74179601
-0.00090558 -1.18585091
0.14692895 -2.40532996
0.56728667 -1.45783945
0.50944650 -1.13448159
-0.01584274 -1.77568602
0.38714317 -1.51425048
0.02170174 -1.89025165
-0.30781205 -1.59957553
0.00136506 -1.78570492
-0.41399078 -1.54003463
-0.12047182 -1.84231852
-0.71577367 -2.23055393
-0.17857716 -1.37417453
0.40981867 -0.77657649
0.99839657 -0.83296568
0.36419612 -1.06392955
-0.03615341 -1.38678489
0.63171981 -1.18568117
-1.12122870 -2.58554004
0.68515730 -0.91487715
-0.41125146 -2.20219657
-0.18014670 -1.59887192
-0.12071244 -1.58905975
-0.32182959 -1.70884856
-0.73470757 -2.32744201
0.05232715 -1.68664007
0.35791915 -1.37936694
0.12230542 -1.08472262
0.32415099 -1.26336508
0.12541534 -1.49478719
0.35992967 -1.52862659
-0.03250448 -1.95400807
-0.15755813 -2.01761894
0.25042856 -1.45015193
0.56227550 -1.10982771
-0.29136229 -2.02035231
0.50786420 -1.18705913
0.49048499 -0.89551958
-0.46698814 -2.29146904
-0.67814175 -2.29551954
-0.20616942 -1.45199850
-0.46113726 -2.08046880
-0.14529380 -2.19322726
0.04348485 -1.77389911
-0.31753580 -1.47059151
0.53045202 -0.99518864
0.75501002 -0.82494007
0.61057354 -1.48586614
0.91539907 -0.60071851
-0.07995504 -1.81634559
-0.04542728 -1.83205512
0.15386563 -1.25728778
-0.25627665 -1.64089589
0.02829930 -1.58251800
-0.25285661 -1.90777279
-0.90407746 -2.35358744
2.76812007 4.78640224
0.44390925 -1.43544888
0.06377074 -1.53059661
0.80527975 -0.98289032
0.10520861 -1.72526407
0.06557337 -1.66867395
-0.19548565 -1.79986168
0.37955529 -1.14478554
0.20779751 -1.55665231
0.03619422 -1.40522443
0.79708215 -1.30228766
0.62428905 -0.77856609
1.62981744 0.00571181
-0.37939364 -1.49664287
-0.18528942 4.11545807
-0.45629754 -2.01676096
-0.54058198 -2.61223737
-0.45893005 -1.98308601
-0.32621046 -2.08236653
-0.73377182 -2.53411948
1.09703664 -0.07191354
0.85682461 -0.41033414
1.19626244 -0.42699502
1.85892476 0.59426841
1.10155651 -0.28806793
0.39847787 -1.12238603
0.69739248 -0.94757499
1.40845222 -0.16125445
0.83896688 -0.55611818
0.57629496 -0.81986596
0.73565072 -0.92188030
0.54313638 -1.21041961
-0.30018794 -1.97066513
-0.36189567 -1.98997470
-0.85689016 -1.73400612
-0.05201391 -1.41218242
-1.04754415 4.27959052
-0.08742049 -1.46265375
-0.19303598 -1.65722948
-0.06815145 -1.78385634
0.25277688 -1.62627681
0.62024490 -0.78106107
2.15006013 0.12759717
1.83057402 0.28644191
-0.69491921 0.79596005
-0.80567674 -2.62831568
-0.90272328 0.70012088
-0.08756429 1.09115854
1.51336055 0.32636531
0.61399298 -1.09197510
0.57581257 -1.03430502
1.09635511 -0.28092408
-0.10875291 -1.33616078
-0.25275355 -1.86781019
-0.23748975 -1.83906736
-0.21778327 -1.71479944
-1.31577637 -2.72702339
0.22470120 -1.65954303
-0.03602725 -1.58721761
-0.23633775 -1.38988318
-0.22233720 -1.88843750
-0.26790013 -1.71828557
0.69793765 2.55422526
2.19319596 0.79440370
2.35409346 3.94029230
-3.23423906 -4.38541103
1.38574796 -0.13669784
1.04358901 -0.42176849
1.47583596 0.05276146
0.44536754 -1.00714080
0.08393837 -1.41312030
0.73549824 -0.38741370
-0.30802876 -1.59630306
-0.52928719 -2.17801279
-0.32668010 -1.31546617
0.20447606 -1.38754988
-1.07068493 -2.63545021
0.47411193 -0.83806535
0.15929228 -1.40522035
-0.10507136 -1.90997710
0.35869532 -1.54440990
-0.06864031 -1.54720677
0.57943917 -0.99633435
1.30103216 -0.35634471
1.03514457 -3.56052991
-3.79886686 -2.22983227
1.12637891 -0.73331613
-0.13946695 -1.62512173
0.07292995 -1.45517939
-0.08750280 -1.92192107
0.74085033 -1.26126543
1.33310976 -0.70511620
0.18627345 -1.40932593
0.37658018 -1.15663003
-0.17298112 -1.50211444
0.13270447 -1.48012620
-0.78534398 -2.64543888
-0.32201923 4.61051263
0.23991553 -1.45635932
-0.02823365 -1.91318952
0.14391107 -1.19635985
1.46447219 -0.30925292
1.02168160 -0.65681496
1.29773713 -0.05391058
0.78319509 -1.07562660
0.54324793 -1.13629869
-0.24582857 -2.00340770
0.36990739 -1.66094633
-0.06061415 -1.95330201
0.55132826 -1.00623238
1.18015585 -0.79470164
0.47950649 -1.08620214
1.14209076 -0.73536831
-0.21652814 -1.69512742
0.34095005 -1.37797107
-0.31704047 -2.17945826
-0.60757769 3.92873864
-0.18391060 -1.61078680
0.07860063 -1.50751457
0.88048892 -0.51734428
0.38056824 -1.01125815
0.89727099 -0.31912149
0.85693133 5.40376664
-0.83697924 -2.41434776
-0.44669207 -2.14958981
1.19082027 -0.80649191
0.38938775 -0.78354836
-0.22021474 -1.47416343
0.04935257 -1.65599256
-0.24198032 -1.81565945
0.82274443 -0.54722358
0.75485139 -1.02340165
-1.14777128 3.97408395
-0.42903363 -1.87377416
0.55717722 -1.28675122
0.28301433 -1.37422162
0.17708213 -1.11493626
0.65514726 -0.88294615
0.03013006 -1.58266164
0.51237774 -1.39221608
0.92215760 -0.80713240
1.31853705 -0.31109627
0.40455766 -0.79747646
-1.48535108 -2.30075025
0.06216813 -1.89240425
0.40338696 -1.22431599
0.68089940 -1.64074746
-0.46290370 -2.01592614
0.78870472 -0.88686695
0.77348112 -0.60328454
0.87153489 -0.99697404
-0.34591935 -1.64183903
-0.66395087 -2.14978974
3.12245026 -1.45090720
-0.00469131 -1.32883198
1.75591064 3.33412140
0.33853227 -1.56628097
3.56924889 -1.82070700
2.80534950 -1.85269068
1.62232389 0.13862651
1.80114206 -0.03109500
0.50596986 -1.30388076
-0.19635498 -1.82358998
-0.02203980 -1.65883411
-0.24719358 -1.30732158
0.45721746 -1.10249790
0.56432062 -0.88388424
0.00667893 -1.57592373
0.09069992 -1.23997175
1.17657240 -0.46887196
0.62022046 -1.25800276
0.36315791 -1.34998854
0.03878034 -1.74831679
-0.50388222 -2.28012501
-0.54053325 -2.29578409
-0.55107051 -2.34921646
0.31385698 -1.58071159
0.89187993 -0.97485505
1.82727013 -2.83160828
1.29738637 -0.41838156
1.16504824 -0.51085541
0.06428784 -1.62568993
0.57163081 -1.57687468
-0.26947298 -1.54127219
-0.46219197 -1.76846928
-0.34143436 -1.90368450
0.43656198 -1.10611477
-0.00016397 -1.95859090
-0.17167862 -1.41483147
0.54402503 -0.93414878
