1.58450202 1.68966070
-0.15331664 1.79703353
0.57028390 1.70280150
0.17206953 1.65110335
0.50054192 2.44954581
0.47745528 2.58822338
0.29289489 1.95581889
0.48031166 2.03242180
0.57785516 -3.29654620
1.44379846 2.46730482
1.19617802 2.10364648
0.34004864 1.99557491
-0.12161348 1.93216551
0.06373062 3.61837226
1.06916250 2.87577784
1.29591985 2.80095804
1.46080727 2.81406845
1.01895076 2.58286329
0.73188919 2.62099449
0.38419295 2.30796737
0.63296098 2.71655576
1.19426055 2.29300365
-0.25275592 2.02438589
1.22895819 2.56349319
1.36675506 2.52901023
0.76250386 1.82905614
-0.30105462 1.16706651
0.28998879 1.63038568
0.48107507 2.18584756
0.50771436 2.40808763
0.58188018 2.18821260
0.04838769 1.68217256
1.56862155 2.51692328
1.08938191 2.72206028
0.73415796 1.78345132
0.48599779 2.25759202
0.32142866 2.00196422
0.22848086 1.99279479
0.83249393 2.25274880
0.60972509 2.16519353
1.27409073 2.62872414
0.95711704 2.98875278
1.06734927 2.85449275
0.28563474 2.16497127
1.29587190 2.16327123
0.96662051 2.32793057
0.96138458 2.49198409
0.98067131 2.38775759
0.85969422 2.47860587
0.78071034 2.08275100
0.44932786 1.62343263
1.22651653 2.32063076
0.72220695 2.14274533
0.09220502 2.36001021
0.12331776 1.66843153
0.53344989 2.58405749
0.75787328 2.72422337
0.20928567 2.13954848
0.41204185 2.07534048
0.54872753 2.58963073
0.64104228 2.18830387
0.61181666 2.54730096
-0.05127163 2.01153842
0.54498150 2.13026125
0.77775217 1.86033391
1.18550215 2.94767500
0.69489492 2.67748885
1.20061697 -3.68096508
1.29099812 -3.14805251
1.27899150 2.02569009
1.05541504 1.85332431
0.60963842 2.11960569
-0.09342276 1.43581046
0.33301363 1.82992589
-0.34255588 0.94261336
0.57631434 1.91330530
0.35888583 1.39988834
0.59913092 2.22182078
0.35208874 1.76667676
0.81850001 2.35578667
0.80902021 2.56049787
0.79397741 2.33399217
0.91167184 2.38784564
0.84250452 1.61347713
1.05908279 2.52263484
0.61214211 1.93921246
0.72432770 2.17418055
0.67360146 2.70966847
0.27175083 1.84533929
1.08534655 2.49863224
1.12913552 2.49709393
2.30688799 2.54973826
1.55933936 3.17915738
0.90311788 2.67613749
0.88409285 2.19792411
0.43995867 2.32232689
-0.01029034 1.61965009
-0.32872598 1.45082156
-0.22397249 1.34416263
0.30727889 2.11297209
0.40482799 -4.14121415
0.19376761 1.88013801
1.56705135 2.75959963
0.40249813 2.79306434
0.46310093 2.44794639
1.40813100 2.63328959
1.95003392 3.09409087
1.45050097 3.60944675
0.89733204 2.72722519
1.21504566 2.59111287
1.61655587 2.84346179
-0.14502367 1.82624814
0.12131000 1.81791588
0.79224651 2.66148353
1.16740801 2.62504201
0.81409330 2.10101556
0.90483478 3.09511369
1.14701375 2.83195599
1.15851665 2.92081420
0.52632001 2.71067262
0.33886324 2.36404000
0.50333411 2.14982012
0.00095255 1.87016215
-0.13896123 1.50623256
-0.20260260 1.07990395
0.06621653 1.55946759
0.74410637 2.07787316
0.54881611 2.28986343
0.58022980 2.48390936
0.70340863 2.28682841
0.94839846 2.94511240
0.68926188 1.95195889
1.36954822 2.31169471
0.64226542 2.18334633
0.75495920 2.07299777
1.19254756 2.90762438
-0.02783369 1.73508377
0.38980951 2.37836680
1.22325427 2.26044817
0.81705299 2.20519609
2.01516721 3.40905694
1.29601063 2.60180497
1.06219855 2.54294272
1.18086350 2.57997438
0.55628523 1.59621870
-0.56030166 1.20227555
-0.69687257 0.96863328
0.40279146 0.92109511
0.13695605 1.53658264
0.13853632 2.84496126
1.49590791 2.37595788
0.65315628 2.52681583
0.35422466 2.21135140
0.36044589 1.92955453
1.01614724 2.48576452
0.38923977 2.40098917
-0.30362769 1.11581423
0.19930527 1.44454476
0.65892163 2.35233153
0.86039590 2.10743926
0.74704595 2.63187016
0.29085566 1.77548987
1.13411571 2.40422142
0.79502204 2.69719166
1.25212038 2.92973036
1.19043772 2.45951057
1.62230137 2.87934864
0.91999425 2.38677767
0.95189130 2.38958706
-0.04699936 1.85709685
-0.64588005 1.15439086
-0.08787814 1.18551873
-0.20907742 1.42235088
0.03152251 2.15902595
0.18329302 2.29605085
0.73154429 2.26749826
1.04328298 2.38723020
0.81313395 2.06619771
0.45354153 2.45159827
0.76316995 1.70814175
0.94396097 2.03471900
0.23170981 1.61301277
0.68928786 2.23290106
0.74639327 2.29952226
1.29782206 2.21079361
0.14766751 2.56113773
0.71501896 2.27391684
0.88930592 2.14291464
0.60429394 2.02332402
1.14837735 2.81011056
1.54161975 2.83974896
0.62412125 1.97034322
1.07024008 2.56379732
0.49374127 2.47134070
0.04145847 2.16301561
0.48563090 1.92134500
0.68551024 1.41943611
-0.58416562 1.23335493
0.26806389 2.23119143
0.54252733 2.00895409
0.48723892 2.04462312
-0.17342037 2.49321307
0.78120391 -4.10497170
0.81793790 1.84472852
1.03450616 2.20886306
0.41269580 2.10298210
0.15230051 1.92826494
0.27566352 2.47160026
0.53910211 2.23444483
0.75980049 2.15893474
0.63679176 2.06406359
0.44420331 2.26910950
-0.15693959 1.84615183
0.71308750 1.92408573
1.11953328 2.28371365
0.82551409 2.59955403
1.06443037 1.91133484
-0.37298848 2.49862510
0.73189823 1.93438640
0.38660106 1.99256611
-0.09387083 1.72247293
-0.18943185 1.38224136
0.67113505 2.15841242
0.22535521 1.71008025
0.51689215 2.43659050
0.06923429 2.14450507
0.33038256 -3.99712067
0.68279276 2.49318093
1.21492548 2.69153692
0.91777469 1.96389326
0.46411598 2.32655441
0.88708620 2.09150622
0.30408074 1.66270714
0.80995562 2.15942978
0.75422183 1.99901418
1.05110834 2.72612306
0.78905903 1.84853134
-0.02455779 1.75307467
0.96179411 2.37211924
1.56697242 3.10180171
-0.24675451 1.37112265
0.29769307 1.71833998
0.39277867 2.31330149
0.30860538 1.91885080
-0.36324997 1.47021492
0.02183553 1.67686141
-0.94643625 1.11900510
-0.62728864 1.59084246
0.39512423 1.92850245
0.62328724 1.82978671
0.37703037 1.90911252
1.19106832 3.02510454
1.48330081 2.66681245
0.96940681 2.24070859
0.84858019 2.29128293
0.51775504 2.20132521
0.56647026 2.02090708
0.48700539 2.46634595
0.94824322 1.77193750
0.42464622 2.61148392
0.24367601 1.85681563
0.88025469 1.40102293
0.35133129 1.95725851
0.54619676 1.98685481
0.29982578 1.76113738
-0.01004977 2.03194886
0.27146037 1.45430116
0.42589221 1.84961530
0.31983878 1.85914358
-0.07995923 1.76715934
-0.33927469 1.49192161
-0.55218205 1.66212809
0.41804294 2.13969739
0.20094745 1.63938773
0.78159259 2.61315106
1.19358368 2.67523421
1.12728205 2.89841986
1.04475048 2.40753468
0.99960000 2.24948784
0.65564426 1.99933481
1.34916414 2.72446645
0.18066337 1.64183482
0.32873955 1.89782973
0.63303392 2.27795007
0.40871352 1.54361524
0.43960891 2.10464563
-0.29808252 1.56451875
-0.50626112 0.88371690
0.12501446 1.14053349
0.17323149 1.35803877
0.12792546 1.87045969
-0.06078037 1.48027925
0.07170493 2.04129655
-1.13453082 1.45584055
-1.05894689 0.25537345
-0.73410085 0.91341302
-0.24182170 1.63150580
-0.54096727 1.73176949
-0.30443746 1.88331661
0.68903902 1.35711922
0.09894973 1.55286114
0.45313483 1.91794576
0.86808268 2.83202685
0.47409757 -4.31726720
1.39055295 2.75746736
0.19838778 1.94595366
0.33119626 2.28112032
-0.24581361 1.62856479
0.55991111 1.79089458
0.24054599 1.69302979
-0.20648264 1.93757251
0.14677577 1.77003951
0.51207105 1.41247041
0.36061214 1.33575623
-0.50716401 1.67827121
-0.22229641 1.56552379
-0.46268403 1.16359801
-0.27235742 0.81055430
-0.66717676 1.13777734
-0.85191045 1.64889863
0.30023216 2.13677794
0.69882307 1.50539614
1.02261733 2.22155371
0.40769415 1.50630619
1.23015037 2.70781641
0.83808128 2.44785886
0.45527712 1.84130927
0.45932925 2.07246748
0.46890645 2.11524627
0.88384739 2.56949469
0.58120984 2.91839173
-0.21365233 1.32358154
0.09543743 1.52380652
0.40591800 1.90731683
0.59418046 1.85273852
0.15760712 1.56291770
-0.24084203 1.56948967
0.42413982 1.98505710
0.10203808 1.76187506
-0.18527311 1.13445351
-1.18456524 0.90462439
-0.28920613 0.76787093
-0.36109891 0.91229633
-0.48287081 1.07900939
-0.11854436 1.72547914
-0.67253988 1.02989918
0.29652037 1.49098585
-0.10675907 1.50420961
0.92604488 2.68496112
1.02344723 3.82023675
0.76192012 2.39071728
0.80226861 2.70692662
0.91526201 2.35339038
1.82095346 3.13057020
1.11726266 2.06905760
0.29968953 1.98307050
0.26018159 1.46838148
0.63055787 2.08366507
0.29171611 1.54958803
0.44243641 1.60493150
0.78735318 2.01928817
0.17814589 1.73174889
-0.55654708 1.52322105
-0.54029626 1.03902579
-1.09517428 0.46555320
0.18484916 1.52521156
-0.27747601 0.99348144
-0.45395091 1.51575512
-0.54133914 0.62205168
0.03635599 1.25249357
0.84779228 1.83677184
0.70450392 2.24094269
0.72564107 1.87392446
0.90448546 3.12653782
1.23550972 2.93371382
0.66172454 2.15469316
1.20217221 2.23278928
1.40516710 2.58233788
1.55929137 2.62372780
0.45458969 2.12590632
0.68406361 2.49762841
0.44214780 1.80954350
-0.03670791 2.07185007
0.31753169 2.39256184
1.22585219 2.45418812
0.44059786 1.54891446
-0.01216554 1.72696703
0.09901050 1.60991563
-0.26926272 0.87538313
0.12927868 1.92440773
-0.49806840 1.39731426
-0.39977943 0.63938463
-0.88150870 1.13234583
0.48322533 1.72080783
0.22629792 1.86728467
0.04034570 2.08350962
0.56125365 2.02490580
1.45702421 2.36996589
1.65636307 2.80898446
0.42235765 2.13492465
1.46113667 2.57601973
0.98241891 1.88380836
1.20075498 2.58802506
0.86882959 2.72347553
1.33447670 3.33212608
0.88266275 2.72293908
1.01365566 2.41575243
1.53686733 2.10064250
-0.18011043 1.79963186
0.81804890 1.76291833
0.25314809 1.87629673
0.18434789 1.75964829
-0.15711613 1.70530884
0.90069303 1.92017430
-0.44174389 1.65312275
-0.14431786 1.11271021
0.84950770 1.75321749
0.35534447 1.74309626
0.49550440 2.30749115
0.26611975 2.16615234
0.12754599 2.59801004
0.03215706 1.83551395
1.54406739 2.80795167
0.41643004 1.71161443
1.32847839 2.77193408
0.72375142 2.14756445
0.82254604 2.47320047
0.82292988 1.70525907
0.87521051 2.60909141
1.26181935 2.96027090
0.97689313 2.66778670
0.80949247 2.15251338
0.24313583 1.74508314
1.09041159 2.91411787
0.72281484 1.99422174
0.22312450 2.12199563
0.37362500 2.04845516
0.46364987 1.85806461
0.19004771 1.62163505
-0.48419386 1.16157437
-0.95024992 2.00417005
-0.10353430 1.80702549
0.30764793 1.62698963
0.59228282 2.36751092
0.37368709 2.09184293
0.35915176 -3.95271820
1.25681065 2.72655856
0.44157726 2.61706745
1.15344739 3.36143709
1.59436513 3.01938176
0.99071424 2.45910445
0.76411537 2.52717684
0.46431783 2.30314326
1.21998865 2.01033319
0.66019827 2.37042299
1.19495251 2.27676490
0.20065209 1.66980531
0.30641345 2.51044004
0.86546074 2.35524563
0.76225654 2.37386603
0.77211810 2.42427619
0.80696096 1.66319232
-0.06649656 1.43297583
-0.16665724 0.96372945
-0.50111442 1.56395277
-0.13990982 1.77805939
0.54866983 2.24654609
0.57933362 2.38138334
0.77877341 2.52960301
0.96033667 2.22979209
1.29668641 2.83679084
1.27437216 2.47647626
0.93827243 2.17291147
0.82345307 2.64069727
0.58504056 2.07166186
0.09907518 1.95833257
0.82540356 2.37663040
0.50997590 1.63854587
0.24255140 2.34030705
-0.08858207 1.50969881
1.39391300 3.11095477
0.78161110 1.88520724
0.59221505 2.51276087
1.18851548 2.88349198
1.03209634 2.78482045
0.29951679 2.15850730
1.02195955 2.56185649
0.77390266 1.91090165
0.02627249 1.63886598
-0.74431976 0.97852537
0.29325448 1.26974494
0.67255881 2.32003131
0.27583172 2.14177594
0.95535226 2.43722373
0.89891237 2.04189529
0.46635830 2.20009204
0.13743039 2.03540474
0.31166013 1.95706963
1.03893211 2.39163971
1.39460508 2.53985633
0.59113554 2.58791009
0.62329493 2.12742484
1.16657069 3.49964077
1.44104828 2.89516306
0.91521150 3.12753754
0.98711397 1.71123651
0.72001624 2.54363066
0.98466574 2.16833368
0.04494015 2.36216609
0.70845437 2.12135638
0.53129802 2.44014710
0.60828247 1.32918847
1.23159797 1.90435953
0.26488188 2.06964343
0.40641413 1.79756333
1.68136208 2.34331831
0.83344462 2.02254570
-0.01522088 1.35563036
0.73655332 2.67378229
0.25907849 2.30312029
0.05935776 2.03947876
-0.04913391 1.81388768
0.98765203 2.13342540
1.59229213 2.34056131
0.24085796 1.91818474
1.03677011 -0.32493458
0.93255147 2.35296468
0.78011833 2.87450975
1.25818186 2.45697778
0.72583495 2.23526198
1.18429621 2.17907023
0.90933073 1.60804926
-0.13004011 2.35424847
0.11630396 2.10335999
0.42068986 1.95497582
0.56774211 2.32521674
0.69707992 2.16116654
1.36984299 2.81577697
0.75269087 2.58351977
1.33989527 2.58555800
0.31785736 1.76164386
-0.40831614 1.07576884
0.17638558 1.72879841
1.25539473 2.47071132
0.83245119 2.23500031
0.92226904 2.46070360
1.69940691 2.56648304
1.12586816 1.84816533
1.62601934 0.66660669
-0.28248178 0.88457789
-0.15918942 1.71350272
0.54495844 1.95704022
1.07299407 2.42187704
0.09742048 1.54986058
0.60798322 1.53499097
0.80555114 2.92657436
-0.39926418 0.37876631
-0.12547001 1.31852296
-0.21993440 1.61954167
0.69967867 1.90123406
0.90058786 2.33146509
0.67679400 2.70304141
0.82829430 2.95002003
0.48550309 2.43012342
1.13782489 2.21553584
0.02629878 1.51763700
1.06088340 2.65788324
1.03908823 2.53086732
1.63153171 2.82655747
1.59626577 3.01042338
0.74440868 2.96105105
0.17401631 2.65862404
0.07719148 2.01835371
0.13376677 2.03863136
0.15233565 1.22802793
1.07430689 3.05872644
