0.899007 0.893325
0.898062 0.90446
0.904424 0.911706
0.89811 0.892122
0.891568 0.904356
0.911575 0.909993
0.922613 0.915511
0.924233 0.917204
0.930236 0.929585
0.892563 0.900889
0.897241 0.898173
0.892117 0.901366
0.902207 0.899354
0.888765 0.88315
0.892324 0.889519
0.909926 0.918838
0.89709 0.894486
0.895465 0.897431
0.87647 0.878317
0.887758 0.88328
0.871134 0.87016
0.876353 0.887625
0.893764 0.888373
0.893914 0.898887
0.877291 0.872692
0.879028 0.879537
0.884878 0.88276
0.898944 0.90076
0.900358 0.898617
0.894323 0.888124
0.90457 0.90117
0.895599 0.902809
0.894476 0.892485
0.891424 0.889721
0.879401 0.885852
0.889991 0.892693
0.89611 0.891671
0.898106 0.887478
0.903114 0.901543
0.904354 0.904347
0.902058 0.903907
0.909487 0.901921
0.930438 0.921867
0.926312 0.922457
0.906405 0.910817
0.914348 0.914089
0.919486 0.912182
0.904244 0.904848
0.917276 0.919925
0.914199 0.914522
0.897874 0.895624
0.909901 0.9157
0.894781 0.894385
0.89424 0.891317
0.87678 0.88177
0.886105 0.886205
0.896108 0.892549
0.878049 0.869326
0.88399 0.884437
0.901352 0.896478
0.863467 0.862431
0.842856 0.858528
0.866327 0.855497
0.844691 0.84223
0.856345 0.863497
0.838476 0.852476
0.849118 0.847612
0.898942 0.894377
0.900818 0.896
0.902667 0.904325
0.890048 0.883662
0.871947 0.876437
0.908833 0.908563
0.890009 0.902974
0.907644 0.909934
0.871945 0.874112
0.868374 0.870288
0.902355 0.89211
0.898474 0.894523
0.919421 0.918187
0.912557 0.914158
0.887407 0.889325
0.901511 0.91371
0.915468 0.917171
0.911447 0.910782
0.906844 0.906876
0.914893 0.921364
0.911416 0.912816
0.894323 0.890743
0.875451 0.875019
0.893922 0.890992
0.867622 0.876612
0.872063 0.872667
0.880891 0.876166
0.869929 0.871224
0.870669 0.866487
0.850448 0.84858
0.847904 0.846709
0.836362 0.835161
0.862903 0.845534
0.836301 0.835923
0.861861 0.87113
0.871735 0.863359
0.903723 0.896174
0.908254 0.905688
0.872109 0.870505
0.856878 0.859523
0.862748 0.86422
0.881708 0.873311
0.893514 0.896036
0.878638 0.880265
0.891373 0.883585
0.901405 0.89675
0.891014 0.90078
0.88084 0.891721
0.891824 0.891928
0.869909 0.879416
0.852794 0.862832
0.879294 0.882463
0.901789 0.899417
0.898414 0.889818
0.900307 0.899164
0.88574 0.887184
0.88834 0.892366
0.879751 0.886186
0.868141 0.868086
0.850361 0.853009
0.854733 0.855892
0.88432 0.878862
0.865547 0.865791
0.857261 0.854583
0.848654 0.839977
0.848061 0.833836
0.827535 0.821514
0.813729 0.812732
0.809107 0.817089
0.821768 0.821382
0.818218 0.813872
0.842799 0.843731
0.855351 0.852028
0.852547 0.85642
0.86495 0.87057
0.853755 0.85354
0.868711 0.872622
0.896442 0.901958
0.878132 0.880038
0.890763 0.895355
0.89013 0.891417
0.902059 0.892914
0.901469 0.903459
0.901926 0.897044
0.902999 0.893959
0.924675 0.920005
0.919702 0.922634
0.903547 0.904585
0.892201 0.893994
0.87234 0.886513
0.889864 0.891771
0.89582 0.886376
0.856521 0.859552
0.877965 0.880273
0.880257 0.880038
0.879908 0.893018
0.88521 0.899915
0.883828 0.878051
0.861531 0.852747
0.868525 0.866108
0.874707 0.867834
0.894519 0.886171
0.884195 0.88914
0.889124 0.882579
0.880642 0.880718
0.86964 0.875863
0.878952 0.883985
0.883706 0.881312
0.884667 0.883167
0.876477 0.877974
0.875512 0.873448
0.893445 0.899909
0.894731 0.901817
0.890979 0.890768
0.899845 0.889466
0.90056 0.897584
0.869971 0.867958
0.859606 0.861227
0.895927 0.895265
0.884911 0.879296
0.900213 0.888966
0.871965 0.876913
0.881717 0.89027
0.888464 0.888596
0.877065 0.876826
0.908783 0.916147
0.920592 0.916931
0.908749 0.911385
0.911473 0.908871
0.918816 0.913043
0.903969 0.896827
0.892022 0.886634
0.900014 0.897653
0.898395 0.905639
0.903594 0.909085
0.889854 0.893787
0.878684 0.882815
0.855988 0.855988
0.878355 0.876713
0.895747 0.89966
0.891243 0.889967
0.895519 0.896662
0.906534 0.911787
0.906961 0.904818
0.899363 0.903245
0.852169 0.855669
0.881785 0.870512
0.878216 0.87967
0.881906 0.874934
0.852305 0.853393
0.859252 0.85921
0.864354 0.865471
0.883897 0.876743
0.884381 0.879711
0.884893 0.87688
0.892006 0.890259
0.882145 0.881049
0.865767 0.870905
0.894114 0.89097
0.879941 0.883478
0.92053 0.912354
0.912336 0.90577
0.904503 0.90486
0.898526 0.909656
0.877774 0.886192
0.916012 0.905983
0.896544 0.896669
0.899719 0.89241
0.887111 0.886067
0.891997 0.883791
0.869246 0.861592
0.871545 0.87293
0.868946 0.867103
0.883918 0.890532
0.886718 0.892601
0.884688 0.884407
0.875578 0.875417
0.886131 0.880152
0.879929 0.881136
0.894236 0.896532
0.888866 0.883024
0.899467 0.896976
0.892078 0.900395
0.90104 0.897402
0.895798 0.898241
0.887664 0.885834
0.900248 0.896817
0.884804 0.891815
0.897856 0.909955
0.895745 0.89609
0.906703 0.898728
0.911279 0.911339
0.900929 0.902271
0.914254 0.909709
0.918243 0.912675
0.906874 0.909099
0.900366 0.890218
0.87721 0.883191
0.87746 0.889463
0.873048 0.875698
0.875478 0.879056
0.868997 0.864707
0.865372 0.870687
0.871979 0.876474
0.86102 0.857757
0.858821 0.854878
0.898365 0.902036
0.861969 0.871976
0.870259 0.860175
0.878419 0.879255
0.900806 0.903462
0.88053 0.879303
0.879702 0.877314
0.884167 0.88127
0.876324 0.891308
0.885569 0.885458
0.904292 0.906113
0.884556 0.88268
0.880955 0.879678
0.87393 0.872452
0.895413 0.891015
0.905107 0.911132
0.900108 0.897
0.863236 0.855355
0.865856 0.869232
0.860046 0.863037
0.859093 0.864623
0.85136 0.852119
0.866818 0.869739
0.872239 0.862034
0.877992 0.874783
0.911062 0.896189
0.899364 0.897695
0.893354 0.89445
0.882906 0.885891
0.870019 0.874187
0.869729 0.864045
0.864042 0.853035
0.894264 0.888152
0.874608 0.872931
0.874525 0.861988
0.850845 0.847364
0.853533 0.857414
0.889803 0.892657
0.892315 0.884129
0.885469 0.89056
0.882518 0.884009
0.867964 0.863421
0.889363 0.883516
0.877861 0.889227
0.854986 0.85443
0.843851 0.84226
0.868652 0.870175
0.850155 0.855508
0.878513 0.868675
0.85366 0.863038
0.867678 0.875931
0.874405 0.875016
0.838382 0.848307
0.861863 0.855489
0.865906 0.864154
0.876554 0.869201
0.859749 0.856774
0.858151 0.861832
0.872565 0.867113
0.88051 0.879996
0.885477 0.885518
0.907935 0.903314
0.901332 0.900654
0.919517 0.923845
0.914286 0.916483
0.917055 0.92336
0.913056 0.923888
0.923933 0.924092
0.912542 0.908296
0.916609 0.912749
0.886641 0.878836
0.88555 0.883337
0.887367 0.889748
0.908617 0.906705
0.903252 0.903858
0.901553 0.900439
0.90042 0.909563
0.876653 0.87462
0.888365 0.894915
0.872794 0.871669
0.88934 0.889029
0.881042 0.881
0.859461 0.861642
0.866001 0.865051
0.850945 0.859477
0.867249 0.863287
0.885496 0.886025
0.884325 0.890925
0.890223 0.896317
0.90707 0.918826
0.894927 0.898066
0.892752 0.893083
0.886765 0.894659
0.880925 0.871518
0.876057 0.874773
0.878563 0.879348
0.842403 0.84703
0.879797 0.871284
0.888888 0.881247
0.886205 0.88901
0.88984 0.885975
0.854951 0.855402
0.85117 0.851157
0.858188 0.862336
0.864174 0.858957
0.859404 0.860064
0.850627 0.856094
0.859854 0.858802
0.840917 0.841387
0.847483 0.851505
0.866791 0.871671
0.876541 0.872946
0.876521 0.885604
0.891256 0.884474
0.903367 0.90048
0.918782 0.914457
0.899776 0.903761
0.908876 0.915164
0.901713 0.906351
0.887175 0.88905
0.870479 0.873198
0.902251 0.903819
0.87603 0.886032
0.891239 0.894861
0.88109 0.877945
0.891473 0.898157
0.891735 0.894007
0.892449 0.899202
0.889294 0.895377
0.907958 0.90308
0.899298 0.901116
0.895382 0.894626
0.907617 0.907082
0.888022 0.889497
0.88487 0.883135
0.907176 0.90616
0.913421 0.905112
0.91298 0.916512
0.926606 0.921239
0.917286 0.918339
0.900082 0.896138
0.903798 0.90354
0.887982 0.894777
0.879615 0.87383
0.868674 0.876078
0.865114 0.873502
0.874434 0.870231
0.861627 0.86312
0.876913 0.87562
0.87931 0.878069
0.895007 0.889874
0.894872 0.90093
0.900754 0.900635
0.900923 0.905665
0.908461 0.907765
0.89956 0.900987
0.878118 0.87574
0.888837 0.896386
0.900396 0.89455
0.903428 0.901078
0.909468 0.911043
0.917439 0.914193
0.913141 0.911554
0.893671 0.89462
0.884847 0.881147
0.873544 0.883853
0.900976 0.904863
0.924435 0.919641
0.902952 0.912046
0.907964 0.913678
0.917368 0.914417
0.915587 0.908631
0.911013 0.917296
0.919337 0.919999
0.920909 0.921504
0.917482 0.91329
0.918391 0.907968
0.908844 0.902955
0.894402 0.893019
0.885153 0.886684
0.858756 0.869197
0.872334 0.870324
0.892226 0.892142
0.918043 0.923235
0.915751 0.903044
0.902739 0.895623
0.917912 0.91853
0.893681 0.892538
0.893899 0.895317
0.883234 0.883069
0.882066 0.884733
0.882186 0.8771
0.880812 0.88575
0.894224 0.889727
0.896862 0.893676
0.90196 0.90804
0.91649 0.909326
0.903124 0.900349
0.895837 0.890774
0.894803 0.895606
0.877723 0.884138
0.904669 0.900028
0.897043 0.885492
0.88265 0.890238
0.885343 0.880222
0.870247 0.876133
0.895726 0.893089
0.899114 0.893392
0.905177 0.896039
0.895031 0.894005
0.876501 0.872187
0.85472 0.850497
0.877937 0.873994
0.861161 0.868218
0.856681 0.857239
0.842559 0.841558
0.854758 0.848742
0.847113 0.859024
0.848408 0.843034
0.851102 0.85073
0.873929 0.87947
0.85744 0.860571
0.870425 0.862911
0.862017 0.877697
0.883228 0.893042
0.883186 0.879825
0.904733 0.907778
0.872225 0.877739
0.867175 0.865535
0.866233 0.872784
0.870491 0.85711
0.896439 0.897206
0.902202 0.906306
0.872517 0.868774
0.876985 0.876035
0.880973 0.873813
0.865784 0.861369
0.857175 0.851043
0.875836 0.874877
0.865577 0.861021
0.883011 0.884769
0.898146 0.898107
0.89649 0.898533
0.896634 0.901728
0.860522 0.86918
0.877411 0.873408
0.874549 0.86923
0.8746 0.879432
0.846446 0.845425
0.857221 0.854637
0.885245 0.884776
0.900936 0.88765
0.912933 0.914227
0.904455 0.899278
0.889276 0.886742
0.897098 0.909159
0.905565 0.901347
0.898228 0.899555
0.903263 0.901466
0.888095 0.888549
0.875233 0.884998
0.878008 0.881407
0.878399 0.879043
0.879829 0.875254
0.871464 0.87452
0.886693 0.892881
0.907915 0.904527
0.893019 0.901679
0.896309 0.907191
0.910497 0.908313
0.917942 0.90989
0.88276 0.873931
0.855713 0.84668
0.887685 0.890342
0.902086 0.902953
0.886704 0.880471
0.898212 0.909945
0.923311 0.922026
0.899548 0.900284
0.907471 0.902854
0.911369 0.902224
0.901651 0.909216
0.921191 0.921149
0.912346 0.910909
0.922026 0.919498
0.910615 0.914539
0.906149 0.910731
0.90667 0.897422
0.920064 0.917022
0.91662 0.912585
0.884609 0.876266
0.879641 0.884365
0.880642 0.881685
0.910752 0.904364
0.892918 0.899533
0.906824 0.905625
0.898667 0.890145
0.883803 0.891103
0.88243 0.890775
0.880377 0.878768
0.86753 0.870529
0.856283 0.856359
0.87468 0.870844
0.87076 0.869698
0.874575 0.878138
0.863932 0.867918
0.860602 0.864831
0.892731 0.888771
0.885624 0.885702
0.872359 0.877325
0.882956 0.880908
0.880907 0.861413
0.896812 0.893247
0.897072 0.89226
0.899897 0.893687
0.912075 0.913918
0.886842 0.887833
0.900242 0.902203
0.924782 0.929077
0.903791 0.898987
0.909854 0.920374
0.91495 0.912615
0.903494 0.902815
0.917041 0.921437
0.914248 0.916267
0.899997 0.906443
0.897158 0.894381
0.90078 0.906779
0.907508 0.902713
0.892716 0.87414
0.89232 0.891472
0.912223 0.914452
0.915783 0.90844
0.893126 0.899114
0.882676 0.877061
0.882311 0.882853
0.889548 0.885188
0.889306 0.887117
0.884576 0.885324
0.885795 0.892485
0.90698 0.905162
0.910852 0.909097
0.895025 0.898386
0.886879 0.886894
0.898632 0.90928
0.886109 0.890214
0.902802 0.90568
0.91655 0.910047
0.902325 0.908981
0.885146 0.896478
0.870244 0.873118
0.884684 0.888455
0.88518 0.889386
0.898232 0.897845
0.880146 0.886476
0.876112 0.877662
0.897258 0.897239
0.905703 0.903534
0.89409 0.897792
0.895982 0.902245
0.901335 0.897084
0.890042 0.885125
0.904632 0.902338
0.911082 0.90923
0.912782 0.907445
0.923634 0.921772
0.90099 0.894963
0.905996 0.892704
0.920633 0.912665
0.906405 0.908226
0.887565 0.88224
0.894035 0.892306
0.884644 0.88376
0.876985 0.887281
0.890183 0.881007
0.896566 0.889335
0.882826 0.88103
0.888344 0.887524
0.887759 0.886128
0.899077 0.903816
0.897728 0.895598
0.881927 0.87811
0.899577 0.89886
0.908749 0.902764
0.916772 0.919682
0.899447 0.899754
0.907372 0.901291
0.906933 0.912687
0.905708 0.90544
0.898391 0.905907
0.924185 0.923712
0.899508 0.902363
0.904486 0.896965
0.899604 0.901465
0.913319 0.913769
0.895867 0.894302
0.903857 0.902932
0.892555 0.891915
0.895517 0.894514
0.893452 0.892344
0.878662 0.874404
0.887695 0.883171
0.891107 0.885755
0.875013 0.88197
0.882559 0.8806
0.84836 0.843133
0.845003 0.850478
0.861586 0.865085
0.882852 0.876012
0.909564 0.910217
0.897699 0.895819
0.898965 0.899114
0.898965 0.900098
0.880307 0.880243
0.887883 0.884387
0.872442 0.869364
0.899199 0.894724
0.883869 0.886605
0.896113 0.891461
0.897513 0.904231
0.897083 0.90584
0.911265 0.911106
0.904735 0.903552
0.900871 0.89544
0.907033 0.910094
0.892118 0.888898
0.8953 0.898841
0.902198 0.905467
0.900242 0.901346
0.897797 0.895867
0.861595 0.871299
0.843232 0.844462
0.847246 0.857283
0.834353 0.834464
0.812223 0.822212
0.784644 0.775108
0.818845 0.821965
0.838248 0.839644
0.856072 0.851977
0.821279 0.817082
0.836251 0.830136
0.851853 0.853124
0.867229 0.871693
0.884549 0.872706
0.884639 0.893682
0.881083 0.884508
0.882844 0.880164
0.873672 0.880354
0.871032 0.873081
0.897346 0.881451
0.88959 0.882917
0.906965 0.914246
0.906821 0.906984
0.901138 0.899642
0.893356 0.889258
0.893266 0.890779
0.896558 0.897282
0.904843 0.905724
0.896511 0.899022
0.890777 0.890722
0.910661 0.913471
0.916876 0.919355
0.911885 0.903118
0.90892 0.918156
0.919409 0.916498
0.911959 0.919745
0.885901 0.903475
0.903229 0.891896
0.902928 0.901085
0.919869 0.925436
0.919267 0.917489
0.917451 0.920256
0.923495 0.922904
0.918159 0.919655
0.922248 0.912481
0.904779 0.907079
0.8911 0.899686
0.914009 0.911456
0.916105 0.908759
0.894948 0.904174
0.917223 0.91052
0.900255 0.895442
0.891 0.898896
0.887992 0.879679
0.88998 0.889399
0.898822 0.89061
0.876044 0.876191
0.90215 0.911845
0.89688 0.903086
0.876341 0.86649
0.899216 0.891718
0.893533 0.900251
0.893272 0.891027
0.901046 0.89749
0.888867 0.89391
0.879971 0.877244
0.882223 0.880791
0.87509 0.887365
0.87916 0.881971
0.905991 0.903346
0.916449 0.914075
0.906294 0.896162
0.91181 0.907256
0.908018 0.907513
0.910239 0.908327
0.912055 0.909302
0.891787 0.887759
0.916105 0.909763
0.911879 0.913834
0.893351 0.89135
0.908333 0.905888
0.906044 0.90714
0.914376 0.909572
0.912529 0.913702
0.906362 0.907363
0.863582 0.86623
0.885363 0.880972
0.860299 0.87583
0.849942 0.857507
0.870461 0.879266
0.872782 0.879438
0.886099 0.888761
0.886296 0.898409
0.886627 0.892919
0.864881 0.861915
0.870889 0.867472
0.839819 0.843994
0.859459 0.846242
0.881636 0.882499
0.895508 0.895166
0.885793 0.883462
0.877742 0.876882
0.859909 0.861449
0.85744 0.864582
0.858727 0.858972
0.880552 0.878337
0.889856 0.880339
0.892226 0.882299
0.871893 0.877467
0.883751 0.883162
0.885198 0.886327
0.879535 0.884952
0.893185 0.906053
0.901856 0.902379
0.880434 0.881022
0.89156 0.885564
0.895125 0.897108
0.87294 0.868159
0.888628 0.88965
0.918586 0.921861
0.918771 0.927884
0.911394 0.909836
0.903629 0.910713
0.882826 0.893242
0.890614 0.882534
0.877378 0.873534
0.878544 0.876767
0.877728 0.871696
0.863323 0.858083
0.887738 0.889674
0.899014 0.901095
0.902641 0.893769
0.899119 0.901717
0.903868 0.899127
0.911853 0.912848
0.898156 0.905071
0.883422 0.898297
0.892523 0.895491
0.878574 0.879144
0.890438 0.884785
0.889026 0.898532
0.902876 0.903308
0.897886 0.889305
0.915668 0.908019
0.900728 0.894981
0.911271 0.913661
0.89255 0.892661
0.911655 0.907122
0.886326 0.88451
0.892211 0.895944
0.886857 0.893615
0.873457 0.866763
0.858786 0.857367
0.871224 0.871613
0.879689 0.885984
0.876127 0.87497
0.873435 0.863664
0.880787 0.887249
0.869774 0.875137
0.887139 0.879205
0.895857 0.888309
0.91706 0.912761
0.914153 0.911272
0.920265 0.912245
0.907884 0.904679
0.911747 0.915466
0.889546 0.899243
0.872806 0.86969
0.878667 0.882174
0.874752 0.867803
0.890744 0.901087
0.869512 0.88409
0.870648 0.870951
0.892639 0.892162
0.892957 0.885377
0.879591 0.875841
0.877666 0.879102
0.887228 0.88633
0.863182 0.875142
0.879173 0.870669
0.870205 0.870083
0.874304 0.877996
0.846822 0.848835
0.822747 0.82962
0.85467 0.85092
0.857848 0.872452
0.862238 0.867033
0.857817 0.872118
0.867415 0.866582
0.86672 0.860492
0.866666 0.866074
0.890281 0.896468
0.905668 0.911583
0.890016 0.886637
0.841811 0.83592
0.857304 0.859286
0.895818 0.895283
0.900468 0.898951
0.89763 0.898044
0.900048 0.903691
0.910271 0.907388
0.884266 0.887647
0.878631 0.877568
0.887728 0.88189
0.857259 0.855015
0.888323 0.889572
0.874703 0.875416
0.888283 0.88454
0.906081 0.908781
0.904843 0.913989
0.8963 0.892492
0.895012 0.884028
0.889756 0.890473
0.890544 0.889561
0.884268 0.887616
0.878743 0.876461
0.885795 0.887216
0.864512 0.869488
0.880671 0.877311
0.88835 0.881432
0.908529 0.907051
0.903733 0.903092
0.908434 0.906081
0.925812 0.917926
0.914896 0.913157
0.905182 0.909809
0.906068 0.912623
0.882465 0.877798
0.882445 0.877096
0.890943 0.887656
0.868495 0.864958
0.877266 0.877814
0.87897 0.882198
0.88066 0.875723
0.870398 0.867426
0.892284 0.892727
0.899496 0.89706
0.88393 0.885624
0.872105 0.876115
0.871863 0.870194
0.865294 0.862775
0.890718 0.884722
0.871308 0.880289
0.875916 0.871658
0.873843 0.87677
0.85524 0.862646
0.865857 0.870735
0.87177 0.874123
0.902749 0.901968
0.908238 0.911475
0.886751 0.880133
0.895089 0.899308
0.899322 0.911274
0.875379 0.87742
0.883053 0.885147
0.843765 0.829644
0.84376 0.858743
0.857863 0.859517
0.874744 0.880073
0.859517 0.864601
0.874973 0.884023
0.89693 0.89041
0.895708 0.900478
0.904365 0.905071
0.916941 0.914427
0.873179 0.877239
0.862713 0.871714
0.892072 0.897304
0.899941 0.895847
0.869771 0.860928
0.849616 0.857961
0.876005 0.876643
0.866609 0.863522
0.87757 0.86632
0.879748 0.888705
0.877968 0.886436
0.858261 0.855059
0.851722 0.870612
0.86969 0.875305
0.853667 0.856738
0.854853 0.850565
0.82092 0.824768
0.854933 0.856757
0.852596 0.851367
0.865474 0.865427
0.836971 0.845371
0.858097 0.867997
0.902348 0.900301
0.892103 0.891124
0.893897 0.896065
0.892825 0.888897
0.894902 0.89021
0.880022 0.888369
0.896025 0.902213
0.879736 0.872025
0.89996 0.898982
0.894732 0.903632
0.883029 0.888895
0.915785 0.914008
0.917032 0.919148
0.912327 0.909499
0.884362 0.8813
0.904791 0.891666
0.888415 0.893069
0.857468 0.859464
0.871925 0.874794
0.88278 0.870375
0.862465 0.859504
0.822489 0.818541
0.849918 0.851887
0.875169 0.876127
0.874896 0.869624
0.844159 0.854797
0.880803 0.880355
0.888692 0.885428
0.898021 0.892397
0.892827 0.89543
0.890576 0.896761
0.902524 0.89798
0.897255 0.891371
0.895941 0.904674
0.891632 0.887801
0.907356 0.907159
0.900669 0.900991
0.923369 0.9215
0.910012 0.911365
0.915885 0.911281
0.92304 0.926813
0.911893 0.906136
0.88659 0.887024
0.883567 0.892065
0.90368 0.904171
0.893513 0.893988
0.875452 0.880173
0.904842 0.910646
0.894182 0.894785
0.907669 0.910005
0.874363 0.883154
0.876466 0.873754
0.860781 0.855202
0.876066 0.877685
0.895033 0.892152
0.864136 0.857114
0.842199 0.834526
0.813992 0.812343
0.845853 0.840377
0.868746 0.87214
0.854601 0.850019
0.863412 0.864948
0.888761 0.886268
0.894083 0.895379
0.884833 0.889067
0.865024 0.855329
0.881242 0.883992
0.864098 0.875441
0.879874 0.886018
0.878265 0.87072
0.901043 0.897949
0.895671 0.892815
0.895588 0.890413
0.892016 0.903075
0.915466 0.913582
0.908889 0.898797
0.894719 0.890677
0.900494 0.904676
0.898635 0.894855
0.909698 0.908441
0.891095 0.892055
0.919057 0.923634
0.909095 0.901664
0.908708 0.909082
0.907403 0.911719
0.896619 0.890466
0.87934 0.883243
0.893284 0.887964
0.887262 0.882326
0.887622 0.887937
0.907519 0.908356
0.925431 0.925053
0.919169 0.909984
0.898549 0.900646
0.893507 0.888306
0.902682 0.899971
0.897982 0.898608
0.895067 0.899803
0.890865 0.886283
0.88924 0.899438
0.894162 0.89381
0.88228 0.874592
0.87435 0.872071
0.85174 0.844802
0.856445 0.870551
0.860284 0.861154
0.879556 0.876676
0.89648 0.904222
0.889235 0.890222
0.893659 0.90155
0.867312 0.870948
0.884394 0.878052
0.882006 0.890331
0.905064 0.903051
0.909318 0.908234
0.910408 0.906992
0.911172 0.908036
0.889715 0.890049
0.894847 0.909732
0.895511 0.896854
0.90927 0.899456
0.882622 0.889391
0.875562 0.879328
0.887606 0.882833
0.858392 0.855751
0.864097 0.869014
0.866414 0.868389
0.871084 0.864415
0.854826 0.856765
0.849302 0.858533
0.844109 0.848832
0.870542 0.87019
0.866691 0.868461
0.867325 0.882565
0.890561 0.887856
0.891735 0.878283
0.893568 0.890795
0.883114 0.886129
0.866285 0.860377
0.891671 0.887098
0.914859 0.915095
0.926316 0.929812
0.913217 0.90496
0.893038 0.912129
0.896549 0.888221
0.837288 0.832736
0.843976 0.841903
0.853474 0.850033
0.875011 0.881381
0.901135 0.907225
0.905267 0.902633
0.915263 0.91049
0.917011 0.909855
0.899648 0.903379
0.899863 0.898596
0.901678 0.900425
0.905859 0.904355
0.885716 0.890149
0.863892 0.871791
0.877959 0.873265
0.867975 0.866409
0.864468 0.869689
0.8683 0.870488
0.850579 0.857428
0.849565 0.853815
0.842277 0.852862
0.84715 0.849697
0.853323 0.848416
0.844947 0.836315
0.848494 0.854859
0.868716 0.870682
0.900236 0.890071
0.907878 0.904365
0.916336 0.906831
0.905119 0.908965
0.910842 0.890898
0.908114 0.902846
0.897519 0.901888
0.885314 0.890487
0.898373 0.892581
0.897434 0.894021
0.892237 0.898667
0.892596 0.903269
0.895243 0.893678
0.908359 0.903005
0.909238 0.90625
0.903932 0.89758
0.869662 0.866711
0.867816 0.853397
0.867631 0.863126
0.880539 0.877432
0.88901 0.885555
0.88974 0.886448
0.912985 0.917938
0.898319 0.898839
0.905807 0.903463
0.894657 0.894139
0.879083 0.873082
0.868604 0.86744
0.896319 0.888383
0.886365 0.886326
0.901724 0.899346
0.918296 0.916304
0.890335 0.888752
0.902255 0.899743
0.909991 0.905687
0.895743 0.894469
0.876357 0.883661
0.880373 0.871149
0.847523 0.855862
0.82451 0.822367
0.850454 0.846275
0.865059 0.873381
0.855473 0.853156
0.860181 0.855904
0.870376 0.874828
0.87673 0.877054
0.893527 0.889996
0.888913 0.888671
0.879081 0.877091
0.890494 0.893951
0.870774 0.862368
0.897078 0.894888
0.888113 0.882163
0.891498 0.892271
0.887825 0.882852
0.889205 0.881497
0.890427 0.885675
0.89687 0.898462
0.910412 0.912154
0.905436 0.903328
0.900482 0.892834
0.893002 0.90535
0.897956 0.899243
0.857527 0.863946
0.890053 0.886606
0.887273 0.885037
0.899904 0.897418
0.897539 0.884233
0.896767 0.894849
0.895387 0.89126
0.915104 0.911075
0.908301 0.911198
0.900947 0.898492
0.888676 0.888699
0.884652 0.889084
0.890788 0.88767
0.887688 0.885323
0.905126 0.904534
0.896444 0.901046
0.890447 0.892269
0.910182 0.914224
0.92688 0.918209
0.914442 0.91652
0.906066 0.905065
0.895988 0.898935
0.885341 0.88909
0.874393 0.872658
0.872962 0.867234
0.887499 0.900167
0.880305 0.893315
0.895419 0.904723
0.887346 0.887005
0.888208 0.885344
0.910992 0.910337
0.906468 0.904897
0.90588 0.910085
0.897336 0.887561
0.879613 0.891231
0.894577 0.887893
0.8693 0.865189
0.880411 0.872739
0.877326 0.883843
0.865161 0.873328
0.861655 0.862067
0.876774 0.871437
0.901269 0.896828
0.906364 0.903439
0.892972 0.89519
0.89547 0.890451
0.884099 0.889552
0.880964 0.876222
0.888715 0.878576
0.891013 0.879676
0.898986 0.892852
0.884248 0.885118
0.892581 0.90269
0.863554 0.870151
0.870061 0.866876
0.87425 0.877519
0.902061 0.898632
0.884579 0.878605
0.877024 0.869996
0.871879 0.872748
0.888762 0.884347
0.912759 0.913434
0.888331 0.874507
0.907669 0.910443
0.901104 0.894898
0.892295 0.89295
0.898988 0.900796
0.866159 0.871801
0.896456 0.897
0.899257 0.886526
0.88345 0.875125
0.881305 0.882134
0.871624 0.869586
0.904127 0.889413
0.900286 0.891856
0.894988 0.888874
0.902015 0.901067
0.883145 0.890175
0.888844 0.89409
0.874528 0.884349
0.897493 0.898245
0.882705 0.88695
0.886547 0.888742
0.880064 0.873072
0.896537 0.87927
0.87445 0.862157
0.874653 0.867907
0.867087 0.861364
0.894948 0.895287
0.89665 0.882562
0.885833 0.876058
0.875617 0.871311
0.887682 0.880293
0.901462 0.893962
0.887843 0.884629
0.881803 0.874978
0.889322 0.884682
0.886278 0.883501
0.901889 0.899897
0.886532 0.882029
0.881197 0.888282
0.889307 0.894337
0.891633 0.884772
0.888226 0.891269
0.894648 0.895157
0.88529 0.872743
0.887119 0.896274
0.890316 0.891235
0.884421 0.888028
0.876606 0.874126
0.906711 0.892708
0.906663 0.902703
0.904122 0.90014
0.891526 0.892232
0.902418 0.89497
0.914878 0.919903
0.905911 0.905656
0.891014 0.892743
0.897172 0.892665
0.915198 0.905409
0.902518 0.905549
0.898337 0.904927
0.907973 0.90681
0.900669 0.90133
0.889903 0.885256
0.882977 0.884357
0.903 0.894862
0.880052 0.879492
0.881852 0.87715
0.866294 0.868801
0.859145 0.863605
0.850646 0.858002
0.857411 0.859819
0.882357 0.875739
0.887916 0.894536
0.879011 0.87634
0.889049 0.90407
0.895916 0.898493
0.894862 0.893581
0.904511 0.90034
0.894865 0.897312
0.882903 0.890685
0.881059 0.874159
0.877613 0.874022
0.899014 0.89425
0.902575 0.898687
0.906516 0.898104
0.911021 0.911488
0.911469 0.911928
0.88739 0.881083
0.909031 0.900268
0.894088 0.891554
0.900074 0.906053
0.884785 0.882022
0.884122 0.891028
0.898942 0.895052
0.892334 0.891393
0.889042 0.89373
0.902841 0.898906
0.907842 0.905919
0.897795 0.900321
0.902456 0.901193
0.91711 0.915711
0.896213 0.890789
0.890248 0.882228
0.873638 0.872733
0.896406 0.897039
0.904338 0.90977
0.911068 0.913668
0.913344 0.919445
0.905413 0.909845
0.912707 0.908135
0.913985 0.912584
0.914071 0.914639
0.900713 0.903707
0.894439 0.887658
0.886644 0.885812
0.902043 0.902152
0.902623 0.892533
0.876117 0.871634
0.873761 0.884075
0.892458 0.889668
0.869103 0.871412
0.851743 0.850428
0.853043 0.866742
0.83593 0.837464
0.857563 0.863444
0.875494 0.877099
0.881908 0.882754
0.909427 0.910429
0.901026 0.895925
0.892 0.882888
0.895822 0.896083
0.894457 0.886889
0.901304 0.900694
0.892189 0.888657
0.885481 0.878815
0.876458 0.879589
0.901262 0.904214
0.869332 0.868974
0.886115 0.893195
0.908269 0.907126
0.88907 0.890374
0.891325 0.888174
0.896347 0.894693
0.87487 0.871935
0.901881 0.907454
0.897715 0.901969
0.914076 0.909272
0.886919 0.893814
0.882368 0.885034
0.885709 0.894012
0.886106 0.893684
0.885473 0.892647
0.878792 0.871817
0.883475 0.883432
0.910797 0.910378
0.894102 0.890707
0.87769 0.882021
0.879841 0.882574
0.869123 0.880231
0.862741 0.865912
0.868062 0.870345
0.882859 0.880119
0.900561 0.907119
0.887176 0.886185
0.897396 0.896447
0.903218 0.902601
0.903191 0.901944
0.897988 0.896882
0.895323 0.895877
0.895718 0.895482
0.885786 0.88002
0.892072 0.893324
0.897652 0.8992
0.902962 0.904623
0.897002 0.895628
0.891372 0.884844
0.89395 0.894878
0.879483 0.874233
0.874759 0.87768
0.87052 0.863997
0.88125 0.881923
0.891129 0.889956
0.900139 0.901463
0.90017 0.907778
0.902288 0.90128
0.87425 0.881817
0.888284 0.881689
0.873766 0.868015
0.863999 0.868099
0.884314 0.88007
0.884661 0.876861
0.871707 0.868585
0.898667 0.895742
0.909841 0.909172
0.897545 0.888943
0.875182 0.88426
0.888327 0.883038
0.867264 0.868812
0.887084 0.887374
0.886428 0.893258
0.886135 0.889504
0.878986 0.876055
0.890149 0.887684
0.881847 0.882048
0.879486 0.883281
0.86687 0.858606
0.868479 0.862168
0.862452 0.864034
0.863439 0.869976
0.873431 0.870494
0.860831 0.862216
0.845395 0.842632
0.802844 0.808334
0.83171 0.845392
0.877131 0.873877
0.857633 0.842681
0.860894 0.859903
0.845652 0.852799
0.87235 0.869406
0.881419 0.879701
0.863279 0.865766
0.86366 0.857055
0.886479 0.882717
0.880679 0.88307
0.885941 0.899461
0.885807 0.887969
0.885113 0.88229
0.894838 0.900938
0.901913 0.901431
0.883466 0.879126
0.90043 0.900461
0.890387 0.888811
0.91075 0.921918
0.895605 0.895488
0.896677 0.899723
0.904163 0.903622
0.914974 0.917181
0.920888 0.92194
0.920015 0.923024
0.888299 0.884839
0.880322 0.883687
0.871065 0.873552
0.894822 0.896223
0.887123 0.884916
0.861852 0.864416
0.867881 0.855274
0.859526 0.874283
0.853983 0.850231
0.869354 0.875149
0.89911 0.895132
0.893312 0.895119
0.889183 0.883106
0.896607 0.894755
0.917335 0.915612
0.913534 0.90748
0.913806 0.909526
0.901547 0.901454
0.891531 0.897082
0.882791 0.886182
0.87158 0.867562
0.852079 0.851402
0.83778 0.83681
0.860797 0.8716
0.891873 0.895351
0.891746 0.887608
0.880748 0.884058
0.833631 0.837874
0.872166 0.87303
0.871703 0.87985
0.860883 0.848719
0.891208 0.899182
0.890332 0.897482
0.898141 0.894247
0.888093 0.886561
0.874862 0.871099
0.871249 0.873043
0.892814 0.900811
0.874089 0.877315
0.894361 0.894618
0.8953 0.889218
0.886626 0.879531
0.882476 0.883983
0.865454 0.869894
0.856821 0.853462
0.886524 0.878287
0.877053 0.877296
0.876475 0.881979
0.873523 0.875964
0.893768 0.900895
0.894015 0.897858
0.878982 0.881585
0.885046 0.889503
0.875751 0.883278
0.897055 0.887139
0.884801 0.883085
0.908891 0.913244
0.905077 0.903317
0.883966 0.887198
0.901387 0.892505
0.901702 0.902564
0.908816 0.910226
0.89592 0.895678
0.897257 0.902252
0.889427 0.898429
0.89859 0.897921
0.893484 0.896164
0.887815 0.888782
0.905185 0.912191
0.918288 0.920528
0.892356 0.890482
0.878521 0.883164
0.872816 0.864522
0.904126 0.901042
0.911758 0.903777
0.87934 0.882047
0.887102 0.88599
0.862659 0.857342
0.856749 0.844584
0.871886 0.867581
0.878019 0.884872
0.91285 0.909878
0.907286 0.898742
0.906653 0.889565
0.883164 0.888317
0.882575 0.878764
0.901655 0.901325
0.90819 0.908556
0.885294 0.889494
0.887051 0.880627
0.872155 0.873079
0.87395 0.880611
0.885476 0.881358
0.887092 0.888037
0.907313 0.902912
0.875363 0.884122
0.86884 0.878556
0.881677 0.887511
0.894437 0.897532
0.895152 0.90079
0.899458 0.901895
0.901034 0.910561
0.907545 0.909222
0.915116 0.910775
0.912903 0.907103
0.894414 0.899262
0.876317 0.883731
0.879134 0.888774
0.870294 0.873083
0.892232 0.894397
0.897311 0.898631
0.89983 0.901756
0.897854 0.899224
0.867196 0.868695
0.897749 0.899857
0.906298 0.906911
0.901116 0.898874
0.894474 0.901737
0.908369 0.916091
0.897753 0.890809
0.91271 0.914673
0.906277 0.904256
0.904596 0.90782
0.908813 0.900165
0.917791 0.91844
0.923752 0.913852
0.89882 0.897938
0.902987 0.893182
0.883199 0.881629
0.890667 0.887656
0.904746 0.905847
0.878791 0.885025
0.886466 0.894716
0.887597 0.894893
0.896858 0.888711
0.894357 0.891167
0.900552 0.892682
0.920945 0.914839
0.916123 0.903433
0.902956 0.901774
0.905348 0.895195
0.897026 0.89101
0.865574 0.866696
0.893789 0.890985
0.868235 0.870893
0.887648 0.879793
0.864931 0.857593
0.865823 0.867013
0.863992 0.865098
0.850989 0.855351
0.875748 0.873318
0.86538 0.877358
0.87411 0.881308
0.835094 0.842685
0.863184 0.863865
0.849977 0.85634
0.858762 0.853787
0.868056 0.859584
0.868495 0.865668
0.871914 0.870355
0.903999 0.892265
0.90193 0.904243
0.885202 0.885167
0.889653 0.8852
0.881872 0.886972
0.866695 0.874658
0.896458 0.90643
0.895287 0.907757
0.900005 0.905499
0.891261 0.894887
0.89796 0.902805
0.898008 0.895359
0.896891 0.893625
0.8767 0.874278
0.880312 0.887046
0.863436 0.852499
0.889212 0.880766
0.884965 0.877533
0.868412 0.874695
0.894119 0.891721
0.909534 0.910393
0.905243 0.905934
0.895679 0.899081
0.894875 0.901751
0.900255 0.893093
0.90544 0.905088
0.890103 0.893104
0.907237 0.91089
0.896671 0.897221
0.898308 0.902818
0.905837 0.901496
0.909794 0.914719
0.907656 0.906333
0.909157 0.908803
0.903329 0.893725
0.902252 0.896871
0.889415 0.894362
0.921369 0.918067
0.922113 0.918512
0.901375 0.897509
0.903363 0.908452
0.920012 0.924316
0.904619 0.905152
0.898062 0.904802
0.910609 0.909378
0.895891 0.896724
0.90624 0.894987
0.898756 0.900074
0.889539 0.88364
0.917559 0.907678
0.899842 0.899957
0.898335 0.899075
0.891099 0.895469
0.905316 0.90419
0.901843 0.903431
0.914102 0.911264
0.91436 0.914116
0.920246 0.918784
0.89914 0.904634
0.909057 0.912813
0.931644 0.934567
0.900036 0.902161
0.900251 0.902344
0.91337 0.909112
0.899875 0.906264
0.912076 0.902164
0.900325 0.892688
0.901164 0.895854
0.875013 0.888877
0.88508 0.884124
0.893591 0.889262
0.897742 0.89358
0.87149 0.870515
0.867441 0.872032
0.872721 0.870631
0.896573 0.890936
0.902375 0.893889
0.88323 0.88702
0.885826 0.877537
0.846064 0.846625
0.876047 0.871739
0.867086 0.868683
0.890946 0.891229
0.916409 0.917312
0.902543 0.898422
0.890508 0.88986
0.906848 0.908689
0.902992 0.906993
0.907151 0.909838
0.903893 0.897589
0.887973 0.890954
0.883186 0.87835
0.888873 0.881643
0.873718 0.875425
0.895803 0.890604
0.901788 0.893157
0.862591 0.870485
0.879197 0.873122
0.900694 0.908293
0.91541 0.90936
0.923966 0.920483
0.911552 0.91746
0.90499 0.908105
0.86459 0.870588
0.86095 0.861235
0.880854 0.88533
0.876966 0.861498
0.852524 0.856349
0.871295 0.858817
0.864346 0.869059
0.875163 0.871343
0.875411 0.881398
0.887598 0.882091
0.901716 0.89915
0.888209 0.879234
0.888341 0.887991
0.893111 0.892013
0.89322 0.892263
0.876937 0.875415
0.879936 0.887291
0.870216 0.873152
0.874748 0.869116
0.871219 0.869969
0.885232 0.884541
0.875041 0.868689
0.893792 0.896016
0.870346 0.872765
0.881098 0.883788
0.872538 0.876114
0.889388 0.881652
0.873598 0.873476
0.898563 0.904199
0.885953 0.888951
0.881634 0.880614
0.869276 0.872554
0.866369 0.862685
0.870014 0.879564
0.870852 0.874193
0.870321 0.873003
0.878632 0.883757
0.873429 0.872348
0.881172 0.888659
0.873345 0.879441
0.875782 0.878221
0.895973 0.890465
0.88794 0.890356
0.882825 0.879062
0.866353 0.863143
0.870209 0.877996
0.898519 0.90009
0.890155 0.894073
0.895231 0.904918
0.895132 0.896593
0.898397 0.888593
0.88264 0.879965
0.876833 0.864991
0.881737 0.883004
0.883597 0.87724
0.84884 0.862327
0.854739 0.849283
0.84025 0.838351
0.87877 0.875854
0.881363 0.881085
0.883908 0.888058
0.900365 0.905155
0.918994 0.916268
0.894904 0.903795
0.871137 0.868269
0.875989 0.879991
0.883005 0.884288
0.878143 0.886182
0.848032 0.853734
0.861679 0.864773
0.860768 0.860747
0.864811 0.862622
0.877592 0.886131
0.888537 0.889804
0.896442 0.902202
0.85084 0.855972
0.861935 0.863368
0.844702 0.839085
0.855904 0.860219
0.852688 0.848282
0.851528 0.859283
0.858629 0.874555
0.859986 0.861095
0.888544 0.897834
0.882203 0.881902
0.876479 0.879419
0.867911 0.864708
0.882794 0.889394
0.857761 0.875317
0.867065 0.869866
0.879034 0.885816
0.867294 0.874632
0.894964 0.904723
0.886942 0.896706
0.878712 0.881537
0.87935 0.8869
0.902778 0.88951
0.888187 0.897812
0.887576 0.900665
0.895222 0.904023
0.881937 0.893718
0.877823 0.888627
0.88833 0.900798
0.892999 0.899891
0.889533 0.895212
0.896432 0.889762
0.874221 0.865894
0.876127 0.872523
0.878051 0.87641
0.879921 0.887523
0.865884 0.869966
0.81437 0.818901
0.85525 0.859272
0.842547 0.850728
0.831356 0.826307
0.842528 0.842761
0.871862 0.867669
0.872325 0.870346
0.88343 0.893464
0.883787 0.883614
0.898408 0.899085
0.881468 0.875363
0.874865 0.885152
0.877158 0.884935
0.893933 0.882167
0.86313 0.858641
0.875081 0.879787
0.861758 0.867575
0.901616 0.903086
0.882391 0.877577
0.867251 0.877705
0.872138 0.874997
0.887507 0.894172
0.892016 0.890531
0.901965 0.897066
0.911998 0.910374
0.902349 0.901717
0.900326 0.896797
0.904016 0.902325
0.902353 0.897948
0.89713 0.896341
0.903908 0.887402
0.883697 0.887649
0.907867 0.907065
0.889928 0.887991
0.879604 0.88029
0.889054 0.888801
0.886196 0.885599
0.902991 0.898552
0.900812 0.903167
0.899568 0.89971
0.883804 0.876404
0.899073 0.890057
0.909177 0.910243
0.901257 0.891069
0.87818 0.875363
0.8945 0.902444
0.895714 0.892586
0.92552 0.920396
0.916859 0.912444
0.921189 0.912948
0.913823 0.909806
0.908296 0.909237
0.892881 0.891099
0.897451 0.891732
0.899716 0.904257
0.892089 0.888957
0.885208 0.887527
0.89625 0.896667
0.915553 0.919787
0.880011 0.87636
0.853655 0.860867
0.863121 0.854487
0.878332 0.867808
0.872392 0.870437
0.878563 0.87904
0.880598 0.874908
0.873777 0.876434
0.883 0.879721
0.898057 0.894589
0.886741 0.88314
0.88739 0.885212
0.905035 0.90183
0.906798 0.908579
0.888635 0.897696
0.863913 0.86645
0.881832 0.878025
0.888087 0.874687
0.886294 0.874509
0.892796 0.895338
0.875124 0.872387
0.882303 0.873603
0.881893 0.886121
0.877325 0.883161
0.893397 0.876768
0.892124 0.898718
0.872222 0.864368
0.896436 0.896696
0.88451 0.877326
0.908007 0.901986
0.919434 0.913546
0.903104 0.903922
0.909419 0.905324
0.90011 0.900427
0.889937 0.886132
0.898992 0.902212
0.898994 0.888405
0.884219 0.880377
0.885948 0.885935
0.887649 0.877971
0.894011 0.899227
0.909381 0.903586
0.904592 0.903927
0.896622 0.891795
0.916908 0.912528
0.917398 0.908933
0.908796 0.909797
0.896923 0.891903
0.905664 0.905773
0.891921 0.899913
0.889875 0.904095
0.897046 0.901503
0.890954 0.893241
0.871554 0.87411
0.871222 0.87049
0.869274 0.87972
0.896585 0.893062
0.891652 0.890306
0.920523 0.908375
0.917604 0.918376
0.897796 0.89702
0.892784 0.895831
0.871807 0.881692
0.880112 0.890295
0.897713 0.890754
0.881606 0.880299
0.871592 0.871396
0.848383 0.846465
0.839349 0.852143
0.859789 0.853042
0.882078 0.888222
0.870477 0.872847
0.883828 0.890758
0.884173 0.88909
0.892461 0.891014
0.895095 0.906332
0.905467 0.904466
0.903998 0.906695
0.900667 0.898532
0.874132 0.876175
0.886879 0.884396
0.89912 0.902287
0.907815 0.901169
0.905653 0.904709
0.902688 0.901358
0.878069 0.875538
0.895086 0.896631
0.904498 0.907304
0.90064 0.900356
0.902652 0.906995
0.881766 0.891392
0.88826 0.885661
0.903465 0.897855
0.905802 0.911309
0.908898 0.906329
0.902813 0.900889
0.887743 0.875119
0.88402 0.889449
0.883302 0.883846
0.884324 0.887267
0.897811 0.899289
0.881447 0.889075
0.904915 0.901593
0.903617 0.900565
0.885707 0.895039
0.891597 0.880654
0.897548 0.896969
0.909675 0.907051
0.873306 0.867997
0.882015 0.877393
0.844722 0.850445
0.85842 0.864247
0.872968 0.87081
0.863114 0.860457
0.872189 0.861937
0.871825 0.875174
0.846437 0.849866
0.874956 0.871789
0.899559 0.901267
0.859126 0.866645
0.883963 0.877872
0.888917 0.879258
0.863448 0.863181
0.880755 0.883253
0.859058 0.853605
0.852849 0.849865
0.828511 0.829091
0.882312 0.880595
0.876608 0.888858
0.879326 0.869882
0.866588 0.866007
0.881211 0.877272
0.887991 0.884192
0.899718 0.904261
0.888801 0.894864
0.865065 0.865365
0.819714 0.834472
0.828895 0.822095
0.84895 0.85597
0.841822 0.84942
0.863311 0.868617
0.874709 0.869348
0.873445 0.869959
0.876596 0.859161
0.885632 0.88012
0.880571 0.872592
0.881217 0.882239
0.879304 0.871188
0.889856 0.889931
0.881173 0.869351
0.891553 0.894149
0.886658 0.896255
0.906507 0.902189
0.884433 0.876992
0.894413 0.892007
0.897272 0.894455
0.896712 0.88375
0.859995 0.855452
0.860716 0.850795
0.860518 0.858528
0.863888 0.860463
0.871782 0.865237
0.850529 0.845229
0.83259 0.839319
0.852659 0.846451
0.857264 0.860139
0.84451 0.856249
0.862329 0.860178
0.864554 0.878403
0.869759 0.864662
0.851019 0.843921
0.842549 0.835086
0.851942 0.844324
0.858026 0.849957
0.838277 0.854136
0.854892 0.851451
0.850715 0.84024
0.866312 0.852128
0.871163 0.862025
0.851749 0.848974
0.886233 0.8787
0.880208 0.883187
0.857931 0.849966
0.836521 0.839833
0.825083 0.815781
0.817926 0.822948
0.84347 0.849519
0.839777 0.861367
0.867963 0.871935
0.853253 0.856373
0.849109 0.849965
0.85394 0.862167
0.851048 0.843688
0.851994 0.850018
0.890707 0.883137
0.88581 0.874036
0.893605 0.891017
0.889923 0.868197
0.883878 0.894814
0.871141 0.882321
0.849934 0.854862
0.874785 0.868142
0.855779 0.846048
0.893666 0.886283
0.899313 0.891752
0.886824 0.869786
0.880158 0.864741
0.883592 0.87909
0.902288 0.910698
0.896238 0.905178
0.901976 0.90801
0.908149 0.900351
0.915044 0.921771
0.905038 0.914205
0.910701 0.913626
0.914421 0.907119
0.899524 0.903957
0.890764 0.887991
0.87289 0.875091
0.863729 0.862604
0.884794 0.884841
0.901785 0.895074
0.904436 0.896974
0.902263 0.903985
0.905295 0.904842
0.906934 0.911572
0.903034 0.910934
0.899491 0.898581
0.900054 0.895886
0.879873 0.894802
0.884901 0.889427
0.886936 0.885528
0.899449 0.890495
0.866589 0.868679
0.851474 0.847694
0.866383 0.862495
0.871628 0.869257
0.882934 0.877155
0.889898 0.888057
0.8526 0.856886
0.873896 0.866006
0.884664 0.878883
0.90644 0.91453
0.904538 0.901548
0.907469 0.910642
0.891901 0.895389
0.910779 0.911278
0.908944 0.917228
0.890407 0.888377
0.899382 0.903405
0.907333 0.90406
0.921586 0.917035
0.888497 0.88214
0.904823 0.909182
0.890571 0.889531
0.874275 0.881494
0.88471 0.879186
0.880901 0.875817
0.880183 0.876975
0.852264 0.854026
0.876724 0.87829
0.882441 0.876472
0.911984 0.914988
0.890281 0.894423
0.904006 0.903415
0.908389 0.906528
0.892981 0.894986
0.881587 0.880068
0.882125 0.880083
0.882218 0.868888
0.879406 0.882674
0.900288 0.905283
0.907116 0.905714
0.885855 0.894435
0.892337 0.892594
0.902733 0.913005
0.893971 0.894811
0.896442 0.894894
0.894345 0.893406
0.88534 0.893826
0.891357 0.896968
0.906956 0.902859
0.892434 0.889838
0.894972 0.892404
0.886887 0.878782
0.878982 0.881718
0.879591 0.880489
0.891542 0.891063
0.892814 0.902075
0.878155 0.881241
0.899716 0.899397
0.886226 0.8893
0.869135 0.878874
0.902225 0.90514
0.897292 0.889548
0.89386 0.89884
0.874764 0.871895
0.902331 0.898121
0.916565 0.921729
0.913596 0.915457
0.902308 0.898446
0.90783 0.910669
0.906999 0.904421
0.891719 0.889233
0.881327 0.880713
0.889316 0.886588
0.91939 0.927219
0.909136 0.913326
0.904854 0.897839
0.891297 0.89318
0.875224 0.867278
0.844135 0.839555
0.884279 0.886578
0.87206 0.871648
0.856708 0.858769
0.858795 0.850286
0.863736 0.860258
0.876078 0.876019
0.872074 0.864298
0.892132 0.895677
0.872599 0.866645
0.895233 0.892418
0.875447 0.872295
0.876024 0.886293
0.86221 0.870965
0.86119 0.859088
0.863368 0.868054
0.893754 0.900069
0.869264 0.879602
0.871163 0.880489
0.86342 0.860424
0.871841 0.869804
0.882071 0.880534
0.894527 0.896714
0.901988 0.906441
0.888681 0.896239
0.898694 0.897354
0.894052 0.894005
0.912273 0.911445
0.864469 0.867889
0.892422 0.886734
0.886435 0.883447
0.885326 0.8801
0.88913 0.884215
0.857878 0.871386
0.861534 0.855935
0.897245 0.905313
0.898453 0.89858
0.87006 0.868991
0.879754 0.875904
0.885561 0.877525
0.881296 0.885216
0.891842 0.887973
0.891888 0.896129
0.905793 0.911626
0.901397 0.895879
0.902781 0.913155
0.917802 0.922053
0.914395 0.915817
0.909534 0.908233
0.893597 0.884202
0.906228 0.905712
0.879674 0.870064
0.859944 0.867405
0.85469 0.851459
0.826371 0.834971
0.853807 0.849302
0.840386 0.85396
0.861594 0.864421
0.855004 0.85717
0.892931 0.890498
0.875531 0.877781
0.889395 0.900273
0.892817 0.892362
0.880044 0.876266
0.865408 0.870686
0.877267 0.87136
0.884916 0.884452
0.877038 0.882461
0.906094 0.899252
0.88765 0.883788
0.904967 0.898587
0.895237 0.898038
0.902092 0.908149
0.892845 0.885909
0.908322 0.91037
0.911076 0.911229
0.90682 0.906881
0.903259 0.894156
0.897879 0.895902
0.896009 0.901295
0.909725 0.914358
0.905507 0.907376
0.89979 0.890419
0.907092 0.912703
0.902297 0.902425
0.915341 0.908649
0.902225 0.892465
0.891181 0.892683
0.892765 0.889174
0.891311 0.891805
0.895923 0.902255
0.861204 0.868856
0.891095 0.889002
0.872115 0.864812
0.866562 0.85994
0.85763 0.856584
0.884235 0.881898
0.892427 0.888774
0.896113 0.894689
0.896705 0.899394
0.898722 0.901333
0.897109 0.899592
0.898237 0.898174
0.890123 0.886373
0.863562 0.86258
0.889531 0.896429
0.889691 0.893609
0.896176 0.898836
0.899648 0.909126
0.890956 0.882542
0.893715 0.894791
0.896111 0.899125
0.882611 0.882768
0.870592 0.87031
0.902864 0.900662
0.898636 0.906767
0.876046 0.873283
0.876323 0.874023
0.868494 0.862656
0.84704 0.856002
0.870523 0.875338
0.862082 0.86301
0.869263 0.878149
0.895639 0.895951
0.870755 0.864318
0.884268 0.895624
0.871988 0.869697
0.860141 0.860283
0.895522 0.894056
0.878814 0.876541
0.866678 0.884512
0.894347 0.894103
0.906799 0.90052
0.900002 0.899096
0.917374 0.912982
0.902374 0.903061
0.90473 0.90998
0.890077 0.891511
0.898071 0.901028
0.914364 0.914861
0.89849 0.897273
0.890996 0.890583
0.884006 0.886121
0.89678 0.895076
0.890414 0.892233
0.901067 0.904179
0.905812 0.907494
0.899209 0.894155
0.921495 0.921015
0.924848 0.908989
0.919488 0.923773
0.89997 0.90499
0.888578 0.895328
0.909598 0.904259
0.894927 0.893478
0.902886 0.902769
0.887223 0.890024
0.879305 0.874109
0.898114 0.895725
0.907596 0.910803
0.918663 0.91627
0.906167 0.911691
0.896906 0.897165
0.875291 0.870961
0.889874 0.881444
0.895509 0.888888
0.884664 0.881738
0.88161 0.877232
0.896189 0.899459
0.907272 0.909788
0.908526 0.906434
0.914718 0.917856
0.906269 0.901396
0.883835 0.888141
0.901719 0.902127
0.901784 0.902487
0.902742 0.901351
0.915069 0.907217
0.912244 0.909661
0.905498 0.90412
0.904843 0.906293
0.914312 0.91614
0.9132 0.91279
0.91444 0.908832
0.879801 0.873867
0.886725 0.885464
0.865389 0.874211
0.876743 0.878715
0.878017 0.878512
0.889475 0.886781
0.922616 0.916985
0.87949 0.87965
0.891098 0.886621
0.879414 0.877599
0.884932 0.86901
0.873078 0.874689
0.887238 0.890835
0.876588 0.876759
0.885644 0.881381
0.88381 0.885684
0.890755 0.879602
0.891174 0.894931
0.899665 0.894449
0.896912 0.900313
0.88389 0.883486
0.902376 0.902625
0.875829 0.867183
0.903721 0.905787
0.877291 0.875392
0.844213 0.842502
0.866566 0.875592
0.843165 0.857833
0.871272 0.874496
0.858757 0.842332
0.847408 0.855773
0.873017 0.875984
0.852923 0.856795
0.872952 0.872285
0.860234 0.86558
0.904017 0.897609
0.915084 0.908891
0.881871 0.882171
0.871551 0.872261
0.902746 0.912138
0.890454 0.896717
0.880015 0.878008
0.896564 0.892437
0.893828 0.89883
0.875808 0.878973
0.857177 0.858735
0.872894 0.879199
0.880247 0.876208
0.877993 0.876581
0.882157 0.88385
0.880702 0.887676
0.903092 0.89705
0.906042 0.893508
0.895393 0.895807
0.887469 0.889467
0.891252 0.892486
0.885852 0.89269
0.884892 0.888756
0.893016 0.896001
0.911081 0.913779
0.902807 0.898699
0.903495 0.910041
0.909258 0.915774
0.898868 0.899311
0.909136 0.90898
0.892648 0.897471
0.912448 0.911725
0.898572 0.892805
0.898086 0.905032
0.903273 0.906587
0.901391 0.901191
0.916093 0.915231
0.90908 0.910506
0.893839 0.897736
0.898683 0.896419
0.898494 0.889643
0.896205 0.896438
0.905162 0.899498
0.887184 0.89023
0.900004 0.898679
0.901352 0.898947
0.882723 0.883534
0.885371 0.880058
0.900513 0.895189
0.912513 0.909815
0.899584 0.909727
0.890836 0.883068
0.870531 0.878774
0.878692 0.872319
0.873295 0.874078
0.892343 0.889293
0.876321 0.887153
0.877795 0.886112
0.903723 0.895489
0.898605 0.902154
0.893488 0.897586
0.896822 0.892839
0.89463 0.893544
0.890855 0.896723
0.887382 0.891895
0.881625 0.877995
0.879149 0.882749
0.897306 0.893869
0.907854 0.902992
0.901812 0.901145
0.884029 0.887175
0.903839 0.905684
0.908079 0.911602
0.902503 0.908314
0.904118 0.914608
0.887559 0.892201
0.912302 0.903243
0.875351 0.877198
0.895889 0.888893
0.89486 0.892414
0.908997 0.905847
0.916715 0.920772
0.912831 0.901974
0.896942 0.89974
0.894702 0.897852
0.902887 0.908941
0.874882 0.883372
0.889407 0.896635
0.899722 0.899474
0.899969 0.894144
0.895154 0.898396
0.888792 0.88724
0.885331 0.887215
0.89372 0.893946
0.899915 0.906937
0.881029 0.877287
0.89089 0.895084
0.902033 0.908412
0.911185 0.910113
0.896836 0.894629
0.884119 0.881131
0.884333 0.881148
0.897853 0.899208
0.89399 0.89788
0.894309 0.886192
0.891378 0.89186
0.872777 0.884632
0.884489 0.881928
0.886625 0.906436
0.895562 0.889619
0.89541 0.897558
0.885553 0.89133
0.874298 0.878721
0.852828 0.849887
0.883138 0.883002
0.893172 0.89217
0.880381 0.881515
0.893085 0.885137
0.864169 0.866039
0.878173 0.883233
0.896937 0.894388
0.902517 0.901638
0.908561 0.905129
0.879224 0.876517
0.899555 0.899548
0.895167 0.89436
0.883344 0.88193
0.898222 0.900779
0.895891 0.900439
0.912326 0.911932
0.91077 0.910254
0.898591 0.897475
0.907611 0.90131
0.90792 0.906589
0.919167 0.913364
0.890387 0.899946
0.890206 0.892111
0.896836 0.899948
0.906835 0.912272
0.89879 0.897185
0.910188 0.920099
0.909937 0.898543
0.90903 0.902941
0.912123 0.902469
0.922351 0.92014
0.883733 0.893447
0.878033 0.880172
0.90554 0.902015
0.872997 0.883052
0.87074 0.872845
0.88859 0.892944
0.877662 0.889491
0.870991 0.869566
0.880105 0.881084
0.869986 0.86196
0.881654 0.888696
0.888601 0.88386
0.894086 0.889497
0.879613 0.876751
0.88175 0.876413
0.910223 0.903414
0.916104 0.909859
0.913386 0.909815
0.920616 0.924772
0.932164 0.934329
0.90962 0.916071
0.912324 0.90443
0.91305 0.917573
0.891949 0.895537
0.905738 0.901912
0.914398 0.913212
0.924867 0.912373
0.905983 0.902268
0.882557 0.884939
0.896493 0.898607
0.896493 0.893996
0.884883 0.889788
0.897483 0.894996
0.900902 0.899776
0.891117 0.89079
0.886675 0.87748
0.895331 0.894639
0.888226 0.88992
0.906631 0.907978
0.890955 0.892402
0.892082 0.893596
0.9085 0.902068
0.908 0.908192
0.913248 0.905369
0.906437 0.909384
0.905538 0.904761
0.916544 0.919026
0.908482 0.920365
0.916178 0.912904
0.905005 0.910399
0.903118 0.900028
0.885891 0.887789
0.905427 0.907823
0.921573 0.926581
0.912582 0.91645
0.909274 0.905455
0.893606 0.903211
0.90061 0.896726
0.919411 0.910402
0.898321 0.898446
0.902985 0.903953
0.912239 0.907955
0.919319 0.925485
0.884518 0.889178
0.864794 0.868551
0.884989 0.881813
0.902375 0.900009
0.892686 0.906918
0.901577 0.902415
0.897798 0.899311
0.898334 0.896996
0.907151 0.902936
0.892212 0.888104
0.901836 0.897211
0.904403 0.898571
0.891883 0.894345
0.908031 0.902357
0.900036 0.896382
0.908258 0.913658
0.885604 0.887339
0.884391 0.889472
0.881321 0.875943
0.8956 0.893608
0.898545 0.897952
0.895549 0.895475
0.887816 0.892701
0.894315 0.898084
0.897675 0.90324
0.921705 0.923197
0.904031 0.898391
0.866548 0.866187
0.890847 0.885254
0.872373 0.880727
0.888358 0.898676
0.883504 0.896729
0.878323 0.876341
0.87793 0.880105
0.866235 0.853568
0.861814 0.859643
0.878026 0.871894
0.870579 0.875641
0.895816 0.892303
0.859163 0.847626
0.893157 0.889417
0.889516 0.883129
0.890604 0.880203
0.88413 0.884912
0.866028 0.86575
0.865434 0.856221
0.859872 0.861001
0.871726 0.870108
0.87469 0.865606
0.873268 0.864847
0.892536 0.89581
0.876692 0.881628
0.877733 0.875507
0.881868 0.878551
0.90132 0.902567
0.901941 0.896344
0.860322 0.864538
0.876855 0.879291
0.863196 0.869358
0.887381 0.892935
0.877653 0.894261
0.870944 0.879924
0.871629 0.868433
0.865546 0.872889
0.877747 0.875945
0.870132 0.869966
0.863924 0.849912
0.830168 0.829738
0.859076 0.854697
0.847715 0.843098
0.856828 0.864831
0.861279 0.855164
0.876625 0.86672
0.873156 0.86515
0.883137 0.873922
0.887004 0.88258
0.866874 0.869408
0.881331 0.877529
0.882826 0.865708
0.877201 0.860709
0.890797 0.88041
0.873009 0.873539
0.868367 0.873054
0.895515 0.890118
0.892023 0.884544
0.883448 0.892085
0.848107 0.851031
0.81533 0.820376
0.847556 0.849241
0.866988 0.869428
0.893522 0.895205
0.872197 0.875336
0.892262 0.896447
0.883459 0.885827
0.880939 0.876183
0.905106 0.890286
0.901106 0.900733
0.917221 0.909013
0.915164 0.921234
0.884399 0.902999
0.892067 0.89469
0.872748 0.884641
0.891 0.893359
0.887422 0.902806
0.897946 0.905095
0.906815 0.910152
0.893461 0.890756
0.902489 0.915484
0.899914 0.89705
0.91035 0.90393
0.880766 0.86854
0.885679 0.892884
0.902007 0.909753
0.902742 0.907261
0.92088 0.916334
0.91309 0.906703
0.898091 0.89497
0.875681 0.87251
0.894162 0.886639
0.872052 0.860291
0.903625 0.889897
0.883222 0.871305
0.899542 0.889651
0.896053 0.884294
0.880486 0.891534
0.853811 0.870157
0.906721 0.910523
0.887304 0.882261
0.888309 0.882706
0.900438 0.908426
0.90113 0.89521
0.88805 0.890583
0.892932 0.890789
0.895891 0.904067
0.895331 0.890606
0.912095 0.905363
0.895714 0.91066
0.90378 0.902738
0.903366 0.905753
0.892107 0.906411
0.886564 0.890654
0.867602 0.86619
0.857643 0.856329
0.887215 0.881429
0.872281 0.873766
0.894821 0.883065
0.897392 0.910129
0.88791 0.898207
0.913154 0.920668
0.903629 0.904816
0.906377 0.906386
0.910973 0.901924
0.897334 0.894168
0.882696 0.881396
0.879822 0.862449
0.86913 0.862036
0.896885 0.88635
0.893312 0.883669
0.903737 0.895922
0.879637 0.873336
0.876034 0.865216
0.873608 0.883764
0.866619 0.877644
0.880546 0.892669
0.877925 0.886963
0.892503 0.891799
0.879884 0.880207
0.845371 0.832164
0.851393 0.845583
0.83353 0.837001
0.846878 0.847593
0.855078 0.861845
0.872571 0.872395
0.875985 0.867747
0.863204 0.86091
0.857494 0.868693
0.8587 0.872958
0.875112 0.871054
0.884917 0.886308
0.896575 0.887673
0.889543 0.892635
0.867498 0.872445
0.875242 0.876067
0.891966 0.881075
0.892993 0.896756
0.854474 0.86115
0.859657 0.865946
0.861267 0.860918
0.860359 0.86689
0.859787 0.859898
0.851132 0.851562
0.869936 0.872002
0.871969 0.876576
0.845419 0.863091
0.857215 0.867761
0.882743 0.882819
0.897105 0.89122
0.898082 0.890547
0.870296 0.8676
0.868919 0.866352
0.868956 0.879111
0.871363 0.859977
0.871709 0.882524
0.885075 0.895492
0.893263 0.902677
0.912909 0.918271
0.893423 0.896326
0.882221 0.891322
0.864109 0.867118
0.895314 0.893521
0.894575 0.896709
0.890421 0.893595
0.881191 0.881675
0.896684 0.90236
0.905279 0.895019
0.888616 0.900856
0.876301 0.882295
0.875113 0.88313
0.87595 0.880665
0.896964 0.9017
0.896075 0.888489
0.881237 0.886291
0.879475 0.875732
0.871595 0.880647
0.86239 0.868325
0.873578 0.882676
0.880664 0.893488
0.87375 0.861009
0.861433 0.874186
0.842824 0.858191
0.872342 0.877664
0.865868 0.857322
0.86214 0.862181
0.882587 0.888047
0.879728 0.873308
0.880705 0.890659
0.885882 0.89055
0.853483 0.866787
0.870174 0.885931
0.902542 0.888929
0.874314 0.869065
0.892508 0.889833
0.900359 0.894422
0.903836 0.905777
0.850175 0.855743
0.878397 0.886956
0.874584 0.869192
0.873027 0.881535
0.85161 0.861514
0.874234 0.888611
0.86004 0.875702
0.88995 0.893425
0.903803 0.907676
0.894479 0.885346
0.88847 0.887374
0.901835 0.89273
0.904265 0.897545
0.896623 0.887496
0.903316 0.899909
0.896272 0.888854
0.891423 0.890773
0.878625 0.88009
0.914818 0.921634
0.876037 0.877092
0.867161 0.869061
0.845249 0.85337
0.872465 0.865462
0.881268 0.883914
0.903529 0.900833
0.895596 0.895125
0.894345 0.890427
0.889109 0.888003
0.877729 0.868404
0.879703 0.890838
0.851095 0.857342
0.823706 0.827321
0.820902 0.834732
0.832508 0.837739
0.829925 0.830657
0.845431 0.848364
0.859602 0.869998
0.876881 0.891787
0.850292 0.855485
0.86963 0.871151
0.884367 0.879852
0.894526 0.89219
0.895062 0.892189
0.884652 0.8868
0.895318 0.895456
0.87458 0.884457
0.878249 0.87433
0.879445 0.881333
0.892258 0.889183
0.886167 0.876292
0.884887 0.87882
0.879135 0.868109
0.87581 0.879371
0.888186 0.875194
0.889433 0.883414
0.874075 0.875819
0.887392 0.881837
0.879276 0.87329
0.87807 0.869956
0.901068 0.891363
0.90134 0.882968
0.888796 0.876902
0.880157 0.873445
0.901315 0.891119
0.88347 0.869363
0.863523 0.860625
0.875176 0.881093
0.901155 0.900007
0.891708 0.890741
0.885663 0.880329
0.881528 0.874277
0.875958 0.875642
0.85433 0.862854
0.850723 0.855835
0.880407 0.877023
0.886613 0.878008
0.891368 0.88065
0.871822 0.873022
0.868988 0.858829
0.853183 0.849918
0.868545 0.879441
0.880663 0.889187
0.870187 0.882433
0.906557 0.904912
0.901021 0.907159
0.906749 0.903069
0.900457 0.899291
0.884785 0.889427
0.8658 0.874813
0.885152 0.888567
0.87183 0.875807
0.904145 0.905993
0.907517 0.910027
0.901569 0.897936
0.902856 0.905485
0.907669 0.901315
0.890476 0.900244
0.904753 0.902771
0.900418 0.892571
0.907032 0.907709
0.893102 0.889226
0.907977 0.908232
0.906603 0.905189
0.906354 0.904458
0.907654 0.907219
0.895454 0.887845
0.891038 0.88944
0.888131 0.895347
0.899745 0.902309
0.913023 0.913373
0.904732 0.90204
0.884888 0.885731
0.892374 0.90059
0.911774 0.918635
0.88339 0.890384
0.896149 0.890167
0.85689 0.865636
0.884101 0.88038
0.875052 0.886651
0.891734 0.898081
0.90946 0.911125
0.917784 0.910602
0.911542 0.909973
0.905968 0.904236
0.895068 0.89013
0.903138 0.909787
0.901373 0.901993
0.88451 0.878234
0.895959 0.888205
0.917751 0.907676
0.90846 0.90417
0.896398 0.903084
0.883874 0.877474
0.871607 0.870607
0.885641 0.886107
0.862074 0.867974
0.904791 0.892757
0.873369 0.874109
0.873809 0.867665
0.889996 0.886581
0.838434 0.835083
0.84366 0.838179
0.849526 0.850166
0.865488 0.859559
0.894385 0.899828
0.889289 0.882911
0.892064 0.892092
0.880879 0.877753
0.877023 0.871059
0.875255 0.878749
0.911147 0.916377
0.899143 0.901442
0.907124 0.911672
0.905744 0.908134
0.924481 0.917189
0.921832 0.92166
0.893678 0.898184
0.913697 0.907495
0.919637 0.917788
0.900465 0.909307
0.886824 0.894913
0.901263 0.896759
0.893752 0.89612
0.90313 0.904859
0.871606 0.871364
0.905653 0.900654
0.898499 0.887694
0.904924 0.903149
0.901945 0.905164
0.887623 0.885565
0.905099 0.905367
0.898375 0.89763
0.867024 0.872037
0.854338 0.840995
0.862003 0.857203
0.847462 0.846968
0.831164 0.837267
0.854706 0.846119
0.850948 0.85784
0.854347 0.855339
0.862479 0.85463
0.884268 0.878091
0.861746 0.86374
0.867404 0.875948
0.885097 0.893267
0.8594 0.861759
0.856305 0.853079
0.867805 0.857704
0.879482 0.879142
0.856141 0.851991
0.87778 0.865119
0.856062 0.862766
0.85404 0.852244
0.883809 0.878585
0.878823 0.881984
0.884563 0.873694
0.889998 0.883243
0.889488 0.89145
0.885928 0.886506
0.901534 0.900445
0.884794 0.884525
0.880599 0.878742
0.876895 0.87075
0.849656 0.859082
0.862515 0.868487
0.81219 0.83098
0.858811 0.864227
0.87007 0.882272
0.876369 0.88338
0.887737 0.893622
0.905736 0.896586
0.892254 0.893109
0.899926 0.885386
0.89477 0.893503
0.877452 0.877056
0.889847 0.880801
0.89825 0.902481
0.893701 0.895745
0.902247 0.895769
0.908647 0.898926
0.901941 0.89943
0.896994 0.909366
0.905133 0.910218
0.918537 0.916621
0.909442 0.909128
0.896001 0.901573
0.888993 0.891703
0.910884 0.918608
0.900404 0.90268
0.905273 0.904505
0.913534 0.908812
0.886005 0.88385
0.895992 0.89969
0.907901 0.914523
0.901462 0.898605
0.908629 0.902818
0.890803 0.89625
0.880559 0.875384
0.904803 0.903583
0.891007 0.896392
0.895363 0.8946
0.877683 0.887268
0.895646 0.905173
0.892022 0.890141
0.906173 0.900032
0.899181 0.899764
0.879524 0.885763
0.88173 0.882849
0.891466 0.894489
0.899328 0.888882
0.900904 0.902668
0.920266 0.919734
0.904387 0.905906
0.894344 0.901701
0.880979 0.888677
0.901982 0.910599
0.87007 0.884356
0.884219 0.897886
0.894468 0.886648
0.881072 0.875857
0.906452 0.904086
0.876402 0.881547
0.867993 0.864017
0.886316 0.89909
0.887844 0.887336
0.896834 0.894488
0.921554 0.91683
0.897753 0.894128
0.893629 0.902523
0.901634 0.89438
0.887189 0.88735
0.876204 0.868161
0.877184 0.86764
0.892427 0.894979
0.895849 0.894784
0.862501 0.854459
0.853776 0.850863
0.873187 0.877713
0.889406 0.886157
0.871732 0.877703
0.896361 0.895985
0.879087 0.882563
0.86576 0.863884
0.891197 0.880388
0.890731 0.884853
0.889757 0.890581
0.892623 0.896556
0.894949 0.890179
0.910774 0.900777
0.917924 0.915217
0.910952 0.907171
0.902411 0.907637
0.884535 0.890581
0.876173 0.877848
0.852879 0.855942
0.862446 0.875866
0.900331 0.888351
0.890851 0.885745
0.887808 0.890079
0.88521 0.89611
0.872928 0.880142
0.866873 0.868827
0.874065 0.875393
0.872748 0.873597
0.867507 0.873612
0.882077 0.877954
0.874642 0.873449
0.887577 0.889827
0.895525 0.897216
0.884585 0.889278
0.863077 0.874219
0.883503 0.882956
0.896356 0.891776
0.874574 0.864811
0.858827 0.861682
0.891071 0.886014
0.888597 0.887245
0.897184 0.906043
0.883769 0.890444
0.889053 0.890857
0.909499 0.910529
0.903361 0.903141
0.884661 0.892244
0.877358 0.879581
0.87893 0.87617
0.867326 0.87696
0.857185 0.857387
0.842691 0.859419
0.844526 0.84722
0.86057 0.862659
0.863593 0.869301
0.845364 0.842203
0.830723 0.832138
0.827737 0.813398
0.838605 0.844031
0.826216 0.827919
0.852108 0.854494
0.892936 0.892044
0.878162 0.871974
0.881625 0.884239
0.879709 0.875157
0.867518 0.871158
0.896346 0.890861
0.904135 0.904278
0.891117 0.889266
0.909528 0.911892
0.887822 0.89308
0.881245 0.885446
0.908407 0.902343
0.86507 0.878704
0.865537 0.881432
0.907379 0.908961
0.885375 0.891098
0.891119 0.898249
0.891498 0.891362
0.91298 0.91041
0.890346 0.888893
0.907048 0.899412
0.922386 0.923867
0.900899 0.904693
0.912656 0.913977
0.921703 0.922644
0.907265 0.906656
0.913511 0.911616
0.919563 0.915438
0.897799 0.896095
0.901031 0.905657
0.897889 0.90026
0.841072 0.850083
0.846918 0.847018
0.848479 0.838994
0.866773 0.870143
0.89197 0.890873
0.887162 0.886599
0.908039 0.900837
0.882107 0.882943
0.901972 0.902314
0.88748 0.881628
0.882306 0.883093
0.858618 0.863993
0.874352 0.883628
0.838271 0.832933
0.851234 0.84861
0.876142 0.876788
0.890327 0.891784
0.886765 0.887197
0.889389 0.900378
0.905068 0.898348
0.8851 0.888916
0.880704 0.882223
0.908191 0.898845
0.887098 0.890958
0.847089 0.857437
0.852309 0.868909
0.881679 0.882121
0.874791 0.867059
0.901874 0.903994
0.889667 0.886656
0.903759 0.899559
0.905059 0.894194
0.883345 0.881978
0.900741 0.907542
0.906455 0.904637
0.907781 0.905289
0.908647 0.90951
0.889275 0.885951
0.901427 0.904434
0.922483 0.926736
0.914993 0.917239
0.923256 0.927675
0.906176 0.911384
0.901448 0.897532
0.879603 0.883542
0.897783 0.906542
0.92245 0.922911
0.909618 0.912364
0.91671 0.918936
0.903794 0.905556
0.915276 0.909478
0.909893 0.902898
0.908499 0.907116
0.900784 0.913136
0.897719 0.902243
0.922905 0.920416
0.913604 0.908966
0.911406 0.904095
0.909515 0.911182
0.905537 0.89738
0.900572 0.911284
0.900787 0.896934
0.903068 0.900648
0.912111 0.914122
0.884891 0.882247
0.881129 0.872695
0.896072 0.901394
0.878456 0.88569
0.897809 0.88975
0.909935 0.907698
0.890182 0.896951
0.877384 0.87886
0.854898 0.864661
0.863108 0.863442
0.867482 0.879897
0.873442 0.869101
0.887048 0.87809
0.867515 0.886254
0.880925 0.870492
0.866549 0.859892
0.857509 0.860055
0.867809 0.864068
0.861338 0.862686
0.902089 0.910115
0.911206 0.906328
0.89397 0.890921
0.882282 0.886683
0.890778 0.890095
0.903707 0.892926
0.903122 0.902008
0.898021 0.901922
0.917682 0.923636
0.905719 0.908503
0.894962 0.887629
0.897834 0.895192
0.911017 0.908097
0.912863 0.915378
0.887276 0.889636
0.893171 0.892548
0.900055 0.907317
0.895736 0.903272
0.901925 0.904992
0.867803 0.862328
0.901717 0.907931
0.887372 0.891404
0.89181 0.888779
0.878511 0.879175
0.857447 0.858619
0.874105 0.87355
0.862028 0.858881
0.888322 0.885867
0.862953 0.86038
0.87662 0.875506
0.848868 0.850998
0.873618 0.882267
0.858231 0.875179
0.87648 0.874304
0.898485 0.902423
0.888832 0.891211
0.902185 0.901058
0.90063 0.893321
0.909938 0.912765
0.904461 0.904362
0.90582 0.898621
0.887322 0.882327
0.882313 0.889444
0.872798 0.862601
0.868105 0.871841
0.882111 0.885436
0.89207 0.888312
0.865458 0.866011
0.873047 0.865001
0.907385 0.888626
0.916636 0.908149
0.901072 0.893826
0.896467 0.893379
0.884297 0.886136
0.869731 0.867182
0.875442 0.885375
0.9072 0.90215
0.900231 0.893707
0.907373 0.903896
0.881075 0.880565
0.875402 0.872088
0.840943 0.836893
0.8457 0.85108
0.855404 0.86048
0.883596 0.88632
0.876998 0.885671
0.894225 0.888317
0.872484 0.874148
0.877961 0.887053
0.857845 0.857016
0.864398 0.863255
0.866103 0.874817
0.876507 0.878193
0.881407 0.881818
0.903232 0.900819
0.882734 0.883614
0.91555 0.909962
0.916318 0.917795
0.906884 0.913179
0.903287 0.902629
0.898533 0.906989
0.888216 0.89218
0.88394 0.883138
0.86598 0.870935
0.863025 0.864653
0.867808 0.867363
0.867503 0.866116
0.871775 0.863278
0.862218 0.860668
0.848955 0.851776
0.874849 0.866251
0.86316 0.863875
0.848279 0.852708
0.860108 0.858253
0.871685 0.880632
0.860943 0.870649
0.858745 0.866926
0.886218 0.883473
0.871386 0.870536
0.893282 0.890739
0.853333 0.869281
0.864211 0.865326
0.892776 0.895922
0.892452 0.895089
0.875987 0.879256
0.913382 0.91348
0.903656 0.900706
0.90724 0.903132
0.896539 0.895018
0.907925 0.905535
0.858965 0.856363
0.869107 0.871758
0.892178 0.888696
0.886712 0.891882
0.891224 0.889374
0.895953 0.894523
0.886788 0.882459
0.867977 0.862628
0.861051 0.859181
0.895677 0.892851
0.8908 0.893508
0.894128 0.896268
0.909189 0.908657
0.914531 0.914428
0.910506 0.911803
0.905404 0.897039
0.902708 0.888031
0.87129 0.874691
0.870549 0.870491
0.877922 0.874616
0.860629 0.859733
0.861386 0.865993
0.858467 0.858364
0.865624 0.877412
0.869663 0.867961
0.913571 0.908259
0.895582 0.898225
0.873989 0.887123
0.881913 0.882948
0.891091 0.888545
0.859778 0.855495
0.875811 0.86821
0.855211 0.87234
0.86055 0.861325
0.84566 0.843381
0.852771 0.85421
0.83317 0.824628
0.818647 0.815666
0.840332 0.844214
0.867543 0.875533
0.837298 0.832612
0.838153 0.839569
0.856223 0.864107
0.862977 0.867728
0.891672 0.878882
0.867498 0.863578
0.879543 0.879641
0.856567 0.859012
0.859778 0.865119
0.874761 0.879599
0.893096 0.894309
0.911365 0.911343
0.907483 0.905201
0.909873 0.901985
0.900002 0.90563
0.886031 0.879105
0.909362 0.905069
0.900053 0.905801
0.903792 0.906788
0.909952 0.912816
0.894185 0.898108
0.918042 0.919057
0.901682 0.908239
0.905922 0.905319
0.906668 0.902127
0.899091 0.907254
0.903371 0.898709
0.889095 0.900954
0.90687 0.895162
0.9113 0.914958
0.917863 0.911741
0.920204 0.925066
0.911287 0.916434
0.914764 0.918468
0.902586 0.912031
0.895041 0.886543
0.879716 0.876871
0.889868 0.893187
0.876478 0.873992
0.890328 0.893684
0.895036 0.893523
0.895935 0.899949
0.903444 0.905372
0.90046 0.904523
0.877096 0.873951
0.855151 0.862678
0.877146 0.882829
0.892588 0.883777
0.892372 0.896123
0.903502 0.897292
0.915552 0.91295
0.911081 0.908194
0.887559 0.895421
0.910131 0.912176
0.893988 0.882996
0.88299 0.883352
0.892103 0.897676
0.906927 0.901089
0.879869 0.882585
0.890755 0.88214
0.898122 0.906328
0.878559 0.876615
0.878536 0.874424
0.868091 0.870438
0.85735 0.866758
0.881516 0.879039
0.886526 0.881768
0.883334 0.87285
0.863692 0.861887
0.892104 0.889732
0.888486 0.883106
0.892077 0.892621
0.882068 0.885266
0.887683 0.89447
0.900042 0.899892
0.880491 0.891927
0.898505 0.896611
0.882969 0.887949
0.900994 0.904627
0.901349 0.898962
0.890475 0.893581
0.892268 0.90144
0.90435 0.90441
0.906733 0.89576
0.903633 0.906834
0.896796 0.897468
0.901721 0.901455
0.913912 0.914933
0.921341 0.90965
0.902182 0.904938
0.920897 0.916591
0.911924 0.911276
0.929503 0.919632
0.904529 0.912221
0.90954 0.903675
0.922566 0.918686
0.905635 0.905428
0.877389 0.882665
0.899902 0.902192
0.896608 0.897731
0.875424 0.870017
0.871 0.866234
0.866929 0.866122
0.873237 0.872743
0.888121 0.895104
0.886447 0.893967
0.884873 0.877193
0.864011 0.861746
0.852653 0.852598
0.847685 0.845747
0.870674 0.862242
0.881711 0.87903
0.873821 0.863116
0.88221 0.885373
0.894201 0.906853
0.899989 0.895192
0.886712 0.88978
0.882592 0.881005
0.884777 0.872838
0.900659 0.896971
0.903414 0.899465
0.903314 0.894587
0.907194 0.904589
0.908767 0.906746
0.920043 0.923605
0.916913 0.911909
0.896532 0.891613
0.880792 0.895997
0.874143 0.878512
0.86384 0.85694
0.900826 0.900954
0.906886 0.90953
0.899764 0.902485
0.885888 0.887179
0.906286 0.900432
0.902028 0.911456
0.904645 0.897561
0.884625 0.888063
0.859659 0.865932
0.862003 0.868243
0.885242 0.882213
0.889459 0.87962
0.897192 0.88131
0.883569 0.887374
0.894945 0.900288
0.907375 0.906643
0.887534 0.884966
0.87927 0.886238
0.8876 0.888848
0.8836 0.88594
0.867995 0.871342
0.882463 0.873655
0.871109 0.868631
0.87376 0.864493
0.904013 0.90186
0.906168 0.899808
0.884222 0.883071
0.906748 0.897208
0.905461 0.909195
0.914248 0.91549
0.908106 0.904404
0.907505 0.9155
0.907677 0.910462
0.901172 0.902209
0.914813 0.919244
0.912541 0.910823
0.916608 0.923696
0.892789 0.905951
0.88058 0.884408
0.90267 0.901969
0.898243 0.891021
0.874067 0.879847
0.864336 0.860995
0.887948 0.895423
0.881624 0.884512
0.867143 0.868926
0.864109 0.865388
0.884673 0.874497
0.870949 0.868748
0.857751 0.861403
0.837268 0.828953
0.824403 0.831664
0.826909 0.828367
0.855131 0.849195
0.838519 0.836285
0.86066 0.862881
0.840636 0.858238
0.834231 0.824856
0.851387 0.854266
0.871922 0.85959
0.850035 0.847333
0.850233 0.850575
0.858198 0.860582
0.859887 0.863279
0.875387 0.858546
0.850175 0.844337
0.851337 0.851131
0.864987 0.852074
0.878337 0.878399
0.902048 0.892713
0.910009 0.909435
0.893864 0.893009
0.87117 0.86272
0.857851 0.851107
0.85504 0.851365
0.829839 0.821317
0.846133 0.83991
0.852988 0.854309
0.84691 0.845571
0.843128 0.849288
0.868746 0.865771
0.879468 0.873916
0.838876 0.842343
0.850583 0.852567
0.883579 0.891187
0.879855 0.879821
0.873643 0.869495
0.894649 0.884729
0.872789 0.862697
0.859981 0.861717
0.870777 0.87332
0.888823 0.887883
0.875567 0.872835
0.891222 0.888778
0.889584 0.892364
0.86648 0.859701
0.863374 0.852859
0.858418 0.868655
0.874092 0.864115
0.865793 0.877053
0.887016 0.895853
0.879428 0.880813
0.87902 0.886801
0.897208 0.891244
0.890006 0.891085
0.904643 0.899016
0.909007 0.899252
0.900301 0.895881
0.870421 0.878806
0.895759 0.893383
0.902506 0.895575
0.901219 0.908026
0.901627 0.911603
0.909604 0.91428
0.900491 0.898528
0.909784 0.903151
0.907052 0.909451
0.89982 0.902439
0.883447 0.886685
0.887679 0.891445
0.892675 0.898203
0.914467 0.908127
0.913242 0.914869
0.900715 0.901432
0.905331 0.897526
0.904715 0.901636
0.903553 0.903995
0.888789 0.893541
0.899222 0.902848
0.879759 0.883166
0.901087 0.906202
0.908285 0.909328
0.895997 0.899142
0.884675 0.887944
0.879381 0.891704
0.876007 0.871386
0.88528 0.891177
0.871959 0.870344
0.882206 0.887955
0.90299 0.90214
0.893188 0.896384
0.891344 0.908192
0.883484 0.886729
0.904161 0.909553
0.88442 0.884857
0.890772 0.885057
0.895838 0.899307
0.917134 0.921093
0.911039 0.909046
0.885552 0.890519
0.890483 0.89305
0.883985 0.887489
0.908254 0.910172
0.911428 0.905511
0.898569 0.907299
0.903003 0.903701
0.909575 0.903955
0.905192 0.909051
0.880567 0.890099
0.912394 0.898352
0.909472 0.920149
0.893992 0.894077
0.902179 0.906053
0.89142 0.893866
0.894188 0.897305
0.869539 0.875029
0.884914 0.886341
0.894471 0.890875
0.904061 0.899532
0.909754 0.911649
0.891776 0.892463
0.874435 0.875645
0.89358 0.90057
0.899307 0.897709
0.882628 0.8911
0.904068 0.901184
0.908921 0.896162
0.894322 0.891486
0.899884 0.90337
0.900878 0.901582
0.88221 0.879564
0.889314 0.880908
0.881997 0.881026
0.854351 0.858938
0.887042 0.880181
0.868138 0.871539
0.875232 0.865628
0.876274 0.870718
0.877905 0.875697
0.902992 0.906236
0.896215 0.905451
0.89839 0.900034
0.907865 0.905451
0.905078 0.905386
0.901439 0.891049
0.911409 0.915526
0.898929 0.889587
0.911754 0.904881
0.89959 0.893758
0.883243 0.878266
0.878647 0.888572
0.862423 0.861673
0.893557 0.900096
0.903452 0.901805
0.880919 0.886048
0.862609 0.864396
0.886458 0.896572
0.898412 0.89574
0.895804 0.896394
0.905009 0.908117
0.906322 0.900199
0.902195 0.892438
0.902821 0.896205
0.891416 0.883131
0.889246 0.889202
0.877091 0.879005
0.85925 0.854671
0.863534 0.863753
0.88797 0.887735
0.890924 0.898815
0.874205 0.881583
0.863516 0.877318
0.877017 0.87642
0.865597 0.871913
0.863984 0.863138
0.871879 0.869224
0.883117 0.883205
0.87903 0.874676
0.840981 0.846137
0.855372 0.846316
0.867764 0.871372
0.869309 0.8684
0.889567 0.892591
0.869184 0.876825
0.897869 0.891743
0.876084 0.875068
0.869221 0.871428
0.874316 0.867931
0.901261 0.908095
0.905741 0.915828
0.868025 0.867077
0.875418 0.870222
0.888613 0.885802
0.892175 0.896833
0.901429 0.899608
0.868475 0.860408
0.887681 0.880564
0.877457 0.864385
0.868903 0.872589
0.873181 0.884567
0.872891 0.867577
0.890506 0.895327
0.895774 0.89151
0.894617 0.902574
0.879369 0.879567
0.902239 0.890595
0.886973 0.875321
0.888206 0.89496
0.896962 0.880903
0.8674 0.874937
0.853585 0.855492
0.858475 0.86182
0.819109 0.824895
0.853974 0.858204
0.851668 0.849238
0.844046 0.851246
0.857459 0.861563
0.851931 0.855042
0.856357 0.863231
0.857235 0.858169
0.860076 0.862535
0.884005 0.887971
0.87228 0.867997
0.846244 0.837258
0.813922 0.800253
0.767022 0.77142
0.796088 0.799808
0.795842 0.800044
0.842401 0.848196
0.838699 0.833015
0.860668 0.85456
0.819142 0.821757
0.829964 0.834732
0.852077 0.857783
0.874271 0.87671
0.890312 0.88563
0.906985 0.905332
0.881312 0.8737
0.866312 0.868178
0.849001 0.856733
0.856673 0.853583
0.863383 0.852087
0.854756 0.853127
0.853982 0.860883
0.855975 0.850434
0.85819 0.856513
0.884019 0.884481
0.836437 0.835864
0.836098 0.8386
0.852399 0.863104
0.882545 0.884364
0.865043 0.865241
0.866572 0.870889
0.875787 0.875371
0.853703 0.859072
0.847955 0.85598
0.8568 0.86795
0.856192 0.856869
0.861127 0.866372
0.858943 0.8602
0.86634 0.86318
0.854648 0.848997
0.827009 0.840108
0.833848 0.83609
0.864154 0.852572
0.869243 0.866876
0.888602 0.889926
0.881332 0.87257
0.86661 0.864487
0.874303 0.877724
0.888002 0.892517
0.860925 0.861237
0.868056 0.865023
0.827562 0.830673
0.868239 0.868745
0.879622 0.879258
0.879112 0.887122
0.864708 0.868
0.828062 0.829595
0.853886 0.854962
0.843723 0.8517
0.836031 0.83211
0.833165 0.837489
0.857258 0.852565
0.871118 0.874754
0.883972 0.889121
0.879057 0.875149
0.894778 0.898816
0.903238 0.900245
0.907342 0.91146
0.904118 0.901356
0.907376 0.910203
0.91219 0.908112
0.889959 0.88339
0.896615 0.890559
0.895859 0.892347
0.901448 0.894071
0.898039 0.893772
0.909901 0.910148
0.903199 0.904421
0.907093 0.904451
0.932011 0.922644
0.904007 0.906656
0.909137 0.916495
0.919074 0.927563
0.929076 0.925213
0.902884 0.903127
0.887871 0.882369
0.890638 0.893095
0.897452 0.892726
0.901441 0.903049
0.896748 0.900933
0.891072 0.897166
0.904696 0.912293
0.88815 0.888414
0.90221 0.899273
0.87966 0.883636
0.884739 0.889919
0.897601 0.891204
0.88384 0.876625
0.880877 0.877055
0.874867 0.873196
0.869585 0.87764
0.88008 0.881881
0.89238 0.879839
0.895929 0.902329
0.900107 0.894573
0.900972 0.900858
0.906267 0.907435
0.906865 0.900704
0.896805 0.898857
0.890039 0.899161
0.882746 0.887368
0.876668 0.884009
0.867265 0.855557
0.874999 0.879631
0.878703 0.876627
0.834529 0.829834
0.833351 0.835527
0.836568 0.844505
0.858559 0.857257
0.832307 0.827506
0.833413 0.832499
0.866484 0.869951
0.862635 0.863718
0.851147 0.859237
0.856638 0.857057
0.873882 0.874138
0.868059 0.861454
0.896754 0.903725
0.871118 0.867245
0.882039 0.886484
0.866219 0.863279
0.882652 0.877078
0.88855 0.891958
0.909365 0.904834
0.901252 0.898855
0.901469 0.900653
0.910943 0.91999
0.905397 0.901769
0.902833 0.902384
0.904553 0.905724
0.905582 0.909626
0.899091 0.903872
0.893727 0.905233
0.894525 0.875783
0.906419 0.911861
0.900886 0.900808
0.882543 0.88097
0.882596 0.882331
0.882413 0.873182
0.874014 0.868154
0.88714 0.890516
0.922174 0.916561
0.892581 0.898102
0.886972 0.89194
0.902538 0.896516
0.913189 0.909385
0.913023 0.910441
0.916075 0.917446
0.922344 0.917299
0.910858 0.922013
0.913205 0.919592
0.918893 0.919028
0.910503 0.906118
0.897075 0.896265
0.908171 0.911568
0.922542 0.919241
0.918577 0.922783
0.921636 0.924945
0.91205 0.914225
0.905318 0.904827
0.908602 0.906091
0.905513 0.909659
0.893771 0.890384
0.874412 0.878121
0.879294 0.882627
0.864005 0.862787
0.889789 0.891619
0.840241 0.8467
0.865416 0.8704
0.847611 0.853952
0.837353 0.834847
0.853292 0.848069
0.839871 0.84651
0.843307 0.847646
0.847541 0.847881
0.873712 0.869927
0.876817 0.871074
0.872524 0.872508
0.850944 0.853212
0.860425 0.862577
0.868262 0.863948
0.900693 0.896929
0.886543 0.889716
0.872277 0.871413
0.878236 0.879284
0.885778 0.882987
0.910408 0.911964
0.909421 0.910081
0.894674 0.892309
0.905015 0.915635
0.875412 0.875024
0.871575 0.87669
0.886454 0.874605
0.906562 0.906273
0.888686 0.884208
0.896118 0.89759
0.888043 0.898058
0.894864 0.889597
0.890934 0.887291
0.879984 0.880923
0.870138 0.877703
0.875647 0.872371
0.898521 0.895852
0.893594 0.905709
0.900694 0.908371
0.896296 0.889512
0.904341 0.900568
0.902741 0.905256
0.888841 0.888897
0.900988 0.888544
0.876943 0.877648
0.897456 0.894209
0.893166 0.88893
0.881334 0.876595
0.86753 0.875386
0.868157 0.868583
0.852633 0.857158
0.882808 0.872624
0.857959 0.850308
0.863436 0.851013
0.890907 0.88537
0.879555 0.872524
0.859794 0.864789
0.898795 0.889089
0.909997 0.905743
0.895753 0.88991
0.889645 0.890474
0.898777 0.898687
0.895629 0.897018
0.871775 0.87208
0.860187 0.865787
0.853786 0.850013
0.891856 0.890737
0.907636 0.906704
0.907847 0.902612
0.875288 0.876114
0.875244 0.872649
0.888586 0.898479
0.872636 0.869175
0.889283 0.887935
0.89151 0.881592
0.890393 0.898439
0.893061 0.891454
0.882772 0.886469
0.883647 0.876828
0.88755 0.895665
0.8818 0.878097
0.894208 0.884465
0.88365 0.889327
0.877681 0.88744
0.891982 0.891741
0.893161 0.89937
0.887949 0.890562
0.90313 0.906714
0.90612 0.912301
0.90224 0.90528
0.892556 0.888015
0.890657 0.894593
0.87787 0.883092
0.890273 0.890759
0.882641 0.889727
0.902419 0.898183
0.912538 0.906532
0.908868 0.908698
0.914232 0.9122
0.892546 0.897957
0.88329 0.883494
0.895867 0.887166
0.889996 0.889314
0.875496 0.867524
0.873634 0.870752
0.874557 0.877783
0.88075 0.88303
0.876775 0.874668
0.867383 0.870047
0.882059 0.88589
0.896565 0.900111
0.881808 0.884304
0.879446 0.875511
0.872119 0.879639
0.878487 0.883368
0.90974 0.901634
0.861239 0.863918
0.880013 0.877474
0.862117 0.855582
0.874288 0.873108
0.866143 0.865792
0.882902 0.882589
0.875882 0.873787
0.877541 0.885921
0.906123 0.910262
0.908828 0.904097
0.906081 0.909229
0.891324 0.898786
0.881215 0.883484
0.88985 0.884356
0.889984 0.892132
0.880982 0.882289
0.868124 0.864809
0.875219 0.86972
0.896815 0.888991
0.887419 0.89434
0.879674 0.873722
0.8979 0.894993
0.90991 0.904273
0.919779 0.917675
0.904684 0.903621
0.912809 0.913368
0.909935 0.916807
0.856068 0.868257
0.863285 0.869872
0.856029 0.849966
0.868433 0.872429
0.867829 0.86753
0.894349 0.894751
0.878013 0.877152
0.882701 0.888221
0.868612 0.873015
0.899431 0.901119
0.900497 0.901758
0.881719 0.884124
0.915998 0.910281
0.899392 0.888394
0.905981 0.905314
0.910249 0.918849
0.916336 0.914206
0.902835 0.905398
0.90343 0.900844
0.905798 0.910167
0.886106 0.885139
0.892045 0.900732
0.9046 0.903653
0.85721 0.855497
0.882461 0.882361
0.869047 0.866806
0.86347 0.865423
0.891205 0.891542
0.868647 0.864309
0.869445 0.872571
0.881734 0.88331
0.909577 0.914743
0.915557 0.908081
0.899937 0.903409
0.900375 0.898276
0.872249 0.875238
0.878429 0.878575
0.875838 0.873356
0.877835 0.882467
0.877701 0.874926
0.877847 0.885086
0.8591 0.846191
0.868622 0.869471
0.861888 0.856828
0.836127 0.843233
0.84936 0.850446
0.850692 0.84791
0.824493 0.820785
0.841254 0.838893
0.853663 0.861224
0.853565 0.858012
0.880903 0.871715
0.883666 0.889009
0.899365 0.895573
0.904845 0.904792
0.881441 0.889585
0.892425 0.898242
0.908656 0.897388
0.909058 0.907899
0.876633 0.880906
0.89914 0.901131
0.915571 0.916167
0.900293 0.907332
0.907994 0.895956
0.889548 0.888186
0.905917 0.898354
0.902555 0.902725
0.912726 0.918771
0.910255 0.913881
0.908009 0.910207
0.90375 0.89094
0.897485 0.906293
0.904517 0.900026
0.908428 0.907072
0.896617 0.886757
0.899075 0.894602
0.900447 0.902578
0.895488 0.894422
0.882871 0.882664
0.892059 0.884571
0.894372 0.887456
0.87059 0.869343
0.869472 0.865993
0.871075 0.871149
0.896569 0.893801
0.90257 0.908696
0.903378 0.906852
0.90072 0.903467
0.905881 0.905141
0.895136 0.894334
0.915327 0.915436
0.920077 0.919474
0.904205 0.905488
0.909904 0.905837
0.89664 0.895296
0.883378 0.893429
0.886516 0.89431
0.874299 0.880825
0.908354 0.907161
0.893447 0.891211
0.89491 0.901136
0.876764 0.877163
0.868875 0.873066
0.849332 0.842839
0.837445 0.835444
0.841826 0.837079
0.83021 0.816938
0.842101 0.834784
0.865288 0.872179
0.897975 0.899148
0.867947 0.873489
0.914721 0.903837
0.918956 0.916767
0.910014 0.913757
0.92222 0.923428
0.921221 0.918519
0.91129 0.914627
0.912191 0.904926
0.905032 0.907186
0.902637 0.897801
0.896946 0.902872
0.907805 0.905282
0.875863 0.879541
0.875288 0.880439
0.885738 0.893428
0.901825 0.902061
0.885528 0.887529
0.890297 0.891928
0.891824 0.889458
0.888351 0.88015
0.900416 0.900655
0.882573 0.879828
0.915713 0.914129
0.916704 0.918604
0.892492 0.891511
0.915188 0.920108
0.914004 0.913348
0.891824 0.882446
0.89555 0.893577
0.904054 0.899082
0.896726 0.897571
0.90269 0.910616
0.876282 0.890955
0.881754 0.884574
0.89416 0.89064
0.853233 0.857758
0.876574 0.883941
0.872719 0.879085
0.872488 0.872428
0.853986 0.868736
0.852692 0.848527
0.834013 0.838911
0.889631 0.891817
0.876722 0.872113
0.871703 0.867038
0.869423 0.867614
0.884436 0.888831
0.903427 0.899214
0.906519 0.90508
0.897256 0.901207
0.894201 0.895923
0.880139 0.877512
0.880448 0.8776
0.885219 0.88484
0.888333 0.894946
0.892713 0.890354
0.885621 0.886347
0.882052 0.889343
0.896283 0.894382
0.899376 0.902203
0.90413 0.912182
0.896961 0.895581
0.88572 0.88405
0.91397 0.91114
0.886187 0.879054
0.875278 0.872194
0.882032 0.878017
0.884079 0.877633
0.90215 0.88948
0.893269 0.891541
0.902763 0.892856
0.898512 0.896904
0.882476 0.879221
0.886414 0.890567
0.894857 0.895681
0.908076 0.910199
0.893009 0.884741
0.887239 0.894466
0.884235 0.879105
0.898913 0.89537
0.905655 0.903041
0.901219 0.899436
0.893886 0.898604
0.885724 0.878584
0.880751 0.882374
0.877993 0.893684
0.865635 0.863494
0.853138 0.858854
0.883189 0.888418
0.896517 0.900733
0.891149 0.885677
0.855538 0.860836
0.869649 0.881567
0.875083 0.868001
0.898045 0.90663
0.887457 0.883089
0.895723 0.895531
0.896225 0.890432
0.894721 0.890563
0.89857 0.900995
0.903924 0.906285
0.896488 0.894077
0.892297 0.888142
0.890332 0.887861
0.904714 0.901506
0.888268 0.888383
0.885499 0.88896
0.879561 0.881289
0.901486 0.898343
0.908642 0.911635
0.898278 0.898218
0.886882 0.884777
0.880728 0.874871
0.878739 0.886106
0.870972 0.868774
0.873678 0.867021
0.856445 0.859145
0.84132 0.853333
0.852298 0.850114
0.846504 0.849871
0.832096 0.833655
0.825015 0.814514
0.789388 0.793428
0.807997 0.809714
0.843066 0.837841
0.822334 0.833664
0.835996 0.840093
0.840941 0.836052
0.844065 0.849254
0.843989 0.841463
0.818181 0.819097
0.829563 0.846275
0.879252 0.87964
0.885884 0.884046
0.851195 0.856693
0.877323 0.880923
0.884189 0.88693
0.883761 0.885938
0.895171 0.902488
0.88405 0.884973
0.913105 0.918457
0.919474 0.916226
0.919687 0.919829
0.916831 0.921737
0.90418 0.904392
0.89669 0.899009
0.905504 0.910647
0.913683 0.916386
0.911021 0.914092
0.908121 0.906682
0.890044 0.891744
0.893657 0.890203
0.87557 0.875879
0.87892 0.883795
0.886267 0.889081
0.904416 0.91697
0.88874 0.895123
0.873877 0.880448
0.884472 0.88322
0.889365 0.882836
0.885146 0.890674
0.876504 0.885451
0.874685 0.875051
0.870934 0.881981
0.880613 0.877725
0.876704 0.882819
0.8811 0.879676
0.898223 0.890587
0.889474 0.88256
0.892218 0.892209
0.897013 0.887613
0.902624 0.900546
0.894212 0.898455
0.905119 0.901046
0.903717 0.900752
0.901189 0.903856
0.852815 0.856605
0.858556 0.856077
0.84897 0.846804
0.865663 0.875703
0.878912 0.872512
0.876708 0.873196
0.875445 0.875075
0.884838 0.885769
0.895953 0.899496
0.912451 0.915284
0.908662 0.90049
0.884956 0.887769
0.870692 0.871527
0.863693 0.859273
0.866827 0.862227
0.883062 0.881597
0.895427 0.883595
0.878908 0.87816
0.86935 0.869647
0.83405 0.828329
0.851606 0.845718
0.884646 0.8819
0.871851 0.871613
0.858947 0.863322
0.895374 0.883169
0.889609 0.884159
0.88736 0.891804
0.883121 0.882062
0.906687 0.904683
0.91109 0.910735
0.91378 0.908771
0.903903 0.911858
0.87942 0.875711
0.872777 0.881838
0.893469 0.897167
0.882698 0.876096
0.88206 0.885411
0.874432 0.884249
0.890235 0.896623
0.893321 0.887926
0.873137 0.873661
0.886258 0.874321
0.876931 0.879621
0.906724 0.897149
0.898898 0.903713
0.901877 0.89876
0.918183 0.908277
0.896345 0.892922
0.910318 0.915945
0.908834 0.899346
0.899266 0.892786
0.898621 0.907134
0.899283 0.901774
0.900204 0.904518
0.895003 0.891707
0.905564 0.906629
0.914963 0.908083
0.895118 0.901504
0.899475 0.8911
0.892121 0.886404
0.872194 0.871135
0.859066 0.86277
0.87438 0.878704
0.885818 0.881864
0.880514 0.88336
0.880287 0.876473
0.880178 0.891993
0.879648 0.881696
0.902135 0.904949
0.891408 0.893307
0.89305 0.880144
0.866138 0.874996
0.86645 0.880646
0.882723 0.882287
0.873346 0.871096
0.860936 0.862746
0.871701 0.874349
0.87188 0.878692
0.845052 0.853355
0.866483 0.87215
0.887463 0.889227
0.878939 0.87963
0.868411 0.863949
0.87127 0.860963
0.864803 0.861423
0.87409 0.865284
0.860636 0.847968
0.870186 0.871466
0.852679 0.865953
0.891899 0.897236
0.888583 0.892852
0.895249 0.89956
0.896002 0.896431
0.882029 0.880222
0.884444 0.880023
0.887867 0.894616
0.892698 0.896235
0.905868 0.908913
0.894178 0.895375
0.895142 0.894541
0.900348 0.903423
0.9104 0.906197
0.909856 0.91282
0.915357 0.922269
0.923207 0.926384
0.896181 0.902585
0.892213 0.890972
0.898967 0.90069
0.909297 0.905097
0.891079 0.893811
0.904535 0.900938
0.868987 0.869996
0.872829 0.858681
0.866066 0.868938
0.883847 0.891828
0.890238 0.886227
0.878138 0.870672
0.887601 0.882372
0.878616 0.875632
0.882916 0.883743
0.876914 0.869888
0.881828 0.883898
0.881559 0.888374
0.839814 0.836954
0.868643 0.859962
0.882413 0.876427
0.875989 0.874376
0.864129 0.858441
0.846862 0.853515
0.875299 0.873027
0.894716 0.899078
0.899522 0.895242
0.900164 0.898456
0.898635 0.900919
0.900751 0.89398
0.900949 0.896221
0.876736 0.872651
0.85497 0.870779
0.86861 0.871813
0.884229 0.878718
0.904699 0.902744
0.908296 0.913986
0.916071 0.915172
0.907422 0.903583
0.880608 0.878085
0.869193 0.871803
0.894237 0.906617
0.904663 0.904368
0.896416 0.89468
0.904346 0.903303
0.908128 0.906249
0.88937 0.894155
0.865918 0.877297
0.865154 0.867661
0.8676 0.864238
0.854851 0.861557
0.864374 0.865975
0.872965 0.878798
0.870588 0.870254
0.883452 0.875747
0.886983 0.878698
0.870428 0.869337
0.874551 0.874983
0.862698 0.853939
0.861954 0.862083
0.857158 0.858032
0.850945 0.851941
0.852268 0.854819
0.903104 0.902097
0.904059 0.897321
0.898913 0.894376
0.887805 0.87727
0.865603 0.86623
0.85228 0.860482
0.884133 0.880554
0.893816 0.89923
0.905346 0.903296
0.882266 0.893658
0.911394 0.90445
0.90615 0.909001
0.907835 0.90665
0.882043 0.882842
0.867282 0.852301
0.835432 0.836377
0.88225 0.879215
0.862957 0.865139
0.884291 0.877528
0.906674 0.903558
0.892872 0.888356
0.899326 0.900115
0.892075 0.898639
0.906066 0.910163
0.895681 0.897371
0.897694 0.899127
0.899561 0.906914
0.884257 0.898597
0.875751 0.879589
0.884895 0.893022
0.860766 0.856212
0.875333 0.873371
0.876979 0.88159
0.875535 0.876852
0.892455 0.890431
0.879277 0.889618
0.892308 0.895352
0.884871 0.895598
0.897662 0.892862
0.900413 0.898686
0.885488 0.884894
0.914859 0.912756
0.898883 0.895152
0.877307 0.87746
0.881163 0.878243
0.906539 0.903986
0.921625 0.917373
0.920066 0.919632
0.87741 0.88248
0.853994 0.858521
0.89607 0.899238
0.886607 0.889621
0.892987 0.902555
0.902597 0.906884
0.901944 0.896988
0.904142 0.896842
0.900957 0.900648
0.898749 0.890771
0.921618 0.920582
0.910901 0.91666
0.882967 0.879946
0.907913 0.917867
0.907626 0.906616
0.891154 0.913286
0.898017 0.903231
0.897724 0.901933
0.883658 0.87532
0.88681 0.889129
0.87404 0.877705
0.89667 0.898193
0.906233 0.90098
0.891163 0.891937
0.895227 0.901142
0.919072 0.924206
0.907266 0.906989
0.886562 0.883676
0.884276 0.890021
0.888694 0.892391
0.877032 0.870694
0.886093 0.872793
0.865526 0.858964
0.864416 0.862599
0.886292 0.886815
0.886016 0.880539
0.86934 0.870921
0.849859 0.85498
0.871481 0.865208
0.903782 0.909837
0.904045 0.909814
0.907755 0.910814
0.904086 0.902256
0.904436 0.903663
0.892049 0.892227
0.889162 0.890453
0.903834 0.904019
0.8883 0.891463
0.891145 0.884703
0.901439 0.904583
0.888738 0.879108
0.884627 0.884065
0.867495 0.867211
0.885212 0.885188
0.872299 0.8745
0.857362 0.855931
0.853643 0.851507
0.860515 0.863254
0.868334 0.876865
0.870415 0.878244
0.858741 0.857795
0.861702 0.867263
0.843346 0.836364
0.880384 0.880936
0.88174 0.888306
0.894523 0.88913
0.886019 0.877425
0.839743 0.844168
0.868468 0.86622
0.889686 0.888819
0.901363 0.891024
0.890642 0.902009
0.89388 0.897116
0.906813 0.89633
0.880147 0.886019
0.885376 0.892038
0.907717 0.89981
0.914586 0.908243
0.914679 0.917888
0.911497 0.908201
0.910679 0.903913
0.913833 0.909003
0.908643 0.908483
0.913404 0.904889
0.884103 0.881962
0.894937 0.889878
0.86335 0.861725
0.846156 0.851949
0.89596 0.890996
0.892877 0.886267
0.903129 0.895363
0.911195 0.913008
0.900753 0.900322
0.882999 0.888553
0.889941 0.8931
0.877047 0.885893
0.893262 0.888155
0.886659 0.883785
0.874588 0.879161
0.877503 0.88441
0.892207 0.893279
0.874725 0.877244
0.894015 0.892427
0.881512 0.882708
0.891852 0.894352
0.868945 0.876587
0.864111 0.873507
0.894611 0.885238
0.894031 0.899812
0.906429 0.90923
0.910493 0.906923
0.882642 0.887057
0.896145 0.899264
0.90072 0.904838
0.890393 0.895772
0.910282 0.909466
0.905948 0.90896
0.904172 0.897332
0.924723 0.922754
0.929465 0.917277
0.91096 0.912276
0.893235 0.889152
0.86333 0.859796
0.867365 0.868014
0.888529 0.881277
0.884786 0.886973
0.890535 0.891882
0.886975 0.883448
0.868899 0.867468
0.856382 0.860565
0.829431 0.837981
0.837303 0.836093
0.844273 0.836587
0.832641 0.827623
0.83821 0.839136
0.866555 0.872039
0.861083 0.856681
0.872792 0.870959
0.849382 0.843522
0.875415 0.867338
0.873643 0.868826
0.878072 0.894569
0.875683 0.875876
0.890927 0.89465
0.8612 0.865164
0.872043 0.875005
0.879861 0.880419
0.887761 0.893085
0.871299 0.877124
0.885849 0.889233
0.888372 0.873881
0.86742 0.867927
0.868689 0.869565
0.85732 0.862932
0.859252 0.86536
0.847451 0.861526
0.860705 0.858399
0.864348 0.855295
0.88134 0.876479
0.87732 0.884964
0.903689 0.899471
0.887855 0.888685
0.905202 0.906267
0.895595 0.889177
0.895861 0.901283
0.900164 0.905153
0.910102 0.900882
0.900661 0.892761
0.882012 0.871563
0.870326 0.871361
0.89275 0.892377
0.897233 0.897503
0.908763 0.900106
0.914228 0.912189
0.90471 0.911672
0.900559 0.905224
0.892243 0.897929
0.899673 0.899077
0.879415 0.867601
0.888693 0.890422
0.899005 0.896102
0.891042 0.888434
0.885607 0.883217
0.898212 0.896628
0.894024 0.895452
0.893449 0.897806
0.870076 0.880606
0.893808 0.892618
0.896432 0.892681
0.885282 0.887631
0.882558 0.890922
0.915177 0.91669
0.861944 0.864996
0.866917 0.857653
0.846082 0.834993
0.837614 0.835713
0.841291 0.841785
0.830871 0.836728
0.82174 0.831988
0.845713 0.851429
0.86451 0.860352
0.863516 0.86887
0.847462 0.843497
0.843016 0.849846
0.86715 0.866912
0.870375 0.866746
0.881677 0.875098
0.889049 0.891626
0.900711 0.905765
0.897258 0.896738
0.881605 0.892971
0.908655 0.909557
0.915731 0.923745
0.898803 0.89631
0.87515 0.877708
0.858447 0.860814
0.874114 0.881371
0.879231 0.881595
0.87414 0.877293
0.882534 0.88786
0.889783 0.891471
0.917914 0.913495
0.910033 0.916615
0.910249 0.906745
0.889627 0.888156
0.914144 0.920022
0.910754 0.918598
0.910998 0.909021
0.903308 0.901413
0.917713 0.907679
0.926898 0.920591
0.921304 0.924512
0.893566 0.892536
0.894739 0.896682
0.920557 0.919355
0.909365 0.911311
