0.168342 0.106431
0.0893714 0.103039
0.188434 -0.00822445
0.0477768 0.0228303
0.128456 -0.131095
0.128176 -0.0181578
0.0522715 -0.0214668
0.122019 0.0698532
0.118764 0.104953
0.20592 -0.106123
0.163946 -0.0389521
0.244111 0.0263035
0.0911004 -0.05933
0.200977 -0.0115739
0.171919 0.0353363
0.256715 -0.0667369
0.199878 0.0762176
0.108353 -0.026136
0.151996 -0.0680463
0.111001 -0.025338
0.195776 0.0334703
0.0873498 0.0888679
0.0520847 -0.06307
0.12702 -0.0982773
0.300885 0.0982454
0.195712 -0.016227
0.130494 -0.0161949
0.152643 -0.0209878
0.0352096 0.0437348
0.197333 -0.0646483
0.0717588 -0.150273
0.266368 -0.036226
0.205473 0.0919398
0.0738519 -0.0307514
0.0640593 0.0795026
0.118103 -0.0473673
0.259023 0.0184007
0.130708 -0.0337422
0.124539 0.066874
0.104815 -0.0402872
0.104217 0.0230614
0.172788 -0.0084921
0.207806 0.0792586
0.180718 0.0523417
0.112051 0.056844
0.146422 0.0010337
0.220506 0.0582527
0.147464 0.0812657
0.211814 0.0340546
0.192695 -0.0350009
0.240972 0.0111348
0.160594 0.0174262
0.115717 0.0278687
0.196386 0.00707089
0.117873 0.0086367
0.124625 -0.043233
0.297377 0.00172972
0.118134 -0.00727865
0.15195 0.00324705
0.156517 -0.00316519
0.103167 0.058399
0.0863667 0.0783207
0.114844 -0.0132994
0.253549 -0.0463977
0.166317 0.0505174
0.222563 0.0610679
0.152861 -0.00335356
0.192277 -0.0835583
0.193426 0.016612
0.256179 0.0048644
0.191505 -0.0567969
0.101757 0.0022459
0.0656891 0.0608342
0.0799763 0.0301898
0.0852551 -0.175125
0.168909 -0.0862023
0.090886 -0.0407778
0.212813 -0.00209534
0.19434 0.0979722
0.146217 0.00779414
0.292818 -0.0297191
0.155544 -0.0335878
0.148578 -0.027743
0.22591 0.0268133
0.13855 0.135793
0.114617 0.0807109
0.279573 0.0268293
0.19763 0.0349245
0.111382 -0.0718852
0.249203 -0.0148681
0.181874 0.0508397
0.264794 -0.065845
0.240414 -0.0887276
0.254039 -0.0325179
0.192613 0.0636974
0.147012 -0.040502
0.0676295 -0.0387448
0.181385 0.0471815
0.227034 -0.0357544
0.132207 0.00257951
0.207188 0.0650082
0.170909 -0.0192009
0.227903 0.0509472
0.246564 -0.0917012
0.0965684 0.0338052
0.12607 0.0139432
0.262529 0.0615833
0.122738 0.00948674
0.0885653 -0.0241537
0.165917 -0.0112248
0.116442 -0.0127328
0.0949611 -0.00505921
0.172692 0.0236053
0.0920378 0.0653306
0.173352 -0.00660713
0.115786 -0.000382397
0.197172 0.0231338
0.220094 0.015341
0.0939065 0.0326076
0.0896526 0.0468362
0.0349697 0.0828807
0.146212 -0.0090728
0.140033 -0.0216411
0.202155 -0.0421969
0.200679 -0.00683632
0.166738 0.0341172
0.0925774 -0.100342
0.0886184 0.027853
0.0853546 0.0391579
0.195789 0.119946
0.225315 -0.0183494
0.171311 0.0179572
0.0786414 -0.0149946
0.201233 -0.0075735
0.272381 0.149811
0.150542 0.0779947
0.15395 -0.0343144
0.0609256 -0.0188063
0.114972 0.0217722
0.10803 -0.0342189
0.231352 0.0774359
0.149938 0.0185162
0.241724 -0.0612422
0.208967 -0.0148973
0.132879 0.0915933
0.143045 -0.0171461
0.204582 -0.0979903
0.166733 -0.00869237
0.26104 -0.0452576
0.186269 -0.0159281
0.0968039 -0.0423022
0.0467287 0.0580818
0.111711 -0.0358177
0.0342073 -0.00170705
0.202416 0.0320803
0.206258 0.069848
0.198961 0.0632749
0.257138 0.0362551
0.168468 0.0248176
0.139095 -0.0282996
0.123719 -0.0426469
0.0744053 0.0165468
0.106657 0.0517188
0.155512 0.083986
0.182274 0.0951005
0.153065 -0.0983088
0.131925 -0.0321076
0.201496 -0.0907418
0.194434 -0.0644976
0.164433 -0.017283
0.215044 -0.0769398
0.19979 -0.00544659
0.199203 -0.0412973
0.304171 0.0232581
0.0997526 -0.0882171
0.0844008 0.0205575
0.121535 0.0448
0.194733 -0.0104391
0.100143 0.00935898
0.197734 0.0517073
0.162658 -0.091899
0.157742 -0.0348294
0.201843 -0.0218085
0.0880107 -0.0391073
0.111847 0.0509498
0.246008 -0.061408
0.219126 -0.0422318
0.110091 0.0717778
0.1493 0.0320964
0.20164 0.0774045
0.0941939 0.098002
0.144729 -0.0705968
0.131525 0.0586248
0.202198 0.00121115
0.177884 0.0231166
0.157848 -0.00162661
0.181904 0.0248714
0.207324 -0.00532378
0.198948 0.0473846
0.13129 -0.026878
0.0864093 0.0579793
0.0643806 0.110121
0.000403258 -0.0133357
0.19882 -0.114172
0.168153 -0.0617584
0.228157 0.0461526
0.196115 0.0627716
0.213642 0.0591545
0.127996 0.00843513
0.105736 0.0496053
0.209883 0.0153779
0.155461 0.0390068
0.00038206 0.0142986
0.103272 -0.0653545
0.0515192 -0.0840179
0.13546 0.0865916
0.216462 -0.0481774
0.0819651 0.0301294
0.144783 0.00828099
0.15743 0.0122532
0.208177 0.0647242
0.0907585 0.00732995
0.106741 0.0326322
0.219661 -0.034231
0.139253 0.090176
0.120692 -0.00134203
0.202448 0.0775516
0.177938 0.0130863
0.113511 0.0126687
0.116008 0.0514093
0.111628 0.0435269
0.180285 0.0275006
0.150448 -0.0355414
0.225573 0.106334
0.209896 -0.0267781
0.158829 0.0284712
0.127743 -0.00490289
0.0937036 -0.0371287
0.123458 0.00490802
0.262768 -0.0038791
0.0803852 -0.00509248
0.187958 0.0752448
0.0565257 -0.0830073
0.125264 -0.0174661
0.150709 0.0163199
0.163062 0.0471133
0.180278 -0.0184697
0.182777 0.0146393
0.203637 -0.0256176
0.0756263 -0.00980147
0.107578 -0.0254365
0.209498 -0.123199
0.192066 -0.0473811
0.167982 -0.00440868
0.208187 -0.0355834
0.118017 -0.0133716
0.0792501 0.0431122
0.113875 0.072547
0.0436669 0.0410595
0.280787 0.0538408
0.146344 -0.0239828
0.104289 -0.0197805
0.206657 -0.0396708
0.17598 -0.0231816
0.129056 0.0776343
0.161277 0.0264709
0.143263 -0.0134661
0.274034 0.0508461
0.169622 -0.00592298
0.197874 0.0885113
0.10862 0.0080703
0.148985 0.0390584
0.148727 0.127414
0.196318 -0.0605882
0.130732 -0.125085
0.193499 0.010373
0.0509296 0.050957
0.195677 -0.0974273
0.224635 0.00772593
0.151642 0.0510183
0.229308 -0.0510309
0.200823 0.0860169
0.147976 -0.0482563
0.179422 -0.0240912
0.148605 -0.0717793
0.171932 0.0339365
0.230142 0.0728165
0.0610513 0.0155564
0.267 -0.0186557
0.259845 -0.031899
0.132965 0.0433029
0.159441 0.0166884
0.0437281 -0.00503387
0.194313 0.0371618
0.0872417 -0.0788792
0.0685608 -0.0330058
0.119716 -0.00560785
0.173672 -0.0135567
0.172856 0.0763298
0.217057 0.0158547
0.219471 -0.0206248
0.177642 -0.0641566
0.105697 -0.0518708
0.182873 -0.0632777
0.129975 0.025288
0.0880005 0.0310107
0.189548 0.0226348
0.167316 -0.0158137
0.0853242 -0.0334245
0.160585 0.0593636
0.105819 -0.0187807
0.188445 0.0604499
0.276866 -0.05983
0.111192 0.000988993
0.115728 -0.0457968
0.100011 0.0461352
0.112975 0.0295358
0.179443 -0.0613966
0.112418 0.048705
0.102389 -0.00935336
0.183996 -0.0691451
0.102472 -0.0937378
0.121121 0.0108587
0.206394 -0.0592544
0.192226 -0.0252146
0.157402 0.0509388
0.207345 -0.0825889
0.18636 0.0521752
0.146023 -0.0058435
0.0248364 -0.0404256
0.218086 -0.0287253
0.13266 -0.0516836
0.183901 -0.0752746
0.144719 -0.0915999
0.0833171 0.0483908
0.227851 0.0110213
0.187718 0.0931195
0.110331 0.045826
0.178354 -0.0675778
0.137164 0.0629442
0.204529 0.0398294
0.0882489 0.0433905
0.21045 -0.0619316
0.109605 -0.0348191
0.168294 -0.011527
0.185888 0.0651758
0.238364 -0.0126395
0.215478 0.128609
0.127883 0.0441528
0.186794 -0.0101245
0.221746 0.00757384
0.100309 0.0661814
0.291785 -0.0550617
0.156255 -0.0619706
0.190472 0.082754
0.0959983 -0.0198486
0.176652 -0.0338486
0.208162 -0.0176437
0.169376 0.0320824
0.182815 -0.0205984
0.225489 0.028159
0.162156 -0.059019
0.0244075 0.0468573
0.153431 0.0182296
0.144066 0.0438436
0.109447 -0.0462087
0.169336 0.0257609
0.129014 -0.0636898
0.131936 -0.0128935
0.0582024 -0.0271768
0.0315569 -0.0283572
0.105135 -0.0126839
0.20972 0.0138056
0.156731 0.0303505
0.119683 -0.0687637
0.0701413 -0.0555406
0.130441 0.0346683
0.182747 0.0351841
0.182356 -0.0487347
0.119878 -1.41425e-05
0.174786 -0.0195791
0.206686 -0.0531342
0.036441 0.0699075
0.0683533 0.0569936
0.160708 -0.0459212
0.203685 0.0421442
0.279605 -0.0199484
0.0244571 0.132397
0.141801 -0.00306312
0.109392 -0.0222378
0.212493 -0.00814072
0.0676636 0.00776752
0.114039 0.037302
0.159563 -0.0906464
0.12701 0.0625923
0.019088 -0.0648602
0.201631 0.0828915
0.172827 -0.0449334
0.105097 0.00173288
0.153126 0.0586157
0.0448284 0.00827712
0.17206 0.00184431
0.0874503 -0.0341594
0.17503 0.0352494
0.156751 0.114573
0.0740062 -0.0465935
0.195329 0.00201556
0.204109 0.010755
0.202952 -0.0365057
0.182826 0.109444
0.228712 0.0570517
0.192222 -0.163269
0.134774 0.0072621
0.120833 0.00531356
0.185519 -0.0683105
0.150513 -0.0361475
0.0823403 0.039598
0.180702 0.0154976
0.179467 -0.0229295
0.151587 -0.00117385
0.16798 -0.103287
0.265315 -0.0140657
0.124579 0.0389976
0.100852 -0.0347956
0.152111 -0.00883339
0.132007 -0.033338
0.120964 -0.0194133
0.199079 -0.0194145
0.157456 -0.0297599
0.19675 -0.0220676
0.0739222 0.0807408
0.0845313 -0.00898511
0.053409 -0.00996343
0.174119 0.0487739
0.172609 0.0621504
0.158262 0.087023
0.129977 0.000340292
0.118027 -0.00105588
0.180564 -0.101058
0.175393 -0.0160884
0.21572 0.0272401
0.170411 -0.0561102
0.194155 0.0118414
0.0773687 0.0162396
0.203368 0.0436777
0.258177 -0.00512956
0.247408 -0.0440199
0.162014 0.0822646
0.144959 -0.0557628
0.0742539 -0.0454009
0.128066 -0.0170935
0.208333 0.107362
0.202819 0.0588967
0.20845 0.0552126
0.221948 0.111766
0.189674 0.0325755
0.133771 -0.0404482
0.137368 -0.0185654
0.0187513 -0.0212263
0.096647 0.0343457
0.235167 -0.00337028
0.12858 0.0780436
0.122276 -0.0201762
0.218987 0.021975
0.0558678 0.0345605
0.22569 0.0336589
0.0996306 0.0358823
0.143434 0.00786594
0.115925 0.0789875
0.193529 -0.0569816
0.177231 -0.00870675
0.158268 -0.0665583
0.0621297 0.185532
0.136591 -0.0720367
0.162496 0.0174062
0.080587 0.020708
0.0779054 -0.039981
0.123707 -0.0377967
0.0999365 -0.0050118
0.214926 0.0913284
0.129984 0.0704004
0.269282 -0.0170834
0.196888 -0.0771552
0.119613 -0.0759541
0.100854 -0.104296
0.12469 0.0909403
0.261232 0.0201265
0.234867 -0.0118501
0.065711 0.0371844
0.115103 -0.0393924
0.194787 -0.0116343
0.249125 -0.0635611
0.17995 0.026203
0.231775 0.063386
0.0567364 0.101968
0.2054 -0.0597254
0.0904661 -0.0583379
0.0461976 -0.0359517
0.0876602 -0.0985128
0.191463 0.0313355
0.0696832 0.00750477
0.0894532 0.0243787
0.115465 0.0200557
0.124418 -0.0696531
0.146202 -0.108659
0.239311 -0.0685586
0.191233 0.0586072
0.243243 -0.0209052
0.174094 -0.129344
0.138073 -0.0769742
0.222514 -0.0054497
0.177926 -0.0300954
0.172121 0.063933
0.157703 -0.0133873
0.116621 -0.0258179
0.15692 0.0178183
0.253484 -0.103198
0.0250254 -0.030829
0.124165 -0.00820533
0.0746407 -0.054176
0.193431 -0.123548
0.163 -0.00455294
0.118677 -0.026195
0.128995 0.0876073
0.186071 0.0462297
0.0788546 0.13181
0.0356209 -0.0439805
0.161892 -0.0371373
0.0905852 -0.118846
0.0123633 0.0141049
0.25849 -0.0564416
0.129761 0.0646102
0.153198 0.0637266
0.142468 0.0933031
0.1481 -0.0134038
0.0601062 -0.0454264
0.0719206 -0.0417951
0.15829 -0.0856678
0.0679948 0.0504801
0.142495 0.013213
0.119485 -0.125804
0.0688562 0.127241
0.125103 -0.0418552
0.110891 -0.140969
0.131404 0.0350652
0.191826 0.106504
0.178604 -0.137223
0.122788 -0.0156347
0.11328 -0.106766
0.238249 -0.139517
0.166272 0.0180462
0.196929 -0.102315
0.0809589 -0.00789559
0.0843804 0.0173962
0.031819 0.119166
0.144143 -0.0581546
0.173686 -0.0330802
0.0471797 0.0105394
0.299635 -0.105698
0.133217 0.0979748
0.0728422 -0.0904635
0.160782 0.0215067
0.223272 -0.0173488
0.159102 0.056533
0.121801 -0.127301
0.183025 -0.0498145
0.191769 -0.00337402
0.101451 -0.0175936
-0.00123497 -0.0171289
0.225641 0.00415954
0.168104 0.117097
0.197256 -0.036829
0.165832 -0.00392633
0.158935 0.0816616
0.137695 -0.0759845
0.139235 -0.0644154
0.186908 -0.00915832
0.15184 -0.0608174
0.11357 -0.0892377
-0.0130278 0.0169457
0.149163 0.0303309
0.231485 0.0346541
0.241311 -0.0339803
0.14175 -0.0284954
0.171256 -0.0483133
0.0867119 -0.108825
0.268319 0.0726498
0.110412 0.0652205
0.178773 0.0183725
0.136626 0.0170448
0.0452858 -0.000231432
0.118686 -0.0864362
0.174753 0.0198569
0.146154 -0.00656508
0.152293 -0.0566516
0.213514 -0.0321664
0.215323 -0.00170536
0.195547 -0.0985688
0.102997 0.0370928
0.067348 -0.0622049
0.160628 0.0354574
0.0908958 0.0593965
0.158272 0.0200161
0.261186 -0.063762
0.238158 -0.108852
0.11094 0.0151832
0.180827 0.00400172
0.0730536 -0.043443
0.117497 -0.0665877
0.100664 0.0534921
0.216298 -0.00235587
0.17454 0.00377626
0.216725 -0.0333834
0.0349137 -0.0436527
0.218053 0.043229
0.161228 0.0085521
0.0187664 0.0071369
0.0434489 -0.0579241
0.212124 0.0397952
0.177884 -0.0867508
0.148431 0.0258087
0.0980064 -0.0611419
0.104441 -0.0560723
0.185975 -0.020423
0.157349 0.057473
0.167357 -0.0884937
0.224705 0.00812637
0.0914833 0.0262762
0.131491 -0.0157466
0.0857006 -0.119277
0.176765 0.0493222
0.165961 0.140815
0.254206 0.0268245
0.23482 -0.0232858
0.188797 0.0861645
0.165742 0.0318321
0.0906091 -0.0365278
0.137218 -0.112052
0.133795 -0.0563308
0.0666174 -0.0304945
0.172022 -0.0787758
0.0511282 0.0319717
0.170517 -0.0354974
0.128835 0.00593872
0.160842 0.0446855
0.073481 0.0430897
0.14203 -0.0294617
0.238458 -0.0590893
0.165592 -0.0348755
0.0759192 0.0452439
0.153378 0.143874
0.146586 0.0328153
0.182693 0.0311419
0.222207 0.049384
0.153263 0.0957724
0.0583543 -0.011189
0.120554 -0.0817398
0.179186 -0.0665853
0.203933 0.115362
0.173267 -0.0822696
0.331279 -0.0100657
0.174611 -0.00444088
0.145508 0.00398374
0.137998 -0.00964648
0.0677479 0.0237592
0.195221 0.015411
0.196817 0.000838297
0.102694 -0.0311989
0.176866 -0.0168033
0.145665 -0.0118438
0.310474 -0.0837466
0.144377 -0.0925599
0.0632182 -0.0047117
0.185156 -0.0678888
0.231884 0.014112
0.143323 -0.0489353
0.210724 -0.0669663
0.10473 0.0132408
0.297764 0.0418701
0.0497925 -0.0199907
0.219221 0.0246094
0.106894 -0.0761096
0.147765 0.0758818
0.216965 -0.0832885
0.103717 0.0510452
0.126594 0.138125
0.0521027 -0.0509034
0.110756 0.0888578
0.0984057 0.0270417
0.165034 -0.0693302
0.226305 0.0645185
0.266607 -0.0715887
0.215402 0.115184
0.122363 -0.0442698
0.143789 0.0370543
0.249442 -0.021325
0.172044 -0.0538014
0.125326 -0.0468681
0.217669 -0.0218074
0.098912 0.0456775
0.170893 0.103709
0.13383 0.00768755
0.192457 -0.000479495
0.17391 -0.112344
0.228549 -0.112094
0.213092 0.00316425
0.16434 -0.0785679
0.113392 -0.0602294
0.150083 -0.0386286
0.136223 -0.0481845
0.0490794 0.0116171
0.183612 0.055405
0.151264 0.0592165
0.100342 -0.103257
0.20525 0.0567017
0.142694 -0.00898526
0.118128 0.0355329
0.241001 0.0384232
0.186371 -0.0669801
0.164914 -0.0359547
0.199156 -0.022682
0.0235943 -0.0525919
0.164963 0.0108146
0.114204 -0.0579515
0.143943 -0.0403085
0.12421 0.013179
0.181678 0.0106383
0.152233 0.0455085
0.218043 -0.00231684
0.18394 0.0715493
0.195828 0.0812045
0.0921381 0.027167
0.175317 -0.0646084
0.152854 0.0722089
0.125867 -0.104081
0.178884 -0.0627686
0.101001 0.100361
0.174878 0.00926702
0.195154 -0.0205781
0.0930441 -0.00556273
0.140902 -0.0187994
0.0711808 -0.00349106
0.218243 -0.00496391
0.113614 -0.0979809
0.238447 0.0141877
0.142351 0.0148187
0.271095 -0.0112345
0.278604 -0.0210146
0.145841 -0.0434099
0.217828 0.00911815
0.216739 0.0449395
0.197766 0.124273
0.0932032 -0.0170156
0.174047 -0.0225301
0.150398 0.0116508
0.0818636 -0.075296
0.139826 0.0436497
0.0625885 0.034462
0.125524 -0.0273739
0.252898 -0.0803893
0.225747 0.137406
0.186519 0.0621985
0.13723 -0.0786212
0.185766 0.0875028
0.123807 -0.0216787
0.154849 0.0695817
-0.00781429 0.0213705
0.209913 -0.0182464
0.0833784 0.0413811
0.234194 0.00785241
0.0476123 -0.060824
0.150546 -0.0361608
0.16661 0.131414
0.311985 0.0313747
0.175033 -0.0670463
0.162996 0.0690671
0.171805 0.0654984
0.266182 -0.106151
0.0449226 -0.0243919
0.222675 0.0599807
0.170407 0.011778
0.213887 0.112439
0.106419 0.00195124
0.138164 -0.00456856
0.134821 -0.116806
0.156832 0.0143168
0.156337 0.033167
0.151566 0.013575
0.17574 -0.0477209
0.183605 0.0391532
0.101039 -0.0158148
0.171701 -0.0330302
0.224113 -0.00359903
0.110358 0.00985264
0.134559 0.101328
0.279672 0.0141805
0.128891 -0.0314981
0.112349 0.0596279
0.177246 -0.105231
0.110587 -0.044523
0.124194 -0.0838673
0.299821 -0.0912233
0.181046 0.0123394
0.17865 -0.038952
0.244506 0.0359893
0.17514 -0.0752594
0.206873 0.00892888
0.154053 -0.0716193
0.158111 0.00513633
0.173943 0.00327945
0.185448 0.126304
0.0894357 0.0193177
0.1749 -0.0362047
0.13724 0.11551
0.137304 0.062883
0.0316452 -0.0212278
0.227375 0.0379677
0.042147 -0.0658951
0.139569 0.104921
0.124939 -0.0485409
0.0279846 -0.0172804
0.215666 -0.0651549
0.16882 -0.0870328
0.179887 -0.106264
0.204847 0.0873835
0.13843 -0.0324541
0.0520603 -0.0976926
0.0984916 0.030303
0.136618 -0.0587195
0.0978588 -0.0485078
0.086734 0.011755
0.062333 0.00214917
0.180321 -0.000614971
0.0726322 -0.00855841
0.128743 0.0261935
0.12256 0.0405022
0.185899 0.0218285
0.12061 -0.0372544
0.147691 0.0216179
0.237318 0.0127122
0.140319 0.0635603
0.137218 -0.00230124
0.253411 0.0498768
0.0756386 -0.0177199
0.170807 -0.0155031
0.130223 0.0190796
0.180645 -0.0201939
0.19308 0.0195428
0.157497 0.0175326
0.12925 -0.0152259
0.128198 0.0210464
0.19428 0.0500468
0.111585 -0.0348285
0.093288 -0.14162
0.302746 0.0434752
0.176288 0.0721097
0.148666 0.0438968
0.181942 -0.0380302
0.162402 0.0158375
0.221072 0.0227283
0.112236 0.0336184
0.240643 0.0430575
0.13736 -0.000902011
0.10966 0.00564008
0.210787 -0.0685743
0.0820964 -0.030264
0.114543 -0.0141666
0.153196 -0.0592257
0.0785266 -0.0883566
0.157743 0.0297228
0.17705 -0.00821095
0.0485485 0.0802955
0.159155 -0.0700214
0.111322 0.0413516
0.185176 -0.0726001
0.208225 0.0352822
0.109981 0.0706354
0.202642 0.0136705
0.189283 -0.0263212
0.100542 0.0123865
0.0965902 -0.0164578
0.121128 0.0533687
0.168457 -0.0307083
0.193537 0.0155909
0.208554 0.063154
0.188235 0.043529
0.0576308 -0.0449758
0.18405 0.0394615
0.0917051 -0.103212
0.0901081 -0.12368
0.284478 0.0366082
0.181481 -0.0571949
0.0667808 -0.0200086
0.206225 -0.0713066
0.152727 -0.0215115
0.173403 -0.0217156
0.23326 -0.0535373
0.281054 0.00638343
0.232129 -0.0130088
0.179821 -0.0534652
0.0742299 0.00278137
0.186977 -0.0220874
0.20405 0.114762
0.132467 0.0269013
0.114417 0.140871
0.144044 0.0998679
0.26212 0.0371259
0.0941454 0.0862354
0.159973 -0.0127071
0.0567004 0.0971295
0.18556 -0.0228971
0.0697584 -0.0147378
0.132738 -0.00749756
0.0822659 -0.0190567
0.205416 -0.0187953
0.066854 -0.0171222
0.162809 0.0446762
0.279672 0.0324753
0.088494 0.0337299
0.235058 0.0684577
0.113005 -0.0591036
0.0956589 0.00310472
0.03572 0.0254009
0.149337 0.109824
0.243491 0.0173092
0.139727 -0.0138825
0.17624 -0.00982673
0.0830283 -0.00880401
0.148435 -0.118654
0.227454 -0.0329898
0.0598441 -0.00582301
0.241071 -0.0517138
0.22092 0.0330953
0.186182 0.000732064
0.180634 -0.0136048
0.202402 -0.0228646
0.141338 0.0390573
0.175729 0.00928278
0.168245 -0.128749
0.171938 -0.00059825
0.199057 0.0378129
0.0829978 -0.0518403
0.082242 -0.0187983
0.132032 0.0556174
0.0221303 -0.0504107
0.124483 0.0780353
0.174762 0.0915032
0.231052 -0.0293153
0.169654 0.0275855
0.196611 -0.0746414
0.154862 0.0826088
0.203437 0.063664
0.184875 -0.00294174
0.0862641 -0.0736587
0.167092 -0.0862505
0.21956 -0.0258201
0.0930865 0.0759537
0.115676 0.0616229
0.15697 -0.0328613
0.304911 0.0683237
0.216609 -0.00839654
0.237621 -0.0932337
0.157958 0.015242
0.272891 -0.0854722
0.191666 -0.105676
0.123926 0.0422467
0.120498 -0.00653503
0.222269 -0.12141
0.108777 -0.104518
0.111448 -0.0311619
0.106568 -0.0473721
0.257378 -0.0470673
0.155238 -0.108066
0.219721 0.0484704
0.202081 -0.0694235
0.0391069 -0.0141853
0.188768 -0.00355341
0.112077 0.0849747
0.179587 -0.0652551
0.157385 -0.0761395
0.255927 0.132623
0.154278 -0.0613106
0.173715 -0.0430045
0.260621 -0.0450797
0.16413 0.0383792
0.22775 -0.0866283
0.105778 0.0545585
0.0839211 0.060324
0.22133 0.0234845
0.11409 0.0235806
0.18452 0.0327045
0.173717 0.0832045
0.196784 0.010754
0.2002 -0.139317
0.110569 -0.0497981
0.149105 0.0944684
0.105842 -0.0857842
0.105074 -0.0409691
0.141396 -0.032722
0.107972 0.0748626
0.279818 0.0961759
0.177126 0.0961782
0.12446 -0.0556235
0.153166 -0.0380307
0.0794666 0.0520106
0.236393 -0.103168
0.133438 0.0966115
0.109436 -0.0214575
0.212403 -0.0455713
0.0800525 -0.0210759
0.150527 0.0717939
0.1134 -0.178012
0.153942 -0.0022804
0.149218 -0.00811934
0.258493 -0.0592831
0.0843577 -0.00598201
0.0651977 -0.0208491
0.140762 0.160148
0.202455 0.0557051
0.113239 0.00110294
0.128376 0.0519256
0.049942 0.014311
0.125008 -0.0415083
0.142507 -0.0209004
0.135924 0.0801458
0.12134 -0.0437006
0.195859 0.0549995
0.0765049 -0.0409284
0.245242 0.100134
0.236916 -0.0907856
0.175308 0.0911372
0.0126105 -0.0535288
0.210777 0.0868015
0.183999 -0.0473857
0.0809145 -0.0690288
0.183712 0.0608863
0.106743 -0.0486248
0.0553329 0.0336146
0.0716905 0.149075
0.218995 -0.0253365
0.182165 0.0690375
0.198586 -0.0556562
0.0541234 0.0526477
0.146762 0.122395
0.131176 0.0475024
0.149042 -0.0439391
0.14991 -0.0611454
0.21036 0.0658219
0.182155 0.0675127
0.1331 0.015833
0.159405 -0.0689432
0.172873 0.113718
0.0907078 0.0615217
0.129658 -0.00813305
0.111773 -0.0483711
0.206976 -0.0381549
0.187621 -0.00665247
0.142563 0.0196054
0.18271 -0.0156441
0.0382264 -0.0781227
0.0318197 -0.0490082
0.118 0.0334716
0.182146 0.0696336
0.15259 0.0473518
0.156751 -0.0455445
0.12865 0.0973982
0.208357 -0.000826073
0.200531 0.0856929
0.0326301 0.0077106
0.197735 -0.0723777
0.183904 0.0462695
0.124523 0.0511583
0.298635 -0.0124129
0.185202 0.0332071
0.0670114 -0.0557864
0.167671 -0.056869
0.203689 0.0808723
0.152439 -0.0784108
0.166127 0.0631763
0.119154 0.00776946
0.251908 0.0842943
0.128717 0.00723217
0.142493 -0.0289173
0.232007 -0.0250644
0.0114854 -0.00561697
0.12727 0.0344609
0.158104 0.00187019
0.254409 -0.0424119
0.209169 -0.00292848
0.164936 0.122744
0.137074 -0.0450906
0.128358 -0.0637252
0.273065 0.073131
0.234187 -0.0861978
0.181462 -0.0755493
0.269392 0.119871
0.180229 -0.0031994
0.139516 0.0128509
0.120535 0.0668517
0.0921152 -0.00736078
0.127657 -0.018846
0.185412 -0.0333431
0.173304 -0.0131045
0.152364 -0.0748041
0.226013 -0.0803276
0.280821 0.00813565
0.0856394 -0.1927
0.130543 0.0120392
0.229569 -0.0644914
0.244642 -0.0116125
0.279944 0.0447035
0.150295 0.0823169
0.0529894 0.0274893
0.0424975 0.0295074
0.107557 -0.0161731
0.116515 0.0129612
0.268524 0.000393177
0.063893 0.0734923
0.234133 -0.0581525
0.167469 -0.0382861
0.227399 -0.12425
0.221049 0.00105076
0.168457 0.0806011
0.166569 0.0910365
0.118681 -0.0253884
0.189286 -0.0102403
0.234283 0.0527212
0.0602232 0.0207767
0.1774 -0.0906163
0.152702 0.0158517
0.169091 -0.0383281
0.142289 -0.0227679
0.161587 0.0445791
0.0784146 -0.0975277
0.147365 0.0319835
0.107525 0.051136
0.15258 0.077603
0.259298 0.115417
0.0899083 0.0798841
0.159409 -0.0416181
0.162214 0.0492431
0.167628 0.043496
0.175705 0.0140788
0.06722 -0.00427307
0.213126 -0.137112
0.236317 0.00340981
0.254895 0.0233818
0.0614057 0.134473
0.227931 -0.00731789
0.144293 0.0173642
0.153277 0.00935318
0.132768 -0.149607
0.159603 0.0436482
0.141679 0.0140838
0.194867 0.0822124
0.121411 0.0351951
0.169649 0.00215593
0.0593922 -0.0275579
0.210397 0.0923681
0.14138 0.0178467
0.0876801 -0.0767761
0.146216 0.0680699
-0.0224145 0.00346765
0.140333 0.0404154
0.122725 -0.00162017
0.171014 -0.0107423
0.164781 0.0994037
0.184646 0.0477278
0.0878501 0.0566395
0.188052 -0.0121436
0.210275 -0.0460553
0.178096 0.00925232
0.134568 -0.0542966
0.200025 -0.0359627
0.123143 0.0304506
0.12843 0.00172148
0.18392 -0.000247107
0.230566 0.0404097
0.0908476 -0.0236105
0.177011 0.0343997
0.170372 0.0423146
0.137127 -0.0370722
0.139865 0.00850427
0.0613107 0.0830975
0.0229025 0.0404682
0.0824745 -0.0105217
0.175236 0.0215151
0.164674 -0.0713404
0.172672 0.0226619
0.0215649 -0.0724321
-0.000800675 0.0183519
0.151011 0.019834
0.0869483 -0.0610129
0.096319 -0.0243415
0.190442 0.00769583
0.177575 0.038198
0.200475 -0.0222834
0.236716 0.072416
0.16041 0.0344552
0.289149 -0.0925882
0.177411 0.0563124
0.063853 0.0209936
0.0104879 0.035066
0.281149 -0.0561677
0.210255 0.0830376
0.127735 -0.0185654
0.157713 0.0223218
0.119289 -0.0136899
0.117453 -0.0615477
0.19377 0.0617045
0.173488 0.027354
0.253724 -0.0412535
0.145171 -0.0118593
0.248559 0.0220195
0.247048 0.0536277
0.108977 0.0335576
0.160786 -0.0721818
0.204843 -0.105421
0.109483 0.0288396
0.120721 -0.0140106
0.214613 0.074542
0.186667 -0.026347
0.166306 -0.127833
0.254 0.0731695
0.10768 0.0641475
0.135999 -0.114789
0.0991409 -0.0391357
0.160903 -0.0611625
0.0643116 0.0122089
0.240047 0.12441
0.218182 -0.00486522
0.14256 0.031842
0.160695 0.0671632
0.127442 -0.100061
0.130832 0.104505
0.153414 -0.0085726
0.175717 -0.00792635
0.124155 -0.0550727
0.20773 0.0383879
0.327017 -0.0128524
0.230009 0.0628692
0.185115 -0.0393635
0.11069 0.0743367
0.0427534 -0.0550841
0.160422 -0.137357
0.188826 -0.00899391
0.179944 0.0353828
0.0913617 -0.0150881
0.184356 0.0595533
0.133645 -0.025013
0.0689881 0.0783966
0.177164 -0.0051655
0.150736 0.0310219
0.173622 0.0459858
0.146711 0.0730745
0.129868 0.0101252
0.145336 0.0629174
0.261932 0.0659547
0.249212 0.0465637
0.0639107 0.0423331
0.0238383 0.00425276
0.0548228 -0.0508945
0.0690355 0.0594907
0.183632 0.00931302
0.138706 0.0846832
0.0187306 0.0896123
0.213231 -0.0322059
0.129098 0.0696742
0.0700405 0.0329395
0.252549 0.0749627
0.134905 -0.0722861
0.185716 -0.0136275
0.0433161 -0.0797615
0.200735 -0.0233705
0.204297 -0.057159
0.0492371 -0.0707242
0.175164 0.0218165
0.153716 -0.0131176
0.090695 -0.0420022
0.22594 -0.0261023
0.0508751 0.0197068
0.198297 -0.011297
0.241126 0.0077003
0.219161 0.0552914
0.122216 -0.00834463
0.160427 -0.018432
0.18625 -0.000348548
0.0563384 -0.104164
0.157751 0.0732546
0.17043 -0.0129253
0.0866353 -0.0354311
0.148214 0.0145748
0.0747748 0.0194392
0.14705 -0.0603257
0.204738 0.0955043
0.174829 -0.013822
0.174833 0.10186
0.0244811 0.0574563
0.169449 0.0041214
0.175904 -0.0309692
0.130406 -0.0341035
0.171959 -0.0758477
0.2124 0.0460766
0.185067 -0.0749759
0.0686084 -0.0297665
0.151743 0.0493255
0.193507 0.0862304
0.170343 0.051975
0.247466 0.00116121
0.190838 -0.0196456
0.198892 -0.0950426
0.0939191 -0.0540094
0.213371 0.0288762
0.122664 0.0365815
0.138271 0.0162152
0.177149 0.0748537
0.140321 0.00109764
0.158574 -0.0432447
0.219122 0.0834539
0.0358118 0.0242107
0.00997466 -0.0107839
0.14444 -0.0443021
0.18389 -0.0630642
0.19427 -0.0423404
0.134901 -0.0189488
0.162957 0.0609144
0.0595623 0.0308631
0.0863762 0.0516866
0.192199 0.0573911
0.161234 -0.0659684
0.106328 0.00754018
0.176803 -0.0704254
0.254818 -0.0395431
-0.0255461 0.0305082
0.106832 -0.0134709
0.173011 0.0159828
0.147154 -0.0478792
0.101381 0.0275106
0.0411774 -0.139738
0.129709 -0.00565021
0.11441 0.0339623
0.118396 -0.0711495
0.159092 0.0297428
0.155527 -0.0867311
0.143496 0.0426136
0.189798 0.0504631
0.180001 -0.0560377
0.138889 -0.0545877
0.172457 0.0744363
0.272687 -0.0445649
0.0924024 -0.0641077
0.0810795 0.0478245
0.146944 -0.0761083
0.134024 -0.0979667
0.0989812 0.0363491
0.183502 -0.0200972
0.138165 -0.090674
0.20498 0.0240994
0.0837319 0.015634
0.127251 -0.0139695
0.0901022 -0.00915874
0.00783599 0.0187469
0.108279 0.0021588
0.270038 0.0306689
0.166184 -0.0617989
0.16337 0.0159792
0.153786 -0.086084
0.125703 0.0535171
0.121603 -0.0631815
0.100465 -0.0447719
0.171807 -0.0202951
0.125383 0.0791777
0.175908 0.0199637
0.19039 0.0114446
0.217814 0.0880702
0.172454 0.0175624
0.250714 -0.101802
0.135732 -0.0737934
0.215804 0.0718682
0.213383 0.0829061
0.17877 0.00252203
0.209615 -0.0636385
0.172807 -0.0541166
0.0571673 0.0105797
0.167457 -0.0186255
0.171751 0.0753834
0.249706 -0.00679782
0.180613 0.000121249
0.0981804 -0.211765
0.123515 0.00248559
0.219284 0.0868996
0.158206 -0.0685867
0.135824 0.000856366
0.119157 -0.0763369
0.0938977 -0.0260802
0.115905 0.0774496
0.179744 0.0596046
0.180866 -0.0699945
0.098981 -0.0242965
0.0931835 -0.0482616
0.0935175 -0.00443742
0.121883 0.0602193
0.086912 -0.0252628
0.180729 -0.0402502
0.150227 -0.131381
0.176858 0.0966327
0.17095 0.0533318
0.154026 0.015066
0.113718 0.0614161
0.0503093 0.019444
0.181224 -0.0877995
0.139696 -0.0495816
0.20111 -0.0154354
0.152796 -0.0808899
0.216884 0.0070707
0.226077 0.00536538
0.0603111 -0.0106735
0.17228 -0.0426464
0.0292337 -0.0126872
0.245308 -0.0659761
0.145067 0.0754544
0.156824 -0.00886095
0.0613342 -0.0992417
0.0575275 0.0813652
0.0966863 -0.10268
0.101497 0.0907246
0.0275082 0.128088
0.248338 0.000253995
0.0812574 -0.044471
0.203103 0.00840557
0.0491139 0.0165164
0.146564 -0.0638868
0.0684858 0.0708815
0.0511656 0.0599616
0.134308 -0.0676532
0.139527 -0.00372471
0.0944087 0.0740088
0.219619 0.0400319
0.201208 -0.0428931
0.166845 -0.0297799
0.240597 -0.0477014
0.109728 -0.028154
0.254224 -0.0651735
0.163538 -0.02366
0.223643 -0.0806521
0.115148 0.0840357
0.0742666 -0.0921273
0.237194 0.0676066
0.184501 0.00369121
0.22618 -0.0743561
0.0931325 -0.0121098
0.286409 0.0431546
0.156264 0.0277114
0.0407148 -0.0356071
0.045276 0.0233849
0.20847 0.0657671
0.164869 0.0687691
0.0476224 -0.0903184
0.240252 -0.0116511
0.0697168 0.15002
0.28007 0.0383405
0.165588 -0.0272696
0.200559 -0.0835594
0.250865 -0.00157351
0.141527 0.0389419
0.184982 -0.0545471
0.129825 0.030378
0.0932629 0.0269189
0.152287 -0.0809792
0.187049 0.0276022
0.139153 0.00581775
0.115926 -0.0618194
0.19838 0.0227141
-0.000167864 -0.133239
0.173915 0.0047418
0.138375 0.0573863
0.15884 0.0202744
0.155611 0.071616
0.144589 0.0885072
0.0801257 -0.055782
0.160735 0.0344206
0.256056 -0.0166895
0.153354 0.0729143
-0.0328493 0.130962
0.245837 0.0900167
0.213816 -0.0807944
0.220461 -0.0375404
0.177414 0.100723
0.224492 -0.0418863
0.178351 -0.0459679
0.200394 0.10903
0.187334 -0.0468489
0.197706 0.00312422
0.0839003 -0.0547014
0.186662 -0.0778759
0.124054 0.04492
0.114634 -0.000813241
0.0804317 -0.0708359
0.106477 -0.000751376
0.166431 0.00911183
0.060891 -0.0130794
0.136931 -0.048362
0.229131 -0.00221299
0.183656 -0.0210794
0.138375 -0.0282824
0.33178 0.0788885
0.221813 -0.039176
0.0356794 -0.0220323
0.131367 -0.0132333
0.247208 -0.0480683
0.230269 -0.0435284
0.155006 0.0350745
0.159269 0.00387777
0.208933 -0.00871334
0.173427 0.0612832
0.162888 0.0204101
0.191288 0.0335354
0.0500522 0.0696094
0.156149 0.0374998
0.184516 -0.0274461
0.260234 0.13427
0.210708 0.0409472
0.229137 0.0219164
0.182708 -0.0223299
0.227166 -0.0287845
0.142003 0.0163095
0.15087 0.0804015
0.0285818 -0.0498593
0.169909 0.0036521
0.103606 0.00207958
0.257466 -0.0483017
0.0152912 0.0404283
0.0600351 -0.0033126
0.163612 0.0157353
0.161671 -0.0870059
0.188251 -0.014167
0.210889 -0.0581762
0.143675 -0.0334837
0.154647 0.170264
0.130053 0.0160081
0.0958209 0.0683463
0.16613 0.0510149
0.170538 0.0406379
0.166568 0.0422398
0.219528 0.0653497
0.0838209 -0.0538674
0.119974 0.112554
0.107796 0.0603506
0.0894828 -0.0565349
0.132344 0.0303407
0.142031 -0.0199082
0.109698 0.0403115
0.0634328 -0.0398954
0.185731 0.0511482
0.134503 -0.0281379
0.180802 -0.096758
0.146472 -0.0319428
0.116371 -0.0436103
0.241047 0.0386384
0.0259135 0.0118841
0.116789 0.00475605
0.142405 0.000151959
0.0622838 -0.0571888
0.238543 -0.0260139
0.0556056 0.0543488
0.16583 0.0255525
0.171398 0.0229681
0.144031 -0.0453268
0.119573 0.109243
0.18937 -0.0264616
0.107554 -0.03836
0.139308 0.0546993
0.171237 -0.0155885
0.217621 -0.0219741
0.0339688 0.0219712
0.23921 -0.0449575
0.132976 -0.0621349
0.219726 0.0233358
0.189984 -0.0400392
0.156403 -0.0832216
0.199576 0.0426734
0.121182 0.00232576
0.0810746 0.0564807
0.0240566 0.0545572
0.17576 0.0238297
0.219155 -0.0313052
0.107798 0.044161
0.0977547 0.00170531
0.164961 -0.0125151
0.10675 0.113656
0.0769232 0.0584967
0.126729 -0.183836
0.197994 0.0980615
0.27436 0.0475268
0.172753 0.0590382
0.164809 -0.103677
0.139204 0.0834127
0.203811 0.00196213
0.127551 -0.0402672
0.146772 -0.000268023
0.0676335 0.0381527
0.145538 -0.106445
0.138072 -0.0227059
0.188493 0.188483
0.129793 -0.0627279
0.143257 0.121345
0.219558 -0.0632291
0.203525 0.00896601
0.145037 -0.0473035
0.0496396 0.0655747
0.211606 -0.0729028
0.197012 -0.00988288
0.135246 -0.0492738
0.16259 0.0969112
0.134927 -0.00290057
0.105033 -0.0037705
0.0738579 0.0517862
0.258436 -0.0226084
0.11848 0.00679358
0.0818265 0.0195631
0.0959671 0.0406706
0.030711 -0.00251168
0.14001 0.0262223
0.149106 0.0939786
0.20317 0.0307345
0.185492 0.0448734
0.147064 0.0512737
0.234277 0.0115232
0.209189 -0.074714
0.150443 0.112919
0.128419 0.15519
0.194084 0.0253246
0.0901974 -0.0289006
0.176053 0.00699977
0.114727 0.0147168
0.136117 0.0213851
0.129531 -0.0650431
0.0803461 -0.0381961
0.252291 0.0448588
0.151054 -0.134345
0.204416 0.0234097
0.12278 -0.113614
0.196531 0.0660118
0.189901 0.00451871
0.191899 0.02121
0.0961128 0.0977843
0.0563074 -0.0352098
0.127906 -0.00743782
0.199028 -0.0177201
0.151688 0.0178332
0.059016 0.00539141
0.121954 0.0311212
0.0682606 -0.0932003
0.24857 -0.0992928
0.0181373 -0.0402231
0.153115 -0.00508415
0.213763 0.0281828
0.203931 -0.0264429
0.102695 0.0920572
0.218094 -0.0962085
0.0923277 0.0120815
0.101973 0.0876862
0.113543 0.0514777
0.11874 0.0488875
0.198465 -0.13096
0.177354 0.0666571
0.101197 -0.0146672
0.13248 0.0290357
0.204206 -0.0783017
0.159251 -0.00825386
0.224666 0.00720066
0.129466 -0.145508
0.0905859 -0.0157962
0.201691 -0.0111444
0.111922 0.00443205
0.0929213 -0.0615172
0.190945 -0.024428
0.183357 0.00581125
0.163369 0.00881577
0.220026 -0.00164323
0.212335 0.0603846
0.132812 0.0441118
0.261632 -0.115359
0.142835 0.0245049
0.161423 0.130936
0.161907 0.00293652
0.171271 -0.0646345
0.198453 -0.0691104
0.16376 0.0498829
0.167332 -0.00205124
0.122662 0.00376349
0.229162 0.0427377
0.162264 0.0960769
0.237246 0.0164584
0.116565 0.0812442
0.176979 -0.111479
0.357646 0.00889694
0.0755924 0.0477
0.194535 0.101776
0.148778 0.0116622
0.0394769 0.0563936
0.107189 0.0540694
0.182958 0.00160653
0.258123 0.0422982
0.00851807 -0.0190578
0.177303 -0.0354684
0.162549 0.0541653
0.0768584 0.033283
0.128938 0.0889434
0.118051 0.0167922
0.183549 -0.0805738
0.120898 0.0618915
0.124021 -0.016647
0.179808 0.0549385
0.224217 0.0285465
0.212697 0.0574374
0.167104 0.0993308
0.160435 -0.0819115
0.0732544 0.00227977
0.214847 -0.00627384
0.0929241 0.037514
0.0618664 -0.0851416
0.202698 0.0492473
-0.0362411 0.0257261
0.0785604 0.0566581
0.150516 -0.0129091
0.126585 0.00806068
0.135444 -0.0318447
0.127697 0.0516426
0.0869262 0.0194651
0.168565 0.0331862
0.118543 0.00456914
0.218116 -0.0270781
-0.0388601 -0.046511
0.173327 0.0647712
0.100177 -0.0503958
0.0824046 0.0465091
0.144989 0.0213971
0.121095 -0.00884112
0.170256 0.040102
0.137967 0.0227728
0.188055 -0.0903762
0.151596 -0.00658407
0.185417 0.0112098
0.155346 0.00863321
0.201376 0.023629
0.188169 -0.126319
0.132497 -0.0568056
0.103683 -0.0298085
0.180332 -0.0375575
0.167419 0.153514
0.196778 -0.105123
0.178765 0.00398388
0.179811 -0.0375269
0.119346 0.00291759
0.153545 0.0188101
0.21636 -0.0761987
0.180457 0.0228623
0.188149 -0.0345743
0.129952 0.00410174
0.136963 0.0711586
0.1204 -0.0181272
0.0775093 0.0853717
0.0337777 0.120609
0.182577 -0.0275238
0.161937 -0.0403171
0.179645 0.0389553
0.226723 -0.0173956
0.108808 0.0435672
0.0658274 0.0417245
0.309325 0.0536121
0.143291 -0.0347448
0.151229 -0.114432
0.272456 -0.0287003
0.121603 -0.023873
0.0958492 0.0179119
0.2793 0.193116
0.206413 0.0978177
0.176011 -0.0383978
0.104267 0.020188
0.0793829 -0.0742671
0.186811 -0.00825696
0.0913579 -0.00986832
0.26165 0.0587159
0.150009 -0.00635009
0.150536 -0.00452929
0.20495 0.0494336
0.19884 -0.00211083
0.0688151 0.0107312
0.172334 -0.0134628
0.0441216 -0.0396733
0.134178 -0.00386329
0.184237 -0.150357
0.049216 0.0672907
0.11118 0.0176152
0.177577 -0.00635487
0.165429 -0.0197086
0.1605 -0.00864854
0.161542 0.0456109
0.0963572 -0.0484559
0.229392 -0.0483701
0.161368 0.00557319
0.178632 0.0191585
0.153664 -0.118391
0.209957 -0.00650756
0.094553 0.052848
0.166617 0.0419259
0.172265 0.0318189
0.160278 -0.0134559
0.109126 0.0804699
0.097577 -0.0603427
0.0878548 0.0404144
0.112824 0.0172134
0.126216 0.0198645
0.184701 0.0552601
0.159198 -0.106254
0.0468995 -0.130679
0.249654 -0.0299247
0.172167 -0.0967925
0.15447 0.0246231
0.173712 0.0103307
0.0871374 -0.0498265
0.168698 -0.0265217
0.18751 0.0261183
0.166234 0.0534599
0.127372 0.00776754
0.223889 -0.0489375
0.247693 -0.000995479
0.0426494 0.0691166
0.117424 0.0149181
0.101007 -0.00707458
0.263089 0.0692808
0.0917394 -0.0842567
0.199688 -0.0103264
0.111261 -0.094364
0.108183 0.0772925
0.249655 -0.0486414
0.0825738 -0.137832
0.147125 0.0403108
0.222559 -0.00921757
0.18132 -0.0372886
0.180246 -0.0233852
0.14319 -0.0712288
0.215982 -0.0904281
0.0840607 -0.0112215
0.0670958 -0.030187
0.195101 0.0718907
0.138139 -0.026939
0.259152 -0.0230342
0.186552 0.00860298
0.0590796 -0.0441138
0.0821141 -0.0695995
0.203347 -0.0386873
0.110622 -0.0537459
0.172882 0.0861558
0.207942 -0.0937355
0.0893263 0.073724
0.0708261 -0.0171448
0.123266 -0.00810688
0.16638 0.045025
0.25213 -0.0131563
0.201521 0.0304737
0.127842 -0.00223008
0.0811069 -0.0135415
0.214107 -0.0417754
0.0983533 0.0242458
0.223592 -0.0137593
0.128668 -0.064511
0.151685 0.0474823
0.126019 -0.0257332
0.294235 -0.0493505
0.0910289 0.0847477
0.125771 -0.0245964
0.166776 -0.0365924
0.205702 0.0862825
0.17209 0.0323302
0.101015 0.0208742
0.102025 -0.0628404
0.0606756 0.0892053
0.183965 -0.0200594
0.206993 -0.0613198
0.125661 -0.0419761
0.0925291 -0.0612142
0.252077 0.0484307
0.140588 -0.0834492
0.0802995 0.0316036
0.161074 -0.0487208
0.0581864 0.0102168
0.230621 0.0413085
-0.0266445 -0.0439183
0.246341 0.0170316
0.0715075 -0.0448435
0.217616 -0.0393326
0.113744 0.111294
0.254162 -0.0641253
0.225868 -0.0158504
0.230586 0.00118985
0.184439 -0.0980696
0.111027 0.0137404
0.0993628 -0.00322026
0.0977853 -0.099407
0.166946 0.00134909
0.253598 -0.00850794
0.164812 -0.0248537
0.152958 -0.110568
0.154069 0.0294611
0.195883 0.0658932
0.0620011 -0.0336863
0.161785 0.045802
0.217378 0.0346244
0.131251 0.0030131
0.251517 0.0519706
0.148239 -0.100209
0.0436272 -0.109846
0.207295 -0.0658133
0.135187 0.0328006
0.213528 0.0884564
-0.00927854 -0.00408939
0.0295659 -0.103141
0.205799 0.00364715
0.251694 0.0216342
0.153365 0.0695582
0.116756 0.0783703
0.00530979 -0.0813989
0.0883547 -0.023432
0.161597 -0.0701893
0.165914 -0.0449928
0.217592 0.0467848
0.149976 0.0705716
0.183478 0.0121026
0.100569 0.0908499
0.204361 -0.0237409
0.180459 0.00523217
0.134108 -0.00340834
0.0233904 0.0995673
0.0991743 -0.00785745
0.237222 -0.0105744
0.16728 -0.140417
0.168401 0.0170432
0.172461 0.0695172
0.112983 -0.0721181
0.0795433 0.0627341
0.175148 -0.0291423
0.106224 0.0213151
0.156813 -0.0495759
0.162347 0.0373076
0.151676 0.104421
0.146738 -0.017846
0.0680282 0.0468249
0.100787 0.0217079
0.100547 0.0502457
0.0965091 0.0124159
0.123939 -0.0121504
0.185496 -0.014328
0.120471 -0.111719
0.193446 -0.0246204
0.118509 -0.155585
0.131968 -0.0563018
0.0944056 0.0253475
0.244334 -0.00305096
0.0818232 0.0566529
0.120146 0.0883723
0.0917214 -0.0359155
0.19086 -0.0930237
0.256025 -0.0131562
0.0761121 -0.0313553
0.23334 -0.0551122
0.160701 0.025526
0.221709 -0.0720974
0.179819 -0.0487373
0.262634 -0.0966753
0.102043 0.0308182
0.117294 -0.063659
0.149752 0.00764718
0.129424 0.0437233
0.140527 0.0192084
0.18892 0.0241478
0.0946484 0.121708
0.211003 0.0650696
0.0502338 0.0164654
0.00742423 -0.0568098
0.112215 0.0219023
0.00567145 0.0241599
0.113927 -0.08431
0.175858 -0.00483722
0.145342 -0.102851
0.145559 -0.00590245
0.178615 0.0366812
0.134072 -0.0637381
0.177496 -0.0998329
0.107754 0.0522286
0.195333 -0.0164809
0.230028 -0.0306441
0.129499 -0.0249863
0.113272 0.0529106
0.0449762 -0.0012859
0.150008 0.0705828
0.118358 0.0303751
0.086697 -0.070802
0.117084 -0.0530582
0.141982 -0.0622681
0.16774 -0.0377543
0.097062 0.0129054
0.12433 -0.0272024
0.234584 0.0282891
0.235392 -0.0134832
0.113873 0.0206135
0.0458954 -0.0256456
0.0898431 -0.0378808
0.16374 0.0297875
0.171004 -0.0540387
0.142663 -0.0077131
0.0917858 -0.0396254
0.146917 -0.00715167
0.169594 -0.0531376
0.0919145 -0.00294403
0.0325334 0.0352144
0.124068 -0.163504
0.198937 -0.0364437
0.129956 -0.00445652
0.163043 -0.0824073
0.25256 -0.0220588
0.0699001 0.0297453
0.144072 0.0436359
0.236638 -0.0066249
0.195605 -0.024389
0.0733222 -0.0393278
0.140617 -0.00633441
0.0649083 0.0443706
0.162292 0.0371356
0.154769 0.102515
0.248649 0.00855799
0.184927 0.00771611
0.0732956 0.0120762
0.038 -0.0712644
0.117675 0.0483409
0.112809 0.0455063
0.123175 0.0407294
0.125214 -0.105216
0.142239 -0.0938131
0.283587 0.0491628
0.262249 0.00159578
0.150546 -0.0183741
0.18547 -0.0208711
0.114233 -0.0120576
0.165993 0.0481087
0.120531 0.0123743
0.16039 0.0556683
0.258605 -0.103577
0.0481386 -0.0121152
0.140316 0.0204655
0.11891 0.050046
0.315591 0.0496406
0.15823 0.098239
0.260986 0.0721836
0.111553 0.115866
0.207972 0.0495532
0.269924 -0.0229243
0.158062 -0.00239733
0.10757 0.0851466
0.111184 -0.0715089
0.159003 -0.148334
0.283576 0.0745748
0.161698 0.0118995
0.112035 0.0464258
0.107281 0.00369839
0.209078 0.0709742
0.0732967 -0.0588794
0.152451 0.0964635
0.146025 0.0150747
0.170029 -0.126571
0.0953378 -0.016525
0.0802728 -0.0327918
0.133544 -0.0794185
0.00682189 -0.0298465
0.0501949 0.104878
0.182231 0.07481
0.168053 0.0303928
0.170964 -0.00868918
0.0519797 -0.0170805
0.0845956 -0.064722
0.174139 -0.0213553
0.0504659 0.0258027
0.025219 0.09849
0.12852 -0.00412615
0.137444 -0.0106805
0.110428 -0.0709358
0.193942 -0.104402
0.102658 -0.0140982
0.102689 -0.0251803
0.057278 0.0406116
0.131581 -0.0750008
0.16154 -0.0269991
0.15892 0.0434818
0.0939617 0.0932022
0.0882826 0.000486792
0.156531 -0.101129
0.0745369 0.125111
0.0885736 -0.0734805
0.275682 -0.0960511
-0.0104534 0.041462
0.103909 -0.0289278
0.126525 0.0557544
0.105175 -0.0352694
0.148509 -0.0452388
0.073626 -0.115767
0.13149 -0.0158471
0.0526515 -0.0261375
0.0550567 -0.0176637
0.0981986 0.137635
0.254913 -0.00810345
0.0397389 -0.0517877
0.215557 -0.0795615
0.20172 -0.0120458
0.17344 -0.0625906
0.0505976 0.162837
0.134006 -0.0937628
0.0906701 -0.0383637
0.153544 0.0601036
0.214155 -0.029122
0.224489 0.0680982
0.118885 0.171611
0.136399 0.0792981
0.2395 0.0184697
0.118641 -0.0124432
0.106673 0.121692
0.139541 0.116109
0.163079 0.0769819
0.281116 -0.0908816
0.128453 0.0626726
0.141187 -0.0213778
0.0805801 -0.0111904
0.0849828 -0.0112085
0.19465 0.0759253
0.157225 0.0211293
0.159113 0.100223
0.210807 -0.0247069
0.128385 -0.00650147
0.13864 -0.0679836
0.101956 0.00868406
0.146949 -0.0193164
0.24929 -0.0796935
0.0947804 0.0581702
0.162234 0.00923894
0.112954 -0.124777
0.0995364 0.0756308
0.171682 0.0358332
0.113089 0.0236724
0.152844 -0.0837305
0.253885 -0.0209395
0.144409 0.0155159
0.162062 0.0385193
0.225203 0.0279867
0.0461203 -0.121517
0.0393989 -0.00250123
0.162215 0.019053
0.20505 -0.159683
0.258974 -0.0179496
0.194555 -0.0545734
0.143352 -0.0243628
0.0786655 0.0103826
0.107601 0.0062866
0.172985 -0.0443729
0.0888099 -0.0876509
0.150545 -0.017905
0.0176648 -0.119324
0.240828 -0.0112746
0.20067 0.0870043
0.11029 -0.0292428
0.104329 -0.00668511
0.178511 -0.118796
0.082963 -0.00180316
0.203868 0.0683603
0.135182 -0.127434
0.160968 -0.0574576
0.0698 0.0148431
0.107302 -0.0228638
0.177731 -0.00200136
0.197564 0.0315708
0.148529 -0.0711029
0.116547 0.0560633
0.240052 0.0517433
0.130804 -0.00175826
0.145717 0.0233994
0.0984504 -0.0726921
0.185625 0.0739615
0.176489 -0.0194555
0.187126 -0.0617756
0.138117 0.046855
0.177329 0.0451198
0.263393 -0.0929223
0.196534 -0.0333434
0.196799 0.0124875
0.190131 0.043133
0.198021 0.0297495
0.11643 0.0301736
0.095244 0.0678172
0.0927996 0.0334843
0.18782 -0.0381363
-0.0034947 -0.118248
0.177546 0.0402469
0.194796 0.0300024
0.213567 0.0140627
0.186906 0.0334147
0.152174 -0.053161
0.145147 0.0417709
0.167038 0.157965
0.273527 -0.0232872
0.171172 0.0121449
0.166395 -0.0919282
0.248578 0.0466681
0.138625 0.0929508
0.0634802 -0.027132
0.0240936 -0.000369024
0.0899433 0.0784763
0.121404 0.0348135
0.200992 0.0824512
0.109204 -0.0499451
0.170468 -0.0153933
0.066713 0.0191933
0.190895 0.0285807
0.0932943 0.0282936
0.166349 -0.097679
0.170306 -0.0119399
0.1259 0.0173048
0.111318 -0.0454142
0.162425 0.0729002
0.138565 0.0625532
0.275578 -0.0123759
0.130966 0.0307318
0.173893 -0.067151
0.0715828 -0.0263045
0.193325 -0.0367635
0.185842 0.0623892
0.0656569 -0.0616464
0.0912262 0.032272
0.0601579 -0.112684
0.102119 0.156208
0.16274 0.108583
0.15185 -0.0781226
0.136062 -0.0494881
0.294412 -0.0304836
0.154972 0.00950055
0.0462388 0.10167
0.130744 -0.0268826
0.205281 -0.057648
0.132058 -0.0193829
0.14244 -0.0360962
0.199215 0.0677026
0.129882 -0.0483901
0.0736497 -0.0417266
0.0706878 0.043279
0.0882161 -0.0259964
0.178212 0.0655374
0.12082 -0.000419173
0.140113 0.0107439
0.163575 0.0613227
0.093037 -0.0322628
0.190532 -0.0583401
0.117258 0.00139834
0.0879392 -0.0687553
0.07701 0.0664423
0.0542839 -0.0335339
0.109029 -0.0264697
0.119255 -0.0361609
0.15344 -0.0502073
0.157785 0.00984016
0.180159 -0.0198359
0.178029 0.123452
0.108072 0.0851124
0.107511 -0.0295209
-0.00597137 0.0350562
0.161879 -0.0684485
0.209316 -0.0188278
0.129119 -0.0121359
0.227827 -0.0342923
0.164075 0.107049
0.125823 -0.0140062
0.168878 -0.00820484
0.133772 0.0261831
0.116172 -0.00955001
0.234586 0.00862107
0.188741 -0.00184847
0.187418 0.0436916
0.161067 0.014256
0.0729936 0.0526418
0.0764801 0.0254646
0.0685016 -0.0996577
0.144779 -0.0455046
0.017972 -0.0107366
0.22522 -0.0541935
0.210432 0.0356106
0.131111 0.13462
0.124787 -0.0255904
0.0633579 -0.0315277
0.133274 0.0903976
0.0512537 -0.0193611
0.187912 -0.0664969
0.0475653 0.113824
0.263856 -0.0603944
0.270899 0.0831578
0.205821 -0.0864753
0.0967613 0.037577
0.0861761 0.0114393
0.0632283 -0.0545439
0.0963651 0.0602914
0.154058 0.0389996
0.120608 -0.0594042
0.175816 -0.0132795
0.186394 0.0440706
0.173722 -0.0191191
0.0761938 -0.0482591
0.0978712 0.0335067
0.043856 -0.0658499
0.160009 0.0676028
0.0770674 0.0308369
0.0624732 -0.0172669
0.0768729 -0.0410076
0.196726 -0.00616881
0.190703 0.034201
0.0743116 -0.00196356
0.217358 0.0235972
0.158497 -0.000223517
0.162952 0.0283044
0.154383 -0.00508371
0.178354 -0.0103324
0.279273 -0.0463405
0.17207 0.118742
0.168689 -0.108852
0.173903 -0.0947181
0.137723 -0.0175162
0.0911231 -0.0491277
0.0537322 0.000219748
0.257731 -0.00348369
0.210136 0.0264927
0.225604 0.00359515
0.246735 -0.114059
0.188106 0.106465
0.208544 0.11306
0.10654 -0.0896695
0.123172 -0.0755894
0.177536 -0.0212121
0.205652 -0.0381694
0.175325 -0.0752203
0.0746686 0.0153414
0.126002 0.0493983
0.185214 -0.0527085
0.093953 -0.0115017
-0.00855526 -0.0558763
0.195652 0.0538485
0.209021 0.0185362
0.189818 0.0186561
0.160247 0.154929
0.0940547 0.0957284
0.267797 -0.00129329
0.0999654 -0.0227897
0.269674 0.00915482
0.102396 -0.0654633
0.120525 0.0609705
0.199319 0.0276777
0.291669 -0.0356012
0.102174 -0.0326372
0.11866 -0.0515846
0.142956 -0.0139335
0.185054 -0.0517262
0.127323 0.0081715
0.159917 -0.0698372
0.215863 -0.0178923
0.0363068 -0.00591347
0.13949 0.0570923
0.0718775 0.0899582
0.107233 0.0502663
0.0652483 -0.0190401
0.269151 0.0360489
0.154577 0.0716204
0.0575696 -0.117318
0.15378 -0.0179766
0.15876 0.0202021
0.133962 -0.023784
0.22709 0.0302364
0.147146 0.0762286
0.214469 0.0876058
0.142301 0.107294
0.101783 -0.0733697
0.210137 0.00559263
0.212568 -0.0508152
0.231653 0.0227278
0.123845 0.00656077
0.143058 -0.014006
0.11243 -0.0795698
0.113814 0.104364
0.146204 -0.0440696
0.157551 -0.117012
0.132624 0.0736873
0.126481 -0.0878206
0.217606 -0.0202162
-0.0544927 0.0297277
0.163244 -0.0606484
0.116987 0.129665
-0.0113065 0.0896204
0.189084 0.0480488
0.13623 0.0639345
0.170585 0.0166101
0.0923445 -0.0438346
0.160733 0.0043181
0.11141 -0.0701078
0.139682 -0.0163134
0.0791407 -0.0664609
0.231655 0.0281522
0.141515 0.0210135
0.121243 -0.0444502
0.209843 -0.05795
0.13121 -0.0788479
0.266267 -0.049192
0.130445 0.066014
0.144586 -0.0713295
0.068228 0.14733
0.204616 -0.033308
0.177893 -0.0780498
0.269486 0.0499269
0.206993 -0.0446542
0.222324 -0.0169414
0.183565 -0.0271784
0.142883 0.00781894
0.19481 0.00430041
0.158427 0.0562536
0.147842 -0.0830131
0.147714 0.0945892
0.229806 -0.044447
0.216788 -0.0203069
0.105885 0.0291317
0.115383 -0.137368
0.189926 -0.0581873
0.148592 0.0293411
0.238797 0.16318
0.153289 0.0237275
0.158344 0.00890681
0.0617445 0.0700297
0.188224 -0.111802
0.127742 0.0115173
0.182989 -0.038766
0.190829 0.0256171
0.203488 -0.0163587
0.0558962 -0.0972738
0.0938299 -0.0236009
0.0774824 0.0217998
0.0867535 0.0277265
0.114016 -0.100604
0.0773931 -0.0961703
0.21092 -0.00256084
0.137934 -0.0899667
0.26801 -0.0410671
0.104711 -0.023158
0.183434 0.0578872
0.263919 -0.0142635
0.191626 0.0143696
0.131274 0.0120379
0.0488461 -0.0446201
0.241902 -0.107115
0.193165 0.0565807
0.143664 0.0383908
0.210399 0.111015
0.209632 -0.000329846
0.220249 0.0642992
0.117833 -0.0491913
0.22567 0.057649
0.147858 0.00222402
0.198478 -0.0861333
0.224987 0.0514293
0.201268 0.0904359
0.156316 -0.0826135
0.126676 -0.0763694
0.108236 -0.00615989
0.14808 0.140978
0.0332025 0.0106506
0.203089 0.0366668
0.104938 0.00246895
0.112656 -0.00987253
0.0855341 0.00549428
0.0415641 0.0452693
0.186128 0.0254678
0.16351 0.0119193
0.103399 -0.0615186
0.0369572 -0.0203785
0.23687 0.103819
0.164394 -0.0693393
0.163765 0.0177588
0.148108 -0.0200159
0.164718 -0.0753458
0.146632 -0.0645047
0.175994 -0.00671345
0.122847 0.11311
0.107707 -0.017549
0.102153 -0.035735
0.0896511 -0.0247222
0.157452 -0.000337949
0.197689 -0.0378459
0.229469 -0.0812327
0.0931475 -0.0883128
0.147812 0.0845589
0.0713978 -0.0226438
0.0235821 -0.0517789
0.126222 0.0676054
0.183071 0.0205364
0.140245 0.0150855
0.240539 0.0258357
0.0585664 -0.118654
0.152025 -0.0184863
0.20634 -0.185854
0.118806 -0.0334334
0.0960889 -0.109908
0.116912 -0.0308218
0.22756 -0.0500818
0.13916 -0.0584245
0.0999651 0.0359862
0.231882 0.120253
0.0882509 -0.0404482
0.136915 -0.0508857
0.168957 -0.0152053
0.121026 0.132464
0.0898576 0.103645
0.0610269 0.140659
0.192103 0.0897921
0.196057 0.025876
0.125896 0.0142992
0.154815 0.0873379
0.145706 -0.00905867
0.14664 0.00424497
0.12373 0.0290963
0.103589 0.0239823
0.111061 0.0404676
0.15042 -0.172081
0.213996 -0.0162897
0.152312 0.0229892
0.180315 -0.120315
0.117576 0.0322374
0.217432 -0.0149278
0.182785 0.00348897
0.105969 0.0420873
0.0520619 -0.0711016
0.0857277 -0.0957221
0.155928 -0.00139197
0.18341 0.0209961
0.201004 0.00526978
0.11892 0.0307119
0.0996972 -0.0927295
0.134591 0.00155207
0.193712 0.0330267
0.147313 0.0176919
0.145009 0.118925
0.141611 -0.00139892
0.186185 0.167843
0.181803 -0.0239781
0.192144 -0.0223979
0.196201 0.115198
0.196483 -0.00766375
0.177827 -0.0254565
0.167432 0.0111135
0.124661 -0.00828262
0.237151 0.0512952
0.0787005 0.0867363
0.251403 0.0734554
0.042006 0.101958
0.148924 0.0136403
0.0210786 -0.0647685
0.0960979 -0.061338
0.211174 0.0385828
0.156083 -0.130444
0.184357 0.0992536
0.0255273 0.0137865
0.100279 -0.0153953
0.118035 -0.103798
0.238244 -0.00396335
0.0965625 -0.0319479
0.146933 -0.0859539
0.0255457 -0.025011
0.228934 -0.0740031
0.177739 -0.0556198
0.117458 0.0576978
0.217276 -0.154383
0.0904512 0.0752101
0.162295 -0.0446465
0.167739 0.0300663
0.08939 0.0819951
0.149857 -0.0557465
0.0282672 -0.0247605
0.159531 -0.0343613
0.159801 -0.0346543
0.153317 -0.0531845
0.117864 0.0965596
0.127105 -0.0775657
0.163874 -0.0146165
0.10242 0.0970533
0.169629 -0.0507047
0.19645 -0.14358
0.0961999 -0.0412925
0.119063 0.0488602
0.272456 0.0195411
0.107667 0.0461509
0.0560747 0.000809965
0.0472215 0.088615
0.233257 0.0113119
0.217845 -0.0277643
0.20833 0.038776
0.242855 -0.00323584
0.0836346 -0.0551103
0.2469 0.0743834
0.0435128 -0.102412
0.0710379 0.00948674
0.159416 0.124719
0.196392 0.0312793
0.0609316 0.0155708
0.224731 0.0136187
0.111783 0.145202
0.161292 0.0102611
0.186428 -0.0681522
0.125922 -0.0593229
0.201543 0.0820854
0.133397 -0.041951
0.0812591 0.0399599
0.259891 -0.101209
0.205238 0.125101
0.127727 0.0289889
0.174598 0.104217
0.128648 -0.120552
0.0501911 -0.00288341
0.244279 -0.0557064
0.204145 0.0507936
0.069237 0.0051987
0.221258 -0.0719291
0.116254 -0.0731932
0.127007 -0.0489545
0.144465 -0.0541725
0.249107 -0.0276692
0.167212 -0.0720937
0.192357 0.0383146
0.155757 0.0526122
0.139777 0.0176483
0.0661827 -0.0403428
0.123492 0.00294399
0.103269 -0.0371644
0.133516 -0.0795443
0.0251701 -0.0855443
0.173644 0.0491346
0.200444 0.0247899
0.105376 0.0473326
0.095055 -0.0383347
0.164261 0.0359732
0.160168 -0.015719
0.192399 -0.119711
0.180663 -0.0637615
0.118744 -0.0546778
0.110444 -0.0272494
0.0975789 -0.039675
0.0493642 0.0892985
0.0357863 0.0186519
-0.00932205 -0.0320895
0.188924 -0.0263855
0.132354 0.0547948
0.172489 0.0391076
0.172524 -0.0227227
0.187949 0.00488858
0.132908 -0.00190913
0.150144 -0.00210176
0.0640688 -0.0673252
0.113361 0.173326
0.16441 -0.0393765
0.0143224 -0.0530718
0.10572 0.0149465
0.138842 -0.00626274
0.0853707 -0.0551989
0.199492 0.0507629
0.164437 -0.096675
0.153484 -0.0921545
0.177853 -0.0348328
0.200383 0.0144902
0.225588 0.0497533
0.0933371 -0.0205206
0.118498 -0.0257499
0.158512 0.113647
0.229888 0.0959988
0.238693 -0.0431554
0.198636 -0.118718
0.254032 0.0865306
0.190265 -0.0153098
0.130094 -0.00378104
0.0899329 0.00436265
0.245371 0.0315673
0.122711 -0.0434476
0.162688 -0.04331
0.207105 0.00568807
0.159524 -0.0224357
0.112659 -0.0672177
0.133639 0.0308716
0.221592 0.0606603
0.064403 0.000748783
0.0532623 -0.10011
0.0724766 0.0642405
0.13353 -0.0107573
0.161386 0.0321979
0.298941 -0.0628481
0.212837 -0.0822489
0.114427 0.0274483
0.0444814 -0.0378839
0.122623 0.0266847
0.11633 0.0313245
0.0824444 0.00495613
0.238069 0.0493206
0.14902 0.139296
0.328806 0.0541116
0.179226 0.00402334
0.101045 -0.000442376
0.244899 -0.0103734
0.202087 -0.0366118
0.135329 0.00545109
0.235196 -0.015273
0.157377 -0.00372395
0.225045 -0.0527346
0.15286 -0.000667932
0.192077 -0.0307737
0.00305748 0.0470704
0.138038 -0.00982262
0.253804 -0.0396557
0.18973 0.0335678
0.257347 0.0286874
0.172375 0.0340081
0.0905183 -0.0164901
0.0948947 -0.087164
0.172447 -0.0626615
0.160726 0.0548133
0.140359 -0.0313257
0.083246 -0.0641177
0.106734 -0.0307642
0.16523 -0.0848215
0.126115 -0.0406565
0.195602 0.0769856
0.0872163 0.111073
0.151604 0.0122127
0.162468 0.10705
0.105787 0.104508
0.0150561 0.0864677
0.230029 0.0732185
0.114158 -0.0753809
0.187787 -0.000506732
0.11817 -0.0317734
0.184036 -0.0465241
0.121741 0.0525336
0.0961015 -0.0524561
0.104606 -0.056171
0.114229 -0.155332
0.249925 0.0021716
0.0710885 -0.0663434
0.116765 -0.0573006
0.0969369 -0.0837051
0.10938 -0.0177936
0.145461 -0.0957001
0.189779 0.0147743
0.17392 -0.0468253
0.123809 0.0548141
0.269556 0.00836743
0.155616 -0.0157278
0.234017 0.111286
0.126518 -0.0114715
0.148042 -0.0535953
0.151441 -0.122845
0.172811 -0.112532
0.139867 0.103414
0.079024 0.0216508
0.0621877 0.125442
0.267153 0.000387763
0.133069 -0.0852752
0.129986 0.183909
0.119935 0.06781
0.161714 0.0199967
0.0281092 -0.0510311
0.141087 0.0215247
0.128747 -0.000328744
0.0355859 -0.0682113
0.0907954 0.0721029
0.179318 -0.0345141
0.134338 0.101795
0.1985 0.108019
0.153775 0.072109
0.0263943 0.013601
0.134628 -0.00467975
0.0406423 -0.0409747
0.0371801 0.116872
0.216288 -0.00754647
0.141199 -0.0329272
0.237669 -0.0380308
0.226469 0.0376523
0.201295 -0.0800366
0.159433 -0.0823792
0.179717 -0.00144654
0.127013 0.0604415
0.128986 0.042615
0.0621139 0.0134863
0.172624 -0.0462046
0.131526 0.0512009
0.187043 -0.00670463
0.150984 0.0314675
0.164151 0.0364405
0.264001 0.0322915
0.0790735 -0.0639252
0.173553 0.0907328
0.195131 -0.132311
0.121797 0.0413857
0.136715 -0.0528528
0.203282 -0.0321752
0.104304 0.0555832
0.261871 0.0490634
0.124095 0.0301996
0.208176 -0.109576
0.129551 -0.108037
0.15747 -0.0322747
0.0781933 -0.0605792
0.146051 -0.00106432
0.12781 -0.00399777
0.0946602 0.00660715
0.20974 0.081936
0.0768101 0.00579395
0.233138 0.103072
0.17752 -0.0886533
0.145523 0.0480943
0.281841 -0.0778349
0.118607 -0.00308727
0.079937 -0.0523942
0.138649 0.121046
0.190171 0.0342121
0.206027 0.0785639
0.171418 0.00748847
0.167984 -0.0324329
0.268395 -0.0658161
0.199504 -0.0472552
0.102319 -0.0844481
0.130788 0.0440397
0.261762 0.0225824
0.062994 0.0404078
0.125415 0.0187634
0.169217 -0.102696
0.0720916 0.0401341
0.130055 0.0301215
0.176484 -0.0322409
0.0116685 -0.0433497
0.167939 0.0324011
0.117185 -0.0116954
0.148116 0.0964862
0.138328 -0.0822193
0.219265 0.12046
0.290817 0.081092
0.150148 -0.081538
0.317261 0.05038
0.179235 -0.0193409
0.0254416 0.0903269
0.133748 0.0922889
0.0800836 -0.0544751
0.185839 0.0070967
0.080547 -0.00263074
0.178184 -0.0437938
0.023329 0.067228
0.166548 -0.0280128
0.132648 -0.0498629
0.0811985 -0.041223
0.178393 -0.125197
0.180751 0.050094
0.107506 0.0781594
0.143762 -0.0269543
0.136272 0.0259892
0.159621 0.0333117
0.213914 -0.00830163
0.144459 -0.0121279
0.210322 0.036289
0.10121 0.0412001
0.135726 -0.129189
0.170578 0.072807
0.128242 0.044402
0.106102 0.0226194
0.280063 -0.019581
0.20694 0.00612968
0.219253 0.0743491
0.161441 0.0689403
0.251758 0.0395317
0.205066 0.0844775
0.141984 -0.0223965
0.121513 0.00777865
0.0975842 -0.0147342
0.206171 -0.121365
0.114578 -0.00839791
0.109044 -0.0201133
0.0942452 -0.00783158
0.217687 0.0451588
0.138718 0.0277521
0.186498 0.109603
0.22765 -0.000895967
0.0925888 -0.0868289
0.0931149 -0.123742
0.206304 0.0836243
0.157438 -0.0592366
0.0722136 0.0010241
0.0911332 -0.0985883
0.166877 0.0045946
0.107448 -0.0565304
0.128727 0.0313178
0.0944893 0.0858536
0.155444 -0.0412923
0.188638 -0.0063787
0.116878 -0.00158553
0.203566 0.0560289
0.100526 0.0836424
0.14446 0.0105324
0.17394 0.042771
0.0219678 -0.0973426
0.206057 0.0682379
0.20185 -0.111481
0.142691 0.0695862
0.20422 -0.0565492
0.0818003 -0.00574401
0.0850767 -0.0319114
0.0900573 -0.0606342
0.175411 0.0014228
0.0813197 -0.0174501
0.0961174 -0.0281115
0.0877387 0.0173333
0.248024 0.0478765
0.110835 -0.0681902
0.124022 -0.0449344
-0.0462428 0.00888631
0.165836 0.0753103
0.0623085 0.0426665
0.17103 0.133095
0.157464 -0.189335
0.234593 -0.0467626
0.208363 0.0758995
0.159689 -0.00336898
0.19307 0.112607
0.0633484 -0.197475
0.173089 0.00417426
0.0970705 -0.0956001
0.216293 0.103878
0.00306349 0.0179706
0.106545 -0.0555809
0.0919633 -0.0510998
0.0610572 0.0715093
0.19835 0.000761055
0.218546 0.010406
0.0522346 -0.0103971
0.187073 -0.0396991
0.0968325 0.190402
0.0944587 -0.0448256
0.144086 0.0586877
0.22081 0.0318497
0.160013 -0.0307101
0.164879 0.051523
0.07918 0.0572732
0.107457 -0.0401825
0.126094 -0.0222432
0.135526 0.0487775
0.215696 -0.0701453
0.200761 -0.03441
0.0178851 -0.0168137
0.125183 -0.0658089
0.11086 -0.0432837
0.142771 -0.0606757
0.112308 -0.0530316
0.196643 -0.0523037
0.177861 0.0658386
0.183093 -0.0260407
0.166442 -0.0432385
0.129463 -0.0676577
0.206595 -0.0303951
0.0960129 -0.0294992
0.143679 0.0200937
0.173461 0.0690557
0.184553 0.0378452
0.137253 0.0572376
0.257284 0.0302096
0.201827 0.0267575
0.166044 -0.0231068
0.0462094 -0.026087
0.157458 0.013661
0.114503 0.0185332
0.210272 -0.149219
0.148167 -0.0117734
0.143879 0.0232067
0.0818565 0.0769929
0.243185 0.0222092
0.0317498 0.0844567
0.213157 -0.0328913
0.133344 -0.0785908
0.268019 0.0238187
0.156001 -0.00897574
0.140385 0.156955
0.13109 0.040921
0.139628 0.0104839
0.144449 -0.0969624
0.13797 -0.0211225
0.15559 -0.0380083
0.177325 0.0434346
0.259712 -0.0494534
0.0773483 -0.0467859
0.0804299 0.0189007
0.176911 -0.0848337
0.0943071 -0.00501585
0.00251372 0.0723923
0.138556 -0.00600395
0.209371 -0.116831
0.199528 -0.0723518
0.132264 -0.027525
0.099019 0.00965477
0.174698 0.0455213
0.187047 -0.0793046
0.153744 0.00818862
0.254307 -0.0212951
0.128049 0.00472554
0.156159 -0.0334231
0.0880992 -0.0228018
0.206788 0.0700677
0.158576 0.00206369
0.168127 0.0461434
0.143421 -0.0502845
0.0979512 -0.000569613
0.0502884 0.0910507
0.218987 0.0209425
0.134341 -0.0208907
0.125279 0.0672712
0.158249 -0.0395504
0.143841 -0.0091872
0.196807 0.160872
0.191719 -0.00566105
0.0672954 -0.000283794
0.179093 0.0392175
0.261301 0.0454248
0.205046 0.0191176
0.0560508 -0.0505527
0.171187 0.102618
0.171367 -0.0531178
0.169261 0.0472949
0.156613 0.0650005
0.231022 0.0578029
0.143463 -0.0242404
0.1438 -0.0567999
0.162125 -0.0304498
0.104019 -0.0594089
0.289145 -0.0451092
0.158701 -0.0574416
0.0589035 0.0657094
0.144991 0.126722
0.212081 -0.000430447
0.231298 -0.161723
0.28533 0.0622531
0.107106 0.0225983
0.0491247 0.0437199
0.0823928 -0.0321355
0.128812 -0.0789768
0.197103 0.0387605
0.0979902 -0.0193799
0.140745 -0.014232
0.188267 -0.0817057
0.135179 0.0649353
0.113828 -0.0464947
0.0822351 0.0147847
0.137216 0.131578
0.238777 0.150044
0.18547 0.0297414
0.105605 0.0435401
0.0412046 -0.0193288
0.183901 -0.0235964
0.0340481 -0.0200755
0.0506425 -0.157975
0.147376 -0.0637965
0.0930255 0.0876262
0.178745 -0.00781695
0.0429244 0.0167179
0.202651 0.104429
0.17716 0.103756
0.127328 -0.0591052
0.066713 0.00720035
0.181285 -0.00163451
0.263795 0.0698183
0.145878 0.0341176
0.115023 -0.00934831
0.223385 -0.196843
0.177001 0.0332749
0.0541367 0.168096
0.144107 -0.0648892
0.126728 0.0192271
0.131109 0.0179367
0.0501106 0.00512493
0.308114 -0.0397372
0.198773 -0.0260723
0.221534 -0.00612526
0.131137 -0.034198
0.155656 -0.0663926
0.0323556 -0.00784017
0.207355 0.0141419
0.217691 -0.0984171
0.0815988 0.12719
0.145947 -0.0747062
0.186678 0.0529538
0.126989 0.00652907
0.0963273 0.00635268
0.0949095 0.0464964
0.0653804 0.0656528
0.109652 0.0335618
0.184322 -0.0985054
0.205987 -0.043414
0.184406 0.0116853
0.192243 0.0257544
0.209355 0.0382672
0.067783 -0.125843
-0.0101429 -0.132973
0.108476 -0.000816501
0.21675 -0.00492123
0.118585 -0.0871489
0.119969 0.0606136
0.144184 -0.115392
0.227734 -0.0142242
0.166271 -0.0996155
0.0549045 -0.0175089
0.267948 -0.0236669
0.0969425 0.0610602
0.144558 0.059075
0.167941 -0.0340994
0.161248 0.0403296
0.105726 0.00463835
0.0653795 -0.0928627
0.182299 0.00950721
0.0962506 -0.0242142
0.2547 -0.0370986
0.130422 -0.0198812
0.18156 0.0915402
0.123726 0.00080987
0.111613 -0.0210371
0.186738 -0.0135195
0.204578 0.0189879
0.183225 0.157141
0.0647202 0.0291866
0.0469734 -0.0349852
0.149848 -0.0350816
0.251763 0.0254894
0.159432 0.000614824
0.183578 -0.0205912
0.0658821 0.0445743
0.131631 0.100451
0.11883 -0.00310702
0.150793 0.087044
-0.0335335 -0.144364
0.202229 -0.096155
0.183915 0.0547646
0.0963373 0.017983
0.15883 0.0573024
0.210295 0.0737256
0.0935397 0.0850706
0.0782168 -0.0137727
0.145933 0.0766618
0.13848 -0.0463644
0.160805 -0.0211858
0.175997 -0.103903
0.142947 -0.051894
0.224369 0.121173
0.158503 -0.0802627
0.210124 0.134851
0.149808 -0.0790019
0.13626 -0.039176
0.212494 0.064715
0.0759165 -0.0408237
0.119795 0.066503
0.13378 0.0988508
0.0633994 0.0621889
0.198365 0.13766
0.0667603 0.0277828
0.0179942 0.0185792
0.0971556 0.00120773
0.204425 -0.0116168
0.2239 -0.012091
0.250711 -0.0419289
0.164665 0.0303501
0.0424103 0.0235597
0.262392 0.0983981
0.151287 0.0851122
0.16421 0.0123269
0.148816 0.0267597
0.164668 0.00531146
0.246192 -0.00426841
0.105586 -0.0213882
0.105612 0.0452141
0.174132 0.0370527
0.171532 -0.0289801
0.121404 0.0594902
0.158355 -0.00658883
0.0710235 0.0380919
0.155667 0.0343332
0.33833 0.0517924
0.148343 0.171826
0.166385 -0.0199821
0.242776 0.0657393
0.153832 -0.028782
0.131696 0.00131599
0.0365649 -0.0800631
0.201296 0.054133
0.134764 0.0741937
0.199851 -0.0488397
0.106247 -0.0173983
0.18554 -0.0106026
0.0758583 0.0853647
0.123379 -0.0266812
0.190347 -0.0206857
0.181708 0.123172
0.217236 -0.0136078
0.227244 -0.0468374
0.182094 0.0193483
0.105709 -0.0347641
0.116121 0.0904673
0.189226 -0.0105509
0.176796 -0.0324512
0.106971 -0.0508092
0.167701 -0.0381586
0.145124 -0.0381945
0.118516 0.0297311
0.105478 -0.0515138
0.110974 0.049973
0.115772 0.017388
0.197855 -0.00685251
0.14558 -0.0758633
0.241995 0.0242286
0.271818 0.0384046
0.129766 0.0396795
0.250508 -0.0400949
0.193933 0.0345297
0.169701 0.0239584
0.150335 -0.0456758
0.0999231 0.0597481
0.12195 -0.0959967
0.0895754 0.0567733
0.0976863 0.00888666
0.140287 0.0726534
0.262717 0.0139096
0.117613 -0.0151184
0.201066 0.0659504
0.237399 -0.0160102
0.230212 0.0569659
0.241692 -0.108253
0.199028 -0.0386032
0.263365 0.0661882
0.190782 0.0961548
0.143046 -0.13814
0.162629 0.0071736
0.20848 0.0385138
0.139338 -0.0565988
0.086913 -0.0204664
0.0380418 0.0717199
0.107752 -0.0599874
0.12219 0.00861133
0.148352 -0.025032
0.120902 0.0609863
0.09812 -0.0637543
0.106659 0.0121141
0.137896 0.0598364
0.249356 -0.109545
0.143308 -0.017752
0.211412 -0.0377875
0.0974642 0.091366
0.273963 0.0486468
0.141077 -0.152008
0.0808731 -0.0123952
0.184528 0.0710634
0.174112 0.0165468
0.141283 0.0856341
0.198066 0.028065
0.205286 -0.0508474
0.109484 0.187044
0.0521863 -0.0122571
0.162684 -0.063874
0.0382781 0.0792732
0.149486 0.120744
0.150863 -0.131354
0.226707 -0.0601131
0.206797 -0.0557077
0.118443 -0.00466136
0.137074 -0.0158058
0.107698 0.049594
0.206791 -0.165428
0.113841 -0.078483
0.156185 0.0570509
0.145152 -0.015873
0.179405 -0.0258614
0.218752 -0.0335024
0.109904 -0.0734242
0.122562 0.0440357
0.100363 -0.0903764
0.149427 -0.0929611
0.169232 0.0384853
0.18517 -0.057926
0.159966 -0.0452407
0.213212 -0.0257135
0.152708 -0.0642534
0.0736531 -0.0522256
0.0986714 0.0530127
0.212633 -0.159763
0.0926701 0.0295292
0.143041 -0.0411878
0.269933 0.0755892
0.173918 0.059599
0.0920301 -0.0509773
0.0923996 -0.0148548
0.120335 0.0541377
0.0333511 0.0352242
0.181126 0.144119
0.131084 0.0340432
0.190729 -0.045302
0.149886 -0.0736016
0.0793464 -0.0165487
0.196933 -0.043128
0.212439 -0.0119452
0.170233 -0.0584544
0.105958 -0.069252
0.159077 0.0787313
0.11593 0.0221433
0.0539503 0.0475252
0.0581906 0.0690758
0.136505 -0.151968
0.137699 -0.049316
0.199366 -0.00315175
0.239935 -0.0465374
0.162051 -0.0317295
0.0821177 -0.031065
0.101945 0.0249637
0.169646 0.0699548
0.0657682 -0.128095
0.223204 -0.0596861
0.186292 -0.00510132
0.224781 0.191571
0.0174392 0.0544817
0.0646702 0.0216133
0.18503 -0.00740814
0.0320836 0.0640397
0.288988 0.058663
0.169177 -0.00858223
0.149191 0.144859
0.107793 0.145561
0.169398 -0.0899317
0.0604484 -0.0420556
0.24923 0.0106542
0.130576 -0.0178466
0.192083 -0.0389895
0.150064 0.0418534
0.288032 0.0130236
0.15043 0.106922
0.225882 0.0474154
0.144042 -0.0938331
0.152348 0.0160218
0.17847 0.0118405
0.12821 0.00513613
0.228355 0.105682
0.0639172 -0.0102493
0.217573 0.0200806
0.164643 -0.0295738
0.174624 0.0603701
0.192018 0.0232407
0.190405 -0.109006
0.078667 -0.0814372
0.22369 0.0535536
0.102766 0.0629834
0.207325 0.0172473
0.132454 -0.0242145
0.0584643 0.0622361
0.165826 0.0342616
0.160564 0.0437279
0.182357 0.0506409
0.111011 0.00798468
0.11908 0.0542793
0.0894748 0.0120588
0.0269364 -0.0158557
0.0880828 -0.0525373
0.0147472 0.0166751
0.160987 -0.00737499
0.0577414 0.0743469
0.230827 0.0623911
0.206826 -0.0394619
0.148674 -0.0519227
0.193664 0.0168456
0.124286 0.055304
0.203151 -0.0558325
0.147611 0.106917
0.107287 0.0405013
0.116067 0.0364281
0.157011 0.0154053
0.129021 -0.0537095
0.233795 -0.0642923
0.138266 -0.0887604
0.00692511 0.00261588
0.118395 0.130686
0.0276279 -0.0590835
0.0769593 -0.0796179
0.095322 -0.0285398
0.17375 0.0390661
0.0672428 0.0900682
0.0697621 -0.105701
0.246808 0.0322221
0.172152 -0.0443091
0.219524 0.161209
0.118077 -0.0355614
0.172403 -0.0618401
0.0738915 0.0590798
0.0695532 -0.00413219
0.159024 -0.0713423
0.189621 -0.0788761
0.219364 0.0043679
0.0425155 0.0135491
0.136643 0.00453596
0.186746 -0.0342837
0.112805 0.0140859
0.29047 -0.0781583
0.136322 -0.0282826
0.0762196 -0.0071234
0.128125 0.0456446
0.207414 -0.0222849
0.0897798 0.107176
0.20754 0.0425853
0.154466 0.0371755
0.217606 -0.0819884
0.115129 -0.0217471
0.127522 0.0199133
0.188059 0.0520916
0.110066 0.0529451
0.107691 -0.039132
0.131077 -0.0326603
0.109815 0.00360696
0.129802 -0.106979
0.142715 -0.00319981
0.159631 0.0620572
0.200612 -0.00393313
0.131299 0.0441178
0.300504 -0.0310357
0.109328 -0.103569
0.278098 -0.0167586
0.135782 -0.0320622
0.141589 -0.0371369
0.16823 0.103214
0.156281 0.0360384
0.304778 -0.0339014
0.141548 -0.0541063
0.0936478 -0.0491367
0.069419 -0.0252639
0.222415 -0.0417408
0.181877 -0.00309359
0.0983015 -0.0136014
0.157768 0.00274503
0.150332 0.139467
0.204257 0.0694563
0.203475 0.049245
0.174243 -0.0525981
0.221141 -0.025505
0.147054 0.0338906
0.0718791 -0.000363156
0.200571 0.0912529
0.046405 0.0308359
0.144226 -0.00901093
0.171376 0.0897987
0.0033268 0.060728
0.219723 -0.0268228
0.229218 0.0229521
0.113355 0.0146048
0.226381 0.0215834
0.0980179 -0.0154594
-0.0179968 0.0507505
0.239026 -0.0177965
0.00645605 0.029111
0.217776 0.097701
0.240674 -0.0245318
0.242917 -0.085072
0.0990361 -0.125002
0.285387 0.00219381
0.193661 -0.0837914
0.158412 0.0192366
0.0613641 0.0350373
0.206525 0.0548073
0.109269 -0.0511448
0.245169 -0.0268322
0.222665 0.00393192
0.110194 0.00493986
0.156543 0.0698924
0.168757 0.00518394
0.155199 0.0437035
0.133966 0.116229
0.126709 -0.0545397
0.184035 -0.00394071
0.186105 -0.1365
0.122457 -0.0983019
0.239617 -0.0692648
0.243402 -0.058957
0.225243 0.00978634
0.111749 0.0121822
0.173134 0.106515
0.140545 -0.0640886
0.164281 0.0502648
0.235786 0.0374812
0.165789 -0.0473696
0.104045 -0.107824
0.121322 0.0624994
0.141097 0.0628199
0.129604 -0.0308099
0.167134 -0.0579961
0.0879526 0.033066
0.15031 -0.105235
0.157428 -0.0406787
0.205827 -0.0965933
0.198591 -0.027107
0.0436191 -0.0455461
0.2006 -0.0546719
0.195912 0.0733805
0.158907 -0.02079
0.18365 0.0662885
0.24313 0.153194
0.096537 -0.0413608
0.0221226 -0.0722314
0.179696 -0.0145435
0.145886 -0.0281555
0.109774 -0.0149673
0.130098 0.0649892
0.199147 -0.0222441
0.150851 0.0130055
0.19311 -0.102063
0.0508247 0.0567451
0.172212 -0.0859334
0.191074 0.00876853
0.198665 -0.0337004
0.170465 -0.0973537
0.0582833 -0.0794154
0.313464 0.0807563
0.0718827 0.00243753
0.172258 0.00642821
0.133718 0.124071
0.0709431 -0.0196703
0.115808 0.0647703
0.181657 0.0609853
0.130958 -0.0515498
0.186816 0.0387328
0.0303996 0.00150581
0.214992 -0.0244015
0.11543 0.0648389
0.125522 -0.0231547
0.164046 0.00386572
0.17168 -0.0397987
0.207521 0.057747
0.129681 0.0121377
0.1763 -0.075139
0.160761 -0.0790571
0.285817 -0.0672255
0.206003 -0.079431
0.162771 0.00780408
0.125359 -0.0595623
0.132454 -0.0766652
0.151372 0.0316462
0.137726 0.0161907
0.0241552 0.00918454
0.151131 -0.049284
0.0715767 -0.078557
0.162642 -0.0784197
0.193115 -0.0721885
0.0866237 -0.0707022
0.181661 -0.0145121
0.100883 -0.0879019
0.153904 0.0932193
0.254256 -0.00388436
0.164665 -0.0014466
0.203561 0.0130041
0.174775 -0.0209824
0.135017 -0.0352778
0.15456 0.058558
0.0932681 0.0010453
0.125685 -0.0073716
0.171081 -0.0308111
0.165629 -0.0210568
0.113315 -0.0211655
0.109455 -0.036014
0.23552 0.0171611
0.199734 0.0618221
0.20656 -0.0620467
0.0209116 -0.00824618
0.198282 0.0282045
0.168527 0.0209285
0.115023 0.00769165
0.2149 0.0205235
0.178893 -0.0621659
0.152654 0.097491
0.163488 0.0680813
0.129938 -0.0654367
0.157231 0.0164803
0.171865 0.0768021
0.190208 0.0565643
0.242487 -0.00551683
0.210861 -0.0782646
0.0850797 0.0291251
0.255591 0.0749521
0.199059 -0.013841
0.164764 -0.0625598
0.229739 0.0457607
0.159797 0.0332236
0.160741 -0.0351982
0.183527 0.0268104
0.177414 0.0332665
0.225499 -0.0452457
0.206263 0.089005
0.0918795 0.000298547
0.129334 -0.00141654
0.2052 -0.0339139
0.232348 -0.0383267
0.205797 0.0090367
0.134746 -0.0486559
0.143161 0.0732129
0.140596 0.0144865
0.111407 -0.0127202
0.104586 -0.00826662
0.0709304 0.0730826
0.153465 0.00659909
0.16912 -0.0334705
0.0888332 -0.0972177
0.053358 0.0126106
0.0646578 -0.0332004
0.0816438 -0.0374309
0.158552 0.00187789
0.195642 0.088703
0.0855848 0.0119987
0.143073 -0.0906126
0.0724019 -0.037586
0.0849036 0.00981764
0.23291 0.000761531
0.202136 -0.0953398
0.222175 -0.0274692
0.0807143 -0.0509691
0.186755 0.0219052
0.150962 -0.0166313
0.117442 0.0760628
0.229312 0.0105246
0.110845 -0.0377603
0.206488 -0.0661276
0.0784614 -0.0444649
0.116753 0.0107483
0.216607 0.0491638
0.17222 -0.0676121
0.119458 0.0537909
0.19079 0.0456374
0.187859 -0.142978
0.148642 -0.0729313
0.0622248 0.015861
0.107995 0.029775
0.213778 0.0720829
0.259812 -0.0194071
0.123011 0.0199219
0.153685 0.0383114
0.108237 -0.0381933
0.17492 0.0952957
0.192774 0.0676549
0.107302 0.0429189
0.0926741 0.0360853
0.156646 0.0617503
0.11997 -0.129849
0.121625 -0.0556494
0.188332 0.0897857
0.186558 0.0575507
0.187768 -0.0601822
0.25359 -0.0211237
0.216521 -0.0501623
0.158383 0.0294216
0.205542 -0.0356002
0.0578524 -0.0716209
0.226462 0.0117627
0.175255 0.0112826
0.0855548 0.00483969
0.129187 0.149528
0.100727 -0.0273074
0.10244 -0.115489
0.206484 0.122263
0.161538 -0.0511092
0.25778 -0.022498
0.185886 0.0370327
0.0468946 -0.0563047
0.144872 -0.0872069
0.115104 -0.0885101
0.151652 0.0208888
0.158317 -0.0220617
0.134147 0.0222579
0.159453 0.0526797
0.184887 -0.100313
0.132516 0.0417411
0.156122 0.078248
0.101273 -0.142219
0.151874 0.0699391
0.162354 0.072552
0.149624 -0.0178925
0.196299 -0.0598206
0.162134 0.0414377
0.180804 -0.0730386
0.0710942 -0.0988573
0.23048 -0.042674
0.136175 0.0956906
0.174197 -0.0671074
0.139108 -0.000762561
0.223174 -0.144728
0.195512 -0.00698038
0.24941 -0.0508435
0.131192 -0.0498039
0.120413 -0.00588799
0.110111 0.0745573
0.129301 0.000960954
0.172965 -0.0157802
0.0718269 0.108602
0.0785572 0.0074102
0.129157 0.00744453
0.187926 -0.00431849
0.169395 -0.076807
0.176114 0.0368563
0.157719 0.0567337
0.147473 0.044919
0.102294 -0.0492425
0.138457 -0.0252631
0.0152853 0.005721
0.16365 0.0198737
0.152486 0.00890341
0.18893 0.034502
0.151328 0.0277317
0.0815688 -0.0239075
0.16798 -0.0811139
0.0107217 -0.0859234
0.237024 -0.0786177
0.147596 0.0029051
0.102489 0.00575502
0.250099 0.0526819
0.122176 0.0405021
0.217039 -0.0155155
0.155522 -0.00449767
0.184421 -0.0268108
0.0854735 -0.0348815
0.153267 0.0136813
0.114723 -0.130669
0.248027 0.0312418
0.203783 -0.0150099
0.031868 0.0905567
0.148521 0.0627111
0.185013 -0.0102256
0.284927 0.0134417
0.101696 0.131629
0.219861 0.00123468
0.243048 -0.00073247
0.199243 0.0730445
0.139022 -0.126167
-0.0717395 0.125081
0.177122 -0.0430931
0.230323 -0.0406268
0.129875 -0.00270987
0.0940868 -0.00640758
0.204619 0.0291708
0.213089 0.0869133
0.136192 -0.077549
0.0774224 0.0531057
0.138501 -0.0655996
0.218195 0.0552439
0.199074 0.0196651
0.287967 0.154922
0.0837727 -0.104786
0.0241504 -0.049484
0.0318221 0.0698423
0.122653 0.00440385
0.149362 0.0017882
0.215623 -0.10038
0.215147 -0.0389158
0.132683 -0.0537655
0.0597114 0.0126764
0.135496 0.0767431
0.232144 0.0624828
0.122625 0.0870111
0.160265 -0.00870098
0.116139 0.079216
0.0505496 -0.10811
-0.0406226 -0.13734
0.152719 -0.0577169
0.144156 -0.0486356
0.112702 0.0526985
0.164189 -0.00773761
0.165702 0.0427753
0.194377 0.0884848
0.154529 -0.0370542
0.211735 0.0724725
0.0986713 -0.00916279
0.21464 0.011479
0.185046 0.026957
0.1417 -0.0209144
0.157044 -0.0128393
0.193778 -0.0153908
0.117715 -0.0903368
0.244431 -0.0167891
0.110501 -0.0357723
0.246322 -0.0950946
0.105572 -0.0090453
0.174784 -0.0115472
0.240865 -0.102283
0.196656 0.0531303
0.17593 -0.0496122
0.236762 0.10209
0.135143 0.0253232
0.0879835 -0.0756728
0.140683 0.0290581
0.196829 0.0994912
0.257719 -0.0720156
0.249246 0.0697634
0.0681778 -0.0297098
0.240263 0.0815583
0.170016 0.0378823
0.172821 -0.0786101
0.168836 0.0568531
0.201695 0.062742
0.0725229 0.0702207
0.150372 -0.146531
0.0942961 0.0635362
0.104729 -0.0757342
0.20125 -0.097106
0.213024 0.150931
0.183061 -0.0942044
0.0778728 0.0108196
0.171891 0.0128316
0.210397 0.0717429
0.146186 -0.029567
0.202643 -0.00415969
0.121415 0.00123153
0.157526 -0.00368359
0.104823 -0.04399
0.152997 -0.0703917
0.110417 -0.0693845
0.156304 -0.0176803
0.224198 -0.059033
0.149434 0.0923501
0.113206 -0.0393054
0.138652 0.0615911
0.154876 0.00640489
0.111895 -0.125678
0.190998 0.0461439
0.265763 -0.00482798
0.257079 0.0796625
0.156511 -0.097327
0.0739232 -0.023688
0.232433 -0.0459252
0.205013 0.013954
0.112943 0.00776646
0.0457718 0.0945854
0.120508 0.0455516
0.0466209 0.0225446
0.0784049 -0.0132082
0.185063 0.0184027
0.101307 0.0510721
0.206436 0.026093
0.285317 -0.00717316
0.143613 -0.0234532
0.0969168 -0.0638594
0.23965 0.00888357
0.0339179 0.071393
0.210178 0.0907852
0.125844 -0.0851877
0.0781452 0.0314181
0.227303 0.0396587
0.225287 -0.0566488
0.161659 0.0924073
0.161877 0.034411
0.151979 0.066702
0.138002 -0.00145605
0.120058 -0.0326795
0.175797 -0.0383327
0.243547 -0.0867865
0.20387 -0.0171673
0.127617 -0.0786109
0.174785 0.00184649
0.209744 -0.0675873
0.0736082 -0.0647073
0.172601 0.0876741
0.145188 0.0210561
0.1438 -0.0147913
0.243022 -0.113964
0.0545327 -0.0163364
0.210343 -0.0490885
0.13827 0.0105235
0.230916 -0.035801
0.104513 0.0541019
0.202265 -0.0314188
0.117358 0.0491382
0.141373 0.0131325
0.155421 0.0612207
0.244952 -0.149015
0.0965549 -0.0866493
0.157101 0.0225969
0.2217 0.0689281
0.0858707 -0.112535
0.0874014 -0.00822388
0.138261 -0.0697565
0.156259 0.00620934
0.0846464 -0.0209648
0.13275 0.085251
0.0923191 -0.0086382
0.129995 0.139448
0.217095 -0.00136277
0.206109 -0.123926
0.162327 -0.0904492
0.171009 -0.00955395
0.123433 0.0696747
0.0545847 0.0264465
0.131088 -0.0158376
0.129122 -0.00442036
0.0831992 0.00303284
0.174728 0.0354311
0.234314 -0.0498746
0.132533 0.0775754
0.181176 -0.036823
0.110631 -0.0690144
0.156488 -0.0810907
0.108979 -0.0128672
0.123354 0.0548894
0.22826 0.119045
0.0987284 0.0882861
0.103927 -0.135429
0.109538 -0.0133936
0.109989 0.0434545
0.252973 -0.00768816
0.122862 0.0720118
0.161955 -0.00126068
0.131679 -0.0907033
0.0422204 0.0411743
0.0977463 0.0497519
0.0933615 0.101212
0.150303 -0.023244
0.198673 -0.0166566
0.239498 0.0607397
0.181927 -0.00195127
0.102505 -0.107996
0.208416 -0.00559975
0.139849 -0.0486386
0.114862 -0.0207578
0.123854 -0.00598408
0.180042 0.0104613
0.23396 -0.0860981
0.133894 -0.0310195
-0.00816399 0.00314897
0.0683059 -0.0495754
0.13375 -0.0339887
0.239864 -0.0433939
0.0707823 -0.0215565
0.0894127 0.0381319
0.116359 -0.0159041
0.11248 0.0647244
0.147604 0.0801345
0.107045 0.0521836
0.141316 0.0335376
0.237879 -0.0416238
0.0972269 -0.0959076
0.187574 -0.012187
0.249533 -0.00770532
0.227518 -0.0847157
0.161535 -0.0916386
0.298517 0.071133
0.128544 -0.0680936
0.108929 -0.00986839
0.170636 -0.0505186
0.211123 -0.0677998
0.15575 -0.00457481
0.172972 0.0365981
0.192137 0.071201
0.0979086 0.032288
0.181376 -0.0688221
0.137131 0.108137
0.173365 -0.112091
0.104715 0.00473769
0.206329 -0.123581
0.172506 -0.0875122
-0.020002 0.0412434
0.0973931 -0.135225
0.170218 -0.0931113
0.161422 -0.0214817
0.199976 0.0332909
0.147465 -0.0449649
0.104241 0.0622421
0.160352 -0.0651797
0.140324 -0.0262381
0.12931 0.0636694
0.176409 0.0403589
0.0893778 -0.0723251
0.0704367 0.0610482
0.128015 -0.0452
0.171898 0.0629559
0.108193 -0.012028
0.22864 -0.0575351
0.152382 0.258494
0.143712 -0.0241525
0.155857 0.00779128
0.166838 -0.0378005
0.134458 -0.0114966
0.203259 0.009902
0.145146 0.0556895
0.232705 -0.0340359
0.108881 0.124705
0.186953 0.00205853
0.0338156 -0.0421366
0.105926 -0.00549294
0.16598 -0.0633026
0.208967 -0.0365284
0.207991 0.0917704
0.158242 -0.0659826
0.12934 -0.0439674
0.0899121 -0.00129996
0.0493468 -0.0445254
0.193504 -0.0598748
0.187054 -0.025493
0.133387 -0.0475103
0.218758 -0.0500377
0.180725 -0.0287672
0.12664 -0.0738245
0.0597105 0.119973
0.259518 -0.0349139
0.265362 -0.0232533
0.187163 0.0943394
0.155239 -0.0675347
0.214929 -0.0296976
0.0830452 -0.0364568
0.169657 0.024887
0.176957 -0.107486
0.163266 -0.085417
0.219431 -0.0897211
0.174412 0.0211176
0.0814617 0.0295338
0.133859 -0.0694984
0.15721 0.0204698
0.12251 -0.0502057
0.0566931 0.0363697
0.108564 0.00230807
0.20311 -0.0476344
0.0916318 0.0446265
0.177052 0.000545844
0.212469 0.0531778
0.0991766 0.0658446
0.172086 -0.047002
0.0870623 -0.000373671
0.0449888 0.0218089
0.136323 -0.0347161
0.117721 -0.0472538
0.00926932 -0.039328
0.0985799 0.0975635
0.206627 -0.0675743
0.140044 -0.0159463
0.182826 0.0394826
0.180465 0.00619994
0.170515 -0.0809067
0.164971 -0.0402321
0.0586244 -0.0368142
0.173266 0.0123096
0.0954639 -0.0241672
0.148313 0.0573608
0.205855 -0.00179444
0.135276 0.106984
0.101903 0.124838
0.0540638 -0.0823302
0.0825068 -0.0439921
0.221657 0.0422806
0.0934902 -0.105795
0.142693 0.0693078
0.0346021 -0.0112194
0.175743 -0.0451141
0.17993 -0.125553
0.242707 0.0349733
0.130442 0.105369
0.212998 -0.0298534
0.129121 0.00614738
0.0302188 -0.00848688
0.117018 -0.050672
0.18859 0.0133937
0.0822358 0.0156085
0.0921129 -0.0621087
0.118374 -0.149764
0.168988 -0.0157696
0.182932 -0.00353878
0.0586587 0.010727
0.100426 -0.024488
0.0898164 -0.0341785
0.0803729 -0.0664197
0.243635 0.105161
0.0491004 0.020402
0.175637 -0.0450446
0.145204 0.0325632
0.158838 -0.0602465
0.00940062 -0.0269174
0.196239 -0.0999904
0.172407 0.0250589
0.126857 -0.0738112
0.139096 -0.0762715
0.127105 0.014131
0.255651 0.0578261
0.040549 -0.0717974
0.240738 0.0147201
0.0759099 -0.0462352
0.214259 -0.0220766
0.264538 0.0541939
0.217681 0.036521
0.152136 0.0157516
0.0583969 -0.00794235
0.168683 0.0108318
0.17287 0.0371885
0.194873 -0.0635487
0.213743 -0.0463742
0.101552 0.117147
0.125351 -0.0493988
0.0569129 -0.0221971
0.195122 0.0724139
0.0854346 -0.026712
0.232387 0.0208508
0.151135 0.0401938
0.168181 0.00367307
0.131818 0.0434807
0.193832 0.0661929
0.198622 0.00864277
0.124891 0.0586919
0.154255 -0.0487902
0.259774 0.000552384
0.1548 0.0479349
0.144892 0.0187188
0.150653 -0.0755612
0.12968 -0.0837953
0.301476 0.0461392
0.0866368 0.0169758
0.237231 -0.0640737
0.229981 -0.00299275
0.16833 0.136888
0.186852 0.0876849
0.129084 0.0469944
0.183106 0.0508035
0.157644 0.0704139
0.126025 0.0661314
0.129667 0.118002
0.17167 0.0880826
0.199296 0.0591615
0.226909 -0.0998317
0.112885 -0.0170584
0.168306 0.0496738
0.143381 -0.00310978
0.1246 -0.0135366
0.229581 0.0519685
0.211381 0.00537401
0.129246 0.0678648
-0.0223964 0.026355
0.20265 0.0265396
0.212132 0.0335459
0.226643 -0.0524034
0.208284 0.117011
0.0585944 0.019812
0.199534 -0.0325533
0.101699 0.0150364
0.221346 -0.0241057
0.277797 -0.00877732
0.147233 -0.00234534
0.179345 0.0120902
0.265087 0.118817
0.0334329 0.00474462
0.149307 0.0418851
0.122736 0.0106006
0.12745 0.0888786
0.151717 -0.0281008
0.230547 0.0875482
0.121334 -0.0171691
0.103135 0.035107
0.252577 -0.00548748
0.101635 0.000784339
0.195498 -0.013664
0.0770399 -0.0463262
0.141998 0.0165574
0.169316 0.0167456
0.193278 0.02854
0.10052 0.146344
0.121291 0.0566432
0.0770007 -0.0177567
0.117831 0.0163528
0.184048 0.0184527
0.17915 0.05432
0.104026 -0.0961859
0.152801 -0.0633654
0.196925 -0.00077553
0.164902 0.099505
0.0532797 0.0316641
0.112807 -0.0494537
0.122571 0.046283
0.111264 -0.0227918
0.283156 -0.088666
0.218383 -0.0191879
0.188456 -0.0726456
0.15175 -0.0218628
0.108069 -0.0317936
0.148978 -0.0200105
0.290507 0.0594873
0.15907 -0.00938195
0.177637 -0.038333
0.092666 0.0651493
0.211027 0.0111303
0.207489 -0.00998772
0.146649 -0.0258444
0.155859 -0.0107642
0.0512977 0.080681
0.127655 -0.095021
0.159064 0.0528178
0.163601 0.0322152
0.183556 0.0914027
0.123244 -0.117098
0.11793 -0.00882634
0.0035038 0.067255
0.20452 0.0227325
0.174093 -0.0127096
0.256189 -0.0728137
0.192607 0.0867525
0.249041 0.0360273
0.150503 -0.0866119
0.228054 0.0551995
0.161855 0.103044
0.188483 0.0467458
0.0545105 0.00219311
0.0986937 0.0395543
0.225552 -0.027769
0.164006 0.0349717
0.0773113 0.0130012
0.0716157 -0.0990547
0.119108 -0.0600502
0.0670226 -0.033383
0.205352 0.107071
0.0988122 0.0117644
0.109415 -0.0275443
0.0551852 -0.0371532
0.127195 0.0720759
0.260761 0.0765242
0.0197744 -0.0643744
0.120497 -0.040836
0.22277 -0.0346611
0.142295 0.0699569
0.110676 0.123366
0.0430468 0.0358222
0.154812 0.0252649
0.232147 0.033411
0.171424 0.0360804
0.203478 -0.0082675
0.191276 -0.00630737
0.0969491 0.0641732
0.198982 0.0564834
0.147906 -0.0991637
0.179125 0.033938
0.136076 -0.0231049
0.239341 -0.0225644
0.14535 -0.0262956
0.115746 -0.143776
0.113485 -0.0181055
0.112145 -0.0719317
0.195895 0.0393374
0.124868 0.0672279
0.15023 -0.0373054
0.176808 0.0475899
0.10302 -0.0142566
0.174029 0.0940538
0.0186164 0.0628203
0.154476 -0.033467
0.124831 0.105304
0.199169 0.0336395
0.0967977 -0.0893295
0.0875912 0.117989
0.0918639 -0.0367564
0.148872 0.00290567
0.163202 -0.0512552
0.125901 0.015432
0.150848 -0.0647179
0.166145 0.0328707
0.222902 -0.0471688
0.107839 -0.0579412
0.126409 0.0392005
0.0989042 0.0986228
0.236188 0.0860183
0.229651 0.0098971
0.244666 -0.0197052
0.114826 0.0492784
0.246783 -0.0562094
0.15446 0.0221694
0.159916 0.0945658
0.158018 -0.131119
0.237786 0.0166918
0.161658 0.0351435
0.0766103 -0.0273977
0.165427 -0.0435547
0.130095 0.00471197
0.280922 -0.0344654
0.136877 -0.0721923
0.0502474 0.0293301
0.184671 0.0156736
0.187206 -0.0199951
0.11138 0.0177663
0.149088 0.0437713
0.113801 0.0580667
0.157645 0.0907952
0.086642 0.00335706
0.246688 -0.0822801
0.200999 -0.00283231
0.228473 0.102606
0.232705 -0.0973176
-0.0573726 0.0145669
0.0851973 0.0825601
0.113661 -0.0437776
0.13491 -0.134283
0.0115706 -0.0470406
0.215023 -0.0366882
0.170482 0.0452088
0.135489 0.0499575
0.207428 0.0146543
0.131336 -0.0115684
0.217703 -0.128835
0.189171 0.0137174
0.114067 -0.123083
0.143043 -0.0397001
0.155995 -0.0737739
0.228688 0.0840521
0.0702431 0.0232319
0.120459 0.0616043
0.110128 0.0748523
0.126993 0.0535639
0.0987786 0.0819898
0.0847639 0.0507216
0.0904234 -0.0740925
0.25607 -0.0224818
0.128832 -0.069176
0.101516 -0.043956
0.175954 0.000546928
0.225926 -0.0245977
0.283078 -0.0226274
0.279693 -0.0101543
0.18272 0.0716307
0.15173 0.0107566
0.190995 0.0323263
0.160903 -0.0516166
0.108101 -0.00934571
0.241534 -0.00304358
0.254503 -0.0316372
0.244496 0.0996878
0.126794 -0.0771124
0.20284 0.068816
0.173185 0.0349406
0.0492575 -0.130201
0.168082 -0.0340135
0.188114 -0.0389565
0.104137 0.0557716
0.164515 0.0139247
0.112102 0.0242898
0.045833 0.0193891
0.0653643 -0.0305647
0.0474957 -0.0678052
0.0776206 0.0241348
0.180391 0.0337529
0.252758 -0.00499989
0.211107 0.00155245
0.0890101 -0.0788526
0.15232 -0.0157265
0.157051 0.0752908
0.0737223 0.00368664
0.0640311 0.0145662
0.164921 0.0285146
0.0752595 0.00921644
0.17318 -0.0384772
0.144038 -0.0860888
0.148464 -0.016098
0.188133 0.0735257
0.176758 -0.0478693
0.197675 -0.0556791
0.177937 0.0471984
0.181744 0.0891256
0.199527 -0.00431148
0.157905 0.000740457
0.102836 0.0375512
0.134432 -0.0595976
0.172957 -0.0262654
0.151336 -0.022823
0.129208 -0.042895
0.176432 0.0203303
0.21721 0.049599
0.0552461 -0.0471403
0.105414 -0.0191562
0.19566 -0.034991
0.231163 -0.0069168
0.246433 -0.0119653
0.19575 -0.0100221
0.141967 0.0568957
0.253217 -0.0126347
0.0187567 -0.0205776
0.0918164 -0.0560265
0.250602 -0.0200296
0.144473 -0.00360408
0.172873 0.0292552
0.0802033 0.0617615
0.131956 0.0232747
0.087911 0.00716912
0.0375322 -0.0969977
0.243205 0.0445426
0.177825 -0.0471694
0.0504912 0.0617041
0.170741 -0.0388955
0.150031 -0.0812665
0.0706106 0.00840495
0.111637 0.0510184
0.128504 0.100519
0.118225 -0.0359245
0.123156 -0.109467
0.0536843 0.0474202
0.0846401 0.118125
0.200541 0.089616
0.33659 -0.0033285
0.1866 0.0385105
0.140527 -0.0223972
0.140456 -0.0340364
0.257809 -0.0124788
0.207447 -0.103331
0.0452484 -0.119642
0.125019 0.0330617
0.172274 0.00145404
0.136938 -0.00185163
0.0742721 -0.0727247
0.104007 -0.0579776
0.122261 0.0111052
0.0933495 -0.0582256
0.224626 0.0273365
0.107156 -0.0867276
0.112122 0.0463671
0.101169 -0.010046
0.227545 0.133448
0.186873 -0.0577799
0.147 0.113332
0.220009 0.013369
0.106323 0.0305796
0.23552 -0.0847911
0.15934 0.0135653
0.19696 -0.0415893
0.189152 -0.00842444
0.0265756 0.110206
0.0811592 -0.0193383
0.124657 -0.0927586
0.181368 -0.120973
0.163923 0.0432761
0.130335 0.0390998
0.0575235 0.00636778
0.123026 0.0470642
0.0827619 0.141234
0.161682 -0.0188469
0.162859 0.0772461
0.226461 -0.0678583
0.165059 0.0249858
0.171209 -0.00643591
0.141996 0.103759
0.112573 0.0203527
0.184314 -0.0728911
0.143988 0.0590044
0.136367 0.015198
0.168477 0.0451837
0.115484 0.0646074
0.0750624 0.00299811
0.178209 0.0263248
0.273475 0.0882247
0.176888 -0.0707505
0.11049 0.0467237
0.178394 -0.0358253
0.155878 0.0212622
0.149946 0.0531037
0.229705 0.131684
0.15091 0.0498922
0.174966 -0.0301499
0.203586 0.10124
0.0923719 -0.0977797
0.175606 -0.0475702
0.0869125 -0.00650364
0.166121 0.0511564
0.103599 -0.00321755
0.11395 0.0708052
0.0500398 -0.0242434
0.168503 0.0873377
0.185454 -0.0267232
0.181055 0.0136785
0.133827 -0.1507
0.151293 -0.0161153
0.127321 0.0576667
0.0749952 -0.0250772
0.112489 -0.0886791
0.136022 -0.0899923
0.0592942 -0.135767
0.135472 0.0123594
0.167447 0.0311595
0.183633 0.080513
0.136159 -0.0893782
0.153526 0.106228
0.213191 -0.0370282
0.0686254 -0.0918715
0.108995 0.00285904
0.100089 -0.116771
0.123835 -0.011064
0.15034 -0.0306984
0.243443 0.0237758
0.166978 -0.0493511
0.0705173 -0.0825436
0.126809 -0.0307442
0.103999 0.0930918
0.145028 0.10066
0.276138 -0.00461769
0.158457 0.0185597
0.19751 0.0510758
0.185718 0.0557659
0.101604 0.0107365
0.13418 0.00955201
0.132837 0.10047
0.124088 -0.031016
0.198436 0.142146
0.0884512 0.0201799
0.111912 -0.0760667
0.0893962 -0.0359425
0.0904515 -0.00382039
0.185555 -0.0134556
-0.0336931 -0.128486
0.172696 0.0322235
0.120577 0.0672445
0.106964 -0.0982521
0.253458 0.000531131
0.174947 0.0303983
-0.000913994 0.0651095
0.124623 -0.0964721
0.178887 0.00856241
0.162824 0.0166656
0.101715 0.147058
0.18326 0.0435285
0.183105 0.00835648
0.216439 -0.0911758
0.164348 0.0160894
0.107797 -0.0196167
0.074166 -0.091424
0.179912 -0.0179779
0.00202595 -0.0909808
0.227956 0.0436416
0.12807 -0.141572
0.106566 -0.0965241
0.19792 0.0752646
0.0941736 0.0692788
0.0880892 0.080145
0.221003 0.0121121
0.141621 0.0399986
0.0350371 -0.0306852
0.236541 -0.0112671
0.194335 0.0312775
0.126537 -0.094464
0.19117 0.10621
0.112603 0.0502018
0.154115 -0.0734133
0.151774 -0.0174753
0.150083 0.0690312
0.0621241 0.00262275
0.227274 0.0179909
0.101117 0.0786753
0.170869 -0.0669549
0.127882 0.138317
0.0695323 -0.00237586
0.193577 0.0857789
0.12931 -0.0189039
0.133081 -0.0299109
0.0764118 -0.0562012
0.191599 0.00128465
0.176245 -0.00124332
0.138132 -0.0862282
0.200624 0.0550316
0.100906 -0.1281
0.221809 -0.0309484
0.110023 0.00293594
0.142518 -0.0508843
0.159402 0.0718797
0.069013 0.0519461
0.161793 0.0308859
0.246144 -0.0768112
0.203766 0.0695295
0.238142 -0.0282988
0.240324 0.0927595
0.215009 0.0417666
0.0879102 0.0745664
0.165437 0.0402648
0.145311 -0.0703235
0.13006 -0.0344379
0.224505 0.0858411
0.163701 0.0381679
0.274724 -0.0674834
0.106101 0.108311
0.157451 -0.0323633
0.126873 0.102505
0.122222 0.0245015
0.171574 0.024428
0.0650586 -0.0150561
0.147377 0.0448985
0.152352 0.0766944
0.131026 0.0453457
0.119999 0.0337897
0.129166 -0.00845118
0.137279 -0.0124536
0.230016 0.0300595
0.24103 0.0652294
0.153465 0.0449866
0.095017 0.000474264
0.204332 -0.0514972
0.205752 0.0826929
0.129445 -0.0335
0.111822 0.0238923
0.172276 -0.0453627
0.176622 -0.116124
0.0879963 -0.0298953
0.123387 0.0669671
0.326184 -0.0212087
0.169895 -0.163372
0.155189 0.0246616
0.150511 0.0425589
0.0465526 -0.010026
0.136778 0.0561877
0.218239 0.0567299
0.0326397 0.0502467
0.248973 -0.0135013
0.286492 0.0583482
0.113551 -0.00467429
0.08975 0.070936
0.186717 0.0159539
0.0100191 -0.0231636
0.0931816 0.0413778
0.133095 -0.0982881
0.207764 0.0503058
0.185949 0.0646906
0.154804 -0.0064941
0.121849 0.11021
0.0545902 -0.018707
0.125562 0.0113231
0.059779 -0.0353446
0.11571 0.131513
0.16221 0.00550948
0.115772 0.070448
0.157262 -0.0723995
0.189902 0.0800719
0.218704 0.0870115
0.280867 -0.0080933
0.14854 0.0253016
0.138971 0.017786
0.166229 0.0233923
0.213237 0.02617
0.0350622 -0.110404
0.173718 -0.0426307
0.178902 0.0297535
0.17772 0.00416381
0.0313712 -0.0609368
0.13531 -0.120921
0.210094 -0.037626
0.180338 -0.0260521
0.105233 0.0290691
0.234962 0.0625179
0.124394 -0.0117337
0.132044 -0.0212288
0.138072 0.0510838
0.120076 -0.0714729
0.155051 -0.058326
0.11401 0.0511725
0.147065 0.189836
0.0762589 -0.00185161
0.0751255 -0.0737736
0.112815 -0.0291685
0.108643 -0.0115862
0.167451 0.0315906
0.106669 0.0152094
0.229006 0.0174332
0.0805849 0.0491803
0.141675 -0.0184053
0.229111 -0.0209479
0.112574 -0.11464
0.256725 0.0807869
0.0867475 0.0252094
0.210404 0.0633309
0.0839868 -0.0417291
0.203211 -0.133603
0.10005 -0.0110557
0.251003 0.0960793
0.138399 -0.0366048
0.0348814 0.0330084
0.159783 -0.0862521
0.172368 0.0366822
0.163509 0.0437132
0.045527 0.113487
0.192718 0.0654979
0.112655 0.0551772
0.150148 -0.00563683
0.186141 -0.0415354
0.0672747 0.0127414
0.150876 0.0565265
0.125559 -0.0226022
0.188863 0.0204619
0.0897671 0.011058
0.0747289 -0.0317867
0.185959 0.050106
0.147459 0.0199455
0.114682 0.134711
0.262459 -0.0451965
0.270119 -0.0282619
0.152881 -0.0561817
0.187265 0.0454167
0.166599 0.0508271
0.150467 -0.00686384
0.143637 -0.0176278
0.142622 0.0687402
0.152459 -0.0154949
0.143906 -0.0245316
0.137209 0.0264083
0.129215 -0.0798071
0.222961 0.0748652
0.186331 0.0481098
0.0933965 0.101861
0.211494 0.0343204
0.186028 -0.0135615
0.111226 0.0677786
0.127602 -0.0716633
0.147538 0.032582
0.206493 0.0803902
0.179288 0.0433763
0.190318 -0.0968627
0.127562 0.0548063
0.226902 0.0216944
0.119504 0.0833771
0.244387 -0.0389288
0.14383 -0.0217346
0.153553 0.108514
0.15287 0.0244335
0.168315 -0.125475
0.237725 0.0688084
0.205306 -0.0670482
0.206424 0.107958
0.0363253 0.136778
0.173901 0.0413952
0.21837 0.0598319
0.0652214 0.014289
0.214747 0.0432854
0.0591066 0.00526179
0.189131 0.054452
0.129469 -0.0410055
0.0744027 0.105936
0.0795123 -0.160775
0.13248 0.00855415
0.243869 0.149599
0.0833107 0.00301565
0.052712 0.00861764
0.176057 -0.0593727
0.103011 0.0321184
0.237593 -0.0547218
0.212319 -0.0749999
-0.0270516 -0.0299201
0.0302356 0.0281805
0.154417 0.0826327
0.16021 -0.0352758
0.131827 -0.000660048
0.135363 0.117376
0.204568 -0.0462622
0.142131 0.132354
0.258122 -0.0214747
0.0205253 0.0101904
0.166944 0.00311276
0.299861 0.0118101
0.154159 0.053162
0.220807 -0.0579418
0.144771 -0.0792342
0.10626 0.0351107
0.19164 0.019146
0.146078 0.0368114
0.180181 0.00654118
0.140185 -0.0378454
0.215609 0.02617
0.120777 -0.0671159
0.0686773 0.0447289
0.120756 0.0147148
0.166468 0.00304881
0.211389 0.0165025
0.125517 -0.00445367
0.077526 -0.0634249
0.135711 0.0977034
0.0434752 0.0102241
0.187735 -0.0505971
0.0955572 0.10013
0.0373065 0.0326319
0.267844 0.0341264
0.233291 -0.156438
0.241132 -0.0159978
0.117744 0.0190879
0.147981 -0.000745157
0.25856 -0.00743797
0.0804943 0.0464314
0.124254 0.0795614
0.136355 0.0311585
0.0732069 0.00908225
0.117741 -0.0894735
0.104888 0.0633599
0.116892 -0.13877
0.167459 0.00892088
0.135758 0.0448751
0.189149 0.0622358
0.202371 -0.0369502
0.175035 -0.0757104
0.189817 -0.000474736
0.315426 -0.0184183
0.260022 -0.044134
0.192441 0.0386003
0.187884 0.00220674
0.060188 0.0111623
0.0901601 -0.04041
0.124548 -0.0112602
0.0653746 -0.044534
0.211246 -0.0734154
0.144262 0.142511
0.193305 0.090211
0.156703 -0.0409949
0.0884228 0.0221192
0.0960992 0.108096
0.250803 0.0421317
0.107523 -0.0374661
0.166972 -0.0501034
0.186542 0.126936
0.110049 0.0169141
0.106071 -0.0744136
0.140952 -0.110998
0.108103 0.0632672
0.103382 0.0976919
0.16846 0.00698656
0.115904 0.0334341
0.133551 0.092368
0.103826 0.0429188
0.0359843 0.00801347
0.0889744 0.044795
0.12795 -0.0254067
0.0970934 0.0402047
0.0876615 -0.0240042
0.113062 0.118827
0.0677782 -0.0330235
0.259371 -0.100005
0.148376 0.0384865
0.0840114 -0.0504673
0.152354 0.0426038
0.151508 0.0512048
0.160836 0.0162901
0.201287 0.0452736
0.0560898 -0.0192018
0.148835 -0.0291283
0.195107 -0.0463174
0.11846 0.0592344
0.214616 0.0190286
0.264212 -0.0502574
0.0304644 0.0603015
0.118855 0.00535433
0.170457 -0.0844533
0.234899 -0.0501932
0.217708 0.0332426
0.176994 -0.0465966
0.209823 -0.0515423
0.199875 -0.0294638
0.136141 -0.0532432
0.281594 -0.0858696
0.0996309 -0.0237913
0.163772 0.0260161
0.199798 0.0429487
0.206115 -0.00652607
0.0219801 -0.0285327
0.123802 -0.0561535
0.15536 -0.0377673
0.202067 0.0429661
0.133261 0.043121
0.142119 0.0110738
0.25322 -0.163966
0.0962455 0.000146866
0.124142 0.0550217
0.0498188 -0.04395
0.111324 0.0188964
0.118629 -0.00986896
0.16066 0.0420494
0.158951 -0.0137268
0.20603 -0.0728193
0.248052 0.0405442
0.18352 -0.032258
0.222958 0.011112
0.0900838 0.00950237
0.199285 0.0300456
0.102605 0.00661712
0.137353 -0.0313127
0.126541 0.107926
0.0492307 0.0742862
0.126747 0.020732
0.158317 -0.0136827
0.086884 -0.00887555
0.0158764 0.042028
0.2679 -0.0351466
0.248346 0.113169
0.178672 0.0289414
0.186553 -0.0477414
0.121795 -0.0370563
0.100309 -0.0106069
0.184099 0.00190342
0.065672 -0.0713459
0.0405357 -0.0367442
0.140963 0.0208272
0.150745 0.00789499
0.163106 -0.0410042
0.121138 0.0550744
0.0580406 -0.0630802
0.117416 -0.0218706
0.215461 0.0555227
0.0817855 0.0568115
0.299193 -0.000546109
0.135509 0.0320901
0.0752143 -0.0765593
0.114794 0.0176912
0.174187 0.100695
0.259958 -0.00942011
0.195971 0.0601514
0.160354 -0.00213175
0.196581 -0.11605
0.201271 0.0993771
0.108613 -0.074145
0.186402 0.129277
0.112172 0.125558
0.262712 0.00740034
0.0775161 -0.0648974
0.101746 0.0146395
0.132546 -0.0501662
0.245992 0.00226957
0.147922 0.0339735
0.0818878 -0.132539
0.141812 0.0177722
0.240888 0.0568189
0.216265 -0.108001
0.188529 -0.0200815
0.255841 -0.00573787
0.102206 0.0318376
0.0898084 0.00636952
0.187575 -0.00825558
0.165765 -0.0579707
0.15143 -0.0500587
0.0179375 -0.0471867
0.246615 0.055423
0.153849 -0.0745052
0.128131 -0.0241898
0.138673 0.0324397
0.0963428 0.0281139
0.172557 -0.0484154
0.225381 -0.00835151
0.0689006 0.0086954
0.158277 0.0223986
0.16891 -0.000591679
0.0685542 0.0143314
0.172113 -0.0351222
0.116626 0.0446573
0.181921 0.0797073
0.171973 -0.0377439
0.272535 -0.0411465
0.213242 0.0468684
0.130148 0.061746
0.0874479 0.0249962
0.111358 0.0880269
0.217292 0.0569464
0.0812178 0.110182
0.182351 -0.0500814
0.00181059 -0.132641
0.111974 0.0169174
0.139439 0.038631
0.234639 -0.0247742
0.189209 0.0410924
0.18907 0.0323777
0.0950734 -0.0198383
0.163919 0.0858159
0.0723122 0.116925
0.0403277 -0.0283613
0.246379 -0.0316852
0.285595 0.0502804
0.216711 -0.0128444
0.171186 0.0287129
0.15179 -0.0149108
0.132383 0.00958638
0.116711 -0.049303
0.18994 0.0158815
0.244864 0.106487
0.10967 0.074758
0.0905986 -0.00655338
0.199593 0.0123181
0.250261 0.00880335
0.108681 -0.0407444
0.22765 0.0168781
0.208556 0.039043
0.251679 -0.0461637
0.162268 0.0942762
0.0217399 -0.160231
0.0773019 0.0664041
0.258566 -0.0728467
0.175504 0.0202257
0.130758 -0.0851653
0.12919 -0.082761
0.183065 0.136801
0.155705 0.0644679
0.075063 -0.0189605
0.209452 0.0235678
0.277584 0.0410063
