-412.789
-405.856
-407.187
-414.163
-417.168
-425.916
-422.716
-419.784
-391.917
-393.415
-409.291
-407.366
-415.39
-402.048
-418.775
-420.07
-414.067
-413.374
-417.577
-416.547
-421.377
-410.583
-426.692
-418.324
-415.125
-407.808
-419.662
-434.372
-418.322
-422.334
-404.096
-408.176
-409.156
-421.116
-413.289
-419.741
-401.797
-420.045
-416.956
-412.552
-426.73
-426.622
-407.481
-427.024
-413.197
-430.815
-412.982
-423.327
-419.488
-413.806
-417.227
-416.891
-405.57
-418.439
-417.929
-409.249
-411.777
-422.372
-423.759
-411.05
-430.12
-424.491
-413.42
-417.029
-404.844
-428.464
-416.548
-411.93
-420.028
-419.157
-406.987
-406.926
-427.306
-415.879
-417.457
-402.875
-418.079
-417.198
-422.37
-425.284
-407.021
-418.956
-433.542
-406.63
-401.51
-419.758
-425.045
-426.017
-410.131
-426.771
-415.2
-413.626
-419.704
-408.957
-409.582
-410.233
-415
-405.649
-416.85
-417.167
-400.405
-417.267
-414.592
-406.849
-413.972
-418.45
-419.342
-400.846
-395.327
-409.926
-412.49
-422.324
-416.14
-396.765
-419.006
-415.447
-420.806
-414.474
-412.04
-413.466
-405.825
-422.714
-399.983
-415.104
-400.843
-433.458
-421.788
-423.69
-415.251
-438.994
-427.417
-413.693
-422.909
-424.062
-403.384
-409.584
-410.289
-420.611
-420.592
-402.018
-408.412
-416.2
-408.182
-419.693
-424.793
-409.341
-423.195
-429.057
-396.666
-409.822
-421.838
-406.101
-425.928
-409.721
-424.711
-404.19
-418.946
-425.254
-418.966
-415.83
-421.154
-420.721
-419.457
-413.898
-424.971
-419.058
-414.968
-420.888
-399.084
-391.637
-400.401
-416.81
-397.943
-408.795
-409.761
-412.078
-419.319
-409.837
-405.645
-411.831
-417.921
-414.748
-412.163
-419.366
-409.247
-401.863
-418.982
-427.6
-430.708
-424.296
-429.813
-419.519
-431.918
-419.527
-403.621
-417.794
-414.985
-420.341
-394.003
-411.277
-414.034
-424.413
-411.9
-424.349
-415.864
-419.834
-405.705
-404.711
-418.099
-422.504
-416.787
-408.818
-407.861
-405.222
-405.017
-403.974
-406.501
-412.282
-404.202
-412.373
-411.045
-415.805
-417.218
-418.446
-418.217
-421.414
-414.676
-418.826
-409.936
-413.638
-412.327
-397.916
-420.686
-414.991
-409.66
-424.724
-409.872
-419.239
-413.401
-415.296
-411.197
-413.796
-413.453
-419.567
-419.306
-407.943
-421.055
-415.265
-413.925
-429.105
-420.572
-415.417
-424.087
-412.821
-406.787
-414.566
-411.558
-426.575
-415.697
-399.036
-411.702
-427.385
-415.717
-405.207
-419.333
-417.316
-410.458
-413.288
-409.738
-421.182
-408.216
-420.726
-418.157
-424.494
-411.468
-404.83
-403.906
-422.75
-399.452
-432.75
-416.252
-402.752
-400.408
-430.208
-404.965
-414.528
-419.001
-416.251
-409.416
-418.452
-410.754
-431.286
-416.815
-425.254
-425.281
-410.828
-407.078
-415.182
-425.988
-423.946
-409.428
-430.293
-419.343
-429.34
-429.762
-410.386
-416.355
-408.083
-407.365
-421.201
-409.925
-406.854
-406.536
-432.993
-426.49
-418.844
-417.529
-420.103
-421.569
-423.584
-414.661
-407.421
-415.219
-415.006
-417.252
-408.182
-408.615
-418.771
-405.069
-394.472
-412.394
-422.041
-419.277
-411.78
-438.399
-424.361
-399.357
-418.624
-427.596
-415.459
-413.616
-419.044
-405.88
-424.91
-407.291
-410.926
-393.69
-421.923
-414.137
-410.824
-424.242
-415.627
-398.199
-417.35
-414.531
-417.721
-417.855
-413.414
-408.758
-434.958
-417.551
-423.43
-419.774
-412.791
-419.126
-404.53
-423.304
-429.338
-416.423
-416.06
-417.858
-435.112
-415.314
-413.561
-425.644
-420.677
-423.966
-419.62
-416.901
-410.024
-414.149
-419.253
-409.259
-417.709
-413.476
-406.211
-413.229
-410.718
-412.136
-417.649
-424.083
-423.125
-426.819
-399.843
-404.674
-410.633
-426.918
-415.361
-415.36
-411.968
-419.224
-419.503
-413
-413.154
-420.651
-401.765
-416.442
-418.732
-413.385
-411.985
-426.399
-426.045
-414.179
-408.069
-424.453
-398.308
-419.526
-419.699
-414.403
-412.688
-402.91
-421.621
-410.766
-416.038
-412.827
-410.824
-408.179
-405.449
-405.05
-416.874
-408.669
-415.546
-419.878
-426.184
-415.912
-415.21
-420.512
-418.519
-410.954
-408.709
-410.729
-400.424
-419.018
-408.703
-412.209
-415.486
-406.675
-401.889
-418.46
-409.695
-418.756
-431.097
-415.141
-422.14
-421.775
-415.352
-404.041
-413.569
-398.871
-406.366
-397.892
-399.07
-415.402
-403.747
-418.008
-416.858
-410.241
-423.84
-406.727
-417.343
-411.833
-419.474
-412.347
-415.862
-401.632
-407.81
-424.107
-420.442
-406.713
-398.318
-406.724
-405.042
-415.473
-433.809
-415.243
-418.785
-409.628
-416.402
-415.898
-422.515
-414.453
-410.848
-430.635
-422.072
-414.139
-399.488
-421.738
-412.856
-420.208
-420.91
-411.759
-416.901
-411.803
-404.509
-406.585
-417.844
-422.341
-402.468
-411.089
-409.937
-410.631
-418.758
-411.424
-418.883
-414.678
-414.319
-408.523
-412.037
-420.205
-411.552
-420.654
-408.954
-414.767
-419.154
-400.137
-401.897
-434.345
-405.125
-424.847
-415.751
-421.269
-413.224
-409.949
-414.878
-416.34
-410.972
-427.199
-428.065
-413.722
-410.678
-408.66
-411.94
-387.164
-423.06
-424.722
-421.228
-419.735
-425.711
-410.358
-411.221
-423.672
-419.617
-422.84
-422.261
-422.577
-406.459
-423.871
-420.74
-418.258
-419.34
-430.161
-411.401
-418.312
-418.118
-412.747
-397.25
-393.771
-418.424
-426.633
-428.377
-427.022
-415.591
-420.593
-425.753
-407.464
-415.465
-420.661
-403.299
-408.095
-420.396
-412.429
-425.667
-408.039
-420.347
-400.927
-427.859
-433.289
-409.56
-404.087
-411.577
-421.534
-414.241
-408.448
-427.568
-428.581
-418.515
-402.047
-412.244
-412.799
-406.074
-406.384
-408.572
-419.501
-428.249
-405.519
-410.494
-428.828
-418.255
-424.83
-394.286
-414.605
-435.722
-417.747
-412.133
-406.598
-424.429
-414.084
-397.506
-398.287
-416.698
-420.168
-423.899
-418.896
-414.676
-425.836
-427.388
-415.13
-424.956
-424.298
-397.436
-411.612
-401.294
-413.578
-410.913
-435.104
-437.195
-412.414
-417.422
-416.588
-426.12
-406.63
-405.846
-421.772
-430.906
-390.666
-419.203
-420.754
-406.985
-405.948
-404.775
-410.329
-428.433
-415.43
-419.763
-418.649
-425.783
-413.671
-399.146
-408.908
-411.776
-419.635
-407.408
-420.668
-412.1
-403.876
-414.748
-412.432
-420.14
-419.698
-423.477
-416.115
-413.941
-418.155
-408.996
-402.935
-398.032
-412.553
-426.079
-402.286
-409.146
-411.409
-410.082
-426.422
-418.689
-413.622
-417.627
-424.573
-427.557
-416.244
-408.835
-410.791
-411.129
-413.824
-419.693
-411.897
-419.037
-413.602
-404.807
-416.177
-410.114
-410.116
-421.441
-426.264
-407.507
-420.147
-420.2
-427.832
-401.86
-403.589
-406.231
-421.021
-408.07
-401.138
-401.295
-419.551
-430.325
-433.993
-420.202
-416.979
-412.073
-399.14
-423.544
-410.088
-421.962
-416.499
-425.994
-407.748
-426.842
-416.023
-404.777
-399.122
-420.844
-414.196
-417.802
-414.485
-416.66
-394.667
-422.245
-412.894
-409.782
-421.134
-418.33
-436.695
-420.821
-418.943
-405.245
-415.535
-398.392
-411.887
-404.848
-399.12
-411.543
-411.481
-413.73
-411.419
-416.582
-411.476
-412.538
-421.966
-420.749
-416.996
-419.156
-419.267
-413.069
-423.661
-400.321
-426.334
-382.257
-397.178
-418.297
-417.383
-407.509
-428.869
-415.072
-419.799
-412.662
-409.389
-421.68
-415.218
-409.142
-414.61
-401.232
-414.839
-415.521
-434.236
-410.907
-417.878
-428.516
-408.319
-393.563
-406.936
-415.763
-407.064
-398.783
-416.642
-410.107
-401.204
-418.101
-409.112
-417.506
-416.802
-416.668
-409.98
-420.764
-421.846
-430.07
-422.73
-399.241
-409.104
-412.821
-416.438
-408.809
-413.989
-410.632
-417.258
-410.637
-423.412
-426.217
-415.735
-420.84
-407.836
-419.627
-413.057
-427.203
-413.924
-416.016
-424.305
-435.527
-416.834
-420.271
-428.36
-422.502
-420.271
-405.588
-412.824
-413.16
-419.72
-420.601
-408.099
-414.492
-415.924
-420.639
-415.28
-421.293
-409.761
-410.202
-433.135
-409.838
-420.186
-411.84
-411.734
-427.932
-420.974
-425.885
-417.811
-424.186
-419.618
-411.713
-425.788
-424.469
-392.82
-422.768
-408.103
-410.189
-414.387
-417.485
-412.589
-417.71
-420.798
-410.748
-423.16
-412.401
-397.309
-405.723
-421.805
-411.864
-413.623
-414.356
-415.636
-408.486
-414.579
-412.831
-434.889
-419.83
-399.414
-419.218
-423.231
-418.496
-417.194
-406.542
-420.341
-409.605
-415.199
-410.726
-410.891
-421.414
-399.236
-414.971
-425.427
-422.797
-408.384
-421.509
-408.801
-426.822
-404.438
-433.951
-416.558
-421.158
-394.844
-410.234
-407.205
-405.672
-410.612
-416.067
-414.377
-430.189
-428.253
-419.59
-419.214
-423.021
-402.163
-416.135
-404.954
-388.437
-427.704
-435.938
-413.138
-422.811
-418.595
-412.994
-399.585
-415.575
-424.673
-436.114
-413.46
-422.04
-409.657
-407.161
-409.414
-412.938
-418.609
-429.042
-411.519
-414.498
-410.768
-409.046
-408.584
-421.631
-422.538
-406.344
-423.071
-411.648
-406.282
-411.419
-420.859
-426.323
-418.648
-404.11
-423.679
-407.458
-423.962
-408.549
-412.772
-400.007
-413.874
-403.57
-406.645
-406.144
-427.451
-434.606
-396.78
-407.844
-435.178
-421.398
-411.51
-404.75
-413.545
-395.578
-422.336
-422.697
-404.242
-414.84
-400.693
-410.464
-423.527
-413.311
-424.764
-422.876
-412.178
-399.063
-415.599
-420.525
-410.241
-405.344
-400.823
-403.207
-408.522
-402.62
-419.531
-421.783
-403.785
-391.466
-426.649
-414.69
-415.744
-406.353
-418.501
-427.455
-401.457
-421.767
-410.83
-416.741
-420.648
-410.125
-415.82
-405.218
-391.88
-390.514
-429.639
-417.022
-400.832
-430.191
-416.397
-419.171
-409.619
-407.862
-417.077
-416.072
-422.544
-422.342
-414.16
-423.7
-404.715
-396.885
-415.341
-414.531
-404.441
-416.018
-417.224
-413.73
-405.861
-417.923
-421.758
-428.113
-420.361
-405.265
-405.292
-418.406
-423.242
-425.356
-407.036
-419.604
-417.678
-422.859
-398.966
-412.368
-420.098
-429.349
-421.488
-402.55
-403.418
-402.661
-406.221
-404.097
-418.985
-419.417
-398.059
-412.17
-428.245
-408.933
-411.71
-421.921
-419.82
-399.917
-421.047
-396.762
-415.718
-414.436
-407.05
-409.129
-421.955
-425.983
-421.771
-433.843
-403.599
-418.073
-408.81
-417.483
-424.054
-411.742
-423.44
-423.324
-410.065
-415.945
-416.245
-414.813
-421.689
-411.459
-416.587
-410.159
-417.515
-414.701
-405.295
-400.03
-423.338
-423.793
-426.602
-409.731
-412.537
-403.888
-403.551
-406.704
-414.064
-416.894
-424.164
-436.36
-426.954
-420.922
-420.926
-399.155
-411.245
-426.726
-427.747
-427.313
-414.646
-415.362
-416.004
-417.911
-409.633
-424.351
-421.275
-408.213
-431.607
-405.709
-412.749
-423.682
-424.881
-409.984
-404.956
-415.363
-423.379
-420.146
-425.601
-418.681
-415.775
-421.17
-422.782
-420.314
-415.86
-426.694
-411.571
-440.834
-410.124
-404.337
-405.011
-418.838
-413.32
-427.903
-425.208
-402.388
-413.16
-395.959
-419.573
-424.925
-406.823
-416.607
-412.949
-407.37
-423.953
-420.91
-411.6
-402.238
-423.286
-412.08
-439.251
-410.965
-405.572
-402.798
-424.543
-428.649
-419.305
-422.465
-404.932
-429.365
-421.388
-398.179
-423.985
-398.934
-418.823
-415.407
-416.205
-405.917
-410.247
-406.966
-415.822
-406.526
-406.934
-417.773
-411.74
-434.98
-412.024
-419.056
-427.303
-417.178
-418.347
-417.366
-430.028
-413.861
-424.268
-413.046
-416.88
-418.995
-414.663
-404.228
-432.531
-416.083
-416.774
-404.491
-418.851
-417.353
-398.534
-417.017
-419.786
-407.788
-422.388
-416.817
-398.547
-416.708
-408.626
-412.974
-416.188
-419.869
-417.087
-420.515
-423.184
-431.197
-414.792
-409.14
-419.011
-404.832
-416.008
-402.176
-426.713
-412.498
-416.582
-417.255
-419.268
-410.119
-419.399
-427.543
-408.263
-422.673
-418.044
-415.746
-415.553
-418.918
-402.896
-413.416
-418.237
-406.186
-406.944
-425.886
-406.484
-422.194
-424.565
-416.131
-414.947
-414.64
-410.401
-427.2
-418.614
-419.533
-410.988
-417.542
-413.813
-403.623
-405.154
-409.6
-412.889
-407.667
-426.508
-413.887
-426.811
-419.826
-424.706
-419.62
-423.856
-427.895
-416.591
-419.87
-423.054
-423.799
-397.684
-410.18
-420.656
-416.8
-417.989
-402.715
-403.015
-421.041
-425.858
-422.518
-412.855
-411.898
-415.259
-413.53
-413.507
-405.152
-410.17
-413.652
-418.72
-414.92
-437.186
-398.453
-426.79
-408.305
-425.987
-400.101
-421.562
-406.865
-417.798
-404.803
-428.066
-406.799
-401.642
-416.469
-426.614
-414.538
-424.94
-430.394
-427.948
-418.242
-415.515
-408.242
-409.183
-417.301
-407.574
-401.578
-418.81
-412.727
-415.217
-402.27
-406.524
-424.517
-400.996
-427.594
-435.99
-417.84
-395.546
-406.426
-408.823
-412.975
-402.827
-410.807
-424.979
-409.292
-414.372
-415.2
-411.702
-409.115
-407.225
-411.247
-415.165
-415.152
-415.661
-413.661
-414.205
-411.091
-408.23
-412.146
-414.705
-419.537
-411.865
-411.574
-416.821
-412.365
-416.785
-423.674
-431.167
-401.76
-410.755
-410.595
-420.358
-421.57
-412.011
-418.52
-418.967
-423.652
-429.359
-428.481
-413.667
-402.616
-427.187
-413.393
-419.784
-411.31
-418.666
-424.864
-410.801
-417.888
-417.328
-420.13
-413.428
-413.131
-422.97
-414.917
-408.338
-430.521
-417.657
-421.323
-410.744
-410.489
-404.219
-422.036
-423.487
-417.739
-400.907
-416.787
-415.825
-411.353
-417.719
-415.513
-416.59
-420.87
-423.093
-415.476
-420.509
-431.003
-419.355
-426.967
-409.324
-418.809
-407.35
-403.747
-419.812
-414.18
-405.304
-413.738
-417.586
-418.639
-415.034
-413.542
-406.644
-423.209
-411.696
-419.339
-412.348
-418.152
-412.52
-401.284
-413.474
-410.976
-402.633
-422.057
-418.63
-421.693
-416.197
-398.806
-411.36
-414.783
-403.979
-411.522
-413.737
-413.094
-407.198
-421.207
-411.487
-413.384
-415.924
-422.964
-416.533
-408.539
-420.46
-428.291
-416.72
-415.504
-404.938
-420.747
-412.11
-415.227
-424.187
-417.012
-406.117
-420.046
-421.897
-416.299
-420.793
-422.699
-412.937
-418.122
-420.591
-409.923
-398.728
-423.718
-405.849
-415.476
-415.098
-410.444
-413.712
-421.532
-410.599
-414.335
-412.847
-412.102
-416.257
-425.315
-416.553
-410.582
-413.961
-419.642
-424.138
-419.454
-405.763
-411.109
-416.349
-403.144
-412.854
-420.85
-411.107
-399.864
-391.866
-408.155
-431.165
-413.919
-413.024
-429.158
-425.896
-415.386
-415.756
-404.981
-421.309
-414.093
-425.877
-408.266
-410.582
-416.675
-405.166
-416.441
-411.906
-417.454
-417.196
-407.464
-415.847
-429.325
-424.225
-406.289
-409.797
-406.964
-414.601
-429.034
-407.552
-426.525
-407.144
-412.755
-411.562
-417.298
-409.26
-424.859
-399.363
-419.248
-421.529
-423.621
-408.356
-410.566
-407.657
-419.787
-415.406
-416.852
-412.611
-417.99
-427.658
-400.698
-417.956
-405.282
-415.006
-420.27
-412.808
-416.304
-418.802
-424.122
-420.896
-419.307
-403.751
-422.397
-427.422
-408.498
-414.534
-430.499
-415.98
-419.598
-421.941
-422.8
-412.925
-408.71
-420.701
-426.942
-420.398
-423.626
-417.462
-437.497
-414.29
-421.307
-413.295
-397.479
-416.18
-419.888
-423.872
-416.731
-421.475
-428.99
-429.586
-401.778
-403.589
-425.107
-423.577
-423.487
-417.643
-429.714
-397.012
-418.141
-425.136
-420.981
-400.995
-417.162
-405.788
-418.18
-410.441
-401.227
-435.627
-424.805
-424.238
-423.067
-423.71
-415.139
-426.029
-417.427
-408.034
-436.686
-415.635
-411.708
-422.878
-405.898
-415.707
-398.715
-424.343
-414.817
-427.276
-434.87
-418.14
-386.229
-421.621
-405.638
-407.682
-415.393
-421.471
-421.187
-421.049
-408.054
-418.12
-406.934
-415.21
-414.624
-405.197
-412.846
-408.679
-421.411
-412.899
-413.766
-399.563
-409.491
-408.107
-406.47
-414.905
-429.563
-416.539
-404.341
-417.337
-417.149
-410.087
-408.906
-410.908
-399.83
-409.529
-412.993
-417.855
-426.231
-425.736
-418.32
-411.219
-404.8
-407.571
-410.733
-407.296
-425.044
-409.633
-411.231
-421.513
-411.023
-422.538
-412.042
-423.219
-439.183
-412.256
-408.444
-407.761
-402.054
-410.687
-399.814
-413.035
-415.066
-424.61
-397.644
-414.635
-409.114
-404.285
-407.331
-409.768
-394.888
-403.774
-403.682
-413.27
-411.839
-423.264
-432.891
-404.149
-418.832
-390.225
-420.17
-410.474
-423.507
-412.18
-412.488
-406.66
-418.564
-417.612
-417.472
-409.823
-408.418
-418.699
-421.06
-408.992
-406.938
-415.133
-415.937
-401.791
-402.372
-415.226
-407.667
-415.069
-410.816
-420.285
-405.723
-412.734
-409.946
-416.25
-411.483
-406.592
-403.949
-406.09
-413.625
-417.244
-418.403
-416.587
-416.686
-423.458
-407.13
-419.855
-404.043
-426.063
-427.128
-420.926
-416.959
-418.947
-410.628
-414.69
-417.725
-413.515
-407.296
-408.366
-396.211
-407.233
-435.22
-423.753
-428.295
-409.123
-428.775
-412.985
-420.445
-407.735
-427.067
-421.621
-417.307
-416.258
-413.877
-421.796
-427.863
-419.581
-399.052
-419.835
-401.757
-415.516
-400.068
-428.524
-410.137
-423.22
-417.203
-427.876
-420.54
-411.63
-417.425
-425.676
-412.012
-418.237
-414.246
-423.496
-401.618
-429.389
-425.66
-408.118
-420.075
-414.003
-419.152
-427.698
-407.975
-410.024
-421.685
-421.38
-419.514
-417.819
-401.795
-411.373
-430.914
-432.687
-393.406
-412.075
-389.556
-401.695
-402.062
-416.049
-425.271
-414.213
-428.163
-421.434
-403.062
-419.264
-419.223
-411.246
-416.865
-417.04
-408.989
-419.46
-423.314
-419.615
-414.789
-414.65
-424.721
-424.591
-408.157
-421.611
-410.013
-414.978
-407.601
-415.85
-407.894
-410.399
-414.69
-421.188
-402.384
-430.801
-411.455
-414.617
-417.594
-417.92
-420.771
-415.164
-423.308
-412.277
-412.697
-418.479
-401.478
-411.188
-421.481
-422.483
-419.052
-405.395
-412.23
-407.966
-420.936
-422.52
-413.939
-430.022
-426.817
-423.749
-414.058
-427.679
-432.039
-419.924
-409.692
-410.66
-413.782
-424.948
-422.366
-419.716
-404.345
-426.491
-419.79
-418.801
-414.304
-424.532
-431.284
-411.876
-424.535
-423.786
-425.111
-413.568
-405.249
-413.169
-408.51
-416.676
-419.085
-407.113
-430.593
-396.949
-407.225
-424.427
-413.276
-415.244
-416.221
-419.491
-415.858
-431.119
-413.255
-410.875
-419.42
-401.036
-408.494
-407.652
-425.978
-420.312
-425.98
-400.513
-403.641
-412.866
-423.146
-426.028
-430.919
-416.813
-429.615
-418.686
-410.519
-416.369
-427.403
-420.867
-415.964
-423.218
-429.377
-412.55
-421.465
-404.255
-402.604
-428.106
-417.546
-434.36
-415.033
-416.496
-412.001
-409.898
-415.81
-416.306
-418.004
-416.655
-407.518
-411.841
-406.581
-412.948
-408.015
-415.32
-413.472
-422.656
-411.167
-413.945
-417.274
-416.956
-416.965
-414.728
-410.715
-414.727
-419.849
-422.066
-402.661
-412.234
-413.565
-412.34
-409.388
-408.371
-405.87
-415.165
-404.185
-419.79
-421.788
-422.909
-430.343
-422.54
-408.505
-396.244
-411.484
-413.591
-412.823
-406.357
-410.709
-424.561
-404.786
-420.757
-404.778
-400.65
-412.929
-417.69
-412.507
-411.01
-430.34
-404.227
-420.735
-411.626
-416.554
-412.515
-397.093
-403.732
-420.915
-422.022
-420.341
-426.492
-427.463
-415.564
-415.093
-413.007
-404.587
-415.5
-416.242
-430.188
-403.76
-424.268
-425.56
-426.26
-423.977
-423.859
-403.455
-427.255
-436.847
-409.738
-408.486
-411.663
-425.502
-419.955
-407.185
-415.141
-420.924
-415.675
-409.08
-409.612
-413.425
-409.152
-416.501
-405.928
-416.043
-418.474
-418.348
-415.327
-407.324
-425.267
-411.922
-422.102
-408.878
-423.681
-420.04
-414.454
-410.076
-421.796
-425.156
-413.381
-417.395
-421.122
-403.366
-437.991
-405.132
-423.452
-428.078
-409.841
-418.226
-413.316
-404.591
-417.903
-411.732
-413.547
-414.931
-415.231
-411.323
-406.935
-420.715
-411.623
-422.262
-418.458
-398.388
-412.952
-418.166
-412.319
-421.409
-418.764
-410.357
-405.066
-406.768
-412.332
-424.591
-423.837
-420.123
-409.06
-407.496
-416.477
-417.443
-410.298
-397.814
-394.696
-415.78
-429.647
-416.095
-406.195
-411.65
-388.647
-409.066
-420.866
-405.288
-395.961
-404.474
-420.417
-409.196
-426.224
-414.217
-412.768
-410.748
-419.655
-416.396
-408.612
-421.771
-421.301
-414.293
-419.644
-410.336
-393.953
-418.963
-400.843
-419.627
-423.746
-414.088
-416.863
-419.667
-392.747
-412.937
-425.029
-437.369
-411.632
-423.776
-416.563
-430.973
-419.422
-413.681
-419.489
-406.348
-424.664
-412.738
-421.862
-410.494
-413.4
-423.154
-416.68
-414.996
-413.712
-410.858
-407.524
-416.592
-409.567
-421.497
-421.783
-414.641
-415.21
-403.488
-424.583
-421.612
-426.178
-430.156
-408.303
-410.701
-393.343
-423.031
-415.786
-420.139
-397.792
-422.356
-422.464
-421.132
-406.537
-408.85
-418.511
-427.23
-414.823
-412.33
-407.333
-422.608
-411.835
-416.77
-411.883
-418.674
-417.322
-420.289
-415.888
-408.454
-402.851
-403.179
-413.071
-422.239
-398.274
-427.179
-412.105
-407.734
-412.569
-415.633
-416.418
-414.541
-431.48
-423.284
-415.993
-409.15
-424.403
-409.958
-410.872
-429.705
-406.225
-410.37
-411.07
-415.044
-414.245
-421.9
-422.427
-408.275
-414.856
-411.268
-416.118
-416.403
-406.519
-408.6
-408.543
-423.984
-401.249
-413.041
-402.36
-419.68
-415.398
-436.6
-423.654
-409.451
-406.421
-416.34
-425.395
-421.214
-413.162
-422.522
-424.247
-428.497
-418.346
-412.382
-421.884
-421.543
-416.245
-409.164
-413.9
-419.994
-422.807
-401.411
-424.408
-414.912
-401.544
-411.841
-406.675
-403.28
-410.715
-403.736
-401.731
-417.096
-413.011
-416.149
-402.11
-428.71
-400.364
-408.079
-393.854
-397.299
-407.417
-407.729
-406.814
-416.012
-417.261
-413.378
-421.997
-416.844
-415.364
-404.728
-416.695
-400.481
-418.829
-421.303
-430.327
-418.509
-417.663
-398.411
-417.579
-416.741
-428.221
-423.957
-413.562
-413.852
-407.179
-407.082
-417.724
-426.006
-416.972
-424.731
-408.343
-423.284
-403.029
-416.132
-413.873
-406.486
-402.739
-416.924
-410.547
-420.589
-406.946
-409.42
-412.175
-420.504
-397.706
-418.008
-397.487
-412.472
-415.339
-409.5
-435.045
-413.583
-433.178
-396.925
-407.232
-413.275
-416.629
-411.309
-424.025
-409.519
-415.531
-414.122
-392.018
-410.655
-413.601
-425.164
-421.08
-422.892
-413.376
-418.467
-412.436
-409.813
-412.606
-427.61
-416.984
-402.273
-414.831
-411.586
-401.965
-429.578
-417.312
-416.592
-395.546
-412.04
-426.324
-405.449
-411.675
-425.12
-422.01
-409.438
-410.195
-416.476
-410.47
-421.409
-428.093
-414.325
-416.045
-406.175
-424.501
-412.856
-419.05
-431.712
-421.289
-411.784
-415.658
-411.428
-412.739
-413.703
-423.994
-425.525
-412.749
-406.422
-409.866
-413.525
-415.537
-417.605
-406.768
-430.047
-415.562
-417.405
-415.392
-408.022
-402.713
-417.154
-413.496
-410.495
-427.26
-426.76
-423.209
-408.196
-408.371
-409.148
-416.141
-404.575
-409.204
-402.472
-423.644
-409.709
-403.951
-425.056
-417.482
-401.742
-421.333
-419.304
-419.7
-406.935
-409.753
-411.367
-415.776
-416.877
-416.33
-418.114
-397.375
-406.101
-407.702
-424.668
-424.744
-396.952
-403.284
-416.877
-409.916
-428.845
-413.983
-413.889
-420.363
-409.194
-417.932
-403.436
-424.663
-418.817
-427.81
-408.359
-432.708
-405.281
-409.647
-426.092
-413.558
-416.331
-412.111
-413.333
-421.032
-426.792
-423.181
-411.728
-393.9
-430.047
-411.265
-427.019
-419.606
-418.233
-400.97
-419.273
-418.09
-406.803
-403.48
-416.583
-412.896
-408.418
-416.884
-414.35
-417.218
-410.531
-418.898
-409.836
-416.271
-403.403
-412.689
-408.331
-419.047
-407.894
-426.594
-411.297
-402.532
-399.941
-435.433
-417.596
-410.985
-420.663
-413.781
-416.25
-412.592
-407.919
-418.468
-417.974
-430.107
-415.485
-404.207
-418.574
-413.808
-415.165
-435.544
-410.368
-410.906
-420.964
-415.901
-410.46
-412.356
-406.551
-398.108
-419.623
-417.13
-410.905
-415.479
-423.008
-422.211
-413.283
-422.259
-408.082
-416.906
-425.338
-397.218
-416.964
-399.183
-404.305
-413.263
-417.622
-427.167
-402.925
-407.394
-401.497
-427.985
-431.076
-412.054
-425.17
-397.35
-425.197
-433.331
-405.121
-404.336
-423.729
-425.502
-411.789
-425.918
-424.779
-415.198
-417.839
-406.453
-419.955
-412.856
-397.427
-414.425
-414.95
-417.01
-418.594
-414.791
-409.424
-418.803
-404.876
-409.032
-412.918
-407.012
-436.966
-418.074
-414.301
-422.169
-415.095
-416.712
-413.539
-409.34
-408.295
-411.957
-398.293
-416.42
-403.471
-417.856
-423.059
-419.549
-416.818
-430.782
-429.66
-404.883
-411.568
-411.433
-433.147
-414.709
-407.56
-413.282
-419.591
-416.319
-419.611
-416.943
-415.446
-410.291
-411.396
-417.175
-416.164
-406.79
-405.943
-421.392
-399.187
-401.013
-421.912
-434.917
-416.256
-422.612
-415.025
-425.46
-420.467
-405.679
-421.171
-398.893
-403.099
-409.963
-410.39
-396.148
-417.227
-424.013
-411.089
-418.874
-412.294
-412.987
-414.342
-410.073
-412.88
-393.849
-432.722
-424.494
-423.912
-405.165
-433.777
-415.392
-427.985
-428.61
-413.555
-413.076
-423.856
-400.203
-417.299
-419.95
-406.191
-402.066
-406.785
-426.267
-411.536
-422.341
-414.543
-420.436
-400.64
-417.214
-408.571
-427.94
-428.675
-425.598
-408.388
-400.729
-433.349
-423.978
-410.311
-431.418
-412.679
-419.43
-426.802
-415.138
-413.564
-421.52
-395.32
-419.025
-420.846
-411.927
-426.26
-411.504
-427.372
-414.446
-428.063
-411.722
-416.691
-413.739
-420.096
-432.132
-412.085
-426.595
-433.158
-415.901
-415.322
-408.184
-418.17
-409.876
-425.109
-413.058
-395.584
-403.269
-417.384
-416.985
-401.663
-419.987
-416.771
-428.974
-410.134
-413.921
-417.832
-427.545
-412.999
-424.883
-425.024
-409.26
-408.384
-398.301
-418.96
-415.152
-413.53
-394.083
-400.303
-406.288
-408.498
-408.304
-419.027
-407.918
-403.854
-414.096
-413.457
-405.475
-423.622
-412.211
-410.602
-415.44
-414.484
-410.486
-415.937
-423.648
-395.771
-409.476
-407.777
-412.376
-410.173
-407.916
-415.811
-404.95
-423.978
-413.325
-415.041
-429.618
-408.469
-409.796
-409.89
-416.899
-398.101
-421.27
-416.406
-406.962
-422.728
-410.835
-405.924
-415.153
-403.685
-395.886
-410.492
-428.533
-419.346
-424.204
-409.443
-423.265
-423.552
-415.927
-406.875
-418.495
-413.784
-402.805
-415.149
-404.513
-413.678
-416.181
-430.993
-412.947
-424.051
-423.344
-417.439
-428.663
-412.445
-425.535
-416.331
-402.194
-407.241
-413.717
-426.161
-422.708
-397.158
-409.165
-411.234
-417.097
-413.011
-427.225
-419.257
-421.024
-421.154
-422.87
-420.007
-404.933
-437.327
-421.758
-414.588
-428.893
-420.58
-415.65
-411.857
-424.516
-420.402
-411.102
-431.201
-410.09
-424.361
-426.276
-403.161
-408.464
-425.989
-427.77
-418.341
-426.128
-409.321
-409.134
-418.843
-410.321
-414.228
-414.86
-403.657
-419.837
-404.099
-407.272
-410.859
-414.846
-428.305
-422.992
-420.654
-416.479
-413.75
-410.297
-418.166
-408.812
-402.51
-420.003
-408.506
-423.643
-413.025
-425.858
-416.843
-426.995
-416.445
-402.716
-425.332
-425.142
-422.493
-427.549
-412.08
-407.56
-412.131
-416.654
-414.727
-414.268
-429.428
-411.235
-425.7
-409.679
-409.324
-412.604
-407.575
-414.095
-410.626
-411.575
-418.985
-415.257
-414.063
-415.206
-429.009
-398.07
-411.141
-409.444
-417.42
-415.615
-410.568
-404.289
-422.649
-416.222
-432.126
-413.38
-409.49
-419.353
-411.443
-407.138
-423.267
-426.987
-435.238
-419.553
-413.37
-409.273
-415.856
-416.625
-420.344
-412.321
-394.79
-435.863
-388.839
-411.188
-417.654
-402.041
-408.877
-415.412
-420.749
-402.616
-415.553
-412.216
-415.383
-430.9
-405.078
-426.141
-439.087
-401.084
-410.487
-408.768
-411.034
-419.017
-394.097
-437.052
-402.935
-407.755
-420.56
-418.256
-423.146
-410.508
-409.407
-403.452
-434.284
-404.699
-422.257
-407.523
-417.856
-409.554
-406.989
-418.156
-427.469
-427.885
-424.593
-417.289
-410.904
-423.594
-414.022
-413.078
-412.676
-412.206
-407.402
-410.172
-439.532
-411.206
-409.168
-423.826
-421.156
-401.336
-406.749
-411.578
-413.904
-404.876
-412.093
-405.45
-413.079
-411.907
-402.543
-418.022
-402.83
-419.346
-429.363
-410.406
-421.405
-398.053
-408.738
-413.276
-412.707
-416.256
-421.21
-407.192
-400.608
-406.611
-411.859
-414.203
-421.638
-403.629
-399.303
-413.044
-408.641
-414.637
-410.07
-410.145
-402.738
-417.455
-409.926
-422.426
-427.406
-416.37
-425.17
-424.526
-422.783
-407.842
-402.551
-427.534
-411.055
-397.258
-404.954
-403.758
-407.21
-403.683
-421.167
-400.862
-411.512
-412.452
-411.348
-395.846
-394.489
-413.935
-408.419
-420.652
-417.21
-409.357
-425.623
-412.404
-414.639
-417.312
-411.513
-422.485
-416.69
-408.551
-395.451
-411.846
-418.567
-411.057
-414.214
-408.188
-400.006
-423.792
-408.707
-413.882
-419.557
-395.589
-417.061
-398.249
-413.501
-398.636
-410.165
-412.918
-398.32
-417.274
-432.905
-415.979
-404.868
-402.621
-418.015
-433.531
-416.536
-426.483
-403.974
-426.84
-410.301
-417.947
-416.96
-407.082
-396.106
-406.114
-407.725
-407.87
-420.513
-418.073
-412.18
-428.176
-394.92
-418.814
-406.383
-421.073
-422.834
-410.279
-422.417
-412.237
-419.044
-420.233
-415.929
-430.855
-426.38
-424.088
-424.349
-406.604
-402.499
-405.95
-412.122
-420.928
-428.318
-411.162
-421.214
-414.308
-395.404
-408.654
-422.719
-420.254
-429.542
-404.564
-420.282
-404.845
-395.503
-412.302
-399.085
-421.51
-413.729
-404.105
-416.249
-410.33
-414.055
-418.105
-398.097
-429.369
-418.473
-407.314
-415.903
-414.128
-420.482
-396.106
-422.721
-413.406
-411.292
-396.632
-418
-431.128
-413.905
-414.74
-399.047
-405.196
-406.857
-410.078
-426.746
-425.757
-410.957
-430.194
-430.897
-430.698
-418.634
-421.205
-410.424
-409.781
-415.177
-413.098
-440.099
-406.047
-422.601
-415.913
-428.664
-409.536
-410.725
-416.071
-414.027
-408.25
-416.739
-412.461
-435.573
-422.918
-427.262
-406.552
-412.956
-416.064
-414.031
-422.207
-412.106
-403.878
-416.131
-406.367
-401.788
-417.621
-411.923
-416.118
-415.179
-407.812
-405.327
-411.067
-405.189
-407.788
-403.297
-415.743
-408.669
-415.672
-429.004
-412.234
-408.456
-404.543
-423.829
-402.311
-419.297
-426.203
-418.613
-428.225
-407.309
-413.485
-420.513
-414.819
-419.456
-424.628
-411.677
-417.571
-413.831
-409.235
-420.494
-415.91
-406.335
-409.04
-414.577
-422.11
-426.205
-407.503
-400.014
-390.224
-408.114
-401.721
-415.558
-423.72
-415.631
-418.275
-415.431
-412.34
-423.638
-411.03
-408.602
-428.633
-436.294
-418.096
-415.892
-413.995
-426.146
-404.346
-419.662
-399.345
-415.118
-404.134
-419.108
-422.225
-426.854
-410.148
-421.374
-426.714
-411.539
-413.65
-428.797
-421.5
-422.828
-414.904
-403.315
-397.955
-407.801
-406.16
-422.639
-411.786
-417.56
-405.328
-422.61
-418.67
-420.801
-424.249
-400.4
-410.682
-409.315
-415.333
-421.786
-408.259
-408.069
-419.489
-426.029
-418.731
-416.732
-418.456
-418.225
-416.27
-419.006
-414.538
-412.247
-421.037
-420.813
-402.028
-417.944
-417.314
-412.828
-415.349
-408.399
-416.976
-410.849
-429.711
-426.882
-406.955
-415.875
-419.946
-412.139
-408.264
-416.846
-426.422
-416.481
-416.059
-426.912
-424.551
-404.948
-404.498
-415.016
-422.019
-405.916
-409.933
-416.458
-407.669
-415.8
-413.066
-414.785
-414.123
-405.231
-429.737
-417.064
-422.488
-414.806
-425.696
-419.895
-420.564
-417.21
-410.865
-430.097
-417.868
-420.981
-411.07
-433.839
-411.994
-428.682
-408.162
-402.143
-413.705
-428.182
-420.211
-424.43
-404.304
-416.507
-426.174
-409.457
-404.264
-416.534
-431.155
-416.094
-411.478
-412.119
-409.764
-419.763
-409.57
-420.152
-418.499
-406.109
-415.815
-418.275
-417.299
-408.39
-417.198
-415.344
-419.989
-418.603
-422.821
-413.673
-423.656
-407.08
-405.921
-414.861
-426.186
-419.129
-403.043
-425.078
-406.992
-415.692
-418.076
-414.701
-427.369
-411.236
-406.871
-407.118
-417.55
-395.419
-409.015
-411.707
-408.067
-405.18
-412.266
-414.271
-410.477
-407.279
-409.84
-416.106
-397.615
-424.09
-418.456
-416.337
-424.058
-422.472
-408.513
-427.074
-404.872
-413.199
-392.259
-406.243
-394.337
-392.67
-419.858
-416.057
-411.731
-421.513
-416.236
-403.979
-412.191
-435.949
-415.577
-401.519
-404.727
-410.308
-410.952
-423.184
-420.562
-409.894
-418.846
-420.967
-407.474
-420.436
-413.746
-411.629
-416.385
-416.307
-402.964
-400.952
-427.986
-421.755
-418.405
-414.553
-402.59
-413.376
-404.493
-421.882
-407.86
-414.721
-426.637
-425.556
-408.507
-417.779
-409.784
-409.309
-402.941
-417.084
-416.18
-408.885
-398.157
-412.987
-413.349
-406.118
-430.998
-410.802
-415.61
-418.586
-411.035
-414.6
-421.156
-421.262
-403.023
-403.939
-420.664
-405.625
-418.651
-426.761
-420.293
-416.078
-405.152
-406.119
-427.853
-412.47
-421.397
-421.641
-414.076
-412.376
-424.503
-410.537
-408.84
-417.305
-421.217
-415.899
-411.338
-411.646
-407.075
-412.194
-424.126
-409.736
-416.3
-426.404
-421.32
-426.286
-424.907
-428.576
-410.919
-419.598
-412.264
-414.334
-419.271
-408.516
-423.413
-400.214
-405.657
-432.79
-413.417
-395.567
-403.077
-415.439
-418.799
-400.519
-409.876
-413.397
-412.062
-422.034
-413.216
-404.65
-409.785
-406.642
-410.538
-408.409
-419.364
-427.139
-415.505
-419.254
-414.015
-419.293
-399.287
-400.235
-439.487
-423.386
-412.687
-404.026
-425.141
-420.377
-399.851
-415.83
-411.899
-410.096
-427.071
-395.054
-424.867
-412.193
-412.911
-429.101
-398.864
-404.092
-419.134
-410.665
-422.551
-411.54
-425.626
-417.241
-421.54
-409.992
-410.304
-401.07
-412.306
-409.662
-419.148
-404.315
-409.238
-411.38
-412.056
-411.627
-410.056
-414.174
-405.778
-415.96
-411.909
-420.097
-408.249
-412.286
-419.275
-407.591
-392.905
-410.13
-408.644
-416.446
-416.601
-418.771
-413.168
-413.834
-413.458
-421.557
-408.095
-413.067
-425.508
-421.69
-397.317
-416.487
-415.69
-414.893
-429.113
-412.747
-417.943
-420.837
-400.496
-414.396
-401.086
-405.756
-417.293
-408.395
-424.152
-421.604
-406.255
-407.069
-408.362
-408
-402.614
-421.669
-425.932
-433.058
-415.771
-415.571
-415.653
-413.292
-408.5
-421.92
-404.83
-430.539
-424.513
-415.582
-427.278
-412.909
-411.133
-419.881
-418.374
-423.287
-417.617
-414.978
-418.978
-412.515
-400.51
-406.307
-413.127
-417.529
-413.002
-412.444
-418.04
-422.995
-424.797
-401.575
-415.956
-419.961
-429.679
-428.298
-414.883
-426.374
-437.827
-418.612
-420.669
-416.198
-423.775
-417.469
-415.404
-404.8
-425.676
-413.726
-414.49
-420.957
-419.51
-407.825
-414.091
-423.568
-422.906
-410.021
-414.734
-406.217
-431.734
-431.175
-411.391
-417.165
-416.363
-418.984
-416.863
-409.025
-413.864
-422.539
-425.687
-423.706
-418.475
-419.42
-420.481
-419.164
-423.373
-410.393
-415.106
-410.815
-428.987
-428.341
-394.684
-410.344
-421.261
-412.998
-417.309
-421.851
-402.362
-422.906
-400.071
-416.664
-419.938
-424.576
-420.46
-410.454
-413.282
-430.156
-411.353
-415.415
-435.205
-414.2
-418.895
-419.719
-405.198
-415.605
-421.905
-411.892
-414.348
-425.024
-427.389
-412.488
-428.861
-421.083
-404.679
-413.704
-419.154
-413.374
-428.278
-405.667
-423.218
-415.217
-415.578
-420.822
-425.487
-419.128
-410.668
-416.994
-399.224
-426.538
-408.418
-411.779
-417.854
-420.546
-408.446
-418.145
-409.653
-409.359
-428.246
-410.371
-417.78
-415.256
-412.747
-410.898
-431.093
-412.109
-404.317
-422.124
-402.39
-412.307
-404.603
-412.912
-415.984
-419.733
-414.142
-408.223
-417.2
-420.32
-423.83
-412.716
-405.256
-412.478
-422.89
-414.08
-408.064
-405.257
-430.008
-420.058
-409.146
-410.046
-406.106
-409.884
-412.053
-423.165
-406.267
-411.812
-424.11
-421.323
-410.245
-412.213
-397.714
-417.08
-426.181
-434.508
-414.86
-405.75
-427.207
-410.847
-421.001
-396.425
-413.71
-423.338
-410.638
-415.635
-429.194
-411.733
-422.726
-416.264
-412.868
-422.092
-420.588
-402.127
-421.642
-420.752
-422.113
-406.195
-408.951
-408.097
-393.644
-397.311
-431.209
-416.555
-405.564
-423.713
-410.054
-419.984
-427.546
-417.687
-406.7
-405.109
-427.305
-412.616
-401.999
-410.809
-413.268
-419.389
-411.776
-423.672
-404.314
-404.409
-407.2
-418.409
-416.916
-429.991
-405.999
-416.662
-428.668
-423.374
-413.951
-429.132
-423.64
-419.117
-410.863
-415.089
-400.06
-413.333
-408.773
-417.947
-420.675
-408.567
-424.837
-410.351
-404.962
-403.427
-398.864
-401.794
-418.532
-405.338
-421.776
-414.708
-397.047
-417.153
-421.726
-401.779
-409.916
-406.648
-417.793
-413.788
-395.706
-414.164
-402.006
-416.538
-400.457
-407.632
-430.158
-416.606
-413.476
-408.716
-410.401
-403.367
-422.514
-430.357
-422.038
-426.998
-422.171
-411.895
-428.239
-425.406
-400.304
-403.765
-418.697
-409.422
-424.685
-416.331
-417.843
-423.629
-425.451
-410.158
-415.863
-408.695
-416.68
-409.761
-422.733
-413.857
-422.376
-424.296
-422.69
-412.429
-420.008
-417.426
-417.733
-418.878
-418.731
-415.56
-420.376
-426.406
-421.109
-393.928
-401.827
-426.087
-407.626
-400.199
-401.634
-412.28
-408.916
-417.759
-430.03
-420.03
-429.207
-426.219
-419.429
-418.07
-415.042
-414.454
-411.382
-414.929
-415.795
-400.646
-406.924
-417.563
-400.211
-416.74
-408.671
-419.009
-408.041
-412.519
-419.023
-419.436
-419.988
-415.107
-432.249
-413.325
-416.52
-410.956
-409.686
-408.695
-409.221
-421.588
-414.653
-424.484
-409.97
-412.111
-421.837
-426.805
-425.419
-414.825
-388.285
-421.903
-423.145
-423.354
-420.658
-400.572
-411.117
-412.013
-427.046
-405.916
-410.893
-425.83
-424.158
-423.423
-411.167
-419.244
-421.076
-408.964
-407.566
-411.521
-413.226
-426.193
-413.754
-415.86
-407.53
-412.353
-443.071
-414.898
-409.221
-411.321
-435.219
-393.859
-414.146
-427.461
-422.033
-416.795
-413.198
-429.157
-414.581
-418.947
-425.503
-405.302
-399.107
-406.129
-416.644
-422.612
-425.444
-401.587
-402.048
-411.211
-421.576
-420.659
-425.215
-422.423
-403.735
-405.229
-402.701
-410.317
-408.777
-390.548
-400.383
-410.144
-425.989
-403.41
-409.164
-408.775
-416.626
-413.368
-407.825
-411.342
-413.916
-417.038
-411.392
-418.7
-412.884
-421.063
-422.439
-427.599
-406.933
-415.648
-417.118
-416.164
-414.351
-406.597
-390.517
-406.611
-407.907
-406.452
-416.718
-425.692
-422.424
-422.765
-413.9
-419.264
-424.08
-412.483
-404.95
-415.238
-404.878
-423.915
-420.529
-406.654
-419.602
-432.658
-412.458
-435.476
-417.43
-420.274
-428.368
-413.385
-413.058
-419.282
-408.487
-420.101
-420.932
-422.594
-405.598
-411.555
-413.301
-407.341
-404.114
-415.038
-425.79
-433.506
-424.159
-419.684
-422.788
-424.194
-412.629
-415.446
-414.975
-407.439
-416.279
-414.351
-409.288
-406.161
-419.303
-417.327
-406.438
-409.664
-417.171
-414.156
-412.056
-407.306
-415.463
-416.502
-420.704
-406.147
-409.23
-422.853
-419.427
-417.798
-412.78
-418.189
-426.222
-420.196
-410.074
-422.265
-410.6
-418.245
-428.436
-416.892
-404.886
-411.105
-414.563
-418.547
-416.26
-428.037
-413.907
-413.619
-416.743
-423.265
-399.062
-413.248
-408.427
-421.646
-413.987
-417.204
-417.671
-433.226
-417.811
-396.209
-408.891
-414.007
-419.146
-413.082
-422.022
-430.17
-402.087
-417.952
-396.533
-412.385
-416.437
-417.809
-416.979
-414.799
-419.654
-419.002
-397.137
-409.269
-417.846
-413.291
-428.497
-407.883
-410.595
-413.677
-418.618
-418.605
-401.874
-412.43
-399.043
-413.393
-414.237
-406.477
-424.367
-417.986
-420.408
-417.3
-408.345
-419.896
-420.133
-406.11
-423.202
-426.97
-395.681
-415.273
-429.973
-409.442
-419.533
-408.982
-411.056
-420.713
-415.706
-416.935
-415.483
-398.578
-392.04
-408.309
-404.339
-417.498
-392.246
-416.951
-419.624
-427.817
-418.833
-419.415
-418.395
-399.268
-414.408
-408.056
-407.281
-417.501
-407.205
-415.898
-414.316
-410.876
-402.009
-408.632
-424.403
-408.462
-413.243
-412.097
-414.867
-414.366
-411.852
-395.103
-421.51
-417.732
-413.598
-412.242
-418.111
-402.957
-415.123
-418.715
-433.041
-427.691
-418.795
-427.174
-410.723
-425.452
-416.1
-404.651
-414.918
-409.898
-420.772
-410.796
-415.022
-410.854
-409.135
-394.595
-403.179
-420.634
-413.376
-414.184
-408.534
-431.329
-414.262
-425.764
-414.967
-400.633
-438.668
-423.659
-412.769
-405.269
-413.382
-416.866
-420.705
-422.263
-420.417
-413.977
-408.96
-419.818
-425.274
-436.532
-416.071
-418.647
-435.946
-427.616
-423.269
-422.95
-418.218
-431.819
-424.253
-417.656
-402.632
-403.759
-419.485
-426.146
-421.824
-407.233
-414.462
-401.915
-406.219
-407
-414.957
-410.791
-423.784
-418.91
-401.281
-402.518
-405.168
-420.116
-416.543
-415.071
-392.019
-396.026
-411.293
-425.364
-407.783
-421.022
-407.643
-418.977
-422.902
-415.716
-389.718
-411.387
-426.683
-410.025
-416.29
-428.963
-413.832
-411.17
-418.123
-431.496
-424.68
-410.219
-411.95
-412.656
-417.848
-421.032
-426.615
-408.969
-407.654
-424.832
-409.547
-422.212
-419.748
-415.862
-412.686
-416.659
-423.829
-418.262
-440.922
-431.737
-421.242
-413.212
-412.058
-412.213
-410.949
-417.261
-412.462
-414.55
-429.126
-402.081
-400.248
-411.274
-410.458
-417.535
-404.388
-422.288
-418.117
-406.239
-397.91
-431.831
-423.793
-414.974
-422.88
-428.862
-412.998
-412.449
-421.687
-424.372
-412.255
-415.108
-425.676
-421.172
-391.317
-401.492
-420.745
-422.45
-433.444
-412.518
-415.694
-422.904
-395.51
-421.152
-425.632
-430.039
-415.515
-417.83
-411.07
-418.799
-411.73
-418.403
-412.911
-413.499
-415.471
-400.806
-420.002
-422.523
-401.638
-422.152
-413.683
-424.618
-415.042
-412.987
-419.776
-423.166
-423.598
-418.227
-419.7
-414.025
-400.397
-401.898
-424.938
-410.468
-413.588
-424.082
-430.535
-421.04
-417.306
-421.8
-417.588
-408.789
-419.507
-395.611
-389.075
-433.607
-420.859
-410.771
-404.996
-419.441
-420.466
-412.036
-421.965
-411.445
-421.835
-420.362
-416.263
-428.651
-416.346
-413.917
-408.019
-409.26
-409.717
-419.354
-428.789
-407.251
-423.234
-412.331
-412.866
-416.528
-419.031
-421.294
-419.631
-409.13
-409.187
-395.579
-421.499
-406.129
-421.365
-409.41
-413.716
-416.351
-410.363
-409.231
-419.595
-422.11
-410.93
-405.168
-402.556
-420.845
-413.38
-413.689
-414.786
-403.498
-434.729
-409.348
-426.981
-420.83
-408.644
-422.161
-412.827
-403.769
-429.701
-427.261
-415.05
-422.805
-414.689
-404.746
-416.293
-423.34
-419.119
-426.35
-413.137
-427.844
-418.923
-407.08
-409.049
-405.976
-408.751
-409.749
-405.312
-423.851
-424.806
-396.058
-425.961
-438.72
-406.975
-399.52
-412.824
-401.694
-419.707
-411.488
-410.983
-396.411
-418.586
-415.899
-430.731
-418.392
-413.265
-409.912
-411.521
-406.804
-407.33
-428.21
-419.672
-413.756
-417.127
-429.464
-422.164
-429.573
-417.082
-414.066
-420.01
-411.59
-410.892
-420.67
-409.166
-426.064
-401.294
-408.595
-414.898
-414.015
-415.56
-421.362
-410.479
-415.177
-415.718
-424.117
-421.161
-425.944
-421.516
-415.858
-412.179
-417.252
-419.317
-431.262
-405.261
-424.075
-405.272
-425.354
-409.26
-424.266
-409.136
-412.973
-421.15
-409.446
-417.404
-402.472
-417.432
-404.209
-423.118
-414.183
-406.026
-403.455
-410.208
-417.384
-425.554
-405.899
-410.662
-407.165
-432.42
-414.668
-415.925
-401.156
-421.351
-415.906
-410.285
-406.237
-421.177
-399.256
-429.191
-419.329
-409.204
-402.597
-408.256
-404.13
-405.091
-406.855
-421.515
-430.529
-405.955
-423.447
-418.538
-410.277
-422.581
-414.057
-411.212
-413.276
-413.146
-403.549
-413.793
-436.981
-414.559
-414.217
-417.318
-419.879
-404.543
-401.932
-398.367
-408.664
-417.982
-402.515
-401.941
-419.532
-401.064
-423.81
-412.331
-408.315
-406.409
-401.698
-429.124
-419.786
-409.093
-410.918
-414.191
-412.45
-410.237
-425.331
-428.321
-415.786
-421.486
-414.132
-402.237
-424.179
-415.412
-419.411
-424.203
-437.482
-406.902
-416.513
-421.706
-422.387
-396.126
-404.44
-417.293
-416.179
-428.483
-418.267
-400.953
-398.971
-406.661
-421.513
-390.644
-414.651
-388.14
-392.468
-411.754
-410.553
-421.92
-419.446
-418.829
-414.867
-405.391
-406.424
-422.031
-414.293
-423.041
-423.593
-411.474
-416.871
-412.228
-413.2
-415.644
-418.379
-412.691
-411.406
-420.309
-421.629
-422.479
-402.765
-405.382
-409.043
-419.191
-414.058
-410.49
-418.285
-406.906
-408.797
-411.124
-412.571
-411.693
-407.028
-410.363
-412.648
-428.606
-419.164
-420.265
-402.069
-418.699
-424.554
-423.633
-426.551
-431.154
-418.148
-406.083
-407.862
-412.746
-401.556
-413.727
-401.451
-408.684
-423.231
-418.077
-408.216
-411.031
-422.922
-407.314
-402.212
-418.789
-423.013
-411.936
-416.56
-423.158
-422.647
-410.85
-408.59
-401.508
-406.998
-421.569
-404.076
-419.163
-438.359
-417.449
-406.275
-425.048
-402.174
-426.271
-424.468
-413.081
-420.57
-407.694
-417.835
-419.064
-419.954
-405.856
-405.308
-411.939
-410.75
-418.711
-391.172
-415.008
-400.558
-403.669
-405.336
-403.363
-419.016
-418.537
-407.151
-418.329
-414.442
-392.982
-406.832
-428.757
-430.141
-422.302
-406.647
-412.025
-425.77
-408.189
-403.137
-407.076
-419.509
-418.15
-406.364
-404.23
-405.894
-420.74
-411.187
-402.033
-414.335
-422.008
-414.623
-405.653
-418.888
-422.173
-431.319
-416.139
-398.052
-409.272
-409.033
-412.147
-420.989
-425.895
-402.674
-407.846
-412.587
-422.056
-407.957
-417.649
-419.511
-412.503
-409.981
-420.777
-418.106
-403.435
-412.24
-427.938
-409.771
-414.15
-401.181
-425.618
-435.989
-413.763
-423.598
-420.574
-403.616
-425.399
-412.042
-418.031
-422.122
-418.935
-425.179
-416.211
-410.203
-414.123
-429.361
-411.293
-407.661
-415.951
-422.893
-421.895
-422.452
-394.67
-412.612
-421.815
-418.136
-406.281
-414.998
-414.633
-426.015
-417.353
-427.126
-423.816
-410.355
-405.643
-417.138
-424.854
-396.187
-411.243
-413.169
-419.806
-435.548
-412.64
-435.895
-423.496
-420.319
-412.214
-417.221
-430.899
-403.134
-416.889
-408.843
-400.492
-400.988
-423.084
-411.763
-413.124
-404.755
-425.629
-409.267
-413.362
-430.744
-413.358
-424.412
-400.588
-415.279
-416.588
-410.14
-420.311
-425.98
-415.158
-391.703
-412.723
-412.787
-408.325
-428.267
-410.378
-406.141
-422.627
-410.692
-417.929
-413.243
-414.295
-422.865
-413.511
-406.858
-410.28
-411.325
-410.064
-425.116
-414.073
-418.868
-415.429
-416.446
-400.236
-424.137
-402.074
-407.817
-408.017
-403.16
-390.004
-426.298
-413.817
-437.919
-414.962
-414.985
-409.659
-416.138
-418.779
-407.971
-421.562
-416.133
-412.808
-428.177
-401.605
-408.47
-414.836
-419.617
-419.984
-418.823
-417.235
-412.296
-420.343
-412.907
-389.584
-413.171
-407.48
-417.522
-394.109
-402.764
-414.305
-415.542
-434.275
-408.941
-413.715
-417.394
-412.49
-418.645
-407.8
-406.71
-416.55
-436.47
