Energy
-2.552538060799992081e+02
-2.545143782899996268e+02
-2.007500248800002396e+02
-1.961911876200003064e+02
-2.518498362100019676e+02
-2.501625648700001818e+02
-2.492991779200046096e+02
-2.484936464299954366e+02
-2.158197644000066191e+02
-2.141192381999979659e+02
-2.448904227099999673e+02
-2.441534054299954448e+02
-2.368320118400027923e+02
-2.415270951600011529e+02
-2.388751306400051817e+02
-2.371502826200021161e+02
-2.344082275699985871e+02
-2.325065704999996967e+02
-2.296921453000031761e+02
-2.277542698299988615e+02
-2.246469087199995727e+02
-2.225053161599988982e+02
-2.191077647500023318e+02
-2.126689478500000519e+02
-2.050411214399981361e+02
-2.012132881099993256e+02
-1.948050666299983789e+02
-1.896920728500008693e+02
-1.813629921800013278e+02
-1.732132736200014449e+02
-1.578894731239985560e+02
-1.480377025809994223e+02
-1.358556492900003434e+02
-1.267895451000000691e+02
-1.171240797670011773e+02
-1.133772014090007474e+02
-1.077383693259988178e+02
-1.037891551290003349e+02
-9.944011186500199528e+01
-9.679029931700095801e+01
-9.300802892400065502e+01
-9.066747598400071695e+01
-8.850769132900019542e+01
-8.765690216900009091e+01
-8.651859527999967270e+01
-8.490250800199873993e+01
-8.247318036399973096e+01
-8.056161761000021215e+01
-7.883250888299946268e+01
-7.778810464900098509e+01
-7.676779827499868247e+01
-7.578921836400036227e+01
-7.421921127500147009e+01
-7.329952620100044669e+01
-7.107487808200004054e+01
-6.976948117700106877e+01
-6.832362144099991497e+01
-6.653208427700052141e+01
-6.564481058899937693e+01
-6.404678834999975834e+01
-6.291418231270071004e+01
-6.159603779200035945e+01
-5.714062301979991787e+01
-5.519490935160047229e+01
-5.315450784519983785e+01
-4.703250384060056888e+01
-4.008357963392019485e+01
-3.198536549496997594e+01
