-3.89555095 0.05990102 -2.64171355 0.99641187
-4.73947077 0.79292885 -2.76748697 0.37126384
-4.99778659 0.63953762 -2.65231868 0.59099163
-4.94715145 0.70094943 -3.37109636 0.50866989
0.44788537 0.06705209 -3.58167906 0.99550402
-5.41480587 0.15223561 -3.62300000 0.97682432
-2.04822617 0.22826984 2.49399590 0.94789288
2.68823548 0.09151213 1.51377552 0.99162553
-2.83692033 0.74206489 1.82441804 0.44933969
3.07488113 0.11715047 2.50912535 0.98627577
-5.10715369 0.37909418 2.74244878 0.85628760
1.24403851 0.03679575 2.94539305 0.99864607
-1.00283925 0.88598484 -3.29254464 0.21503086
-2.66319089 0.20173457 -2.21330969 0.95930316
3.23962208 0.09125051 -2.45947902 0.99167334
-4.79835839 0.75725385 3.15313637 0.42656661
1.96377929 0.73059528 -4.83435350 0.46623054
1.72853976 0.88409853 0.18164778 0.21836979
-3.41692513 0.85760590 -1.58787376 0.26451212
2.52159962 0.68958167 -2.18716948 0.52447712
-4.66912892 0.37257984 2.95219157 0.86118426
-3.10115855 0.87778073 4.82265496 0.22950099
2.72753004 0.09588820 -1.34623451 0.99080545
-3.69427379 0.97755425 -3.35537798 0.04438768
-5.92820367 0.00650381 -2.63018240 0.99995770
-4.17012133 0.32013071 -2.41676367 0.89751633
-4.67308380 0.37750825 3.29334320 0.85748752
1.49663213 0.95654066 -1.63809923 0.08502996
-4.49660837 0.24188212 -3.08664482 0.94149304
-6.13863992 0.08384211 3.20126353 0.99297050
-5.73295184 0.57381818 2.25693628 0.67073270
-1.51201643 0.07832011 1.50531167 0.99386596
-5.28107245 0.54647682 -4.63459172 0.70136309
-3.86276146 0.11098066 -3.46475235 0.98768329
-2.19792390 0.13328849 -2.96335344 0.98223418
-2.02217413 0.76362946 3.08709651 0.41687005
4.85709652 0.43406713 -3.43662793 0.81158573
4.32458480 0.80281299 -2.30832192 0.35549131
3.95197113 0.79772728 -3.75057303 0.36363119
4.65209152 0.29850378 2.65185346 0.91089550
-4.30043570 0.29213521 -2.36330086 0.91465702
2.17785457 0.92621803 -0.63965609 0.14212017
5.25519980 0.03000209 -1.60560043 0.99909987
2.33011977 0.40986524 -2.45372558 0.83201048
2.24583936 0.54700062 4.38138319 0.70079032
2.51396875 0.64748611 4.37275324 0.58076174
2.43525529 0.71969314 4.56915601 0.48204178
-3.29969359 0.69119286 -1.47065241 0.52225242
-4.25910642 0.82680413 3.66564865 0.31639493
1.05094758 0.11807642 -2.69192229 0.98605796
1.74978641 0.42634446 -2.86448000 0.81823041
1.67965356 0.18124349 -3.14047031 0.96715080
2.14986932 0.49427736 3.41158029 0.75568989
-4.68418740 0.96046921 3.24074189 0.07749889
-5.09140429 0.98373051 4.01543087 0.03227428
1.21113463 0.92161360 -1.63851089 0.15062837
1.17779400 0.97385704 -6.23293514 0.05160246
0.80677455 0.85030689 -3.84695281 0.27697820
1.30528459 0.23780332 3.43413008 0.94344958
-1.41431403 0.46319166 2.80722824 0.78545349
-1.92042455 0.39249187 -3.62094875 0.84595013
3.23020182 0.09601355 -3.21368081 0.99078140
-1.46148913 0.87195844 -2.71490360 0.23968847
5.25534588 0.47136743 3.22157738 0.77781274
5.87241110 0.07542932 -2.35127122 0.99431042
-4.89779112 0.38832200 -1.40895539 0.84920602
-0.09832880 0.17370111 4.10265142 0.96982792
2.69705588 0.37913073 -2.40015588 0.85625989
-1.60494899 0.03380681 -2.16997067 0.99885710
-3.35408845 0.70222638 -1.58205793 0.50687811
-3.33902493 0.71778927 -1.25749437 0.48477856
2.72338240 0.58701217 -2.44160241 0.65541672
2.45743387 0.96178268 3.62391519 0.07497407
-3.72288632 0.92410500 3.34588818 0.14602994
1.97784903 0.32637938 -2.92057793 0.89347650
-4.39085145 0.98511956 2.82307414 0.02953946
1.98789249 0.13018678 3.63560112 0.98305140
2.00726439 0.67141012 4.82390349 0.54920844
0.58390521 0.83981200 -2.64151442 0.29471580
-1.64579768 0.01870686 2.50736520 0.99965005
-4.89428782 0.14843358 -3.84018834 0.97796747
5.75440596 0.05152393 -4.12694867 0.99734528
1.69407751 0.67360763 2.93697975 0.54625276
-5.88483889 0.11720110 2.82645666 0.98626390
-6.06357918 0.19937075 -3.83272278 0.96025130
4.38433321 0.48197243 3.33885562 0.76770257
4.74033830 0.74447914 -2.87270865 0.44575081
-1.90696522 0.12053572 -2.96786428 0.98547114
-4.09279423 0.21239087 3.54539260 0.95489012
-4.46570306 0.35700390 -2.92395049 0.87254822
-4.49641997 0.96517640 -2.34789310 0.06843451
2.13519849 0.46856413 -2.02119903 0.78044765
-3.12474546 0.56450235 -1.75466186 0.68133709
-3.89395492 0.73884537 3.89013907 0.45410752
2.46298635 0.30961365 3.99962953 0.90413939
2.82309721 0.83552900 -2.81827374 0.30189129
-4.52996820 0.83133504 2.84247688 0.30888205
2.49554088 0.57622869 4.24502507 0.66796050
1.47902131 0.26638082 -2.95384164 0.92904126
1.18243467 0.62234135 2.74501864 0.61269125
-4.16458517 0.36951690 3.68679082 0.86345726
1.70775591 0.63363075 -2.78437289 0.59851207
-4.92072237 0.26353310 2.92677147 0.93055031
-2.82816750 0.06528613 2.88680420 0.99573772
1.01520617 0.69106196 -3.67474461 0.52243336
0.73193483 0.46038643 -3.54554620 0.78804434
1.19793276 0.39409866 -3.49082404 0.84468625
0.99125905 0.84775183 2.41641634 0.28131684
2.45468386 0.00543444 2.30225754 0.99997047
1.66135878 0.50291610 3.28587848 0.74707539
-4.60805931 0.19518666 -3.47941777 0.96190217
-5.17222755 0.60225128 -3.27718239 0.63729340
1.52119865 0.76384924 3.14470499 0.41653433
-2.85536801 0.05363376 4.54160212 0.99712342
2.55214778 0.62147337 3.97721296 0.61377085
-3.76982234 0.61729703 -2.02723978 0.61894438
-3.08281272 0.48234777 -2.20769093 0.76734063
-0.16311882 0.05915581 -2.35676596 0.99650059
1.18576365 0.33774230 4.25555269 0.88593014
-4.69529395 0.89506823 -0.38543927 0.19885286
-4.23011965 0.61238684 -2.65594330 0.62498236
2.62365118 0.30726968 -2.35794613 0.90558534
1.60704484 0.53217183 3.04093916 0.71679315
2.03816112 0.77589110 2.55897023 0.39799300
-4.32869078 0.68430077 3.81946105 0.53173245
1.66588524 0.88255690 3.15182763 0.22109333
3.20434583 0.75146845 1.63973804 0.43529517
2.07828030 0.91193712 -4.85816954 0.16837068
1.46449456 0.39507497 -2.72180100 0.84391577
-3.97445618 0.06748359 3.39571074 0.99544596
1.99003640 0.48900423 -2.81891114 0.76087487
1.20951143 0.81588341 -3.96115397 0.33433427
3.18361822 0.06033964 -3.44795562 0.99635913
-5.16841764 0.53549278 -3.05920681 0.71324748
0.83912930 0.11839703 -3.34655699 0.98598214
1.55678505 0.88265304 -3.26459089 0.22092361
1.55680114 0.26919848 3.55055357 0.92753218
-5.05705479 0.58450520 3.80076167 0.65835367
-3.98123371 0.30261011 -2.40479713 0.90842712
1.88288450 0.40534524 -2.82438366 0.83569524
2.10804904 0.53911164 3.69654647 0.70935864
-4.03029419 0.78496478 -2.33375244 0.38383030
3.05141151 0.34700339 -1.98620840 0.87958865
-5.13330320 0.75806768 -2.76619995 0.42533339
3.03176869 0.17114264 -2.36941889 0.97071020
-3.37026687 0.76874275 4.53402628 0.40903459
3.00283905 0.92701137 4.51563500 0.14064993
-4.08120321 0.26113964 -3.71535604 0.93180609
1.64176903 0.87319133 3.63067378 0.23753690
-4.27335944 0.20259724 2.71305718 0.95895436
1.23107936 0.60147988 2.89882117 0.63822196
0.26343073 0.06050091 3.03291215 0.99633964
6.20452029 0.82713365 4.03561458 0.31584993
5.46170145 0.80273522 3.97746346 0.35561616
0.57038612 0.14964849 -2.44642895 0.97760533
-4.90600563 0.83330758 -4.22104200 0.30559847
2.21303070 0.30653335 2.99037381 0.90603730
-6.07314568 0.03930385 -2.81096914 0.99845521
-1.09908532 0.03537427 -3.04615191 0.99874866
3.84120169 0.13922928 2.31212896 0.98061521
-5.49719955 0.12926487 -3.26204425 0.98329059
1.83691561 0.52943167 3.28602063 0.71970211
-4.29234198 0.64809151 3.66854546 0.57997739
1.63546637 0.36723036 3.84321465 0.86514186
-4.20228392 0.90964229 -0.65218349 0.17255091
-3.41899436 0.13010107 3.74567401 0.98307371
1.51113258 0.52737762 3.92450447 0.72187285
-5.06888689 0.98838534 -0.03123286 0.02309442
-4.45874909 0.63348740 -2.84696711 0.59869372
-2.91856049 0.48108124 1.91783095 0.76856084
0.83792926 0.22725482 2.50507104 0.94835525
2.10801663 0.72468098 -3.10290729 0.47483747
1.91620049 0.89508112 3.28289050 0.19882979
-4.75755975 0.86032798 -3.23669084 0.25983577
1.23702196 0.94529269 4.15378067 0.10642173
1.08616404 0.12588568 3.02085232 0.98415280
4.79518706 0.08364650 3.26344321 0.99300326
-5.03970048 0.16621435 -3.49501236 0.97237279
-0.03492170 0.95968134 2.52437571 0.07901172
0.16028058 0.61601732 1.84538050 0.62052266
-5.57196481 0.35356056 2.20728988 0.87499493
0.27185939 0.71769366 -4.62375765 0.48491581
0.23198292 0.95204807 -4.70500085 0.09360448
-5.93510489 0.19710906 -4.58417699 0.96114802
0.60809034 0.94486169 2.46222014 0.10723639
2.04739238 0.25405762 3.47298509 0.93545472
2.75696998 0.10144951 3.99102069 0.98970800
2.11284558 0.91490308 3.78908558 0.16295235
2.70543896 0.27961593 4.74004394 0.92181493
-6.16268701 0.02765746 4.60827443 0.99923507
-0.15832845 0.73548486 4.23077638 0.45906202
-5.01969470 0.73112307 3.82988463 0.46545905
-4.20322005 0.71680633 -3.34831659 0.48618869
1.83674853 0.70880395 2.36874342 0.49759695
-4.71603115 0.16347371 -3.25457308 0.97327635
2.40410853 0.50134240 3.59405745 0.74865580
1.40545482 0.39520807 -2.68084459 0.84381058
1.57704654 0.61034186 3.15021421 0.62748281
-4.68374487 0.69017162 3.08052750 0.52366314
1.04883554 0.48461395 -3.11861848 0.76514932
-4.56221085 0.18847581 -3.73299986 0.96447687
0.15771984 0.88285231 3.99571411 0.22057180
0.56066405 0.50366354 -3.51566957 0.74632304
-5.50885643 0.70834809 2.19443773 0.49824298
-1.27498943 0.06087221 -4.18385870 0.99629457
-2.47674893 0.21513274 -4.42777649 0.95371790
-0.32512944 0.27074165 -4.82462684 0.92669896
-5.75268469 0.54001259 2.33190561 0.70838641
0.40037851 0.43448889 -4.10064197 0.81121941
-4.10092288 0.52161532 3.92158894 0.72791746
-4.28904377 0.43153470 -2.52593957 0.81377780
2.18167179 0.57427507 -2.43667726 0.67020814
2.54317444 0.18931687 4.32276968 0.96415912
-3.02598136 0.02433545 -1.73021722 0.99940779
-0.74977866 0.94738218 -1.94792099 0.10246701
0.36333772 0.11340595 -3.05116414 0.98713909
-4.86232126 0.73936149 -3.51273276 0.45334459
0.89366453 0.68121363 2.42485479 0.53594799
2.61413986 0.42627656 2.32873925 0.81828829
-4.22489034 0.74695801 -2.18677562 0.44205373
2.37475464 0.82890393 -2.01773646 0.31291827
-4.65393390 0.42249567 3.98903220 0.82149741
-5.13538070 0.80868309 -2.72391271 0.34603166
1.56583952 0.99910627 3.10737396 0.00178666
0.74564282 0.79639352 -3.39652463 0.36575735
-5.52770067 0.61214657 -3.83882334 0.62527658
5.22527426 0.24195908 -3.31705174 0.94145580
-3.68392124 0.12700211 2.47299716 0.98387046
-5.80674971 0.88462309 -4.30891498 0.21744198
0.24083574 0.51134169 -4.83571362 0.73852968
6.26074282 0.94268888 -0.28745756 0.11133767
-6.01635118 0.50770188 -3.37094269 0.74223880
0.73060283 0.60114346 2.54771739 0.63862654
-4.50202009 0.29699845 -2.71840536 0.91179192
1.88928276 0.94941466 6.05999799 0.09861181
-3.78861831 0.85295130 -1.62502504 0.27247409
-4.46194422 0.45054469 3.94167953 0.79700949
-0.20227211 0.62365310 4.49391722 0.61105681
-2.86991410 0.01220540 3.60514778 0.99985103
0.74497365 0.08366114 -3.09051779 0.99300081
1.14084214 0.73298965 -3.96162029 0.46272617
4.61009835 0.38723098 -3.36181552 0.85005217
-4.97807951 0.18141463 -3.63956561 0.96708873
-4.79218867 0.22898895 -3.98133484 0.94756406
-3.94082045 0.41207395 -3.29274593 0.83019506
2.26258893 0.60580359 3.70279970 0.63300201
-5.27124378 0.44137758 -3.10347073 0.80518583
-1.23373734 0.01275436 -2.99968011 0.99983733
-5.21021407 0.95782324 -5.59569813 0.08257464
-5.70406657 0.89740276 3.54165061 0.19466829
-5.25062769 0.20208655 -3.24453240 0.95916102
0.90361432 0.87632078 2.55918948 0.23206188
0.60400650 0.96547997 -5.38318429 0.06784842
-5.17241099 0.36351090 0.81730979 0.86785982
-6.04808416 0.80518783 -5.16413202 0.35167256
-5.22288053 0.79076210 -5.82409388 0.37469530
3.60533817 0.00000000 3.09392974 0.00000000
2.69755675 0.00000000 -4.96427121 0.00000000
5.84465114 0.00000000 1.07661950 0.00000000
-3.16789955 0.00000000 0.69099307 0.00000000
2.34059589 0.00000000 4.48822183 0.00000000
-5.99438702 0.00000000 0.51145407 0.00000000
-3.18570059 0.00000000 -5.85487169 0.00000000
5.81354172 0.00000000 -0.17699860 0.00000000
-1.56901048 0.00000000 -0.04737351 0.00000000
1.46572498 0.00000000 -0.35100439 0.00000000
0.00851764 0.00000000 1.35460901 0.00000000
2.24660893 0.00000000 5.56209059 0.00000000
-3.95603715 0.00000000 3.91763515 0.00000000
-0.80043985 0.00000000 1.67727019 0.00000000
0.73908560 0.00000000 2.66780894 0.00000000
-2.79882869 0.00000000 1.17493522 0.00000000
-0.55545402 0.00000000 -4.21187424 0.00000000
-4.66733763 0.00000000 0.99337581 0.00000000
-5.47600098 0.00000000 3.38018678 0.00000000
0.06760218 0.00000000 -2.71187016 0.00000000
-0.69633316 0.00000000 -0.26477328 0.00000000
-0.42762125 0.00000000 -0.58461348 0.00000000
3.53985647 0.00000000 2.10280978 0.00000000
-0.23279070 0.00000000 2.11500322 0.00000000
-6.21878114 0.00000000 4.76419482 0.00000000
-5.69943518 0.00000000 4.71845837 0.00000000
-0.34529126 0.00000000 6.24040465 0.00000000
5.62557606 0.00000000 3.84317158 0.00000000
-5.64752774 0.00000000 -5.40264027 0.00000000
3.14499544 0.00000000 4.15563430 0.00000000
-3.98239870 0.00000000 5.91187328 0.00000000
3.85344363 0.00000000 4.40111094 0.00000000
2.64353604 0.00000000 3.05318201 0.00000000
3.92157511 0.00000000 5.04979871 0.00000000
-3.62542782 0.00000000 4.07953379 0.00000000
-3.01040458 0.00000000 -1.28286403 0.00000000
-6.02846592 0.00000000 3.65522822 0.00000000
2.07675262 0.00000000 -1.10839448 0.00000000
4.16937247 0.00000000 -2.24533410 0.00000000
1.86828582 0.00000000 5.04482914 0.00000000
-0.71329137 0.00000000 -3.85866592 0.00000000
-6.18398649 0.00000000 4.47637679 0.00000000
3.85080312 0.00000000 -1.32816311 0.00000000
-3.50537580 0.00000000 -5.48003758 0.00000000
2.09781737 0.00000000 -0.87168824 0.00000000
-3.35862192 0.00000000 0.09485139 0.00000000
-0.90052020 0.00000000 -0.44692479 0.00000000
3.56861992 0.00000000 6.27620718 0.00000000
-0.53339037 0.00000000 -3.95551097 0.00000000
2.68075662 0.00000000 -4.38072145 0.00000000
-4.93726368 0.00000000 -3.91018724 0.00000000
2.79546482 0.00000000 5.50035024 0.00000000
-3.90744156 0.00000000 -6.16504099 0.00000000
-1.89787312 0.00000000 3.65471166 0.00000000
-2.50779969 0.00000000 -2.11188824 0.00000000
-4.68785449 0.00000000 5.60157212 0.00000000
5.60566817 0.00000000 -3.29222549 0.00000000
4.08702765 0.00000000 2.65468876 0.00000000
5.01272028 0.00000000 2.16788978 0.00000000
-4.10881368 0.00000000 -3.88041222 0.00000000
3.22345821 0.00000000 -1.64567152 0.00000000
3.43168428 0.00000000 3.86964386 0.00000000
-6.20272859 0.00000000 3.62907727 0.00000000
0.37252357 0.00000000 -0.86371196 0.00000000
3.18289416 0.00000000 -4.52149628 0.00000000
6.26088359 0.00000000 -2.81510949 0.00000000
4.57451721 0.00000000 -1.24235897 0.00000000
2.55468465 0.00000000 -0.70817636 0.00000000
5.42243061 0.00000000 4.68298587 0.00000000
1.34487475 0.00000000 -0.47456155 0.00000000
2.35161641 0.00000000 -4.78300383 0.00000000
-2.64369190 0.00000000 -1.13581150 0.00000000
-0.52113654 0.00000000 -3.74681785 0.00000000
5.29057124 0.00000000 4.42067840 0.00000000
-0.93390373 0.00000000 5.42376990 0.00000000
4.72370931 0.00000000 -3.53458139 0.00000000
0.22351006 0.00000000 5.91324214 0.00000000
0.72282759 0.00000000 2.73289309 0.00000000
-1.73067843 0.00000000 0.68933540 0.00000000
4.12534694 0.00000000 1.81028247 0.00000000
-5.21322180 0.00000000 3.71738061 0.00000000
-2.39620653 0.00000000 0.05475932 0.00000000
-5.23398640 0.00000000 2.46240449 0.00000000
-1.61904600 0.00000000 1.57902449 0.00000000
0.61632778 0.00000000 5.10598927 0.00000000
-3.93147699 0.00000000 -2.67966826 0.00000000
2.59959229 0.00000000 -0.52351766 0.00000000
-3.35648572 0.00000000 1.53354937 0.00000000
0.59385934 0.00000000 0.09907668 0.00000000
0.30253447 0.00000000 -5.90905186 0.00000000
0.09678108 0.00000000 0.05560000 0.00000000
-2.59104197 0.00000000 -3.26522792 0.00000000
-3.68337030 0.00000000 4.10716137 0.00000000
-3.90143025 0.00000000 -3.09394742 0.00000000
4.98917874 0.00000000 -3.99069664 0.00000000
1.91181729 0.00000000 -6.20011363 0.00000000
0.57430841 0.00000000 -2.20084405 0.00000000
-2.43147593 0.00000000 -0.63035623 0.00000000
4.16422169 0.00000000 -5.73967742 0.00000000
-5.28128608 0.00000000 -5.86952901 0.00000000
1.73605176 0.00000000 4.17623093 0.00000000
-4.38922071 0.00000000 0.86973124 0.00000000
2.41713020 0.00000000 3.48236069 0.00000000
1.53838092 0.00000000 2.99775601 0.00000000
-3.65477440 0.00000000 -2.57140502 0.00000000
3.70506148 0.00000000 4.79071480 0.00000000
3.23882640 0.00000000 4.98078598 0.00000000
-5.53966872 0.00000000 4.07138478 0.00000000
4.60688353 0.00000000 3.00336438 0.00000000
-2.61779147 0.00000000 1.68878744 0.00000000
-1.50491047 0.00000000 4.02488156 0.00000000
1.95688121 0.00000000 -0.96212423 0.00000000
5.89740019 0.00000000 -4.92184455 0.00000000
-1.32342029 0.00000000 4.49803442 0.00000000
3.76059120 0.00000000 -2.80891001 0.00000000
3.22478268 0.00000000 5.24048968 0.00000000
-4.79261947 0.00000000 -2.88678134 0.00000000
-5.34648199 0.00000000 1.54634368 0.00000000
2.61772973 0.00000000 -4.99839721 0.00000000
-4.16293610 0.00000000 -3.12166148 0.00000000
-0.41182415 0.00000000 2.81474011 0.00000000
0.84901178 0.00000000 0.23341936 0.00000000
-1.30253329 0.00000000 -3.93440740 0.00000000
-2.33665341 0.00000000 -4.90680934 0.00000000
-5.20239890 0.00000000 -2.89499700 0.00000000
1.88041729 0.00000000 -2.91700134 0.00000000
-3.67069926 0.00000000 2.78130231 0.00000000
-5.28636048 0.00000000 2.13948906 0.00000000
4.20641694 0.00000000 1.55367336 0.00000000
-5.08852016 0.00000000 -0.04687963 0.00000000
-3.65060282 0.00000000 -3.46466279 0.00000000
-5.82408216 0.00000000 -5.88661282 0.00000000
4.26926569 0.00000000 -4.58831114 0.00000000
2.14593922 0.00000000 5.14414124 0.00000000
-1.92882585 0.00000000 -1.06683971 0.00000000
6.09812060 0.00000000 -5.96253843 0.00000000
0.09037903 0.00000000 2.00692473 0.00000000
3.45496050 0.00000000 -2.80417631 0.00000000
0.35659490 0.00000000 -1.09376765 0.00000000
4.50624832 0.00000000 4.07016250 0.00000000
-0.45798076 0.00000000 -0.96802631 0.00000000
1.37420045 0.00000000 -0.34848519 0.00000000
-2.75211836 0.00000000 -6.22366720 0.00000000
-3.61732101 0.00000000 3.97524514 0.00000000
-4.79741829 0.00000000 -1.31376185 0.00000000
3.63486122 0.00000000 2.56481247 0.00000000
5.83986280 0.00000000 -4.80746678 0.00000000
0.74976688 0.00000000 -1.18143681 0.00000000
-5.45928322 0.00000000 -3.92620993 0.00000000
0.23188689 0.00000000 -2.33268143 0.00000000
-2.39830762 0.00000000 -3.04249489 0.00000000
1.64407271 0.00000000 5.09412640 0.00000000
-0.82696121 0.00000000 1.93110334 0.00000000
-0.92914700 0.00000000 -0.20431407 0.00000000
-3.12446781 0.00000000 3.61385255 0.00000000
5.16174639 0.00000000 -1.37965878 0.00000000
-3.51825658 0.00000000 0.32637756 0.00000000
3.61084248 0.00000000 -0.95744307 0.00000000
3.98376052 0.00000000 1.24564699 0.00000000
-0.77932277 0.00000000 0.21312909 0.00000000
-4.08051859 0.00000000 -2.67984022 0.00000000
-2.93917640 0.00000000 0.46281773 0.00000000
-3.50687198 0.00000000 3.77941510 0.00000000
-3.19654288 0.00000000 -4.19256352 0.00000000
-3.76450450 0.00000000 -3.84998609 0.00000000
0.33672074 0.00000000 5.15696065 0.00000000
-3.38078857 0.00000000 -4.14442391 0.00000000
6.09370594 0.00000000 4.01830869 0.00000000
2.39155609 0.00000000 -0.71818472 0.00000000
4.21147506 0.00000000 -6.25545241 0.00000000
-6.04566002 0.00000000 -3.21661927 0.00000000
4.61119290 0.00000000 -3.35446560 0.00000000
2.03369629 0.00000000 5.04947966 0.00000000
0.09189417 0.00000000 1.81040806 0.00000000
-0.79298968 0.00000000 4.50708944 0.00000000
-3.19066672 0.00000000 -4.38886799 0.00000000
-1.16540929 0.00000000 -5.76122940 0.00000000
-2.72040064 0.00000000 -5.99674663 0.00000000
-4.40866446 0.00000000 2.23363545 0.00000000
-3.80937956 0.00000000 2.38818468 0.00000000
2.95096735 0.00000000 4.04967292 0.00000000
-4.93707849 0.00000000 -2.81364400 0.00000000
-4.46005685 0.00000000 -1.00154357 0.00000000
-4.80725232 0.00000000 3.94748553 0.00000000
-2.60730117 0.00000000 -3.41639270 0.00000000
5.03028848 0.00000000 -2.49152881 0.00000000
-1.80593869 0.00000000 0.53452273 0.00000000
4.80121985 0.00000000 -3.89471224 0.00000000
3.46431764 0.00000000 1.38648050 0.00000000
4.98257364 0.00000000 3.01469417 0.00000000
2.31843032 0.00000000 0.18630747 0.00000000
4.57178135 0.00000000 -2.17713877 0.00000000
-5.31603351 0.00000000 -1.12477901 0.00000000
5.07755060 0.00000000 -3.67905302 0.00000000
4.76978990 0.00000000 -0.78033603 0.00000000
-2.71449738 0.00000000 -6.14131770 0.00000000
-2.55626044 0.00000000 -2.78328558 0.00000000
4.43738494 0.00000000 2.74483178 0.00000000
4.01182366 0.00000000 2.78044600 0.00000000
2.71850876 0.00000000 -5.82654851 0.00000000
-6.13252434 0.00000000 0.48673471 0.00000000
4.05587186 0.00000000 5.55120882 0.00000000
-0.48417357 0.00000000 3.85368096 0.00000000
4.57736942 0.00000000 4.22125015 0.00000000
4.93241025 0.00000000 -1.51025736 0.00000000
-0.89785814 0.00000000 -1.04540886 0.00000000
-4.68903158 0.00000000 -3.91387430 0.00000000
-1.58799877 0.00000000 3.09098074 0.00000000
-2.90593070 0.00000000 -2.38645971 0.00000000
-1.77319823 0.00000000 -4.02887146 0.00000000
-2.32648443 0.00000000 2.61391864 0.00000000
0.70901238 0.00000000 -1.05809638 0.00000000
1.00629574 0.00000000 2.75266043 0.00000000
-2.76794096 0.00000000 2.20713328 0.00000000
-3.05321402 0.00000000 1.55446018 0.00000000
-6.26817585 0.00000000 -4.99660354 0.00000000
5.61118493 0.00000000 0.26449185 0.00000000
6.08401599 0.00000000 2.80925645 0.00000000
4.95029163 0.00000000 0.00273514 0.00000000
-2.43992059 0.00000000 -1.70106609 0.00000000
-2.70816823 0.00000000 -0.07817109 0.00000000
-1.93908902 0.00000000 3.25750800 0.00000000
-0.91244229 0.00000000 -5.77425087 0.00000000
5.68148352 0.00000000 3.04918280 0.00000000
-5.02331755 0.00000000 -4.94855215 0.00000000
6.06682638 0.00000000 -0.75622714 0.00000000
-2.51543480 0.00000000 -3.66939318 0.00000000
2.59411014 0.00000000 -3.65507469 0.00000000
2.53435615 0.00000000 1.52873104 0.00000000
-3.19691431 0.00000000 -2.89931540 0.00000000
-4.28304318 0.00000000 3.23029108 0.00000000
6.13513469 0.00000000 -1.28043411 0.00000000
5.04431974 0.00000000 1.06030054 0.00000000
-0.32758896 0.00000000 -1.41013273 0.00000000
1.73694060 0.00000000 0.76715266 0.00000000
5.01236851 0.00000000 -4.54249142 0.00000000
1.66993854 0.00000000 3.05635234 0.00000000
4.41385690 0.00000000 2.05265548 0.00000000
2.21880514 0.00000000 5.05454499 0.00000000
-2.95028457 0.00000000 -3.51240089 0.00000000
1.69743006 0.00000000 3.83921145 0.00000000
5.27287037 0.00000000 1.74033059 0.00000000
-5.76500720 0.00000000 6.06350232 0.00000000
-6.17727946 0.00000000 5.94606655 0.00000000
-1.04365410 0.00000000 -1.36091650 0.00000000
-5.64239377 0.00000000 0.02378135 0.00000000
2.71439776 0.00000000 -2.86614537 0.00000000
3.53274326 0.00000000 0.84675099 0.00000000
1.72382548 0.00000000 -5.73251887 0.00000000
-5.68239941 0.00000000 1.04565609 0.00000000
-0.42145200 0.00000000 -1.62951331 0.00000000
-0.94488740 0.00000000 -4.60020952 0.00000000
6.23718063 0.00000000 1.29168734 0.00000000
-2.18064016 0.00000000 -1.52747825 0.00000000
-5.17918973 0.00000000 -1.98282925 0.00000000
4.55740367 0.00000000 2.76111658 0.00000000
3.87716477 0.00000000 -1.34948617 0.00000000
-5.13811931 0.00000000 5.22632448 0.00000000
5.49661438 0.00000000 2.05031621 0.00000000
2.42231798 0.00000000 -5.18023615 0.00000000
5.84255158 0.00000000 2.18253616 0.00000000
-0.91146451 0.00000000 -1.00173651 0.00000000
-5.48743350 0.00000000 -2.69238299 0.00000000
-2.12703047 0.00000000 5.65079506 0.00000000
-2.40071555 0.00000000 2.44285888 0.00000000
0.32065704 0.00000000 0.60339153 0.00000000
-5.10513344 0.00000000 5.83962604 0.00000000
-4.83231498 0.00000000 -2.84200967 0.00000000
1.01786788 0.00000000 2.60554393 0.00000000
-5.86379339 0.00000000 5.39803756 0.00000000
1.29368454 0.00000000 -3.57273661 0.00000000
3.83143210 0.00000000 -0.44432406 0.00000000
-1.08611260 0.00000000 -4.19525095 0.00000000
5.06497025 0.00000000 4.80753355 0.00000000
-0.04181180 0.00000000 1.26609657 0.00000000
-1.66422710 0.00000000 6.06000894 0.00000000
-0.95954982 0.00000000 -4.19281479 0.00000000
0.87666515 0.00000000 -4.59670432 0.00000000
-0.08881702 0.00000000 0.97338480 0.00000000
-1.60750401 0.00000000 1.69469660 0.00000000
-4.04694362 0.00000000 -3.24570868 0.00000000
2.67200781 0.00000000 0.10265025 0.00000000
-2.54147063 0.00000000 2.25859209 0.00000000
-6.19251079 0.00000000 0.85163683 0.00000000
-1.84630103 0.00000000 3.83697120 0.00000000
-1.54902154 0.00000000 4.72768937 0.00000000
-5.40301921 0.00000000 5.08380579 0.00000000
-5.06679608 0.00000000 -4.45445141 0.00000000
-3.18416333 0.00000000 -5.65778309 0.00000000
-6.09420683 0.00000000 -5.92036132 0.00000000
-4.55948494 0.00000000 5.60772142 0.00000000
-4.55089935 0.00000000 -0.36233549 0.00000000
1.82138335 0.00000000 6.07238949 0.00000000
0.00447236 0.00000000 -1.09439646 0.00000000
5.49009928 0.00000000 0.31195671 0.00000000
2.53139935 0.00000000 0.52565673 0.00000000
4.73461313 0.00000000 -2.40393150 0.00000000
1.73012255 0.00000000 -3.41645257 0.00000000
2.53335837 0.00000000 -1.30389920 0.00000000
4.77800801 0.00000000 -0.17281604 0.00000000
-2.28040293 0.00000000 3.44022267 0.00000000
-2.81052500 0.00000000 -1.32612093 0.00000000
2.14737084 0.00000000 -1.00697227 0.00000000
4.53188442 0.00000000 2.58060079 0.00000000
2.40260463 0.00000000 5.44758313 0.00000000
0.03109779 0.00000000 -0.35966542 0.00000000
-4.85133249 0.00000000 -0.48172638 0.00000000
-2.07187868 0.00000000 2.01281944 0.00000000
-1.21053936 0.00000000 -3.47106334 0.00000000
-2.05687456 0.00000000 -0.98978503 0.00000000
-0.78863293 0.00000000 -1.15354489 0.00000000
-5.97788823 0.00000000 4.19176179 0.00000000
0.48608627 0.00000000 -4.36457590 0.00000000
4.82848856 0.00000000 -5.75957477 0.00000000
3.36238516 0.00000000 0.29070059 0.00000000
0.82545737 0.00000000 -5.02885756 0.00000000
-0.01679805 0.00000000 6.25839723 0.00000000
-3.86424355 0.00000000 5.21135631 0.00000000
0.36526140 0.00000000 -2.15895565 0.00000000
0.71876576 0.00000000 5.92024788 0.00000000
