-894.373
-917.426
-975.617
-894.539
-890.247
-917.068
-919.059
-925.314
-921.673
-892.967
-906.296
-887.06
-929.072
-911.157
-905.991
-909.613
-888.261
-895.79
-914.575
-940.733
-911.784
-922.169
-927.698
-937.009
-922.135
-888.405
-904.839
-914.64
-914.101
-928.679
-880.413
-907.864
-901.109
-901.647
-918.514
-878.027
-926.597
-948.072
-908.839
-915.933
-886.273
-943.286
-940.391
-953.644
-908.556
-952.979
-977.179
-940.73
-940.737
-894.786
-935.892
-953.451
-1000.5
-982.863
-914.323
-902.59
-899.307
-896.246
-871.581
-943.817
-973.388
-921.789
-881.24
-896.846
-893.2
-938.85
-922.53
-880.91
-937.571
-893.825
-935.367
-891.949
-913.148
-898.148
-916.813
-934.965
-839.231
-853.771
-884.701
-834.592
-921.341
-836.186
-924.576
-877.092
-836.699
-961.083
-844.805
-911.502
-920.212
-937.62
-907.749
-975.03
-961.234
-890.747
-916.766
-910.493
-875.549
-888.749
-920.829
-941.554
-913.637
-918.981
-956.148
-956.35
-915.345
-965.104
-927.728
-944.437
-934.225
-931.06
-919.866
-937.747
-937.661
-915.191
-908.847
-871.193
-853.928
-925.596
-910.247
-930.838
-931.597
-931.116
-896.322
-942.115
-938.991
-910.716
-923.875
-908.211
-884.064
-911.37
-936.371
-896.37
-938.093
-967.091
-969.039
-966.002
-942.826
-931.632
-912.429
-949.629
-957.481
-938.831
-888.994
-906.248
-893.289
-896.55
-980.207
-927.055
-937.277
-937.992
-882.118
-888.576
-904.13
-889.748
-917.869
-952.664
-891.713
-934.98
-878.104
-921.341
-932.456
-919.126
-933.735
-881.044
-893.554
-964.875
-930.809
-910.06
-906.243
-918.273
-938.369
-922.877
-888.74
-888.745
-839.598
-909.956
-918.676
-942.899
-916.354
-964.825
-966.401
-918.652
-954.411
-899.203
-916.386
-964.523
-935.33
-917.602
-936.497
-921.431
-890.373
-887.288
-887.723
-913.905
-958.168
-903.248
-898.221
-946.688
-911.962
-914.648
-928.891
-926.233
-918.191
-910.27
-969.017
-837.912
-954.373
-863.794
-909.889
-836.041
-848.23
-908.666
-917.055
-869.406
-904.101
-885.962
-879.193
-906.166
-907.047
-956.749
-936.21
-946.175
-913.088
-922.279
-838.605
-938.252
-945.397
-862.933
-853.099
-863.674
-878.523
-904.127
-900.578
-871.883
-919.756
-873.158
-898.239
-865.783
-869.747
-851.383
-919.856
-876.248
-867.244
-932.245
-935.974
-903.844
-899.279
-851.155
-966.405
-943.799
-886.513
-899.89
-895.667
-957.289
-897.072
-928.213
-924.314
-939.622
-934.386
-954.195
-896.467
-894.797
-918.757
-922.939
-907.589
-908.004
-930.356
-911.98
-958.271
-900.789
-916.759
-850.486
-925.991
-914.322
-905.899
-894.979
-905.127
-907.702
-880.905
-894.814
-947.628
-893.212
-986.4
-896.356
-907.039
-892.597
-925.536
-909.061
-938.831
-903.322
-879.78
-866.502
-869.234
-921.275
-887.68
-929.34
-917.804
-898.175
-927.938
-880.28
-915.697
-929.601
-931.826
-930.157
-878.59
-886.901
-877.454
-886.96
-957.795
-901.436
-919.797
-927.936
-938.794
-909.752
-923.023
-915.497
-954.399
-979.204
-948.839
-958.622
-986.096
-911.044
-892.063
-957.988
-965.217
-928.438
-920.054
-958.337
-964.392
-955.045
-903.952
-959.133
-878.529
-914.145
-901.198
-901.283
-892.701
-914.114
-875.53
-835.274
-879.147
-901.128
-875.239
-850.269
-867.52
-858.959
-874.632
-899.173
-936.158
-844.723
-977.348
-910.249
-894.617
-860.236
-900.26
-935.123
-912.358
-906.666
-907.834
-948.876
-979.709
-926.948
-959.348
-893.842
-937.992
-886.469
-888.573
-933.027
-904.768
-911.064
-896.139
-889.018
-888.329
-945.368
-923.008
-886.063
-880.95
-920.752
-909.446
-906.628
-935.573
-967.489
-921.829
-945.795
-895.349
-939.641
-922.805
-962.232
-889.032
-920.697
-972.222
-941.354
-916.689
-899.298
-977.435
-927.438
-892.723
-900.509
-906.747
-964.034
-893.144
-931.912
-979.869
-978.619
-916.351
-930.249
-877.751
-973.93
-911.912
-947.831
-909.956
-988.358
-981.579
-991.841
-940.557
-964.741
-949.803
-962.872
-932.878
-965.31
-966.627
-997.167
-948.318
-943.833
-1022.96
-957.247
-942.798
-937.99
-959.103
-996.732
-957.034
-937.657
-1039.55
-983.422
-913.333
-968.683
-1008.91
-950.037
-982.946
-954.58
-951.786
-960.627
-918.965
-906.318
-896.632
-954.618
-902.79
-886.1
-950.944
-918.331
-928.594
-929.503
-916.928
-958.579
-899.198
-907.52
-975.678
-933.065
-966.845
-988.534
-894.713
-877.304
-915.363
-856.568
-887.911
-932.752
-895.669
-888.91
-898.684
-947.598
-933.931
-936.95
-882.239
-910.51
-912.325
-933.158
-901.298
-897.076
-875.52
-894.992
-877.685
-846.915
-922.836
-901.274
-927.346
-887.778
-916.485
-896.587
-884.571
-905.956
-898.097
-892.306
-896.017
-917.28
-935.603
-912.291
-941.257
-923.127
-910.661
-947.383
-933.789
-918.568
-920.217
-906.759
-874.585
-922.541
-925.907
-945.856
-913.54
-952.601
-980.785
-962.349
-950.939
-928.263
-943.528
-945.803
-942.892
-981.202
-907.479
-915.789
-926.108
-946.449
-967.531
-961.143
-944.464
-924.484
-992.941
-943.415
-959.555
-976.231
-942.54
-967.379
-938.834
-922.829
-907.357
-921.13
-971.585
-991.67
-1003.81
-898.836
-964.77
-952.991
-915.698
-948.95
-926.152
-925.524
-948.473
-982.739
-960.902
-982.636
-978.387
-982.992
-973.772
-963.773
-973.867
-891.665
-947.078
-930.745
-957.728
-944.507
-947.361
-930.775
-926.348
-915.414
-937.965
-926.523
-948.359
-922.244
-845.994
-920.211
-926.826
-913.207
-896.705
-882.852
-929.903
-920.969
-948.306
-914.007
-910.623
-888.009
-897.686
-921.635
-929.142
-944.984
-957.615
-920.455
-871.789
-956.113
-970.153
-942.23
-956.452
-966.843
-880.481
-895.49
-874.97
-900.705
-911.548
-885.369
-887.404
-902.81
-893.427
-885.165
-884.154
-886.199
-940.835
-917.534
-929.621
-938.542
-933.569
-923.237
-900.413
-863.149
-886.049
-913.569
-867.827
-914.58
-930.576
-893.63
-909.72
-921.372
-896.291
-938.451
-935.23
-925.877
-937.712
-900.857
-960.849
-917.54
-931.337
-937.257
-975.991
-930.687
-929.713
-902.219
-948.518
-887.946
-918.473
-928.232
-908.832
-897.437
-971.683
-902.562
-960.098
-892.84
-943.575
-895.865
-906.914
-933.411
-936.26
-902.347
-924.969
-939.801
-910.118
-900.859
-905.959
-953.55
-914.446
-899.398
-951.311
-925.792
-941.784
-973.17
-946.717
-941.823
-884.311
-970.9
-911.275
-906.609
-916.035
-873.132
-918.592
-926.386
-939.479
-978.434
-939.422
-925.628
-924.246
-943.366
-931.292
-935.4
-918.038
-909.497
-904.721
-879.905
-888.303
-876.972
-935.088
-980.881
-916.859
-936.204
-933.611
-942.002
-937.765
-924.985
-945.213
-986.894
-979.809
-931.021
-927.675
-948.086
-957.416
-914.322
-893.678
-919.202
-909.593
-895.565
-914.796
-933.336
-946.435
-892.886
-929.753
-968.489
-932.31
-965.112
-942.507
-970.654
-959.743
-927.173
-970.836
-962.959
-948.471
-935.682
-924.037
-910.576
-943.716
-943.005
-937.492
-922.64
-871.75
-915.981
-902.452
-881.783
-897.009
-940.601
-915.609
-939.48
-890.356
-910.678
-875.245
-914.157
-912.871
-922.526
-924.475
-959.825
-936.701
-947.474
-916.479
-897.299
-898.896
-918.638
-899.324
-938.281
-955.8
-952.324
-971.093
-956.044
-931.391
-952.613
-889.665
-964.711
-957.86
-940.99
-890.416
-935.723
-911.447
-947.258
-965.65
-894.307
-925.125
-945.047
-915.575
-914.841
-913.88
-947.81
-921.982
-896.07
-898.778
-903.075
-916.623
-917.774
-932.105
-920.25
-938.168
-903.058
-940.472
-951.116
-963.893
-938.248
-939.328
-898.596
-926.984
-969.757
-930.674
-1006.5
-976.436
-977.433
-948.217
-941.248
-960.895
-891.762
-953.613
-895.974
-907.438
-930.318
-936.016
-894.832
-924.602
-954.54
-947.454
-944.056
-904.79
-918.865
-932.417
-927.148
-990.29
-914.735
-967.296
-947.527
-929.625
-942.801
-909.281
-908.04
-892.707
-954.427
-914.435
-901.29
-909.446
-880.605
-915.417
-894.964
-919.513
-900.508
-976.815
-939.359
-888.516
-952.75
-960.737
-909.056
-937.596
-868.126
-917.834
-893.769
-903.904
-906.313
-888.168
-913.971
-898.041
-885.098
-906.375
-938.608
-938.033
-954.318
-890.526
-911.409
-931.599
-947.332
-921.014
-909.798
-934.216
-929.33
-971.307
-929.288
-971.457
-961.68
-938.322
-939.546
-955.808
-931.657
-922.34
-929.917
-950.041
-968.515
-942.392
-900.876
-939.229
-887.725
-896.278
-901.775
-878.293
-940.225
-905.291
-920.558
-878.111
-964.832
-909.365
-901.036
-855.748
-965.108
-933.491
-941.26
-915.262
-919.257
-886.64
-904.768
-928.772
-948.197
-925.37
-914.344
-978.931
-931.788
-869.762
-928.103
-949.353
-867.522
-903.686
-880.343
-927.762
-946.513
-892.379
-905.2
-908.637
-897.447
-946.442
-895.313
-879.424
-890.966
-841.054
-958.848
-926.396
-875.146
-896.532
-907.135
-874.636
-949.111
-901.69
-954.774
-953.086
-951.232
-967.592
-915.788
-966.634
-896.329
-895.897
-899.099
-885.705
-902.184
-898.218
-910.895
-920.689
-962.274
-880.786
-979.443
-908.803
-909.895
-867.669
-897.449
-936.836
-989.485
-879.076
-923.082
-945.964
-907.553
-915.663
-961.42
-933.178
-924.22
-944.964
-892.457
-923.341
-937.936
-887.241
-910.284
-905.373
-889.288
-906.777
-835.838
-921.1
-892.367
-917.858
-922.271
-912.131
-915.579
-906.111
-901.444
-913.291
-924.702
-951.694
-935.199
-921.237
-894.977
-889.03
-874.445
-941.803
-941.491
-940.028
-966.141
-934.502
-916.572
-986.287
-934.138
-944.25
-945.236
-947.99
-922.252
-946.922
-933.399
-927.334
-955.669
-890.255
-918.748
-913.123
-904.916
-875.844
-920.04
-905.404
-938.363
-922.918
-972.993
-926.123
-953.058
-942.823
-907.472
-912.667
-893.033
-928.629
-903.881
-898.609
-943.216
-913.361
-936.771
-967.442
-957.412
-898.497
-909.587
-955.926
-918.991
-943.424
-886.01
-913.148
-908.375
-899.352
-914.957
-938.379
-917.775
-904.702
-874.191
-897.226
-916.002
-927.632
-945.432
-950.087
-903.242
-924.759
-907.941
-929.719
-908.991
-897.738
-894.07
-912.97
-913.226
-940.733
-911.764
-935.632
-941.474
-924.122
-904.481
-890.825
-947.077
-906.788
-913.668
-965.786
-957.001
-949.114
-972.309
-940.964
-919.883
-962.14
-924.172
-881.811
-874.374
-923.345
-894.033
-930.494
-920.349
-914.762
-939.44
-897.161
-927.792
-947.648
-918.539
-934.065
-897.732
-943.364
-912.633
-932.115
-967.118
-953.495
-916.628
-885.013
-885.12
-874.846
-929.62
-945.54
-952.211
-924.714
-920.27
-899.254
-900.903
-989.114
-931.631
-905.873
-947.147
-958.997
-957.946
-906.417
-962.53
-917.154
-949.334
-912.104
-966.594
-927.111
-903.378
-948.929
-925.336
-885.436
-910.869
-903.617
-933.283
-916.948
-970.176
-880.987
-924.054
-913.367
-913.331
-921.183
-964.33
-937.194
-918.091
-918.608
-917.75
-949.632
-930.52
-875.927
-912.011
-915.061
-916.016
-889.78
-917.994
-920.993
-907.679
-923.9
-915.175
-917.911
-939.067
-936.449
-873.836
-997.866
-941.05
-950.023
-963.297
-917.208
-921.687
-914.453
-982.135
-1002.47
-991.183
-969.107
-927.661
-980.649
-935.857
-928.198
-944.773
-941.312
-895.169
-940.086
-935.357
-974.432
-899.732
-929.197
-891.896
-940.111
-932.096
-962.236
-914.121
-927.585
-949.889
-994.121
-939.264
-895.585
-894.875
-932.49
-911.147
-919.439
-870.629
-943.179
-905.451
-953.434
-894.799
-869.368
-905.429
-882.343
-909.203
-894.604
-862.155
-892.621
-931.25
-939.265
-899.821
-940.404
-952.293
-965.134
-920.474
-1018.53
-884.915
-912.971
-936.684
-903.808
-905.192
-872.155
-956.031
-941.741
-936.357
-930.649
-916.02
-954.436
-895.701
-853.421
-931.55
-927.16
-889.895
-848.822
-907.429
-978.224
-930.632
-925.684
-930.927
-891.768
-908.407
-920.488
-900.271
-902.056
-948.567
-946.352
-907.568
-942.512
-943.69
-878.68
-895.579
-876.805
-916.435
-954.749
-891.563
-910.897
-920.175
-856.214
-861.764
-921.109
-892.416
-923.711
-917.427
-948.522
-920.733
-873.036
-900.05
-880.857
-912.297
-914.06
-909.263
-881.506
-887.318
-932.624
-881.852
-949.086
-880.663
-935.629
-871.666
-921.275
-902.154
-889.777
-948.268
-929.009
-944.222
-939.046
-906.774
-973.522
-941.615
-964.65
-949.65
-929.769
-882.4
-901.709
-909.162
-933.129
-906.272
-916.579
-932.282
-941.524
-908.391
-958.263
-939.503
-886.791
-896.007
-918.912
-928.066
-1005.94
-901.105
-893.42
-958.646
-935.475
-906.298
-919.38
-956.838
-911.912
-936.855
-968.745
-943.806
-947.425
-952.012
-933.501
-921.87
-929.606
-968.855
-944.149
-930.537
-964.234
-919.018
-944.683
-968.283
-940.776
-914.193
-961.531
-873.511
-966.33
-897.881
-935.597
-928.965
-967.225
-850.969
-924.857
-936.791
-925.815
-928.129
-991.506
-937.473
-925.221
-941.12
-927.799
-907.129
-935.295
-978.754
-902.744
-977.135
-982.52
-966.737
-1012.53
-972.199
-983.652
-934.378
-973.06
-959.516
-1006.35
-1014.2
-1017.86
-1081.86
-1004.02
-962.443
-950.68
-1003.79
-961.717
-1008.47
-958.833
-959.592
-963.387
-977.861
-965.657
-964.531
-969.775
-984.403
-887.774
-952.308
-921.958
-987.099
-945.737
-911.492
-940.735
-925.566
-886.946
-915.45
-907.805
-903.893
-918.006
-915.599
-916.188
-902.878
-954.702
-933.596
-910.384
-867.603
-872.953
-838.975
-920.078
-906.851
-911.95
-900.31
-922.763
-884.022
-929.082
-936.622
-955.221
-956.879
-946.1
-937.151
-938.067
-952.526
-934.282
-937.323
-857.065
-933.869
-880.675
-893.297
-932.338
-929.396
-939.181
-937.152
-887.007
-919.011
-904.01
-920.468
-951.414
-966.481
-925.039
-919.507
-892.01
-936.327
-929.444
-916.437
-927.539
-909.166
-946.606
-929.291
-882.994
-940.271
-925.662
-901.884
-946.153
-932.455
-898.05
-967.111
-985.482
-952.342
-962.686
-905.633
-915.874
-973.063
-960.827
-955.454
-883.186
-922.192
-917.766
-947.503
-928.192
-878.106
-913.343
-949.008
-931.637
-942.757
-970.337
-919.793
-926.933
-934.139
-961.567
-886.566
-924.235
-920.614
-920.165
-918.629
-937.698
-905.036
-921.036
-953.692
-901.488
-920.866
-866.234
-834.405
-901.889
-925.037
-952.889
-996.691
-959.926
-971.344
-971.473
-966.628
-984.486
-926.318
-930.421
-975.104
-939.071
-912.237
-892.54
-899.38
-919.693
-857.422
-921.313
-951.667
-936.125
-968.253
-876.363
-920.066
-942.067
-924.79
-925.375
-930.451
-929.442
-922.058
-912.563
-954.342
-877.027
-881.862
-895.465
-915.963
-957.207
-916.381
-870.866
-927.662
-902.811
-925.863
-917.029
-947.85
-898.872
-863.032
-908.431
-922.019
-915.058
-940.931
-937.32
-906.389
-914.282
-870.053
-914.514
-885.5
-914.152
-909.168
-942.888
-942.76
-928.881
-899.526
-981.081
-936.978
-955.232
-932.206
-956.336
-915.633
-893.646
-936.318
-912.839
-926.639
-895.345
-913.661
-859.427
-880.196
-939.493
-900.377
-929.43
-880.197
-935.633
-941.555
-925.037
-938.88
-980.473
-879.081
-938.727
-996.497
-936.911
-913.085
-914.153
-960.361
-898.682
-903.524
-930.231
-908.205
-904.662
-902.767
-913.829
-856.943
-887.313
-884.951
-919.475
-982.226
-937.758
-955.432
-999.359
-887.971
-898.206
-910.924
-946.8
-928.579
-940.345
-884.397
-927.431
-910.358
-910.705
-947.843
-900.663
-933.356
-956.063
-911.728
-898.961
-885.619
-950.989
-954.314
-924.495
-959.268
-947.276
-908.841
-940.154
-965.967
-917.621
-929.058
-879.302
-877.432
-898.098
-908.926
-924.015
-898.348
-947.662
-906.231
-968.782
-1016.4
-916.066
-912.248
-951.952
-942.284
-936.74
-935.352
-946.902
-907.154
-928.408
-942.439
-945.665
-904.278
-891.15
-909.756
-917.017
-936.437
-927.491
-893.738
-947.266
-972.265
-879.701
-881.512
-936.567
-905.548
-941.883
-996.648
-1000.92
-890.237
-836.066
-915.129
-883.107
-927.692
-892
-962.505
-900.735
-903.723
-894.531
-967.811
-983.957
-933.692
-942.295
-933.576
-894.594
-938.71
-918.042
-866.598
-884.15
-882.314
-946.376
-908.802
-917.894
-910.061
-973.077
-942.141
-925.468
-976.002
-910.694
-876.277
-933.338
-958.789
-931.434
-977.567
-999.196
-935.937
-914.296
-1000.68
-1000.13
-982.45
-969.26
-888.698
-918.143
-893.162
-929.601
-914.917
-930.646
-867.845
-892.266
-850.865
-920.198
-862.72
-895.065
-884.106
-855.303
-875.956
-889.954
-927.435
-960.311
-891.416
-907.71
-905.635
-886.216
-880.407
-909.128
-907.7
-940.64
-893.702
-857.558
-907.027
-878.671
-915.71
-851.379
-882.29
-887.836
-924.604
-877.068
-889.657
-895.448
-902.106
-977.752
-890.53
-904.06
-956.751
-905.466
-895.312
-917.565
-912.637
-910.246
-957.847
-960.278
-912.169
-966.749
-915.852
-934.882
-888.417
-923.844
-878.043
-926.578
-899.325
-902.339
-917.627
-874.065
-877.456
-882.948
-920.597
-888.727
-928.475
-947.753
-979.518
-1002.46
-960.049
-957.821
-928.925
-956.036
-965.379
-969.208
-911.774
-958.83
-912.614
-936.215
-920.364
-891.809
-937.09
-941.923
-963.407
-922.669
-969.435
-944.412
-992.244
-967.878
-949.384
-969.91
-1017.3
-918.517
-990.077
-893.381
-921.887
-889.779
-896.711
-889.249
-932.677
-906.135
-898.073
-918.763
-933.047
-864.728
-922.98
-905.219
-891.831
-882.188
-867.125
-895.701
-848.937
-931.864
-917.933
-962.65
-898.376
-893.023
-883.552
-918.55
-901.5
-918.531
-901.822
-893.727
-935.61
-909.655
-907.524
-876.043
-853.829
-876.075
-952.15
-947.844
-869.303
-942.529
-908.833
-945.574
-939.981
-882.045
-930.326
-963.719
-930.766
-968.16
-919.768
-964.256
-950.208
-942.468
-986.407
-913.913
-907.066
-919.977
-927.337
-976.238
-953.24
-990.509
-983.188
-936.845
-933.387
-897.994
-941.828
-915.391
-910.15
-873.79
-880.911
-894.905
-830.966
-883.302
-916.388
-948.167
-932.534
-915.36
-956.184
-904.808
-947.258
-891.658
-917.758
-882.766
-920.361
-942.27
-899.228
-969.331
-927.512
-911.306
-872.487
-879.049
-905.588
-909.882
-900.702
-878.679
-892.219
-958.894
-890.863
-932.072
-923.013
-952.805
-956.634
-902.312
-883.506
-917.944
-865.179
-929.734
-942.586
-897.216
-887.387
-934.991
-934.599
-936.747
-918.648
-919.396
-938.067
-937.539
-957.976
-937.96
-890.695
-877.667
-913.789
-960.684
-951.721
-881.06
-884.821
-918.567
-920.28
-902.785
-877.669
-924.237
-972.916
-943.919
-956.774
-962.406
-889.953
-964.235
-977.37
-1013.87
-955.272
-949.199
-932.779
-905.873
-961.749
-886.696
-924.812
-982.418
-948.459
-876.602
-901.997
-884.303
-965.451
-898.806
-933.273
-943.568
-924.46
-917.677
-947.059
-929.106
-928.356
-936.182
-916.324
-934.708
-920.107
-876.577
-948.163
-894.056
-969.753
-913.155
-905.595
-927.835
-845.694
-911.768
-891.224
-893.703
-911.8
-925.712
-968.749
-920.018
-905.959
-906.497
-888.929
-904.121
-901.474
-948.132
-905.845
-1012.33
-971.132
-977.044
-956.138
-950.194
-949.999
-940.236
-960.384
-1005.83
-959.219
-933.054
-898.161
-951.039
-898.468
-908.604
-908.24
-891.08
-921.256
-902.564
-917.312
-952.924
-928.925
-921.787
-920.643
-908.612
-909.073
-949.799
-928.428
-938.241
-883.024
-894.922
-911.245
-884.126
-896.112
-863.02
-936.892
-918.959
-890.923
-906.785
-953.72
-879.647
-853.443
-975.045
-901.908
-898.318
-861.715
-884.357
-898.282
-945.961
-894.458
-893.448
-895.653
-935.907
-913.403
-909.927
-995.674
-950.898
-957.545
-941.01
-935.136
-925.149
-963.736
-939.82
-910.473
-881.91
-906.173
-935.427
-965.337
-963.052
-947.855
-905.777
-953.423
-947.956
-929.236
-931.012
-885.371
-914.721
-961.395
-946.342
-964.567
-866.537
-947.056
-885.117
-948.461
-885.119
-917.733
-931.366
-957.303
-885.911
-950.243
-918.335
-929.793
-890.153
-898.601
-875.027
-848.928
-908.459
-904.827
-917.207
-892.447
-894.268
-920.498
-908.17
-856.01
-928.542
-896.907
-917.91
-915.073
-938.579
-976.402
-926.962
-992.198
-919.78
-900.509
-903.982
-921.281
-954.564
-913.953
-948.33
-944.446
-917.701
-926.816
-949.287
-930.874
-901.622
-898.916
-887.806
-910.254
-951.438
-936.321
-943.064
-883.556
-933.941
-893.772
-853.975
-936.283
-908.803
-904.869
-869.232
-935.198
-948.543
-928.194
-920.162
-946.626
-980.995
-945.408
-905.644
-924.058
-908.282
-894.684
-887.635
-907.057
-865.493
-903.283
-925.903
-927.686
-918.908
-893.58
-894.364
-940.158
-941.856
-885.239
-939.955
-915.09
-988.857
-927.625
-967.416
-926.15
-921.815
-932.232
-938.541
-945.713
-879.111
-869.219
-866.523
-885.529
-930.612
-903.451
-945.833
-886.531
-916.356
-934.71
-901.614
-886.506
-924.305
-921.837
-943.79
-915.591
-914.736
-876.981
-917.666
-894.381
-899.074
-878.307
-935.213
-869.787
-915.56
-871.495
-904.509
-906.027
-948.291
-975.816
-953.126
-919.822
-899.68
-909.464
-911.541
-926.834
-870.12
-881.292
-879.89
-927.402
-874.413
-939.021
-879.546
-953.973
-945.103
-940.529
-941.722
-901.855
-927.629
-922.6
-923.946
-880.401
-926.028
-922.439
-925.229
-898.659
-961.71
-926.39
-905.894
-954.558
-953.587
-929.892
-902.486
-924.846
-913.107
-867.612
-879.795
-854.938
-890.082
-927.711
-911.456
-902.424
-895.096
-921.003
-932.341
-916.539
-898.1
-915.267
-906.73
-859.257
-896.881
-917.704
-950.418
-900.604
-911.077
-899.423
-908.556
-924.5
-915.934
-904.855
-884.809
-900.858
-910.412
-896.888
-905.564
-938.993
-881.976
-890.568
-920.611
-929.462
-892.189
-905.509
-905.969
-895.123
-944.298
-913.918
-917.758
-911.977
-910.209
-912.3
-919.895
-875.751
-914.497
-917.596
-925.885
-900.22
-918.697
-916.096
-915.805
-923.256
-932.528
-948.138
-993.267
-924.503
-965.206
-994.438
-940.787
-908.139
-933.18
-939.846
-984.857
-980.348
-938.164
-934.53
-948.979
-933.239
-971.422
-952.974
-913.63
-955.402
-955.812
-953.399
-973.474
-967.753
-950.153
-941.542
-953.416
-930.358
-864.547
-972.793
-935.546
-922.133
-895.876
-946.356
-983.859
-921.421
-865.362
-882.837
-901.966
-915.33
-892.537
-877.531
-904.304
-941.153
-937.243
-942.027
-966.033
-957.837
-959.23
-874.316
-885.399
-889.298
-915.652
-938.92
-877.221
-926.512
-914.478
-916.476
-919.521
-931.917
-950.878
-920.897
-905.449
-916.031
-900.349
-890.618
-914.121
-960.725
-972.51
-925.167
-943.66
-879.702
-919.684
-985.582
-983.428
-976.814
-939.116
-952.699
-945.827
-928.698
-945.517
-943.173
-941.803
-937.525
-907.457
-911.208
-936.453
-877.976
-906.538
-915.691
-923.343
-896.43
-918.352
-945.009
-928.927
-926.539
-873.194
-864.47
-940.929
-898.635
-913.218
-926.717
-900.748
-860.172
-884.538
-887.734
-918.558
-892.534
-835.684
-950.843
-898.002
-887.535
-865.047
-925.753
-882.091
-884.632
-917.965
-903.819
-886.462
-862.691
-912.082
-883.907
-964.175
-956.479
-939.685
-975.684
-963.781
-909.879
-865.543
-884.252
-894.395
-925.424
-932.671
-960.238
-930.636
-929.341
-907.555
-927.75
-958.961
-936.119
-881.693
-876.024
-943.599
-906.816
-852.311
-872.393
-971.654
-953.803
-873.496
-909.619
-941.657
-897.133
-905.478
-869.968
-930.982
-913.777
-912.807
-938.418
-873.78
-910.417
-879.883
-923.791
-922.479
-962.715
-916.971
-932.744
-908.283
-906.748
-874.879
-867.054
-868.868
-913.565
-929.451
-909.312
-928.962
-942.66
-973.557
-928.01
-926.792
-898.504
-906.886
-912.435
-966.531
-922.011
-972.145
-944.581
-891.175
-855.733
-913.681
-917.705
-863.87
-916.379
-958.451
-909.747
-966.681
-937.123
-907.61
-929.224
-934.503
-914.714
-947.358
-955.273
-927.701
-932.543
-945.205
-889.376
-984.682
-950.822
-943.512
-914.227
-941.714
-948.847
-949.911
-939.644
-893.929
-977.587
-954.686
-921.866
-917.665
-960.852
-935.441
-898.649
-869.76
-907.028
-905.014
-989.582
-963.915
-886.883
-925.526
-863.6
-935.096
-901.306
-969.77
-957.429
-909.762
-870.307
-879.312
-908.541
-939.675
-890.167
-916.708
-938.73
-915.664
-882.993
-913.769
-922.933
-951.207
-861.567
-923.534
-862.297
-909.259
-925.326
-957.643
-963.578
-904.589
-895.138
-935.896
-913.902
-911.16
-940.919
-906.327
-890.381
-920.717
-903.255
-891.017
-893.003
-900.33
-850.866
-941.466
-948.155
-916.959
-863.615
-952.323
-942.247
-947.07
-916.663
-977.8
-956.755
-946.606
-902.548
-940.561
-944.863
-921.888
-883.429
-860.144
-877.663
-857.775
-880.221
-879.806
-887.986
-923.121
-949.209
-928.546
-901.837
-966.255
-958.613
-931.093
-895.01
-935.994
-878.025
-881.978
-924.99
-889.913
-892.374
-934.155
-933.287
-946.287
-925.983
-951.28
-909.963
-934.049
-927.792
-943.117
-878.069
-927.45
-927.51
-940.456
-940.058
-954.278
-908.476
-898.131
-952.529
-850.836
-912.424
-904.233
-921.212
-959.363
-952.964
-940.994
-923.193
-938.144
-911.801
-974.297
-937.888
-922.593
-962.037
-947.538
-915.176
-923.121
-957.27
-939.62
-929.748
-932.873
-926.719
-923.931
-930.429
-941.473
-963.654
-940.738
-974.813
-955.583
-973.112
-905.693
-998.663
-961.795
-969.051
-985.137
-925.018
-926.871
-949.727
-927.095
-921.953
-922.398
-884.237
-988.228
-977.336
-918.815
-927.18
-929.451
-933.274
-920.902
-965.489
-956.546
-952.226
-878.194
-924.095
-906.991
-857.186
-905.58
-913.29
-953.398
-950.628
-927.967
-931.877
-918.109
-980.752
-908.114
-913.854
-944.006
-927.806
-972.594
-974.868
-925.155
-955.911
-989.315
-972.526
-942.739
-926.944
-940.467
-868.676
-926.586
-944.352
-966.551
-970.999
-922.039
-958.103
-919.758
-914.92
-920.89
-923.097
-930.527
-950.597
-965.105
-929.116
-913.539
-905.064
-938.52
-925.629
-926.975
-921.649
-937.894
-965.915
-915.056
-938.087
-953.778
-901.511
-959.729
-884.404
-950.204
-952.513
-987.93
-910.029
-874.703
-939.703
-951.946
-940.837
-951.369
-916.123
-936.216
-915.074
-939.496
-970.558
-988.845
-950.003
-958.633
-979.114
-937.871
-930.599
-949.017
-928.501
-922.348
-913.561
-943.671
-980.351
-895.802
-888.587
-910.554
-920.235
-947.311
-885.284
-898.3
-926.227
-898.208
-916.214
-873.527
-906.992
-905.793
-906.978
-913.453
-892.2
-917.968
-883.715
-940.269
-906.764
-928.664
-938.037
-921.761
-854.214
-863.064
-855.223
-895.973
-864.366
-888.978
-915.27
-851.031
-887.56
-939
-941.968
-937.326
-982.948
-942.577
-930.339
-946.894
-904.183
-903.414
-976.616
-958.552
-929.524
-923.933
-969.251
-928.683
-1039.75
-969.35
-1004.63
-887.155
-894.953
-903.673
-961.774
-925.644
-979.063
-969.41
-950.439
-949.965
-965.319
-911.213
-935.952
-946.132
-952.571
-971.487
-936.87
-961.041
-926.128
-902.3
-898.673
-913.856
-963.026
-922.995
-980.508
-925.011
-937.894
-895.719
-886.255
-949.153
-907.963
-926.245
-907.151
-891.095
-937.625
-926.48
-901.19
-928.683
-915.775
-1001.89
-939.741
-917.814
-922.184
-937.244
-942.237
-947.749
-937.271
-962.309
-937.017
-909.908
-941.573
-953.568
-965.139
-957.48
-958.741
-952.286
-922.769
-903.217
-934.526
-936.073
-970.495
-928.138
-949.074
-960.251
-909.704
-918.844
-939.828
-919.66
-912.557
-957.475
-911.041
-992.296
-898.056
-896.161
-841.676
-921.952
-917.683
-934.281
-911.473
-898.513
-877.104
-885.906
-911.476
-900.984
-861.98
-885.004
-855.454
-938.518
-959.349
-894.816
-874.307
-901.732
-894.451
-883.754
-902.492
-894.166
-885.448
-903.054
-942.85
-965.137
-931.858
-984.027
-914.39
-947.533
-960.255
-956.104
-889.777
-902.955
-893.669
-882.273
-905.326
-902.374
-896.614
-918.795
-925.404
-899.3
-931.804
-940.46
-910.662
-916.223
-972.17
-969.655
-916.057
-951.367
-908.055
-933.206
-951.604
-970.431
-887.528
-939.394
-915.524
-962.155
-895.054
-953.417
-893.659
-893.593
-887.947
-892.998
-911.921
-966.569
-932.088
-909.678
-1004.31
-966.773
-929.021
-914.29
-997.113
-1024.6
-1002.24
-981.81
-953.893
-961.693
-975.474
-935.27
-917.161
-905.155
-957.088
-911.437
-926.029
-908.822
-907.337
-944.504
-916.58
-908.655
-911.924
-908.501
-928.613
-853.579
-944.412
-935.497
-931.904
-936.254
-926.122
-944.782
-967.162
-893.078
-926.677
-917.181
-961.561
-905.809
-936.121
-946.224
-859.816
-931.068
-946.592
-936.02
-961.373
-954.897
-916.197
-882.018
-891.013
-904.345
-886.253
-915.026
-932.104
-919.465
-922.805
-934.616
-918.723
-937.204
-909.098
-902.908
-952.201
-913.908
-940.744
-894.241
-885.669
-883.019
-887.132
-869.814
-948.793
-933.811
-915.743
-916.653
-899.499
-899.154
-893.607
-953.713
-958.073
-954.02
-929.543
-890.342
-947.614
-945.444
-928.718
-926.163
-893.85
-936.446
-878.526
-898.128
-932.55
-876.004
-900.228
-930.434
-904.633
-916.627
-913.741
-895.675
-917.384
-907.71
-930.824
-899.097
-905.276
-881.622
-897.543
-935.221
-862.524
-892.285
-979.715
-962.499
-950.011
-923.626
-948.477
-950.799
-872.055
-868.698
-878.931
-918.673
-903.253
-906.932
-962.68
-905.516
-874.627
-898.26
-955.392
-900.124
-903.493
-902.117
-916.918
-933.122
-936.751
-930.723
-914.561
-905.507
-869.74
-955.017
-980.55
-960.071
-905.695
-897.402
-939.886
-945.022
-944.277
-901.39
-916.976
-914.864
-914.367
-888.811
-856.161
-896.687
-865.891
-880.589
-895.045
-891.343
-861.401
-896.373
-886.025
-887.682
-812.455
-877.557
-886.761
-869.489
-881.412
-866.192
-922.679
-883.357
-898.13
-935.672
-840.894
-914.097
-922.814
-954.824
-904.01
-911.494
-931.069
-936.373
-922.971
-955.458
-937.771
-888.79
-981.36
-957.898
-910.631
-897.9
-896.136
-934.172
-936.218
-905.238
-928.231
-910.221
-891.95
-916.515
-951.723
-950.627
-911.616
-911.98
-948.052
-932.79
-895.392
-878.281
-834.875
-884.285
-939.527
-878.954
-909.173
-900.471
-923.501
-908.393
-894.719
-865.361
-937.315
-894.299
-972.582
-905.638
-882.522
-903.306
-885.844
-899.036
-894.006
-907.635
-959.54
-894.4
-929.087
-888.854
-924.219
-870.782
-935.298
-917.09
-896.399
-876.525
-928.489
-898.466
-905.692
-933.496
-889.471
-916.138
-910.924
-893.228
-920.942
-904.71
-868.349
-908.556
-911.149
-934.138
-997.028
-967.588
-920.111
-955.557
-903.708
-918.927
-901.833
-948.747
-919.154
-934.091
-962.514
-954.575
-910.677
-921.162
-883.619
-890.175
-976.968
-898.061
-901.816
-986.464
-901.429
-859.418
-910.499
-890.96
-920.598
-936.282
-861.731
-919.911
-885.913
-929.186
-923.3
-891.084
-897.315
-962.82
-935.052
-918.883
-875.051
-915.86
-947.869
-906.62
-902.579
-911.248
-949.052
-923.265
-904.361
-918.163
-881.414
-911.928
-935.499
-878.468
-906.468
-924.867
-906.038
-876.275
-903.247
-897.364
-927.04
-935.231
-906.395
-884.58
-892.478
-881.762
-881.909
-918.562
-941.222
-943.516
-923.312
-911.566
-895.635
-924.921
-934.036
-896.188
-946.865
-915.754
-917.691
-920.447
-917.77
-940.032
-944.981
-940.77
-931.321
-946.285
-929.261
-949.63
-950.251
-942.313
-941.302
-950.915
-959.741
-951.378
-925.838
-920.161
-974.114
-937.953
-915.068
-968.905
-970.977
-955.88
-948.654
-935.627
-941.241
-932.916
-940.079
-915.11
-885.904
-918.223
-915.016
-957.365
-924.648
-949.265
-921.602
-925.269
-893.201
-899.797
-927.062
-875.105
-912.952
-914.434
-911.027
-947.38
-962.609
-919.211
-950.521
-930.891
-952.27
-909.159
-977.457
-916.638
-924.324
-911.951
-908.49
-926.422
-929.589
-935.696
-939.865
-930.655
-940.561
-916.188
-922.751
-897.111
-891.28
-911.64
-877.598
-935.396
-913.45
-901.202
-908.458
-915.846
-874.257
-920.194
-887.002
-884.744
-946.257
-904.929
-899.76
-958.739
-925.429
-941.552
-918.585
-934.249
-923.032
-932.415
-942.944
-925.399
-907.248
-951.607
-945.524
-939.457
-970.357
-970.806
-924.432
-945.632
-973.148
-939.235
-985.145
-961.177
-914.273
-946.155
-957.98
-905.571
-988.114
-940.065
-860.9
-929.783
-933.004
-925.594
-984.963
-967.954
-962.018
-970.1
-875.062
-935.844
-909.848
-924.161
-912.242
-918.506
-878.993
-853.415
-905.819
-901.187
-898.789
-885.005
-896.067
-914.819
-873.794
-907.917
-914.26
-897.809
-902.92
-902.272
-924.042
-899.879
-931.174
-917.918
-953.427
-928.979
-923.517
-985.925
-970.207
-933.906
-948.738
-924.322
-902.796
-923.86
-886.125
-898.735
-952.48
-931.429
-964.237
-938.517
-930.329
-971.332
-890.715
-912.682
-938.358
-892.396
-980.225
-901.041
-912.039
-877.709
-959.211
-936.903
-949.119
-944.382
-922.951
-930.479
-899.65
-887.762
-855.508
-919.234
-879.065
-900.822
-870.015
-910.892
-931.093
-964.966
-949.24
-899.047
-936.2
-874.69
-949.78
-897.482
-910.534
-925.77
-866.361
-910.108
-874.429
-870.891
-905.354
-894.417
-917.013
-913.143
-890.641
-981.083
-922.551
-875.877
-904.377
-932.12
-895.898
-885.221
-899.042
-936.371
-900.952
-915.086
-915.588
-880.72
-896.722
-902.92
-908.103
-934.636
-925.421
-919.561
-902.523
-972.645
-974.35
-971.001
-903.377
-944.05
-950.876
-919.628
-925.183
-938.558
-911.36
-944.679
-958.67
-908.002
-889.72
-883.055
-861.657
-862.994
-872.496
-906.185
-890.098
-879.965
-849.692
-906.259
-925.302
-896.23
-919.931
-933.907
-964.115
-886.588
-944.729
-901.959
-904.298
-981.343
-919.224
-941.139
-879.404
-915.267
-889.518
-881.844
-936.18
-934.189
-894.295
-939.195
-909.052
-898.45
-902.192
-939.03
-855.734
-870.932
-956.949
-905.492
-969.826
-953.589
-901.462
-914.861
-950.454
-957.238
-939.007
-964.934
-948.81
-883.867
-950.931
-922.858
-903.292
-883.214
-912.478
-980.104
-966.893
-906.739
-873.571
-929.177
-896.183
-927.097
-975.444
-928.318
-950.999
-873.185
-941.504
-910.77
-860.384
-902.43
-869.868
-902.173
-873.938
-883.15
-925.966
-891.336
-861.033
-927.332
-962.37
-892.54
-920.831
-968.731
-971.538
-920.528
-906.552
-1005.31
-945.373
-910.805
-933.751
-923.989
-907.271
-883.386
-948.415
-862.597
-963.14
-929.39
-928.246
-911.505
-941.725
-924.391
-897.576
-947.513
-925.572
-911.943
-879.542
-895.294
-941.916
-856.924
-841.467
-870.316
-824.637
-889.438
-891.307
-869.16
-901.273
-934.781
-918.678
-853.938
-882.127
-927.864
-972.645
-910.522
-856.022
-875.906
-895.304
-944.295
-948.778
-916.023
-928.596
-914.609
-878.347
-896.732
-905.053
-908.391
-936.376
-941.722
-909.713
-913.608
-926.398
-956.386
-904.204
-903.198
-888.114
-959.685
-936.031
-938.066
-946.403
-938.026
-894.663
-935.816
-928.097
-949.545
-876.248
-960.172
-919.519
-947.819
-985.205
-946.041
-944.471
-910.139
-858.319
-880.346
-864.366
-905.266
-940.498
-855.51
-907.615
-899.306
-912.681
-886.498
-884.811
-892.146
-911.542
-880.939
-875.179
-895.411
-850.015
-914.303
-899.237
-918.764
-949.164
-953.872
-936.427
-939.08
-905.056
-934.636
-951.301
-923.163
-969.052
-968.932
-975.852
-961.031
-968.018
-1012.2
-998.581
-932.466
-993.716
-918.518
-971.355
-959.579
-979.532
-980.18
-969.826
-956.49
-971.161
-969.529
-903.305
-930.19
-922.513
-969.629
-957.143
-941.097
-920.505
-948.941
-992.355
-934.98
-886.318
-917.162
-979.368
-943.261
-954.675
-923.962
-910.589
-890.134
-864.723
-938.641
-895.482
-910.87
-958.707
-911.379
-918.607
-903.963
-933.566
-919.752
-889.725
-900.594
-871.434
-894.47
-912.24
-858.584
-913.1
-901.824
-954.409
-902.451
-943.375
-903.346
-932.859
-925.385
-935.105
-923.635
-918.69
-911.781
-965.498
-888.78
-924.662
-903.146
-901.817
-943.163
-954.461
-973.232
-942.775
-935.723
-948.888
-904.974
-918.435
-920.793
-963.609
-944.341
-943.41
-952.771
-953.132
-913.404
-899.893
-883.881
-892.783
-937.89
-890.404
-911.568
-918.287
-910.685
-888.095
-904.714
-916.147
-901.582
-892.054
-911.595
-920.9
-934.942
-930.368
-920.529
-927.9
-892.634
-941.591
-896.907
-919.807
-909.336
-889.341
-849.387
-934.952
-920.615
-914.43
-922.402
-946.905
-902.026
-920.877
-932.074
-888.451
-933.246
-932.126
-911.356
-895.266
-876.242
-883.367
-932.479
-895.204
-918.694
-907.874
-934.066
-902.749
-961.029
-979.791
-907.616
-916.616
-941.947
-882.837
-939.346
-894.826
-880.711
-955.218
-956.635
-892.161
-921.86
-899.146
-917.575
-918.87
-948.424
-976.719
-957.644
-919.775
-903.925
-933.179
-891.332
-932.662
-955.717
-928.208
-914.15
-883.262
-911.99
-914.538
-877.213
-926.529
-880.782
-896.28
-890.752
-950.327
-930.322
-878.049
-907.515
-910.07
-887.857
-888.834
-907.614
-892.838
-909.887
-895.213
-903.159
-936.031
-927.857
-930.456
-893.21
-901.228
-885.874
-888.338
-896.135
-899.21
-891.648
-898.22
-890.726
-919.727
-903.846
-867.11
-914.915
-947.025
-860.379
-896.293
-896.101
-937.529
-889.131
-866.787
-883.147
-870.054
-898.189
-925.584
-899.687
-908.242
-887.312
-893.305
-903.099
-899.102
-902.513
-896.522
-889.623
-898.226
-924.223
-924.247
-961.977
-941.336
-976.588
-939.518
-992.516
-965.204
-925.92
-897.05
-882.382
-908.965
-881.33
-887.936
-915.956
-954.958
-898.331
-955.055
-981.875
-928.926
-985.402
-962.822
-908.857
-910.882
-946.329
-842.258
-912.209
-893.695
-883.696
-852.779
-886.897
-941.562
-927.704
-949.533
-943.736
-943.889
-912.933
-961.589
-955.799
-908.574
-965.639
-879.806
-929.878
-893.852
-934.748
-943.639
-948.313
-874.371
-916.875
-916.822
-922.96
-945.369
-882.467
-910.862
-965.974
-940.1
-897.954
-927.94
-929.629
-891.396
-951.891
-880.143
-942.157
-979.081
-904.575
-882.144
-911.086
-893.687
-871.641
-942.758
-905.302
-946.913
-900.768
-923.096
-934.823
-904.684
-873.522
-902.502
-899.729
-888.075
-928.224
-933.393
-921.192
-869.122
-899.816
-895.235
-868.144
-890.763
-929.096
-890.932
-892.642
-916.191
-913.781
-926.031
-944.097
-894.588
-927.678
-887.403
-935.257
-853.307
-948.644
-934.293
-883.067
-925.168
-921.216
-932.784
-937.499
-912.736
-955.076
-858.392
-898.954
-874.301
-882.834
-914.543
-937.297
-909.859
-952.336
-923.488
-897.336
-930.579
-943.337
-922.384
-883.089
-914.518
-926.432
-907.21
-944.14
-880.515
-857.84
-928.544
-882.524
-933.093
-950.723
-961.384
-942.586
-969.417
-984.831
-946.379
-933.419
-976.344
-920.703
-905.759
-941.785
-973.636
-1019.43
-971.001
-1017.24
-941.804
-975.866
-998.643
-972.026
-930.717
-965.745
-1008.35
-977.296
-998.907
-925.289
-955.641
-959.802
-967.165
-908.927
-915.747
-929.728
-932.083
-866.586
-915.166
-938.021
-890.097
-933.912
-925.495
-903.678
-917.983
-872.335
-877.165
-894.208
-967.724
-951.748
-888.256
-911.635
-963.234
-921.516
-935.083
-861.936
-920.829
-901.972
-865.73
-923.566
-912.92
-922.096
-909.13
-873.596
-897.419
-955.921
-970.837
-876.498
-929.242
-891.559
-877.961
-939.283
-926.413
-903.125
-924.705
-876.413
-900.543
-955.499
-869.401
-895.147
-922.131
-924.207
-928.051
-923.357
-910.866
-959.739
-881.509
-871.818
-864.92
-954.999
-883.879
-916.636
-892.417
-944.413
-919.289
-955.847
-881.359
-926.904
-896.371
-915.849
-894.01
-934.202
-878.863
-882.993
-915.621
-864.411
-967.164
-886.133
-862.313
-886.968
-983.698
-885.128
-855.884
-903.517
-944.693
-934.066
-942.657
-879.112
-835.868
-923.813
-924.177
-901.379
-940.951
-906.79
-849.039
-901.425
-937.502
-913.587
-943.21
-960.56
-920.361
-919.281
-881.538
-928.23
-941.334
-899.808
-919.085
-980.89
-952.936
-975.891
-916.88
-928.188
-940.842
-954.017
-923.099
-911.949
-918.483
-906.272
-910.792
-940.826
-969.857
-904.176
-947.282
-950.727
-940.396
-880.16
-915.745
-883.04
-949.01
-926.33
-880.783
-913.269
-905.381
-967.263
-937.782
-927.391
-948.568
-909.826
-913.772
-907.438
-920.399
-898.762
-919.256
-959.994
-926.874
-893.17
-941.632
-938.58
-941.79
-961.023
-958.59
-907.189
-965.6
-943.782
-876.051
-871.111
-901.975
-899.654
-937.797
-931.781
-917.304
-882.184
-923.607
-854.58
-878.926
-939.281
-908.3
-904.702
-874.343
-821.028
-845.777
-894.059
-870.677
-918.603
-913.999
-935.421
-890.862
-912.445
-932.833
-962.607
-878.964
-917.952
-908.626
-862.36
-901.93
-873.605
-898.18
-934.641
-937.751
-916.721
-942.422
-940.314
-975.152
-962.163
-919.136
-928.816
-886.534
-941.714
-879.137
-894.572
-924.941
-877.792
-968.425
-939.304
-922.049
-924.215
-927.594
-969.415
-902.489
-934.124
-964.857
-940.987
-925.527
-932.625
-905.406
-943.719
-917.904
-953.978
-939.036
-921.81
-903.288
-932.579
-946.239
-899.698
-944.348
-940.12
-928.427
-928.423
-925.365
-933.542
-907.072
-947.52
-898.392
-911.478
-903.555
-866.766
-954.408
-916.001
-918.947
-902.154
-923.852
-946.593
-911.414
-939.314
-958.031
-884.905
-895.705
-960.249
-941.368
-932.23
-889.256
-881.938
-860.908
-808.978
-930.356
-870.275
-916.827
-885.915
-889.408
-910.137
-862.562
-904.017
-933.084
-915.796
-885.037
-886.861
-934.177
-928.614
-907.991
-887.574
-935.089
-912.697
-883.09
-893.807
-908.924
-895.902
-879.347
-917.124
-898.861
-937.278
-890.853
-869.465
-944.76
-904.648
-906.244
-915.174
-913.097
-867.466
-892.928
-933.103
-923.22
-887.156
-930.147
-949.438
-974.689
-959.99
-916.054
-905.693
-912.648
-973.167
-952.84
-938.71
-934.871
-943.334
-915.33
-876.955
-917.836
-969.619
-929.663
-959.628
-943.319
-908.974
-946.218
-951.534
-946.542
-967.244
-910.073
-927.853
-844.339
-856.256
-873.676
-873.956
-899.256
-916.112
-928.017
-947.423
-904.494
-909.077
-866.342
-928.608
-861.452
-941.194
-948.067
-903.292
-910.474
-924.054
-914.876
-881.074
-919.006
-918.952
-878.771
-879.89
-856.297
-881.755
-862.249
-920.039
-919.505
-934.946
-968.287
-890.336
-874.397
-919.67
-906.05
-921.747
-948.646
-970.818
-945.648
-941.267
-927.394
-921.219
-959.083
-966.276
-974.225
-952.404
-988.715
-1000.66
-938.839
-981.541
-983.169
-956.237
-1035.55
-900.404
-922.801
-920.79
-941.157
-951.718
-962.941
-957.483
-920.566
-979.388
-952.362
-973.901
-930.679
-902.812
-894.92
-945.664
-946.353
-883.309
-927.958
-981.142
-909.958
-920.972
-963.871
-897.932
-931.871
-916.454
-930.176
-942.885
-917.543
-929.449
-911.913
-938.233
-917.611
-911.694
-891.314
-879.349
-918.996
-898.007
-876.545
-913.846
-965.299
-896.094
-943.81
-924.226
-940.625
-920.15
-937.913
-959.63
-941.12
-942.881
-925.132
-929.042
-897.597
-937.139
-864.597
-890.341
-937.909
-872.595
-914.91
-917.873
-936.325
-961.106
-921.866
-935.179
-911.743
-941.322
-936.748
-935.379
-964.384
-961.922
-937.323
-967.035
-945.979
-920.541
-905.31
-940.673
-879.77
-919.713
-920.765
-921.066
-892.124
-902.214
-943.443
-942.455
-945.373
-961.223
-980.732
-949.79
-902.609
-966.437
-905.748
-949.1
-961.108
-914.445
-917.478
-912.51
-941.937
-928.709
-936.805
-902.271
-922.31
-902.963
-870.333
-930.881
-873.002
-949.972
-926.813
-908.626
-979.52
-905.356
-994.132
-946.044
-946.901
-934.277
-907.4
-937.205
-1009.56
-968.702
-998.852
-1010.12
-975.207
-974.084
-933.085
-983.571
-977.311
-1005.34
-981.272
-972.151
-973.337
-930.073
-920.418
-961.254
-972.65
-962.281
-960.962
-977.796
-1005.92
-986.554
-929.695
-960.529
-975.508
-980.45
-955.53
-925.112
-868.081
-963.118
-925.182
-963.806
-1025.24
-965.548
-978.344
-895.368
-955.452
-992.523
-1035
-1015.48
-1004.14
-983.7
-932.805
-997.485
-924.131
-907.098
-928.815
-975.57
-899.737
-936.085
-959.176
-1009.56
-994.478
-937.338
-1013.29
-1014.12
-994.694
-955.876
-982.103
-938.949
-937.292
-944.579
-958.087
-988.65
-1013.33
-979.403
-982.12
-960.403
-946.942
-990.58
-949.207
-973.955
-991.246
-968.785
-918.227
-950.005
-978.761
-926.344
-960.023
-868.699
-949.432
-920.654
-967.548
-912.461
-973.642
-956.356
-926.274
-959.373
-993.26
-959.346
-949.863
-923.203
-944.597
-933.584
-944.55
-966.515
-940.716
-969.057
-950.624
-904.451
-877.331
-837.051
-896.079
-883.885
-907.058
-939.746
-903.151
-873.621
-903.796
-954.772
-925.482
-914.888
-920.565
-898.484
-931.96
-911.999
-920.756
-921.801
-915.643
-949.963
-908.001
-891.205
-935.503
-930.963
-901.803
-924.33
-912.145
-895.487
-960.385
-905.871
-916.589
-960.589
-935.173
-936.626
-888.119
-924.382
-860.361
-920.482
-976.243
-980.733
-958.373
-933.016
-954.158
-930.659
-958.646
-990.899
-1001.87
-959.88
-1010.64
-980.438
-988.424
-971.521
-969.232
-965.116
-935.426
-943.537
-958.884
-985.882
-954.931
-971.986
-948.196
-951.391
-986.284
-942.476
-968.966
-942.178
-944.598
-924.331
-942.849
-943.029
-991.436
-956.031
-947.08
-958.962
-965.655
-946.276
-968.187
-946.985
-941.386
-995.929
-961.706
-933.491
-948.92
-950.522
-941.622
-962.87
-953.471
-916.846
-897.617
-936.127
-980.438
-931.318
-935.234
-899.882
-967.675
-934.37
-907.328
-934.827
-953.81
-945.54
-942.24
-961.745
-950.279
-879.783
-903.834
-927.172
-922.957
-937.263
-956.757
-947.203
-950.33
-958.459
-982.041
-968.038
-955.245
-995.676
-964.273
-952.609
-962.677
-929.522
-903.895
-941.283
-909.213
-932.439
-923.873
-924.376
-922.29
-986.533
-931.28
-893.413
-969.92
-870.694
-945.41
-916.58
-902.122
-873.311
-861.91
-864.354
-901.632
-921.971
-983.976
-877.332
-961.712
-905.001
-877.578
-897.301
-934.602
-888.046
-889.759
-902.392
-913.634
-890.695
-921.089
-907.049
-906.949
-932.588
-881.576
-917.222
-918.519
-916.919
-910.189
-911.401
-964.435
-962.906
-958.897
-881.952
-922.737
-914.933
-915.781
-934.782
-958.473
-903.71
-917.91
-905.399
-865.821
-844.8
-912.786
-868.795
-897.452
-897.241
-906.806
-932.381
-921.975
-888.019
-895.091
-911.23
-886.204
-882.21
-877.448
-904.645
-925.807
-888.529
-883.819
-917.134
-944.645
-921.964
-923.553
-932.863
-963.842
-950.359
-908.749
-929.827
-885.534
-889.668
-901.851
-884.144
-949.946
-961.551
-952.277
-930.103
-904.489
-906.126
-875.932
-969.539
-878.945
-923.32
-882.954
-938.232
-858.851
-935.436
-900.728
-909.434
-882.651
-919.725
-897.355
-917.998
-935.852
-906.042
-948.437
-891.741
-995.295
-937.355
-870.258
-901.917
-922.167
-947.29
-959.609
-894.535
-893.436
-901.444
-844.202
-945.396
-890.717
-907.299
-945.038
-867.937
-897.004
-934.587
-947.027
-869.859
-866.39
-854.068
-910.247
-913.993
-946.639
-912.949
-865.044
-916.1
-867.168
-945.86
-975.534
-899.555
-967.771
-874.227
-896.889
-956.48
-997.139
-949.971
-949.674
-959.544
-938.128
-924.389
-942.046
-905.47
-985.497
-948.853
-940.393
-967.635
-945.448
-964.699
-966.34
-916.291
-927.135
-925.073
-888.191
-912.267
-936.463
-916.55
-900.655
-931.844
-920.324
-966.31
-989.875
-951.865
-942.85
-923.634
-957.63
-938.453
-945.319
-908.067
-943.545
-951.651
-962.324
-895.532
-916.745
-978.357
-879.742
-967.95
-926.463
-906.118
-925.288
-942.295
-915.242
-924.628
-912.273
-917.214
-900.607
-894.228
-923.207
-957.609
-918.404
-939.075
-960.75
-911.158
-937.225
-932.412
-954.332
-935.864
-943.149
-937.648
-940.144
-922.905
-912.405
-925.248
-955.006
-894.382
-987.971
-882.083
-875.926
-893.381
-941.293
-947.105
-953.816
-909.675
-936.269
-957.553
-919.617
-865.775
-900.869
-904.818
-927.974
-899.229
-894.197
-905.533
-949.408
-907.431
-899.81
-924.177
-887.546
-932.238
-989.242
-907.839
-923.696
-924.41
-900.339
-920.836
-917.412
-956.519
-940.713
-917.174
-900.182
-917.528
-888.455
-922.779
-929.854
-893.467
-924.659
-911.736
-906.591
-947.439
-890.529
-902.343
-896.71
-934.384
-874.704
-901.623
-916.501
-955.326
-964.942
-937.993
-900.176
-946.152
-915.734
-935.444
-926.204
-949.782
-912.189
-976.251
-929.141
-910.712
-904.992
-890.007
-961.356
-922.796
-901.349
