0.148073 0.00402362
0.120163 0.00259
0.124913 0.0159632
0.121012 0.000970805
0.126059 -0.028502
0.129875 0.00120589
0.14375 0.000530361
0.163363 0.00479209
0.151056 -0.00866353
0.127186 0.00624637
0.111342 0.000192847
0.13739 0.000342863
0.12642 0.0115855
0.137825 -0.00249251
0.123406 0.000585687
0.121447 0.00110961
0.153857 -0.000628811
0.113344 0.0128671
0.113956 0.0125039
0.120301 0.00665359
0.114078 0.0173452
0.12626 0.0162116
0.12214 -0.0149359
0.131517 0.00959224
0.114368 0.00395143
0.14344 0.00189782
0.134887 -0.0180981
0.134429 -0.000341101
0.135614 0.00223128
0.111151 -0.0053428
0.127341 0.000772921
0.121596 -0.0153475
0.132773 -0.00292901
0.121475 0.011414
0.137937 -0.00977661
0.137499 -0.00372641
0.116506 0.011724
0.136695 0.00493045
0.131601 0.0115838
0.144413 0.00752916
0.133207 0.00840204
0.136701 -0.00587271
0.13129 0.00908062
0.144207 -0.00751599
0.150952 -0.00777985
0.100946 0.00244533
0.142634 0.00947314
0.131115 -0.0152768
0.120329 -0.013109
0.12149 0.00154683
0.125969 0.0150194
0.139923 -0.0011764
0.140206 -0.0109147
0.13424 0.00857438
0.122466 -0.0175094
0.125695 -0.00403533
0.117282 0.0165672
0.120557 -0.00401983
0.119789 -0.0216454
0.141904 -0.00333982
0.118865 0.00705349
0.112068 0.0104123
0.10674 0.00231756
0.14046 -0.00321923
0.132184 0.0022276
0.153038 -0.0234409
0.142392 0.0122327
0.0933681 -0.00684537
0.137675 -5.75815e-05
0.132542 0.00227155
0.0992579 -6.84243e-06
0.145467 0.00908058
0.147867 -0.0160219
0.129173 -0.00978721
0.134371 -0.0283647
0.131115 0.000988666
0.135105 0.0176946
0.121387 -0.0214931
0.134847 -0.00540591
0.147414 -0.000336944
0.120033 0.00781812
0.0975887 -0.00328064
0.138347 0.0190462
0.146312 -0.0157075
0.101233 -0.00611488
0.115947 -0.00331658
0.132931 0.000720545
0.137026 -0.00572113
0.117272 0.00884817
0.124866 0.010176
0.12926 -0.00306824
0.130728 -0.00607948
0.115219 -0.0134114
0.120376 -0.0156401
0.139687 -0.00113636
0.135003 0.00338195
0.145463 0.0216973
0.121638 0.0228454
0.147257 0.00452056
0.128503 -0.0032227
0.148357 -0.0116884
0.121596 -0.00347668
0.125975 -0.000121539
0.139215 0.0117405
0.141842 -0.0088692
0.133387 -0.0075331
0.148179 -0.01804
0.134089 0.00598335
0.144984 -0.0050946
0.114675 0.0031671
0.136317 0.00218931
0.122728 0.00974865
0.128847 -0.00226444
0.119305 -0.00695043
0.122161 -0.00397734
0.110551 0.0119888
0.145453 3.0442e-05
0.132984 -0.0184617
0.140016 -0.00344058
0.13922 0.005451
0.124979 -0.00420541
0.131749 -0.00443522
0.125934 0.0222721
0.124208 -0.00719897
0.125846 -0.00823369
0.12086 -0.000958718
0.117991 -0.00668502
0.154866 0.0115181
0.142412 -0.00153342
0.132871 -0.00779723
0.115826 0.00874233
0.126831 -0.0121705
0.132121 -0.0147435
0.129555 -0.0105658
0.138197 -0.0149077
0.111499 -0.0162651
0.12262 0.0113416
0.156983 0.0138283
0.113432 -0.00330252
0.120875 0.0186056
0.129056 0.000938913
0.114272 0.00426548
0.128137 0.0142613
0.117604 0.00861582
0.130882 0.00266448
0.154764 0.00691545
0.143644 -0.0249626
0.138152 -0.0133371
0.15241 -0.00487558
0.145572 -0.00280658
0.106986 -0.00193308
0.150171 0.0297227
0.139514 0.006452
0.120436 0.0106705
0.123634 0.00747928
0.116961 -0.00728234
0.134903 0.0126989
0.110834 0.00767907
0.100287 0.0145095
0.133819 0.0105762
0.136486 -0.00732016
0.115469 4.13398e-06
0.124421 0.00988854
0.146061 0.0103155
0.103784 0.0199376
0.140151 -0.0016809
0.128663 0.0151982
0.11781 0.00101459
0.129409 0.0123107
0.145743 0.00480156
0.135936 -0.0146006
0.126903 -0.0110214
0.133763 -0.0152727
0.145596 0.0242863
0.131994 0.00692951
0.124072 -0.00667514
0.115365 -0.00294363
0.139391 -0.00296982
0.123517 0.00703697
0.120553 0.0107875
0.108405 -0.00272057
0.123951 0.0249799
0.117993 -0.00399476
0.139206 -0.0189983
0.151129 0.000409003
0.121129 0.00272573
0.111072 -0.0183329
0.15219 -0.0107802
0.111762 -0.01302
0.125224 -0.00734171
0.133031 -0.00643766
0.128813 -0.00397905
0.159077 -0.0206244
0.138832 0.00496897
0.126175 -0.00174183
0.127507 0.0119366
0.147833 0.0211119
0.130401 0.00607887
0.137961 -0.00123573
0.13037 -0.00636654
0.150335 -0.00280698
0.124405 0.0197015
0.143517 -0.0284452
0.12065 0.0137946
0.1214 0.00396578
0.127935 0.0235369
0.131092 0.00816757
0.122262 -0.0127619
0.138778 -0.000789969
0.112481 0.010045
0.14163 0.0127722
0.132693 -0.0110555
0.126651 -0.0120426
0.13254 0.0176099
0.138631 0.00385351
0.122864 -0.0145294
0.136869 0.00897636
0.123864 0.00516569
0.135869 -0.0318651
0.129942 0.0127914
0.119392 0.0214751
0.117522 -0.00318463
0.141079 -0.021781
0.141015 -0.0109241
0.132947 0.0099531
0.130302 -0.0134987
0.12812 0.00289525
0.118129 0.0153304
0.13409 -0.00560212
0.130505 0.0148202
0.129652 -0.00453438
0.145963 -0.00832405
0.136272 -0.00831488
0.128245 -0.0218686
0.135721 0.00436241
0.124857 0.0032586
0.120775 0.00629582
0.120202 0.00292812
0.162709 -0.00669904
0.116192 0.00678478
0.13206 -0.0139806
0.125807 -0.0173441
0.135722 -0.0120346
0.126288 0.00286773
0.125319 -0.000348107
0.129875 -0.00496624
0.124518 0.00785676
0.12886 -0.0160507
0.165173 -0.0271172
0.129003 0.0153939
0.131692 -0.0118147
0.120916 0.0032778
0.135468 -0.00732016
0.152206 0.00383886
0.120141 -0.00558747
0.119987 0.00725809
0.137857 0.0097817
0.147782 -0.0217589
0.122618 0.0144477
0.133545 -0.00702639
0.127921 -0.0105791
0.118166 0.00943522
0.130326 -0.00743346
0.13482 0.011803
0.134739 0.00030769
0.108353 0.0250155
0.121216 -0.00300672
0.143251 0.0159423
0.125915 0.00274715
0.128673 0.00311269
0.122296 -0.0142479
0.113027 -0.00542171
0.128692 -0.0234544
0.133893 0.0223132
0.133634 0.008839
0.138029 -0.0112252
0.120767 0.017522
0.133097 0.0235656
0.121956 0.0117414
0.131241 -0.00498024
0.128065 0.00128336
0.144311 -0.0153759
0.152148 0.00694181
0.142939 0.0148259
0.146139 -0.00232872
0.114908 -0.00898903
0.14486 0.00398226
0.128224 -0.0048619
0.141908 0.0142013
0.121468 0.00914407
0.130341 -0.0160395
0.13211 0.00338918
0.13178 0.0131915
0.120703 -0.00474887
0.121218 0.00489884
0.130119 -0.00725022
0.129432 0.0100076
0.130525 0.00282715
0.127663 0.0162174
0.133025 0.00671382
0.135998 -0.0148554
0.137624 -0.0127671
0.144788 -0.00784416
0.142086 -0.0089139
0.1414 -0.00322183
0.138952 0.0214749
0.139077 0.0023176
0.136455 0.0114619
0.133458 0.0119486
0.142538 -0.00442493
0.112796 0.00741924
0.135338 -0.0186151
0.131462 -0.00756306
0.1303 0.00584745
0.142496 -0.0195108
0.136012 -0.016024
0.108042 0.00788324
0.133982 0.0126301
0.142425 0.00189674
0.143116 0.00143827
0.132789 -0.00994792
0.131083 0.0185312
0.123781 -0.0225996
0.127641 -0.00665783
0.129772 -0.00832702
0.125738 0.0133803
0.162996 0.0118532
0.127605 0.00834071
0.133619 0.0145129
0.129729 0.00626699
0.128806 0.0167629
0.124703 0.0122307
0.118505 -0.0122259
0.108232 -0.00972683
0.128608 -0.00898782
0.118353 0.00975605
0.135254 0.000826437
0.12909 0.00111985
0.154635 -0.0025706
0.117097 -0.0177841
0.134462 -0.0027832
0.133399 -0.0122629
0.113892 0.00356347
0.110754 0.00949809
0.146765 0.00394745
0.126371 -0.011401
0.140007 -0.00773735
0.15323 -0.0128296
0.120971 -0.0046357
0.129518 -0.0146862
0.130902 -0.00748606
0.145758 -0.00999769
0.141592 -0.0153978
0.128689 0.0116959
0.122802 0.00929421
0.121167 0.000136668
0.136262 -0.0104975
0.117293 -0.00673049
0.146413 -0.0147394
0.129907 0.000543393
0.136056 -0.0132193
0.140203 0.0180327
0.11948 0.00591616
0.125058 -0.0183773
0.126268 0.00182031
0.110781 0.0127163
0.135832 0.00310735
0.122209 -0.0192212
0.123567 0.0138405
0.135862 -0.000609739
0.14409 0.00887966
0.143895 -0.0174345
0.133825 -0.00931227
0.107433 -0.0120455
0.139915 0.0078933
0.117331 0.0161032
0.125922 0.00935987
0.130637 -0.00281272
0.147196 -0.00159494
0.114068 -0.0147026
0.119785 -0.00332172
0.141887 -0.002064
0.144009 -0.00371922
0.150375 -0.0128114
0.129987 -0.0218617
0.107464 -0.0252103
0.131135 -0.00307411
0.134648 -0.0176925
0.126415 -0.0139974
0.125977 0.00635814
0.145319 0.00430886
0.132943 0.00855065
0.14764 0.0198227
0.118327 -0.000145819
0.138347 -0.0114365
0.135498 -0.0218871
0.112813 -0.00210345
0.115971 -0.00664794
0.128571 -0.0186652
0.124307 0.0116075
0.129476 -0.0148195
0.130678 0.00886585
0.119478 0.0190596
0.128722 0.0131323
0.1469 -0.0146016
0.133669 0.0035921
0.131179 -0.00826241
0.129504 0.00771215
0.119842 -0.00643865
0.138759 0.00167511
0.099124 0.00238529
0.144995 -0.0134934
0.11844 0.000372292
0.149605 0.00141538
0.125683 0.00709929
0.134256 0.00182573
0.116738 -0.00867121
0.116599 -0.004391
0.126139 2.87131e-05
0.110011 0.0162844
0.129934 -0.0129164
0.153858 -0.000272622
0.114767 0.0232142
0.129706 -0.00961165
0.145794 -0.000226506
0.125433 0.00862056
0.122329 0.00319524
0.127068 -0.0179556
0.134222 -0.00664739
0.131335 0.00608441
0.12167 -0.0216389
0.11699 -0.0101831
0.108813 -0.023966
0.1458 -0.00973712
0.134083 0.00925789
0.124759 -0.00559485
0.119727 -0.0104849
0.167705 0.00409488
0.126172 0.00228405
0.131896 -0.018793
0.131636 -0.00137843
0.129842 0.0264564
0.136605 -0.00952481
0.109309 0.00320175
0.133267 0.00895916
0.102786 -0.0236021
0.128545 -0.00247871
0.143206 -0.00195821
0.109125 -0.0166879
0.149459 -0.017638
0.123409 0.0203918
0.132425 -0.00765905
0.125532 0.0093227
0.125667 -0.021714
0.142724 -0.00496112
0.128869 0.00741023
0.125543 -0.00248136
0.123923 0.00529192
0.120994 -0.012224
0.140203 -0.00191126
0.124811 0.00385645
0.131005 -0.0176786
0.16586 0.00857585
0.118632 0.00832127
0.117679 -0.000765484
0.142111 0.0103787
0.129634 0.0100549
0.134283 0.0303006
0.144647 0.00103823
0.144353 -0.00414393
0.12416 0.00893853
0.12221 0.015122
0.121112 0.0182121
0.162189 -0.00790027
0.137146 0.00209724
0.124765 -0.00336328
0.128162 0.0188332
0.125832 -0.0166623
0.151101 -0.00549467
0.142013 -0.0146404
0.124587 -0.0152455
0.126829 0.00251415
0.127163 -0.00149736
0.137091 0.000441549
0.137969 0.00842192
0.123944 -0.000244114
0.122539 -0.00996498
0.10415 -0.00997512
0.120956 -0.00308839
0.116049 0.00984796
0.142163 0.002136
0.123818 0.00784694
0.124697 -0.0217737
0.158727 -0.0217512
0.125637 -0.00847517
0.131897 0.00738895
0.124164 0.0012328
0.112645 0.00678337
0.127029 -0.00581823
0.143969 0.01821
0.0947693 0.00572328
0.129223 0.00102403
0.145943 0.00134364
0.138602 0.00765782
0.133334 -0.018287
0.127913 0.0250973
0.132031 0.0273483
0.139394 0.0193113
0.133982 -0.0127974
0.138421 -0.00155659
0.116423 -0.0325735
0.1414 -0.00285267
0.12546 0.0144401
0.139893 0.0127033
0.141388 -0.0225548
0.118296 0.0040347
0.110267 -0.0116058
0.139717 -0.0214328
0.1209 -0.0149931
0.148928 0.0114011
0.15547 -0.00283703
0.129252 0.00946788
0.129416 0.0100566
0.115325 0.00787431
0.140968 -0.00375887
0.132892 0.0126046
0.127194 -0.0187861
0.145216 0.0120585
0.105703 0.0061562
0.135745 0.00268192
0.152326 0.0128198
0.141869 0.00439867
0.128475 0.0108195
0.136389 -0.000793161
0.113662 -0.00253319
0.112762 0.00510093
0.108483 -0.00396345
0.151512 0.00742878
0.137409 -0.00575538
0.120407 -0.00608157
0.135625 -0.00307811
0.128994 0.0122996
0.121895 -0.0158018
0.146381 -0.00317275
0.11818 0.00615834
0.140394 0.00692359
0.101415 0.00440689
0.117185 -0.00361097
0.125296 -0.00598956
0.107737 0.00836341
0.134773 0.000291431
0.134644 0.00323041
0.123139 0.0173818
0.144723 -0.00959241
0.125565 0.0227305
0.125385 0.00558842
0.135659 -0.00950377
0.113942 0.00856745
0.137791 -0.02222
0.153377 -0.00322336
0.104991 -0.0150564
0.130064 -0.00265157
0.1305 -0.00278382
0.149138 0.0160795
0.141064 -0.00476126
0.140536 -0.000178449
0.128055 -0.000102436
0.12589 0.00156699
0.14202 -0.0123662
0.12451 -0.00593718
0.122614 -0.0147682
0.121408 0.00491689
0.126082 -0.01613
0.115111 0.00613303
0.132183 -0.00200072
0.100715 0.0215328
0.121854 -0.00244924
0.124798 0.0131279
0.145286 0.0132118
0.117461 0.0102364
0.110241 0.00265664
0.131797 0.020019
0.121844 -0.00139095
0.117977 0.0143708
0.097696 -0.0129628
0.126866 0.00390518
0.127962 0.0141122
0.125372 -0.0262785
0.107079 -0.00453968
0.158885 0.00828592
0.114286 0.0258753
0.129172 -0.0109234
0.123384 0.0089188
0.121802 0.008512
0.120284 0.0027412
0.130327 0.012497
0.151279 -0.00938075
0.126601 -0.00226412
0.111204 0.0155985
0.101521 0.000408694
0.137827 0.00461961
0.118118 -0.00265451
0.115356 -0.0100081
0.10283 -0.00848936
0.116174 -0.00776497
0.119006 -0.0064915
0.137159 0.000541506
0.136046 0.0167706
0.121132 0.0072231
0.126972 0.0241009
0.126088 0.00915861
0.130681 0.000219967
0.126262 0.00444972
0.10853 0.00821211
0.138665 -0.000980168
0.113883 0.0197905
0.123804 0.0186476
0.148793 -0.000229731
0.133948 -0.0195289
0.0996499 -0.00315569
0.148215 -0.00240506
0.132415 -0.00724584
0.128599 0.0119787
0.131364 0.0117977
0.130519 -0.0129342
0.133419 -0.0106729
0.125637 -0.0126644
0.118087 -0.0125704
0.122378 -0.00023172
0.119682 0.00230075
0.130884 -0.00811597
0.126331 0.00571127
0.118132 0.00549474
0.128983 -0.0134573
0.125367 -0.00542052
0.11341 0.00387716
0.135338 -0.0202017
0.141157 0.0099678
0.130238 0.012599
0.104096 -0.0107511
0.129699 0.00446996
0.125148 0.0129096
0.132219 0.00224034
0.151558 -0.00135352
0.127077 0.00243076
0.151347 0.00292241
0.13124 -0.00459069
0.12762 -0.0114351
0.146077 -0.00787782
0.13182 0.00523249
0.117061 0.00496634
0.137712 0.0114696
0.122205 0.00130519
0.14532 -0.00276479
0.123374 0.00345804
0.145158 -0.0026235
0.120243 0.00429867
0.112755 -0.0133134
0.151291 0.000514509
0.133132 -0.00496475
0.132346 0.0155307
0.130498 0.0141993
0.117883 -0.0016458
0.132869 0.0283798
0.129326 -0.00519958
0.131965 -0.00936043
0.137068 0.00561888
0.118884 -0.0048333
0.144858 -0.00333727
0.131877 -0.00700988
0.137844 -0.00435628
0.121363 0.0152146
0.108539 0.0065272
0.123543 -0.0069446
0.127229 -0.0131658
0.138484 -0.00371547
0.110549 -0.0044989
0.118559 -0.0126178
0.129118 0.00581666
0.11993 -0.00415751
0.144519 -0.00311895
0.112797 0.00290904
0.129153 -0.00666681
0.119357 0.00104102
0.132068 -0.0132403
0.129074 0.00254191
0.14769 0.013851
0.115557 -0.00835119
0.117165 0.0070914
0.159639 -0.0231941
0.112182 0.00811515
0.129336 -0.00808837
0.136323 -0.0168566
0.132021 0.0224
0.113591 -0.00365632
0.131512 -0.0151036
0.12718 -0.0241285
0.124052 0.0097955
0.113963 -0.00363965
0.105146 0.00576092
0.125325 0.000332057
0.135849 -0.00430998
0.132203 -0.0068177
0.131448 0.00387089
0.136767 0.0203186
0.137957 0.0012083
0.126137 -0.0254035
0.143036 0.00677294
0.14367 -0.00780691
0.14992 -0.0235337
0.12616 0.0111889
0.131457 -0.00732849
0.126528 -0.00829882
0.105035 -0.0117112
0.128548 0.0139546
0.101789 -0.00936549
0.134468 0.0127293
0.138189 -0.0196826
0.127878 0.00737373
0.116669 0.00996129
0.127647 -0.0192576
0.124491 -0.00539781
0.133584 0.00279214
0.13437 0.00674976
0.128734 -0.0182176
0.114037 -0.00146016
0.155758 0.000732858
0.147362 -0.00165308
0.131535 0.0102898
0.139033 -0.0110174
0.132489 0.00413841
0.13763 0.0171572
0.121356 0.00302291
0.110812 0.0067641
0.140414 0.005513
0.140467 0.00967252
0.125693 -0.0211623
0.119069 0.00325848
0.121094 0.0117593
0.12906 -0.00342155
0.134649 0.0120817
0.137507 -0.00213277
0.122064 0.0119249
0.118014 0.00155419
0.117032 -0.00611893
0.131548 -0.00469334
0.13646 -0.00507548
0.111184 -0.0146258
0.134399 0.028016
0.125056 -0.00306929
0.144415 -0.0054473
0.13098 -0.00729015
0.131257 -4.58399e-05
0.108788 -0.00783369
0.112637 -0.00201341
0.134708 -0.00341276
0.141694 -0.00772969
0.112041 0.017952
0.137958 0.00344143
0.133904 -0.00039958
0.154826 0.000412
0.135792 -0.00218247
0.132319 0.0115615
0.112917 -0.00254564
0.128113 -0.0154402
0.153514 -0.00879106
0.13111 0.0223154
0.129205 -0.00099914
0.116194 -0.000573682
0.156276 -0.00350549
0.11443 -0.00892068
0.135914 -0.00785448
0.12931 0.00638434
0.137686 0.00926494
0.120701 -0.0215488
0.117018 -0.0114286
0.144313 0.0118546
0.140827 0.0099045
0.119864 -0.0135362
0.14471 -0.0174234
0.130094 0.0119883
0.111131 0.00669534
0.138785 0.0144586
0.135014 0.0204761
0.125872 0.0232467
0.129535 -0.00110939
0.133797 0.00674844
0.144576 0.009117
0.122438 -0.0214642
0.11358 -0.0154024
0.125033 0.0138377
0.129382 0.0170819
0.113659 -0.00972608
0.132752 -0.0129372
0.130267 0.00553929
0.121011 -0.0194517
0.110529 -0.0139332
0.132441 0.0058608
0.122844 0.00660299
0.149728 0.009047
0.16555 0.0111905
0.115557 0.00554297
0.159616 -0.0105408
0.127509 0.0113374
0.124469 0.00687644
0.144808 -0.00501087
0.132004 0.0128497
0.128862 -0.00565936
0.125213 -0.0166504
0.149816 0.00402541
0.129018 0.00553258
0.129574 -0.0110779
0.113208 -0.00320837
0.122176 0.00483278
0.130866 -0.00728925
0.139315 -0.00687713
0.108416 0.000355568
0.129295 0.00924862
0.125745 0.0324584
0.125823 0.00387746
0.131467 0.0174056
0.118055 0.00634006
0.134099 0.0099211
0.125557 0.0189484
0.133279 0.00795473
0.134038 -0.00502546
0.117523 -0.00352689
0.132373 0.0106576
0.11646 -0.0072666
0.143622 -0.00755644
0.110637 -0.0101443
0.128578 -0.00819512
0.13791 -0.0044133
0.123693 0.00110292
0.137685 0.00023217
0.130645 -0.013988
0.128995 -0.00188884
0.136981 0.007983
0.109774 0.00382031
0.127606 0.00277337
0.110552 -0.00468645
0.107853 -0.0122899
0.127728 -0.00941396
0.104937 0.000535446
0.114279 -0.00259356
0.128325 0.00863106
0.151616 -0.0103873
0.114847 -0.00507504
0.118629 -0.00948016
0.120749 0.00353491
0.118017 -0.0032395
0.128551 -0.000376665
0.165037 -0.00222584
0.138751 -0.00102637
0.129288 -0.000332101
0.135601 0.00160166
0.110308 0.00718574
0.130972 0.00341149
0.132382 0.00116978
0.13526 0.0175835
0.131451 -0.0138881
0.115006 -0.00156195
0.134096 0.00692536
0.116941 0.0143754
0.129062 0.00537464
0.107248 0.00291541
0.118053 -0.0122275
0.142111 -0.0110663
0.110108 0.0117282
0.122911 0.00872945
0.113599 0.00434096
0.128937 0.0122919
0.13018 0.0154656
0.109129 -0.025481
0.142074 -0.0039233
0.118845 0.0240812
0.120246 0.00315154
0.144086 0.0131012
0.127939 0.00935494
0.119851 0.00913619
0.13188 -0.00574187
0.115012 -0.0251287
0.133783 0.00674194
0.126397 0.000976841
0.11617 0.0081544
0.138643 0.00234309
0.121728 -0.0127452
0.154897 -0.000817441
0.112628 -0.0105532
0.126775 -0.0091402
0.119054 0.00446567
0.141916 0.00184493
0.127018 -0.00106904
0.113387 0.00860154
0.120889 -0.00179339
0.129566 -0.000330666
0.149229 -0.0151063
0.143736 -0.015164
0.120835 0.0108858
0.122241 0.0106249
0.116984 -0.0202815
0.148031 -0.00786258
0.148753 0.00239533
0.127327 0.0190899
0.127975 0.00219555
0.108489 0.00309105
0.130424 -0.00120017
0.148788 0.0153076
0.120513 0.00587342
0.153956 0.00312751
0.137133 -0.0185235
0.123736 0.00656792
0.10621 0.0136317
0.103704 0.016133
0.116866 -0.00238616
0.132131 -0.0163326
0.149814 0.0115245
0.13096 -0.00488039
0.121873 0.0174822
0.112483 0.00647837
0.125372 -0.000279268
0.122659 0.01469
0.139383 0.00650445
0.139933 -0.00765238
0.119456 -0.00287723
0.147745 0.0307354
0.112943 -0.00492344
0.11798 -0.0115977
0.122899 -0.014601
0.125695 0.0158099
0.142219 -0.012383
0.144587 -0.00513679
0.0977557 -0.0106137
0.124065 -0.000383196
0.117273 -0.0195646
0.122295 -0.0280007
0.137881 0.00422408
0.116359 -0.0126406
0.112843 0.00688634
0.135011 0.0159724
0.146373 0.00591309
0.121681 0.00363841
0.148741 0.0136446
0.117652 0.0281636
0.137096 -0.0320364
0.105126 -0.00363909
0.114474 0.00791118
0.117456 -0.00157227
0.137432 0.0193912
0.128647 -0.012498
0.112641 -0.00159468
0.13212 -0.00465679
0.13058 0.0048518
0.114948 -0.0112749
0.139063 -0.0113243
0.13535 0.0101098
0.151324 -0.00581929
0.108424 0.0033351
0.132108 0.0121399
0.129727 0.0117392
0.108566 -0.00134808
0.133268 0.0104854
0.125831 0.0085073
0.11023 -0.0162848
0.123856 -0.00964595
0.119083 0.0123015
0.137997 0.0122459
0.117007 -0.00539374
0.151023 -0.0146352
0.129809 -0.0190623
0.129054 -0.0142962
0.123044 0.00174487
0.112112 -0.000155612
0.126123 0.0100605
0.140324 -6.31407e-05
0.12799 0.0216294
0.11761 0.00400813
0.13674 -0.00219001
0.126006 0.00309425
0.120961 -0.00167065
0.123376 -0.0123445
0.126394 0.00667192
0.134924 0.00491218
0.136114 0.0127186
0.12074 0.0275717
0.143705 -0.00830333
0.140967 0.00654805
0.115844 0.00835874
0.110756 -0.0111289
0.115159 -0.0169424
0.117246 -0.00560805
0.116809 0.00784993
0.111819 -0.0044368
0.110423 -0.0122979
0.128391 -0.0252716
0.145961 0.0124632
0.116912 -0.00721233
0.127843 -0.0169107
0.128967 0.00875116
0.124635 -0.00950104
0.121026 0.0111538
0.132418 -0.0199873
0.131715 -0.00788715
0.116072 -0.000341854
0.123049 0.0307702
0.140995 -0.0195662
0.118183 0.00166541
0.106244 0.0163048
0.104577 -0.00582614
0.139571 -0.00141871
0.13807 0.0017185
0.131445 -0.00587214
0.151495 0.00618611
0.151925 0.013363
0.136134 0.00371762
0.120192 0.0107514
0.121931 0.00101933
0.122513 0.0164829
0.134807 0.0125522
0.133891 -0.000591706
0.145397 0.0147236
0.138428 -0.0130216
0.126023 -0.0083264
0.121822 -0.0135993
0.137085 0.000213196
0.120342 0.00785312
0.12292 0.00399328
0.133861 0.00843468
0.138444 0.00515874
0.13458 0.000855544
0.128707 -0.0158617
0.15035 0.00344066
0.122982 0.0129513
0.126774 -0.00955691
0.147918 -0.00305694
0.132432 0.0119193
0.135016 -0.00901305
0.130498 -0.00285479
0.130029 -0.0169679
0.118403 -0.00804375
0.12599 0.00134696
0.119078 -0.00361877
0.118534 6.26122e-05
0.103366 -0.00382315
0.131596 0.00573241
0.102826 0.000869498
0.151967 -0.0187939
0.120405 -0.0160717
0.130646 0.000708912
0.104506 -0.000808626
0.166086 0.0145
0.10637 0.0209978
0.118907 -0.0137443
0.147329 -0.0011236
0.122666 0.00246505
0.143178 -0.00312821
0.148618 0.00047629
0.122145 0.00337762
0.129422 0.0100024
0.143007 -0.00409629
0.120072 0.00582127
0.119017 -0.00104076
0.120528 -0.00626147
0.130322 -0.00100756
0.111985 -0.00390327
0.143993 0.016173
0.127752 -0.0163344
0.121804 -0.00350296
0.105679 -0.0307277
0.133621 0.00653317
0.11349 -0.00272291
0.1382 0.0055058
0.139813 -0.0124271
0.133388 0.0188907
0.135327 0.0267723
0.125382 -0.0061099
0.123787 -0.000371805
0.120467 0.0071108
0.124406 -0.012008
0.13399 0.0120044
0.105645 -0.0119003
0.136725 -0.00281679
0.136018 0.0259683
0.131358 0.00119149
0.121708 0.0116819
0.130385 -0.00408419
0.123878 -0.00325258
0.120085 0.00501682
0.131129 0.0146743
0.140344 -0.00186103
0.11486 -0.00755925
0.156311 0.00334377
0.120285 0.00216307
0.154607 -0.00233715
0.116052 -0.00977906
0.141431 0.0257674
0.137472 -0.00275364
0.129785 -0.0107571
0.121621 0.00595769
0.132153 0.00858337
0.126464 -0.0168975
0.138046 0.00256777
0.134697 0.0108145
0.146565 0.00877818
0.120157 0.00167244
0.135846 -0.00622422
0.11743 -0.018672
0.124877 -0.0160645
0.117171 0.015576
0.113685 -0.0149602
0.132908 0.010156
0.129862 -0.00235685
0.119468 -0.00991792
0.147665 -0.0129247
0.118935 -0.00778746
0.108265 0.00562894
0.108512 0.00410533
0.130969 0.0276438
0.112919 0.0185983
0.128627 0.00767312
0.129527 -0.0117292
0.126499 0.0179629
0.120466 -0.0109554
0.132899 -0.00381512
0.12101 0.00439032
0.110464 -0.0158508
0.127426 -0.00286173
0.135222 0.000352269
0.136313 -0.0187977
0.129905 0.00661488
0.118871 -0.0109873
0.106733 -0.0182494
0.130764 0.00359423
0.141275 0.024048
0.119398 0.00164945
0.127296 0.00677066
0.124292 -0.00368756
0.136265 -0.0116395
0.136775 0.0102858
0.109956 -0.013062
0.11532 0.000159657
0.125789 -0.00373367
0.121884 -0.000296736
0.144995 -0.00469809
0.149301 0.00882091
0.144483 -0.00201679
0.123779 -0.0159123
0.125862 0.000121007
0.132228 -0.00896291
0.13005 0.00876362
0.103582 0.0130539
0.137147 -0.00644097
0.133184 0.0307662
0.10857 0.0042171
0.135226 0.0122177
0.133342 -0.0266221
0.125892 -0.00352969
0.144656 0.0167287
0.13503 -0.0159623
0.137147 -0.00347006
0.116922 0.00126934
0.101315 -0.0173003
0.122892 -0.0132723
0.117549 0.0208646
0.107414 0.0122541
0.136819 -0.00279905
0.149579 -0.00100561
0.129628 0.0018176
0.146922 -0.0111731
0.130289 -0.0185522
0.113572 0.00591811
0.12043 0.00823486
0.156766 0.00334312
0.112416 0.0146423
0.117963 -0.00305837
0.141833 -0.00352015
0.116527 0.00653145
0.134013 0.0054448
0.131865 -0.0128672
0.0959904 -0.00127438
0.139595 0.0109686
0.109638 -0.0111962
0.125674 0.023505
0.123266 -0.0147795
0.140999 -0.00645462
0.13293 0.00177845
0.132411 -0.00332769
0.140767 0.00866998
0.109699 0.00334564
0.109435 0.00907915
0.11937 -0.00611668
0.122819 0.011501
0.123372 0.0163781
0.123557 7.59483e-05
0.13003 0.000512903
0.114198 0.000997574
0.145495 0.00245481
0.125304 0.00414201
0.131195 -0.00975649
0.129064 0.0169402
0.146517 -0.0195677
0.128302 -0.00584888
0.110113 0.00853922
0.133073 0.0231148
0.0990984 -0.00816816
0.128193 -0.00435648
0.120897 0.00285269
0.130684 -0.0149524
0.137082 0.0175769
0.122631 -0.0100219
0.14765 -0.00435467
0.130467 -0.00619454
0.130513 -0.000939635
0.125668 -0.0119191
0.125824 -1.98407e-05
0.117494 0.00534975
0.142777 -0.00408991
0.114992 0.0201696
0.119338 -0.0140973
0.135077 -0.0140811
0.115782 0.0153178
0.13774 0.00344052
0.132391 -0.00470975
0.150112 -0.0179163
0.111578 -0.0102374
0.130732 -0.00887036
0.108678 -0.0164525
0.16409 -0.024388
0.126757 0.009762
0.146943 0.00739195
0.127011 -0.0111351
0.144273 -0.0382334
0.132548 -0.00710332
0.119989 0.00797948
0.120526 -0.00457751
0.123209 0.0145596
0.121541 -0.00584274
0.120944 -0.00354037
0.132308 0.0154977
0.133897 -0.00606722
0.115929 -0.0058248
0.127516 0.0048357
0.136984 0.00843944
0.127669 -0.00799427
0.124028 -0.00363987
0.146438 -0.00124067
0.126321 -0.00777108
0.136036 -0.00137699
0.125144 0.0140612
0.138854 0.00685416
0.120351 -0.0125191
0.133695 0.0115703
0.13447 0.0238897
0.119709 0.0186426
0.11563 0.00503878
0.145375 -0.0272982
0.142597 0.00911015
0.122127 0.0026337
0.148265 -0.000853544
0.139255 -0.00290197
0.124895 0.0113955
0.134856 0.00867439
0.136586 -0.0101513
0.134254 -0.0101366
0.127791 -0.000664604
0.109356 0.000218051
0.128354 0.00701224
0.116865 0.000816987
0.123054 0.00481832
0.127598 -0.00260667
0.147833 -0.0158319
0.116035 -0.0139795
0.131691 0.00979745
0.121366 -0.0184914
0.118807 0.0165536
0.127351 -0.0147732
0.104148 -0.0231602
0.108676 -0.0254176
0.127628 -0.00657002
0.140099 -0.00507405
0.120534 -0.000852559
0.118515 0.00800335
0.125474 -0.0147305
0.128487 -0.00399437
0.137453 -0.000467662
0.142494 0.00159722
0.130963 -0.00069462
0.139053 0.00145276
0.149258 -0.0131033
0.114592 -0.00780786
0.137985 -0.00239188
0.126131 0.000166378
0.126247 0.010967
0.131973 0.0198741
0.128437 -0.00720608
0.118533 0.00467171
0.120967 0.0190448
0.129444 0.00694055
0.119805 0.00571895
0.129478 -0.0175198
0.129935 0.0114523
0.114697 0.0126077
0.126136 -0.00584155
0.125116 -0.00756279
0.107915 0.00138947
0.109632 0.0264586
0.135857 0.00436878
0.134142 -0.00684582
0.110656 0.00574639
0.136545 -0.00735239
0.137646 -0.00812285
0.127341 0.00149617
0.110006 0.00445477
0.127273 -0.0044704
0.120006 0.00613444
0.120065 -0.0171034
0.108072 -0.0224302
0.113698 -8.95292e-06
0.134097 -0.00278228
0.146449 0.018043
0.133004 0.00513294
0.137821 0.000177205
0.128431 -0.0140467
0.128506 -0.00859274
0.128383 0.00891934
0.123134 0.00201635
0.127645 0.0104245
0.127765 -0.00376234
0.16528 0.0145356
0.126414 -0.00849329
0.125293 -0.00555922
0.111478 0.0054377
0.118927 0.0179455
0.138045 0.00220291
0.132536 0.000204862
0.134642 0.00786391
0.133974 -0.00948556
0.124425 0.0117011
0.136158 -0.00691775
0.13065 -0.00407335
0.141338 0.00951273
0.11075 0.00959182
0.120737 0.00285067
0.143478 0.00301428
0.133432 -0.0100389
0.121754 -0.0180383
0.127344 0.00109767
0.11949 -0.00481653
0.129185 0.00125647
0.127043 0.0121138
0.141843 0.0116699
0.113566 0.00157497
0.127721 0.00840832
0.148427 -0.00763287
0.128937 -0.0250566
0.121342 -0.0284257
0.136489 0.00231686
0.141512 -0.00567325
0.116767 -0.00198009
0.133893 0.00952452
0.120291 -0.02236
0.131424 0.0042085
0.128228 0.0104875
0.120659 0.0105662
0.121963 -0.0163175
0.137297 0.00457694
0.119331 0.00173979
0.128273 -0.00457062
0.124675 -0.0027573
0.102047 -0.00202518
0.143372 0.0179975
0.110564 0.0016401
0.120931 0.0209338
0.128917 -0.00406504
0.151831 0.00213517
0.120624 0.00639639
0.132579 0.0099692
0.121016 0.0125686
0.121157 0.00320273
0.137521 -0.0196218
0.122638 -0.00895771
0.126512 -0.0132892
0.112989 -0.00256015
0.128541 0.00599314
0.128059 -0.00138807
0.130682 -0.00600053
0.125715 0.00599732
0.1301 0.00103597
0.131719 -0.0115062
0.142023 -0.0106145
0.13802 0.00851603
0.127308 -0.00308274
0.107679 0.00068492
0.1326 -0.00804501
0.133 0.0144934
0.140804 0.00427607
0.102394 -0.00249444
0.152702 -0.0142022
0.151718 -0.0116823
0.153275 -0.0139376
0.114154 -0.012366
0.11746 -0.00837702
0.154917 -0.00567149
0.117714 -0.00760934
0.124656 -0.0154948
0.142574 -0.016349
0.129429 0.00626684
0.120941 -0.00620553
0.124879 -0.00450449
0.131041 0.00763301
0.136523 0.0159588
0.129618 -5.1019e-05
0.136013 -0.00104292
0.142952 0.00270361
0.130086 0.0037131
0.142251 -0.0134528
0.140506 -0.0169348
0.112973 -0.00184709
0.149146 0.00635604
0.133107 -0.0078994
0.129836 -0.0135041
0.116546 0.000691004
0.135903 0.0018645
0.127024 0.010626
0.144208 0.00757746
0.128023 0.00521033
0.121124 -0.0131467
0.138463 0.0168941
0.15311 -0.00367057
0.110258 0.00518368
0.136448 -0.0158523
0.107635 -0.0224101
0.131681 0.0052405
0.135311 0.00313565
0.135399 0.00443395
0.122518 0.0223289
0.135525 0.011289
0.131872 0.0153766
0.133137 0.0204698
0.133101 -0.0148929
0.116178 0.00526009
0.121078 -0.000513038
0.113536 -0.00787702
0.142281 0.0210181
0.134731 -0.00468661
0.153482 0.0060164
0.138047 -0.0139529
0.120096 -0.0117605
0.150925 0.00465046
0.130303 -0.00121594
0.12024 0.0144277
0.120698 -0.0253593
0.118021 -0.0192856
0.132343 -0.00460269
0.112701 -0.00434516
0.124707 -0.0120218
0.138179 -0.00149174
0.12816 -0.0061476
0.130727 -0.00530898
0.12243 0.00145127
0.137369 -0.0265022
0.113455 -0.000821323
0.131029 0.00453186
0.0937527 0.0155475
0.118401 0.00260894
0.105138 -0.00809935
0.130363 -0.00915849
0.145317 -0.00291124
0.115737 -0.00284848
0.120838 -0.00444572
0.13977 0.0226656
0.13529 0.00224332
0.123554 0.00316003
0.126716 -0.00559259
0.111453 -0.014712
0.116141 0.00144386
0.129438 -0.00266392
0.137622 0.0103773
0.116251 0.0127777
0.12979 0.00535087
0.130036 -0.0174417
0.120565 -0.00852113
0.12807 -0.011017
0.120424 -0.0155551
0.121544 -0.00281223
0.144894 -0.00762706
0.129487 -0.00617665
0.133027 0.000634909
0.142678 -0.0232843
0.130541 -0.00839431
0.132964 -0.0130599
0.136792 -0.00023423
0.130381 6.73198e-05
0.135124 -0.00879881
0.129964 -0.00713727
0.133341 -0.0089266
0.145134 -0.00278226
0.10945 -0.00736493
0.134057 -0.00955297
0.141135 0.00954595
0.16307 0.0047215
0.129043 0.00248235
0.144568 0.0157248
0.121654 -0.00357717
0.149412 -0.00965545
0.126055 0.00483047
0.125841 -0.00493621
0.130921 -0.00925734
0.137664 -0.020342
0.137717 -0.00758323
0.118919 -0.0103477
0.128586 0.00571931
0.145568 0.00877169
0.135838 0.00197115
0.13271 0.0173114
0.131788 -0.0251939
0.119364 0.00276132
0.141571 -0.0203386
0.124101 -0.00554455
0.124106 0.00807463
0.128 0.0061916
0.116325 0.0131784
0.138562 -0.00090233
0.129236 0.0027955
0.123999 -0.00791179
0.126962 -0.0202772
0.133154 -0.00267061
0.124198 0.00247386
0.146961 0.00214336
0.108616 -0.0137511
0.130615 0.00573267
0.11066 0.00285623
0.110094 -0.00976067
0.136609 -0.015282
0.138582 -0.003218
0.130035 -0.00528763
0.137314 0.00247197
0.171497 -0.0198549
0.13874 -0.0108048
0.137206 -0.0102855
0.127845 -0.0107279
0.152288 0.007172
0.139545 0.00414019
0.133093 0.018727
0.123111 0.0246979
0.105449 -0.00832991
0.108716 0.0174452
0.127182 -0.0153561
0.133423 0.0233186
0.122711 0.00455949
0.144877 0.00207039
0.125806 0.00691557
0.136453 0.0205517
0.131857 -0.00236836
0.133638 -0.00169902
0.145524 -0.00489296
0.132572 0.0166298
0.123667 0.0186084
0.140041 0.00952174
0.148366 -0.0113043
0.104812 -0.00288438
0.108649 0.00797758
0.122723 -0.0157049
0.133428 -0.00285025
0.116866 -0.00697686
0.121553 -0.00120644
0.130052 -0.00902656
0.0979376 -0.00812631
0.13415 -0.00494643
0.157071 -0.00536455
0.134463 0.011614
0.14544 0.0128665
0.145155 0.0146089
0.134677 -0.00308886
0.125194 0.0102712
0.125626 0.0037647
0.135258 0.0111279
0.133466 -0.00244587
0.138601 -0.0181177
0.121755 -0.00362282
0.148258 0.00265128
0.132564 -0.00624677
0.120663 -0.0108032
0.14052 0.0184142
0.11437 0.00872145
0.119648 -0.00199432
0.135286 -0.00176767
0.135718 0.0106187
0.131393 -0.0283012
0.129057 0.00360117
0.114998 -0.00440752
0.127288 0.00788756
0.134097 0.01313
0.124325 -9.17111e-06
0.139981 0.00548467
0.117888 0.0180289
0.13278 0.00784502
0.109187 0.00172913
0.137946 0.0175552
0.123777 -0.0144256
0.150814 -0.0135843
0.121287 0.0105845
0.15339 -0.0220514
0.119332 -0.000844602
0.120589 0.0107451
0.136327 0.0202559
0.115042 -0.0113754
0.145339 0.024632
0.125895 0.015835
0.140889 0.0150188
0.149372 -0.0116529
0.160263 -0.0218182
0.128515 -0.014045
0.134536 -0.0128038
0.140938 -0.00813409
0.116615 -0.00665419
0.137932 -0.0181133
0.118669 -0.00100292
0.133127 -0.0134995
0.145242 0.0109532
0.141282 0.00156937
0.134112 0.00109458
0.152836 0.0192465
0.132886 0.0110252
0.141543 -0.00233466
0.139694 0.020743
0.137043 0.00498037
0.119123 0.0127665
0.123179 0.00399819
0.124096 -0.0144345
0.15231 -0.00077999
0.120241 0.019179
0.142602 -0.0391992
0.118653 0.00762867
0.121788 0.00275549
0.157063 0.0107255
0.111123 0.0153167
0.13686 -0.00866114
0.152877 -0.00740108
0.106353 0.00702827
0.127606 0.00476561
0.12295 -0.00675411
0.114095 -0.015537
0.125154 -0.0202305
0.136256 -0.0110262
0.127235 -0.0134824
0.116373 0.000314611
0.118415 -0.00960092
0.121735 -0.000799387
0.133096 -0.00817673
0.128529 -0.00375594
0.129807 0.00885267
0.159943 -0.0120423
0.127789 -0.00387991
0.135253 -0.0120395
0.123701 0.00924699
0.124624 -0.0193132
0.128381 -0.00424559
0.150454 0.00671507
0.138293 -0.0144003
0.135603 0.00493936
0.12564 0.00638237
0.15058 -0.0187545
0.134639 0.00291851
0.12316 -0.0105866
0.138743 -0.0124959
0.126055 -0.00802703
0.119689 -0.00234645
0.0985031 0.00509049
0.13394 0.0200981
0.134581 -0.0123059
0.118206 -0.00817375
0.145555 -0.0213685
0.125406 0.00770539
0.135156 0.0254891
0.110674 -0.0139813
0.121224 0.034801
0.13696 -0.0175306
0.129737 0.0210517
0.138628 0.00773862
0.131525 0.0028454
0.13254 -0.00028571
0.118546 -0.00150585
0.12163 -0.00789337
0.123419 -0.0162448
0.136226 -0.0128146
0.127438 0.0189425
0.142058 -0.0107425
0.118977 -0.00355298
0.10292 -0.0135525
0.112507 -0.00830326
0.120134 -0.00433207
0.138166 0.00221659
0.114317 0.00921965
0.118903 0.00479434
0.142822 -0.0113667
0.108915 -0.0158928
0.141001 -0.0063873
0.12475 0.0096447
0.125071 -0.000764391
0.143446 0.0114894
0.116867 -0.0157291
0.161641 -0.00922297
0.130386 0.00963261
0.118554 0.000225718
0.133164 0.00585122
0.126298 -0.0019597
0.114918 0.00981989
0.124349 0.012962
0.127901 -0.00285445
0.133615 -0.0085845
0.126886 -0.00359887
0.147001 0.0109945
0.134062 -0.0114975
0.128859 0.013895
0.126604 -0.00233334
0.139484 -0.00581355
0.137422 0.0012759
0.143121 0.0128451
0.114575 -0.0219484
0.128671 0.0103342
0.121445 -0.000108538
0.109865 -0.00875505
0.128471 0.0100049
0.140273 -0.000777071
0.129414 -0.015754
0.137592 0.00537112
0.118571 0.00503577
0.131083 -0.0131469
0.121883 0.00473071
0.125481 0.00152599
0.0928954 -0.00397941
0.123575 -0.00358852
0.12853 0.00638581
0.125202 -0.00679795
0.123064 0.0284597
0.142442 -0.00678848
0.132427 0.00122289
0.124708 -0.000301623
0.130106 -0.0034204
0.147864 -0.0162207
0.125619 0.000519189
0.114938 -0.0205771
0.125591 0.02247
0.115101 -0.00306955
0.105515 -0.00675315
0.138489 -0.0216172
0.134014 -0.0035985
0.118011 0.0121684
0.133816 -0.017022
0.150459 0.0236394
0.142568 -0.00776184
0.15157 0.00618951
0.128306 -0.019274
0.152677 -0.0160849
0.118887 0.0046809
0.133899 0.00544208
0.11027 0.0064217
0.153719 -0.00624744
0.138987 0.00251101
0.131684 0.000383401
0.120714 0.00743264
0.125479 -0.00680699
0.1315 0.00443551
0.118191 0.00547485
0.124622 0.015904
0.0989734 -0.00827817
0.144527 0.010911
0.136961 0.00813477
0.141503 0.00591004
0.123931 -0.00594866
0.120604 -0.00036709
0.126962 0.000393318
0.125425 0.000265353
0.119106 0.000994264
0.128586 0.00109246
0.142302 0.00601669
0.112527 -0.0062636
0.107491 -0.00142989
0.129977 -0.0226238
0.130512 -0.000363403
0.134933 -0.0131898
0.144828 -0.010153
0.131359 0.0146906
0.133139 0.00213421
0.12113 -0.0131139
0.134381 0.0159528
0.101688 0.0174135
0.119666 0.00266827
0.138188 -0.00118452
0.127644 0.000866645
0.131882 0.0187754
0.139503 0.00479565
0.136122 0.0059433
0.119833 0.00196618
0.121452 0.00457441
0.113335 0.00950416
0.13913 -0.00774057
0.128275 0.00391559
0.143499 -0.0118327
0.128992 0.0017659
0.126201 -0.0115578
0.150256 -0.00107846
0.129938 0.000975779
0.0931706 -0.000125382
0.12086 0.0125238
0.145725 0.0160807
0.134323 0.00808403
0.119799 0.0149182
0.139085 0.015562
0.118753 -0.0210026
0.12712 -0.016313
0.157322 -0.0265561
0.13333 0.0112765
0.120618 -0.000672197
0.135647 0.00152014
0.142088 -0.010054
0.135722 0.0243483
0.126985 0.00492581
0.126054 -0.00975157
0.113301 -0.00776851
0.118402 0.019647
0.111498 -0.0231995
0.135392 0.0138758
0.13968 -0.0118468
0.139538 -0.00892441
0.148167 -0.00144939
0.138535 -0.00591295
0.121622 0.0132558
0.146159 -0.0202586
0.1009 0.0168348
0.142277 -0.00231067
0.115825 0.0102803
0.12499 -0.00467236
0.122201 -0.0132774
0.131117 -0.0146587
0.118288 0.0016591
0.13503 -0.00665191
0.141261 -0.00288284
0.140766 -0.012666
0.111256 -0.0183916
0.138822 0.015764
0.118287 -0.014698
0.113541 0.00431823
0.129148 -0.0251511
0.1323 -0.0180196
0.138426 0.00273348
0.128425 0.0266109
0.132417 -0.01239
0.123541 0.0211488
0.119605 -0.0133296
0.128085 0.00554519
0.130267 -0.00726907
0.140917 0.00396257
0.132694 0.00526803
0.122339 -0.000251751
0.132902 0.00644964
0.137084 -0.00121174
0.142981 0.00895338
0.148742 0.00226886
0.129779 0.000587064
0.120381 -0.00156132
0.135521 -0.000476017
0.152269 -0.0108058
0.134673 0.00454615
0.145227 0.000919036
0.127529 0.0155287
0.123622 -0.00634364
0.108528 -0.0101939
0.132771 -0.0126739
0.145203 -0.0146774
0.124831 -0.00253862
0.127784 -0.00538193
0.120893 0.00271991
0.146109 -0.00578964
0.13028 -0.0141587
0.135798 0.00684839
0.142043 0.00267787
0.144016 -0.00368191
0.154855 0.01181
0.139801 0.00750701
0.126598 0.0157773
0.116798 -0.000992856
0.135267 -0.000899522
0.130573 0.0201103
0.130401 0.00350614
0.118986 -0.00544573
0.109948 0.010534
0.122742 -0.00152918
0.152958 -0.0062625
0.153097 -0.00220644
0.131749 0.0114925
0.125538 0.0107284
0.139712 -0.00741488
0.116666 0.0196579
0.138473 0.0135813
0.132882 0.0161677
0.119631 -0.00257403
0.161121 -0.0360072
0.134525 -0.010908
0.13773 0.00344425
0.105787 -0.00144119
0.119933 -0.0108985
0.126496 0.0026896
0.126496 -0.0139738
0.132614 -0.00823031
0.112248 0.00204189
0.0985895 -0.00892473
0.097375 -0.00439252
0.124644 0.0207911
0.12318 -0.00155798
0.139867 -0.0106495
0.124314 0.00280283
0.142819 -0.00189595
0.147526 0.000729833
0.125104 -0.0196458
0.115123 0.000961634
0.116339 -0.00847159
0.121343 -0.0110923
0.124282 -0.0253957
0.114028 -0.00138612
0.110234 0.0151494
0.136193 -0.00158198
0.143094 -0.00169343
0.126887 0.00988467
0.11731 -0.0177632
0.134831 0.00735957
0.123697 -0.00447304
0.120391 0.00192575
0.124167 -0.00497378
0.132846 -0.0242788
0.130682 -0.00981935
0.126058 -0.0269957
0.120238 0.00166075
0.12343 -0.00475063
0.13362 0.0202328
0.120979 0.0159769
0.142919 0.0193868
0.123681 -0.00408185
0.122458 -0.00678882
0.125515 0.000273923
0.135473 -0.00849271
0.138159 0.0252387
0.105555 0.00432785
0.135227 -0.00115202
0.152478 0.00315619
0.105346 -0.00753231
0.142446 0.0124241
0.115934 0.0100387
0.1126 0.00695189
0.126493 0.0131597
0.129943 0.00649093
0.139748 -0.011978
0.12832 -0.000297721
0.116066 0.00306161
0.120071 -0.00400975
0.118871 0.0205328
0.120606 0.00833917
0.13248 -0.00265898
0.137537 0.0105446
0.121701 -0.00517517
0.145442 0.0190227
0.121063 0.00906509
0.122544 0.0204742
0.135353 0.00977324
0.115318 0.0070872
0.139835 0.00981637
0.149887 -0.00146448
0.13184 0.00585045
0.145106 0.00429503
0.134721 -0.0189361
0.120952 0.0016478
0.115053 0.0104475
0.133873 0.0195422
0.125418 -0.00099676
0.122545 0.00234969
0.119114 0.00596911
0.12653 -0.0148033
0.12472 0.00594149
0.157515 -0.0135316
0.134743 0.0185932
0.128595 0.0346669
0.138463 0.018285
0.110794 -0.00486943
0.12296 -0.0129992
0.129277 0.00187275
0.122531 0.021136
0.144759 -0.000337621
0.143519 -0.0172878
0.133103 -0.0158584
0.130288 -0.000718004
0.123268 0.024757
0.125096 0.00936686
0.115417 -0.00975041
0.12022 0.013334
0.131105 -0.00355528
0.114844 0.0190748
0.122734 0.00214172
0.137474 -0.00667352
0.116364 -0.0101625
0.138728 0.0162388
0.123394 0.00525016
0.129005 -0.0211712
0.135358 -0.00123111
0.123611 -0.00477113
0.149211 -0.0102993
0.11459 0.00799851
0.118413 -0.0099312
0.115501 -0.00586037
0.115435 -0.000568959
0.128309 -0.00697816
0.102275 -0.00984493
0.111864 0.0314149
0.157774 0.010733
0.116485 0.0108978
0.12842 0.00616712
0.124028 -0.0118037
0.103722 -0.00884101
0.161013 0.00981921
0.117025 0.00719288
0.132272 -0.000154545
0.146698 -3.70718e-05
0.140307 0.0110167
0.124558 0.015333
0.118017 -0.00133265
0.119415 -0.00120428
0.123437 0.0116079
0.105779 0.00660862
0.133902 -0.00187138
0.140035 -0.00219129
0.128123 -0.00213566
0.124848 -0.00578215
0.110103 0.0173355
0.121341 -0.0037885
0.11764 -0.00549364
0.130987 -0.025217
0.13185 0.00408339
0.132417 -0.0213544
0.136923 0.00996757
0.136669 -0.00310689
0.118357 0.00643685
0.152382 0.018546
0.113362 0.0202373
0.130516 -0.00192289
0.115245 -0.0220492
0.10833 -0.0167765
0.125832 0.00673716
0.12997 0.0130754
0.126137 0.00826072
0.144916 0.0107716
0.117872 0.000753152
0.139071 -0.00341264
0.147748 -0.00870473
0.126318 -0.0185113
0.129813 -0.00191261
0.129081 0.00126988
0.128105 0.00192623
0.118206 -0.0143493
0.125095 0.00389989
0.129169 -0.000524162
0.124138 -0.00748106
0.141188 -0.00927532
0.0988479 0.0158029
0.129784 0.00711077
0.116672 -0.00522368
0.124337 -0.00299429
0.107152 -0.00600304
0.127324 0.0162729
0.107232 -0.00393403
0.134833 -0.00301262
0.116778 -0.0161831
0.141949 -0.00794641
0.128233 -0.00687474
0.12425 -0.0067126
0.119484 0.00445901
0.138041 0.00156791
0.139436 -0.0159033
0.153398 -0.00713254
0.118131 -0.00934356
0.129914 -0.0108628
0.118848 0.00354265
0.155596 0.00605133
0.114424 -0.00179398
0.116611 -0.00757561
0.113784 0.00800435
0.120918 -0.0105125
0.130973 0.00413872
0.134134 0.00071166
0.106261 0.00241802
0.13922 -0.0161147
0.126864 0.0217201
0.13948 0.00711445
0.12543 0.00475031
0.145766 -0.00495082
0.118531 0.0157628
0.0986606 0.0114332
0.109584 0.00705883
0.134571 0.00168113
0.13816 0.00505823
0.134941 0.00718821
0.127408 -0.000123641
0.158066 0.0124817
0.137425 -0.0105106
0.118296 -0.0191813
0.12202 -0.0121314
0.127699 0.0133408
0.130064 -0.00740222
0.142233 0.0133295
0.138347 -0.011408
0.139174 0.0120196
0.141737 0.00667024
0.132544 -0.0131695
0.146247 -0.0108641
0.131543 0.0135774
0.115599 -0.0094313
0.114718 0.000592387
0.121305 -0.0191578
0.109929 0.00819884
0.129297 -0.00416771
0.141114 -0.0151948
0.125042 -0.00962959
0.127861 0.00954574
0.141945 -0.00409472
0.132785 0.0089654
0.131805 0.00607467
0.129384 0.0107616
0.125033 0.00691467
0.1412 -0.0140071
0.118638 -0.00559596
0.140444 -0.00774783
0.126023 0.00328061
0.143338 -0.014662
0.138697 0.00397989
0.11779 -0.0130748
0.144289 0.00675944
0.117376 0.00545587
0.126901 -0.0221984
0.12861 0.0080682
0.113879 0.0108735
0.0940562 -0.00807992
0.129053 0.0029681
0.142168 -0.012578
0.137383 -0.0201993
0.115914 0.00991135
0.137989 -0.00140972
0.136893 0.0120734
0.144101 0.00228723
0.105713 0.00144866
0.107976 -0.0165055
0.13569 0.0225753
0.136239 -0.0110461
0.109995 0.00330557
0.119458 -0.0295796
0.117534 -0.00820707
0.119093 -0.000578318
0.129897 0.00134885
0.147422 0.0283469
0.133714 0.00229243
0.103637 0.0281878
0.129675 -0.00294202
0.112957 0.00420239
0.144893 0.00707975
0.123887 0.0241134
0.112615 -0.00533619
0.112456 0.0178469
0.132869 -0.0228463
0.136217 0.00832675
0.124892 -0.000983852
0.126626 0.00596817
0.135277 0.0221807
0.11884 -0.00879221
0.117655 -0.00618914
0.145169 0.00252368
0.142361 -0.0226995
0.111786 -0.0170006
0.128722 0.0130215
0.145753 -0.00318797
0.134043 -0.00701416
0.130627 0.00780443
0.112215 -0.00351728
0.113682 -0.00564624
0.134934 0.00812616
0.140273 0.0138847
0.132931 0.0268284
0.116256 -0.00551023
0.106158 -0.00169483
0.131381 -0.0161759
0.111215 0.00439932
0.125224 0.00364012
0.116303 0.00457274
0.113074 0.00807035
0.127054 -0.0081599
0.132108 0.00967586
0.105928 0.00740701
0.122164 -0.00142702
0.102547 0.0159466
0.14707 0.00461571
0.124242 -0.0157123
0.129023 0.0113582
0.109697 -0.0241223
0.126265 -0.00219022
0.120792 0.0168256
0.111545 0.00637623
0.119494 -0.00612638
0.121894 0.00768623
0.128547 0.00380192
0.138562 0.0350007
0.153929 -0.00710127
0.114392 0.0153361
0.11243 -0.0136988
0.110549 0.00103383
0.119749 -0.000597201
0.127414 -0.00135922
0.141528 -0.0140807
0.120812 -0.0208563
0.126205 0.00893957
0.124297 -0.00806599
0.136309 0.00411713
0.119071 0.0060237
0.108912 -0.00586485
0.118521 -0.0136316
0.129721 -0.0210693
0.146217 -0.00579411
0.138957 0.00130181
0.138951 0.000491767
0.128483 -0.0131718
0.131174 0.00225178
0.127915 0.0117069
0.116317 0.00742309
0.136941 0.0125012
0.14002 -0.00705811
0.120424 0.00321567
0.124768 -0.0075487
0.12045 0.0112295
0.130431 0.019969
0.127747 -0.00416346
0.142241 0.000301067
0.126509 -0.00252389
0.128643 0.011846
0.116957 0.00257423
0.122125 -0.0137544
0.143506 0.0148883
0.148643 -0.00676822
0.12301 0.00371986
0.131324 -0.0165992
0.120587 0.00414615
0.126517 0.0146783
0.118803 0.00350896
0.134652 0.0229082
0.131996 0.0162573
0.124045 0.0122228
0.126638 0.00692865
0.114838 0.0144826
0.143375 -0.00694503
0.115659 -0.0127597
0.134307 0.0158949
0.151605 0.00942511
0.133624 0.0064475
0.130821 -0.00496612
0.123194 -0.00947667
0.144664 -0.00782354
0.146027 -0.00650803
0.107615 0.0164684
0.11814 -0.00546344
0.100603 0.00250355
0.111081 0.00693318
0.130781 -0.0174924
0.128018 0.0104466
0.127023 0.0276551
0.144802 0.00597453
0.120614 0.0137361
0.111627 -0.00150976
0.118356 -0.0137679
0.153025 -0.00937737
0.138673 0.0184829
0.111753 0.00743772
0.11442 0.00674902
0.142163 0.00130534
0.129035 0.00603508
0.11222 -0.0102842
0.136681 0.00443513
0.133802 0.0153859
0.125734 -0.0112176
0.11725 -0.0150862
0.13458 0.00777493
0.120058 -0.00813824
0.148431 0.00677572
0.122376 -0.00356683
0.128609 0.00810809
0.126136 -0.0117551
0.142245 0.00792127
0.11415 0.00433803
0.126936 0.00251124
0.130455 0.0182675
0.148331 -0.0189489
0.119667 0.0034591
0.117036 -0.0118754
0.138238 -0.0033446
0.146887 -0.00385026
0.139196 -0.000256472
0.120458 -0.00346352
0.0980357 0.00134017
0.131079 -0.0157287
0.112258 0.00451004
0.126687 0.00811846
0.132735 0.00888601
0.13448 0.00379705
0.125461 -0.0166174
0.120535 -0.00528641
0.134055 0.00952051
0.135069 0.0102743
0.145306 -0.0176402
0.105674 0.0109261
0.130621 -0.0054725
0.133293 -0.00625173
0.133051 -0.0105201
0.1196 -0.00928001
0.0983576 -0.00257966
0.13906 0.0140592
0.148451 0.018134
0.136138 0.010525
0.118636 -0.0107635
0.123316 0.000883079
0.120869 0.00343667
0.119829 -0.00937486
0.122603 -0.00243582
0.124519 -0.0125015
0.125078 0.00350154
0.15408 -0.00863842
0.123639 0.00865012
0.112785 -0.00228509
0.122113 -0.00382754
0.136465 -0.00122578
0.109492 0.00815374
0.10567 -0.00246746
0.140654 -0.00602191
0.128185 -0.00559031
0.137916 -0.0139553
0.130446 0.00365548
0.122601 0.00181994
0.124445 0.0200918
0.134139 0.000948285
0.118526 -0.00913772
0.135206 -0.000483054
0.111785 -0.0106216
0.117623 0.0136184
0.130066 0.0103573
0.136306 -0.00573427
0.1394 -0.015295
0.121117 -0.000105532
0.138491 0.0154438
0.127017 -0.0123614
0.122721 -0.00356886
0.115891 -0.000948823
0.121739 -0.012615
0.133321 -0.00947467
0.145064 -0.032813
0.136785 -0.00557407
0.106608 0.0373147
0.109576 0.0103921
0.147391 -0.0138548
0.115036 -0.0129639
0.142003 -0.0185125
0.118665 0.0190138
0.12762 0.00376531
0.119214 0.00807621
0.136674 -0.0012498
0.137673 0.0182693
0.119569 -0.0160772
0.145386 -0.0004419
0.125583 0.0240639
0.124804 -0.00875159
0.116431 -0.0143452
0.147735 0.00274908
0.132867 0.0106864
0.129872 -0.0115126
0.104597 0.0112407
0.0976292 0.0176373
0.142531 0.00125195
0.137679 0.0102747
0.100795 0.00697766
0.100767 -0.0275421
0.125865 0.0131805
0.116245 0.00143708
0.0820595 0.0178749
0.146496 -0.016878
0.130361 -0.00860002
0.118067 -0.00202043
0.151058 -0.0112448
0.143098 0.0307996
0.130114 -0.00463635
0.126429 0.0069214
0.121532 -0.0113642
0.148689 -0.0191111
0.135664 0.0128347
0.140144 0.00401202
0.12884 -0.0029999
0.0931809 0.0126448
0.149485 -0.0190021
0.121804 0.00275229
0.147138 0.00739437
0.119575 -0.000511622
0.13716 0.0104364
0.124481 0.0122303
0.124121 -0.00479933
0.137696 -0.0061415
0.123723 -0.00799447
0.111842 0.0167209
0.126252 0.0134646
0.132027 -0.0029597
0.118651 -0.00427543
0.14811 -0.00333458
0.140897 -0.00210283
0.138625 0.00173462
0.116921 -0.00348091
0.130825 -0.00666269
0.130997 -0.0122808
0.154276 0.00912374
0.103194 0.000758688
0.123615 0.0188902
0.116386 0.000857639
0.12838 0.00453167
0.123525 -0.0119218
0.154651 -0.0250032
0.144883 -0.0121242
0.123024 -0.0153519
0.136261 -0.00169157
0.116898 0.00784762
0.121066 0.0121223
0.128853 0.0100927
0.126219 0.00179351
0.118068 0.00689059
0.138597 -0.00552504
0.125562 0.00177491
0.135414 -0.00309778
0.124992 -0.0134979
0.124948 0.0108668
0.129677 0.0135332
0.131903 -0.00669222
0.13563 -0.00469303
0.137627 0.00962556
0.13906 -0.00242986
0.126648 0.00512569
0.129049 0.0199814
0.135979 0.0165151
0.118192 0.0117418
0.120238 0.00414701
0.124196 -0.00846441
0.145898 -0.00157585
0.114704 -0.00392622
0.13313 -0.000515937
0.130186 0.00368601
0.110489 0.00538877
0.102189 0.00634416
0.134474 0.00757808
0.11209 -0.0138875
0.129999 -0.0188928
0.13647 0.000173974
0.13023 0.0184522
0.130992 -0.00934748
0.132368 -0.00495653
0.116319 0.0109919
0.158385 -0.0115562
0.138834 0.00381032
0.152511 0.00560934
0.116651 -0.00077937
0.11793 -0.00270037
0.140888 0.00785537
0.131973 0.0202019
0.129144 -0.00823115
0.159386 0.0107193
0.125748 0.00918503
0.133644 -0.0105143
0.129128 0.0129823
0.105884 -0.000829934
0.125263 -0.00924723
0.130534 0.0167004
0.115893 -0.00486636
0.135838 -0.009806
0.128515 0.00371559
0.137567 -0.00152323
0.14456 0.00227899
0.130064 -0.00882532
0.112603 0.0094619
0.14078 0.0115506
0.128156 0.00803639
0.136535 -0.00166466
0.138499 0.0025936
0.131016 0.00589194
0.136159 0.00869086
0.121721 0.0061895
0.117047 0.00225549
0.131002 0.000986582
0.132593 0.0016482
0.133676 0.000352721
0.12498 0.0167653
0.112886 0.00156271
0.136632 -0.000206247
0.140358 -0.0246496
0.126472 0.0052833
0.132805 0.00680432
0.136337 0.0165455
0.131789 -0.00405697
0.132074 0.000785195
0.115395 0.012252
0.12103 -0.0149931
0.126986 0.0027644
0.122175 -0.0119142
0.139817 -0.00670666
0.118765 -0.0171923
0.135421 -0.0093692
0.12956 -0.00328899
0.125154 0.00116761
0.149372 -0.0122585
0.122483 -0.0167271
0.118952 -0.00411872
0.109365 0.00972425
0.127174 0.00862832
0.127765 0.0114222
0.127938 -0.00367527
0.122219 -0.00101673
0.129121 -0.000684554
0.147669 -0.0126691
0.102961 -0.0183516
0.142599 0.00145457
0.152983 0.0248354
0.124554 0.0166192
0.121687 0.0104587
0.133539 0.00623838
0.121397 0.00730951
0.110747 0.000936787
0.142217 -0.0145206
0.110971 -0.00566131
0.129366 -0.000666744
0.147661 -0.000544369
0.124443 0.00418769
0.139313 -0.0197296
0.124855 0.00188851
0.146698 0.00556865
0.124483 0.00765339
0.151895 0.00260424
0.143621 -0.00254627
0.1335 0.00620266
0.114817 0.00794003
0.142609 0.0139578
0.109954 0.00102376
0.114315 0.0143179
0.141119 -0.0024817
0.109435 0.00106892
0.130432 -0.0106905
0.131637 0.000661414
0.13341 -0.00839825
0.105054 0.00575423
0.146674 -0.0118161
0.131155 -0.00179791
0.132089 -0.0307735
0.120052 0.00706178
0.124452 0.00799811
0.136806 0.0152653
0.128944 0.0164381
0.112495 0.00858092
0.149536 0.0138551
0.102195 -0.0168276
0.141713 -0.0229447
0.130453 0.00371689
0.138242 -0.00141033
0.116951 0.00406697
0.137774 -0.0258308
0.102455 0.00232352
0.128335 0.00869334
0.10288 -0.00116677
0.0925492 0.00843424
0.129715 0.00223245
0.12419 0.00747114
0.14587 0.0103327
0.130425 -0.0302206
0.125259 0.00351352
0.143565 0.00255188
0.137663 -0.00175022
0.122695 -0.00319814
0.134926 0.0191794
0.123199 0.0135578
0.11909 -0.0180573
0.133538 0.0036749
0.115533 -0.0200164
0.127416 -0.00171063
0.14127 0.010863
0.130655 -0.00604141
0.137209 -0.0103717
0.134148 -0.00605009
0.141392 -0.00592776
0.135003 -0.0101656
0.136177 -0.00713216
0.152331 -0.000910801
0.132013 0.0163923
0.133406 0.0016579
0.126593 0.00271172
0.120523 -0.00870956
0.130838 -0.00169503
0.124917 0.0122433
0.115899 -0.000518371
0.11839 0.00149247
0.128208 0.0030777
0.124959 0.00533517
0.137579 -0.0164685
0.118651 -0.0215948
0.118698 -0.00169943
0.115202 0.00906301
0.14874 -0.0113325
0.130278 -0.0026395
0.134123 0.000171496
0.142325 0.0165121
0.125886 -0.00265371
0.12444 0.0107669
0.138303 0.00957059
0.127862 0.0162026
0.112603 -0.0010879
0.118969 -0.00231577
0.159552 -0.0159366
0.116108 0.0157826
0.116854 0.000971408
0.12778 -0.012268
0.140764 -0.0112127
0.1141 -0.000871682
0.122735 0.00354624
0.13575 -0.00111857
0.12861 -0.00390801
0.105915 0.0111191
0.132706 -0.0149714
0.119481 0.00264569
0.122837 0.010212
0.111333 0.00116654
0.139443 0.00605871
0.122995 0.0067239
0.109574 0.00207053
0.123403 0.000222698
0.112925 -0.0158216
0.123899 0.00929602
0.12992 0.0116119
0.144792 0.00450515
0.131965 0.0163305
0.141836 -0.00338759
0.1224 -0.0013933
0.131615 -0.00310629
0.135443 0.00627917
0.124382 0.000659928
0.143382 -0.019988
0.124639 0.00487111
0.13279 -0.000611071
0.11201 -0.00367103
0.132708 -0.0144947
0.126129 0.00576118
0.144764 0.00375793
0.125736 0.0129595
0.12406 -0.0043611
0.147856 -0.000385522
0.128405 0.0167175
0.133884 -0.000600822
0.138683 -0.0149193
0.135566 0.00805271
0.129776 0.0128327
0.128027 -0.00549233
0.132232 0.00334051
0.132404 -0.00917883
0.123443 -0.00561709
0.136489 -0.00913714
0.1365 -0.0147199
0.131502 -0.0054553
0.115978 0.0037096
0.142757 -0.00229714
0.129904 0.0105525
0.11316 0.0286254
0.12628 -0.000395835
0.132415 -0.00198743
0.140701 -0.00859854
0.143517 -0.0225093
0.122317 0.000976428
0.135122 0.00370135
0.12733 0.0150645
0.12644 -0.00306313
0.138136 0.0322177
0.125073 -0.0124358
0.121516 -0.00655443
0.135776 -0.0104988
0.138159 0.013038
0.124673 -0.00294672
0.132584 0.0152035
0.119509 -0.00549378
0.12717 0.00291935
0.129762 -0.0189846
0.147816 -0.00330217
0.117379 -0.00829223
0.123592 0.00554772
0.133765 0.00151613
0.127139 -0.00878005
0.130983 -0.000165436
0.132603 -0.00708702
0.12435 -0.00296847
0.110813 0.00131659
0.128822 -0.0180013
0.114434 0.0327086
0.0941689 -0.0120002
0.101458 -0.0142359
0.133514 -0.00825011
0.0897849 0.00680237
0.125818 -0.0188813
0.128026 0.0217946
0.118835 -0.0162546
0.133982 0.0119275
0.115223 0.00400436
0.113608 0.0132957
0.132333 -0.00727784
0.112404 0.0043494
0.139228 0.00720566
0.118723 0.00911408
0.10116 -0.000301472
0.129149 -0.00667733
0.12178 0.0117218
0.122637 -0.00151688
0.123139 0.0170252
0.125695 0.00498178
0.139595 0.00822237
0.119705 0.0275133
0.139131 0.00523052
0.137186 -0.00942503
0.120079 -0.0146289
0.129433 -0.00365593
0.118618 0.00815436
0.128306 0.00040672
0.118429 0.00733834
0.141508 0.0032383
0.124592 -0.00167923
0.146179 -0.0152534
0.132316 -0.00935201
0.122973 -0.0082091
0.136958 0.00806515
0.133564 -0.00188286
0.146622 0.0103212
0.135312 -0.00665995
0.124709 -0.0167
0.131223 0.0117685
0.122651 0.027541
0.131628 0.00681394
0.121917 0.00117857
0.129863 -0.00101877
0.137348 -0.0078162
0.120313 -0.00540578
0.138143 0.00621068
0.132013 -0.000923384
0.14096 0.00754959
0.143838 -0.00220208
0.121861 0.006151
0.121947 -0.00280123
0.127453 -0.0100131
0.141828 -0.00934948
0.129976 -0.0147899
0.115384 0.00917802
0.11914 -0.00604504
0.132977 0.0127958
0.117246 0.00366845
0.13031 0.00720229
0.128964 0.0106763
0.11422 0.0182798
0.119184 0.0226984
0.129345 0.00530426
0.141013 0.00222421
0.13476 -0.00260922
0.137302 0.0172698
0.107976 -0.00480893
0.102399 -0.0184066
0.136651 -0.00869554
0.136794 0.00804526
0.116218 -0.00488956
0.118932 0.00978118
0.143429 0.00290972
0.139553 0.00372213
0.132362 -0.00775583
0.107207 0.0147151
0.123272 0.0078756
0.125601 0.0105783
0.115562 0.0303937
0.131595 -0.0115871
0.120584 0.0034404
0.128882 0.00336234
0.148493 0.00189399
0.147909 0.0175621
0.122754 -0.000787113
0.135983 0.00210157
0.112204 0.0160169
0.115111 -0.00944135
0.130779 0.00928744
0.122964 0.0046639
0.121441 -0.00195784
0.127946 -0.00975172
0.104991 0.0144861
0.127558 0.00149872
0.121401 -0.011256
0.131698 -0.00106291
0.149485 -0.00269222
0.13215 0.0152653
0.109768 0.00405077
0.120734 -0.00431765
0.114244 0.0111671
0.124731 0.00301342
0.124882 -0.0165206
0.12791 -0.0165439
0.145065 -0.0118003
0.128622 0.0286466
0.128381 -0.00385794
0.150582 -0.00682199
0.107277 0.00653278
0.140487 -0.0120856
0.0955366 -0.017857
0.143058 0.00098175
0.131698 0.000238208
0.118228 0.00534424
0.129335 -0.00412851
0.0987737 0.00333376
0.149879 -0.00173187
0.128263 0.0184636
0.0963491 -0.000791831
0.128487 0.00571838
0.139799 0.00397822
0.131665 -0.00470534
0.143029 0.0236174
0.121062 0.0236826
0.127532 0.0144199
0.128057 0.010688
0.115653 0.000786524
0.147841 0.00172031
0.105604 0.0141171
0.122325 -0.0155456
0.118545 -0.0123846
0.150076 -0.00584715
0.157801 -0.003235
0.132335 -0.00703605
0.10417 0.01686
0.110522 -0.00135554
0.130262 0.00634521
0.144664 -0.0257227
0.108974 -0.0131551
0.144163 -0.0118909
0.13499 0.0139863
0.123195 0.00275468
0.113951 0.0088373
0.12087 -0.00218596
0.139509 0.0114391
0.142522 -0.0060244
0.145898 -0.0209635
0.137849 0.00330039
0.129727 -0.00297725
0.113616 0.00518588
0.0894204 -0.00358504
0.10958 0.00551955
0.10034 0.00984045
0.0997861 -0.00512338
0.120888 -0.00417549
0.136297 0.00346444
0.118567 -0.00426256
0.119018 0.0227976
0.142678 -0.00144726
0.111598 0.00418075
0.129665 -0.0207485
0.142915 -0.00514521
0.136183 -0.0229874
0.114961 0.0157563
0.132823 0.00585336
0.129914 0.00109698
0.129732 0.0211097
0.129091 -0.0170629
0.122244 0.0211618
0.161857 -0.00502551
0.129175 -0.00604418
0.122446 0.0191767
0.10336 -0.0214183
0.125563 0.0093222
0.131838 0.000534362
0.13877 0.00414639
0.122843 0.0107944
0.136347 -0.0124318
0.130411 -0.000691874
0.147775 0.00438172
0.131358 -0.00902163
0.131478 0.003488
0.114921 0.000755431
0.108886 -0.0131448
0.130651 0.0192572
0.122731 -0.000183943
0.135024 0.0119147
0.119636 0.0131179
0.115163 -0.00691923
0.13306 0.0136111
0.128043 0.00404054
0.132417 0.00835649
0.108994 -0.0227678
0.127439 -0.0100234
0.135114 -0.0288779
0.143962 0.00353884
0.135437 0.0181992
0.112942 -0.0233929
0.135833 0.00647742
0.133648 0.0233841
0.132323 0.00509209
0.140233 -0.00331663
0.132097 -0.0112789
0.141718 0.00101638
0.135054 0.00340024
0.126057 -0.0265964
0.12007 -0.00737339
0.136477 0.00764591
0.121619 0.020208
0.13601 0.00515233
0.136462 -0.0110885
0.131063 -0.0140691
0.130706 -0.00338242
0.139967 -0.00767646
0.115807 -0.0100902
0.140123 0.0035056
0.124236 -0.00282278
0.134569 0.00867923
0.101276 -0.00268443
0.111169 -0.00309918
0.111935 -0.0138179
0.135452 -0.00786037
0.120378 -0.0142695
0.144214 0.0042654
0.127667 0.00325151
0.127993 0.00651367
0.148529 -0.0129585
0.133957 0.00440479
0.122997 -0.00367472
0.112761 -0.0060197
0.124121 -0.00749603
0.135327 0.0119165
0.139261 -0.00484605
0.119435 0.0110874
0.143897 -0.00394843
0.126031 0.013185
0.136495 -0.0115406
0.130893 0.00940312
0.137372 0.00444923
0.133948 0.0238333
0.146086 -0.0247445
0.150258 0.00945542
0.141252 -0.0139146
0.118703 -0.00624869
0.145031 -0.0137473
0.124716 -0.000313344
0.109801 0.0016936
0.119013 -0.0145833
0.130695 -0.0145826
0.122893 -0.00366637
0.137232 0.0216101
0.124944 -0.0175551
0.116928 0.013507
0.148098 0.00824314
0.121319 -0.00072122
0.120881 0.0035351
0.132127 0.00326721
0.136275 -0.0137013
0.137176 -0.0109692
0.120984 -0.000943014
0.108575 -0.0279967
0.130568 -0.00254738
0.154129 0.00681855
0.12338 0.00484826
0.126229 -0.00653819
0.119914 -0.0176886
0.111306 0.00104813
0.140663 0.0093023
0.114402 -0.00450198
0.137177 0.0205239
0.11769 0.0129775
0.145541 0.00341894
0.134164 -0.0098561
0.143889 -0.00574534
0.141382 0.0160708
0.124133 0.00204461
0.12331 0.0040861
0.130408 -0.00147051
0.142711 0.0122723
0.115153 0.0179436
0.124139 0.00685937
0.138985 0.0183243
0.142425 -0.0151995
0.144378 -0.00657067
0.11674 0.0130446
0.140073 -0.00200701
0.142048 -0.0108153
0.135772 0.00989353
0.113957 0.00766418
0.146965 -0.000966507
0.144697 0.000931231
0.133339 -0.0022646
0.12016 0.00129676
0.130238 0.0138602
0.134258 -0.00261313
0.161402 -0.00811832
0.117357 0.00787171
0.121941 -0.0059599
0.138119 0.0162946
0.123084 -0.00411816
0.115787 0.00612988
0.11804 0.00112066
0.110238 0.0123151
0.118761 -0.0035079
0.116071 0.00827549
0.117425 -0.0113903
0.119431 -0.00131366
0.117772 0.00285113
0.119778 0.00546321
0.134578 -0.00328529
0.120621 -0.0116684
0.11207 0.0124813
0.139963 -0.0139188
0.112089 0.0140529
0.136043 0.00290061
0.128106 0.0016081
0.142134 0.00842699
0.144903 -0.00135618
0.144158 -0.00844625
0.142694 0.0133975
0.141968 0.00346561
0.102546 0.00132222
0.138002 0.0103597
0.120281 -0.00266628
0.127914 0.0110551
0.130128 -0.001058
0.146111 0.00870736
0.133642 -0.00889276
0.116749 -0.00127183
0.150069 0.011124
0.118293 0.014888
0.121283 0.00160111
0.145718 -0.00720617
0.111773 0.00442049
0.123922 0.00150404
0.138534 -0.00620323
0.132088 0.00282127
0.141085 0.0145142
0.130477 0.0013363
0.13764 -0.00135106
0.114011 -0.0125225
0.125969 0.0285597
0.125255 0.00108811
0.156912 0.00278189
0.122412 0.000338255
0.119273 0.002763
0.145644 -0.00696626
0.123123 0.00438285
0.117956 0.00482837
0.116304 -0.000854867
0.137046 -0.0138608
0.134418 0.00929763
0.110854 -0.017257
0.136351 0.0284821
0.125107 -0.0015899
0.12618 -0.0124144
0.109095 -0.00578634
0.130222 -0.00466123
0.128724 0.0135139
0.099224 -0.00793649
0.129152 -0.00907975
0.146085 -0.00678064
0.125294 0.00449044
0.143387 -0.0154646
0.129127 -0.0174616
0.119284 0.0309835
0.128509 0.0039992
0.135174 -0.00815236
0.140876 0.000986859
0.157593 -0.0078887
0.129852 -0.0226673
0.131466 -0.0114052
0.126247 -0.00766844
0.136 -0.00530088
0.147466 0.00612432
0.127285 -6.15756e-05
0.128962 -0.00206018
0.12106 0.0135
0.128184 0.010242
0.136476 0.00059023
0.139957 -0.00748025
0.106465 -0.0245103
0.137105 -0.00589745
0.135854 0.0146053
0.126696 0.000197106
0.120039 -0.00348107
0.116986 0.00943579
0.12842 0.000168063
0.144074 -0.000304415
0.0997352 0.00323563
0.113042 0.0042176
0.110029 -0.0138504
0.132552 -0.00874862
0.116674 -0.010067
0.123064 0.00965675
0.133316 0.0172584
0.149939 0.0059417
0.118454 -0.00380964
0.12269 0.0216773
0.110012 0.00669844
0.132083 0.0126373
0.155037 -0.00682693
0.133483 -0.00697473
0.133162 -0.00150163
0.122437 0.00461159
0.120661 -0.00940881
0.134223 0.00386253
0.109938 -0.000588659
0.131355 -0.0142583
0.117809 -0.00931434
0.146323 -0.0115765
0.116992 -0.00330972
0.121888 0.00525467
0.132138 0.0260998
0.12687 0.014257
0.124343 -0.00407155
0.122667 0.00166439
0.113939 -0.00219409
0.114012 0.00213956
0.123351 -0.00491835
0.131753 -0.00592696
0.131349 0.0200598
0.120086 0.00843067
0.121795 -0.0019361
0.110241 0.00698337
0.134809 -0.012047
0.118453 0.00688505
0.125566 0.0093721
0.116684 0.0198371
0.124454 -0.0114209
0.104329 -0.0177108
0.13989 -0.00415789
0.133916 3.59639e-05
0.137941 0.0179291
0.133776 -0.00147071
0.142673 -0.022969
0.130806 -0.000342
0.111947 0.00273534
0.122946 0.0160191
0.110762 -0.00215817
0.133157 0.00267373
0.120381 -0.00670403
0.146622 0.00718113
0.118799 -0.00146546
0.124488 0.00389639
0.132968 0.00682244
0.134701 -0.00175499
0.111109 0.0180431
0.116184 -0.0147982
0.131032 -0.0108009
0.137497 -0.00823523
0.139206 0.0130585
0.10988 -0.0223142
0.126758 -0.0158753
0.117916 0.00241251
0.174219 0.00202886
0.132893 -0.00921695
0.130259 0.0236344
0.135517 0.00338673
0.120344 0.016447
0.128061 -0.011501
0.150764 -0.00652045
0.133436 -0.00471988
0.117961 -0.00578901
0.119284 0.0149131
0.134666 0.00256182
0.129789 0.00106773
0.116952 -0.00615773
0.145381 -0.00796093
0.13546 -0.00503392
0.139168 -0.0087526
0.120821 -0.00478084
0.12601 -0.0129357
0.141338 -0.00608079
0.135026 -0.00295749
0.118385 0.00880457
0.139148 -0.00406888
0.147487 0.00990584
0.135746 0.00677552
0.138046 0.0121458
0.138304 -0.0067674
0.142591 -0.00552475
0.101187 -0.0033066
0.127244 -0.00244316
0.125797 -0.00121799
0.106238 0.00697663
0.140371 -0.00429916
0.109754 0.00102272
0.142315 0.00366894
0.11709 0.0301797
0.105502 0.0115579
0.130719 0.00341358
0.136515 0.0139471
0.133766 0.0218371
0.131574 0.0166695
0.130883 -0.012734
0.134632 0.0050128
0.11259 -0.00303495
0.14735 0.00186747
0.125805 0.0235051
0.13905 -0.0142951
0.127251 -0.0096313
0.121122 -0.00685141
0.110263 -0.0123061
0.136103 0.00982331
0.133426 -0.000914718
0.134736 -0.00181966
0.129775 -0.01709
0.139674 -0.0132623
0.131611 -0.0014858
0.121501 0.0175047
0.146591 -0.00278995
0.133916 -0.00415162
0.120489 -0.00671259
0.1621 0.00148316
0.129848 0.00199817
0.122675 -0.0126744
0.126458 -0.00681502
0.148144 -0.0167003
0.10897 0.00354116
0.138023 0.000292764
0.113879 0.00816092
0.114564 -0.00535973
0.133261 -0.0206364
0.114205 0.00356647
0.135665 -0.00152662
0.133274 0.0142083
0.118943 -0.0165055
0.143947 0.00101579
0.1471 -0.00989955
0.130546 -0.010255
0.150914 0.00702424
0.126598 0.0115192
0.1288 0.00657037
0.139333 0.020229
0.107478 -0.00747031
0.143065 -0.0017227
0.131978 -0.00312199
0.146366 -0.00921101
0.123392 -0.0101091
0.115322 0.0244869
0.123911 0.00671202
0.145686 -0.0356468
0.126197 -0.00627926
0.135238 -0.016364
0.135098 0.0134131
0.124247 0.00513146
0.131172 -0.0120433
0.135437 0.0126445
0.111626 -0.00610538
0.123433 0.0124207
0.126223 -0.00908175
0.15072 0.00522046
0.128765 0.00122998
0.120298 -0.00262646
0.116061 -0.00390303
0.136913 0.0199983
0.154482 0.00600271
0.138142 -0.0136974
0.121104 0.0102579
0.125356 0.0252099
0.126779 0.00128068
0.134663 0.00749493
0.130057 -0.00458674
0.125067 0.00141972
0.131524 -0.00161609
0.138452 0.00140506
0.116023 -0.0115014
0.121932 0.0220642
0.129571 -0.0115361
0.106987 0.0167713
0.134281 0.00703051
0.153948 0.00508135
0.131321 0.0103498
0.142157 0.00504989
0.136319 -0.0205033
0.111832 0.0101044
0.129586 0.0242845
0.134205 -0.0212142
0.141689 0.00456218
0.102986 -0.0122208
0.117523 0.00275331
0.116984 0.00517897
0.126713 0.0174647
0.146909 0.0021004
0.12216 -0.00538228
0.139568 -0.00242924
0.147581 0.00554551
0.118739 0.010942
0.120107 -0.00213289
0.120908 0.00453312
0.151834 0.0119082
0.139445 0.00997142
0.134999 -0.0118219
0.140975 -0.0157766
0.125223 -0.00218785
0.127854 -0.0104249
0.139607 -0.00733698
0.132091 0.0114436
0.13054 -0.0066116
0.127566 0.00123105
0.112859 -0.0181223
0.123223 -0.0138429
0.117113 0.000264046
0.109714 -0.00111288
0.139289 -0.0146802
0.129148 -0.00435308
0.105649 0.0181877
0.130837 0.0202103
0.115606 -0.000154891
0.139898 -0.0089504
0.13472 -0.0284464
0.117996 0.000128511
0.12769 0.011772
0.125092 -0.00252568
0.110179 -0.00584278
0.138643 -0.00392076
0.121799 -0.00983809
0.130296 -0.00702042
0.107035 0.0100685
0.138882 0.00964122
0.121068 0.0126247
0.130538 -0.00729256
0.11093 -0.00673161
0.116694 0.00739325
0.136604 -0.014556
0.128112 0.010398
0.135225 0.0205436
0.117553 -0.00688611
0.130225 -0.00898293
0.124397 0.000848081
0.13203 0.00339008
0.136091 0.00697964
0.132664 0.0061327
0.120724 0.0122434
0.139001 -0.0141131
0.147194 -0.00784146
0.131932 0.0137664
0.136544 0.000384764
0.123388 0.00570183
0.11631 -0.0068031
0.13609 0.0193251
0.134237 0.0170609
0.127465 0.00233976
0.12504 0.0141403
0.136013 0.00110739
0.122794 0.0210733
0.120757 0.00405705
0.131624 -0.00853786
0.128388 0.0106086
0.110918 0.00348496
0.122919 -0.000689802
0.128326 -0.00814147
0.119802 -0.00335722
0.132874 0.0021396
0.141508 0.00871419
0.128879 -0.0142337
0.132028 0.0132542
0.168314 0.0231384
0.140203 -0.0140393
0.129016 -0.0103939
0.117855 -0.0138201
0.118214 0.00400579
0.128835 -0.00373933
0.124846 0.0357259
0.137359 -0.000952268
0.135438 -0.0131593
0.122262 0.0188909
0.128388 -0.00955238
0.141102 0.00250672
0.138618 0.00809302
0.119527 -0.00256261
0.130601 -0.0124282
0.134549 0.0126865
0.140959 -0.00948229
0.125245 0.00766552
0.113831 0.00293523
0.152022 0.00837929
0.131226 0.00521378
0.11378 0.00661802
0.135333 -0.0222285
0.108003 0.0038664
0.156307 0.020643
0.134536 -0.00832246
0.116353 -0.0129372
0.115406 0.00412324
0.141463 -0.00305981
0.146312 0.000596502
0.0943932 -0.00742659
0.139214 -0.00742551
0.135294 -0.000183375
0.118752 0.00558327
0.157808 0.0124793
0.135101 -0.00615562
0.106341 0.00558428
0.115652 -0.00250754
0.122379 0.0166248
0.121722 -0.00288272
0.11504 -0.00527186
0.14647 0.0140077
0.113784 0.00627257
0.127939 -0.0023996
0.0959332 -0.00355794
0.128929 0.0113324
0.11849 0.00699675
0.126755 0.00421156
0.155715 0.00346994
0.104933 -0.00447118
0.124893 0.00501414
0.11623 -0.014859
0.124413 -0.00254295
0.132147 0.0112386
0.145359 0.00612487
0.107585 -0.00113913
0.121878 -0.00262025
0.117666 0.00313795
0.0994286 -0.00833728
0.120563 0.0086916
0.132649 -0.00959556
0.130237 0.00265702
0.118922 0.00986101
0.139117 0.0217706
0.122727 -0.00810227
0.131571 -0.0068999
0.0976219 -0.00117494
0.108277 0.015756
0.136685 0.00371412
0.11959 0.0107682
0.143795 -0.0253852
0.113783 -0.00217686
0.133426 0.00102418
0.138459 0.0003443
0.125965 -0.0032562
0.121572 0.00332312
0.133137 -0.00746622
0.129338 -0.00298583
0.113931 0.0111091
0.136654 0.0119467
0.128782 -0.000495409
0.126377 0.0261127
0.148361 0.0064959
0.125802 -0.00963622
0.128992 0.00557477
0.133087 -0.00222937
0.129542 -0.0140333
0.134226 -0.0193763
0.115716 -0.0153381
0.125236 0.00468313
0.137634 -0.0148346
0.132015 0.0132946
0.130997 0.00543807
0.127369 -0.00802982
0.135767 -0.0084223
0.138352 0.00433379
0.128277 -0.0112659
0.129256 0.00492458
0.138367 -0.0022682
0.128299 -0.00313091
0.124029 0.0286391
0.135181 -0.00381696
0.130846 0.00764307
0.131844 0.000854823
0.124327 -0.00539903
0.108857 0.00561344
0.114377 0.0128919
0.120642 0.00131935
0.140702 0.00181777
0.127272 0.0165487
0.133174 -0.00301283
0.137428 -0.000226608
0.156775 0.0320062
0.14152 -7.7605e-05
0.11265 0.0121666
0.152603 -0.00505718
0.130488 0.0101188
0.147044 -0.00905425
0.130941 0.0059389
0.122391 0.00435885
0.126299 -0.00969168
0.143899 0.0172337
0.146876 -0.00384412
0.150873 0.00733067
0.131924 -0.0116108
0.124484 0.00022522
0.123617 0.00801315
0.147496 -0.0128414
0.115825 0.00836193
0.119315 0.0200021
0.139615 1.23163e-05
0.118574 -0.0320011
0.124933 0.00649195
0.136264 0.0166049
0.132576 0.0119955
0.121415 0.00345124
0.138986 0.00814598
0.146047 0.00480034
0.136322 -0.0239142
0.126196 -0.0246719
0.0936757 0.00355573
0.11812 0.00635009
0.120239 0.00338687
0.108738 -0.00739516
0.132726 0.0248405
0.140067 -0.00121709
0.148461 -0.00334119
0.106314 -0.00541792
0.127857 -0.00273692
0.159484 -0.0130705
0.10914 -0.000651292
0.113326 -0.00469837
0.148072 -0.00475471
0.103423 -0.00121323
0.1433 -0.00642555
0.13184 0.00587802
0.129441 0.00872699
0.131975 0.00267761
0.136484 -0.0161143
0.131029 0.00185263
0.114478 0.0141826
0.138198 0.0054733
0.163746 -0.0075496
0.139106 0.00688176
0.124752 0.00131743
0.142688 -0.013042
0.127883 0.00587236
0.128781 -0.00723021
0.123663 -0.00145529
0.142522 0.0168304
0.123801 -0.00399205
0.128212 -0.0157179
0.103256 0.010071
0.117154 -0.00524967
0.125507 0.00334528
0.129465 0.00077574
0.123086 -0.00164391
0.134824 -0.00772572
0.137284 -0.00021696
0.129015 0.00329273
0.135882 0.0131527
0.119475 -0.00176664
0.123471 -0.00807702
0.131994 -0.00336088
0.127415 0.0161213
0.137651 0.0174047
0.104922 0.0191903
0.115813 0.000906799
0.118483 0.00454577
0.131871 0.0163054
0.12329 0.0171533
0.108269 -0.024011
0.138992 0.0124536
0.113897 -0.00722406
0.109505 0.0111084
0.107712 0.0136693
0.106998 -0.0100694
0.127984 0.00866584
0.13281 -0.0125932
0.10702 -0.00750047
0.121036 -0.0161187
0.125485 -0.0188437
0.134694 -0.0100871
0.130322 -0.000229645
0.124883 -0.0103481
0.11076 -0.00189212
0.113276 -0.0140162
0.130392 -0.0208545
0.137697 0.00754107
0.139258 -0.00531575
0.123987 0.00719756
0.124119 0.00483278
0.120843 -0.0109956
0.122413 -0.0069556
0.13393 -0.00597664
0.136513 0.000353166
0.121246 0.0162633
0.110205 0.01322
0.136527 0.0236619
0.130242 0.00381888
0.116314 -0.00795895
0.122793 -0.00648328
0.126233 0.0101623
0.111013 -0.00840295
0.151569 -0.0186826
0.119891 0.00106842
0.119124 0.0163842
0.134425 -0.0119973
0.114911 0.00777602
0.125305 0.00132249
0.132507 -0.00157972
0.108536 0.0139216
0.12591 0.0128076
0.145309 0.010221
0.127658 -0.0306697
0.1361 0.000728343
0.124215 0.0176068
0.121604 -0.00753247
0.128481 -0.0224749
0.125025 -0.0108301
0.131451 -0.00891761
0.141995 0.0112328
0.133354 0.000890852
0.10508 0.013568
0.144241 -0.00438247
0.12013 0.00284958
0.135438 -0.00775574
0.13477 -0.00323721
0.12365 0.00258462
0.121563 -0.00618821
0.128534 0.0143708
0.115172 0.00115272
0.122869 0.000778567
0.0962618 0.00364841
0.113598 -0.00406134
0.14282 0.00241412
0.123447 -6.2882e-05
0.111286 -0.00276907
0.127189 -0.0155212
0.130622 -0.0135701
0.148976 -0.00777831
0.133175 0.00371854
0.138808 0.00833809
0.102937 0.011915
0.131179 0.00144179
0.115442 -0.0154373
0.13461 0.0146109
0.119598 -0.00677427
0.134931 -0.0150083
0.128867 -0.0164568
0.115896 -0.0173949
0.135647 -0.0037027
0.118507 0.00248514
0.134621 -0.0140889
0.1246 0.0168654
0.160938 -0.0175595
0.119093 0.00448071
0.134249 0.0103231
0.124124 -0.0141435
0.124685 -0.00378345
0.120494 -0.0128594
0.118831 0.0146708
0.146173 0.0133957
0.142635 0.00790005
0.11537 0.000570524
0.142013 0.0128183
0.135184 -0.00367872
0.133546 0.00153682
0.1208 0.0242023
0.124111 0.00696209
0.139589 -0.00417113
0.113576 0.0126029
0.148047 -0.0264497
0.116008 0.00331254
0.123862 0.0271787
0.118479 0.00792125
0.145327 -0.00557387
0.10656 0.00590086
0.141621 0.00116927
0.124102 -0.00228879
0.148852 -0.0161442
0.139539 0.000789667
0.136304 0.00159187
0.131635 0.00367266
0.140285 -0.00945879
0.126668 0.0161478
0.124363 0.0158181
0.117838 -0.00851487
0.139662 -0.0100529
0.138903 0.00284079
0.145353 -0.00289346
0.111629 0.00450618
0.124466 0.00339072
0.120003 -0.00628718
0.124951 0.0159542
0.10409 0.00799005
0.136621 -0.00924041
0.11024 0.0061154
0.119677 -0.0111363
0.109772 0.0125209
0.129275 0.00327246
0.128804 -0.00235822
0.149726 -0.00882074
0.12065 -0.015702
0.112313 -0.00169398
0.109243 -0.00428388
0.12995 -0.00550328
0.124687 -0.00207936
0.134486 0.0124072
0.123036 -0.00762239
0.124345 0.0090774
0.1245 -0.0183867
0.12768 0.00873025
0.123224 -0.00309672
0.107498 -0.00361819
0.119123 -0.0146516
0.148684 0.0204128
0.124771 0.0101884
0.117914 0.0152332
0.131626 -0.00138713
0.132646 0.0108565
0.114425 -0.000731796
0.137008 -0.0035072
0.145237 0.00948983
0.130477 -0.0121831
0.110485 0.00230371
0.12239 -0.0061187
0.114879 0.0135243
0.112911 -0.000690849
0.123176 0.00678575
0.111405 0.00642431
0.135363 -0.0059499
0.128307 -0.0125008
0.110106 0.00916041
0.148739 0.0196416
0.152724 0.00752086
0.116889 0.0112721
0.123275 -0.00253579
0.138991 0.00187793
0.115436 -0.0067705
0.129336 0.0114515
0.152679 -0.0155284
0.124388 -0.00389055
0.109816 -0.00466682
0.132526 -0.0216652
0.133899 0.000846257
0.114216 -0.011283
0.129467 -0.00430475
0.124288 0.0143282
0.139478 -0.00848712
0.130917 0.0174132
0.1329 -0.0107797
0.149864 -0.0221263
0.137924 0.0111399
0.121407 -0.0245108
0.123282 0.0109717
0.124566 -0.000791792
0.132194 0.0172882
0.151638 -0.0346189
0.102026 0.0102711
0.123004 0.00708839
0.129871 -0.0149104
0.129106 0.0079365
0.133736 0.0122389
0.123012 -0.0139879
0.125165 -0.00669757
0.119186 -0.0038085
0.112156 -0.00440188
0.123281 -0.00805142
0.123985 0.0125933
0.120443 0.0335405
0.139845 -0.0154496
0.110997 -0.00770864
0.112983 0.00423986
0.157009 0.00568961
0.141287 0.00106511
0.128393 0.00645588
0.127251 -0.00539987
0.125011 -0.0131556
0.143686 0.00147997
0.130372 -0.00576456
0.117289 0.0072008
0.128202 -0.00634345
0.139137 0.0150174
0.11966 -0.000733595
0.125274 -0.0097777
0.120353 -0.0087183
0.122995 0.00642485
0.133414 -0.00590153
0.1172 0.008101
0.13003 -0.00177171
0.117095 -0.00909755
0.137875 0.00976761
0.135388 0.0154481
0.126961 -0.00771615
0.144525 0.0161711
0.153572 0.0093744
0.142433 0.0104013
0.132356 0.013656
0.139735 -0.0183487
0.134219 0.00646794
0.120507 -0.00995155
0.111851 0.0185897
0.139929 -0.0240755
0.134564 0.00807221
0.120786 -0.00764732
0.11566 -0.00182301
0.113738 0.00818573
0.123223 0.020023
0.117052 -0.0159283
0.126312 0.0158266
0.145222 -0.00345641
0.145291 0.00263746
0.124947 -0.00905567
0.134217 0.00340265
0.157755 -0.00500801
0.124941 -0.00410246
0.123771 0.00504212
0.143924 0.0138223
0.142464 -0.0130771
0.124307 0.0146073
0.130872 -0.00329115
0.118755 -0.00285006
0.134556 -0.00454744
0.156094 0.0101122
0.135714 -0.00408581
0.144583 0.0290718
0.153962 -0.0106963
0.119701 -0.00627899
0.125176 0.0088843
0.118403 -0.012813
0.12801 0.00951662
0.120046 -0.006474
0.117831 0.00266033
0.113198 0.0222686
0.112575 0.00411751
0.113053 0.00368402
0.129223 -0.00938853
0.143172 0.00296577
0.148245 0.00308047
0.121593 -0.037966
0.13177 -0.0202805
0.12296 -0.012456
0.121984 -0.015922
0.135447 -0.00352455
0.124891 -0.00416593
0.131373 -0.00325229
0.140482 -0.00916949
0.125416 0.0142503
0.152753 0.0151882
0.132201 0.00875697
0.121491 0.0143549
0.135764 -0.0110785
0.112194 0.0120924
0.132224 -0.00238531
0.12449 -0.0154192
0.142686 -0.0193023
0.102506 -0.010921
0.11815 0.000802911
0.133339 0.0279414
0.112326 0.0150062
0.138909 -0.0077549
0.137092 0.0107399
0.132886 0.0064178
0.144572 0.0233443
0.110964 0.00259545
0.119845 -0.00292014
0.141327 -0.00229274
0.111259 -0.00910199
0.112846 -0.0110451
0.15594 0.00404521
0.150417 -0.0256091
0.151303 0.0147126
0.1212 -0.0137112
0.114408 -0.00392063
0.121696 -0.00199264
0.136993 0.00835781
0.153874 0.0187656
0.125903 -0.0200252
0.106701 -0.0155725
0.147532 -0.00101812
0.131189 0.00182765
0.13566 -0.00230488
0.123972 0.000101215
0.112944 0.00388777
0.121195 -0.00958217
0.109861 -0.00190112
0.117269 -0.0119058
0.160889 0.00439729
0.137438 -0.0088994
0.131152 -0.00708367
0.134797 -0.011106
0.130769 0.0130423
0.141447 -0.00014296
0.109746 -0.00580532
0.138873 0.00552302
0.119973 0.00583267
0.123606 0.00455767
0.133104 -0.00207022
0.124244 -0.0188649
0.127017 -0.0024015
0.122036 0.00751684
0.124055 0.0121139
0.130019 -0.010176
0.131181 -0.0150163
0.13503 0.0226146
0.116294 -0.0111789
0.137791 0.00616817
0.132703 -0.0204399
0.133609 0.00840051
0.144498 0.00205131
0.151367 0.00298152
0.117546 0.00348788
0.13274 0.00827426
0.108092 0.00654376
0.10956 -0.00871479
0.130917 -0.0153349
0.134507 0.00944433
0.120996 -0.00531153
0.140544 0.00254106
0.128184 0.00665487
0.127149 -0.00872532
0.137847 0.020002
0.113822 0.00564035
0.147383 -0.0163114
0.108915 0.014392
0.115454 0.00663158
0.118525 0.0201903
0.16 0.00324932
0.115832 -0.00188442
0.128432 0.00438109
0.149779 -0.0207991
0.143688 0.0147881
0.141316 -0.0171775
0.128871 0.00686744
0.121279 0.00443286
0.130326 0.0188213
0.128365 0.00252717
0.136737 -0.000552551
0.103206 -0.00305708
0.130795 -0.00255301
0.118049 0.0168131
0.133649 -0.027538
0.140681 -0.0148699
0.131143 -0.0129602
0.141454 -0.00259859
0.116537 0.0111719
0.123452 0.00123992
0.126484 0.00625107
0.146109 -0.00283987
0.135024 0.0171038
0.128884 -0.00962438
0.116615 -0.00448143
0.130419 -0.00628681
0.14166 0.0104475
0.114904 -0.00596045
0.113352 0.0123182
0.133226 -0.0308773
0.138524 0.00635221
0.148723 0.00369239
0.145851 -0.0204616
0.110914 0.00787993
0.132133 0.0270623
0.112273 0.023296
0.129483 0.00698377
0.110653 -0.006772
0.11218 0.012047
0.129719 0.0075268
0.126678 -0.00424158
0.126057 0.00588001
0.129088 0.00777669
0.126114 0.0150468
0.135411 0.00559559
0.133627 0.000271579
0.127564 -0.00381693
0.0816048 0.00975735
0.108802 -0.0339234
0.135419 0.0136597
0.11648 0.0107165
0.129606 0.00455233
0.11843 0.00190141
0.148483 0.0157518
0.133518 -0.00104982
0.119386 -0.00965023
0.135209 0.0162774
0.124718 -0.00145065
0.134071 0.00602428
0.135826 0.00500215
0.137568 -0.0220712
0.151739 0.00808365
0.119821 -0.000118216
0.13311 0.00764772
0.127522 0.0117248
0.122667 -0.00896893
0.139862 -0.0128476
0.130005 -0.00568726
0.120627 -0.0061859
0.136626 0.0167977
0.136803 -0.00396454
0.13176 -0.00496302
0.126847 0.00589823
0.128399 0.0169157
0.133409 -0.00613069
0.128306 -0.00607441
0.144476 0.00456595
0.145216 0.014586
0.12215 0.0061428
0.121185 -0.0173732
0.136074 -0.00680247
0.119578 0.00182743
0.128861 0.0117071
0.123594 0.00966176
0.155144 0.00995454
0.139571 0.0247513
0.144059 0.00483049
0.128577 -0.0168156
0.118861 0.0122864
0.126674 0.0115553
0.116675 0.001922
0.126651 -0.00301148
0.126646 0.00545561
0.134388 0.0064937
0.135013 -0.0107398
0.11915 -0.00124016
0.118615 0.00159264
0.126198 0.00155111
0.126377 -0.00789053
0.11522 0.00557615
0.124511 -0.00254017
0.12637 -0.010394
0.134731 0.00822279
0.130234 -0.00475474
0.130935 0.00670175
0.143521 0.0215898
0.120934 -0.0119243
0.133905 -0.0044232
0.137788 0.00816315
0.138304 0.00524725
0.115238 0.0291905
0.129926 0.00448839
0.111913 -0.00165816
0.12937 -0.0101487
0.106753 0.00825231
0.140815 -0.00635312
0.143415 -0.0181033
0.133324 -0.00974872
0.138751 0.000737267
0.129815 0.012855
0.116415 0.0115712
0.14807 -0.000910072
0.132236 9.75318e-05
0.102718 0.0178473
0.120515 0.00357495
0.146451 0.0075649
0.124439 -0.0242441
0.124877 -0.00904865
0.133571 0.00368231
0.116203 -0.00514049
0.135947 0.00451552
0.129343 -0.00248528
0.150365 -0.0215998
0.134043 0.00806229
0.161755 0.0100538
0.12515 0.00462215
0.12049 -0.0105004
0.130577 -0.00274964
0.141968 -0.00110028
0.138141 -0.00128413
0.116529 -0.00758134
0.130188 -0.00550302
0.12216 -0.00201072
0.141379 -0.00363138
0.160013 0.0172846
0.121101 0.0132022
0.112339 -0.00192908
0.137213 -0.00716794
0.108205 0.015536
0.119796 -0.0133038
0.143616 -0.00741517
0.142923 -0.0115309
0.13261 0.00680095
0.140628 0.0103876
0.129492 -0.00775458
0.13888 -0.0130554
0.118037 0.0107275
0.110935 -0.0126179
0.118989 0.00373893
0.116022 0.00609778
0.107248 0.0150309
0.121146 0.00672427
0.118567 0.0215991
0.117188 0.00793482
0.136085 0.00841272
0.126175 0.00988428
0.130207 -0.011181
0.131245 0.00434464
0.134704 -0.0143128
0.12502 -0.00203198
0.114152 0.00509589
0.112724 0.00497195
0.152615 0.00970666
0.129597 -0.0107873
0.110924 0.0010359
0.12342 -0.0138999
0.126258 0.0134705
0.113054 0.0162082
0.117481 -0.00071521
0.143728 0.01095
0.134058 -0.00125604
0.120684 -0.0215261
0.156168 -0.000867867
0.121865 -0.00227743
0.128129 -0.00145537
0.115735 -0.00779512
0.117675 -0.012991
0.131761 -0.00011891
0.121308 0.00259253
0.123258 0.00555491
0.14023 -0.0040526
0.120829 -0.013227
0.111922 -0.00389134
0.112652 0.00301919
0.141119 -0.00223735
0.148603 0.00646407
0.125542 0.00462807
0.143634 0.0154838
0.114983 0.0100669
0.11197 0.0118916
0.148136 -0.0130099
0.127545 0.00559309
0.123664 -0.001075
0.122747 0.0152144
0.138174 -0.0234604
0.125717 0.00173022
0.131088 0.00793074
0.109021 -0.00025188
0.120603 -0.01711
0.125458 0.0113943
0.137072 0.0197647
0.121872 0.0031157
0.133308 0.0384203
0.115066 -0.00714707
0.117077 0.00789408
0.124533 0.00260633
0.125558 0.0145659
0.115631 -0.0137225
0.134279 0.00865204
0.130674 -0.00984237
0.128048 0.00531171
0.117797 -0.00231859
0.131004 0.00348386
0.143507 0.0029387
0.119206 -0.00744213
0.125705 -0.00609288
0.126445 -0.0125908
0.124064 0.0185525
0.125885 -0.00598696
0.121852 0.00180117
0.120925 -0.0143149
0.118246 -0.00145241
0.141389 0.012832
0.117042 -0.00867302
0.127252 -0.0110654
0.119677 -0.00805845
0.132345 -0.00661882
0.144753 -0.0123463
0.131486 -0.00206952
0.147273 -0.0185248
0.124005 0.0096361
0.116893 0.0163772
0.130181 0.00486957
0.139961 0.0249097
0.134929 0.0030117
0.122891 0.0176774
0.117323 -0.0167525
0.119092 0.00208546
0.131224 0.0103589
0.12517 -0.0131038
0.148747 -0.00263101
0.111739 -0.00593189
0.128313 -0.00536273
0.112533 -0.00302133
0.131409 -0.010142
0.130889 0.00321515
0.130121 0.0084533
0.137539 0.0112805
0.123891 -0.0034751
0.123093 -0.019292
0.167915 9.45587e-05
0.132976 0.00234401
0.107888 0.00771749
0.110252 -0.00606513
0.141606 -0.00734633
0.10857 0.0101816
0.116157 0.0178802
0.135036 -0.00632037
0.123609 0.00040006
0.107735 0.0098497
0.139487 0.00461758
0.131855 0.0115879
0.133287 -0.0137099
0.133225 0.0073736
0.15954 -0.020602
0.130081 -0.0089663
0.125945 0.0096717
0.156303 0.00725757
0.111189 0.00816829
0.106704 -0.00219859
0.118683 0.007545
0.122548 -0.0132973
0.0978608 0.015499
0.11477 -0.00031586
0.112496 -0.0191736
0.118646 -0.00853278
0.117573 -0.00994275
0.131468 -0.0147428
0.121246 0.00422122
0.124606 -0.00261493
0.123574 -0.0184788
0.121188 0.00204136
0.12507 -0.00518093
0.142232 0.0263732
0.126223 0.0149804
0.133801 0.0041758
0.131869 0.0101051
0.128726 -0.0056374
0.128419 -0.00305991
0.119957 0.00232312
0.133753 0.0109525
0.135435 0.0166752
0.123031 0.00400416
0.138136 0.00258987
0.137401 -0.00918899
0.145589 0.00815561
0.131839 0.0018776
0.117485 -0.000411695
0.129619 -0.0124087
0.110463 0.0235562
0.11369 0.0107736
0.13456 -0.00517556
0.13433 -0.00049419
0.126327 -0.000128592
0.11899 -0.00724485
0.125924 0.00697833
0.134754 -0.0029419
0.122202 -0.0101561
0.125331 -0.0164782
0.114926 0.00145329
0.130184 0.00172258
0.132916 0.0209759
0.127989 0.00468982
0.129069 0.0160043
0.118549 0.00479643
0.119794 -0.00783806
0.134851 0.00434668
0.129586 0.0122234
0.136526 0.0104333
0.135046 -0.00557383
0.139656 -0.015553
0.132136 -0.0111233
0.14182 -0.00459407
0.129855 -0.00995344
0.115209 0.0268421
0.141421 0.0122385
0.135255 -0.0057249
0.135281 -0.013979
0.135556 -0.00467633
0.131913 0.00687562
0.127499 0.00735332
0.134479 0.00360596
0.140103 0.0177697
0.134127 0.00269947
0.116785 0.000109739
0.13871 0.000162421
0.136588 -0.00423985
0.134079 -0.0099658
0.127854 -0.00239685
0.134701 -0.000173357
0.113848 -0.0106561
0.123636 -0.00421888
0.12201 -0.0105042
0.135088 -0.00542793
0.128443 -0.0209725
0.170668 -0.00639419
0.122045 -0.00539227
0.118979 -0.00956403
0.13516 0.0102648
0.142077 0.00698034
0.143383 -0.00443211
0.133648 -0.00970307
0.143144 0.012573
0.128406 -0.00332177
0.137506 -0.0153829
0.135761 0.00405439
0.118063 -0.00915819
0.13456 -0.00672575
0.104358 0.0213099
0.121184 -0.00507672
0.0997011 0.00767046
0.136417 -0.0115003
0.143209 0.00941564
0.138294 0.0173332
0.117043 -0.00775712
0.132139 -0.00409536
0.113835 -0.017148
0.130945 -0.00241416
0.149144 -0.0109012
0.106601 0.0181964
0.133356 0.00551359
0.120167 0.0253697
0.114335 0.00225581
0.123436 0.0181728
0.12954 -0.0160525
0.124739 -0.00162691
0.12548 0.000891198
0.129552 -0.0198433
0.110914 0.00309875
0.109416 0.00358662
0.146427 -0.0150941
0.109069 0.00978199
0.146939 0.0168925
0.131187 0.0103785
0.122155 -0.0187281
0.138804 -0.0156218
0.108059 0.00444364
0.132066 0.0112905
0.145576 -0.00410678
0.123653 0.0172284
0.130855 0.00994175
0.147093 0.00589746
0.15659 -0.00517172
0.121757 0.0209754
0.144661 0.0228233
0.151893 -0.00591051
0.12348 -0.010594
0.134424 -0.0118408
0.1269 0.00160363
0.128462 0.00457883
0.125159 -0.0031038
0.12469 -0.00233715
0.129056 -0.0124551
0.132661 -0.0383385
0.124764 0.0147255
0.146497 -0.00462
0.147964 -0.00159783
0.114423 -0.00652275
0.133059 -0.0178223
0.129354 0.0221854
0.125346 -0.0171366
0.13262 0.0130988
0.131509 -0.00288359
0.133008 0.0103787
0.14068 -0.0275997
0.121733 0.0076386
0.122998 -0.00287978
0.125154 -0.00396453
0.117602 -0.0253601
0.130937 0.0102809
0.118662 0.00229902
0.122154 0.0321778
0.127976 0.00236871
0.131367 0.00236884
0.132418 0.00631329
0.124468 -0.00316104
0.121047 -0.00373874
0.118004 -0.0124077
0.121225 -0.0122674
0.132448 -0.00595841
0.123192 -0.00124243
0.130658 -4.79307e-05
0.124604 -0.0150682
0.139025 0.0167672
0.119786 0.0238502
0.10627 0.00548561
0.149015 -0.00270834
0.119121 -0.00272765
0.130198 -0.00968159
0.120443 -0.0218594
0.125057 -0.00831359
0.104816 0.0138434
0.13487 0.00164719
0.140072 -0.029195
0.120049 1.58847e-05
0.130526 0.0257289
0.129938 -0.0050299
0.11451 0.00669214
0.130453 0.0140208
0.135232 -0.00573624
0.128374 0.006919
0.121451 0.00151242
0.113498 -0.015806
0.12633 -0.0033916
0.129148 -0.00711835
0.13669 0.0102728
0.120058 0.0174994
0.136639 0.00113436
0.114386 -0.00374761
0.130677 -0.0142363
0.123346 -0.0272443
0.13191 0.00811485
0.116993 0.0331053
0.121325 0.00090114
0.128967 0.00702971
0.122393 -0.00446664
0.122703 0.00703638
0.109441 0.0190386
0.136994 -0.0127891
0.145988 0.00519535
0.12908 0.00350026
0.15409 -0.0207038
0.130148 0.0192235
0.127439 -0.00890253
0.115506 0.00258775
0.144165 0.00876854
0.116886 -0.00313387
0.127934 -0.000218251
0.116973 0.0113244
0.129712 -0.0110264
0.136874 -0.0085992
0.142461 0.00642329
0.125361 -0.00681441
0.149666 0.0177498
0.150792 -0.00395525
0.145931 0.0242943
0.104947 0.000504892
0.117142 -0.00885585
0.116213 -0.0272381
0.124386 -0.0201748
0.12186 0.00733058
0.124274 0.00032542
0.149677 -0.00165636
0.118154 0.00524758
0.134535 0.0177443
0.14079 -0.00653053
0.133961 -0.00582543
0.132558 -0.0122552
0.0974793 -0.0044972
0.132423 0.00576119
0.127764 -0.00752566
0.145193 0.000216534
0.126479 0.0128105
0.1292 0.0224323
0.108331 -0.00361202
0.132393 0.0101978
0.11934 -0.00996978
0.124498 -0.0124853
0.119446 0.00253062
0.133426 -0.00182637
0.113319 0.00218878
0.127344 -0.00414524
0.123018 0.0188936
0.126361 0.00952877
0.144927 -0.0188016
0.128736 -0.00322253
0.131701 0.012957
0.128155 0.0105982
0.148675 0.00582018
0.131533 0.00893107
0.138795 -0.00487273
0.143845 0.0189819
0.136196 0.015995
0.109901 -0.00206745
0.135004 -0.00449974
0.122486 -0.00568745
0.13511 0.000869966
0.138748 -0.00207388
0.111239 0.0152674
0.142473 0.00445185
0.146076 -0.0154793
0.13526 -0.013702
0.124545 -0.0159447
0.122398 0.00394703
0.123795 -0.021316
0.113955 0.0102452
0.120975 0.00964779
0.126096 -0.0073752
0.140246 0.00850805
0.127217 0.00454501
0.13639 -0.0169798
0.122543 -0.0163882
0.106037 -0.0131022
0.114826 0.022098
0.120247 0.00495584
0.120549 0.00938789
0.136147 -0.0145282
0.152904 0.014923
0.156769 -0.0256838
0.130318 -0.00830461
0.11908 -0.00390283
0.134746 -0.0258196
0.122649 0.0141134
0.122361 0.0121587
0.130094 0.00642752
0.11072 -0.00416586
0.119631 0.0209909
0.144741 -0.00338089
0.109167 0.00211102
0.127117 -0.0149545
0.10931 -0.0115925
0.116205 0.0112109
0.115952 -0.00622209
0.114097 -0.0170466
0.127712 -0.0154332
0.142761 -0.0121871
0.140398 -0.00457467
0.105527 -0.00713123
0.122027 0.0017378
0.127003 0.00463294
0.140841 -0.0304975
0.124196 0.00302149
0.126258 -0.0174035
0.134715 -0.00542133
0.130495 0.00562005
0.118055 0.00884494
0.123638 0.00135846
0.128569 -0.00696191
0.136031 -0.00601678
0.15386 -0.00335645
0.136862 0.00890532
0.112015 0.0294683
0.113334 -0.00180863
0.103297 -0.00162536
0.118068 0.0171979
0.142567 -0.0019076
0.131665 0.00955615
0.120704 0.00769949
0.110678 0.00802683
0.132293 -0.0132401
0.134583 0.0120474
0.133034 -0.000424982
0.130813 -0.000460498
0.139277 0.00347837
0.130012 -0.0168366
0.1026 -0.00898935
0.121625 -0.00860891
0.0992826 0.016059
0.137486 0.00964166
0.120502 -0.000253473
0.110039 -0.00441566
0.120322 0.0152782
0.120321 -0.0253846
0.11474 0.00866413
0.103822 -0.00450082
0.10314 -0.00870605
0.147504 -0.0275474
0.121124 -0.0280829
0.135026 -0.0163602
0.124974 0.00617114
0.122959 -0.00897854
0.108323 0.0207464
0.128131 0.0117794
0.12529 -0.00671979
0.124477 -0.00532254
0.143555 0.02267
0.133642 -0.0212878
0.15057 0.0109527
0.118503 -0.00480048
0.121735 -0.000656888
0.120803 0.0161567
0.13146 -0.022116
0.117912 0.000693173
0.128021 0.0129175
0.117449 0.00537752
0.118852 -0.00989555
0.119948 -0.0146133
0.135966 -0.00485207
0.127553 -0.00422109
0.137404 0.00652021
0.118782 -0.0212209
0.11876 -0.00535683
0.141272 0.0158726
0.129579 0.0107805
0.134238 0.0160233
0.1254 0.0143479
0.140842 0.00575276
0.136367 -0.00448431
0.141342 -0.0214092
0.136867 0.00793328
0.143475 0.00565688
0.124939 -0.00328755
0.112894 0.0132445
0.126429 0.0226213
0.146629 -0.0050061
0.122329 -0.0146038
0.114605 0.00210996
0.142095 -0.0149164
0.127616 0.00336646
0.140049 -0.00131276
0.118798 0.0157586
0.12556 0.00520061
0.114919 0.00357722
0.12917 -0.0193776
0.124447 -0.000403488
0.114533 -0.00381206
0.122375 0.0115388
0.145896 -0.00136326
0.149802 -0.00303468
0.104772 0.00746094
0.11409 0.00683249
0.129477 0.0143968
0.134468 -0.0231692
0.139583 -0.00268379
0.142204 -0.00549951
0.115648 -0.00136423
0.134258 -0.000417829
0.108219 0.00767749
0.124828 0.00432196
0.148921 -0.00918939
0.125543 -0.00431404
0.137897 0.00262891
0.138344 0.000475689
0.11733 -0.000515329
0.137353 0.000837684
0.115112 0.0158146
0.129905 -0.00584487
0.138176 -0.000688666
0.135849 -0.00428612
0.135841 -0.0216307
0.132409 0.0115204
0.128759 -0.00448363
0.11613 0.00906156
0.152852 -0.00882939
0.12012 0.0144382
0.106053 0.00406435
0.140552 0.0156981
0.125759 0.00713334
0.107004 0.00344149
0.142594 -0.00113436
0.153642 0.000897969
0.143164 -0.00325948
0.140889 -0.00731745
0.122174 -0.0052669
0.0994788 0.00726531
0.134779 0.00344031
0.115607 0.0108049
0.1289 -0.0099264
0.124212 0.0093193
0.132564 -0.0152919
0.124708 0.0186077
0.148204 -0.0116563
0.119881 -0.00113808
0.136989 0.0012232
0.144541 -0.0033574
0.116841 0.0176697
0.146759 0.00499659
0.133081 -0.00346398
0.11839 -0.0124804
0.137621 -0.000886634
0.133469 -0.0202049
0.121231 0.00730907
0.122919 0.00352378
0.12286 0.00422225
0.143292 0.0059315
0.139005 0.0085038
0.094304 -0.000348654
0.114127 -0.003672
0.096019 -0.00942564
0.130073 -0.00522464
0.146608 0.0194514
0.123119 -0.0277194
0.140535 0.00746878
0.137848 -0.00480331
0.117321 -0.00515444
0.117432 0.0107145
0.138402 0.00548399
0.110829 0.00571527
0.145629 -0.0105859
0.130325 -0.0185621
0.12139 -0.0078284
0.138034 0.0106057
0.134832 0.00201879
0.125185 -0.00566522
0.113085 -2.87417e-05
0.111892 0.000135075
0.152698 0.0051659
0.156394 0.00736211
0.108653 0.012073
0.126287 -0.0131178
0.110125 0.000750875
0.126397 -0.00184721
0.129579 -0.0136874
0.121969 -0.0266986
0.142293 -0.010574
0.14221 -0.00718161
0.126503 -0.00778697
0.127946 0.00202091
0.133168 0.00366325
0.120688 0.00672342
0.107471 -0.0147749
0.121294 -0.0079562
0.117147 -0.00819966
0.137558 -0.0189582
0.125834 -0.00990771
0.119658 -0.00381894
0.137615 -0.00197455
0.117097 -0.023375
0.0897698 -0.000542077
0.13079 0.00737347
0.129595 0.00147932
0.144801 0.00167559
0.130418 0.00652268
0.123285 0.0118097
0.142646 -0.00150353
0.132425 -0.0204857
0.14168 0.0162259
0.123354 -0.00201898
0.139043 0.00175506
0.121912 0.015744
0.102158 -0.00811625
0.117097 -0.00807507
0.136266 -0.00177822
0.105704 -0.00118415
0.143571 0.00997726
0.152386 0.000783909
0.135888 0.0153887
0.0966684 -0.00481557
0.128909 -0.00490168
0.126622 0.00500913
0.147552 0.000636274
0.137021 -0.0100781
0.107131 -0.00629073
0.113603 -0.00585138
0.149142 0.0279079
0.125155 -0.00867322
0.111721 -0.0136624
0.122881 0.0032259
0.120309 -0.00721457
0.113103 -0.0082801
0.107245 0.0222797
0.124882 0.00300324
0.117757 -0.0165898
0.129782 -0.000382601
0.0951104 -0.00446371
0.119721 0.0251812
0.124595 -0.000219224
0.128268 -0.0250755
0.129481 -0.0169861
0.142062 -0.0148351
0.147042 -0.00530025
0.116065 0.00665565
0.133976 0.00620955
0.138655 0.00439958
0.116448 0.0198885
0.137829 -0.0148259
0.124582 -0.0112266
0.12231 -0.0048863
0.126867 0.00882072
0.124365 -0.0187534
0.116921 0.00315236
0.120645 -0.0141455
0.118763 -0.00662126
0.143591 -0.000108848
0.120042 -0.0128097
0.123524 -0.0178686
0.126636 0.00802414
0.126694 0.000552099
0.130538 -0.0265692
0.126265 0.00397979
0.124367 -0.00289256
0.139618 -0.00962203
0.12624 -0.00243918
0.133902 -0.00583093
0.113638 -0.0169217
0.131755 -0.017515
0.134375 0.00240239
0.134466 0.00797518
0.111751 -0.00835223
0.137325 0.0162288
0.113143 0.00894541
0.146698 -0.00886075
0.1304 0.00459679
0.129919 0.0104765
0.113675 0.0108414
0.120718 -0.00381519
0.111103 0.00741787
0.142486 0.00371513
0.130764 0.00661442
0.143418 0.00213593
0.124043 0.00660859
0.124762 5.14174e-05
0.114017 -0.00416101
0.133675 0.0271965
0.106165 -0.00221517
0.138724 -0.0144155
0.119525 -0.000981864
0.164257 0.0156685
0.118587 0.000720448
0.116327 0.0145529
0.127911 0.00230693
0.11409 -0.0168283
0.12083 -0.00385593
0.14407 -0.0253477
0.155243 -0.00727296
0.124326 0.00672862
0.137594 0.00911586
0.12453 0.0015148
0.125229 -0.00742834
0.123467 -0.00129613
0.135638 0.0246087
0.130506 0.00616535
0.123262 0.0146932
0.136527 -0.00865189
0.102213 0.00150559
0.127294 0.00743183
0.140927 0.0014639
0.124144 -0.0189195
0.128869 -0.00409753
0.115644 0.0109165
0.1278 0.00925234
0.113302 -0.00821984
0.133746 -0.00797671
0.142445 0.00464215
0.136802 -0.00962068
0.134379 -7.18208e-05
0.133857 0.00647023
0.129613 -0.000650657
0.111964 0.0110799
0.130448 0.0126357
0.138439 -0.0111408
0.124676 0.00791217
0.126986 0.00319887
0.15272 -0.0136437
0.133668 -0.000850967
0.100889 -0.0263871
0.131029 0.0124438
0.114313 0.00444293
0.132692 -0.00434615
0.13466 -0.0132053
0.118068 -0.00734637
0.149216 0.00706929
0.119943 -0.0117264
0.11971 0.0234112
0.119554 0.00431567
0.135681 -0.000740373
0.124183 -0.0239344
0.13923 0.0214352
0.13616 0.00898714
0.164616 0.00488929
0.142551 -0.011295
0.141585 -0.00299295
0.140895 -0.0099404
0.121551 -0.00651705
0.143389 -0.000484816
0.123714 0.00785789
0.122402 0.00378076
0.141385 -0.00730457
0.142943 -0.0155393
0.117 -0.0161511
0.121651 0.00853172
0.116914 0.0141375
0.135891 0.00600913
0.118697 -0.0112048
0.139856 0.00898367
0.121572 0.00242285
0.153663 -0.0141165
0.122029 0.0288422
0.126357 0.000874059
0.138043 0.016909
0.138483 -0.000693822
0.123175 0.00607356
0.129673 0.0168638
0.137688 0.00262666
0.132272 -0.00872447
0.121178 -0.0303227
0.136686 0.0171252
0.131953 0.00943504
0.125797 -0.0250265
0.141933 0.0111752
0.151102 -0.0211739
0.118536 -0.00656286
0.117274 0.00525668
0.125301 0.0227088
0.116648 -0.0023673
0.121033 -0.00204615
0.122691 -0.00944712
0.130849 -0.0064711
0.114766 -0.0125711
0.132301 -0.0130417
0.121248 0.00309367
0.132989 -0.00634206
0.119248 -0.00300075
0.123451 0.0127526
0.135314 0.00862191
0.13939 0.00420537
0.127847 0.00272622
0.130756 -0.0145831
0.112117 -0.00931657
0.145015 -0.00372237
0.128116 0.0036597
0.145925 -0.00796009
0.121477 0.00273111
0.123648 0.0026615
0.141807 0.0153731
0.127137 0.0223466
0.12959 0.0119553
0.126182 0.00748713
0.121913 0.00690886
0.134891 -0.0194585
0.147334 -0.0142977
0.123848 0.00486515
0.147641 0.00686863
0.146139 -0.00621571
0.141396 -0.00740349
0.125493 0.0214034
0.128327 -0.00674636
0.110678 -0.00361181
0.138457 0.00104268
0.142708 0.0051363
0.126937 -0.0110884
0.136815 -0.000981965
0.112825 0.00532664
0.13372 -0.00148331
0.132971 -0.00155016
0.144292 -0.00292894
0.126115 -0.0154903
0.143763 -0.020541
0.101093 -0.000786565
0.119855 0.00923727
0.123884 -0.0104216
0.134894 0.0112101
0.142336 0.00512481
0.130945 0.0221976
0.141356 0.012674
0.12889 0.0025039
0.136719 -0.00634051
0.117774 0.000962372
0.123798 -0.0245926
0.128825 0.00879338
0.113847 0.0260816
0.117224 0.0140294
0.125999 0.00574181
0.133695 0.01217
0.130475 0.00381969
0.117032 0.0187849
0.139502 -0.00730547
0.123821 0.00180894
0.129405 0.0178764
0.125323 0.00724165
0.121976 0.0231724
0.132775 0.0031762
0.121418 0.0158604
0.129633 -0.00560909
0.130995 0.0111327
0.119127 0.00194698
0.122285 0.0128914
0.14454 -0.00777755
0.125552 -0.00794665
0.131858 -0.00347057
0.121331 -0.00599183
0.114519 -0.0216811
0.138782 -0.00146594
0.127976 -0.00188474
0.1357 0.0136611
0.113747 0.0119453
0.143669 0.0230609
0.125387 0.0103926
0.122644 -0.00131085
0.137411 0.00194295
0.1338 0.00371661
0.141264 -0.00897482
0.123041 -0.00343465
0.124834 0.00603946
0.138299 0.00838796
0.124293 0.0193092
0.130764 0.00212414
0.124273 0.00816794
0.123038 -0.0208047
0.126399 -0.0160222
0.139754 -0.0135535
0.118893 -0.0082546
0.1215 -0.024612
0.121368 0.00767665
0.101752 0.00186524
0.119992 -1.315e-05
0.144435 0.00960832
0.134926 -0.00970062
0.127797 0.00599265
0.134217 0.00502066
0.130871 0.0026255
0.129867 0.00356705
0.12532 -0.00300506
0.108576 0.000783356
0.120927 -0.0136956
0.13642 0.0157072
0.124196 0.0039418
0.143221 -0.00577913
0.127383 0.028484
0.116212 -0.00167808
0.129944 -0.00146956
0.132158 -0.00390568
0.135426 -0.00196668
0.141752 0.00489644
0.133261 -0.0125208
0.124638 -0.0153005
0.157398 -0.0113456
0.122051 -0.00281996
0.135676 -0.00887746
0.134303 0.00251175
0.136561 -0.00419249
0.13366 -0.01229
0.12831 -0.0143765
0.131625 -0.000242747
0.130093 0.00638327
0.113298 -0.00489513
0.124172 -0.00174343
0.143648 -0.00940794
0.132346 -0.0212516
0.12815 0.00530893
0.101474 -0.00712423
0.12356 -0.0147162
0.109164 0.00393204
0.119302 -0.00996402
0.124711 0.00788401
0.139013 -0.0121768
0.141993 -0.0136892
0.135751 -0.0112531
0.125061 0.00162618
0.145947 -0.0144032
0.140216 0.00404602
0.132955 -0.0092107
