0.231361 0.0844525
0.203069 0.0374585
0.0808223 0.0794662
0.133892 0.0913619
0.0843304 0.262817
0.083241 0.215411
0.155814 0.133623
0.143094 0.203399
0.0366898 0.0338972
0.0640846 0.0274038
0.085761 0.125394
0.167184 0.144856
0.127393 0.202224
0.104756 0.222774
0.0730545 0.0320684
0.0527752 0.15953
0.0261906 0.133708
0.0897415 0.0800244
0.0544471 0.180375
0.141174 0.12096
0.125916 0.139455
0.0758404 0.066954
0.114868 0.211658
0.1009 0.0665924
0.135231 0.122019
0.0676281 0.0301179
0.135127 0.0282151
0.0283261 0.13185
0.195377 0.121406
0.0605771 0.149054
0.147026 0.0335519
0.122374 0.0923077
0.108383 0.104498
0.0535109 0.0960475
0.0236317 0.138118
0.106508 0.193024
0.122697 0.0214357
0.104624 0.214602
0.0465865 0.174126
0.111745 0.12943
0.0858841 0.199511
0.0407016 0.112504
0.103467 0.113923
0.0825612 0.22339
0.149063 0.142686
0.113439 0.0209056
0.0393055 0.075325
0.15366 0.100843
0.0856041 0.0544143
0.113044 0.0841684
0.149173 0.0793261
0.131019 0.118029
0.154695 0.242524
0.128348 0.191952
0.0968855 0.167838
0.128521 0.0539165
0.0797718 0.0191981
0.128369 0.182977
0.10226 0.271747
0.0623599 0.289636
0.0877326 0.177483
0.107722 0.210902
0.0561196 0.0234618
0.0434216 0.182414
0.132478 0.100572
0.0699775 0.0289672
0.0817633 0.114146
0.0886023 0.083188
0.128893 0.189208
0.0503204 0.0601412
0.145881 0.0861431
0.143033 0.159492
0.0476241 0.175318
0.0638575 0.0956354
0.0629561 0.174719
0.0926044 0.11777
0.122761 0.247418
0.0395678 0.300979
0.0967701 0.1921
0.0526181 0.197195
0.0820821 0.0544465
0.110411 0.0755231
0.153532 0.0512323
0.0827389 0.0602616
0.0399398 0.141427
0.110931 0.091991
0.0703007 0.00911136
0.0333126 0.162647
0.0355725 0.0901012
0.0240196 0.0865798
0.117512 0.076833
0.132837 0.0824033
0.200946 0.205693
0.00786379 0.0483527
0.0509564 0.112512
0.222237 0.0792366
0.157216 0.138363
0.0890294 0.274753
0.108354 0.162969
0.126952 0.118086
0.13314 0.0630273
0.137633 0.0613468
0.100618 0.139018
0.048116 0.0890722
0.154199 0.0738344
0.196744 0.148039
0.094198 0.121048
0.0322683 0.0488784
0.206464 0.136336
0.108058 0.182305
0.0550797 0.16882
0.162308 0.0528984
0.103142 0.180241
0.0633799 0.0524782
0.160803 0.0702042
0.113523 0.316315
0.0779062 0.0555192
0.0507486 0.242034
0.12842 0.237982
0.173873 0.130773
0.156879 0.0337931
0.0459125 0.122261
0.078373 0.170397
0.0359701 0.129533
0.0740047 0.0750673
0.0540475 0.133195
0.173469 0.0429084
0.068264 0.0749785
0.0558329 0.0384251
0.192723 0.0707337
0.036386 0.0667618
0.0675491 0.322721
0.140656 0.330154
0.100335 0.0786451
0.0442712 0.0751569
0.0782836 0.0978618
0.0435337 0.0948966
0.0812807 0.141684
0.015154 0.0686759
0.0962777 0.0778021
0.026319 0.0575964
0.112682 0.125648
0.0781732 0.079381
0.04127 0.280996
0.0684281 0.115577
0.15651 0.100254
0.0872856 0.206136
0.121463 0.144788
0.150926 0.291728
0.110816 0.260974
0.189821 0.100553
0.0967912 0.232753
0.102795 0.0446789
0.0764363 0.110248
0.0993309 0.220434
0.0229764 0.0919967
0.13257 0.218008
0.0254209 0.216197
0.118692 0.100405
0.139025 0.0259219
0.0212384 0.170423
0.215752 0.186792
0.0835416 0.10044
0.0161258 0.207644
0.0856393 0.0657715
0.188797 0.0817237
0.088466 0.0632188
0.0682615 0.0267343
0.0521443 0.12574
0.195472 0.109072
0.0203761 0.0528698
0.0575831 0.0758954
0.118957 0.141656
0.119567 0.0717162
0.0504265 0.128849
0.0936781 0.164306
0.180971 0.111663
0.0982434 0.122731
0.0410602 0.131714
0.0387248 0.127468
0.0461606 0.148362
0.0625241 0.119987
0.153706 0.122152
0.0538126 0.158998
0.047664 0.142812
0.0827089 0.316337
0.0660762 0.205428
0.11057 0.14151
0.0580139 0.0477793
0.0435047 0.125949
0.00302038 0.133643
0.0969152 0.141821
0.140686 0.105713
0.128237 0.0749148
0.0822625 0.0845026
0.0852497 0.0369247
0.0888435 0.144207
0.282207 0.12377
0.0905905 0.146553
0.0313385 0.193098
0.0652211 0.0124924
0.192495 0.11237
0.0864668 0.127094
0.0523215 0.215613
0.0839619 0.038588
0.0224924 0.127265
0.0970591 0.159671
0.0459551 0.249403
0.151542 0.231423
0.0577341 0.0884511
0.124564 0.0875045
0.106769 0.216252
0.0517549 0.146746
0.139472 0.170256
0.153413 0.107884
0.146002 0.137218
0.120979 0.177169
0.078908 0.102777
0.099144 0.0535075
0.0657543 0.0371024
0.125021 0.171043
0.127538 0.151259
0.087114 0.0427015
0.0225153 0.0532178
0.0270991 0.0828512
0.0434708 0.0979525
0.0241034 0.115872
0.124741 0.0716228
0.0423627 0.265899
0.0737891 0.15261
0.055632 0.0986299
0.0558559 0.143542
0.0925644 0.248155
0.0994687 0.0635918
0.0744425 0.244398
0.075352 0.314685
0.162865 0.124802
0.0188253 0.202155
0.197922 0.184729
0.140225 0.0577165
0.131202 0.111346
0.0988334 0.239176
0.0818166 0.0381319
0.105356 0.166032
0.0377496 0.206863
0.191587 0.14771
0.0868919 0.262844
0.142389 0.185489
0.132739 0.0894167
0.102901 0.0891713
0.0350149 0.103587
0.0760004 0.186069
0.0370949 0.135472
0.106592 0.0977055
0.134928 0.140254
0.0877139 0.1358
0.0368689 0.0935218
0.16475 0.289167
0.111478 0.153511
0.117323 0.0489103
0.0369329 0.146651
0.0425215 0.0204501
0.102548 0.124183
0.0505471 0.142233
0.117722 0.190812
0.100726 0.130108
0.162419 0.130208
0.053144 0.040116
0.0911022 0.08373
0.179313 0.154305
0.166958 0.124949
0.0196334 0.060486
0.168413 0.0822915
0.0474032 0.164411
0.0771985 0.40017
0.105803 0.248297
0.0465655 0.0537853
0.163534 0.101689
0.08841 0.288951
0.0213722 0.18281
0.0470162 0.0790282
0.0793505 0.156939
0.0982615 0.0450959
0.0894821 0.117724
0.0880832 0.162593
0.111372 0.129955
0.0613441 0.191321
0.0501418 0.0837975
0.148256 0.158855
0.060301 0.132526
0.126558 0.182928
0.103759 0.0948269
0.0106911 0.0548392
0.136946 0.101491
0.0699271 0.0729071
0.105878 0.200099
0.0608667 0.0682361
0.0819438 0.114372
0.10704 0.151704
0.112776 0.140888
0.15892 0.0688777
0.132909 0.132541
0.0499496 0.0721178
0.0657112 0.170631
0.0773973 0.0926968
0.132802 0.179281
0.0732606 0.159484
0.0881494 0.227002
0.0882292 0.193115
0.100109 0.0486665
0.0273326 0.209461
0.0716356 0.135848
0.118298 0.0522009
0.0999937 0.0610633
0.0575772 0.110907
0.0999702 0.230977
0.167353 0.194895
0.053706 0.183395
0.150114 0.16665
0.0604678 0.266637
0.106836 0.165966
0.159577 0.290728
0.158128 0.115658
0.108443 0.217995
0.0851575 0.0658031
0.0826741 0.0790197
0.189081 0.244792
0.172905 0.0895843
0.0592663 0.114516
0.0955868 0.107995
0.0648553 0.254118
0.0915282 0.163907
0.181489 0.0502482
0.192625 0.155365
0.0484646 0.106533
0.120515 0.258327
0.0854683 0.131634
0.124222 0.0716389
0.0212396 0.0423988
0.0297139 0.30829
0.102126 0.0266759
0.0693794 0.120414
0.0447344 0.150498
0.0622072 0.00994561
0.0381964 0.106085
0.151011 0.0971691
0.131721 0.166913
0.201702 0.106569
0.0423198 0.201177
0.0642554 0.136142
0.0786102 0.0236563
0.119787 0.134398
0.0951362 0.0874636
0.051353 0.167512
0.0924093 0.206609
0.059074 0.122693
0.0424856 0.201992
0.0381595 0.0710937
0.104736 0.103254
0.16534 0.0850707
0.102933 0.101542
0.0934877 0.0963529
0.0812679 0.0624946
0.135598 0.121076
0.0491178 0.226393
0.0627109 0.274283
0.0957219 0.0884995
0.210668 0.100354
0.0872189 0.164942
0.0974916 0.060524
0.058754 0.0743289
0.0449254 0.187932
0.121683 0.186957
0.0709627 0.137582
0.0397333 0.20621
0.169294 0.142933
0.0261277 0.192964
0.121124 0.159764
0.0344561 0.103776
0.0419994 0.255902
0.0743878 0.180581
0.127448 0.118387
0.0980731 0.0834292
0.0947123 0.165727
0.0913058 0.216859
0.10375 0.131637
0.0894133 0.216438
0.0815469 0.156772
0.0410886 0.127626
0.112969 0.111638
0.138609 0.106183
0.146827 0.279985
0.148036 0.305944
0.0816402 0.251812
0.0437965 0.15605
0.0878956 0.029833
0.167596 0.0657258
0.0984696 0.154145
0.0476003 0.16299
0.107551 0.157021
0.0984353 0.108171
0.0618588 0.145795
0.0406149 0.0923523
0.0532421 0.101482
0.188831 0.13357
0.0434932 0.119573
0.0749182 0.0442672
0.0939757 0.110404
0.127624 0.145122
0.0287005 0.139494
0.0912067 0.0970039
0.065216 0.210166
0.0998544 0.299863
0.0220168 0.254384
0.167278 0.229691
0.0811645 0.247639
0.238446 0.0510923
0.107553 0.189561
0.0122175 0.194082
0.101184 0.106765
0.0721642 0.2393
0.0649165 0.0197042
0.0690795 0.0759212
0.0279771 0.142009
0.112122 0.174966
0.0730784 0.121692
0.0269978 0.103753
0.131984 0.0491178
0.0776993 0.153807
0.0639624 0.122833
0.164957 0.180439
0.123247 0.0756527
0.047317 0.0362469
0.0550981 0.0460519
0.0440517 0.15381
0.0877318 0.17274
0.0459065 0.163093
0.0693198 0.136931
0.055185 0.0334194
0.0813221 0.0927044
0.130893 0.157771
0.127185 0.0998123
0.122515 0.173681
0.0990039 0.114883
0.0652111 0.126375
0.0618666 0.103745
0.178818 0.137177
0.0999155 0.21643
0.143897 0.0929215
0.052217 0.201357
0.055404 0.032465
0.0656592 0.184037
0.16037 0.119042
0.0707071 0.116318
0.149966 0.0590377
0.0582232 0.107696
0.162185 0.114511
0.121761 0.101217
0.090653 0.0400156
0.0709075 0.190105
0.10555 0.200189
0.109014 0.124909
0.0465401 0.0684127
0.100688 0.140065
0.0832566 0.129426
0.128541 0.121209
0.108909 0.155633
0.0959175 0.15981
0.0774055 0.116591
0.0907899 0.0569764
0.0859976 0.16537
0.0795769 0.116085
0.194598 0.134525
0.130312 0.234313
0.0459259 0.233793
0.116116 0.12642
0.0895036 0.129204
0.131635 0.020552
0.0986462 0.0933649
0.0725133 0.11862
0.0299002 0.0287639
0.0210722 0.0194514
0.110832 0.102339
0.0388587 0.147075
0.114566 0.0874329
0.0367079 0.0993936
0.0790439 0.209826
0.0839839 0.132149
0.0502659 0.130357
0.11235 0.131172
0.0485772 0.0823633
0.0650521 0.161902
0.128727 0.156178
0.116933 0.251885
0.0903392 0.192467
0.0629969 0.0717989
0.0620897 0.120824
0.133163 0.123671
0.141351 0.117524
0.124095 0.179041
0.0877249 0.193806
0.116749 0.0358027
0.0960502 0.190707
0.201651 0.0757489
0.127963 0.130029
0.0222052 0.11402
0.114953 0.130659
0.0720245 0.0653845
0.0474638 0.0900772
0.0514031 0.274652
0.0498714 0.167606
0.0254954 0.109824
0.0994937 0.144127
0.0911341 0.0581966
0.0791765 0.0375273
0.0898348 0.0911855
0.0322243 0.0502372
0.0627651 0.115146
0.165735 0.142341
0.0187608 0.201104
0.0294083 0.116627
0.0517854 0.13615
0.0627443 0.149786
0.114096 0.110603
0.124461 0.0263389
0.0862315 0.117585
0.0983454 0.101946
0.15421 0.0677263
0.0682924 0.105156
0.0505103 0.15505
0.0513785 0.140481
0.102476 0.0492906
0.150612 0.234058
0.0158092 0.170228
0.0909231 0.0452858
0.143424 0.144892
0.21319 0.0781206
0.0454866 0.0477528
0.0575551 0.066786
0.0331779 0.169278
0.0973612 0.180575
0.0810173 0.137637
0.23911 0.135042
0.0604008 0.0711306
0.0358279 0.158907
0.0452766 0.17259
0.0419435 0.0632584
0.0674815 0.248434
0.068772 0.0926816
0.0724194 0.0758839
0.12675 0.197661
0.0676753 0.213167
0.0596922 0.0851273
0.105297 0.119013
0.0504847 0.193489
0.0904308 0.140801
0.0352032 0.136483
0.0996558 0.306818
0.0208544 0.211071
0.0777742 0.113988
0.0949307 0.0228218
0.0937178 0.156949
0.0502717 0.131565
0.104372 0.181833
0.0585902 0.199658
0.0546848 0.0836782
0.0343645 0.0130908
0.127665 0.086921
0.157604 0.0936716
0.146798 0.135865
0.108066 0.243441
0.163718 0.157472
0.177779 0.189592
0.174688 0.131045
0.0444993 0.179794
0.0846143 0.142035
0.0918913 0.079723
0.0659053 0.186888
0.0896451 0.208284
0.0198433 0.176596
0.0583088 0.144712
0.0949543 0.14976
0.168841 0.0542691
0.0400625 0.172506
0.0793558 0.0969513
0.124108 0.105549
0.0279189 0.0380042
0.128635 0.126781
0.0513251 0.0570944
0.0566897 0.118176
0.0339536 0.180627
0.164907 0.226871
0.0676468 0.232109
0.0395952 0.16977
0.072508 0.135707
0.138014 0.125772
0.0964637 0.122865
0.134021 0.209131
0.120405 0.115204
0.107779 0.0303325
0.146655 0.135137
0.139628 0.0526843
0.108559 0.0689637
0.013846 0.206943
0.0478764 0.317959
0.0923834 0.148292
0.157772 0.0573462
0.203306 0.107293
0.149303 0.139573
0.130716 0.163027
0.0666009 0.190967
0.150325 0.153663
0.107933 0.165976
0.0990747 0.0899007
0.0845714 0.117466
0.0757256 0.18577
0.0757174 0.128476
0.163055 0.130898
0.156048 0.0442002
0.115264 0.157112
0.0405308 0.193845
0.0439424 0.0940625
0.0481142 0.128263
0.133511 0.0986297
0.0975533 0.0919126
0.116992 0.127715
0.0345944 0.156319
0.0372173 0.324786
0.0946937 0.160982
0.0462633 0.202261
0.00684003 0.147228
0.18375 0.29094
0.0488754 0.218546
0.11476 0.116085
0.0913914 0.170224
0.0685793 0.155485
0.163874 0.135367
0.10925 0.0928612
0.115225 0.0659776
0.180024 0.204887
0.136866 0.190595
0.0761734 0.118019
0.12575 0.109754
0.0288067 0.14078
0.108926 0.277665
0.0994829 0.31153
0.0992506 0.0943656
0.0992905 0.0627259
0.0962065 0.0313467
0.0441739 0.105563
0.0780182 0.0685924
0.17894 0.0712564
0.161622 0.110674
0.139553 0.0306729
0.153569 0.115062
0.0918345 0.186185
0.0453657 0.11209
0.134356 0.119956
0.116193 0.0803738
0.0988561 0.0930388
0.0691941 0.0958632
0.18178 0.148995
0.144047 0.116828
0.0330536 0.136207
0.01501 0.0770116
0.0893516 0.143877
0.0465706 0.121665
0.077455 0.298875
0.0788466 0.183992
0.0549462 0.0672099
0.088234 0.284927
0.100618 0.21367
0.0279784 0.187097
0.0680625 0.169363
0.0825927 0.171032
0.215911 0.0506464
0.0631821 0.109626
0.0556186 0.198536
0.0550139 0.340282
0.125429 0.215411
0.121618 0.0596991
0.04381 0.0972627
0.10176 0.168528
0.0387582 0.0634152
0.102876 0.203743
0.0756881 0.154208
0.0350587 0.157511
0.0699201 0.211364
0.177989 0.101244
0.0138571 0.241881
0.135639 0.138297
0.166014 0.234458
0.0900231 0.171623
0.0824127 0.239466
0.0764259 0.0751351
0.092936 0.0767217
0.0741734 0.0730713
0.111968 0.0661536
0.0726194 0.179085
0.0686361 0.0908254
0.112234 0.0787832
0.104467 0.15363
0.128338 0.121621
0.211585 0.0740389
0.134264 0.141494
0.0199574 0.0842685
0.026786 0.0379746
0.095282 0.101974
0.154653 0.0405338
0.0200848 0.0155435
0.133977 0.111173
0.039285 0.128294
0.105 0.144283
0.14802 0.124907
0.0803981 0.0545499
0.129718 0.0608194
0.0578481 0.298155
0.0736154 0.115966
0.108059 0.247992
0.10857 0.182282
0.106514 0.0628421
0.014468 0.196531
0.151772 0.265155
0.0101477 0.134329
0.0873463 0.148664
0.0990511 0.0514276
0.0709935 0.050768
0.0559251 0.109025
0.139319 0.0850787
0.0768159 0.0878022
0.0856506 0.138569
0.0555607 0.216716
0.203824 0.166157
0.121904 0.0705136
0.0798494 0.166722
0.11797 0.2496
0.167396 0.086921
0.168081 0.135867
0.108358 0.0515921
0.0427146 0.0332013
0.0837989 0.116291
0.0094621 0.181431
0.0551048 0.133676
0.0839016 0.0864613
0.0429882 0.105526
0.0759174 0.0981802
0.128116 0.121609
0.0423032 0.0244967
0.15456 0.0302263
0.0191992 0.120028
0.136874 0.0659254
0.050093 0.246273
0.111364 0.146091
0.0509307 0.140444
0.0707649 0.0834185
0.0840785 0.157167
0.0465608 0.234947
0.0632645 0.167303
0.104757 0.0279281
0.0619382 0.195957
0.161134 0.0233412
0.111206 0.0610966
0.0355808 0.165331
0.139204 0.174925
0.0596285 0.155578
0.161309 0.16645
0.0865256 0.0825195
0.0952749 0.200726
0.119042 0.0944649
0.137026 0.0131376
0.100762 0.169403
0.166112 0.106361
0.165603 0.0755221
0.151059 0.131889
0.0922858 0.167951
0.0518559 0.146698
0.0888177 0.145516
0.0906153 0.189739
0.0488391 0.112782
0.116409 0.156066
0.150116 0.182887
0.0242396 0.0508831
0.185346 0.189667
0.139927 0.144207
0.0827029 0.101325
0.0807775 0.177027
0.124113 0.315089
0.117934 0.187026
0.0907877 0.0115396
0.0405796 0.262215
0.187725 0.148568
0.15602 0.13934
0.0486179 0.197741
0.0344959 0.172545
0.02763 0.0907989
0.0522658 0.109322
0.203983 0.0994662
0.132508 0.0802947
0.0967175 0.13718
0.0496976 0.181929
0.119761 0.174948
0.156601 0.0895757
0.0923229 0.123858
0.048408 0.139093
0.120479 0.208246
0.0682717 0.187448
0.107907 0.112084
0.139591 0.137088
0.0587507 0.0909678
0.107458 0.104099
0.019428 0.194171
0.0988362 0.147599
0.0232972 0.0472845
0.056378 0.146475
0.145351 0.23385
0.0565544 0.0393928
0.125077 0.166371
0.0657708 0.314588
0.102759 0.130453
0.0787476 0.188144
0.227121 0.170837
0.0582198 0.0755578
0.1832 0.153673
0.160867 0.199896
0.115132 0.0875441
0.0368122 0.160005
0.127488 0.0478444
0.154226 0.154411
0.0439177 0.202474
0.0570055 0.00629496
0.0561072 0.0423224
0.0366861 0.10574
0.237433 0.170217
0.0888272 0.128722
0.0677156 0.247811
0.114747 0.220551
0.128765 0.113413
0.0722694 0.117402
0.0674733 0.0895948
0.0742103 0.212925
0.0843156 0.179544
0.126982 0.242172
0.0319507 0.13121
0.0688332 0.109128
0.0838719 0.300771
0.156624 0.153123
0.197771 0.172632
0.0676631 0.172544
0.0377936 0.13328
0.0675236 0.0732397
0.0621748 0.143201
0.139705 0.197109
0.0561351 0.156242
0.0876494 0.0485027
0.112251 0.131604
0.113558 0.279181
0.0912582 0.103683
0.0838368 0.125065
0.02924 0.0370837
0.0560161 0.148977
0.0723318 0.0519272
0.0512063 0.206198
0.140612 0.192451
0.0773885 0.272606
0.0597788 0.323591
0.127203 0.259555
0.0486303 0.162547
0.0195006 0.0970795
0.0935765 0.212191
0.117632 0.0654275
0.120015 0.129796
0.0620903 0.0749651
0.112248 0.0559052
0.0717322 0.145998
0.0842614 0.287042
0.0603441 0.0171446
0.0407079 0.0808787
0.0826743 0.163712
0.0239229 0.100856
0.137072 0.05546
0.0781862 0.061604
0.153805 0.190541
0.115103 0.101346
0.100026 0.159008
0.175248 0.148902
0.0508339 0.275892
0.0536675 0.140153
0.172444 0.112459
0.0396496 0.144528
0.126045 0.259198
0.189093 0.159869
0.106224 0.13994
0.0859471 0.234696
0.0655583 0.249655
0.0510991 0.177373
0.0417622 0.138495
0.0326898 0.222398
0.130885 0.0247875
0.0233126 0.194716
0.0758877 0.178677
0.102377 0.103783
0.147592 0.226501
0.0616538 0.0880145
0.0727564 0.0819738
0.101472 0.0653901
0.0752899 0.161392
0.177328 0.0961812
0.060013 0.0176039
0.138861 0.1514
0.133286 0.105385
0.0797691 0.040951
0.0397886 0.130801
0.0300394 0.107968
0.102673 0.105169
0.175054 0.0464344
0.0952721 0.112689
0.0617366 0.0100486
0.131734 0.186473
0.108145 0.13144
0.174173 0.0266048
0.0909823 0.173357
0.106471 0.135963
0.155388 0.142647
0.0881187 0.174495
0.119943 0.174952
0.196331 0.0282389
0.171647 0.0772853
0.0712606 0.260385
0.184587 0.290729
0.158056 0.049545
0.123875 0.0788286
0.051605 0.128511
0.103958 0.0919536
0.0391228 0.196759
0.052106 0.0502932
0.149131 0.0290615
0.0793541 0.0899364
0.0744426 0.203748
0.140278 0.170098
0.210187 0.138052
0.164974 0.186483
0.150164 0.254611
0.0550483 0.151402
0.0692813 0.141767
0.0928237 0.199868
0.0620184 0.181341
0.102279 0.105782
0.149449 0.20273
0.016491 0.219847
0.109942 0.174528
0.13879 0.127486
0.150032 0.184014
0.13571 0.0535749
0.187173 0.126151
0.101563 0.0484594
0.12004 0.0465608
0.0850926 0.188379
0.142325 0.330561
0.0720629 0.101841
0.0738855 0.0574539
0.143725 0.123897
0.102885 0.0702009
0.193736 0.0849484
0.120671 0.0586971
0.0445323 0.130381
0.120766 0.127368
0.104162 0.198454
0.0413709 0.0498311
0.126383 0.0774688
0.113635 0.0848842
0.0804112 0.23431
0.0853901 0.186463
0.109086 0.280833
0.0446955 0.218266
0.0454601 0.167156
0.052877 0.148919
0.0645267 0.281589
0.158331 0.13967
0.147994 0.153662
0.0495148 0.185052
0.0818384 0.186174
0.104931 0.160819
0.111837 0.0602716
0.0500721 0.188223
0.0492196 0.0547526
0.0206497 0.216173
0.103463 0.184292
0.116169 0.0802876
0.11337 0.211909
0.120393 0.0613983
0.0449233 0.0663993
0.087011 0.0609468
0.0538194 0.0644318
0.147064 0.0964318
0.0835482 0.0205093
0.0194899 0.0865272
0.0996466 0.132404
0.156964 0.241235
0.0532987 0.211058
0.112107 0.0829765
0.038046 0.0958838
0.121274 0.0757135
0.0406747 0.124019
0.0865183 0.0964666
0.133881 0.173336
0.108597 0.151508
0.24678 0.101254
0.0916228 0.136252
0.0420521 0.10403
0.0954866 0.0570436
0.109091 0.124803
0.185904 0.0577862
0.0251482 0.19631
0.0561556 0.223941
0.0863761 0.116562
0.0826616 0.0400971
0.132386 0.113827
0.0897616 0.104581
0.0536877 0.12716
0.129476 0.0783532
0.0996125 0.0336315
0.122277 0.104771
0.10446 0.0832406
0.116275 0.108247
0.120296 0.181846
0.147954 0.179547
0.179616 0.198257
0.0983557 0.0486133
0.118371 0.0767188
0.0438612 0.246452
0.160221 0.179926
0.207554 0.197334
0.0523878 0.0516818
0.0511975 0.138705
0.109756 0.128076
0.143805 0.152581
0.119277 0.0802725
0.135034 0.192178
0.052322 0.126471
0.0867401 0.136596
0.0947887 0.165014
0.0652605 0.0226406
0.060994 0.103304
0.0456886 0.0616084
0.113222 0.148571
0.102057 0.158296
0.231143 0.283519
0.0928751 0.222022
0.0964616 0.10678
0.0405458 0.0342838
0.102988 0.0980856
0.0512327 0.227517
0.107669 0.192598
0.0746686 0.215766
0.0247704 0.155869
0.0648337 0.140047
0.0647284 0.204124
0.170756 0.230929
0.0429599 0.224824
0.0517781 0.118125
0.0952239 0.0727074
0.12499 0.206135
0.0337362 0.108201
0.0670568 0.0715353
0.0313125 0.109961
0.143351 0.0192963
0.0629264 0.177427
0.160403 0.025405
0.107277 0.0468212
0.116954 0.0677102
0.0823955 0.0827876
0.113301 0.241068
0.204597 0.1681
0.0798466 0.0510223
0.1302 0.0935602
0.144693 0.0532155
0.161526 0.0633262
0.0714867 0.199263
0.0918301 0.196341
0.0931906 0.242442
0.0519541 0.096701
0.0877108 0.120803
0.0411829 0.0977461
0.0803613 0.160937
0.116259 0.26518
0.158761 0.14729
0.0725907 0.128965
0.0474699 0.128175
0.102807 0.185271
0.0976583 0.201313
0.0337565 0.1894
0.0986888 0.166923
0.0224388 0.117389
0.0539864 0.179907
0.066764 0.0660422
0.0929587 0.0692754
0.0428931 0.228373
0.0953679 0.100759
0.076332 0.326888
0.0947694 0.20276
0.15982 0.219659
0.0783514 0.119229
0.0167976 0.108107
0.0986169 0.145788
0.169006 0.207567
0.119345 0.0915103
0.0963737 0.190992
0.0941621 0.241043
0.0607971 0.10207
0.141516 0.227646
0.0927608 0.239692
0.0733439 0.24279
0.111682 0.174345
0.0867391 0.102522
0.0364616 0.185954
0.0860318 0.25305
0.0542206 0.202115
0.0392249 0.16833
0.121714 0.1892
0.0686749 0.16443
0.111741 0.131402
0.0663219 0.146836
0.0834254 0.22315
0.0417327 0.208951
0.131309 0.194928
0.0878423 0.0567155
0.094909 0.159345
0.0562454 0.122502
0.137304 0.288273
0.0948477 0.175405
0.0730434 0.147392
0.1296 0.176914
0.106242 0.263055
0.111191 0.068578
0.110706 0.0674317
0.0605918 0.233253
0.0469458 0.212871
0.0355012 0.0716357
0.187433 0.1402
0.185322 0.107594
0.0658776 0.115731
0.189955 0.1782
0.127652 0.244921
0.143418 0.268831
0.126657 0.123753
0.0346746 0.148557
0.0941907 0.129528
0.0982239 0.0547091
0.121417 0.126029
0.0695429 0.0982954
0.0783732 0.0255963
0.047415 0.126357
0.154446 0.0633031
0.0695647 0.0621
0.0256323 0.370282
0.04169 0.197372
0.0712238 0.102202
0.0753248 0.123669
0.0306218 0.196202
0.133284 0.0445498
0.103832 0.261937
0.0290284 0.0684535
0.0348866 0.138775
0.0523677 0.0791373
0.132355 0.0852558
0.105088 0.100276
0.201491 0.0556913
0.0448352 0.103621
0.0642551 0.0577318
0.0842033 0.174993
0.0361192 0.119319
0.0386992 0.0818415
0.129297 0.173109
0.140892 0.0518231
0.0322111 0.0869208
0.117119 0.202792
0.097466 0.141973
0.115565 0.181235
0.0545033 0.253996
0.0881116 0.144138
0.147477 0.123371
0.113382 0.0581187
0.196433 0.1987
0.107048 0.0903031
0.0744835 0.103193
0.048152 0.105286
0.173378 0.0617404
0.123921 0.0748009
0.14583 0.185139
0.0109539 0.16024
0.177855 0.0537239
0.0599885 0.100295
0.0884926 0.0687615
0.116624 0.115544
0.186397 0.0858762
0.0728504 0.203292
0.10635 0.0236456
0.103012 0.182582
0.126139 0.216351
0.0816913 0.185545
0.137982 0.282921
0.0965591 0.146584
0.065452 0.0283179
0.173969 0.0721304
0.0621611 0.130561
0.125063 0.140871
0.156123 0.126328
0.0712251 0.0432256
0.0382067 0.184857
0.144853 0.040725
0.0612555 0.191117
0.0973248 0.200943
0.229308 0.18028
0.113977 0.0984755
0.0957342 0.0466741
0.0675915 0.202307
0.034921 0.0792587
0.183989 0.142601
0.0115184 0.05132
0.131181 0.147323
0.0803033 0.199819
0.074122 0.291655
0.032446 0.0708191
0.0724064 0.190118
0.0728332 0.167701
0.0896906 0.121743
0.144454 0.102486
0.00201515 0.209681
0.142236 0.209477
0.0353168 0.00616207
0.121785 0.190041
0.0785887 0.0463499
0.0719284 0.130979
0.0579772 0.142561
0.054215 0.230331
0.0314576 0.0629612
0.151575 0.114493
0.0606799 0.168607
0.14013 0.0607483
0.0956319 0.14448
0.0666176 0.059925
0.105909 0.156336
0.111547 0.0445522
0.0794621 0.194695
0.0907677 0.144663
0.123788 0.193523
0.176122 0.0516836
0.1735 0.0496096
0.11848 0.0294792
0.0323479 0.0401848
0.101647 0.144985
0.124657 0.0964955
0.0804526 0.0583029
0.075261 0.253368
0.130479 0.146506
0.080911 0.0903321
0.0270451 0.0862093
0.0904926 0.212136
0.0738831 0.255002
0.123294 0.141805
0.0418086 0.213793
0.179401 0.135968
0.137775 0.168939
0.131368 0.178302
0.0121548 0.211164
0.0413469 0.235369
0.114611 0.172153
0.102783 0.178282
0.13912 0.109789
0.0955566 0.152407
0.101722 0.190777
0.0468759 0.261164
0.0510747 0.161923
0.0536686 0.124771
0.0358084 0.0917542
0.0343192 0.0780545
0.0642686 0.118472
0.0834871 0.129464
0.0518055 0.0602882
0.075479 0.233943
0.246165 0.171157
0.0151274 0.252996
0.11493 0.176659
0.0457251 0.0705932
0.0997357 0.0574427
0.0538811 0.223358
0.068695 0.208455
0.152397 0.0565162
0.153806 0.213391
0.169466 0.00633728
0.138309 0.123131
0.107847 0.14878
0.0960056 0.203167
0.126421 0.117595
0.0967543 0.0632169
0.0751048 0.01352
0.123879 0.12912
0.0524578 0.137309
0.10937 0.30258
0.0940511 0.171616
0.0570512 0.175658
0.0950778 0.151818
0.163196 0.343554
0.131297 0.213937
0.0767009 0.230814
0.0484545 0.180878
0.120186 0.188677
0.0192983 0.0825352
0.0502258 0.121872
0.0597108 0.136478
0.106401 0.174355
0.0976931 0.188076
0.147281 0.0829
0.0409287 0.0681126
0.10415 0.143397
0.0794653 0.156426
0.115513 0.0846935
0.188179 0.184208
0.0668511 0.19293
0.100313 0.168709
0.0846335 0.241203
0.101366 0.0743958
0.0701795 0.160139
0.0832862 0.20334
0.109112 0.0347223
0.116455 0.0663221
0.150775 0.1489
0.072133 0.135071
0.191476 0.179174
0.126047 0.109794
0.101672 0.232288
0.0607833 0.121602
0.0958554 0.0904562
0.0468448 0.19176
0.0506726 0.0872437
0.0327567 0.0569702
0.0591744 0.136925
0.144709 0.0875979
0.133231 0.062452
0.0514993 0.241447
0.0262148 0.264913
0.113288 0.105155
0.0793559 0.220855
0.0303145 0.0633943
0.0357232 0.216352
0.118229 0.158355
0.190578 0.110675
0.019663 0.161557
0.00891714 0.053554
0.0558721 0.229701
0.108285 0.135279
0.0504048 0.184299
0.0519341 0.18797
0.0927343 0.220352
0.162384 0.17616
0.159631 0.166992
0.142055 0.0678695
0.0126761 0.0667881
0.124178 0.104841
0.264724 0.102707
0.150183 0.0174871
0.0172002 0.0767003
0.166192 0.140221
0.0460118 0.169218
0.0424139 0.195813
0.0791614 0.139457
0.0957731 0.0982564
0.0562209 0.245432
0.11423 0.220015
0.123392 0.145417
0.154148 0.200889
0.173019 0.0473446
0.0837782 0.0861162
0.228085 0.00846205
0.0813953 0.16197
0.0755574 0.106923
0.159841 0.154209
0.0740536 0.0627763
0.0466572 0.222588
0.0612 0.230552
0.0723616 0.168367
0.0800141 0.201671
0.124597 0.226643
0.0186376 0.115558
0.102683 0.233295
0.0628074 0.16718
0.0433521 0.165139
0.118752 0.164873
0.101894 0.135498
0.0679202 0.269959
0.133583 0.136791
0.0285351 0.186144
0.062041 0.292055
0.114088 0.171547
0.144078 0.115761
0.100022 0.161688
0.0759046 0.167458
0.0919007 0.0900664
0.0826223 0.0932929
0.132406 0.178478
0.102043 0.121678
0.0738444 0.141557
0.0608522 0.2128
0.0590458 0.27755
0.139162 0.244957
0.0337233 0.143718
0.154455 0.0936949
0.0533301 0.109423
0.0344676 0.0163093
0.0671278 0.293932
0.0357691 0.0273862
0.044768 0.0551876
0.0664986 0.16833
0.0547246 0.186862
0.0568572 0.0115433
0.194467 0.249282
0.053562 0.216541
0.232022 0.245658
0.0126569 0.196125
0.0756717 0.0845331
0.124864 0.173848
0.054597 0.150961
0.055514 0.218814
0.179017 0.215322
0.036338 0.0453998
0.00581937 0.0989471
0.104054 0.166765
0.227087 0.100821
0.134755 0.146694
0.0919202 0.272716
0.0701601 0.148944
0.168471 0.176235
0.0670407 0.223687
0.0906 0.176678
0.0477587 0.170818
0.113791 0.112193
0.123807 0.21154
0.0388711 0.253843
0.104308 0.324837
0.114401 0.24308
0.185828 0.260986
0.112305 0.15932
0.193894 0.166134
0.0332884 0.186553
0.144545 0.122027
0.160661 0.153732
0.0539765 0.120712
0.154068 0.0648516
0.0870286 0.0376171
0.09355 0.147058
0.0433109 0.169202
0.0296739 0.0958799
0.0879448 0.223531
0.107752 0.215971
0.0338386 0.171049
0.167087 0.0800838
0.1392 0.202031
0.0635126 0.184995
0.0326166 0.0721854
0.104151 0.0694495
0.0379071 0.150511
0.113702 0.197001
0.153517 0.11171
0.083276 0.220167
0.146379 0.173185
0.0716367 0.0851041
0.0344569 0.0308127
0.107424 0.168257
0.055426 0.077918
0.1036 0.0542201
0.0369052 0.11472
0.145202 0.21638
0.101681 0.156289
0.0908079 0.26313
0.0680959 0.101665
0.111118 0.192855
0.0274459 0.0651101
0.142293 0.0339984
0.0155902 0.0547965
0.0195776 0.23417
0.0815321 0.161203
0.138347 0.180662
0.129368 0.206481
0.0302648 0.163441
0.0546787 0.109051
0.0646701 0.131391
0.082328 0.143531
0.0418931 0.0587646
0.0762534 0.196775
0.0566655 0.244775
0.0907749 0.139002
0.118402 0.0534704
0.229321 0.0904008
0.0957611 0.218767
0.0514105 0.177334
0.0783502 0.173102
0.027522 0.10621
0.103848 0.058592
0.0707283 0.167197
0.13872 0.106623
0.0199241 0.077254
0.129266 0.185969
0.0567462 0.0604367
0.0492207 0.0602767
0.152024 0.118552
0.138718 0.0330854
0.110698 0.235364
0.121427 0.103977
0.0187887 0.134406
0.134944 0.0884839
0.0580129 0.104968
0.0378309 0.0725239
0.128335 0.17888
0.121252 0.266568
0.137231 0.261215
0.0870079 0.203392
0.125221 0.248245
0.118833 0.236059
0.159282 0.171376
0.0670832 0.290275
0.0652869 0.237097
0.0585054 0.211614
0.092408 0.119655
0.130198 0.25137
0.109822 0.118527
0.130387 0.216249
0.0631063 0.136059
0.203771 0.218544
0.0912107 0.211388
0.19532 0.236654
0.140128 0.168001
0.0822171 0.191345
0.101917 0.16507
0.130858 0.0806637
0.0065245 0.163599
0.11788 0.112567
0.106456 0.161476
0.0631366 0.108056
0.111253 0.185572
0.0620445 0.0938757
0.122668 0.121273
0.1277 0.160388
0.0590274 0.0524795
0.0416153 0.0969414
0.0968472 0.193695
0.0566453 0.101279
0.12022 0.176326
0.0338342 0.0898564
0.11992 0.0265745
0.0437182 0.0879076
0.0415852 0.0906301
0.0450903 0.247946
0.123588 0.26053
0.0474532 0.175498
0.0601437 0.0254175
0.0826699 0.0749405
0.173393 0.227999
0.166216 0.225872
0.133195 0.166819
0.168399 0.182363
0.133865 0.0838162
0.0347324 0.0143873
0.0389191 0.148858
0.0731775 0.101369
0.110212 0.0553983
0.0742525 0.165217
0.203915 0.102244
0.0861739 0.197271
0.108329 0.13916
0.0535051 0.160969
0.143098 0.261846
0.106045 0.0803215
0.144893 0.127509
0.0918426 0.0822416
0.0987583 0.111483
0.0306762 0.136215
0.0695421 0.0354556
0.136477 0.219805
0.0386525 0.115729
0.0400689 0.140641
0.0142001 0.0354381
0.0932742 0.148855
0.135679 0.146169
0.150504 0.128214
0.189443 0.119337
0.0821541 0.219684
0.0772078 0.00962089
0.0599028 0.0747832
0.147381 0.190129
0.0688838 0.155021
0.136005 0.125127
0.0965945 0.198107
0.139136 0.23915
0.123162 0.204803
0.100774 0.206962
0.031437 0.120679
0.0885725 0.0986669
0.0174306 0.161481
0.104619 0.107832
0.0291321 0.0399369
0.143377 0.0748528
0.113399 0.114092
0.157629 0.196188
0.0841724 0.210593
0.183918 0.151827
0.110186 0.12304
0.0472813 0.0271911
0.0231854 0.0981359
0.0600528 0.105594
0.0795745 0.20168
0.0705343 0.110573
0.108613 0.0708207
0.176494 0.116437
0.128063 0.174071
0.083842 0.171291
0.0457817 0.110398
0.193887 0.141191
0.0315256 0.2307
0.08811 0.207701
0.0871259 0.138035
0.0344457 0.0605261
0.137138 0.208407
0.0338573 0.1618
0.121454 0.28015
0.0530875 0.235466
0.0247678 0.0481774
0.0424882 0.115958
0.197946 0.152587
0.0397709 0.127482
0.024987 0.070349
0.0814716 0.110947
0.149564 0.107574
0.107597 0.210202
0.15853 0.195864
0.116895 0.16624
0.131127 0.121327
0.0606665 0.233558
0.163737 0.114545
0.0981615 0.118404
0.0631572 0.0897935
0.0911847 0.192773
0.134141 0.178919
0.0300809 0.272599
0.0620781 0.120415
0.0597348 0.0956626
0.0787508 0.173943
0.115986 0.20873
0.0789295 0.179498
0.0581136 0.214539
0.135582 0.151062
0.0245266 0.0930295
0.262275 0.130285
0.0299846 0.0950125
0.11591 0.152965
0.0669167 0.16872
0.0870696 0.028053
0.081925 0.0203615
0.0425774 0.108409
0.201509 0.185913
0.0700835 0.106928
0.143527 0.244828
0.0842896 0.135367
0.0512985 0.104659
0.057517 0.198969
0.133122 0.12963
0.166323 0.17288
0.0529091 0.0205985
0.0355835 0.0508401
0.0327447 0.215041
0.0610172 0.221191
0.143421 0.13793
0.0615329 0.228226
0.195342 0.0921332
0.0812309 0.230019
0.0420753 0.120093
0.0545538 0.0521196
0.0210744 0.0915658
0.102021 0.126761
0.104282 0.227232
0.00516138 0.211195
0.0658301 0.253434
0.0985046 0.233916
0.11806 0.200141
0.0988868 0.269712
0.211165 0.0867558
0.0556758 0.122663
0.0853584 0.0644391
0.0721339 0.318915
0.0703723 0.299857
0.154702 0.161985
0.0586062 0.0633649
0.163237 0.16962
0.128843 0.092448
0.0893951 0.24291
0.0503453 0.0972941
0.0908827 0.0851821
0.100419 0.126205
0.0953265 0.182482
0.113449 0.0873679
0.136984 0.111431
0.209883 0.143696
0.174283 0.170845
0.0135651 0.168764
0.05663 0.0946066
0.139763 0.188484
0.0512143 0.25944
0.0106603 0.0530741
0.0793839 0.0274631
0.0639392 0.118464
0.0374122 0.0776531
0.0201579 0.164124
0.152127 0.18465
0.0397889 0.181791
0.0551158 0.202558
0.0978555 0.19818
0.125053 0.0963845
0.0621245 0.121706
0.130325 0.135705
0.111974 0.0527809
0.124729 0.119845
0.0828315 0.198522
0.2181 0.177677
0.0289451 0.181429
0.138752 0.202716
0.0676828 0.214849
0.120464 0.0161705
0.0563387 0.114794
0.0419189 0.151464
0.0492453 0.135081
0.0867859 0.156626
0.0119026 0.208792
0.0282193 0.199428
0.0583102 0.293907
0.179206 0.109144
0.133404 0.176162
0.118677 0.149902
0.137795 0.108443
0.135037 0.149619
0.0828857 0.09933
0.076848 0.0758961
0.0425917 0.0616344
0.0513239 0.0894267
0.130017 0.300497
0.0780674 0.155876
0.10045 0.145827
0.0354977 0.243127
0.109711 0.138439
0.157601 0.0845968
0.0148301 0.0839192
0.0653744 0.0480804
0.0405719 0.0543753
0.0863962 0.163602
0.0719596 0.135552
0.061098 0.0956621
0.10386 0.188665
0.0779969 0.230205
0.0499719 0.157566
0.034492 0.132699
0.130266 0.116974
0.134038 0.163535
0.132645 0.0828122
0.0531301 0.0867904
0.0838686 0.112485
0.0848955 0.0031378
0.0951235 0.0523202
0.05583 0.0150835
0.112261 0.133188
0.174905 0.0834193
0.0862884 0.0322094
0.121534 0.0772289
0.0793956 0.26368
0.0896831 0.179198
0.107936 0.181338
0.162957 0.170715
0.130831 0.0618545
0.0119023 0.19356
0.0806071 0.113219
0.0722563 0.143344
0.0237475 0.15033
0.0790729 0.171214
0.156941 0.161894
0.0564542 0.154467
0.0576726 0.151996
0.122149 0.187516
0.0898427 0.30692
0.0382241 0.196138
0.0644056 0.254034
0.140698 0.123264
0.0926135 0.0248545
0.0420714 0.168127
0.238238 0.189813
0.0721526 0.167653
0.0383787 0.192369
0.0991144 0.131412
0.080315 0.219772
0.0645208 0.183346
0.114859 0.0655393
0.0369527 0.128557
0.0582022 0.0708261
0.0402531 0.060664
0.171344 0.0469077
0.0914079 0.0786902
0.0469118 0.0539944
0.0732266 0.0407225
0.123694 0.148324
0.125689 0.116908
0.0818946 0.148911
0.0755008 0.281101
0.121933 0.146515
0.110496 0.233253
0.0750149 0.234496
0.0925381 0.129327
0.0400843 0.139556
0.12115 0.204275
0.0233797 0.145874
0.0799403 0.166111
0.011666 0.0382846
0.178374 0.0487713
0.0245995 0.111978
0.209445 0.238765
0.0086098 0.280808
0.184825 0.0688852
0.121936 0.221702
0.0395307 0.290441
0.0623764 0.209898
0.0705001 0.12675
0.117572 0.19866
0.0579145 0.156177
0.147594 0.222116
0.112304 0.145433
0.166879 0.0398524
0.0500525 0.1336
0.0604351 0.0800455
0.0583226 0.154986
0.0681038 0.175193
0.0420077 0.0292872
0.0548381 0.213714
0.0318372 0.0476141
0.269683 0.037964
0.0937253 0.0531673
0.071062 0.120284
0.0795111 0.233282
0.0479028 0.137358
0.0630922 0.095876
0.0580984 0.0933395
0.15592 0.0866723
0.0304212 0.112968
0.115964 0.123757
0.0659566 0.0651391
0.0660402 0.253205
0.201514 0.0408027
0.0628241 0.101738
0.166893 0.131577
0.110938 0.165472
0.125701 0.254846
0.0702907 0.129388
0.131054 0.0839672
0.058605 0.158363
0.128507 0.195746
0.175009 0.127173
0.137968 0.152281
0.16173 0.118325
0.142654 0.152527
0.0354514 0.131998
0.117035 0.0954786
0.0917137 0.21531
0.135642 0.193365
0.0551937 0.0311663
0.180092 0.116226
0.141893 0.122988
0.066806 0.0823018
0.0893964 0.229986
0.0824197 0.105913
0.160897 0.0587857
0.215183 0.115567
0.0783027 0.183767
0.159277 0.20356
0.0930328 0.0967044
0.053956 0.0834131
0.0683496 0.0856456
0.0245648 0.0403339
0.0515653 0.196327
0.0806247 0.207371
0.110638 0.143974
0.231198 0.131843
0.0593525 0.0185911
0.0811237 0.144956
0.117423 0.0626996
0.230911 0.195917
0.106861 0.126709
0.0441031 0.138192
0.0942673 0.0313398
0.0401377 0.172031
0.0519621 0.0726346
0.0602574 0.177858
0.134817 0.172178
0.0643745 0.175841
0.10726 0.0861406
0.049847 0.126037
0.148362 0.161876
0.130489 0.132397
0.127487 0.140307
0.0959838 0.107628
0.105756 0.209925
0.0716894 0.263677
0.14278 0.12458
0.11832 0.0879865
0.151342 0.170084
0.050135 0.200309
0.060463 0.155683
0.152563 0.0627745
0.0449701 0.096466
0.000970851 0.0209916
0.0611815 0.139199
0.0354967 0.0561035
0.129347 0.137255
0.0963955 0.170357
0.0682469 0.0263385
0.142057 0.0879174
0.0395172 0.249141
0.141619 0.0999608
0.1337 0.180389
0.0399927 0.141457
0.0950139 0.153898
0.21196 0.153743
0.120671 0.186433
0.112206 0.245556
0.0387218 0.0998213
0.0547402 0.118872
0.0172001 0.126954
0.0726874 0.147114
0.114326 0.137394
0.15633 0.117482
0.0746291 0.125857
0.0552354 0.0960975
0.0385655 0.138158
0.0525826 0.180227
0.0572184 0.114919
0.062145 0.133289
0.0462905 0.0918356
0.0111559 0.130876
0.161238 0.00699884
0.0653325 0.0931953
0.0923588 0.0757697
0.101871 0.105188
0.0453424 0.166491
0.0230181 0.178305
0.106218 0.0810601
0.134471 0.0488168
0.105049 0.234158
0.101303 0.134399
0.0359736 0.140327
0.159302 0.101282
0.131324 0.103277
0.104997 0.0453807
0.0597972 0.125281
0.16842 0.120537
0.00590415 0.173481
0.107639 0.0674285
0.0457553 0.164731
0.197061 0.132267
0.0792464 0.236825
0.0909973 0.126185
0.0908602 0.0806383
0.03855 0.179141
0.0504744 0.20846
0.0888166 0.192316
0.100636 0.128431
0.0788693 0.270817
0.0652159 0.115591
0.123114 0.0879853
0.0370864 0.117313
0.143972 0.105242
0.0669998 0.135763
0.0878714 0.294446
0.0368275 0.190701
0.0559429 0.204698
0.110533 0.104566
0.0820349 0.180276
0.0989509 0.156111
0.0520396 0.0896528
0.0684163 0.108917
0.0958036 0.272331
0.149737 0.273571
0.119276 0.113095
0.0699014 0.174201
0.038339 0.130095
0.104534 0.337902
0.130224 0.153436
0.0779438 0.147483
0.0760858 0.135633
0.198826 0.119808
0.171553 0.159497
0.0790605 0.0733076
0.0585957 0.260515
0.163442 0.22139
0.0264188 0.0541414
0.0465743 0.226805
0.0734624 0.24093
0.0940184 0.242141
0.0646839 0.234457
0.126365 0.101543
0.0777248 0.0278361
0.0228338 0.252728
0.125043 0.146598
0.112042 0.0421338
0.0779698 0.0692588
0.10451 0.12277
0.0886371 0.10361
0.0268892 0.194723
0.0913627 0.215505
0.138646 0.172278
0.143419 0.0312282
0.0690711 0.034793
0.129323 0.271667
0.092301 0.0340134
0.00789333 0.054622
0.0578196 0.156291
0.19468 0.172222
0.109579 0.227018
0.0885107 0.119184
0.0979914 0.0769178
0.0295412 0.164781
0.188488 0.19252
0.0725456 0.114913
0.202588 0.170386
0.192246 0.135615
0.0177824 0.12132
0.0708459 0.165271
0.0634253 0.15718
0.183877 0.0654401
0.0595453 0.0620806
0.0709547 0.0960549
0.0526072 0.0969725
0.0841514 0.208625
0.117438 0.0975032
0.148717 0.133004
0.0977077 0.185217
0.0983476 0.169959
0.107918 0.171424
0.0444363 0.125399
0.123617 0.0831244
0.196904 0.154081
0.0768127 0.168428
0.068234 0.101358
0.0409424 0.112848
0.0353757 0.211712
0.16952 0.186268
0.0404349 0.1241
0.163461 0.169367
0.121977 0.179634
0.0387768 0.191102
0.0580968 0.117979
0.0237614 0.157824
0.0799167 0.128967
0.0989698 0.0649156
0.15871 0.0638612
0.140503 0.07565
0.0396628 0.0785474
0.0702175 0.081585
0.064049 0.0952854
0.0798863 0.219
0.122763 0.173422
0.104827 0.15841
0.0270862 0.163199
0.0513712 0.071588
0.0758466 0.173004
0.172788 0.208887
0.0975652 0.164883
0.132873 0.0895501
0.15093 0.0771867
0.0762907 0.173889
0.175738 0.010293
0.168969 0.0571843
0.122663 0.165301
0.1588 0.186906
0.0416294 0.123519
0.125739 0.150729
0.103414 0.0847029
0.175951 0.0626227
0.109201 0.146333
0.169695 0.0773842
0.0668855 0.200879
0.0332677 0.133089
0.0593212 0.123947
0.0835846 0.0632214
0.0677509 0.106192
0.0656203 0.0587415
0.0383321 0.119479
0.109008 0.125012
0.0950166 0.230958
0.125875 0.0718546
0.136401 0.115823
0.044383 0.184031
0.0480185 0.284701
0.0745763 0.109587
0.13808 0.32585
0.0402621 0.146104
0.106751 0.165431
0.0979776 0.161919
0.14701 0.100914
0.0911747 0.146245
0.161469 0.164459
0.0712687 0.0691783
0.0912338 0.131847
0.176258 0.0693055
0.0701538 0.160176
0.0939322 0.0971278
0.128297 0.183947
0.0728589 0.147573
0.131749 0.12551
0.0909481 0.0328696
0.17137 0.104752
0.0425741 0.141875
0.0723124 0.207871
0.0317915 0.306281
0.0285786 0.0426209
0.0892162 0.24353
0.104548 0.212144
0.0825126 0.119869
0.0383818 0.074281
0.0769408 0.114577
0.0507445 0.176312
0.112436 0.0825
0.0439919 0.0861538
0.0126899 0.160165
0.0954704 0.237786
0.0718892 0.129735
0.0652125 0.253041
0.0798411 0.0948923
0.0518698 0.201958
0.115747 0.0958124
0.0627829 0.207192
0.102262 0.157958
0.235017 0.173088
0.0511699 0.133832
0.0477585 0.210058
0.16763 0.170694
0.0327833 0.059566
0.200857 0.0588814
0.122306 0.094228
0.117448 0.242898
0.134229 0.0857283
0.0973018 0.162728
0.043867 0.117347
0.0976717 0.096961
0.0471113 0.0643611
0.0704305 0.199472
0.099711 0.173881
0.0350822 0.106136
0.0668249 0.164535
0.0147535 0.0518539
0.0304219 0.0409058
0.15883 0.14547
0.0428343 0.248092
0.126639 0.248225
0.133517 0.217505
0.107803 0.194588
0.0737139 0.123649
0.0929656 0.135418
0.0758135 0.276127
0.00575581 0.113717
0.0254287 0.105711
0.0481806 0.160453
0.182101 0.113856
0.179348 0.0642506
0.158893 0.011368
0.0539546 0.0936724
0.0513258 0.0252466
0.0231321 0.15274
0.00886851 0.214313
0.105833 0.16481
0.043419 0.180959
0.014901 0.0246207
0.026362 0.190946
0.0986449 0.138437
0.115837 0.23173
0.0870426 0.0739336
0.0483648 0.089383
0.166107 0.0442631
0.1508 0.207792
0.0641418 0.15357
0.0768777 0.0732838
0.0774362 0.140876
0.121562 0.150541
0.0761178 0.146177
0.10428 0.193034
0.0212642 0.13064
0.137971 0.148089
0.163204 0.203503
0.0702072 0.0794978
0.137812 0.0724593
0.0549272 0.0654856
0.0522858 0.10445
0.168686 0.0882951
0.198259 0.129719
0.137605 0.170538
0.0698145 0.134329
0.0572565 0.0435083
0.097867 0.0725227
0.0651689 0.220024
0.0684081 0.13343
0.15054 0.137581
0.0484091 0.185937
0.0356079 0.0607649
0.06081 0.155993
0.107567 0.179487
0.0901105 0.128285
0.120007 0.105821
0.0953453 0.351763
0.170383 0.198387
0.145338 0.196885
0.0580333 0.149864
0.0986353 0.128694
0.0342825 0.219537
0.0543109 0.109383
0.0774645 0.192607
0.172174 0.0934621
0.0246847 0.195856
0.0677049 0.236822
0.0530335 0.092116
0.0862935 0.0334944
0.0387429 0.171307
0.0167569 0.0691664
0.0868115 0.136234
0.0105716 0.147428
0.220746 0.2145
0.114884 0.182484
0.222298 0.0949786
0.0945622 0.141369
0.108796 0.109073
0.123755 0.228449
0.0901759 0.305704
0.0898631 0.319728
0.104342 0.0236552
0.0467224 0.151913
0.0745139 0.241693
0.107459 0.232079
0.0863528 0.295728
0.0533188 0.100133
0.0586338 0.0562398
0.0893159 0.221577
0.0398726 0.0674188
0.0752923 0.0697102
0.0754228 0.210686
0.126035 0.130623
0.113001 0.0671538
0.158276 0.235243
0.038439 0.176744
0.0757626 0.14137
0.134717 0.338243
0.143768 0.141808
0.0644187 0.0289079
0.0885922 0.085147
0.0375515 0.0562271
0.225114 0.121363
0.0939683 0.142022
0.0751265 0.228871
0.108778 0.231633
0.173675 0.234578
0.0712718 0.143767
0.0493892 0.147032
0.0410954 0.093839
0.0639632 0.0299257
0.139088 0.0832459
0.062163 0.138116
0.0389067 0.0524164
0.0241959 0.30615
0.176931 0.114831
0.0789637 0.145723
0.0687174 0.280936
0.0782863 0.0512502
0.0345853 0.0645442
0.0984566 0.066277
0.0823229 0.220914
0.0852624 0.29661
0.0621373 0.207953
0.014496 0.216174
0.075957 0.123076
0.122175 0.0816904
0.118153 0.101053
0.0878353 0.0714428
0.0468622 0.191816
0.102583 0.0278149
0.0898911 0.216945
0.0775317 0.130448
0.148406 0.234436
0.277588 0.128358
0.125244 0.179194
0.195472 0.145019
0.0562835 0.0274407
0.0782615 0.0681131
0.0946575 0.0861415
0.0191394 0.145023
0.112626 0.0427463
0.0362307 0.157343
0.154255 0.180345
0.062126 0.159161
0.0693631 0.17915
0.0413374 0.0715115
0.0773204 0.0278129
0.120231 0.0869386
0.0511424 0.183782
0.113391 0.189285
0.139898 0.0800371
0.204424 0.0484846
0.0761262 0.130447
0.0496176 0.160613
0.0551991 0.124611
0.0911084 0.164357
0.0717763 0.0824409
0.0357646 0.052048
0.186515 0.139663
0.0475494 0.142626
0.118891 0.100616
0.0922879 0.141712
0.0908147 0.297767
0.113617 0.238619
0.044804 0.241852
0.0412044 0.0711025
0.155229 0.146702
0.0448326 0.0628318
0.0909007 0.190451
0.110775 0.12695
0.0430594 0.189833
0.104039 0.21511
0.123947 0.249459
0.0886029 0.192175
0.0890113 0.147774
0.117908 0.270911
0.131103 0.169486
0.0767692 0.0103479
0.018866 0.0769081
0.0273171 0.0500989
0.168028 0.0663244
0.0642931 0.189764
0.0132038 0.0690489
0.151482 0.251371
0.0335426 0.25016
0.0305959 0.183307
0.0959095 0.323893
0.034303 0.14418
0.120217 0.0843505
0.0613153 0.111572
0.119913 0.0496295
0.13091 0.131788
0.0447056 0.141306
0.10412 0.282016
0.0834978 0.118966
0.137361 0.299054
0.1013 0.276325
0.159004 0.271669
0.0847778 0.0374624
0.129296 0.270953
0.159397 0.227987
0.0745791 0.0938069
0.211873 0.0868987
0.0290493 0.213347
0.0443373 0.176776
0.117244 0.0877666
0.145474 0.0571462
0.0949595 0.167737
0.203406 0.176827
0.152243 0.0599016
0.118516 0.134841
0.0775724 0.170517
0.0592026 0.198693
0.112283 0.153074
0.0298642 0.269354
0.10972 0.105637
0.0221894 0.211107
0.0548616 0.118998
0.0279459 0.171377
0.0114596 0.0468566
0.102843 0.12061
0.0595762 0.093687
0.0496287 0.147969
0.00959236 0.195085
0.122608 0.20422
0.275123 0.106224
0.190196 0.131813
0.174198 0.117048
0.0718376 0.073837
0.0795257 0.161783
0.0778162 0.179817
0.114912 0.169771
0.181593 0.104934
0.206617 0.0927265
0.164117 0.108775
0.0557653 0.107845
0.145997 0.172507
0.128954 0.187688
0.0343224 0.0645911
0.133454 0.101371
0.0742305 0.118947
0.056678 0.141422
0.0823835 0.0414357
0.152228 0.0763157
0.137439 0.193916
0.0817176 0.285515
0.11438 0.212352
0.0755151 0.161319
0.115225 0.206729
0.0704052 0.266521
0.0806348 0.23708
0.0212169 0.082431
0.0769327 0.112539
0.114921 0.077457
0.0243003 0.141122
0.124125 0.155728
0.112913 0.061041
0.0880051 0.229586
0.0617181 0.160746
0.0251224 0.160881
0.081877 0.170435
0.0459041 0.162207
0.17007 0.155
0.0567706 0.130171
0.0477728 0.257077
0.114447 0.0712239
0.0933831 0.123819
0.0802503 0.0676915
0.0479513 0.107164
0.0531256 0.0568273
0.107199 0.0942969
0.0843963 0.051182
0.113425 0.081492
0.0406568 0.10687
0.247743 0.264332
0.0455489 0.21534
0.0831984 0.0346373
0.076107 0.138294
0.0805342 0.0476131
0.184231 0.22403
0.148654 0.280401
0.0734983 0.238459
0.126596 0.268638
0.0618067 0.175969
0.0367558 0.0157461
0.0546564 0.0677139
0.0813899 0.117119
0.0787543 0.196789
0.0974605 0.112994
0.0867509 0.115005
0.0485953 0.0816379
0.0322649 0.0500121
0.121978 0.0267572
0.106561 0.14792
0.109908 0.155266
0.028491 0.0975403
0.0924076 0.0460418
0.0567127 0.133455
0.0164812 0.182839
0.105712 0.0582492
0.0687001 0.0707762
0.129225 0.229049
0.106652 0.281311
0.184719 0.0693377
0.144909 0.0965802
0.116938 0.0730515
0.0705255 0.215033
0.0519533 0.0648005
0.0770836 0.199294
0.139155 0.113271
0.259114 0.143234
0.0761423 0.100566
0.0159379 0.188638
0.0360267 0.205046
0.0427358 0.261683
0.0509694 0.0841008
0.0931525 0.180069
0.223533 0.0337598
0.180465 0.162332
0.172921 0.195051
0.149801 0.199702
0.105541 0.0913337
0.137288 0.150341
0.0781435 0.0463253
0.0720065 0.0871109
0.071833 0.189412
0.0861089 0.119581
0.0783316 0.204189
0.0739615 0.214787
0.0708626 0.127347
0.00621839 0.0469364
0.146609 0.152207
0.0411983 0.0944892
0.0725685 0.0298096
0.112049 0.0566998
0.0571175 0.0964148
0.117913 0.106471
0.18734 0.17315
0.0616924 0.163586
0.154706 0.221516
0.00675188 0.0787821
0.031726 0.128639
0.111081 0.104565
0.0245261 0.263786
0.0750547 0.0939924
0.176466 0.047179
0.0470033 0.100633
0.0275812 0.175529
0.0528265 0.161582
0.103652 0.0347687
0.0457714 0.0579403
0.152801 0.236223
0.0581444 0.235266
0.193794 0.151818
0.0827799 0.14102
0.0755074 0.198959
0.0635057 0.040382
0.0859695 0.0857966
0.11484 0.113474
0.0943639 0.0661913
0.104447 0.267245
0.105536 0.077735
0.0527065 0.188014
0.0577597 0.242895
0.0412122 0.197286
0.0822295 0.254323
0.0389744 0.11612
0.0944828 0.0628365
0.0414625 0.155897
0.09577 0.15759
0.0829391 0.219046
0.172087 0.108749
0.15774 0.142684
0.0883174 0.101953
0.151643 0.0415255
0.0635473 0.22675
0.208195 0.108499
0.104755 0.157549
0.162787 0.193119
0.0483744 0.184995
0.0822063 0.281518
0.0171151 0.122419
0.0492302 0.198853
0.0263354 0.0321827
0.107251 0.241111
0.0361027 0.123098
0.0999804 0.0934343
0.103452 0.180723
0.0853748 0.0913206
0.0661323 0.0700548
0.0140835 0.262607
0.105444 0.108812
0.0533209 0.130781
0.0592787 0.0435615
0.103508 0.140503
0.101188 0.0792732
0.108225 0.134014
0.0859268 0.108387
0.046774 0.161418
0.134162 0.099171
0.0728325 0.0550916
0.0566603 0.155018
0.0234259 0.169036
0.0910555 0.122873
0.0568062 0.0700057
0.15369 0.199291
0.125884 0.169063
0.083303 0.306334
0.121737 0.10188
0.0844251 0.0699237
0.0996715 0.0203878
0.0977183 0.0422643
0.19806 0.053343
0.0567145 0.196768
0.13435 0.105977
0.110309 0.164333
0.0712758 0.0584528
0.0855601 0.123428
0.0800672 0.229137
0.183415 0.175951
0.115092 0.169326
0.0201659 0.187206
0.107954 0.128472
0.057725 0.141689
0.108692 0.0860906
0.0631036 0.184455
0.100388 0.132938
0.0615741 0.121915
0.0423211 0.0457912
0.169234 0.0905329
0.0964452 0.0401415
0.0932558 0.099891
0.0890306 0.156576
0.139256 0.0973534
0.162077 0.202199
0.0381337 0.220915
0.150868 0.166862
0.0189734 0.15584
0.0845649 0.128142
0.0851276 0.149513
0.0468339 0.18894
0.1359 0.177049
0.0557634 0.309564
0.0603665 0.180524
0.11672 0.0611365
0.168242 0.171694
0.132381 0.243208
0.1406 0.137528
0.0635551 0.0982769
0.128417 0.0141331
0.0727164 0.0693325
0.108572 0.0612296
0.0928914 0.188312
0.154348 0.160422
0.0901095 0.163771
0.0402408 0.187042
0.111586 0.152435
0.153843 0.148771
0.179368 0.189595
0.148198 0.116733
0.0327041 0.0818975
0.0549854 0.143469
0.124881 0.0858888
0.177824 0.22619
0.0647841 0.117559
0.0496963 0.176846
0.0362734 0.152214
0.0674126 0.17919
0.16027 0.171822
0.103948 0.141666
0.0487878 0.117448
0.0969005 0.219559
0.165564 0.0341958
0.100842 0.0410276
0.0527777 0.0156408
0.171155 0.270166
0.132187 0.0765139
0.0596609 0.141394
0.154188 0.183407
0.0545953 0.202067
0.069606 0.0804489
0.0150956 0.0679705
0.0843104 0.168554
0.11061 0.17394
0.0802761 0.0578222
0.111628 0.0309395
0.115159 0.0874644
0.149953 0.216375
0.0179428 0.0390048
0.0876202 0.206446
0.0632225 0.203015
0.10879 0.211554
0.0946967 0.0532847
0.12165 0.135714
0.101793 0.241294
0.115504 0.261718
0.087525 0.0980676
0.0904944 0.0766168
0.128465 0.108559
0.0950182 0.0716231
0.205568 0.127827
0.169205 0.178915
0.0594439 0.0792332
0.0648835 0.158152
0.144302 0.145369
0.0409945 0.0166352
0.221002 0.0301823
0.158397 0.155905
0.0498503 0.117327
0.225352 0.157344
0.0979762 0.0504287
0.131432 0.0845485
0.0874777 0.232691
0.0407221 0.102144
0.106072 0.0952751
0.0257454 0.0709111
0.0475146 0.198477
0.206471 0.0820802
0.0493708 0.188553
0.12265 0.0714781
0.0232387 0.134907
0.0625373 0.152971
0.0166249 0.134891
0.114524 0.130771
0.157252 0.0189367
0.0265477 0.105933
0.112921 0.101726
0.0493034 0.151839
0.133542 0.27997
0.159128 0.111737
0.0433341 0.073043
0.054239 0.138185
0.00528492 0.0916115
0.101508 0.151493
0.0596849 0.126604
0.0917831 0.0889133
0.0737142 0.146207
0.0438345 0.30012
0.0745 0.160567
0.137706 0.200331
0.068645 0.103016
0.01354 0.123646
0.0979313 0.122539
0.0321125 0.148342
0.109861 0.17978
0.104285 0.0592143
0.0496726 0.264569
0.110031 0.139508
0.124554 0.239335
0.1125 0.137762
0.0776969 0.0521157
0.0293966 0.0802733
0.0605449 0.18341
0.0347624 0.156696
0.0569597 0.0833284
0.0904331 0.266488
0.0383993 0.106636
0.0508584 0.107615
0.0432559 0.159402
0.102476 0.0610969
0.0349782 0.192875
0.133448 0.114762
0.0236211 0.129441
0.0936068 0.186112
0.134886 0.113494
0.0881016 0.180438
0.104476 0.0651071
0.0887935 0.268874
0.139709 0.15023
0.0462889 0.118062
0.20785 0.212899
0.0671778 0.157526
0.0766144 0.0795678
0.0688458 0.115391
0.141665 0.0601841
0.0292596 0.0281103
0.100798 0.0891729
0.224914 0.134655
0.125011 0.227875
0.0932788 0.0861298
0.105259 0.165969
0.105816 0.206214
0.0615872 0.143345
0.162521 0.117634
0.0560997 0.197761
0.0750605 0.20757
0.0392295 0.0678401
0.0574859 0.154684
0.0741391 0.152202
0.0558661 0.144404
0.130317 0.195358
0.0714595 0.0832828
0.0613189 0.177406
0.11041 0.20974
0.0545682 0.174499
0.121501 0.0442425
0.0744187 0.184658
0.102878 0.13026
0.19664 0.136496
0.0764105 0.175595
0.0385345 0.0288735
0.0440729 0.126246
0.168955 0.207349
0.0942217 0.160361
0.0645129 0.0331239
0.0624335 0.248484
0.0656045 0.204048
0.0849284 0.226573
0.0908517 0.245224
0.0972684 0.031527
0.149147 0.269074
0.136932 0.140155
0.141495 0.270845
0.116009 0.0710064
0.0654982 0.114927
0.073297 0.0758243
0.0788358 0.170039
0.0569323 0.0457646
0.0556239 0.161254
0.105864 0.0854235
0.019607 0.181827
0.110457 0.223662
0.0275949 0.177606
0.102696 0.0477081
0.14058 0.13367
0.108324 0.0933526
0.178584 0.0758866
0.1167 0.100248
0.118316 0.0612666
0.159018 0.159772
0.0877726 0.137262
0.054911 0.0431214
0.185763 0.168754
0.0729964 0.0616361
0.158489 0.0300632
0.0922728 0.0284836
0.0969916 0.0783227
0.0166998 0.2042
0.100784 0.0616835
0.127232 0.0180049
0.0699648 0.0474261
0.144192 0.0981991
0.131607 0.113128
0.169788 0.048627
0.119126 0.105837
0.0482735 0.0873324
0.0223197 0.101484
0.0769916 0.0788607
0.0866171 0.192495
0.140285 0.25829
0.0809822 0.138439
0.0254806 0.198155
0.0448835 0.126973
0.0536312 0.0753341
0.0493347 0.130794
0.086523 0.19734
0.117715 0.119601
0.0961677 0.0922978
0.0480248 0.218566
0.0146695 0.0376433
0.196384 0.176062
0.0512791 0.0136983
0.0635005 0.041476
0.0736378 0.18741
0.115943 0.283569
0.0478875 0.183068
0.138296 0.205292
0.037627 0.139489
0.046511 0.10413
0.0530477 0.115684
0.155776 0.156092
0.0654231 0.0823509
0.0642821 0.235627
0.0369022 0.0190745
0.0953896 0.158397
0.043682 0.113942
0.023592 0.286889
0.0483459 0.160659
0.0385541 0.138576
0.0915326 0.162978
0.125501 0.223631
0.0933219 0.226417
0.127236 0.170685
0.0130018 0.153358
0.215892 0.105643
0.0978352 0.222101
0.178476 0.152895
0.0972614 0.144186
0.110585 0.025377
0.0619042 0.0481219
0.103757 0.0344629
0.0740739 0.134244
0.1227 0.0424784
0.0644783 0.112091
0.0234983 0.0897956
0.0969115 0.189895
0.0575433 0.301202
0.0878026 0.203271
0.0896456 0.273481
0.134381 0.232463
0.0745713 0.040856
0.0402763 0.0562104
0.147672 0.0976959
0.0757389 0.127872
0.0462575 0.169615
0.0722709 0.156182
0.180703 0.139043
0.0828329 0.197434
0.0745196 0.174325
0.060338 0.155999
0.0650042 0.093579
0.102457 0.062354
0.0373831 0.0527594
0.164988 0.0449434
0.0909868 0.145989
0.0885582 0.121481
0.10184 0.129017
0.017225 0.115448
0.0107308 0.167579
0.0671706 0.129116
0.0423224 0.0519805
0.0441951 0.0620294
0.0496919 0.0680945
0.0614513 0.126114
0.0557565 0.155572
0.0741507 0.212652
0.20684 0.171809
0.105544 0.169592
0.0421224 0.0684299
0.139096 0.129297
0.101205 0.144662
0.0754374 0.0662824
0.155888 0.132261
0.152717 0.145787
0.131952 0.0324497
0.156637 0.0696972
0.0841134 0.155782
0.100594 0.173159
0.07309 0.0409573
0.104755 0.0950259
0.17263 0.20749
0.045357 0.319707
0.234616 0.135884
0.104355 0.309128
0.0604544 0.175613
0.0590911 0.261125
0.00886229 0.136854
0.131598 0.208439
0.0066367 0.143761
0.0509729 0.154463
0.108489 0.0944736
0.0620161 0.0966407
0.0617949 0.10729
0.230611 0.0135306
0.0983927 0.101083
0.0677088 0.138944
0.0587482 0.0858195
0.0398139 0.157781
0.0929189 0.0817212
0.126872 0.102963
0.104444 0.262749
0.0704361 0.159426
0.0628315 0.0294495
0.0696457 0.0538806
0.119636 0.146159
0.0857854 0.130083
0.0840853 0.0775259
0.0380242 0.138695
0.114905 0.115831
0.198471 0.270725
0.0390438 0.269319
0.146356 0.171689
0.113461 0.143693
0.202315 0.209046
0.0603823 0.184065
0.178651 0.274116
0.0393353 0.177684
0.0259428 0.157196
0.109699 0.129626
0.0485545 0.269045
0.0231356 0.165213
0.0747342 0.0955773
0.105109 0.0762704
0.0597542 0.0174833
0.0888048 0.0702259
0.0484492 0.103499
0.0598423 0.198975
0.0839288 0.214387
0.129025 0.158241
0.00834148 0.102599
0.0821984 0.124051
0.0589193 0.176856
0.0462781 0.177451
0.163979 0.0157741
0.11118 0.20449
0.0955092 0.10418
0.0949348 0.152172
0.159449 0.278694
0.184699 0.130208
0.0890218 0.110611
0.0473396 0.101047
0.13167 0.212166
0.0621755 0.0941189
0.0673058 0.161321
0.141739 0.127721
0.0355801 0.0436049
0.139597 0.158711
0.111996 0.163488
0.106624 0.129222
0.110777 0.0543321
0.0213967 0.0857965
0.0364922 0.118301
0.161356 0.206875
0.0928714 0.172175
0.10355 0.174169
0.128714 0.174362
0.0691267 0.0577242
0.0473766 0.028041
0.160985 0.141732
0.119691 0.119806
0.129949 0.200547
0.0764474 0.149801
0.0584407 0.145026
0.140022 0.0718129
0.116305 0.0419091
0.0807342 0.0500289
0.123034 0.17952
0.109987 0.0799729
0.0740335 0.134169
0.125133 0.107791
0.141898 0.149136
0.06652 0.114178
0.0459387 0.0563839
0.0391558 0.0846322
0.0868206 0.251193
0.0241716 0.0811042
0.0422462 0.237288
0.060791 0.110823
0.0821564 0.0371867
0.181035 0.0230795
0.0834072 0.108877
0.13546 0.109788
0.117051 0.0791733
0.112496 0.0932631
0.0561857 0.211578
0.0916479 0.0343766
0.0505782 0.0945484
0.0953078 0.233608
0.233188 0.132736
0.125504 0.217714
0.116691 0.107135
0.0869244 0.105082
0.132421 0.0397057
0.0295414 0.0394758
0.137622 0.165797
0.0859157 0.211602
0.0286119 0.123347
0.0277842 0.0556706
0.109687 0.200051
0.0971973 0.206037
0.0747026 0.123569
0.0728517 0.183952
0.141506 0.168024
0.078671 0.242624
0.0843742 0.14436
0.0256476 0.144558
0.0439061 0.130636
0.0839133 0.0616115
0.106519 0.228713
0.252624 0.199848
0.14864 0.0616796
0.0421634 0.0826372
0.0774569 0.206893
0.0785869 0.250335
0.102435 0.183852
0.0621986 0.0824724
0.0126681 0.0707317
0.0982954 0.0999066
0.124115 0.205434
0.109377 0.0669275
0.0755636 0.0313545
0.12359 0.0506973
0.0342164 0.136887
0.0396643 0.0721016
0.168245 0.0724316
0.105093 0.271329
0.119849 0.176497
0.0101226 0.176788
0.0526018 0.0233797
0.089036 0.0584789
0.122759 0.0896175
0.087982 0.149623
0.0734659 0.0380133
0.142499 0.00952557
0.074981 0.191513
0.0656534 0.0792389
0.0521709 0.181879
0.162562 0.140631
0.0756633 0.160308
0.179804 0.0883973
0.130728 0.0724032
0.0486747 0.162267
0.232802 0.167253
0.122488 0.0159277
0.153636 0.0450479
0.0560753 0.066587
0.0146568 0.0266794
0.170487 0.201334
0.0481111 0.137833
0.0487885 0.121967
0.0730685 0.226545
0.046464 0.217437
0.12093 0.178171
0.162436 0.211942
0.0792569 0.0758511
0.169316 0.248773
0.0715249 0.0887277
0.0837848 0.111972
0.104812 0.1051
0.108264 0.0663816
0.0409519 0.126315
0.204775 0.198496
0.161392 0.195519
0.0481611 0.0702137
0.0423894 0.169799
0.12052 0.151073
0.132155 0.0688821
0.0903238 0.149227
0.016425 0.203531
0.21121 0.128232
0.103215 0.243653
0.0550128 0.154045
0.0373526 0.182433
0.0229869 0.201198
0.0662036 0.195401
0.150009 0.192258
0.09116 0.136678
0.0625183 0.0288733
0.0479686 0.115399
0.0918254 0.173739
0.110069 0.0464479
0.102732 0.0718324
0.0927143 0.28433
0.096864 0.164104
0.0395321 0.185235
0.0485458 0.0593039
0.0893238 0.212244
0.050681 0.220081
0.0472828 0.0581403
0.143932 0.249622
0.174471 0.0943744
0.155151 0.0925662
0.0717623 0.227705
0.0519026 0.126977
0.0979052 0.127802
0.0960754 0.0734136
0.0412866 0.122972
0.0856602 0.155861
0.115143 0.110928
0.0533234 0.177883
0.0789304 0.0191855
0.0468662 0.247132
0.200628 0.0417686
0.0719685 0.137287
0.026054 0.0569767
0.0321724 0.116727
0.0451428 0.0794721
0.12333 0.0973497
0.0958921 0.0278085
0.0759413 0.16373
0.102529 0.0655872
0.081831 0.0779142
0.0797045 0.201171
0.163417 0.0542839
0.134811 0.0679687
0.203065 0.0135904
0.0512749 0.223129
0.1157 0.160663
0.0385887 0.135926
0.0318278 0.158914
0.0505057 0.159755
0.104623 0.0626226
0.00874632 0.0735264
0.0614607 0.141867
0.214748 0.0523092
0.118686 0.0991542
0.091505 0.0749092
0.199577 0.0646834
0.141356 0.116087
0.0404541 0.117299
0.091647 0.0920907
0.173629 0.148924
0.0662158 0.10555
0.014203 0.15844
0.0140931 0.174662
0.0552316 0.296697
0.179106 0.207351
0.0211585 0.149201
0.168262 0.0254961
0.083109 0.093926
0.186939 0.064967
0.0315902 0.13139
0.154639 0.131679
0.0914456 0.123933
0.066316 0.148966
0.100791 0.105703
0.072742 0.0828754
0.122624 0.151691
0.0829535 0.202531
0.0713378 0.132418
0.031347 0.297137
0.141802 0.116868
0.0697517 0.26512
0.053813 0.0415398
0.088739 0.0122527
0.0169164 0.0925457
0.10728 0.0808196
0.0403517 0.0848337
0.0345556 0.201265
0.0519285 0.0996759
0.0340076 0.151221
0.0197218 0.039177
0.0641978 0.0696498
0.0734847 0.14563
0.0434199 0.0971688
0.0452367 0.0624873
0.042844 0.186481
0.0363235 0.0770532
0.145409 0.213259
0.0740481 0.168989
0.0563847 0.0521518
0.0555315 0.058661
0.0562168 0.072653
0.113565 0.146632
0.0629413 0.0823678
0.136051 0.204888
0.0209608 0.244577
0.0542657 0.173747
0.102996 0.29926
0.0385047 0.139466
0.117748 0.162068
0.0590782 0.0878557
0.0496757 0.0532402
0.149761 0.233603
0.105343 0.278757
0.0736321 0.161559
0.0772054 0.100168
0.185726 0.118688
0.0880118 0.115747
0.17693 0.0264346
0.114786 0.191641
0.0568572 0.109672
0.182897 0.108446
0.0441741 0.157804
0.154826 0.0486061
0.0913079 0.0226099
0.150628 0.0455177
0.0332083 0.111276
0.0914126 0.0719328
0.104573 0.15163
0.117711 0.048589
0.0940573 0.237391
0.122458 0.149564
0.0988905 0.104765
0.110029 0.0649438
0.0426543 0.0714471
0.0708049 0.036506
0.118377 0.106736
0.0578618 0.204744
0.0996862 0.181191
0.0675593 0.154846
0.0609674 0.171294
0.200922 0.102824
0.137567 0.0841913
0.0172685 0.197591
0.120987 0.234651
0.0625646 0.118057
0.0659872 0.0874297
0.0420883 0.126709
0.203249 0.117436
0.0910552 0.00801987
0.118683 0.115586
0.0457591 0.117071
0.0869221 0.219786
0.0486405 0.049583
0.0195781 0.233157
0.0303508 0.0775314
0.0527325 0.158428
0.118256 0.20721
0.0426719 0.226223
0.0731159 0.192723
0.0972839 0.119686
0.0855301 0.166056
0.171404 0.111696
0.138095 0.275986
0.0635458 0.230687
0.136095 0.078085
0.0771206 0.0672201
0.125981 0.0285452
0.103995 0.116004
0.0950199 0.167376
0.189651 0.216723
0.0169653 0.22445
0.0610816 0.14234
0.233691 0.0593474
0.0333925 0.0228256
0.164132 0.24926
0.140566 0.0708753
0.116984 0.0636508
0.0967102 0.0791651
0.101817 0.186535
0.101356 0.163777
0.211899 0.140323
0.113285 0.126194
0.110564 0.0401119
0.155292 0.188516
0.0359861 0.216488
0.0846207 0.168399
0.135615 0.138455
0.17441 0.0642892
0.0794591 0.0672749
0.0849326 0.157705
0.0465723 0.25494
0.0608821 0.222456
0.0948535 0.00691797
0.133652 0.149701
0.0400208 0.176103
0.0899852 0.193602
0.0709214 0.123789
0.0641655 0.154789
0.0404714 0.168338
0.144607 0.159461
0.133756 0.0255845
0.113538 0.117488
0.0451038 0.193628
0.0554565 0.268797
0.058922 0.159428
0.146332 0.198934
0.0484938 0.018364
0.0722682 0.18314
0.141703 0.204897
0.042719 0.173916
0.226646 0.198341
0.122472 0.0809835
0.10702 0.15839
0.0374871 0.075244
0.166377 0.169514
0.0312426 0.179823
0.0828882 0.0806735
0.089356 0.113302
0.0558078 0.171448
0.0287903 0.0444573
0.120617 0.15625
0.146419 0.120088
0.116498 0.114345
0.0172614 0.194252
0.0498533 0.194082
0.0558136 0.10147
0.099191 0.0311243
0.0582998 0.0754967
0.0806585 0.109459
0.132568 0.125738
0.0612679 0.16341
0.108702 0.122252
0.096026 0.115582
0.0304291 0.11967
0.0615744 0.0606428
0.105186 0.0940264
0.0993485 0.249827
0.122634 0.0664425
0.183713 0.107715
0.115403 0.128616
0.0492175 0.179807
0.186206 0.10336
0.134307 0.0827722
0.0668249 0.126902
0.100343 0.163565
0.12236 0.130052
0.193604 0.154342
0.0531453 0.0828058
0.0793312 0.101016
0.0400967 0.0311874
0.15665 0.126532
0.0631194 0.141756
0.134288 0.167626
0.0238124 0.184852
0.0361537 0.204157
0.0392224 0.213711
0.0534013 0.160412
0.0672998 0.115757
0.0760859 0.139354
0.102254 0.176192
0.186332 0.182937
0.0760532 0.243472
0.0501853 0.0335657
0.163593 0.0506302
0.0481833 0.0926318
0.0587527 0.0923891
0.0290912 0.0727337
0.0305168 0.106743
0.0792549 0.0978047
0.0635877 0.181692
0.0466888 0.17115
0.0707428 0.24292
0.0579698 0.214613
0.0438296 0.163513
0.16976 0.0576919
0.0466864 0.196323
0.0762172 0.254824
0.0890663 0.154892
0.0809467 0.0524864
0.118049 0.106614
0.123433 0.106592
0.0639314 0.0253304
0.134248 0.0374615
0.0456161 0.15342
0.0255738 0.11157
0.159102 0.0508769
0.049491 0.0896667
0.102568 0.0379878
0.0861083 0.0751401
0.0760411 0.13739
0.0299535 0.106895
0.148658 0.173253
0.0707659 0.19009
0.0631815 0.225134
0.0946956 0.0569637
0.108359 0.166205
0.0689119 0.119067
0.143246 0.235345
0.211976 0.0659726
0.0474492 0.150784
0.0940301 0.184378
0.0552428 0.191936
0.111168 0.0893118
0.0271929 0.062101
0.146369 0.0748661
0.0863863 0.0835399
0.0235804 0.177297
0.140933 0.16257
0.0700369 0.212223
0.0430788 0.172138
0.0991043 0.01854
0.136759 0.0473497
0.149402 0.22137
0.0872755 0.307587
0.10928 0.23432
0.0878534 0.169511
0.0699076 0.23732
0.0875528 0.0803124
0.0633992 0.189023
0.0745672 0.226746
0.0949737 0.120542
0.0827841 0.17713
0.0781615 0.0139529
0.163397 0.0921765
0.153148 0.132485
0.0655281 0.0512667
0.0631495 0.139832
0.0616848 0.140504
0.0609223 0.0684926
0.109945 0.163083
0.0518632 0.248854
0.130866 0.166194
0.0851919 0.109256
0.114218 0.203382
0.122645 0.220972
0.106155 0.0806664
0.0753114 0.14293
0.051488 0.260021
0.059159 0.0632996
0.0373752 0.0734141
0.019006 0.130082
0.0469279 0.154863
0.0974575 0.178005
0.11629 0.0833012
0.0626585 0.119556
0.0217889 0.058241
0.127087 0.101821
0.0510121 0.164474
0.0573646 0.201717
0.12619 0.0783743
0.0481424 0.164106
0.129298 0.184935
0.163557 0.236706
0.0561964 0.176105
0.0773905 0.242182
0.158742 0.101989
0.0668212 0.180882
0.154582 0.12685
0.0413468 0.102849
0.0630259 0.149979
0.0940349 0.237648
0.076122 0.18244
0.100495 0.0799115
0.098946 0.153929
0.0344564 0.140477
0.10056 0.116683
0.154833 0.139003
0.160814 0.10908
0.0893096 0.128227
0.0936597 0.0778596
0.185776 0.16057
0.156448 0.038817
0.0884227 0.117433
0.222447 0.192317
0.0718497 0.0812117
0.0209934 0.176819
0.15131 0.123397
0.102778 0.0119011
0.11987 0.149528
0.0918936 0.135324
0.0592932 0.0812577
0.133939 0.0839145
0.0492542 0.196501
0.0416778 0.249743
0.130161 0.149864
0.0847758 0.143932
0.103829 0.182835
0.154383 0.15427
0.0846714 0.0397667
0.16497 0.138914
0.047465 0.159146
0.110486 0.171017
0.138028 0.20285
0.0342844 0.0522854
0.0540925 0.144488
0.0607196 0.0857864
0.0837376 0.102923
0.131311 0.131395
0.0525844 0.121495
0.111156 0.263079
0.0779832 0.113573
0.109163 0.0962709
0.0350888 0.149319
0.035635 0.248239
0.197921 0.277005
0.0561819 0.0745369
0.103162 0.142401
0.123986 0.141495
0.0578022 0.166423
0.193947 0.219504
0.144049 0.274969
0.164581 0.0742446
0.150732 0.116667
0.154416 0.210611
0.102512 0.178944
0.0842881 0.0966999
0.126774 0.126172
0.0363605 0.0673144
0.0616767 0.164669
0.133185 0.0946295
0.0397978 0.0967247
0.114722 0.106752
0.10578 0.0976635
0.0308535 0.11026
0.0449373 0.279946
0.0623395 0.2214
0.0401671 0.0298239
0.0645059 0.0802316
0.129021 0.136565
0.0607219 0.132248
0.092136 0.173852
0.090958 0.0822771
0.157415 0.18219
0.0373462 0.247084
0.0735536 0.178902
0.143737 0.175699
0.0158801 0.0745964
0.0381941 0.0616851
0.0328429 0.17155
0.109726 0.17118
0.123971 0.185397
0.044192 0.251917
0.0919267 0.101601
0.053614 0.177573
0.0977245 0.0656416
0.133937 0.012277
0.0553719 0.0957091
0.0528746 0.074309
0.0238986 0.177196
0.0928107 0.128997
0.10714 0.130929
0.0644251 0.108872
0.0229663 0.0401296
0.138221 0.138609
0.058354 0.0819463
0.11212 0.156371
0.11206 0.120205
0.0428109 0.114944
0.213331 0.17961
0.0818884 0.0170344
0.0869968 0.160566
0.0848698 0.0703328
0.192009 0.0994668
0.116748 0.107869
0.116003 0.258619
0.0244555 0.174371
0.143903 0.139486
0.173126 0.141052
0.159523 0.24713
0.0174279 0.22696
0.0879094 0.0650636
0.0893277 0.228626
0.0583068 0.168846
0.087517 0.0832572
0.0775951 0.0598444
0.0378949 0.140177
0.048336 0.173744
0.0542922 0.214014
0.176608 0.1683
0.098376 0.16128
0.0259689 0.138305
0.0210753 0.25892
0.0739062 0.0967275
0.0574396 0.209169
0.0575087 0.138494
0.146942 0.125281
0.0529307 0.151432
0.127197 0.216088
0.0670557 0.149024
0.118147 0.0948288
0.0398065 0.0695751
0.214495 0.127443
0.111301 0.136704
0.0974234 0.168617
0.255735 0.0925012
0.175769 0.0447975
0.0630851 0.0723511
0.0779058 0.255213
0.17218 0.13747
0.0507317 0.0635017
0.114471 0.0324111
0.103044 0.0573101
0.122436 0.143819
0.0837008 0.053761
0.0621371 0.104242
0.0730493 0.123318
0.150684 0.0773615
0.168153 0.125852
0.0443027 0.0555507
0.0811236 0.0526679
0.143085 0.1984
0.0970883 0.111561
0.0636583 0.0990263
0.139466 0.0823119
0.0523343 0.04084
0.0689869 0.111185
0.0979858 0.157113
0.0687303 0.172935
0.119684 0.0627335
0.0162793 0.0916101
0.0783616 0.125844
0.152374 0.203747
0.161312 0.0982288
0.0535695 0.0597183
0.0184087 0.193028
0.144595 0.186005
0.0877794 0.149432
0.0160493 0.0227082
0.0834715 0.0332456
0.0838855 0.111575
0.0241472 0.0217389
0.125922 0.0991546
0.0728158 0.125424
0.107797 0.0635193
0.103164 0.109601
0.153328 0.163059
0.213227 0.0193878
0.0858874 0.0459475
0.0513356 0.175286
0.0357182 0.170146
0.109862 0.0464999
0.171374 0.0733242
0.0470324 0.136789
0.0416894 0.0241302
0.0645068 0.17091
0.207902 0.207784
0.16044 0.0777213
0.145944 0.318118
0.171729 0.100191
0.132792 0.107626
0.0961084 0.0180102
0.0672531 0.0549193
0.116251 0.179652
0.0693736 0.0481834
0.102988 0.0668554
0.123011 0.192245
0.061074 0.0491973
0.0741449 0.14808
0.124513 0.11839
0.114815 0.265728
0.0630154 0.170658
0.0206392 0.290469
0.15894 0.214117
0.1454 0.137115
0.0222717 0.147352
0.0436811 0.175453
0.0419186 0.141676
0.00835659 0.079806
0.0782542 0.239513
0.128245 0.0976331
0.0743818 0.141093
0.065403 0.0978054
0.0624494 0.146212
0.139254 0.203577
0.0451883 0.121574
0.071898 0.0441389
0.0798705 0.0753357
0.0636526 0.166408
0.0605578 0.163728
0.184174 0.157458
0.105166 0.15393
0.198393 0.270254
0.0938889 0.20842
0.07554 0.0491568
0.127277 0.164786
0.0933525 0.09494
0.161445 0.268299
0.0339306 0.178215
0.0349997 0.199109
0.0569142 0.155821
0.0614575 0.0960442
0.208946 0.0890689
0.0846759 0.109732
0.0308477 0.133878
0.0558703 0.101476
0.0683355 0.0391114
0.0826572 0.10464
0.122705 0.0706443
0.107709 0.0731084
0.0284086 0.0837784
0.0453285 0.285981
0.0736106 0.165653
0.110952 0.247836
0.0367948 0.0386287
0.0839632 0.123517
0.0388504 0.113964
0.141475 0.0844151
0.0503567 0.0262375
0.0783811 0.151787
0.0452635 0.121518
0.113609 0.102601
0.0502609 0.231845
0.0611761 0.0493293
0.0130776 0.233681
0.0869592 0.146524
0.0620766 0.219148
0.100117 0.0645917
0.0507355 0.0658187
0.142671 0.148411
0.0861249 0.0331958
0.0634293 0.0955151
0.0428543 0.113763
0.0873273 0.0434545
0.0732175 0.0114857
0.0534825 0.00635068
0.0741391 0.0480606
0.0800076 0.118108
0.117014 0.109592
0.101233 0.146994
0.0495312 0.122959
0.0795287 0.0177827
0.150377 0.123684
0.164762 0.019267
0.109879 0.181255
0.0227946 0.229222
0.0524496 0.0720154
0.0828388 0.107592
0.0310226 0.0871544
0.0748759 0.150717
0.129487 0.0396237
0.138327 0.0301907
0.0663949 0.102943
0.0418268 0.113583
0.0341748 0.0835031
0.0543857 0.0292465
0.0468153 0.0681335
0.0935854 0.12733
0.0657668 0.0525263
0.0749815 0.113502
0.122796 0.239182
0.0858576 0.298467
0.0545023 0.228569
0.0217821 0.214399
0.0591524 0.0984986
0.0232557 0.195363
0.0167713 0.0640383
0.0777308 0.202585
0.114223 0.0873823
0.0850906 0.125615
0.143435 0.0214049
0.0770111 0.0782731
0.018277 0.0921396
0.120927 0.187459
0.0856616 0.0800156
0.0293221 0.189537
0.15057 0.155192
0.0413508 0.181357
0.214629 0.0840735
0.157404 0.0384511
0.074551 0.055065
0.15235 0.203069
0.152815 0.0607963
0.0610249 0.0643406
0.139949 0.0931763
0.161789 0.241359
0.052331 0.184122
0.0509271 0.204962
0.118752 0.151785
0.0260647 0.0868695
0.177926 0.074316
0.0928686 0.215224
0.121554 0.128795
0.0485953 0.0825843
0.130881 0.11213
0.1002 0.25301
0.13661 0.195292
0.0380084 0.156054
0.100873 0.130964
0.0763596 0.190392
0.0422682 0.107521
0.0575178 0.170737
0.0291233 0.0103201
0.0976209 0.086432
0.111648 0.0645768
0.224393 0.118918
0.111359 0.201853
0.106033 0.192327
0.146866 0.178161
0.0500812 0.188421
0.0674311 0.0943658
0.0870707 0.222865
0.207353 0.0971236
0.0270204 0.0542758
0.0788936 0.14909
0.0962794 0.207653
0.0900388 0.176182
0.108009 0.225952
0.176224 0.191068
0.12528 0.180157
0.143593 0.276549
0.0802198 0.158197
0.081554 0.0600814
0.105964 0.102079
0.0422707 0.0842353
0.0503954 0.042423
0.10708 0.0686919
0.143624 0.216447
0.0613004 0.0933798
0.103207 0.101272
0.067229 0.158759
0.195394 0.125711
0.136512 0.138747
0.142913 0.0573766
0.250709 0.240659
0.16629 0.0802372
0.114669 0.178635
0.123299 0.193439
0.141539 0.152198
0.150903 0.0621818
0.104058 0.111207
0.0673409 0.137076
0.194245 0.0470774
0.09837 0.116227
0.0977299 0.0756478
0.0930908 0.216229
0.113804 0.144384
0.047236 0.117319
0.0912285 0.0283422
0.0942123 0.02103
0.0291214 0.178828
0.132827 0.0668716
0.084111 0.220292
0.0855762 0.0472952
0.0768296 0.07512
0.102834 0.0488624
0.0432551 0.142714
0.151262 0.11731
0.0560349 0.120132
0.109525 0.182685
0.128343 0.110214
0.0426265 0.0143557
0.0406435 0.159233
0.0377322 0.0179497
0.0383241 0.079444
0.0532489 0.204552
0.0839234 0.0541417
0.0309419 0.226875
0.0808745 0.0510099
0.0837919 0.113051
0.0526124 0.238662
0.0427916 0.222106
0.0558789 0.076055
0.00436184 0.229318
0.06989 0.246883
0.152461 0.0514064
0.102312 0.147909
0.0901982 0.134775
0.0769 0.0916249
0.188019 0.163437
0.100002 0.0950862
0.14512 0.0648149
0.0321463 0.0806629
0.132509 0.0372444
0.121499 0.201167
0.0459289 0.145987
0.152069 0.0448687
0.0539611 0.177775
0.134131 0.204064
0.148491 0.132016
0.00926114 0.0949077
0.155071 0.177816
0.0596569 0.208103
0.12157 0.117995
0.23766 0.155946
0.0344806 0.24535
0.10814 0.0430004
0.0345748 0.209527
0.0786569 0.121506
0.183596 0.213506
0.0390016 0.0752832
0.0478408 0.132086
0.0920165 0.261495
0.143373 0.203477
0.143323 0.0761115
0.14408 0.314119
0.0886974 0.109015
0.126797 0.0166168
0.0898803 0.062527
0.0990468 0.102645
0.0508384 0.186171
0.11193 0.229569
0.0857121 0.154446
0.0777289 0.180096
0.0594281 0.150943
0.125374 0.068116
0.0148868 0.23881
0.125513 0.0597091
0.195806 0.131437
0.0535465 0.12958
0.0686678 0.155965
0.113348 0.278095
0.158259 0.0254465
0.070818 0.130524
0.153616 0.11146
0.196687 0.229169
0.0599973 0.11675
0.0965215 0.0869213
0.113327 0.107934
0.0861497 0.206042
0.150449 0.216864
0.0581043 0.333488
0.0763504 0.0711792
0.0640474 0.0686076
0.0705947 0.0952733
0.086339 0.267866
0.0647884 0.207343
0.157714 0.122625
0.00771967 0.0327641
0.0177804 0.213267
0.0893672 0.0963376
0.127903 0.13251
0.0822455 0.127728
0.0699899 0.0936508
0.0702419 0.0214531
0.0905903 0.28083
0.133607 0.232261
0.0349198 0.229605
0.140916 0.0461882
0.120901 0.139467
0.223132 0.127333
0.111457 0.0884291
0.040762 0.168402
0.0429512 0.115044
0.161473 0.211435
0.104296 0.151018
0.0648987 0.117328
0.180023 0.0869791
0.160422 0.232868
0.156105 0.0738392
0.129302 0.0619374
0.0883531 0.0760744
0.123957 0.0414092
0.13186 0.0880421
0.0974266 0.0271226
0.0283994 0.109075
0.0165812 0.17547
0.0240973 0.138579
0.126874 0.159213
0.0886495 0.0907248
0.0568839 0.113444
0.0584898 0.0165189
0.0492375 0.130089
0.0546699 0.118487
0.0751005 0.112088
0.0188451 0.13897
0.0588697 0.16452
0.105836 0.122985
0.0687913 0.0580163
0.167138 0.0904001
0.117146 0.194634
0.0683694 0.209198
0.065049 0.138737
0.100798 0.128471
0.107327 0.14334
0.0622449 0.0936846
0.163464 0.117383
0.0434159 0.143858
0.0957062 0.151623
0.242789 0.264656
0.0709447 0.198217
0.0831028 0.112681
0.138004 0.187394
0.136784 0.0192125
0.217527 0.26857
0.0255551 0.161329
0.0715206 0.170275
0.0470084 0.171136
0.0432667 0.0300428
0.12835 0.013144
0.0795948 0.147239
0.076768 0.064507
0.0362818 0.130203
0.131891 0.0567621
0.104356 0.0645231
0.107035 0.181737
0.170412 0.135183
0.139711 0.0680343
0.0904012 0.131844
0.110155 0.157347
0.0907398 0.259023
0.0327795 0.0897538
0.0854792 0.205998
0.0738781 0.205383
0.157464 0.0738235
0.0828861 0.110529
0.165602 0.175393
0.0461719 0.110868
0.0765646 0.0982277
0.0790891 0.148267
0.061489 0.167165
0.0300784 0.0773633
0.0471561 0.230933
0.0603147 0.0695201
0.0441843 0.209334
0.10903 0.11502
0.0808328 0.141935
0.0991557 0.0323762
0.152601 0.0906533
0.0981055 0.087773
0.128171 0.281016
0.0183341 0.277527
0.157269 0.187624
0.0277907 0.162957
0.0139461 0.0745518
0.0804049 0.192979
0.0567997 0.253157
0.0732502 0.0155264
0.0822929 0.0839752
0.0575325 0.00731082
0.137739 0.040528
0.143969 0.171416
0.0802585 0.0628129
0.102327 0.0841773
0.0530885 0.120091
0.110818 0.100314
0.069187 0.337235
0.177593 0.213048
0.0990524 0.203968
0.0290464 0.133659
0.091982 0.0165887
0.089681 0.169503
0.0648396 0.188544
0.146492 0.03494
0.0496829 0.142696
0.152349 0.18422
0.142011 0.158593
0.0450078 0.182625
0.10376 0.112859
0.0678769 0.0803747
0.243145 0.146185
0.0404299 0.148445
0.0818041 0.0896986
0.0805246 0.176091
0.146517 0.237621
0.0339659 0.226851
0.148227 0.195224
0.0598535 0.212714
0.13868 0.164159
0.0790241 0.129008
0.0606767 0.0608345
0.0485234 0.149855
0.12054 0.222424
0.111783 0.257495
0.0426168 0.0849373
0.186692 0.0525789
0.0836988 0.139635
0.169371 0.0758091
0.0850397 0.081524
0.0761185 0.0349505
0.138374 0.0244927
0.0799119 0.0780535
0.0507411 0.114896
0.0677716 0.166114
0.108978 0.0732959
0.0189783 0.231493
0.0381501 0.14976
0.130958 0.196557
0.074397 0.013319
0.0441538 0.0653987
0.0311292 0.116201
0.1419 0.0558386
0.0816748 0.140471
0.0827406 0.151546
0.308597 0.218505
0.0448499 0.26811
0.0973806 0.0554998
0.0244321 0.0249529
0.10392 0.0474004
0.00932829 0.237199
0.101566 0.146155
0.029977 0.0225089
0.136982 0.203554
0.168175 0.205054
0.0903493 0.10769
0.0472234 0.235585
0.0618702 0.304173
0.0814625 0.186007
0.0719293 0.11488
0.0620661 0.188487
0.0727704 0.0956483
0.0408912 0.201358
0.105592 0.104733
0.0656269 0.185496
0.00550549 0.161099
0.0813915 0.0836667
0.0985957 0.133061
0.046667 0.0801674
0.147676 0.0111784
0.140291 0.172843
0.077023 0.193275
0.0377918 0.0652224
0.147347 0.200796
0.167612 0.14984
0.131664 0.274251
0.107875 0.0783015
0.0666192 0.164535
0.0710723 0.174615
0.0420527 0.166681
0.155349 0.15974
0.0158224 0.263563
0.0734674 0.178841
0.0391677 0.0795405
0.0846462 0.159204
0.087264 0.120789
0.128863 0.0442576
0.142653 0.0800755
0.164652 0.219052
0.175035 0.129928
0.128019 0.148727
0.1408 0.0825814
0.110499 0.107619
0.206986 0.106743
0.10915 0.0350535
0.114177 0.0634368
0.225058 0.110824
0.0665952 0.0504422
0.110791 0.159428
0.121583 0.123497
0.0651364 0.257405
0.0507871 0.095797
0.048109 0.0135881
0.202909 0.160589
0.150711 0.253224
0.129501 0.175012
0.0979961 0.219993
0.0106537 0.135213
0.0201568 0.192013
0.0464558 0.0373375
0.0828557 0.0930287
0.125809 0.0653623
0.0386355 0.158145
0.157537 0.112152
0.145122 0.159843
0.071034 0.0793567
0.121418 0.164973
0.0419717 0.0810617
0.118398 0.137638
0.0359197 0.119786
0.0483504 0.223947
0.0907912 0.0807584
0.146459 0.0706995
0.0806069 0.101484
0.131922 0.140064
0.00695178 0.0540469
0.0447577 0.102471
0.072207 0.109946
0.11023 0.0772486
0.0571766 0.163153
0.0528379 0.186791
0.0228326 0.137144
0.118592 0.173192
0.0422967 0.213702
0.0393149 0.266491
0.216383 0.117808
0.12857 0.00913911
0.0650784 0.169739
0.100626 0.151634
0.101909 0.10121
0.131174 0.107142
0.159661 0.247989
0.135406 0.0825183
0.0941526 0.157402
0.103446 0.0715129
0.103637 0.213512
0.149917 0.0904852
0.0396796 0.0470885
0.128941 0.0451988
0.0654449 0.172424
0.128111 0.142727
0.0157246 0.183961
0.116573 0.249985
0.174825 0.0670316
0.128536 0.0899876
0.0405642 0.122387
0.102463 0.041621
0.148922 0.188775
0.101688 0.230506
0.151665 0.169474
0.0315375 0.22737
0.0429806 0.0493423
0.10432 0.11025
0.171379 0.0437935
0.213719 0.175035
0.0623365 0.148302
0.0192739 0.176877
0.029811 0.195931
0.198233 0.076359
0.0505235 0.108602
0.0755389 0.0991621
0.0579298 0.0981592
0.0790627 0.0894497
0.0379198 0.261173
0.121354 0.203971
0.123342 0.238477
0.0852085 0.224836
0.0976886 0.112689
0.077384 0.0869949
0.178602 0.0533049
0.0835813 0.0813874
0.0844074 0.0881272
0.0861419 0.136627
0.0461842 0.0714374
0.137587 0.088453
0.0268723 0.14225
0.162391 0.048945
0.103993 0.106367
0.0576072 0.102403
0.177342 0.0386044
0.264223 0.210138
0.0168042 0.160589
0.136039 0.0307712
0.0255898 0.116965
0.11186 0.124051
0.0588631 0.110973
0.0698583 0.12774
0.102147 0.10686
0.0479526 0.0413177
0.0787441 0.0942405
0.110155 0.0617117
0.101284 0.072203
0.0878695 0.184459
0.0322795 0.158362
0.175384 0.134027
0.114383 0.193597
0.0820803 0.0283197
0.0844546 0.221806
0.0437038 0.2129
0.0858347 0.257483
0.083174 0.144871
0.095212 0.0691851
0.0910692 0.212924
0.0501651 0.198443
0.0879637 0.131046
0.045547 0.15881
0.0782227 0.169126
0.0477417 0.171238
0.0722737 0.0626968
0.11265 0.0313446
0.144827 0.0897612
0.0173134 0.178686
0.0170825 0.0477195
0.043622 0.153577
0.0277754 0.0887886
0.126878 0.111618
0.0796853 0.130922
0.193236 0.163497
0.0478899 0.197782
0.0943178 0.189739
0.0532624 0.176969
0.0782126 0.219659
0.0488882 0.0823541
0.0148902 0.166615
0.0826768 0.159652
0.0499937 0.141824
0.109461 0.169195
0.0549577 0.0618389
0.0203422 0.134823
0.110071 0.206341
0.0255853 0.101546
0.12297 0.0496722
0.073908 0.289992
0.0778331 0.236345
0.126528 0.263398
0.108698 0.0610769
0.109241 0.0513042
0.0855764 0.0919319
0.12462 0.0893985
0.11184 0.13806
0.199794 0.236814
0.118284 0.195537
0.140682 0.10351
0.0995153 0.249224
0.100625 0.224674
0.125811 0.12073
0.0354016 0.139648
0.0640834 0.0618614
0.0520371 0.203028
0.1679 0.04641
0.111927 0.0701117
0.0255562 0.158302
0.0685241 0.110581
0.209932 0.0452885
0.0535067 0.197923
0.0941455 0.0541823
0.0809222 0.272574
0.156374 0.216603
0.0599151 0.190882
0.125956 0.0371898
0.106589 0.0308391
0.171396 0.0668533
0.0412226 0.171156
0.087338 0.159535
0.0404257 0.281916
0.0425844 0.16739
0.0980232 0.13986
0.105601 0.145908
0.0514213 0.223537
0.0388215 0.217187
0.0420515 0.136254
0.075875 0.0306121
0.0848352 0.0859709
0.0634552 0.205661
0.116546 0.214221
0.13476 0.200357
0.0524524 0.106733
0.165107 0.172515
0.0845096 0.191179
0.211208 0.0451881
0.0487569 0.118115
0.0950245 0.178861
0.118597 0.119181
0.0470319 0.071305
0.110518 0.253326
0.110542 0.165669
0.0933372 0.12104
0.0898781 0.0556007
0.0541377 0.148691
0.118427 0.195739
0.146237 0.0960351
0.0873654 0.0675772
0.0719877 0.097681
0.134283 0.21352
0.010916 0.0372446
0.195167 0.0129378
0.0143652 0.152977
0.161634 0.110063
0.0432245 0.0439664
0.103638 0.113019
0.184592 0.179162
0.175846 0.276909
0.0869418 0.155937
0.120284 0.10065
0.086397 0.180613
0.101622 0.155575
0.0964408 0.226691
0.0183262 0.193951
0.24134 0.23802
0.203926 0.225388
0.0565478 0.116273
0.0532703 0.0761334
0.113343 0.16164
0.0467206 0.143986
0.0426125 0.0281718
0.0307163 0.0910259
0.115101 0.0108495
0.177432 0.276177
0.0692763 0.224511
0.0430491 0.16409
0.276092 0.12537
0.1904 0.10239
0.0813147 0.0774905
0.146857 0.0354059
0.141306 0.195439
0.18048 0.192984
0.149187 0.120345
0.0970108 0.228898
0.107479 0.167736
0.0805997 0.17404
0.0527553 0.0164124
0.0888711 0.119049
0.0886178 0.204331
0.133292 0.0811622
0.014855 0.0862508
0.0814832 0.107714
0.233142 0.206732
0.0139167 0.217711
0.0741481 0.177307
0.216972 0.0857504
0.0620714 0.111346
0.0978755 0.2259
0.0375611 0.243494
0.0583081 0.0947461
0.109429 0.0761253
0.179043 0.14341
0.0548864 0.207134
0.102787 0.167653
0.03564 0.150626
0.122674 0.0840484
0.113644 0.0989195
0.0983917 0.0997669
0.172801 0.149091
0.127384 0.0907436
0.0511903 0.142777
0.150107 0.0698094
0.0784649 0.184969
0.0920752 0.206675
0.133167 0.155576
0.0597534 0.138802
0.0898431 0.0510891
0.0328047 0.0586836
0.0956231 0.121918
0.0240039 0.175636
0.100538 0.194794
0.0627888 0.0395918
0.0701532 0.112409
0.0745085 0.0684103
0.183588 0.138767
0.132856 0.24297
0.0414782 0.173752
0.151258 0.145188
0.0420302 0.154551
0.0928201 0.0389198
0.0302165 0.102405
0.0792397 0.195835
0.12006 0.216602
0.0408138 0.117815
0.0711825 0.0341094
0.0933346 0.0452746
0.136808 0.124474
0.151353 0.199563
0.0654201 0.145445
0.11982 0.193355
0.233223 0.0957142
0.109469 0.126055
0.0858955 0.150366
0.0940485 0.190639
0.100593 0.161601
0.022323 0.0834695
0.0563185 0.0904841
0.0616562 0.191108
0.0319007 0.318243
0.113182 0.268757
0.0130497 0.163105
0.110811 0.084826
0.0758302 0.0400298
0.0696736 0.0564299
0.0960565 0.0680887
0.0398783 0.110907
0.0588326 0.326
0.115468 0.284364
0.149707 0.0884012
0.109952 0.126766
0.0585746 0.0524867
0.0992169 0.2206
0.121209 0.154741
0.0852206 0.208702
0.108217 0.110511
0.0250589 0.0888489
0.0692451 0.11353
0.120915 0.119554
0.10684 0.173708
0.141003 0.27693
0.0600245 0.0947365
0.0510082 0.225126
0.137232 0.194775
0.181272 0.227991
0.156481 0.174118
0.0261933 0.154394
0.0217694 0.307973
0.067839 0.16943
0.123596 0.108107
0.164964 0.160431
0.131652 0.31986
0.129959 0.142226
0.0923397 0.269276
0.0681032 0.104025
0.049097 0.120254
0.0863614 0.242497
0.105755 0.0469772
0.164024 0.0325638
0.127055 0.187564
0.0702676 0.180917
0.100361 0.0800246
0.177841 0.258711
0.0326202 0.0718781
0.104907 0.0936235
0.0936827 0.164766
0.141756 0.229698
0.170046 0.153219
0.171619 0.10097
0.107581 0.18959
0.0612071 0.118282
0.118422 0.0731729
0.0758245 0.0505785
0.160302 0.110193
0.146367 0.206046
0.0259338 0.119517
0.102728 0.159476
0.193099 0.135353
0.205549 0.0644708
0.0287768 0.0604191
0.147697 0.175731
0.112316 0.126634
0.0392907 0.0554873
0.0697142 0.125585
0.174559 0.164481
0.0115986 0.0435819
0.0684045 0.0332707
0.0686113 0.1706
0.077145 0.143411
0.160585 0.14133
0.0262498 0.121297
0.102436 0.200505
0.0222873 0.173618
0.12444 0.156156
0.108697 0.101808
0.0249109 0.104609
0.0946456 0.093099
0.0520065 0.181252
0.130206 0.182914
0.0296097 0.205513
0.225697 0.250366
0.0671041 0.175018
0.0913177 0.134615
0.160168 0.159324
0.0657239 0.123768
0.0756361 0.038569
0.0154215 0.205332
0.0649126 0.100872
0.124061 0.0375362
0.0755841 0.164073
0.0637481 0.115887
0.198209 0.196587
0.179853 0.150019
0.0652036 0.0461831
0.0146561 0.123419
0.0748305 0.0297003
0.162467 0.0920829
0.0551631 0.183591
0.147752 0.145819
0.114467 0.107211
0.0921364 0.112355
0.223796 0.0686809
0.047749 0.0660757
0.0195398 0.112108
0.0912987 0.0841463
0.147166 0.220626
0.121424 0.054732
0.0801618 0.16879
0.0979971 0.0987548
0.0829287 0.266384
0.0942365 0.20658
0.0367968 0.144965
0.0574047 0.195673
0.143811 0.182049
0.0541866 0.0656317
0.0609451 0.155452
0.0913392 0.269575
0.0118537 0.0211078
0.129678 0.0699807
0.148614 0.0742847
0.0643404 0.0803139
0.141228 0.0585512
0.149062 0.0674046
0.141243 0.184017
0.0678393 0.174142
0.0767469 0.136257
0.130933 0.151156
0.129228 0.0186916
0.208985 0.137926
0.053829 0.0714849
0.0369067 0.0978677
0.0729471 0.312135
0.0709469 0.043271
0.0504728 0.070164
0.0524794 0.0756875
0.064686 0.0890717
0.0787549 0.102182
0.097532 0.0913212
0.215238 0.0635225
0.1665 0.0868298
0.0868194 0.186657
0.182705 0.17567
0.0608157 0.221254
0.116563 0.0327809
0.0667044 0.0876021
0.0392137 0.203964
0.127788 0.196381
0.0648517 0.0810416
0.234655 0.221037
0.110197 0.168612
0.0940068 0.0915951
0.0554183 0.0744537
0.114594 0.119867
0.0747948 0.120633
0.0904354 0.202819
0.0293028 0.142391
0.0464972 0.155953
0.106948 0.152298
0.0693839 0.255915
0.107133 0.182853
0.101959 0.105238
0.0910853 0.289232
0.156376 0.201773
0.0634572 0.0917999
0.0238172 0.114171
0.0547741 0.156496
0.211183 0.157522
0.115191 0.158894
0.0595446 0.165919
0.0498776 0.16715
0.0681359 0.125445
0.0203479 0.116333
0.10318 0.16312
0.0406039 0.0817693
0.122106 0.106892
0.107607 0.177838
0.0671957 0.0629216
0.0759317 0.109055
0.0784959 0.16136
0.058856 0.087377
0.0370524 0.0441659
0.0925344 0.104561
0.135605 0.22965
0.146539 0.0940003
0.123492 0.15889
0.0794045 0.135543
0.064537 0.110685
0.14567 0.1666
0.0588798 0.156352
0.138201 0.153032
0.176748 0.242243
0.0436881 0.15264
0.11047 0.1013
0.133196 0.254246
0.154029 0.168763
0.0258752 0.15751
0.0195759 0.107772
0.148534 0.109886
0.154019 0.0360826
0.104017 0.0361959
0.0759814 0.153626
0.139808 0.0879221
0.157336 0.216606
0.0891299 0.108853
0.204675 0.096888
0.110275 0.0624315
0.0106373 0.0478737
0.0894865 0.202901
0.0523355 0.175405
0.0202176 0.15719
0.0482912 0.190166
0.0968953 0.175401
0.051585 0.154711
0.0776365 0.18628
0.0305357 0.0408249
0.109909 0.239448
0.153986 0.123057
0.149415 0.16199
0.163651 0.159656
0.0709834 0.258481
0.0868422 0.237894
0.0420603 0.19541
0.0691103 0.107924
0.0578919 0.184423
0.0227686 0.170845
0.151096 0.0898579
0.123798 0.117192
0.0425751 0.0571921
0.0876268 0.191206
0.0804898 0.182289
0.0942515 0.249903
0.102102 0.289881
0.0407759 0.277543
0.208734 0.0618292
0.112313 0.112508
0.114333 0.138615
0.0430396 0.100336
0.127449 0.189243
0.178975 0.149794
0.110152 0.165357
0.150288 0.157198
0.115978 0.183056
0.0949391 0.079653
0.0310151 0.118983
0.113762 0.254778
0.0424595 0.0950296
0.124578 0.0900888
0.0904793 0.0975121
0.125357 0.0513255
0.0580964 0.117349
0.170133 0.24126
0.0194026 0.212816
0.105362 0.119252
0.15626 0.17222
0.14199 0.130244
0.0460041 0.0707088
0.14669 0.119858
0.131235 0.250257
0.0245121 0.174869
0.0757894 0.171815
0.0409434 0.0291615
0.0586493 0.06035
0.138738 0.168491
0.135643 0.0559023
0.102409 0.22351
0.169296 0.28294
0.179639 0.187139
0.120088 0.0602958
0.0925163 0.228718
0.027742 0.150669
0.0444608 0.275725
0.0100963 0.129502
0.106285 0.18932
0.0328587 0.0506351
0.0756341 0.18309
0.0406469 0.0386437
0.0496357 0.125652
0.162601 0.248689
0.056566 0.0857824
0.0395542 0.0438181
0.113101 0.0294254
0.0975033 0.0896962
0.0591732 0.0916366
0.133055 0.145699
0.12538 0.0874058
0.0133121 0.173384
0.0451145 0.153849
0.0316171 0.242661
0.014904 0.083494
0.0763801 0.124303
0.0901356 0.14064
0.0858266 0.143231
0.00787626 0.0681012
0.0385161 0.205049
0.132689 0.0712809
0.0849517 0.0507777
0.0153767 0.17124
0.0725985 0.0305643
0.0939216 0.152947
0.0196212 0.0977731
0.157371 0.264764
0.104345 0.161657
0.183729 0.119642
0.0442601 0.210239
0.094964 0.100283
0.0830613 0.126793
0.0895696 0.180121
0.0809707 0.214042
0.189759 0.227753
0.0693611 0.185582
0.104774 0.306531
0.147644 0.235858
0.08324 0.133146
0.0805274 0.111738
0.101861 0.147511
0.0723593 0.203465
0.0856714 0.183492
0.0910054 0.235804
0.178563 0.153311
0.137368 0.158651
0.0780363 0.116734
0.155444 0.225317
0.114838 0.176767
0.14046 0.282266
0.0910195 0.227612
0.156694 0.105196
0.0398246 0.0725594
0.0158559 0.173871
0.0899576 0.122893
0.112808 0.101331
0.034703 0.128753
0.0927159 0.112954
0.10374 0.148072
0.0977292 0.0619163
0.0778913 0.140819
0.0894931 0.096058
0.0810496 0.0765755
0.0516398 0.143493
0.048706 0.122882
0.189635 0.223747
0.130516 0.0375283
0.0829578 0.17878
0.171476 0.0817732
0.045976 0.20786
0.151834 0.236645
0.180975 0.0750114
0.0743486 0.112844
0.099932 0.160198
0.111376 0.125692
0.0470308 0.105293
0.0742676 0.0698815
0.0452532 0.0779214
0.115693 0.114305
0.0379614 0.140998
0.115622 0.170212
0.100959 0.0766949
0.147481 0.233154
0.0755843 0.161821
0.0607091 0.219896
0.0612116 0.188618
0.153143 0.146209
0.0963641 0.233273
0.116411 0.0545032
0.0366608 0.0667182
0.185849 0.165063
0.107118 0.171469
0.056251 0.206445
0.162604 0.120171
0.0350141 0.192122
0.211855 0.182721
0.0618432 0.309028
0.0693832 0.083104
0.139504 0.084188
0.0932597 0.0935008
0.0644097 0.0760573
0.132689 0.108028
0.136791 0.30202
0.0922757 0.078436
0.0346826 0.0781092
0.0599081 0.0501689
0.0450594 0.141373
0.0776405 0.256959
0.107723 0.149938
0.142896 0.124827
0.166882 0.124582
0.135167 0.0862244
0.14885 0.121928
0.0674626 0.125553
0.148821 0.0450607
0.0486346 0.120793
0.0344759 0.125542
0.134408 0.118232
0.147744 0.120667
0.0870538 0.113759
0.0343404 0.127519
0.0411542 0.143144
0.022889 0.244007
0.089819 0.0837726
0.0925252 0.246096
0.0181207 0.100864
0.117957 0.104396
0.0579499 0.0790357
0.0566093 0.0724395
0.0924619 0.0351811
0.0467077 0.0868898
0.232276 0.215584
0.0745896 0.0385517
0.242147 0.140431
0.102112 0.0616478
0.12845 0.0996212
0.0583083 0.189548
0.0671392 0.172128
0.113779 0.211584
0.0514141 0.18819
0.0118672 0.202496
0.0248641 0.170152
0.131478 0.372275
0.103583 0.280134
0.163495 0.135917
0.130314 0.21447
0.015472 0.196757
0.0612094 0.133995
0.140766 0.107532
0.0984633 0.198011
0.132974 0.209076
0.0514588 0.116022
0.0473238 0.237814
0.0938887 0.13383
0.0754643 0.0502559
0.0819007 0.131443
0.0899516 0.043651
0.109771 0.238193
0.0704535 0.0710704
0.070103 0.189498
0.0389701 0.185327
0.0597064 0.117694
0.103477 0.0860133
0.0834139 0.0854564
0.133515 0.090109
0.0311329 0.253205
0.0870415 0.123447
0.0295301 0.0486723
0.105135 0.0864272
0.0933104 0.118476
0.0120945 0.0923504
0.0234574 0.0264391
0.0389978 0.213594
0.0488948 0.17533
0.0322384 0.235376
0.228898 0.0894645
0.0942517 0.0645695
0.184691 0.0952632
0.0422155 0.164821
0.0417614 0.200454
0.0209501 0.171207
0.0686021 0.0751447
0.140951 0.0944039
0.138557 0.118827
0.127991 0.192914
0.0517573 0.146712
0.019938 0.16866
0.0953063 0.111552
0.105485 0.206326
0.0347971 0.0493363
0.104044 0.125771
0.154979 0.0906386
0.122176 0.240544
0.168078 0.165302
0.0699624 0.0997855
0.0959919 0.138842
0.071652 0.233179
0.0259538 0.091273
0.041617 0.0131795
0.0217696 0.0671779
0.0361475 0.129803
0.136584 0.185673
0.0673914 0.0851129
0.0631568 0.207371
0.0829919 0.0372506
0.0536584 0.242342
0.13202 0.194582
0.126143 0.185275
0.0795869 0.266658
0.146695 0.226175
0.0710399 0.0552203
0.146726 0.220412
0.0727834 0.13684
0.194132 0.124918
0.16188 0.139795
0.0498694 0.150929
0.0626106 0.103047
0.107423 0.13344
0.0999757 0.192107
0.0556643 0.270419
0.116458 0.157176
0.0760449 0.203753
0.12035 0.118086
0.0628126 0.188842
0.0712063 0.121299
0.168797 0.21573
0.182375 0.121634
0.113312 0.113509
0.13983 0.112617
0.105101 0.242169
0.043322 0.143385
0.0564133 0.163208
0.0533281 0.151143
0.026437 0.0509138
0.0593816 0.238055
0.0800242 0.166663
0.0614199 0.040154
0.0662654 0.154265
0.100754 0.218645
0.0492149 0.0484556
0.106243 0.0433465
0.0631436 0.111768
0.134776 0.19113
0.107557 0.105116
0.161617 0.146723
0.0586894 0.16761
0.149628 0.0628165
0.134166 0.105483
0.0839647 0.0246557
0.0866636 0.0123539
0.067611 0.025343
0.0417655 0.0468618
0.112091 0.170129
0.0249883 0.280035
0.0386781 0.0488275
0.110451 0.115342
0.145189 0.0476469
0.0586528 0.0396979
0.0749968 0.0867077
0.0556855 0.0508027
0.110909 0.0992428
0.121662 0.0579478
0.1309 0.0294203
0.091542 0.149822
0.124612 0.0926592
0.0976834 0.153605
0.0226016 0.235709
0.058287 0.26542
0.158746 0.228882
0.116053 0.0575158
0.0477103 0.074242
0.0681296 0.141334
0.0484483 0.206199
0.147677 0.0752584
0.0929423 0.218417
0.051444 0.211083
0.0516823 0.217629
0.0642147 0.212641
0.0103487 0.178669
0.0503137 0.137284
0.0423835 0.106091
0.196602 0.07577
0.0971572 0.0152912
0.145722 0.0272586
0.0203817 0.230273
0.072089 0.298201
0.0544823 0.16764
0.0858392 0.169751
0.0791078 0.161902
0.163999 0.0871088
0.0873377 0.123654
0.141222 0.104677
0.162353 0.204545
0.0861924 0.309954
0.0623294 0.187597
0.0920983 0.108597
0.0901229 0.0974794
0.144836 0.120039
0.104415 0.107032
