-16.8603
-28.2339
-21.8823
-13.3506
-7.49289
-22.9233
-22.101
-23.4429
-16.3182
-23.7943
-12.7567
-18.1465
-24.0276
-17.8998
-19.5788
-15.1491
-17.7268
-13.7619
-18.3438
-20.3442
-26.5685
-10.4226
-23.1269
-12.7251
-15.086
-19.1128
-23.2066
-12.2968
-22.1749
-19.0773
-18.2003
-28.38
-31.2944
-21.1509
-12.7522
-22.8946
-18.0505
-12.3739
-20.4005
-16.2735
-18.4525
-15.3773
-22.3559
-27.5075
-18.4415
-21.2413
-21.3241
-17.4074
-20.4822
-24.5567
-23.7378
-19.2517
-18.6943
-25.9349
-15.5258
-19.9564
-26.5566
-15.3356
-20.8027
-17.2853
-16.5014
-25.778
-21.8043
-14.1184
-22.3632
-20.6026
-22.0086
-21.6484
-25.2563
-25.8475
-25.0022
-13.5835
-13.6555
-15.0578
-11.4182
-15.9592
-17.7225
-10.242
-22.1484
-16.4818
-20.3781
-22.2499
-24.6048
-20.4113
-17.147
-15.2596
-14.6437
-20.3689
-11.7942
-20.2556
-21.8253
-26.5192
-15.265
-16.072
-12.6087
-13.7124
-25.5039
-15.8453
-27.8721
-22.5643
-15.2366
-17.198
-19.0963
-16.2635
-19.3241
-11.4973
-15.3994
-21.1874
-28.0996
-16.222
-25.1149
-9.68055
-9.39356
-14.6608
-25.4772
-22.1049
-20.5266
-14.7023
-24.3904
-19.083
-21.5342
-23.6071
-26.7897
-21.7628
-26.5112
-27.0117
-20.6263
-19.0084
-8.48582
-22.5633
-21.8553
-22.1864
-18.5354
-12.3173
-20.506
-21.2272
-22.4741
-16.394
-12.8086
-16.8305
-15.6808
-16.6267
-20.622
-7.22094
-20.9239
-17.5803
-20.7029
-16.6187
-24.8147
-22.4856
-17.8338
-22.9486
-18.3912
-19.8078
-14.9709
-22.8334
-26.1747
-20.8008
-22.7924
-15.5868
-27.0133
-24.1787
-16.9183
-7.88126
-24.913
-20.5443
-20.5706
-20.2411
-16.0408
-23.5671
-18.2219
-26.045
-18.1041
-23.1316
-18.2092
-21.1708
-24.9636
-35.6859
-21.7575
-16.4457
-23.7173
-18.755
-22.7428
-18.6623
-18.0834
-25.7938
-26.1194
-23.3458
-20.6267
-15.6589
-19.4381
-19.1032
-25.5933
-15.7229
-22.303
-17.9211
-19.6498
-23.3655
-26.6054
-13.0059
-13.6517
-15.9588
-25.777
-20.6804
-21.4043
-17.9354
-20.7544
-21.5573
-19.6435
-13.0323
-24.6131
-21.7582
-9.65704
-22.4756
-22.4944
-22.2601
-12.1104
-23.0051
-19.4506
-8.10573
-26.9648
-27.0272
-7.97939
-25.2599
-21.271
-20.5776
-20.9454
-24.5685
-19.776
-24.1262
-18.5606
-23.5586
-21.6734
-22.4947
-19.2677
-15.6363
-23.3367
-18.0905
-27.158
-21.0213
-23.306
-17.7923
-13.499
-20.8519
-21.0756
-21.5839
-19.2294
-21.9111
-17.4405
-24.7368
-16.9672
-17.7796
-19.3706
-14.2901
-17.7108
-26.7748
-22.1481
-12.3489
-16.0491
-16.7998
-16.2188
-13.494
-19.9367
-20.5683
-21.9211
-14.4817
-13.2438
-13.5287
-21.4786
-17.6737
-20.4254
-12.6208
-28.0069
-17.1337
-18.6213
-13.2827
-15.4153
-17.7631
-17.6341
-25.1651
-20.1001
-27.0793
-26.759
-18.761
-17.4561
-28.4478
-22.943
-19.9561
-24.4336
-21.5857
-16.7101
-26.6159
-17.6397
-20.4153
-24.4088
-25.1735
-20.5614
-12.9105
-13.0711
-17.9314
-12.677
-19.8335
-21.0849
-14.425
-14.9363
-19.4742
-20.5215
-17.3057
-23.2587
-18.9921
-18.696
-23.9945
-23.4645
-22.4565
-25.2898
-20.6235
-25.9631
-7.09998
-13.7577
-17.4154
-21.8274
-16.5461
-15.3747
-16.5594
-23.1518
-16.1533
-21.0907
-27.5357
-21.5683
-20.7835
-24.1018
-31.0742
-10.5608
-17.581
-21.5737
-14.794
-21.9114
-22.9156
-22.8663
-21.9503
-14.7764
-17.9861
-18.6319
-15.2121
-9.77093
-15.8572
-13.5041
-15.4154
-15.5882
-17.7936
-18.9115
-16.5533
-15.3898
-24.6264
-14.9729
-10.5349
-11.1059
-15.2656
-23.9387
-20.2919
-20.3847
-19.0961
-19.1225
-10.2985
-22.4827
-27.5678
-16.6241
-18.0923
-22.1546
-19.6414
-5.23652
-21.348
-25.763
-19.7876
-15.4046
-23.7966
-22.7313
-21.0906
-14.8673
-22.5124
-20.8479
-24.8971
-22.1182
-24.8627
-20.5642
-18.2414
-23.1591
-13.5382
-17.8608
-15.1702
-15.9086
-15.3431
-12.8544
-19.7128
-15.0508
-15.9644
-19.084
-8.92134
-20.4963
-21.303
-11.582
-23.6377
-20.235
-18.6832
-26.4959
-19.567
-14.978
-24.1581
-11.891
-23.4715
-24.8282
-10.5761
-22.2418
-17.8039
-9.65148
-17.2943
-24.7423
-20.175
-24.6222
-14.1763
-19.7943
-20.0214
-23.141
-10.1187
-22.7213
-14.5628
-25.3023
-19.4583
-30.8858
-25.8388
-19.9952
-13.8715
-22.6561
-29.6785
-17.464
-21.1483
-18.1406
-21.7244
-17.0971
-29.496
-18.8953
-23.5929
-11.4346
-21.2307
-17.3312
-17.1068
-34.7196
-19.5325
-10.4761
-18.9558
-19.3788
-10.2637
-23.2885
-19.144
-13.7043
-23.178
-22.1231
-15.5009
-25.3379
-7.93648
-13.4985
-22.8334
-14.492
-24.2127
-14.8561
-20.6749
-17.2906
-20.3462
-13.3577
-26.9595
-12.0771
-25.1903
-21.0734
-8.1233
-10.821
-22.0431
-11.623
-16.2078
-23.0762
-4.33236
-21.3599
-23.883
-26.984
-25.4006
-19.0472
-17.0133
-20.2656
-25.1734
-11.9818
-16.0654
-18.7929
-26.2178
-20.5505
-27.4914
-14.8917
-16.8935
-27.7704
-20.088
-15.0208
-10.4617
-24.227
-25.5508
-21.6773
-23.8076
-19.894
-14.1645
-19.175
-13.5641
-26.4636
-16.8051
-22.3465
-16.0314
-11.8141
-21.9476
-26.1641
-22.8826
-13.0475
-25.5968
-10.7974
-28.282
-21.3883
-23.8917
-17.5846
-15.1137
-23.6009
-22.4925
-23.1068
-16.8607
-15.6434
-13.6922
-19.8976
-17.9625
-22.4709
-24.2948
-22.2001
-19.5833
-18.2671
-20.5417
-14.3687
-18.6912
-19.2243
-23.2158
-21.2899
-21.3617
-18.7948
-21.1152
-14.3744
-12.0246
-18.3258
-19.8054
-18.8401
-20.9443
-25.9811
-22.3247
-10.3888
-15.6394
-19.2237
-24.4316
-12.7632
-28.2131
-9.22842
-14.4687
-32.1873
-22.544
-11.9581
-26.1887
-16.945
-29.9516
-20.8787
-20.3404
-9.54457
-20.2706
-18.9261
-17.3482
-16.4422
-23.3385
-22.472
-19.3888
-25.305
-15.6094
-14.5164
-20.8104
-16.8489
-19.7805
-13.4217
-20.5841
-27.4711
-14.9478
-20.6153
-17.9441
-17.8284
-16.6615
-20.9376
-11.9426
-13.9202
-20.8011
-18.1041
-15.456
-26.8049
-25.2917
-22.2552
-25.819
-19.1449
-26.4895
-16.1515
-17.9114
-21.5058
-24.2706
-11.6935
-17.1219
-27.6264
-13.8186
-25.6156
-15.4331
-27.3857
-29.3203
-17.4268
-21.5907
-30.3753
-18.8527
-27.1261
-14.5789
-24.0639
-17.4214
-28.6351
-25.9805
-21.0051
-8.73131
-23.0444
-21.8173
-23.4452
-19.6419
-16.7233
-25.1059
-10.5466
-20.7082
-17.7301
-14.5139
-15.9402
-20.5918
-22.3338
-20.6607
-25.2642
-24.716
-17.397
-21.613
-13.4249
-21.9943
-16.2661
-17.3849
-21.7489
-13.2062
-13.3014
-25.2732
-12.4621
-16.1834
-15.4211
-21.4639
-25.7522
-12.6534
-18.1585
-20.3121
-29.093
-19.6425
-22.3719
-23.0803
-25.4676
-14.8141
-12.3443
-17.5675
-20.0597
-25.9082
-23.1452
-16.2851
-22.8593
-23.4069
-4.22423
-13.5086
-20.5749
-17.3609
-15.6658
-25.0302
-15.1223
-13.7999
-20.6956
-18.8423
-17.1975
-14.9144
-18.0306
-18.5344
-20.3903
-19.1632
-20.0978
-16.1052
-20.0355
-19.9827
-8.63566
-20.1636
-18.9531
-17.37
-23.2355
-16.5987
-21.0493
-22.0973
-9.0496
-19.9044
-13.4456
-11.8197
-16.3586
-15.5948
-27.0919
-19.7561
-21.5287
-20.54
-19.3366
-22.6874
-15.8548
-14.2788
-17.4473
-17.5457
-21.7488
-18.7577
-16.2669
-24.7705
-30.6308
-14.0805
-19.1088
-15.3372
-18.0215
-17.4574
-22.0429
-20.1679
-21.8584
-18.4534
-17.031
-22.9656
-25.4664
-7.01473
-9.19253
-20.6595
-14.8825
-14.3904
-20.5015
-18.377
-28.6746
-23.0145
-19.8195
-19.2957
-28.1937
-23.4684
-15.5608
-17.0329
-20.6087
-22.8073
-24.4459
-25.5853
-14.4642
-16.7495
-20.3617
-19.0427
-17.2918
-27.7175
-19.1737
-16.072
-17.8169
-22.8527
-14.3676
-31.1691
-18.2331
-22.8106
-19.447
-13.7928
-18.8119
-22.5739
-20.3185
-27.1139
-16.2785
-26.8107
-24.0993
-20.0661
-8.87569
-31.0222
-21.4968
-12.8188
-15.422
-23.9578
-23.6601
-21.442
-24.666
-21.4912
-13.8798
-25.7334
-20.1478
-21.8859
-22.4023
-16.73
-21.8988
-24.6763
-19.2432
-24.8922
-14.4982
-27.0021
-21.8268
-14.5751
-11.0649
-21.6003
-19.5419
-21.1705
-26.5197
-28.8812
-21.2022
-18.7593
-17.3657
-23.4379
-33.0944
-26.2197
-21.1078
-19.5173
-22.4062
-18.5019
-14.0244
-19.863
-21.8676
-20.8634
-15.2704
-18.0625
-25.2681
-15.1956
-9.49945
-16.6271
-27.5613
-23.7503
-17.2304
-28.9098
-22.1017
-23.3925
-11.5943
-15.257
-19.8973
-23.2535
-20.5485
-24.0721
-24.7861
-17.5188
-19.05
-22.2392
-22.312
-21.595
-19.0837
-21.8477
-17.6296
-17.5805
-17.1574
-23.5566
-14.0448
-19.4203
-18.4329
-22.6704
-22.0987
-16.1855
-16.1695
-16.1602
-23.2081
-22.8341
-22.6775
-12.4404
-25.8325
-19.703
-24.0113
-17.3045
-17.4641
-19.8084
-16.9484
-26.7508
-24.0428
-19.1926
-17.8897
-28.7479
-18.6443
-21.7963
-20.6397
-19.1332
-18.17
-20.3597
-16.0729
-27.5012
-20.6345
-11.5596
-16.5931
-27.9771
-19.9101
-11.8341
-16.5939
-17.6141
-23.8513
-16.283
-17.9783
-16.9301
-21.0694
-12.0339
-29.884
-21.3554
-21.6619
-4.10838
-17.0534
-17.6242
-15.059
-16.3747
-17.0051
-19.2842
-18.7933
-22.2155
-15.4406
-21.5075
-18.619
-21.1109
-28.4764
-11.0018
-21.1034
-10.603
-13.9794
-12.8095
-18.1848
-17.4233
-15.5462
-29.3161
-22.1695
-21.4227
-17.7122
-16.1167
-19.025
-13.4253
-18.1649
-20.3232
-19.4998
-21.6345
-16.5768
-25.8552
-22.4989
-17.1954
-18.2298
-14.0491
-28.4542
-16.895
-20.3084
-18.356
-25.042
-19.6427
-26.0003
-17.4577
-19.6931
-15.7745
-13.2849
-15.9435
-21.4791
-17.0708
-13.8364
-28.3622
-21.9166
-21.7198
-12.3602
-15.7413
-21.0314
-27.1558
-15.6948
-27.6995
-22.1968
-16.6747
-13.2623
-22.0465
-24.1854
-29.7632
-17.508
-5.68261
-12.6944
-16.1131
-16.8797
-11.7691
-23.4586
-21.4942
-16.9977
-20.4066
-21.9067
-20.4411
-20.0591
-27.4744
-21.0966
-10.3087
-7.53251
-13.8803
-21.6438
-18.0182
-19.426
-22.3291
-22.7061
-24.9328
-21.4706
-15.515
-15.0644
-16.3024
-21.0524
-13.8298
-12.2108
-9.56186
-12.1677
-17.7521
-10.9439
-13.5833
-20.9699
-27.0768
-15.4417
-22.5012
-22.1378
-26.6742
-19.1055
-23.0895
-23.3418
-21.5918
-21.8983
-21.4564
-20.5221
-18.6714
-16.5888
-20.3873
-22.0226
-19.2537
-17.3208
-23.0862
-30.3676
-16.3198
-19.8593
-18.9678
-21.2145
-30.5291
-17.9663
-24.2748
-18.5535
-24.2849
-17.2402
-21.7324
-11.6901
-23.7287
-25.8519
-19.0027
-24.8583
-26.5991
-27.2714
-18.9719
-22.1035
-20.0405
-5.19009
-12.3076
-23.4469
-25.7151
-21.0473
-18.4589
-22.2522
-17.9476
-24.8404
-23.7529
-20.4237
-27.1065
-18.8601
-15.5186
-23.6691
-16.9421
-17.3922
-22.1526
-21.9874
-14.1587
-23.3127
-19.6032
-18.4609
-21.3916
-21.6872
-20.3311
-21.0282
-22.7991
-18.6723
-20.8265
-23.5566
-20.5437
-22.9775
-21.0158
-17.4256
-20.4495
-24.2341
-17.2493
-14.216
-13.3075
-17.4041
-19.377
-23.8248
-19.7086
-15.8332
-24.4833
-25.928
-24.8026
-20.8495
-15.5263
-14.4802
-19.4476
-16.3818
-20.571
-13.4454
-18.0115
-25.1117
-17.9337
-25.9549
-14.3525
-21.5874
-17.2265
-12.5226
-23.8972
-20.183
-22.0916
-14.532
-22.5381
-17.0021
-20.9473
-15.9586
-17.4431
-25.0002
-28.3545
-19.606
-13.8127
-20.2359
-20.0814
-24.3878
-26.2174
-15.2083
-20.8473
-19.2518
-21.6523
-15.7709
-24.3384
-11.7944
-18.7173
-18.1771
-17.4129
-17.0123
-22.8927
-19.3688
-15.227
-21.2946
-14.2448
-15.8565
-17.4451
-19.9379
-12.2595
-19.6371
-19.7146
-16.1084
-16.5995
-21.3624
-22.7781
-21.9855
-30.5223
-21.2697
-26.6001
-25.0652
-20.0072
-21.8262
-20.6688
-18.8738
-10.3247
-23.0977
-23.7464
-21.08
-22.1479
-25.474
-21.7658
-22.5286
-20.1616
-17.8585
-10.5482
-18.3822
-25.4699
-13.8635
-30.6241
-19.7389
-22.4393
-25.4773
-19.759
-23.1136
-13.8186
-14.3325
-14.467
-15.4182
-19.128
-18.5312
-21.4304
-19.1713
-11.4198
-24.9568
-25.1396
-14.926
-12.4785
-25.7363
-14.4543
-15.6706
-21.3596
-19.6275
-17.4802
-21.6378
-17.1417
-20.9809
-20.2837
-21.7199
-23.4443
-26.4197
-18.1915
-23.5677
-22.7994
-22.4388
-12.3602
-26.8544
-23.066
-15.3183
-18.4542
-21.4363
-21.6973
-29.3443
-20.2186
-13.8386
-18.6747
-29.0983
-16.2809
-18.9993
-25.2405
-22.9878
-15.7488
-29.3001
-21.0213
-18.4078
-16.9123
-12.9282
-22.5488
-24.8441
-16.3914
-18.4979
-19.8867
-17.3308
-20.1596
-18.2457
-14.8703
-10.6077
-30.438
-27.644
-22.5018
-16.3454
-18.3579
-15.9722
-18.4473
-17.6763
-12.9795
-19.9436
-16.7611
-21.3812
-20.2765
-17.473
-14.9801
-21.5353
-18.3685
-18.413
-16.4249
-19.7734
-19.7838
-20.1349
-27.4164
-15.6651
-24.766
-14.8749
-15.1172
-19.4387
-16.2875
-16.4797
-16.8946
-17.488
-22.7
-23.3584
-25.9278
-15.1385
-21.1057
-17.9163
-27.2586
-15.4654
-21.7766
-30.1814
-10.7331
-15.625
-17.1848
-17.6273
-19.595
-21.4892
-19.1445
-23.6166
-15.9382
-22.7296
-19.1246
-19.9133
-20.0846
-18.39
-22.0786
-27.5459
-29.9288
-21.8043
-15.5057
-18.0203
-18.0117
-20.1627
-23.7626
-22.6794
-18.4186
-27.6307
-13.3991
-22.6253
-14.1292
-15.3821
-15.6717
-25.4322
-17.7852
-19.6673
-17.7454
-21.8977
-21.7351
-13.7207
-12.1047
-14.3325
-18.7739
-18.0637
-22.0077
-13.4319
-28.8113
-16.7475
-19.8752
-18.7078
-22.8449
-18.8774
-18.7763
-17.726
-26.4133
-21.4407
-18.6946
-29.7676
-20.181
-14.1392
-17.1281
-17.4907
-19.3996
-21.4018
-16.599
-17.6587
-18.8303
-15.65
-18.5634
-19.6134
-25.1092
-24.6985
-19.9687
-23.3288
-16.2551
-16.2418
-26.2528
-19.8149
-12.7892
-17.6554
-24.0006
-17.1026
-15.4324
-17.8922
-18.9246
-18.3961
-22.0313
-23.3146
-16.4867
-29.2859
-10.7685
-5.35742
-26.0354
-18.9693
-20.1651
-25.8769
-25.5641
-19.6799
-17.0529
-17.3756
-20.895
-22.6943
-16.2947
-16.8573
-22.2695
-23.3916
-12.3964
-27.3041
-16.6295
-16.8338
-14.413
-12.6016
-22.3684
-14.8385
-15.8712
-14.5954
-26.0703
-12.9179
-14.1973
-21.906
-20.8077
-15.89
-26.7285
-12.1154
-28.0267
-18.7719
-29.1607
-14.8296
-24.4298
-20.9107
-19.2196
-25.6854
-24.3656
-23.9209
-22.3281
-18.3253
-14.4147
-22.1932
-16.8906
-22.3367
-20.9849
-13.164
-15.0794
-26.5559
-19.681
-21.1725
-19.1564
-20.8432
-12.0239
-20.7464
-16.4435
-15.253
-19
-24.078
-16.3761
-20.2122
-27.3791
-19.9726
-12.8216
-26.1361
-23.9626
-18.2263
-28.0041
-21.5964
-17.4755
-14.7035
-14.0756
-16.1475
-23.9744
-15.0666
-16.4396
-13.557
-11.2931
-20.1653
-13.5468
-18.9614
-18.5471
-17.3655
-20.3404
-11.039
-19.8908
-12.9265
-23.209
-12.2601
-16.71
-25.0093
-13.4423
-21.4435
-19.628
-23.102
-20.1493
-27.9496
-22.4094
-18.1096
-25.3198
-16.9076
-14.802
-21.9242
-18.8689
-22.1777
-22.8873
-11.0782
-25.8017
-19.2077
-15.5844
-27.706
-14.2698
-19.7904
-21.9287
-24.7329
-15.3785
-14.1195
-18.5232
-16.1884
-16.9272
-15.0562
-22.3894
-14.7484
-24.6935
-14.4835
-25.2898
-21.9802
-21.913
-17.6371
-14.7628
-20.375
-21.2676
-22.5227
-15.0355
-23.5727
-21.2203
-13.78
-10.0846
-9.88476
-24.7924
-20.096
-15.1692
-13.165
-21.3749
-8.00837
-23.6559
-20.1955
-27.5289
-20.0345
-15.0926
-22.778
-18.3784
-20.6897
-18.5626
-8.37988
-12.7276
-12.4156
-24.5595
-23.6723
-23.476
-16.6624
-18.8033
-23.0102
-25.7854
-24.3669
-24.0983
-17.2296
-8.73391
-22.4808
-27.4725
-21.1302
-22.5105
-10.5233
-20.283
-21.1201
-24.5161
-23.9204
-20.9757
-15.5177
-18.2859
-18.6914
-19.1853
-18.7037
-14.5289
-27.698
-15.3137
-17.9746
-21.9529
-16.7611
-12.1286
-21.0993
-21.3327
-22.232
-25.262
-22.8098
-14.6349
-29.7079
-22.159
-12.1153
-13.7099
-25.3777
-13.8845
-19.1806
-25.4302
-20.8795
-19.4162
-21.619
-16.0849
-23.2274
-18.2579
-15.9883
-23.7611
-15.4013
-14.0469
-19.8619
-24.058
-21.6438
-17.9658
-23.6396
-23.8128
-25.9007
-15.7651
-17.0104
-25.7624
-18.202
-19.7613
-18.8864
-22.6097
-24.0703
-14.5375
-19.4203
-19.1176
-18.6795
-20.7805
-18.9375
-21.9774
-21.4904
-19.7391
-20.2011
-17.8294
-14.5594
-16.6336
-15.5988
-20.0735
-16.2164
-19.0948
-26.3952
-21.4492
-17.1905
-19.7068
-19.097
-22.051
-15.2203
-25.6307
-27.1367
-22.0954
-17.2035
-24.3497
-12.9655
-15.4229
-18.1941
-13.2356
-26.9872
-14.3732
-19.5556
-21.1041
-20.2514
-13.8342
-15.7279
-22.4575
-21.3095
-21.9701
-28.4151
-16.52
-22.2784
-22.0022
-8.21829
-25.6968
-26.841
-24.5563
-23.8849
-15.9683
-21.2272
-26.6382
-20.176
-25.6317
-21.8454
-16.9913
-22.5699
-23.358
-17.3307
-13.7415
-22.485
-17.2504
-14.5785
-23.7391
-19.5674
-23.1479
-5.19469
-24.8142
-19.1812
-22.5338
-15.9661
-18.3381
-20.3659
-30.097
-20.4356
-16.944
-17.3143
-23.0181
-17.3354
-21.3438
-27.4544
-16.072
-14.1512
-21.4928
-20.5668
-22.8982
-25.3008
-15.9767
-21.0084
-17.2201
-26.4856
-33.8837
-22.1631
-24.4972
-14.0208
-14.5462
-25.7022
-19.3933
-16.2412
-18.6064
-17.2901
-29.7783
-23.8026
-16.9687
-20.0344
-17.9201
-31.813
-20.4873
-8.70264
-16.7854
-23.0324
-21.1328
-26.5983
-8.59066
-16.3194
-34.2363
-18.0085
-18.2983
-28.1799
-14.7343
-21.7213
-25.3241
-24.2116
-17.5421
-20.065
-22.1406
-16.8289
-19.7327
-19.7484
-21.9163
-13.5982
-19.2881
-21.6549
-13.8351
-25.5208
-17.3821
-19.6595
-25.8975
-26.7756
-13.9227
-12.9327
-15.4575
-19.0051
-14.7624
-21.6908
-25.1837
-10.7771
-17.1859
-20.8941
-15.4575
-16.8618
-24.6964
-18.7315
-20.3979
-27.868
-21.7167
-18.9041
-22.4374
-24.926
-15.7097
-23.0958
-16.8951
-22.2211
-15.9193
-22.1641
-19.5941
-17.1419
-16.5302
-5.51128
-16.1088
-28.5481
-29.5929
-20.743
-21.2543
-20.9266
-23.1427
-18.2539
-29.2273
-18.2659
-12.2608
-20.3217
-16.8613
-13.4506
-24.309
-27.6439
-18.5862
-23.3841
-22.4485
-19.5266
-17.1581
-21.7911
-19.2834
-23.6751
-19.8421
-15.8947
-16.8547
-12.3356
-23.1112
-24.1712
-17.0568
-16.4767
-22.4488
-23.0433
-11.027
-17.7626
-22.1356
-21.324
-17.7074
-17.8589
-17.5956
-12.8984
-20.3147
-18.4664
-18.9449
-18.438
-17.0111
-14.844
-13.3819
-28.5852
-26.4065
-31.0668
-19.3692
-17.3523
-17.2801
-18.5161
-24.5001
-24.3786
-18.8034
-14.7517
-20.551
-25.337
-19.4684
-21.3584
-20.8594
-17.9953
-27.7552
-20.8342
-25.0542
-11.5913
-15.9754
-9.89863
-13.8289
-23.3833
-15.0419
-14.8215
-12.669
-18.9037
-16.8546
-17.141
-25.214
-19.2848
-19.1488
-16.8313
-21.8827
-23.5268
-26.7701
-24.8593
-24.7836
-29.6433
-21.372
-16.3812
-19.4595
-19.939
-12.9891
-9.61056
-29.4117
-20.7267
-26.5205
-10.494
-18.2757
-13.99
-14.7178
-18.4308
-11.0851
-22.9798
-18.5771
-18.3159
-15.3551
-20.1966
-15.4589
-9.06357
-22.4849
-17.2211
-21.3129
-14.2276
-20.7822
-28.3625
-14.923
-22.3498
-15.5307
-19.8604
-19.1261
-18.4604
-19.8938
-19.6884
-25.6503
-16.6173
-12.3469
-26.358
-29.8951
-21.7095
-21.3884
-18.1812
-20.7789
-21.1114
-11.7982
-18.7121
-20.7571
-7.76164
-22.0858
-23.2532
-28.2705
-21.9038
-18.2714
-23.854
-12.1573
-13.0802
-21.9138
-21.6014
-19.8894
-13.7748
-21.4661
-18.5981
-19.5842
-25.3792
-19.539
-17.5651
-18.2207
-23.9177
-22.4697
-36.039
-20.4973
-26.6052
-24.1118
-23.0573
-26.3211
-23.0794
-23.2123
-23.1361
-20.3047
-23.8148
-15.5575
-22.4046
-17.0586
-27.1054
-18.3478
-22.8095
-16.9947
-23.4809
-17.5051
-17.1092
-12.1684
-24.4952
-17.1227
-22.8929
-25.811
-24.2965
-18.8701
-26.347
-12.1495
-10.8113
-16.1563
-25.5518
-27.7533
-27.4744
-23.7351
-29.8312
-14.6646
-26.1223
-9.90567
-30.914
-22.2527
-17.8672
-23.3715
-17.273
-18.242
-21.715
-13.148
-19.4468
-12.6452
-17.6176
-19.9698
-17.4796
-24.7798
-23.9583
-17.268
-15.1081
-19.3082
-20.3132
-16.5419
-11.7096
-24.4419
-15.5686
-22.2378
-26.2191
-22.7019
-26.5412
-31.7196
-14.5029
-23.0702
-24.4879
-15.7415
-12.0328
-20.7362
-17.4852
-26.2048
-16.1919
-17.4745
-19.7254
-20.5406
-14.0445
-17.6106
-15.3387
-11.1494
-14.7223
-15.459
-15.4186
-24.5074
-19.5663
-15.487
-17.4444
-22.0064
-15.6674
-16.9591
-24.9247
-9.23219
-22.1599
-21.0486
-17.2336
-21.3822
-15.7191
-18.1992
-16.7288
-17.4819
-20.6833
-22.3667
-18.5109
-25.177
-22.9018
-10.8674
-16.3384
-24.2399
-11.0091
-17.2289
-23.4312
-20.7172
-27.201
-25.3964
-15.6283
-24.2605
-15.9228
-19.5006
-22.4571
-15.0975
-30.3628
-13.3362
-22.025
-26.5504
-16.6669
-19.387
-16.6588
-5.62763
-19.6633
-11.4914
-18.0669
-11.6659
-20.9317
-23.0853
-14.5611
-16.3691
-9.30474
-25.4987
-23.5376
-23.8574
-12.9425
-18.3442
-14.6682
-21.4604
-24.5249
-22.9255
-17.8354
-16.3197
-19.3793
-20.7245
-25.5727
-9.44055
-24.0907
-23.5121
-17.8991
-11.8418
-16.9935
-12.4686
-24.1676
-11.0206
-12.6987
-10.9615
-28.3083
-18.9939
-22.2728
-19.0124
-15.1854
-13.676
-13.4175
-23.7959
-15.5611
-22.5917
-22.6058
-25.3362
-25.6403
-26.1453
-14.635
-18.5808
-22.6785
-13.3613
-21.2686
-16.5042
-18.5926
-21.2352
-21.8656
-23.351
-12.8631
-30.2923
-23.5234
-16.9231
-16.8308
-21.106
-23.594
-24.3537
-23.7462
-18.1087
-17.1113
-21.2981
-14.6389
-22.3795
-14.0081
-11.0702
-15.4229
-12.9094
-18.9848
-14.2491
-29.503
-16.5865
-16.9819
-23.0767
-11.4698
-22.757
-26.5311
-23.8557
-23.9542
-18.819
-21.1821
-14.2936
-26.7836
-16.89
-22.7913
-18.1428
-19.0082
-25.0525
-20.259
-20.7769
-15.5462
-21.3624
-21.9443
-24.8887
-20.0553
-27.9164
-16.0131
-21.6721
-16.0771
-12.939
-19.4376
-18.1826
-18.229
-27.9507
-23.0967
-17.7243
-14.8822
-18.8628
-16.458
-14.7173
-16.8498
-24.1642
-20.4904
-17.6175
-24.7033
-25.7623
-14.7476
-18.9876
-23.8946
-22.9845
-23.952
-18.4799
-12.7389
-23.1748
-26.4077
-16.7972
-22.8985
-13.2288
-20.5181
-20.7027
-17.7106
-20.4384
-16.4108
-21.8118
-17.5629
-10.3596
-16.2412
-23.7736
-20.5625
-15.4701
-21.9405
-22.4817
-24.3085
-17.9726
-24.0732
-24.3675
-19.3206
-22.3314
-24.6398
-23.9182
-23.2183
-15.8928
-12.7774
-13.6051
-12.4599
-19.3667
-16.6478
-18.2754
-26.1828
-23.4129
-24.0461
-20.4145
-13.3552
-23.3436
-20.2868
-16.92
-30.0819
-27.9439
-19.8318
-22.908
-18.5312
-15.2986
-17.2036
-18.7839
-19.5
-14.2142
-22.4037
-16.6401
-14.8205
-22.1806
-12.6297
-28.5884
-20.475
-20.003
-20.8356
-11.1844
-19.9642
-30.6947
-19.1977
-20.2739
-30.3402
-20.4686
-19.6076
-26.7899
-22.635
-20.2798
-12.7506
-18.5022
-16.379
-16.4593
-23.7376
-21.9107
-19.9415
-25.0937
-17.9314
-21.0598
-17.536
-12.3158
-18.2926
-19.4635
-11.1766
-15.3826
-19.3924
-24.3808
-16.6698
-19.6513
-20.6784
-14.0968
-16.0081
-17.9031
-16.057
-18.1231
-22.7904
-20.9983
-16.3073
-19.0664
-20.9313
-17.2593
-19.6455
-17.2587
-21.3178
-23.7752
-20.1364
-19.7196
-26.1046
-23.241
-16.0262
-22.9807
-15.8342
-23.1649
-29.543
-19.7238
-23.3296
-23.6065
-17.1718
-20.0571
-28.5943
-20.4775
-16.704
-27.5007
-30.5608
-23.6931
-19.6801
-18.6514
-22.1928
-14.8141
-12.8879
-15.5952
-23.2425
-19.6413
-19.5738
-15.9719
-28.5944
-24.9952
-23.2727
-14.702
-15.3028
-15.5893
-21.7788
-11.0688
-18.0243
-12.1315
-20.929
-28.6212
-21.222
-16.1783
-26.5016
-28.5368
-21.9894
-28.7151
-17.8309
-16.8422
-25.9383
-19.8443
-27.6761
-18.6299
-17.7391
-23.5742
-16.5273
-22.5443
-23.2542
-17.211
-22.4008
-22.1045
-15.0013
-14.6059
-21.4867
-25.3604
-17.9873
-21.6162
-18.371
-11.3883
-27.9039
-21.6386
-25.0408
-18.7904
-15.4878
-17.4141
-5.49673
-18.2574
-21.8954
-20.3168
-18.5361
-12.9191
-19.6952
-19.1258
-14.4345
-11.6138
-17.8772
-13.6441
-18.2517
-14.0949
-24.5548
-25.9752
-16.6074
-23.8711
-23.6713
-21.0486
-23.0587
-28.941
-20.6309
-24.2602
-21.3353
-19.0862
-22.5207
-20.4856
-24.1578
-26.1493
-20.844
-14.7985
-11.9024
-24.439
-20.5432
-18.5863
-14.0337
-11.4207
-21.194
-18.6386
-22.3411
-18.372
-11.0758
-17.8915
-20.2717
-14.994
-25.7877
-25.1673
-22.4594
-16.4444
-26.8327
-17.6129
-21.9828
-25.5961
-13.4804
-28.3948
-19.5738
-19.0579
-11.2768
-14.4605
-20.9784
-26.6904
-20.4668
-21.7295
-25.9722
-11.9033
-26.0592
-27.3708
-17.9991
-22.2465
-29.8207
-17.4571
-22.4607
-11.4416
-24.3328
-14.8638
-15.3606
-15.9797
-15.9875
-14.4885
-12.3688
-26.5353
-18.8673
-21.9558
-18.7868
-22.059
-20.7544
-17.6799
-23.1911
-15.5934
-23.2892
-19.8327
-22.7371
-12.263
-20.1846
-14.8089
-4.99226
-20.6973
-15.6964
-28.3224
-26.3036
-27.0967
-22.2366
-24.6355
-16.9564
-28.7887
-12.6396
-25.4323
-13.1572
-22.9923
-17.2004
-26.5173
-17.3551
-14.7593
-10.9134
-18.0742
-17.8504
-15.331
-14.5576
-18.2677
-16.1037
-25.7057
-22.3405
-23.8087
-24.1101
-16.94
-8.02677
-28.1993
-18.8651
-19.2509
-20.3461
-24.2485
-18.6303
-24.1435
-21.4517
-18.5773
-23.2336
-19.2085
-25.6665
-15.3967
-23.1372
-21.563
-19.5734
-14.5757
-11.7355
-14.9225
-25.7839
-22.8296
-24.9036
-22.2468
-21.0416
-14.1244
-26.5074
-21.7698
-17.6248
-17.3988
-20.1411
-21.8214
-22.8235
-22.1586
-22.4888
-23.9858
-22.4913
-19.0132
-21.3799
-27.827
-22.7814
-14.0821
-22.818
-14.9262
-13.9852
-20.559
-20.574
-24.6498
-17.585
-16.8791
-13.4975
-23.6864
-7.44018
-19.5714
-24.874
-21.7581
-20.1276
-15.4989
-19.3402
-17.5474
-21.2146
-22.17
-21.127
-18.9944
-27.5391
-24.5905
-11.8763
-13.5578
-19.2097
-22.6003
-20.1134
-14.4995
-21.2772
-22.1485
-18.2498
-17.1944
-15.0435
-13.585
-10.4306
-20.705
-25.3439
-25.4703
-11.7765
-20.2668
-22.2995
-14.7149
-20.211
-19.4442
-23.9674
-14.8013
-15.7126
-13.7336
-16.9496
-21.3098
-21.5928
-25.3314
-15.3189
-17.393
-14.3083
-28.5276
-21.241
-23.7102
-28.4261
-16.6662
-19.5902
-25.9867
-16.4513
-22.8837
-11.6952
-16.0324
-18.7786
-21.8908
-21.9748
-13.1007
-20.6411
-26.3586
-24.7586
-17.9349
-23.2173
-20.5024
-24.2897
-21.3023
-26.7454
-14.261
-15.8241
-11.6154
-21.8513
-21.8892
-23.5829
-21.8187
-17.3407
-20.5562
-20.0144
-17.2507
-22.009
-15.9837
-14.317
-15.7128
-16.6257
-15.2291
-16.628
-17.7912
-20.3729
-17.9768
-16.3417
-22.2455
-18.764
-33.3088
-17.3515
-22.3144
-15.657
-16.3692
-17.8904
-30.502
-18.569
-20.8103
-17.554
-20.6701
-19.5802
-21.4964
-18.7995
-21.1237
-16.9342
-14.7678
-19.4631
-27.0134
-17.7438
-27.3801
-19.7831
-26.1924
-23.6971
-15.4994
-22.3018
-21.6668
-14.2265
-19.2634
-21.32
-23.9146
-16.2369
-20.3435
-18.8274
-22.878
-23.8623
-19.8454
-29.7939
-18.5925
-21.8655
-22.3881
-33.2826
-18.6324
-11.1629
-26.7421
-17.7727
-16.3515
-24.1279
-25.6266
-7.40296
-23.994
-18.7751
-17.0927
-23.5722
-17.3382
-14.1896
-15.6751
-22.1855
-19.5078
-10.152
-22.7186
-26.801
-23.8366
-26.4767
-17.9125
-23.1581
-21.7255
-21.1331
-21.3112
-19.4075
-16.6351
-29.6479
-26.9935
-21.2684
-18.0441
-22.5429
-21.7011
-22.8288
-14.8148
-18.922
-22.3961
-25.5255
-18.7277
-22.533
-13.4308
-22.9213
-14.9617
-25.512
-27.2111
-15.7513
-21.1664
-27.516
-16.4595
-23.2673
-21.3278
-11.1709
-16.6927
-28.0117
-24.6275
-25.256
-23.426
-18.4547
-21.7443
-19.4182
-14.5369
-19.3136
-17.0108
-9.40505
-16.0026
-16.3934
-18.7609
-21.5193
-20.4413
-24.4624
-11.886
-21.4513
-21.0271
-12.3638
-15.0737
-19.5981
-18.0068
-17.7605
-16.8283
-13.7004
-21.5241
-24.834
-16.6107
-17.8543
-13.9934
-13.3484
-22.7511
-28.5418
-19.098
-22.2483
-24.6489
-13.4601
-16.7158
-22.1613
-10.5476
-21.3852
-17.1787
-20.5162
-28.3376
-23.9674
-15.5658
-14.3181
-24.37
-25.2445
-21.7886
-24.7481
-13.165
-17.9615
-22.2728
-19.0869
-21.3876
-26.4117
-17.5866
-23.597
-16.646
-24.0804
-13.7301
-17.4193
-18.6927
-16.7361
-14.7646
-21.3269
-18.8893
-14.5274
-24.3162
-23.7359
-17.6586
-19.599
-15.548
-17.2908
-23.3974
-16.8615
-27.3004
-16.7638
-17.6546
-24.1179
-24.0214
-14.6928
-16.2221
-20.7219
-12.6635
-17.8226
-20.0968
-15.0246
-8.87994
-16.3349
-19.8371
-12.6804
-19.4743
-15.7726
-15.2017
-22.2906
-12.4615
-13.8475
-20.0557
-21.1732
-33.6875
-23.2095
-19.9424
-17.8261
-18.5012
-17.3496
-24.4732
-15.8255
-20.2326
-24.7896
-20.5777
-19.5328
-27.6745
-15.7028
-11.523
-20.3644
-28.941
-19.1311
-28.5516
-14.3602
-23.3797
-18.0966
-12.4668
-12.4952
-22.1625
-18.634
-22.5559
-15.992
-18.5393
-27.484
-12.6124
-15.8026
-22.1913
-21.4646
-18.6118
-18.0501
-24.1675
-17.5371
-16.7246
-12.7291
-24.9612
-22.9647
-15.7881
-18.8448
-28.8285
-16.1642
-15.6507
-14.4223
-24.064
-12.0975
-17.017
-21.2404
-21.7522
-17.783
-23.4556
-15.9084
-18.2573
-16.093
-20.7205
-29.7784
-26.5948
-19.5852
-22.4637
-22.2589
-16.0492
-24.8744
-17.3708
-22.6418
-12.1592
-21.5343
-18.5593
-20.685
-21.1845
-27.6885
-23.2137
-18.0163
-18.4932
-14.403
-23.9356
-15.694
-20.3074
-19.9655
-12.162
-20.8898
-25.423
-25.4933
-26.2947
-24.7731
-19.1665
-20.2356
-18.2557
-17.0655
-19.1763
-23.0785
-19.702
-16.3278
-23.8289
-20.11
-15.1868
-21.1888
-16.555
-14.6787
-12.2203
-20.9798
-19.764
-23.2122
-13.6603
-25.2277
-22.9302
-12.9721
-16.371
-16.2395
-19.5596
-7.40145
-14.9628
-12.0464
-20.1577
-20.8955
-15.9286
-15.0007
-23.7853
-17.1383
-17.5791
-22.3201
-15.727
-18.4282
-19.1438
-31.2102
-22.7734
-17.1458
-14.8497
-16.3588
-23.6859
-14.2334
-14.75
-19.3133
-15.4621
-17.2773
-14.8934
-13.2742
-20.0608
-19.334
-17.2175
-19.8681
-16.1648
-18.7251
-19.377
-28.8453
-23.8064
-23.5859
-19.8742
-17.856
-17.1303
-17.9554
-16.314
-18.1206
-17.7428
-28.0866
-22.4813
-21.884
-19.7017
-12.407
-20.0632
-16.3786
-19.9245
-21.3575
-19.0676
-14.9336
-13.4762
-25.9005
-20.443
-18.9107
-19.3515
-23.5809
-23.0401
-21.4535
-13.9253
-13.1161
-21.6667
-9.64765
-20.4393
-24.24
-17.2186
-27.1629
-17.7093
-25.761
-25.8564
-21.5396
-29.9932
-18.2437
-11.2997
-30.1809
-22.3582
-20.6432
-16.5227
-15.494
-17.815
-25.2107
-16.4701
-13.6659
-20.6128
-20.0571
-10.6723
-14.1003
-19.8836
-24.3291
-15.4685
-15.1346
-20.5112
-19.0207
-20.7411
-19.8285
-22.3668
-23.9047
-24.7589
-16.8539
-14.73
-21.5047
-15.8691
-18.4814
-22.9461
-24.534
-14.3354
-18.4242
-10.3221
-22.5051
-19.9675
-19.9691
-14.7674
-24.5318
-23.1471
-17.2333
-26.4181
-19.4281
-15.2954
-23.0083
-11.1529
-14.3208
-17.2726
-17.8217
-19.1593
-17.3079
-18.295
-12.8388
-13.7432
-16.7265
-23.9896
-25.1393
-20.5837
-26.9621
-18.8042
-14.5335
-16.3361
-6.41749
-19.2684
-18.082
-16.7971
-21.7084
-21.8377
-18.3535
-17.7016
-23.8131
-16.8588
-29.9386
-19.6917
-22.155
-17.9753
-19.3052
-23.086
-11.1971
-15.6616
-22.1666
-20.6259
-21.7765
-19.3597
-29.6557
-21.5936
-14.2355
-16.0083
-16.2097
-23.5645
-20.8651
-9.84668
-17.2202
-20.5962
-24.5692
-25.3692
-21.3909
-10.1277
-26.1832
-14.1748
-27.9927
-20.9485
-20.8948
-26.0357
-17.2741
-24.3808
-23.7404
-17.5296
-32.4197
-11.259
-11.2731
-20.5303
-20.3561
-22.2472
-19.4095
-22.8022
-18.7405
-14.5962
-16.9121
-17.1504
-16.5168
-28.3936
-22.8715
-10.3695
-17.1997
-23.6999
-24.1528
-22.6757
-16.7545
-13.9633
-16.7948
-14.6777
-24.6228
-21.6127
-27.0696
-13.7789
-23.4273
-22.5388
-20.8754
-29.2006
-23.2898
-16.1594
-18.0852
-19.9307
-15.8359
-14.3073
-14.429
-20.2631
-22.5612
-14.1476
-14.2381
-20.892
-12.7677
-23.1995
-15.522
-19.9933
-9.51816
-14.3966
-20.1005
-22.1355
-12.5356
-14.6877
-16.4482
-24.205
-16.5079
-11.9892
-12.7947
-24.5507
-19.2854
-11.552
-17.9566
-18.2354
-13.8059
-23.6424
-7.80955
-21.7236
-21.3792
-22.8475
-20.1827
-29.8868
-20.7043
-26.9746
-20.4435
-16.3174
-6.78831
-21.6059
-18.6511
-21.7324
-21.9529
-22.2347
-17.5908
-17.448
-17.5426
-22.3291
-30.8907
-20.2571
-14.4202
-15.1274
-21.2819
-19.8735
-24.3934
-21.0375
-12.4005
-19.9152
-21.3037
-27.2484
-19.0315
-22.7752
-19.7465
-21.5752
-20.9119
-20.6723
-17.5197
-23.3613
-26.0794
-22.3886
-22.9016
-17.469
-18.9154
-23.0356
-22.7526
-19.9679
-17.4223
-15.9041
-25.1277
-22.1294
-15.7811
-27.6887
-21.2103
-22.148
-16.8056
-23.3601
-12.2267
-18.192
-21.3665
-23.1555
-15.5708
-17.2573
-19.0128
-14.27
-26.4369
-19.6364
-19.0069
-20.9802
-13.8211
-14.6309
-23.6523
-25.7246
-22.8852
-14.6847
-21.3803
-15.4268
-10.842
-19.8439
-18.2634
-22.3024
-15.8109
-28.982
-18.6917
-20.2046
-24.4464
-18.5462
-29.7618
-25.1108
-23.8057
-13.9613
-22.8127
-25.4876
-17.2375
-17.6596
-14.1954
-24.0131
-23.5489
-15.9624
-18.4813
-22.4543
-22.2241
-25.1797
-15.0603
-18.8533
-7.87182
-19.5792
-22.9407
-23.7322
-17.6126
-25.4051
-21.2307
-22.2525
-29.2888
-12.2827
-21.1656
-13.6787
-17.0774
-24.3983
-33.2455
-26.1293
-23.9772
-18.9379
-11.5418
-20.9615
-21.5211
-26.7341
-23.3492
-20.9379
-16.2455
-30.6678
-18.1794
-12.1669
-17.7486
-23.4047
-19.7594
-12.857
-25.8747
-23.3055
-19.9591
-22.4865
-19.4166
-25.6606
-23.184
-15.3625
-21.08
-24.0049
-14.0074
-19.8889
-21.3056
-16.0697
-16.3061
-20.7331
-16.8182
-14.2093
-19.2913
-17.3333
-25.9553
-15.4787
-17.2926
-21.9471
-28.1309
-25.6749
-18.0336
-13.7306
-16.1794
-16.5181
-17.1969
-18.7576
-14.7402
-19.9741
-11.908
-20.2618
-23.3895
-24.491
-12.2551
-22.0275
-24.6165
-23.2824
-27.2251
-31.3131
-10.6174
-13.8514
-23.9656
-13.3752
-26.9543
-27.2323
-23.9977
-27.6025
-24.7416
-22.5485
-18.1639
-20.4048
-24.139
-18.4225
-19.6696
-26.8837
-22.6975
-16.5015
-19.7813
-29.0964
-11.4693
-22.4899
-14.1267
-20.2467
-23.7123
-19.7304
-20.7285
-24.9629
-18.2046
-28.0175
-15.5892
-20.8154
-17.8133
-13.4816
-18.5809
-15.6807
-18.5929
-15.2664
-19.4493
-18.0152
-24.1821
-25.7944
-24.1064
-3.63264
-17.9613
-27.029
-24.1745
-18.2806
-20.95
-15.4483
-24.8642
-23.7135
-20.0363
-19.569
-24.8264
-19.5718
-24.987
-25.7346
-26.7069
-14.2795
-17.8086
-15.9262
-28.6308
-21.4663
-19.1521
-25.3343
-25.3441
-30.1373
-26.3766
-20.2905
-14.0501
-12.2473
-12.7865
-19.7649
-20.8011
-17.3117
-18.289
-10.4633
-15.6993
-23.2736
-24.6389
-17.5992
-19.674
-19.3852
-22.3384
-27.318
-15.9325
-21.554
-15.5248
-18.5279
-13.5877
-22.1803
-27.1189
-13.4817
-15.6843
-20.519
-17.4493
-24.5474
-19.2488
-16.744
-23.5591
-26.3864
-17.2424
-21.5724
-23.3437
-22.9051
-27.0263
-15.9353
-15.5885
-16.0318
-20.7094
-25.7796
-16.6788
-18.6522
-21.5938
-19.433
-20.3861
-29.9426
-15.5829
-14.7648
-21.7458
-21.4912
-25.3452
-24.3973
-12.5456
-22.0759
-24.8155
-12.3279
-14.2231
-15.3174
-14.5837
-20.2608
-26.1671
-24.3934
-20.0821
-24.5495
-24.5454
-25.8124
-16.6682
-18.0014
-19.9785
-17.8117
-17.8705
-26.7166
-15.5065
-26.749
-21.867
-22.1783
-16.1766
-19.0898
-21.914
-22.2175
-28.45
-21.669
-24.7815
-24.1042
-18.559
-26.9554
-16.7839
-20.3317
-20.0299
-13.308
-22.3581
-14.7727
-22.3282
-22.3856
-21.3892
-14.1783
-18.757
-24.6181
-19.8888
-16.5989
-17.8363
-13.016
-23.9996
-24.6831
-18.3204
-26.1294
-13.7235
-19.2124
-13.94
-19.7343
-17.3183
-19.1917
-20.9955
-20.5344
-24.099
-12.0059
-24.0378
-25.2333
-20.1898
-18.8106
-17.719
-13.9638
-18.1335
-16.4273
-17.3165
-20.5103
-18.2542
-17.4085
-17.0074
-18.3509
-23.1955
-15.5791
-21.0576
-20.6093
-21.0048
-19.0151
-13.7299
-13.8976
-19.4486
-14.3226
-19.1242
-19.3742
-18.4463
-24.584
-16.9922
-25.8844
-19.1455
-16.8541
-15.3608
-21.5878
-17.7709
-22.2398
-16.8098
-22.8864
-18.6517
-18.7403
-19.3245
-20.1609
-10.7956
-13.7971
-28.8578
-23.7916
-27.4466
-15.4374
-18.7547
-23.0097
-24.8347
-16.7498
-13.2088
-19.1606
-24.5573
-19.4215
-8.83391
-15.9164
-25.7248
-15.52
-18.1298
-18.6851
-21.5948
-19.9309
-22.7038
-14.1673
-17.5942
-24.4231
-19.8723
-23.7185
-22.719
-27.7668
-18.5837
-22.1296
-15.6728
-18.1936
-17.4662
-27.9142
-18.8712
-23.6388
-26.321
-21.0841
-9.2156
-11.8628
-20.124
-22.7282
-10.7391
-13.6289
-18.0613
-26.41
-18.1757
-18.8744
-19.5356
-25.6049
-23.402
-19.1616
-22.1575
-14.0881
-16.1454
-20.3863
-19.8149
-17.9865
-13.8587
-27.1445
-16.7772
-24.9105
-26.2986
-18.9582
-19.1672
-16.4007
-27.7663
-23.8202
-22.4842
-20.1082
-21.5736
-19.183
-14.1988
-17.7886
-14.3983
-21.4855
-18.6773
-23.0709
-22.7219
-16.9919
-25.4049
-23.2402
-7.61553
-14.8611
-9.54333
-23.0018
-16.341
-21.5366
-21.7199
-24.5637
-17.9204
-22.1647
-20.5561
-14.1385
-22.3603
-22.2985
-12.5928
-18.8818
-25.3167
-14.9655
-26.1802
-18.2995
-21.0276
-31.4688
-18.7691
-16.4224
-23.669
-27.3246
-24.1055
-18.9702
-11.6169
-13.8772
-24.3421
-12.8214
-23.9582
-18.2196
-17.0098
-20.5658
-11.7083
-18.1916
-16.7803
-22.864
-16.9851
-24.0865
-17.683
-21.8618
-17.9127
-16.84
-29.6955
-25.0766
-21.6932
-13.7399
-22.4867
-17.3968
-25.9716
-22.3206
-17.2636
-25.5204
-9.18167
-19.7514
-22.3504
-18.8182
-20.5608
-22.5552
-18.5143
-22.2169
-23.1736
-20.9578
-20.6442
-18.9273
-14.2273
-15.5296
-19.411
-11.0347
-15.5632
-12.9243
-17.7327
-22.8514
-19.9424
-18.0911
-29.9924
-21.9399
-24.0059
-22.9567
-17.4537
-16.5497
-17.9636
-25.1378
-22.4336
-20.0245
-15.3466
-18.9729
-21.0496
-13.4243
-26.4335
-21.654
-21.4405
-21.7074
-15.6739
-12.686
-25.484
-16.0319
-20.5808
-9.48326
-14.1294
-24.405
-21.3105
-23.2611
-15.3292
-19.1559
-20.7165
-21.2323
-16.6079
-15.6275
-10.0138
-22.3082
-24.6131
-24.0759
-21.3944
-19.3665
-19.3367
-18.8926
-26.4324
-20.3238
-22.2393
-14.5072
-15.0145
-18.5903
-13.4515
-22.5328
-19.1801
-23.1088
-21.4782
-21.522
-23.3117
-27.06
-17.1785
-16.0046
-18.6004
-27.0123
-17.9663
-14.6797
-16.6312
-14.3456
-26.5317
-14.4155
-18.6231
-17.5575
-16.702
-15.9665
-14.9418
-26.3934
-23.3637
-16.745
-26.1731
-25.9437
-22.1073
-11.0512
-19.3041
-21.9439
-18.2713
-17.6309
-16.5348
-16.2445
-13.5749
-22.2341
-20.6241
-16.7742
-17.0076
-24.5713
-22.0067
-19.5636
-20.1202
-17.6767
-12.7064
-22.1652
-14.7513
-20.9617
-21.5924
-18.7289
-23.5725
-18.8329
-12.9385
-16.9765
-20.7369
-16.8331
-18.1823
-25.1447
-22.4646
-13.8272
-20.0989
-16.6829
-11.1553
-15.8747
-28.1574
-15.4693
-15.0903
-26.5
-18.031
-23.7171
-10.5952
-18.6209
-30.0928
-18.476
-20.4452
-18.262
-12.169
-23.5103
-23.7332
-28.0275
-24.3919
-23.0748
-22.1719
-16.9834
-19.3018
-24.1468
-16.5629
-20.9233
-20.478
-29.2659
-11.1165
-17.8035
-15.3547
-13.6053
-17.8793
-16.9137
-14.9667
-16.9734
-27.7544
-18.1301
-16.4144
-24.3863
-25.3411
-22.3988
-16.0192
-17.2021
-21.5589
-14.5987
-24.8737
-17.7706
-26.048
-28.0918
-23.1836
-13.1289
-9.09181
-15.3025
-24.8037
-25.4244
-16.6747
-16.3313
-13.1006
-18.4479
-21.2471
-23.1493
-21.9973
-18.2032
-28.8663
-19.6871
-17.8599
-18.6434
-11.7085
-20.0054
-17.5236
-9.36045
-30.7373
-24.2047
-10.4269
-21.4712
-16.9233
-16.1065
-15.3371
-23.3476
-19.7534
-22.2435
-18.3697
-21.5265
-19.4708
-12.843
-20.6392
-20.449
-25.9648
-14.7094
-17.3574
-23.6137
-18.8993
-31.6472
-19.377
-15.9019
-19.5504
-19.1691
-21.9117
-13.1215
-25.0444
-16.2437
-20.8866
-18.8391
-26.6809
-24.5187
-19.8041
-17.6912
-16.022
-22.4029
-19.5394
-23.6922
-16.1346
-26.3895
-18.026
-23.492
-13.9206
-26.9269
-16.1578
-19.4027
-20.8739
-15.6673
-12.7057
-17.8602
-22.5334
-20.7937
-22.3327
-14.4708
-16.9729
-15.8647
-19.7392
-15.4088
-11.0754
-19.6464
-25.0833
-19.7093
-15.0122
-17.0286
-24.9178
-20.0627
-12.4637
-24.8999
-14.6567
-11.865
-22.4291
-18.5577
-11.7681
-24.9525
-18.8337
-19.5209
-10.6721
-22.8066
-12.4947
-24.0321
-20.9213
-25.2579
-22.179
-20.0263
-11.8616
-22.0017
-13.0921
-20.7375
-15.1617
-21.1789
-16.2987
-17.9751
-20.4954
-15.5322
-12.9293
-28.2023
-9.12195
-21.0794
-10.8179
-19.5787
-22.5908
-15.0764
-25.5869
-16.9697
-10.2942
-28.9549
-19.8152
-20.5621
-23.5416
-20.0671
-24.718
-19.597
-19.7433
-25.5335
-19.2639
-25.4603
-21.4553
-15.5722
-22.0266
-20.9709
-23.7713
-22.1398
-16.8995
-21.0576
-21.5214
-24.4549
-21.8456
-14.6145
-23.606
-20.4216
-19.6357
-16.9952
-20.9744
-24.1145
-21.3123
-24.4809
-16.7868
-18.9705
-15.4689
-19.0929
-22.0016
-21.4325
-16.4612
-21.0634
-12.0023
-13.2615
-18.6091
-20.4456
-19.3581
-20.7629
-14.3365
-17.7737
-10.1529
-18.0023
-27.3558
-23.9219
-19.2489
-20.1604
-17.0115
-23.0894
-18.1874
-20.3094
-17.3994
-18.8095
-17.8925
-16.7863
-19.8098
-19.0974
-14.1717
-18.6199
-12.1893
-7.3418
-20.4193
-15.9317
-24.4774
-20.149
-19.7369
-26.9807
-24.9206
-22.4154
-12.7518
-12.3008
-22.0306
-13.7113
-21.5228
-14.7488
-23.6836
-18.1867
-15.4921
-27.8123
-16.54
-22.8865
-26.0775
-20.4582
-16.37
-18.4052
-20.4552
-23.7967
-21.8209
-18.0998
-15.896
-15.4265
-18.1291
-18.9542
-23.1395
-25.4762
-23.5647
-12.1893
-26.093
-15.3082
-24.072
-26.0274
-19.1377
-11.3251
-12.8191
-14.1731
-22.5587
-32.7366
-22.1212
-30.0745
-20.6873
-17.3426
-4.39146
-17.8816
-16.4803
-15.3779
-20.3806
-23.247
-18.4473
-21.2488
-17.5548
-20.9193
-14.1409
-26.5403
-24.6596
-20.9646
-9.58943
-23.9524
-18.9125
-19.9375
-24.3921
-18.5231
-24.0127
-22.3494
-22.9291
-13.6086
-26.4144
-15.9212
-13.4006
-17.1572
-17.0304
-16.0379
-28.977
-15.1357
-15.8622
-26.2553
-17.8713
-21.0812
-18.1442
-18.7119
-15.3553
-17.1227
-20.6781
-19.3504
-18.5406
-25.7103
-16.5338
-17.2914
-14.6781
-16.8458
-19.8275
-26.6139
-17.1415
-28.3326
-24.586
-20.4948
-14.2357
-21.3757
-14.9352
-20.2964
-20.6664
-20.1524
-9.47807
-11.2399
-26.5365
-19.5235
-22.9614
-18.5805
-13.82
-12.6614
-26.2897
-24.2741
-15.9677
-17.3297
-20.255
-16.5216
-19.0078
-19.0957
-17.5342
-22.6925
-17.323
-23.1168
-19.1161
-23.9215
-23.3572
-14.7431
-21.2458
-21.9141
-24.4597
-17.288
-11.6558
-20.8749
-24.4084
-14.0911
-23.9505
-17.7123
-25.8031
-13.6047
-16.5983
-16.7265
-21.2326
-23.6233
-9.75857
-18.7378
-21.6739
-18.5904
-22.019
-30.4634
-8.83832
-17.397
-13.5512
-11.4656
-21.9924
-9.32005
-24.6678
-24.1974
-20.6309
-21.6993
-15.3407
-21.8275
-16.0507
-16.9433
-22.9848
-15.573
-18.2966
-18.635
-23.1823
-20.7381
-19.1059
-19.3037
-16.5258
-18.7278
-18.4762
-26.7828
-15.434
-21.9574
-22.5001
-24.8101
-22.4774
-8.19497
-22.3772
-18.7329
-22.3619
-26.6697
-17.1334
-27.5432
-18.1896
-23.0549
-22.826
-18.1943
-17.7376
-27.4332
-17.9437
-14.3505
-14.1797
-21.5052
-24.7625
-21.8637
-20.3004
-29.6887
-25.7405
-15.878
-15.6079
-11.9756
-23.1309
-13.1348
-13.5441
-18.7132
-16.18
-17.2876
-25.3222
-28.9761
-18.3607
-16.0816
-23.8428
-16.4511
-20.6009
-17.752
-18.2619
-20.736
-22.3504
-23.7896
-21.5988
-23.7477
-24.0117
-13.0691
-22.3165
-26.9159
-13.4403
-19.3954
-20.4133
-18.0313
-19.8396
-17.2029
-16.3522
-28.5936
-21.0141
-15.634
-24.9135
-20.7559
-21.2025
-24.5656
-17.3952
-13.8085
-11.8687
-20.3388
-24.6083
-19.8951
-24.5007
-19.1025
-21.609
-17.5326
-14.8881
-18.4326
-27.4505
-13.7788
-26.0761
-16.8872
-13.1024
-20.7917
-19.0315
-21.0382
-27.2814
-14.174
-17.7928
-31.9709
-8.24372
-22.3016
-15.8114
-19.2751
-10.9158
-25.2935
-22.924
-27.7106
-17.0447
-18.0263
-7.70889
-16.0994
-17.5257
-18.3965
-11.3528
-22.402
-27.1303
-23.1886
-13.7605
-25.6576
-25.0885
-17.7495
-21.6148
-22.9051
-28.0453
-19.6508
-20.487
-17.2773
-18.0222
-20.9437
-19.0728
-16.1141
-15.5057
-20.3295
-17.3402
-19.3849
-25.2113
-23.2575
-14.1367
-22.2196
-28.7454
-18.7907
-19.7848
-22.952
-19.2228
-14.6337
-16.9302
-23.0374
-14.4799
-16.8148
-20.3125
-22.821
-17.6544
-23.7457
-14.9879
-17.9481
-22.4388
-19.9241
-13.2349
-28.334
-24.0034
-13.456
-14.1299
-24.6702
-23.6241
-22.3312
-28.4884
-14.2946
-17.4132
-18.2065
-19.6278
-23.74
-18.7771
-19.523
-18.0539
-24.4974
-24.3262
-20.6443
-19.4382
-21.245
-31.806
-25.4137
-26.1396
-25.2185
-23.1621
-13.4513
-22.2384
-15.8554
-16.518
-18.0199
-17.4299
-21.7255
-17.6914
-21.8164
-13.7337
-21.3612
-21.3239
-20.3289
-25.3789
-29.0961
-12.9486
-17.2378
-31.994
-18.0168
-22.1423
-11.8674
-14.3732
-16.858
-15.5105
-22.187
-11.4182
-21.4054
-14.8385
-21.3641
-19.7078
-22.9946
-15.3747
-13.9462
-24.8093
-18.3265
-18.3208
-25.2991
-29.0519
-13.8258
-21.8048
-18.1911
-6.49346
-10.8847
-15.6668
-24.0976
-22.3155
-22.104
-21.9562
-15.0088
-24.0493
-18.3433
-19.9705
-16.5871
-11.4322
-14.8302
-12.2314
-18.4615
-22.9428
-21.4245
-19.5385
-18.8124
-15.4716
-13.9578
-22.1223
-21.2985
-17.9253
-17.2968
-17.4466
-10.0778
-28.0371
-24.4613
-23.0694
-14.8287
-31.9682
-12.4274
-13.4885
-13.8151
-23.012
-24.0661
-21.0902
-17.5937
-19.6179
-23.0999
-13.761
-13.7218
-17.7155
-17.9736
-22.3195
-13.4059
-11.8164
-15.2051
-18.2134
-28.0663
-25.1148
-23.0986
-16.0011
-11.2186
-20.3971
-17.8501
-18.3568
-13.9166
-24.3207
-14.0299
-10.7716
-16.3002
-13.2797
-24.0317
-23.7448
-23.2
-14.029
-13.8004
-20.9581
-17.8162
-15.2449
-22.0026
-13.7236
-16.5144
-24.8632
-21.4843
-18.2177
-21.5828
-27.0734
-12.8471
-27.7537
-25.5963
-16.0229
-22.1497
-25.8301
-13.4014
-15.8782
-24.0766
-3.92454
-19.1742
-23.057
-23.2984
-21.5862
-22.308
-16.9322
-21.3445
-23.0843
-15.6113
-16.5039
-13.1431
-23.8648
-21.6593
-12.1158
-17.6072
-17.8331
-24.3998
-17.0371
-15.0828
-22.3505
-20.4753
-28.5132
-22.5565
-17.6611
-20.905
-28.0875
-23.6544
-11.1629
-19.6578
-18.655
-29.7003
-20.3555
-21.9308
-17.0764
-18.9574
-16.4759
-11.5977
-11.8425
-20.6966
-18.7871
-16.648
-17.6544
-19.9828
-19.1058
-24.7224
-23.765
-17.8893
-20.2132
-24.5948
-24.0088
-15.3622
-25.7514
-25.8477
-25.2102
-13.4202
-21.179
-11.4399
-18.0175
-21.0498
-18.0613
-13.7957
-17.8983
-23.5402
-14.0395
-20.6512
-16.6382
-19.4731
-16.7561
-17.0385
-18.5575
-23.9537
-11.5323
-17.6633
-21.9056
-13.1001
-14.5391
-15.0734
-22.873
-17.2016
-27.5741
-28.8484
-17.3605
-28.1445
-22.6082
-11.4296
-15.2401
-18.9552
-31.6679
-18.9722
-16.8151
-15.4371
-18.0116
-11.2475
-18.3495
-24.0427
-22.4658
-22.1192
-16.2717
-23.2157
-21.8838
-17.6397
-15.8348
-27.244
-16.2916
-18.0028
-13.9287
-21.8954
-18.4214
-10.9264
-16.1677
-16.085
-21.0372
-26.4244
-27.2695
-19.7091
-20.0657
-13.3775
-14.2475
-20.349
-25.7183
-18.9006
-23.4365
-25.8128
-28.553
-16.0689
-18.9708
-20.5087
-17.3786
-22.9545
-21.9376
-17.73
-23.6882
-25.7808
-23.9938
-26.5438
-14.1868
-14.2946
-25.5495
-20.4867
-23.736
-21.52
-14.3482
-19.7032
-28.5139
-18.056
-18.72
-7.51739
-13.9187
-25.8984
-23.3273
-16.114
-22.0978
-19.5459
-16.5336
-11.3162
-12.0288
-15.3266
-12.7513
-25.548
-25.1261
-15.8553
-26.3605
-19.0316
-19.3967
-24.6887
-21.497
-19.319
-15.348
-25.5226
-19.5559
-22.6749
-20.1827
-15.4271
-23.6094
-21.1959
-14.1979
-20.0856
-19.7571
-22.4007
-28.0227
-11.3273
-19.7708
-28.3276
-21.9462
-26.4933
-16.6447
-23.4979
-29.1172
-14.5819
-17.4263
-18.352
-19.0471
-15.866
-26.0488
-11.893
-17.9478
-20.2795
-19.3049
-15.841
-25.5833
-31.5022
-17.2399
-13.987
-16.7514
-19.2885
-23.2062
-19.5735
-19.7935
-20.9864
-17.4817
-17.2699
-14.9104
-12.0022
-24.1194
-17.2081
-18.98
-23.2697
-19.4749
-23.3536
-25.166
-7.28045
-16.5074
-23.7788
-18.9529
-14.0316
-17.8364
-22.2228
-21.3788
-23.8545
-31.4663
-22.6205
-24.1391
-21.9987
-17.8212
-15.7843
-19.9709
-14.3657
-21.3221
-19.2447
-28.6679
-9.81613
-17.4732
-21.8118
-24.7803
-18.4734
-25.2567
-23.1053
-16.9813
-14.0349
-17.5011
-24.4212
-21.5905
-14.6975
-18.2192
-21.2267
-19.1817
-18.0339
-21.8429
-22.9734
-22.2291
-34.6085
-15.0457
-24.8463
-16.9639
-14.6791
-13.1854
-15.9751
-13.6711
-18.2998
-21.7825
-14.9177
-14.5491
-20.4547
-18.2424
-17.3969
-15.5172
-21.7989
-20.2048
-21.4068
-14.2285
-25.2212
-21.0652
-13.5131
-22.9622
-13.6073
-20.4832
-19.4988
-18.1261
-17.439
-24.6349
-20.0191
-19.9045
-10.6849
-12.5262
-16.9487
-23.5687
-24.9729
-23.7363
-27.2819
-25.3542
-25.302
-20.9965
-18.3372
-33.4535
-20.3177
-18.7237
-9.19134
-20.553
-23.5221
-20.1927
-21.2522
-23.847
-20.4814
-24.3095
-21.9946
-23.4477
-19.2055
-11.2936
-23.0135
-28.9382
-22.7905
-25.8611
-23.2248
-17.4342
-5.42234
-20.7574
-15.7887
-15.4324
-16.028
-18.0257
-26.9061
-22.0943
-20.0893
-21.9628
-19.1913
-25.4053
-25.4834
-25.688
-11.5084
-21.6685
-14.8797
-19.7106
-17.0163
-20.449
-19.1239
-19.0932
-27.3474
