-4.14807371 0.60854282 -0.14122679 0.79352104
1.09985291 0.23385862 -2.02794559 0.97227061
-5.13196597 0.89866747 -0.00715322 0.43863056
0.91504456 0.74760590 -0.86171947 0.66414262
-5.45466217 0.38989123 -0.65240231 0.92086092
1.76839805 0.75448329 -0.35915925 0.65631925
1.52693843 0.47431333 0.75802618 0.88035610
1.41656379 0.40495076 0.71188313 0.91433849
2.00030540 0.57210539 -0.37685999 0.82018011
2.18348206 0.67515149 -0.23953765 0.73767911
2.76578166 0.80633412 0.70081218 0.59146030
2.71405966 0.80564099 -0.04637867 0.59240408
-3.39916943 0.53380461 0.67498391 0.84560785
-2.73990156 0.69580185 0.81640773 0.71823379
-4.03124227 0.46492624 0.50090431 0.88534942
2.22743396 0.81322047 -0.19800385 0.58195572
2.24956440 0.89080278 -0.62533282 0.45439015
2.47374940 0.80548040 -2.70307826 0.59262241
2.26528247 0.90992800 3.38602780 0.41476625
2.60201710 0.80355241 -1.57164094 0.59523400
3.50747212 0.47338746 -1.13530461 0.88085431
-4.52818335 0.76758732 0.33230660 0.64094439
1.17303990 0.90511021 1.06886503 0.42517704
-4.86095009 0.75681881 0.31280832 0.65362473
1.76073937 0.53796054 0.27204539 0.84297002
0.52865918 0.69778504 1.99122632 0.71630722
0.53063319 0.65917053 1.18676619 0.75199349
1.19382915 0.69102709 0.48892552 0.72282886
-5.03536732 0.63175153 0.56921855 0.77517095
-4.04941617 0.83752006 -0.17759103 0.54640657
1.94409387 0.71834533 0.68395011 0.69568670
2.72226511 0.45293450 -0.31405832 0.89154379
-4.16122449 0.80617480 0.24083960 0.59167744
3.09766768 0.95147973 -2.75966419 0.30771143
2.15617810 0.76407024 -0.87637937 0.64513307
-3.32582044 0.83119223 -1.89678871 0.55598514
3.03449294 0.65967205 4.33865902 0.75155358
3.06334052 0.85385760 1.10966248 0.52050667
-4.82742352 0.46192198 1.43157323 0.88692056
-0.79043810 0.37786191 0.67872575 0.92586196
-5.22110080 0.82787471 1.20095913 0.56091306
-4.35785813 0.68633667 1.18913414 0.72728397
1.52544228 0.56217710 0.46930205 0.82701687
1.53904445 0.75287822 0.39501289 0.65815984
1.88497071 0.82929383 0.24018042 0.55881280
2.16011959 0.87494798 0.11752057 0.48421692
1.15627955 0.99493474 0.33923802 0.10052292
-4.84007470 0.86582044 -0.46799967 0.50035484
2.11875315 0.82017838 1.11411999 0.57210788
2.53650997 0.96414003 -5.82721272 0.26539406
2.71083001 0.61841356 0.58420326 0.78585283
2.57445177 0.97485193 1.81342540 0.22285359
2.87839311 0.93037322 0.36796332 0.36661380
-4.13470448 0.70439804 0.50130041 0.70980518
2.28314235 0.94997053 0.05575077 0.31233955
2.70281963 0.33082427 0.63815650 0.94369238
2.06994786 0.79514610 1.72217944 0.60641791
2.15019410 0.62155167 0.81936094 0.78337317
-5.03575008 0.48814566 0.07717867 0.87276218
1.78768375 0.47019181 0.32445711 0.88256426
0.95861707 0.96544560 0.65898506 0.26060467
1.88457116 0.89440899 0.64999660 0.44725000
1.34520918 0.99321309 0.71385785 0.11630892
1.54322825 0.31839688 0.93562688 0.94795750
1.24473696 0.27739901 -0.80629197 0.96075480
2.67242851 0.89247929 0.51061637 0.45108838
2.17085998 0.61865763 1.28050231 0.78566070
1.70624727 0.46737072 0.50782255 0.88406143
-5.89542338 0.77851819 0.03375288 0.62762204
2.46630175 0.50330580 0.32001482 0.86410837
2.59541726 0.56658616 0.44314737 0.82400250
2.13828510 0.65601178 -5.92339211 0.75475065
-3.78638986 0.81538237 0.72521146 0.57892279
1.10932789 0.67659554 -0.25287654 0.73635486
2.52515485 0.58701657 -0.90208292 0.80957492
1.86703635 0.80415142 0.52421398 0.59442451
2.08201256 0.68131840 -0.56204952 0.73198719
-5.10658646 0.86317294 2.22454939 0.50490838
1.55176525 0.82895461 0.29228292 0.55931588
1.02585494 0.24333523 -5.69201460 0.96994225
0.42115589 0.54800248 0.01841888 0.83647671
1.74660183 0.65396842 0.61848282 0.75652184
0.86001034 0.94633215 0.09587936 0.32319570
-4.24300966 0.74614296 -1.04065149 0.66578577
-5.11045967 0.85933613 -0.30302862 0.51141120
0.60524573 0.35363458 0.01260551 0.93538366
2.43784712 0.32170003 0.11793401 0.94684164
1.20060782 0.81364808 -5.46001788 0.58135773
0.65829473 0.69237362 0.88937448 0.72153917
1.23227454 0.83088037 -0.17913340 0.55645108
-4.28747406 0.68910404 -1.26078308 0.72466242
1.30002250 0.84205639 0.76996371 0.53938950
-4.28142559 0.79119497 0.27364356 0.61156399
0.87612038 0.93234028 1.80193445 0.36158209
0.49214262 0.85931205 0.28837876 0.51145165
1.60358436 0.56971388 0.31524971 0.82184311
0.71136567 0.45452255 -0.42102312 0.89073523
-3.36357816 0.75629488 -0.71473777 0.65423089
1.65269797 0.77360675 -0.04925423 0.63366599
1.90494410 0.73397621 -0.50706481 0.67917518
-5.03837938 0.85947051 -0.54455132 0.51118534
-5.93724307 0.88071061 -0.66088484 0.47365474
2.75435615 0.88293514 0.34847608 0.46949499
1.45193417 0.29472489 0.72996851 0.95558215
1.81567969 0.74837367 1.58988406 0.66327736
2.00859552 0.71168577 -0.86092044 0.70249795
1.78026960 0.99847883 4.35595225 0.05513637
1.34590684 0.93025280 0.03676496 0.36691923
0.33487109 0.84112293 1.33251545 0.54084398
-5.44991094 0.86638661 -3.98435747 0.49937385
0.98514163 0.95933828 -1.42579372 0.28225885
1.30729923 0.60578576 -0.31837488 0.79562781
0.89623818 0.60727687 -0.91744777 0.79449028
4.50919266 0.16073594 -0.14286622 0.98699745
0.87167694 0.59615995 0.21963566 0.80286569
1.06180452 0.88203545 0.44436702 0.47118305
-5.47045432 0.64826163 -1.09751530 0.76141767
1.76547978 0.61310615 -0.64268056 0.79000054
1.43827293 0.59509398 0.62555564 0.80365611
1.37541981 0.80389421 0.60243515 0.59477231
1.24149150 0.71727415 0.82899853 0.69679107
1.47936133 0.95516115 -2.31148966 0.29608643
2.40348704 0.94449247 -5.84661882 0.32853306
-5.89922042 0.96156516 0.01968615 0.27457684
-0.08037590 0.81480184 0.55739609 0.57973956
0.95054884 0.87885792 1.10568057 0.47708360
0.62831661 0.93404148 0.43242647 0.35716456
-4.59453284 0.46997975 -0.19181146 0.88267720
0.81602708 0.90243366 -0.55133204 0.43082884
1.24362296 0.68148081 -0.11200126 0.73183598
1.28659954 0.68140602 0.18382834 0.73190562
1.70145179 0.95804278 0.03513226 0.28662523
1.73567791 0.90732188 -0.63717588 0.42043669
2.27327361 0.63542214 0.08989356 0.77216495
6.01479668 0.24903720 0.71456281 0.96849392
1.51358629 0.75150523 0.56069801 0.65972713
-4.57309196 0.75823741 0.55392872 0.65197855
1.68469742 0.53239099 -5.92593020 0.84649857
1.28107214 0.49776025 0.05215114 0.86731467
-0.07379365 0.78594638 0.88294554 0.61829466
-0.90284647 0.23460899 1.22441597 0.97208982
-5.31123925 0.84575362 0.10504468 0.53357363
0.47370311 0.95156226 5.89143517 0.30745611
1.09909965 0.73084110 0.07050030 0.68254765
1.15008811 0.63123082 0.40170243 0.77559503
1.23518900 0.87974944 0.63977136 0.47543762
1.44285541 0.47061213 0.25098698 0.88234019
-3.62801607 0.65414693 0.58489064 0.75636750
1.62672867 0.83159152 -0.42793402 0.55538774
-4.99472346 0.84120007 0.47657630 0.54072399
1.11631491 0.87566062 -1.09180467 0.48292699
1.81162837 0.64581812 0.16841878 0.76349130
-4.94349932 0.90995963 0.32708957 0.41469684
1.22116704 0.63420430 0.32787832 0.77316551
-0.14793780 0.80112388 0.22329485 0.59849856
-0.06532092 0.44301294 0.59639990 0.89651522
1.62195779 0.50604296 0.64008779 0.86250828
1.18047635 0.50903311 0.36927792 0.86074694
1.06628346 0.89940539 1.00335443 0.43711548
0.89083939 0.67609982 0.08519853 0.73681004
1.64313192 0.80961931 1.79285304 0.58695535
0.87500374 0.70275763 2.01527546 0.71142935
-3.90582683 0.64696074 1.18912660 0.76252331
2.59122582 0.80932440 0.97838047 0.58736192
-4.56200703 0.81675524 -0.44865210 0.57698430
0.71949605 0.88355176 -0.75015849 0.46833352
-4.91361198 0.74567724 0.67984915 0.66630733
-4.35578176 0.83772971 -0.54324803 0.54608509
1.42201984 0.85222220 -0.12407125 0.52318001
0.94419530 0.76196461 0.04578303 0.64761866
1.27042055 0.70444003 0.07893722 0.70976352
2.07069404 0.61783431 0.19865273 0.78630831
-5.31962765 0.52109588 -0.18421900 0.85349814
1.61505143 0.57610631 -0.23990304 0.81737478
1.75134115 0.67006625 -0.32278080 0.74230130
1.71850744 0.93894237 0.07891711 0.34407445
1.55411178 0.93054090 -3.93886687 0.36618797
1.12263510 0.96446108 1.54219080 0.26422495
-3.70005530 0.52551798 1.06797698 0.85078249
3.09801883 0.84864913 0.17992790 0.52895620
2.38665086 0.97781003 -0.06847214 0.20949357
-4.99495741 0.61150867 0.24148986 0.79123773
-4.22353321 0.49095279 0.28494911 0.87118618
1.28779546 0.94102001 1.69561888 0.33835092
0.85462201 0.40893764 -0.63774827 0.91256233
1.36776576 0.31280058 -0.56655997 0.94981882
1.60688998 0.86816984 -2.14608881 0.49626720
1.34918532 0.87019043 -0.37196907 0.49271556
1.31196618 0.86097875 0.07106768 0.50864093
0.64596307 0.58092599 -0.08127384 0.81395638
2.92612163 0.37123680 -1.31751599 0.92853823
1.73616283 0.91528582 1.28935115 0.40280500
-4.65390410 0.77575356 1.35940956 0.63103599
-5.02572866 0.81376418 0.84544461 0.58119520
2.18659302 0.79659760 -0.13422855 0.60450994
0.72783611 0.28681277 -0.36711338 0.95798666
1.19911686 0.54302083 -0.04828122 0.83971923
1.33782910 0.72940154 0.16503362 0.68408580
1.14635184 0.78830464 -2.04229454 0.61528514
1.37790011 0.91230869 0.12759401 0.40950318
0.50970613 0.52955235 -0.33888476 0.84827726
0.35193251 0.54794705 -1.42582585 0.83651302
2.79956342 0.47256571 -0.84261327 0.88129544
-4.26541853 0.89761939 -0.09917723 0.44077141
2.27295006 0.86824579 -1.37463906 0.49613431
-5.56067897 0.54986255 -0.38556422 0.83525515
1.29983784 0.34195667 -0.89529075 0.93971572
-4.26407637 0.64293528 -0.01047397 0.76592051
0.81185988 0.66888627 -0.24235203 0.74336476
1.77425934 0.79791696 0.31804665 0.60276738
-3.78113315 0.61315275 0.43936769 0.78996437
0.20963112 0.60841348 -0.68986833 0.79362021
1.10484917 0.95704292 -1.11164065 0.28994630
1.12424685 0.27094783 0.43811375 0.96259403
1.62913065 0.78865746 -0.19014683 0.61483283
2.57663374 0.82105214 -1.27960771 0.57085320
-0.58490440 0.46408509 -1.20291157 0.88579062
0.45515679 0.42773497 -0.36374993 0.90390420
1.57650261 0.67931556 -0.63330830 0.73384629
2.54855634 0.76442000 -0.58402515 0.64471860
2.49210295 0.80081130 -1.19481140 0.59891675
1.25088158 0.51020456 -0.29615676 0.86005308
0.48875179 0.68527382 -0.98646877 0.72828552
0.13025367 0.27328821 0.03164327 0.96193220
1.02022660 0.62946923 -0.29535972 0.77702541
-5.22290109 0.12862959 0.40178974 0.99169271
-1.76240859 0.37771618 1.01214117 0.92592143
0.12645054 0.40980845 -0.36967103 0.91217160
0.41411000 0.99916217 0.29732736 0.04092620
0.99632035 0.71705942 1.46194163 0.69701204
-1.14033291 0.21389323 0.63890259 0.97685705
2.25326163 0.41743950 -0.25371044 0.90870472
1.49773695 0.26008989 -0.91499666 0.96558441
1.32054123 0.47250721 0.24425271 0.88132681
-3.36230072 0.76872328 0.96096002 0.63958152
2.63892158 0.59877306 0.00511098 0.80091874
2.10011554 0.74915373 0.53961980 0.66239617
1.63101694 0.35280929 -0.23374009 0.93569525
-0.56324519 0.58643823 -1.46826058 0.80999396
1.26174078 0.27749572 -0.71334450 0.96072687
0.80437892 0.90488827 0.64825141 0.42564918
-1.19064302 0.27777852 0.98953846 0.96064514
-6.20397883 0.71113597 1.10948345 0.70305450
1.35601366 0.82989302 -0.58901649 0.55792255
1.44767315 0.70742548 -0.25126599 0.70678794
-4.91083660 0.87449157 0.35851688 0.48504071
2.13331855 0.21330972 0.26447243 0.97698463
-4.50170989 0.69160591 0.43969600 0.72227506
2.29251060 0.43612279 0.22991044 0.89988716
-0.48601913 0.38210605 0.61552172 0.92411848
1.80620448 0.43961623 0.77224281 0.89818571
2.26055731 0.39308406 0.71631069 0.91950254
1.80230816 0.55656848 0.77309686 0.83080174
2.62338225 0.36292463 1.05764735 0.93181850
0.79400876 0.68955191 0.07080439 0.72423626
0.37809318 0.78761465 0.23072926 0.61616812
