0.85322 0.865845
0.823921 0.83266
0.875312 0.856665
0.870523 0.8697
0.839241 0.857018
0.850381 0.852609
0.853388 0.867911
0.834031 0.813363
0.832747 0.804641
0.832407 0.809708
0.854648 0.879193
0.876023 0.869327
0.860229 0.865483
0.829636 0.817263
0.81294 0.833241
0.834113 0.829478
0.86216 0.831514
0.861627 0.864001
0.845506 0.85746
0.882086 0.881422
0.855295 0.85014
0.821295 0.85733
0.823496 0.821004
0.828257 0.803756
0.8392 0.798042
0.865066 0.864548
0.844556 0.815295
0.818626 0.833
0.806681 0.819545
0.822139 0.813021
0.843722 0.830814
0.837623 0.85068
0.844125 0.85346
0.853542 0.839866
0.855432 0.842538
0.855042 0.843938
0.853121 0.857343
0.803279 0.775381
0.851264 0.846543
0.820969 0.826929
0.811026 0.805095
0.801247 0.821014
0.864058 0.857082
0.840058 0.84964
0.891707 0.865744
0.852422 0.861791
0.854691 0.848536
0.853233 0.84289
0.868242 0.863453
0.873277 0.879542
0.840368 0.842258
0.854426 0.864909
0.850674 0.842182
0.816051 0.817789
0.861695 0.866726
0.863923 0.877021
0.842301 0.831618
0.818153 0.820487
0.861455 0.85173
0.860186 0.864627
0.851079 0.847737
0.826143 0.835594
0.856196 0.871147
0.829012 0.81741
0.830557 0.828988
0.792963 0.815385
0.827855 0.826215
0.826715 0.820572
0.829426 0.82486
0.794347 0.797768
0.810837 0.795203
0.826525 0.808093
0.807275 0.799264
0.764493 0.780594
0.787551 0.750868
0.823 0.799669
0.830964 0.832894
0.8448 0.847071
0.837615 0.826198
0.815422 0.826891
0.837151 0.82728
0.861902 0.852786
0.854361 0.829605
0.844309 0.830371
0.845414 0.810497
0.845131 0.776984
0.830283 0.803213
0.844782 0.840575
0.839379 0.847057
0.825754 0.843209
0.881288 0.863815
0.851078 0.818859
0.841689 0.849383
0.836404 0.822468
0.875424 0.847709
0.832821 0.829478
0.820047 0.814635
0.772249 0.789028
0.801508 0.784127
0.82311 0.82227
0.836317 0.834574
0.873126 0.855458
0.851561 0.862865
0.846709 0.834977
0.855253 0.817961
0.825321 0.815695
0.875643 0.87133
0.872293 0.883472
0.837701 0.853039
0.876713 0.846751
0.873568 0.865433
0.860102 0.846162
0.843932 0.863308
0.86853 0.848582
0.887763 0.864857
0.881526 0.892981
0.870254 0.868593
0.846585 0.838456
0.844575 0.842679
0.825433 0.847639
0.836282 0.859579
0.879426 0.860567
0.856342 0.863727
0.873003 0.857822
0.86367 0.866139
0.839765 0.857171
0.826001 0.835922
0.857784 0.851721
0.839744 0.846481
0.82438 0.834609
0.794293 0.808158
0.813837 0.812508
0.795041 0.822257
0.833784 0.828273
0.808819 0.817003
0.796606 0.801223
0.803326 0.782819
0.84213 0.840915
0.83102 0.849401
0.835299 0.842438
0.846368 0.826381
0.837033 0.849465
0.817394 0.816207
0.818912 0.800037
0.830323 0.84075
0.78534 0.807942
0.831279 0.822574
0.819098 0.8328
0.840429 0.807019
0.83185 0.839852
0.874165 0.867075
0.849245 0.852652
0.851425 0.854589
0.864544 0.850449
0.86114 0.843922
0.85641 0.870118
0.869315 0.83895
0.876587 0.864036
0.86034 0.84569
0.868605 0.868105
0.853186 0.857558
0.839976 0.853578
0.828101 0.823811
0.835665 0.831272
0.831758 0.826875
0.85355 0.835641
0.847501 0.823955
0.828342 0.831681
0.812921 0.790424
0.787632 0.776524
0.804008 0.809666
0.821425 0.827758
0.86571 0.843562
0.825204 0.830482
0.793125 0.813004
0.814542 0.824201
0.83192 0.842269
0.85656 0.839636
0.860148 0.861398
0.857055 0.848895
0.846517 0.810892
0.860333 0.840312
0.872822 0.859672
0.830333 0.840818
0.784263 0.820655
0.817073 0.811237
0.853311 0.852022
0.861753 0.854164
0.866162 0.88508
0.845368 0.818733
0.847454 0.831656
0.842785 0.822943
0.833135 0.81774
0.8331 0.809214
0.87561 0.844308
0.856372 0.855648
0.87756 0.887465
0.834119 0.833663
0.859313 0.86167
0.835454 0.829926
0.804686 0.799401
0.790391 0.803815
0.816203 0.84556
0.76118 0.767958
0.787269 0.77242
0.817648 0.799427
0.83653 0.823665
0.831504 0.834384
0.813655 0.832627
0.770236 0.77853
0.814525 0.827283
0.803217 0.81159
0.7969 0.80826
0.865536 0.872885
0.865566 0.857211
0.818894 0.831236
0.846451 0.84634
0.828565 0.820299
0.856214 0.844187
0.883495 0.876885
0.853602 0.856812
0.856527 0.86314
0.852499 0.850058
0.855951 0.864868
0.837678 0.834364
0.849397 0.849575
0.823171 0.833638
0.835419 0.828606
0.869741 0.860028
0.823458 0.846957
0.837779 0.847537
0.823939 0.836402
0.829762 0.84075
0.798169 0.820361
0.849963 0.858773
0.852628 0.852343
0.842327 0.85634
0.87512 0.875043
0.863638 0.851221
0.850378 0.844892
0.830591 0.831176
0.857439 0.886933
0.857797 0.850302
0.853771 0.845907
0.866953 0.855746
0.841193 0.849212
0.828012 0.841277
0.823557 0.832382
0.817978 0.831674
0.791585 0.809564
0.81465 0.813748
0.835459 0.828804
0.80655 0.820829
0.834026 0.851594
0.83679 0.825704
0.822515 0.812481
0.849086 0.834403
0.840826 0.858507
0.858196 0.852804
0.84003 0.820676
0.81338 0.823623
0.801526 0.812343
0.835604 0.84388
0.81618 0.819718
0.843121 0.846735
0.844928 0.861211
0.839473 0.84282
0.863679 0.861448
0.869471 0.88302
0.84806 0.837059
0.822482 0.861231
0.854828 0.852812
0.839815 0.843298
0.836966 0.818498
0.799859 0.815574
0.816959 0.835771
0.829336 0.830049
0.865384 0.829934
0.828873 0.833557
0.848528 0.844146
0.85133 0.863059
0.851333 0.835318
0.884622 0.87506
0.853689 0.861302
0.894667 0.893925
0.839377 0.837025
0.752418 0.771182
0.779939 0.786391
0.790524 0.793651
0.802773 0.793572
0.83688 0.822781
0.827439 0.829064
0.843136 0.847193
0.825311 0.828738
0.844605 0.86162
0.787032 0.783675
0.821222 0.812784
0.841397 0.84156
0.851766 0.871956
0.871449 0.863601
0.873925 0.86854
0.86756 0.864344
0.838808 0.840599
0.8618 0.867465
0.843801 0.853949
0.831946 0.84532
0.855869 0.850681
0.818347 0.804905
0.838529 0.80673
0.858289 0.83071
0.824851 0.828695
0.800903 0.793356
0.828485 0.797657
0.844102 0.849138
0.836156 0.832397
0.857929 0.854229
0.818059 0.82895
0.82373 0.809564
0.761023 0.780788
0.804106 0.821132
0.845164 0.834199
0.869344 0.861283
0.867511 0.875784
0.873672 0.869441
0.870502 0.870732
0.872286 0.889441
0.854925 0.841759
0.822253 0.839681
0.821739 0.804202
0.821804 0.826035
0.819321 0.809486
0.843258 0.822502
0.850033 0.845489
0.857858 0.872994
0.882078 0.87823
0.856645 0.861565
0.867764 0.845131
0.905334 0.897109
0.85321 0.847443
0.838349 0.824976
0.844739 0.843817
0.839595 0.854801
0.823351 0.842322
0.832214 0.833257
0.810165 0.804127
0.81607 0.831208
0.846118 0.861698
0.845061 0.849496
0.826942 0.859082
0.871458 0.876392
0.84272 0.851679
0.858309 0.858778
0.818897 0.815964
0.864005 0.881348
0.844675 0.851341
0.830699 0.843941
0.816562 0.812985
0.841937 0.82286
0.853182 0.866127
0.88007 0.874072
0.834215 0.821543
0.827475 0.859919
0.848392 0.872919
0.862681 0.88002
0.853531 0.842852
0.832479 0.82715
0.82589 0.81339
0.783224 0.791388
0.795029 0.810677
0.843346 0.852931
0.829337 0.83254
0.847896 0.829266
0.884797 0.87702
0.878133 0.876405
0.881287 0.892997
0.877069 0.899006
0.84906 0.848665
0.848488 0.837653
0.825408 0.845245
0.870891 0.86805
0.83871 0.821068
0.83901 0.848829
0.868746 0.845305
0.810964 0.820568
0.800629 0.802185
0.82716 0.826263
0.834361 0.828964
0.828386 0.828198
0.802764 0.822647
0.835521 0.848947
0.826442 0.847778
0.863061 0.86391
0.843119 0.840169
0.850576 0.868021
0.857308 0.874775
0.865451 0.853644
0.870168 0.859191
0.848322 0.86195
0.865776 0.868944
0.811506 0.77957
0.824022 0.80942
0.792697 0.819183
0.866585 0.85445
0.850529 0.845236
0.881226 0.868487
0.859671 0.86526
0.813062 0.816535
0.838222 0.821136
0.833249 0.82405
0.819033 0.824618
0.834269 0.835932
0.809349 0.82023
0.83925 0.846718
0.831532 0.813667
0.869914 0.868982
0.84816 0.84273
0.845839 0.83008
0.843532 0.833735
0.839589 0.823718
0.861607 0.864215
0.869524 0.878333
0.873093 0.86753
0.875318 0.855187
0.847607 0.843649
0.861226 0.870182
0.881803 0.879295
0.835168 0.874101
0.870453 0.859114
0.859755 0.858467
0.867333 0.870943
0.872898 0.866304
0.840751 0.800425
0.86138 0.872605
0.900761 0.900857
0.877774 0.860547
0.868469 0.848455
0.867403 0.859666
0.851836 0.83564
0.847073 0.849194
0.846586 0.842445
0.872338 0.862238
0.86008 0.847635
0.805698 0.794154
0.846695 0.842945
0.842893 0.866823
0.867965 0.866102
0.861002 0.845991
0.820169 0.84248
0.886669 0.870624
0.845773 0.851978
0.850389 0.832256
0.842643 0.852068
0.886069 0.876686
0.846467 0.834985
0.806074 0.795099
0.835761 0.833166
0.819364 0.80954
0.831839 0.819726
0.869277 0.848598
0.854735 0.84835
0.865485 0.860311
0.821764 0.824737
0.793316 0.798494
0.810759 0.807917
0.816442 0.806452
0.834762 0.857751
0.814185 0.835207
0.818025 0.851155
0.86042 0.871439
0.830059 0.820106
0.784305 0.790765
0.847031 0.82463
0.825337 0.817135
0.822524 0.840658
0.855011 0.841535
0.81032 0.833479
0.814402 0.792841
0.810695 0.795596
0.797045 0.812383
0.81871 0.826018
0.816158 0.820501
0.846683 0.849601
0.82906 0.831315
0.838149 0.844617
0.865202 0.882002
0.819627 0.819476
0.827416 0.83074
0.833838 0.829887
0.833423 0.833345
0.822733 0.80754
0.842842 0.820711
0.840383 0.858419
0.876755 0.865376
0.888193 0.907549
0.876464 0.877566
0.860381 0.859124
0.848839 0.857197
0.849767 0.852466
0.859401 0.855322
0.870199 0.86434
0.789999 0.809842
0.851104 0.850232
0.853436 0.870663
0.83619 0.818296
0.830825 0.836001
0.794891 0.804052
0.796676 0.805928
0.827709 0.859049
0.790975 0.785105
0.81524 0.813527
0.836038 0.833703
0.808523 0.819957
0.792895 0.797897
0.754857 0.761237
0.677814 0.663581
0.768185 0.764511
0.794304 0.816775
0.836198 0.813772
0.849022 0.830903
0.833939 0.823121
0.832675 0.830078
0.855668 0.853119
0.851328 0.851479
0.86329 0.849679
0.857431 0.84624
0.849538 0.844248
0.828335 0.820784
0.777463 0.788627
0.809137 0.81399
0.822991 0.826655
0.85439 0.847943
0.829427 0.837506
0.855076 0.82699
0.852864 0.866509
0.842237 0.817236
0.842753 0.839656
0.884113 0.879764
0.814351 0.825113
0.884933 0.863242
0.870409 0.868193
0.835635 0.847028
0.846666 0.839879
0.837674 0.841737
0.863451 0.856972
0.855002 0.840125
0.880217 0.85356
0.867215 0.88027
0.863959 0.86684
0.858244 0.864054
0.843549 0.830689
0.827478 0.834453
0.843255 0.851251
0.854676 0.860118
0.856838 0.859713
0.827418 0.817267
0.823404 0.829725
0.807806 0.805041
0.835801 0.811926
0.81815 0.807166
0.846677 0.849362
0.833887 0.841005
0.79554 0.793831
0.794801 0.795009
0.822323 0.807194
0.860637 0.863601
0.846383 0.852096
0.850807 0.858867
0.810075 0.823237
0.838255 0.832428
0.837331 0.846347
0.827044 0.823079
0.87475 0.850729
0.821118 0.822905
0.848763 0.838772
0.837804 0.835665
0.82308 0.818358
0.858133 0.843604
0.845445 0.87324
0.832398 0.826721
0.875397 0.863054
0.855553 0.859702
0.824459 0.834032
0.851315 0.831577
0.82379 0.828206
0.823474 0.821145
0.797216 0.776358
0.819649 0.820649
0.836324 0.831056
0.809472 0.829454
0.836383 0.837489
0.827598 0.826219
0.828595 0.82667
0.845293 0.8241
0.844563 0.85507
0.867565 0.871579
0.850679 0.856786
0.835342 0.846274
0.849296 0.863294
0.810439 0.835698
0.83962 0.833318
0.843259 0.835056
0.845691 0.84563
0.839398 0.821057
0.832934 0.836751
0.810001 0.836635
0.850869 0.8238
0.861123 0.857802
0.863432 0.867713
0.884076 0.89092
0.856877 0.863363
0.872106 0.859628
0.850525 0.835258
0.859311 0.847719
0.805135 0.784961
0.832145 0.824616
0.82687 0.838642
0.824693 0.847638
0.829848 0.86453
0.852579 0.847477
0.811642 0.782247
0.828525 0.824434
0.819656 0.803231
0.821775 0.828633
0.853236 0.843057
0.857075 0.830401
0.815477 0.836455
0.833707 0.836515
0.853764 0.845146
0.884256 0.878004
0.871685 0.857304
0.855697 0.853462
0.87204 0.870509
0.865861 0.877403
0.870939 0.866044
0.80314 0.806678
0.801915 0.813881
0.798692 0.769095
0.79346 0.804647
0.761794 0.776973
0.729143 0.714576
0.775286 0.766021
0.829599 0.835128
0.81866 0.80597
0.846523 0.846068
0.834619 0.839542
0.85348 0.844573
0.831729 0.80665
0.853025 0.867391
0.853982 0.870022
0.821574 0.845086
0.83813 0.82645
0.845525 0.81983
0.868587 0.84202
0.802071 0.805914
0.861963 0.838561
0.830392 0.842293
0.816942 0.838705
0.804813 0.811575
0.814171 0.823834
0.855714 0.848315
0.887034 0.895792
0.855545 0.851451
0.848047 0.848158
0.836865 0.844554
0.840976 0.84661
0.822123 0.810533
0.855743 0.856227
0.861892 0.824843
0.842604 0.852029
0.862977 0.857061
0.856433 0.873676
0.807792 0.824295
0.837959 0.827644
0.823961 0.826838
0.826232 0.818745
0.864947 0.869775
0.84739 0.856749
0.858867 0.843585
0.840856 0.839311
0.851041 0.859059
0.842503 0.833177
0.820806 0.822105
0.860405 0.864661
0.825435 0.851723
0.871645 0.857559
0.862282 0.852518
0.874194 0.865559
0.855004 0.874146
0.85871 0.846259
0.799129 0.791161
0.797863 0.807287
0.807621 0.811554
0.839643 0.82304
0.844351 0.852347
0.85812 0.837162
0.846761 0.861312
0.840401 0.867407
0.857247 0.858565
0.816143 0.808547
0.813361 0.801009
0.81887 0.781939
0.792121 0.793256
0.866053 0.84236
0.844719 0.836712
0.857977 0.850623
0.818803 0.841206
0.743149 0.772031
0.822171 0.837632
0.823038 0.826445
0.794253 0.782669
0.795408 0.823571
0.810707 0.794315
0.800037 0.811029
0.835797 0.821477
0.79074 0.774235
0.81728 0.822311
0.82478 0.8185
0.86457 0.867073
0.821767 0.839074
0.79086 0.796282
0.822154 0.834469
0.834308 0.84392
0.875656 0.865698
0.877089 0.878661
0.85698 0.870347
0.833852 0.842639
0.783708 0.769495
0.81046 0.798357
0.844951 0.815056
0.84876 0.850684
0.849929 0.856571
0.841337 0.829473
0.854275 0.843716
0.851527 0.849315
0.814848 0.82841
0.847913 0.867781
0.855098 0.859002
0.854606 0.857387
0.802492 0.78391
0.785266 0.794423
0.793229 0.782811
0.802112 0.793996
0.852592 0.855735
0.838478 0.850651
0.835622 0.793016
0.83252 0.830013
0.833614 0.845657
0.899629 0.88599
0.871071 0.86511
0.841913 0.831576
0.844306 0.855209
0.843111 0.833591
0.828674 0.808256
0.833709 0.840138
0.82776 0.828374
0.824739 0.825628
0.837301 0.830601
0.850936 0.845796
0.848432 0.838019
0.819733 0.822054
0.803277 0.762978
0.846436 0.840331
0.852204 0.837519
0.842512 0.83935
0.842149 0.825946
0.849966 0.849229
0.81955 0.836266
0.855189 0.849937
0.860001 0.837605
0.820976 0.823067
0.803083 0.811489
0.839415 0.820134
0.84186 0.856196
0.830322 0.82374
0.84669 0.840399
0.859677 0.868962
0.862848 0.844458
0.822516 0.830679
0.84695 0.843219
0.838717 0.858045
0.86578 0.854314
0.850675 0.843383
0.866136 0.875633
0.859373 0.833994
0.831314 0.849358
0.870742 0.86609
0.872301 0.8843
0.847595 0.834967
0.846737 0.849921
0.848561 0.856489
0.843307 0.853539
0.834833 0.814529
0.789006 0.829171
0.825336 0.845351
0.843831 0.79313
0.829319 0.836823
0.842091 0.827496
0.840056 0.84388
0.814319 0.802612
0.778299 0.786102
0.811273 0.801216
0.821643 0.826288
0.843768 0.859663
0.860607 0.854908
0.837948 0.858916
0.855257 0.860254
0.85695 0.861006
0.850747 0.858632
0.869838 0.853823
0.835171 0.834429
0.821637 0.82585
0.83798 0.8515
0.847957 0.825186
0.862275 0.88965
0.887512 0.876662
0.868063 0.877974
0.848747 0.867193
0.862128 0.851522
0.857665 0.849617
0.861699 0.861707
0.887815 0.868792
0.886858 0.883371
0.841553 0.858606
0.823045 0.882017
0.814585 0.845676
0.829361 0.837256
0.804112 0.804055
0.821964 0.843828
0.808421 0.803359
0.819561 0.827824
0.827405 0.835317
0.842608 0.844784
0.834409 0.811553
0.835219 0.827562
0.832877 0.810788
0.847017 0.852346
0.861739 0.869087
0.836803 0.837733
0.811935 0.822478
0.843659 0.845321
0.863113 0.85916
0.836041 0.843613
0.831075 0.809006
0.843058 0.822983
0.82472 0.823981
0.869076 0.827749
0.821889 0.828455
0.841826 0.820237
0.851284 0.851667
0.819645 0.844908
0.850773 0.834367
0.877392 0.856997
0.844694 0.818513
0.832196 0.825179
0.827751 0.831507
0.842476 0.848982
0.849756 0.841494
0.860883 0.862895
0.845087 0.85928
0.842805 0.839452
0.848189 0.843877
0.830588 0.839233
0.852205 0.822432
0.848352 0.842686
0.839624 0.82295
0.832913 0.816794
0.850241 0.85245
0.829323 0.85417
0.871677 0.899869
0.856244 0.84155
0.86104 0.857216
0.831125 0.856275
0.843967 0.837316
0.850995 0.854723
0.830623 0.81301
0.843966 0.838194
0.807366 0.780331
0.824174 0.840788
0.849501 0.863545
0.86954 0.861533
0.848686 0.850423
0.875091 0.874081
0.829054 0.814944
0.816271 0.852849
0.836442 0.853905
0.849179 0.866053
0.834682 0.849768
0.883605 0.856639
0.84706 0.856624
0.853416 0.888916
0.83689 0.84827
0.801475 0.788831
0.823221 0.829152
0.822751 0.838439
0.807658 0.826909
0.831502 0.863747
0.831971 0.823073
0.804987 0.789681
0.796914 0.799205
0.804792 0.807082
0.829829 0.817603
0.794651 0.772114
0.76853 0.76085
0.810927 0.804691
0.806905 0.793254
0.793172 0.774611
0.810177 0.807706
0.823416 0.826903
0.831853 0.849143
0.819239 0.823118
0.853652 0.847128
0.869941 0.863243
0.821883 0.825421
0.80536 0.802723
0.838691 0.849986
0.882447 0.868809
0.8483 0.855386
0.791774 0.805069
0.777841 0.807649
0.822098 0.848908
0.84155 0.837226
0.809486 0.837717
0.844962 0.858535
0.827105 0.844969
0.851301 0.854813
0.851461 0.867726
0.829635 0.827327
0.842839 0.845517
0.869841 0.852858
0.84747 0.863057
0.891729 0.871223
0.853676 0.865377
0.799183 0.818602
0.775018 0.801054
0.823034 0.817296
0.842954 0.828239
0.861864 0.875121
0.844976 0.840432
0.861264 0.860883
0.844015 0.860562
0.822758 0.845814
0.877966 0.877488
0.862535 0.858021
0.838982 0.842294
0.817595 0.839315
0.854553 0.836994
0.852418 0.852994
0.850878 0.855437
0.845283 0.837413
0.835835 0.814933
0.828294 0.823209
0.82808 0.812332
0.83696 0.839589
0.882049 0.873727
0.859164 0.85833
0.857976 0.855968
0.854189 0.844451
0.867237 0.879326
0.82096 0.804978
0.812098 0.810357
0.844027 0.846282
0.855463 0.877353
0.865364 0.838792
0.825068 0.813537
0.837418 0.85542
0.836503 0.819473
0.843525 0.844847
0.840103 0.844401
0.844516 0.843592
0.833256 0.837156
0.824119 0.821212
0.833442 0.84539
0.828824 0.840661
0.855523 0.876259
0.856408 0.857944
0.848097 0.835725
0.827025 0.843904
0.851769 0.863742
0.84892 0.856014
0.87615 0.875061
0.873961 0.856151
0.88408 0.87844
0.871395 0.890688
0.854486 0.865205
0.834786 0.828236
0.822901 0.81647
0.833206 0.8244
0.820386 0.838253
0.853487 0.863494
0.827398 0.842442
0.815877 0.819106
0.830106 0.839762
0.884938 0.876533
0.875845 0.878013
0.810663 0.833554
0.882565 0.86713
0.841926 0.872838
0.838459 0.829641
0.80741 0.794506
0.770419 0.769804
0.782871 0.794844
0.824656 0.828296
0.804707 0.802187
0.800017 0.797465
0.776291 0.795944
0.794641 0.811437
0.748685 0.805758
0.841554 0.820845
0.836137 0.842959
0.845572 0.831263
0.809413 0.838368
0.785886 0.786242
0.842469 0.826714
0.832261 0.844043
0.826754 0.853466
0.845979 0.867819
0.861723 0.84486
0.85686 0.870243
0.830751 0.850358
0.839547 0.840687
0.854582 0.838686
0.880709 0.871663
0.900232 0.885918
0.859566 0.872123
0.85201 0.865834
0.838372 0.884622
0.815854 0.832353
0.811905 0.829192
0.825881 0.836749
0.860861 0.859854
0.84903 0.830791
0.857389 0.858982
0.857898 0.856801
0.871827 0.87661
0.855833 0.856425
0.860093 0.884833
0.834397 0.849806
0.832116 0.815256
0.853964 0.85431
0.833994 0.831906
0.815994 0.828373
0.803253 0.819369
0.864674 0.860203
0.841933 0.853254
0.884122 0.862886
0.883589 0.877419
0.855459 0.8287
0.871646 0.859801
0.865144 0.854977
0.853179 0.84531
0.869805 0.869944
0.875543 0.879404
0.888551 0.886492
0.858821 0.874075
0.881714 0.887491
0.886109 0.867268
0.816759 0.835487
0.856654 0.852687
0.873977 0.873129
0.848643 0.855765
0.852063 0.834103
0.843506 0.811823
0.818094 0.820428
0.813548 0.822297
0.830232 0.853305
0.844456 0.828904
0.822496 0.80725
0.84413 0.827324
0.855188 0.821828
0.839627 0.82566
0.846291 0.841798
0.86283 0.844739
0.864668 0.874914
0.828391 0.830787
0.807077 0.80225
0.820804 0.837093
0.862101 0.838527
0.805455 0.830979
0.814701 0.820403
0.838586 0.872106
0.811946 0.846166
0.851838 0.856461
0.846647 0.851118
0.847408 0.834663
0.847106 0.860892
0.858589 0.851371
0.822377 0.814224
0.819574 0.810394
0.845608 0.835981
0.84934 0.829732
0.848198 0.840591
0.845479 0.846431
0.760856 0.78955
0.787212 0.791007
0.818312 0.830192
0.805718 0.831499
0.821675 0.819596
0.823247 0.809519
0.79478 0.785421
0.836523 0.830111
0.821668 0.818035
0.842978 0.83958
0.829024 0.852059
0.83027 0.85003
0.848298 0.836685
0.825903 0.85366
0.844311 0.859672
0.865558 0.852395
0.837722 0.867318
0.843566 0.826101
0.794704 0.819784
0.83226 0.821162
0.874012 0.877174
0.837702 0.84506
0.811919 0.83879
0.819136 0.830619
0.82374 0.838353
0.824522 0.821508
0.847585 0.821881
0.765059 0.760633
0.834864 0.835755
0.842481 0.817981
0.82374 0.827459
0.840782 0.8351
0.862329 0.880511
0.835043 0.819626
0.845815 0.856107
0.871059 0.848815
0.859735 0.881863
0.890666 0.883547
0.87283 0.8821
0.85292 0.852697
0.874962 0.867896
0.862912 0.850715
0.850744 0.876652
0.866611 0.832014
0.875494 0.850972
0.845732 0.828892
0.831055 0.832465
0.813938 0.797269
0.780726 0.787791
0.815189 0.811705
0.838865 0.846022
0.855428 0.850099
0.797965 0.803781
0.778414 0.78093
0.83293 0.823155
0.843733 0.833886
0.792212 0.788114
0.847079 0.837832
0.850831 0.843628
0.847476 0.851276
0.869781 0.875885
0.845122 0.859755
0.878869 0.858036
0.873381 0.869507
0.886827 0.878227
0.879593 0.85971
0.85512 0.853308
0.872091 0.864508
0.89311 0.888422
0.820715 0.836917
0.845885 0.819787
0.855509 0.857928
0.828302 0.800842
0.859326 0.831347
0.835167 0.847717
0.858233 0.850862
0.876891 0.862734
0.882871 0.88832
0.850383 0.861995
0.844156 0.844353
0.851754 0.858025
0.806507 0.819141
0.852114 0.855338
0.848083 0.83704
0.865215 0.819783
0.833807 0.795243
0.840762 0.834774
0.820743 0.791114
0.825901 0.794279
0.841574 0.839476
0.820494 0.811515
0.836008 0.841158
0.876185 0.884919
0.850616 0.851209
0.859999 0.83614
0.828442 0.832086
0.816446 0.843045
0.842092 0.848498
0.845882 0.853742
0.85385 0.843172
0.838103 0.808513
0.848058 0.851027
0.807133 0.798184
0.820937 0.797857
0.832189 0.842292
0.79915 0.810063
0.851865 0.846508
0.84175 0.869125
0.847125 0.825368
0.831016 0.826408
0.815523 0.8204
0.815014 0.82684
0.846564 0.840258
0.785256 0.792736
0.844093 0.84131
0.865302 0.867809
0.888511 0.900179
0.881743 0.90288
0.823318 0.837434
0.839884 0.818398
0.832879 0.831938
0.867318 0.850696
0.876178 0.862427
0.856073 0.848843
0.88257 0.879607
0.844114 0.847424
0.832162 0.826074
0.795916 0.805909
0.855147 0.850487
0.866881 0.868005
0.847547 0.817042
0.843099 0.841116
0.843594 0.825358
0.82911 0.821886
0.819949 0.827262
0.838461 0.843301
0.855602 0.862331
0.825864 0.823533
0.875754 0.846254
0.885032 0.875068
0.846028 0.837408
0.86582 0.852287
0.863235 0.857182
0.882869 0.89559
0.881885 0.879745
0.819991 0.820729
0.794102 0.824759
0.837982 0.811218
0.825933 0.854555
0.883866 0.885669
0.844561 0.867568
0.908718 0.877742
0.850959 0.853821
0.828085 0.851812
0.843166 0.858864
0.866786 0.867933
0.872954 0.879984
0.856826 0.868023
0.844422 0.868997
0.857613 0.852891
0.864528 0.863065
0.853131 0.838786
0.809098 0.800565
0.834952 0.859808
0.847338 0.855619
0.836811 0.844851
0.84702 0.837878
0.879303 0.846307
0.849759 0.855016
0.860855 0.849378
0.841222 0.825157
0.828496 0.757345
0.841739 0.816984
0.87124 0.863651
0.848458 0.839295
0.836019 0.849777
0.850113 0.845332
0.835393 0.827921
0.837155 0.809889
0.857672 0.844159
0.891519 0.871684
0.869938 0.879728
0.820151 0.819256
0.830007 0.846644
0.868507 0.859525
0.849918 0.834437
0.86992 0.859777
0.836034 0.849254
0.856599 0.8225
0.800782 0.813511
0.84161 0.813797
0.835161 0.8513
0.850094 0.857127
0.842411 0.8512
0.87322 0.869555
0.872076 0.840847
0.860872 0.849806
0.810557 0.833641
0.852712 0.846656
0.851147 0.874518
0.860279 0.86225
0.843823 0.829746
0.841582 0.821364
0.861217 0.850981
0.79881 0.8133
0.855325 0.86896
0.860188 0.854745
0.859443 0.870634
0.8564 0.842939
0.855881 0.846273
0.855083 0.865363
0.818399 0.795309
0.792669 0.804312
0.802751 0.833366
0.845971 0.842
0.830642 0.813949
0.837876 0.823353
0.822809 0.81098
0.835435 0.848323
0.80781 0.809437
0.804212 0.820556
0.856092 0.856116
0.825306 0.8338
0.859736 0.85077
0.855954 0.831636
0.856756 0.847599
0.823941 0.827672
0.84771 0.820886
0.816592 0.811289
0.822483 0.843616
0.851249 0.85451
0.835346 0.82093
0.860776 0.860292
0.857644 0.849554
0.871089 0.869933
0.857254 0.864411
0.83386 0.815822
0.84851 0.851006
0.826932 0.830523
0.876513 0.836628
0.845786 0.847294
0.815996 0.808058
0.860465 0.827203
0.845935 0.840975
0.838306 0.842926
0.838946 0.86284
0.85883 0.862527
0.867597 0.865596
0.868301 0.855365
0.855503 0.847284
0.847822 0.86777
0.852675 0.869471
0.850414 0.85122
0.871249 0.867009
0.850391 0.871567
0.861764 0.855803
0.870581 0.870605
0.838012 0.840435
0.848924 0.869082
0.860055 0.879776
0.851275 0.856192
0.853331 0.876862
0.829036 0.820912
0.849816 0.836762
0.819445 0.822404
0.842977 0.85062
0.83515 0.839816
0.813694 0.794782
0.813795 0.789038
0.869181 0.827025
0.830255 0.814598
0.843236 0.85433
0.880901 0.875375
0.805378 0.838207
0.854907 0.854698
0.850602 0.862308
0.858078 0.86628
0.867114 0.837194
0.829048 0.852424
0.826823 0.822178
0.854482 0.836955
0.846131 0.825843
0.868481 0.843704
0.854872 0.863123
0.849835 0.820687
0.85398 0.820545
0.851876 0.830795
0.854626 0.840531
0.831584 0.835771
0.797102 0.794868
0.801422 0.802703
0.808931 0.83225
0.857141 0.843231
0.844965 0.849201
0.806438 0.835602
0.84263 0.834304
0.84116 0.806915
0.820152 0.810832
0.842527 0.827788
0.855671 0.849309
0.843836 0.842514
0.832949 0.843686
0.861208 0.862876
0.862245 0.85363
0.84069 0.849148
0.84035 0.837652
0.832003 0.839473
0.848627 0.830402
0.838106 0.846402
0.833308 0.843609
0.852004 0.847755
0.82244 0.826637
0.82677 0.823349
0.841891 0.858415
0.825478 0.812111
0.846805 0.860033
0.828864 0.851222
0.823243 0.847722
0.803344 0.799837
0.823539 0.821719
0.852191 0.835963
0.817702 0.821358
0.868302 0.855312
0.867924 0.851789
0.853309 0.870936
0.841377 0.844989
0.861005 0.859171
0.869195 0.845919
0.83807 0.78795
0.815157 0.792339
0.818932 0.799293
0.799187 0.782264
0.775371 0.794301
0.756244 0.785436
0.776012 0.772628
0.767161 0.765135
0.805416 0.781607
0.799491 0.795351
0.773128 0.750457
0.810993 0.777322
0.84538 0.811458
0.803566 0.772045
0.845347 0.843119
0.834235 0.847175
0.845922 0.87585
0.851674 0.845767
0.863359 0.85886
0.841954 0.840393
0.823989 0.815667
0.833526 0.827322
0.8539 0.856106
0.888783 0.896376
0.858793 0.860068
0.816492 0.823427
0.792063 0.787846
0.810188 0.809357
0.793213 0.783046
0.818442 0.822031
0.768885 0.789523
0.730957 0.743826
0.744992 0.712244
0.759595 0.775792
0.824293 0.83258
0.883742 0.84594
0.816882 0.810706
0.85879 0.841645
0.850969 0.86243
0.86073 0.872279
0.875239 0.878281
0.836011 0.862543
0.865563 0.871454
0.849765 0.837373
0.85721 0.866539
0.846241 0.836451
0.825041 0.843885
0.847389 0.850814
0.864618 0.864592
0.849664 0.822836
0.860558 0.859926
0.871598 0.858402
0.825823 0.830023
0.819023 0.826556
0.80351 0.813331
0.80779 0.800044
0.819724 0.811084
0.820454 0.837514
0.817175 0.809787
0.856193 0.845366
0.811467 0.803653
0.842936 0.838453
0.867591 0.860101
0.883821 0.878072
0.856754 0.845313
0.879274 0.875702
0.864664 0.871172
0.87125 0.853265
0.809862 0.852857
0.847189 0.845927
0.841637 0.844921
0.826255 0.807281
0.80908 0.792159
0.805938 0.801749
0.844047 0.806316
0.857743 0.845023
0.846318 0.859566
0.844528 0.831338
0.819396 0.850687
0.837836 0.810869
0.840776 0.824013
0.761782 0.771171
0.84661 0.865687
0.83283 0.829976
0.834379 0.845693
0.868684 0.836377
0.836121 0.865255
0.859554 0.857605
0.816839 0.822464
0.808046 0.798171
0.793311 0.808784
0.838582 0.840008
0.857502 0.889919
0.852439 0.864062
0.847007 0.856932
0.837171 0.822354
0.87078 0.864305
0.865902 0.850317
0.858484 0.832356
0.83268 0.824305
0.861633 0.857675
0.859502 0.85923
0.83339 0.815957
0.796242 0.807594
0.80571 0.837656
0.808088 0.844411
0.804918 0.829386
0.818894 0.840479
0.829664 0.800421
0.79058 0.778573
0.825405 0.75945
0.866804 0.829186
0.828592 0.789963
0.841886 0.845959
0.843918 0.855195
0.813361 0.777234
0.849837 0.845454
0.823736 0.824542
0.816722 0.84682
0.837766 0.831002
0.877096 0.860603
0.849953 0.853633
0.886048 0.879438
0.834962 0.830654
0.802599 0.838339
0.848733 0.858756
0.853729 0.856527
0.805295 0.788355
0.807174 0.841834
0.834931 0.842829
0.845873 0.832739
0.843811 0.839686
0.818725 0.811043
0.830615 0.838962
0.847071 0.833219
0.83022 0.804611
0.868206 0.844815
0.829723 0.831632
0.829629 0.852377
0.817595 0.78921
0.845873 0.848244
0.854464 0.847974
0.854212 0.874718
0.875088 0.86804
0.877268 0.84467
0.835246 0.836342
0.839846 0.85001
0.849032 0.876427
0.851063 0.865242
0.869445 0.867186
0.840075 0.8267
0.838516 0.841499
0.872312 0.863773
0.894574 0.894396
0.850049 0.874483
0.845826 0.833976
0.842691 0.846157
0.821718 0.832103
0.81683 0.804619
0.828811 0.791973
0.804543 0.793105
0.845649 0.840877
0.851063 0.84342
0.833258 0.846405
0.838527 0.844639
0.852673 0.877838
0.84136 0.862406
0.837392 0.844764
0.887031 0.878228
0.865512 0.862993
0.863275 0.8755
0.886408 0.865184
0.842228 0.833418
0.849522 0.842444
0.847884 0.854359
0.852563 0.852817
0.842908 0.852856
0.821202 0.84661
0.84162 0.864901
0.868322 0.867769
0.847549 0.84392
0.855132 0.85508
0.855561 0.825446
0.827867 0.836228
0.853646 0.851657
0.816449 0.823907
0.84893 0.84981
0.86431 0.866208
0.845745 0.840411
0.876766 0.864488
0.86307 0.864046
0.854153 0.847041
0.858721 0.840601
0.834276 0.839348
0.825584 0.814807
0.810206 0.803323
0.823738 0.831331
0.830789 0.821806
0.819927 0.804371
0.822455 0.819326
0.835863 0.831564
0.863433 0.848713
0.866328 0.883842
0.862044 0.846102
0.869578 0.884737
0.850944 0.851915
0.829033 0.843408
0.837495 0.845107
0.859785 0.84509
0.876302 0.884304
0.857779 0.869158
0.87809 0.865997
0.859097 0.869455
0.871789 0.874448
0.844581 0.848957
0.830885 0.792525
0.789658 0.789912
0.841444 0.843776
0.867511 0.843536
0.857115 0.85264
0.869991 0.865103
0.862001 0.857263
0.835738 0.814015
0.856035 0.825223
0.853195 0.840921
0.837647 0.810527
0.832128 0.851382
0.807019 0.80166
0.822722 0.830119
0.848587 0.853277
0.833088 0.826742
0.846267 0.848704
0.854967 0.861666
0.900169 0.887044
0.842333 0.834866
0.813626 0.845564
0.84195 0.839477
0.832646 0.846054
0.828591 0.842701
0.856685 0.837722
0.825153 0.795023
0.799289 0.837842
0.834656 0.810042
0.854037 0.85122
0.874565 0.871574
0.842023 0.825888
0.80914 0.798661
0.786376 0.799316
0.805128 0.815669
0.80054 0.799322
0.798304 0.807225
0.812104 0.803154
0.827789 0.850494
0.829266 0.833141
0.798357 0.831102
0.861661 0.843872
0.837829 0.839592
0.869411 0.851921
0.842388 0.822863
0.868286 0.878559
0.840703 0.836843
0.855833 0.865839
0.837399 0.845197
0.846032 0.850296
0.883586 0.866668
0.854648 0.862295
0.83545 0.83369
0.837412 0.833747
0.830887 0.827115
0.845021 0.818231
0.853145 0.857717
0.856778 0.86227
0.839505 0.86817
0.822194 0.850721
0.861568 0.855314
0.84695 0.853619
0.862738 0.84865
0.801989 0.817913
0.829666 0.838201
0.805411 0.812499
0.830449 0.808606
0.864276 0.846504
0.861047 0.859904
0.863103 0.854928
0.854354 0.858121
0.842037 0.834511
0.874447 0.869801
0.836166 0.837372
0.829051 0.79869
0.819341 0.804898
0.841255 0.848249
0.868057 0.8487
0.854622 0.872005
0.82543 0.815861
0.812633 0.806373
0.834836 0.823677
0.829124 0.832207
0.828662 0.837976
0.860938 0.869699
0.841979 0.860764
0.879648 0.867063
0.83804 0.825116
0.795076 0.782761
0.799769 0.781143
0.808991 0.779597
0.772466 0.774466
0.780124 0.792309
0.816384 0.817559
0.833916 0.832976
0.825514 0.817778
0.843465 0.851836
0.843163 0.820846
0.789936 0.784769
0.826046 0.825344
0.813772 0.839875
0.857757 0.85531
0.853236 0.851114
0.862209 0.835795
0.826555 0.828557
0.873384 0.88005
0.882551 0.849686
0.841681 0.836462
0.849544 0.86255
0.86416 0.848187
0.854667 0.85188
0.812296 0.834022
0.79832 0.78685
0.837158 0.851493
0.842796 0.817624
0.828261 0.843454
0.828177 0.830012
0.841651 0.834433
0.814279 0.827159
0.845866 0.845014
0.85157 0.832035
0.863366 0.852321
0.836508 0.848606
0.846745 0.865607
0.857607 0.841352
0.850123 0.834002
0.838786 0.830352
0.83288 0.847678
0.827298 0.81985
0.84197 0.834507
0.820576 0.812432
0.796559 0.816897
0.811608 0.797559
0.784694 0.789647
0.818673 0.830923
0.815626 0.830485
0.759268 0.737356
0.848751 0.844707
0.8184 0.830622
0.80463 0.813617
0.840992 0.8357
0.858606 0.854081
0.839048 0.841234
0.863731 0.846142
0.852593 0.853024
0.874693 0.855606
0.872999 0.872409
0.825218 0.830862
0.88189 0.886855
0.84225 0.829384
0.851108 0.856541
0.856437 0.843171
0.845644 0.847151
0.852986 0.862914
0.869385 0.854356
0.853042 0.866134
0.823663 0.84472
0.838986 0.848004
0.839005 0.832329
0.846386 0.840922
0.863166 0.866786
0.822389 0.825772
0.81363 0.826469
0.78066 0.762165
0.810273 0.810498
0.798953 0.847687
0.80852 0.836462
0.833136 0.830202
0.834161 0.833289
0.853722 0.836805
0.842236 0.83532
0.807954 0.791985
0.819791 0.785674
0.805042 0.802797
0.809611 0.826417
0.812919 0.818744
0.801967 0.834821
0.863976 0.822163
0.832221 0.823445
0.859295 0.857055
0.849092 0.836978
0.838281 0.83829
0.788243 0.81682
0.813424 0.816194
0.786613 0.786574
0.744991 0.760856
0.816973 0.833128
0.865545 0.867104
0.845699 0.837633
0.822379 0.829921
0.815012 0.8239
0.851613 0.836807
0.814967 0.822796
0.799362 0.794029
0.860235 0.855221
0.869835 0.880641
0.856383 0.819536
0.849061 0.833361
0.814276 0.846761
0.808098 0.816234
0.8478 0.835101
0.856208 0.83603
0.86346 0.856603
0.868994 0.859733
0.847594 0.85247
0.832229 0.842574
0.85348 0.865799
0.836942 0.835924
0.841543 0.835135
0.844215 0.813901
0.807103 0.809376
0.759362 0.758319
0.756128 0.7923
0.772468 0.811644
0.787982 0.806465
0.814582 0.829561
0.833482 0.806894
0.865102 0.841027
0.848048 0.822195
0.826857 0.84439
0.841319 0.80505
0.807744 0.849026
0.833744 0.825377
0.812064 0.80808
0.841707 0.836946
0.820362 0.840388
0.785973 0.758619
0.840173 0.832939
0.870449 0.873069
0.874334 0.85301
0.860184 0.846526
0.862723 0.861945
0.883164 0.88364
0.861895 0.884128
0.858576 0.870393
0.87394 0.859648
0.834553 0.806852
0.830626 0.852161
0.848673 0.841721
0.845489 0.85376
0.866553 0.865722
0.852199 0.843439
0.832501 0.836341
0.864399 0.843619
0.858431 0.863398
0.868074 0.876504
0.859937 0.863249
0.877199 0.860139
0.873902 0.844474
0.872928 0.851118
0.843428 0.832605
0.865859 0.827992
0.843128 0.841241
0.843086 0.863777
0.856811 0.845075
0.823499 0.827727
0.820231 0.837357
0.820023 0.84288
0.851798 0.846808
0.838813 0.851548
0.815913 0.787626
0.825716 0.816128
0.842748 0.824627
0.870505 0.828223
0.845986 0.843172
0.859851 0.862794
0.83739 0.810515
0.827763 0.817827
0.874757 0.880806
0.874009 0.865703
0.856975 0.867414
0.851498 0.829272
0.798255 0.826426
0.848049 0.834546
0.802148 0.816092
0.845253 0.846814
0.838802 0.845676
0.853177 0.877568
0.866445 0.898687
0.85349 0.860662
0.815438 0.847507
0.808307 0.808529
0.804071 0.815425
0.833418 0.810568
0.840671 0.866793
0.849906 0.858016
0.848124 0.833098
0.848851 0.841812
0.840066 0.8307
0.846068 0.852693
0.879889 0.879832
0.839811 0.850384
0.867514 0.866158
0.865019 0.872555
0.841515 0.841504
0.85143 0.88055
0.846832 0.862359
0.836984 0.825545
0.884487 0.863062
0.849376 0.845045
0.860296 0.859815
0.882096 0.884402
0.853029 0.854962
0.864814 0.86691
0.901118 0.898067
0.880852 0.874948
0.822814 0.86699
0.837206 0.853091
0.813744 0.807409
0.784513 0.818372
0.805086 0.795311
0.831805 0.832402
0.867223 0.860735
0.862318 0.830978
0.82997 0.819045
0.839675 0.84001
0.826808 0.830544
0.859701 0.856099
0.876442 0.881684
0.852683 0.868691
0.856202 0.814652
0.850035 0.838853
0.81125 0.810515
0.829762 0.839791
0.825297 0.82919
0.784233 0.808336
0.824855 0.831762
0.805854 0.819109
0.824841 0.81843
0.84586 0.838924
0.814745 0.806896
0.829986 0.786619
0.839617 0.851556
0.859602 0.858333
0.885684 0.884283
0.86178 0.88009
0.824747 0.815441
0.855074 0.862987
0.854658 0.862398
0.833835 0.835238
0.838846 0.828912
0.819888 0.828219
0.845089 0.837595
0.862751 0.850421
0.843783 0.858613
0.869016 0.86305
0.85482 0.848666
0.855481 0.872057
0.857549 0.854671
0.855324 0.83009
0.842348 0.825251
0.830538 0.828706
0.84138 0.844346
0.852492 0.85587
0.838393 0.838935
0.829094 0.822324
0.829763 0.850548
0.820806 0.830468
0.80795 0.803136
0.818979 0.820256
0.809045 0.817908
0.859435 0.868737
0.801872 0.812818
0.819008 0.826488
0.846241 0.852717
0.837938 0.826965
0.808876 0.823077
0.795451 0.786544
0.829215 0.840066
0.80196 0.819869
0.785092 0.791831
0.829231 0.827763
0.795301 0.778729
0.80052 0.797775
0.849414 0.838161
0.823627 0.833592
0.864072 0.856254
0.872265 0.862662
0.822895 0.83073
0.872845 0.858826
0.837316 0.801091
0.851415 0.860517
0.834928 0.853658
0.846928 0.835613
0.812271 0.834312
0.865321 0.881305
0.857027 0.861079
0.87425 0.872798
0.86089 0.841208
0.837346 0.847211
0.826878 0.882771
0.829696 0.836009
0.821154 0.834473
0.857533 0.857964
0.842465 0.851418
0.860588 0.845602
0.825801 0.82015
0.853898 0.838555
0.852697 0.850435
0.806336 0.82071
0.792525 0.798574
0.848202 0.855085
0.83631 0.848866
0.846682 0.847743
0.820251 0.800874
0.82386 0.817575
0.828145 0.849213
0.805417 0.806754
0.822655 0.801811
0.806949 0.836239
0.792775 0.844086
0.796087 0.840498
0.848448 0.839422
0.827681 0.84826
0.824519 0.841864
0.870071 0.866023
0.857636 0.869718
0.822934 0.848304
0.810718 0.80431
0.775254 0.810929
0.858643 0.875367
0.870533 0.871982
0.836304 0.838662
0.847276 0.840883
0.833455 0.808657
0.823815 0.835401
0.818971 0.809943
0.806452 0.795017
0.819056 0.838102
0.837794 0.833944
0.86337 0.853019
0.842829 0.831451
0.862919 0.868508
0.827892 0.843192
0.804654 0.81828
0.878092 0.870223
0.866893 0.883546
0.843518 0.855442
0.806044 0.821495
0.801489 0.806998
0.802217 0.818377
0.818345 0.812008
0.841371 0.81935
0.828539 0.822083
0.805016 0.795336
0.828065 0.816209
0.800745 0.80796
0.830546 0.829552
0.853937 0.834701
0.857389 0.808906
0.852528 0.859942
0.86008 0.855878
0.863383 0.887988
0.841862 0.837977
0.836798 0.846332
0.838842 0.833732
0.869581 0.859772
0.836396 0.825836
0.806992 0.836483
0.83042 0.813682
0.809754 0.815045
0.853653 0.849362
0.850601 0.848846
0.860746 0.848697
0.857419 0.858892
0.856503 0.868231
0.841838 0.850283
0.856044 0.855656
0.827077 0.813337
0.837112 0.829089
0.799178 0.811309
0.833026 0.846069
0.798555 0.818882
0.847705 0.847538
0.877129 0.856292
0.861082 0.873604
0.887643 0.867305
0.868457 0.869713
0.856258 0.856587
0.849275 0.828856
0.821912 0.829871
0.84984 0.870968
0.859404 0.865614
0.873402 0.857302
0.875321 0.85309
0.880272 0.884414
0.86395 0.853943
0.853678 0.844069
0.883652 0.868168
0.851644 0.85519
0.857565 0.839296
0.880664 0.854385
0.842054 0.825097
0.844161 0.841798
0.859531 0.869352
0.842552 0.822585
0.848059 0.838873
0.829853 0.837035
0.852875 0.860945
0.852408 0.815096
0.837202 0.857002
0.880974 0.874223
0.846467 0.835018
0.837187 0.843078
0.84295 0.856228
0.832708 0.840391
0.800528 0.820249
0.842613 0.830376
0.851697 0.865428
0.818822 0.8174
0.828777 0.813883
0.797856 0.825625
0.79981 0.79763
0.838485 0.84229
0.818802 0.815636
0.835957 0.847381
0.774682 0.772346
0.749931 0.747045
0.783007 0.764335
0.81126 0.792981
0.830212 0.815411
0.778768 0.777572
0.793627 0.761681
0.795533 0.805558
0.829378 0.810687
0.866462 0.864505
0.857959 0.851196
0.821145 0.812848
0.856598 0.844799
0.826745 0.831435
0.860123 0.871789
0.86704 0.857339
0.830827 0.793806
0.817433 0.831723
0.822036 0.800077
0.821596 0.824973
0.807901 0.798504
0.837167 0.853863
0.81731 0.812671
0.843147 0.816945
0.827993 0.820953
0.796081 0.81662
0.843612 0.82624
0.824719 0.809234
0.841022 0.848039
0.84568 0.844727
0.885332 0.87762
0.840644 0.840255
0.87378 0.838029
0.84124 0.832088
0.839241 0.855157
0.818894 0.802155
0.849167 0.826656
0.830852 0.821243
0.843464 0.830038
0.751594 0.765425
0.813331 0.81636
0.797819 0.796228
0.820284 0.792623
0.80225 0.813887
0.829045 0.839175
0.834653 0.839872
0.869179 0.864564
0.861862 0.860809
0.831207 0.840493
0.791196 0.801273
0.814574 0.800806
0.857693 0.851995
0.846668 0.846979
0.866093 0.869377
0.885224 0.884124
0.86138 0.874224
0.842453 0.855243
0.819881 0.813641
0.836203 0.852379
0.825885 0.849509
0.836279 0.865363
0.851752 0.838654
0.880435 0.861759
0.841474 0.850426
0.855984 0.849068
0.840452 0.846376
0.87348 0.870215
0.828464 0.81169
0.879229 0.849993
0.849354 0.845265
0.864515 0.891112
0.836258 0.843365
0.860768 0.854063
0.859684 0.865924
0.872142 0.857566
0.854586 0.864871
0.871143 0.861529
0.867466 0.864743
0.859186 0.8602
0.848297 0.813008
0.878223 0.83864
0.847797 0.827304
0.829233 0.838391
0.826682 0.834087
0.839936 0.848846
0.817723 0.83938
0.86488 0.854648
0.844281 0.830018
0.797443 0.782688
0.805104 0.802714
0.770474 0.788715
0.77442 0.775849
0.819228 0.812412
0.844805 0.832942
0.838658 0.84964
0.819328 0.810153
0.79485 0.793105
0.799894 0.818823
0.849394 0.86573
0.865792 0.868567
0.819347 0.833759
0.873508 0.854657
0.862678 0.875349
0.862332 0.870541
0.856769 0.847155
0.819328 0.84931
0.848478 0.847326
0.810741 0.83032
0.829182 0.837578
0.844787 0.855553
0.840345 0.84208
0.801944 0.826834
0.851752 0.852085
0.830734 0.85999
0.840838 0.832873
0.862596 0.875843
0.873145 0.894187
0.886835 0.876824
0.846443 0.852164
0.846655 0.856618
0.833518 0.868018
0.857185 0.85636
0.846347 0.839329
0.831062 0.858019
0.866091 0.852093
0.803826 0.807061
0.790365 0.812764
0.808495 0.808996
0.860278 0.848905
0.805574 0.835594
0.828489 0.863911
0.813097 0.816128
0.843499 0.826989
0.827617 0.816386
0.785997 0.794981
0.819976 0.829992
0.814995 0.832256
0.823332 0.834776
0.829869 0.833036
0.829781 0.822651
0.785967 0.790217
0.80391 0.81412
0.842075 0.831335
0.824467 0.817051
0.850422 0.849465
0.83874 0.865772
0.815481 0.815069
0.815469 0.848105
0.803105 0.830483
0.804009 0.793013
0.774091 0.772327
0.756595 0.783544
0.787329 0.818375
0.779568 0.791344
0.806084 0.839192
0.814621 0.823647
0.800082 0.813953
0.834407 0.82229
0.821371 0.844105
0.846562 0.852971
0.85654 0.856715
0.837045 0.806188
0.790844 0.801444
0.841874 0.860239
0.862344 0.859053
0.844831 0.845039
0.848678 0.869846
0.816956 0.847075
0.835573 0.851863
0.866937 0.880736
0.869893 0.869098
0.838742 0.837975
0.805104 0.803827
0.80961 0.803203
0.827917 0.838327
0.823305 0.810543
0.84858 0.860966
0.860999 0.854368
0.82324 0.805448
0.83702 0.829293
0.814116 0.810944
0.826521 0.818072
0.833432 0.844808
0.858292 0.864577
0.818558 0.82878
0.860189 0.852405
0.840383 0.841206
0.829415 0.835443
0.813239 0.844667
0.840296 0.832866
0.819265 0.789794
0.826083 0.815184
0.838395 0.818268
0.792248 0.816359
0.831046 0.828926
0.785582 0.800633
0.833917 0.826715
0.815313 0.841176
0.84626 0.851844
0.856811 0.85851
0.84582 0.84663
0.8336 0.842674
0.815678 0.826831
0.836513 0.804884
0.828825 0.796586
0.821694 0.794898
0.806043 0.82963
0.848747 0.861228
0.841874 0.839336
0.849605 0.851612
0.842596 0.832974
0.839004 0.847558
0.846784 0.854637
0.847594 0.829138
0.83399 0.831452
0.828785 0.81183
0.843192 0.8474
0.86764 0.848725
0.830832 0.83135
0.861652 0.876902
0.861532 0.85469
0.879396 0.864575
0.876375 0.881608
0.882627 0.86226
0.827071 0.835248
0.856036 0.849927
0.823954 0.826968
0.855172 0.849845
0.852105 0.852079
0.83618 0.817617
0.812791 0.807165
0.844003 0.832408
0.876848 0.853287
0.871955 0.874073
0.864936 0.832535
0.84087 0.856601
0.844758 0.842854
0.891927 0.883743
0.863532 0.853031
0.865498 0.85528
0.87161 0.871759
0.80906 0.832769
0.820623 0.821199
0.856046 0.879516
0.860691 0.84694
0.805543 0.819654
0.843768 0.859733
0.858004 0.860643
0.812246 0.818307
0.830567 0.797955
0.822657 0.813627
0.823266 0.819079
0.834064 0.82015
0.800968 0.822584
0.850419 0.816598
0.837164 0.830343
0.873286 0.859105
0.848781 0.850335
0.834477 0.806538
0.819121 0.811921
0.835653 0.834198
0.828449 0.824851
0.795077 0.793844
0.827954 0.832346
0.820803 0.821141
0.812153 0.811769
0.853244 0.843418
0.86405 0.856716
0.893798 0.875999
0.836949 0.863627
0.860557 0.844722
0.852447 0.877396
0.873236 0.896161
0.85004 0.86671
0.854253 0.846273
0.875942 0.876522
0.854075 0.873788
0.852706 0.861069
0.841653 0.831075
0.805271 0.817233
0.885421 0.877671
0.869116 0.87614
0.865126 0.874307
0.849241 0.851769
0.889403 0.879132
0.862989 0.866149
0.852753 0.850377
0.82448 0.8236
0.872265 0.835643
0.794813 0.800089
0.85878 0.838835
0.846037 0.812487
0.830837 0.851449
0.822371 0.846317
0.846969 0.852809
0.832264 0.845898
0.814705 0.793354
0.820693 0.802356
0.833636 0.825767
0.843579 0.822075
0.825052 0.82993
0.834828 0.842093
0.863165 0.861505
0.850795 0.857907
0.818012 0.790593
0.803536 0.801127
0.851669 0.841966
0.83872 0.824092
0.87838 0.879638
0.863912 0.867989
0.838324 0.870369
0.857066 0.85284
0.859896 0.863915
0.846084 0.828881
0.839481 0.831234
0.821305 0.826558
0.842599 0.850053
0.847871 0.856896
0.840547 0.851367
0.836488 0.821901
0.867081 0.847631
0.84705 0.841361
0.855441 0.858389
0.863771 0.854546
0.834669 0.852746
0.860476 0.871356
0.845405 0.872025
0.856995 0.864065
0.822774 0.836871
0.869044 0.881865
0.855226 0.868766
0.82204 0.835333
0.843071 0.848429
0.846959 0.859187
0.825553 0.831394
0.832556 0.830498
0.85205 0.871281
0.838373 0.816712
0.846913 0.843668
0.854124 0.850604
0.805351 0.819561
0.855666 0.851203
0.837273 0.857661
0.85101 0.834992
0.833992 0.826072
0.872556 0.868911
0.894934 0.882993
0.825451 0.851157
0.842332 0.848817
0.835092 0.865768
0.876164 0.88738
0.857842 0.845522
0.832269 0.848897
0.851177 0.840983
0.836549 0.852643
0.828865 0.836569
0.82986 0.81509
0.829278 0.830177
0.853805 0.840977
0.836897 0.804812
0.794478 0.794464
0.790139 0.798264
0.792437 0.806871
0.852954 0.857289
0.840908 0.850547
0.839117 0.831672
0.849682 0.873435
0.867246 0.867236
0.874905 0.849825
0.849902 0.825898
0.857884 0.86695
0.840461 0.874829
0.783881 0.816191
0.818566 0.843138
0.84672 0.833941
0.841384 0.876352
0.847555 0.833904
0.822976 0.839716
0.86138 0.846526
0.835393 0.863675
0.8285 0.808612
0.82686 0.823994
0.756898 0.784775
0.815572 0.828685
0.878919 0.873596
0.855655 0.857907
0.830784 0.833108
0.857762 0.860919
0.855533 0.837252
0.84369 0.831895
0.810149 0.806585
0.807834 0.823702
0.845162 0.83986
0.831746 0.849109
0.828961 0.834518
0.854542 0.872721
0.827517 0.828958
0.861031 0.84535
0.853992 0.84364
0.805226 0.805203
0.808023 0.820276
0.8273 0.82462
0.87522 0.859332
0.874256 0.883154
0.880432 0.849393
0.838513 0.825662
0.824295 0.809289
0.786562 0.813794
0.825415 0.813683
0.855753 0.847682
0.846201 0.843962
0.860485 0.85042
0.879286 0.873565
0.85301 0.84359
0.836655 0.810798
0.848541 0.866352
0.845836 0.857076
0.870571 0.874569
0.864202 0.859242
0.868247 0.87523
0.871391 0.872647
0.850033 0.841547
0.841338 0.838116
0.815781 0.836168
0.832494 0.840416
0.859403 0.850428
0.826151 0.822181
0.83357 0.823956
0.864658 0.856151
0.826203 0.825419
0.763926 0.796404
0.85897 0.868278
0.856314 0.865
0.80407 0.81773
0.81696 0.792136
0.809292 0.776996
0.792946 0.769902
0.814462 0.833138
0.832176 0.830933
0.814424 0.803807
0.837768 0.854254
0.836789 0.852173
0.842101 0.821612
0.812158 0.799911
0.852408 0.857738
0.82165 0.829523
0.839179 0.85602
0.866322 0.885483
0.813957 0.809328
0.844 0.831209
0.858694 0.849736
0.827498 0.832585
0.844835 0.842883
0.815684 0.822415
0.802354 0.810569
0.834981 0.83733
0.832409 0.812684
0.802635 0.796404
0.829824 0.810368
0.854397 0.838915
0.870678 0.883201
0.872085 0.861762
0.87756 0.881827
0.841428 0.885062
0.849709 0.888945
0.853799 0.85779
0.837488 0.85971
0.851463 0.861136
0.85628 0.864181
0.855211 0.842472
0.804964 0.802903
0.807732 0.810774
0.81237 0.804457
0.823029 0.812801
0.786458 0.824358
0.827902 0.839037
0.864036 0.875954
0.849102 0.847888
0.846101 0.848806
0.877499 0.859171
0.815831 0.838385
0.828569 0.835228
0.839296 0.811074
0.844309 0.802506
0.764234 0.758271
0.804416 0.848455
0.834223 0.824301
0.821 0.83115
0.832028 0.854787
0.831196 0.851925
0.806379 0.803811
0.838942 0.842755
0.845702 0.854095
0.826545 0.810627
0.818823 0.821839
0.848459 0.849765
0.830408 0.836536
0.863506 0.873309
0.884142 0.893936
0.836301 0.836286
0.825303 0.824999
0.803418 0.819789
0.81626 0.807597
0.842619 0.854077
0.833223 0.808081
0.855255 0.85924
0.808046 0.804049
0.825274 0.818584
0.814628 0.798731
0.731835 0.746106
0.750128 0.76395
0.765361 0.766584
0.770059 0.7373
0.729755 0.726786
0.801906 0.786038
0.846676 0.826241
0.833505 0.824216
0.879738 0.850314
0.856795 0.886659
0.855362 0.854541
0.836304 0.848169
0.848406 0.857136
0.823984 0.826711
0.872384 0.849244
0.824859 0.843893
0.847426 0.850739
0.859031 0.882531
0.831624 0.858288
0.816003 0.832091
0.794766 0.831902
0.765016 0.795491
0.821606 0.86493
0.83925 0.835361
0.827587 0.845051
0.813281 0.835841
0.846542 0.837841
0.812245 0.803636
0.819724 0.802202
0.782986 0.8031
0.825693 0.837796
0.826846 0.82548
0.808233 0.834998
0.840682 0.840341
0.837568 0.842487
0.887126 0.875319
0.856586 0.845433
0.843777 0.842033
0.840424 0.852701
0.857613 0.857432
0.8324 0.871771
0.877019 0.873638
0.873457 0.871784
0.868189 0.851291
0.845622 0.870263
0.865458 0.882146
0.836617 0.842011
0.843416 0.851791
0.829502 0.817492
0.805054 0.795109
0.830383 0.841511
0.844269 0.847411
0.854165 0.83455
0.85995 0.861664
0.807161 0.78388
0.806607 0.812018
0.842776 0.845308
0.812744 0.822631
0.829344 0.839092
0.830941 0.844787
0.836079 0.84901
0.865435 0.851919
0.818254 0.825275
0.814332 0.841935
0.829273 0.833492
0.838365 0.839576
0.820128 0.796112
0.826959 0.840265
0.809635 0.794676
0.826479 0.812847
0.800516 0.797624
0.809023 0.808199
0.8275 0.840479
0.880671 0.869541
0.858366 0.857781
0.802601 0.801335
0.84905 0.827207
0.852552 0.865883
0.856423 0.861429
0.874019 0.852346
0.821173 0.839709
0.854418 0.864883
0.831006 0.843926
0.878387 0.85818
0.863253 0.861222
0.832928 0.847523
0.838509 0.852212
0.86137 0.85211
0.862832 0.872609
0.878474 0.877326
0.882983 0.88506
0.831666 0.834505
0.857923 0.864905
0.853345 0.864182
0.863944 0.883264
0.818226 0.831936
0.824545 0.831505
0.840527 0.838339
0.831025 0.824285
0.856628 0.860592
0.89326 0.897487
0.902104 0.896058
0.865332 0.86683
0.881985 0.875858
0.849146 0.846722
0.845371 0.844234
0.865615 0.866192
0.808675 0.812675
0.847787 0.841956
0.852777 0.854066
0.835311 0.829937
0.843661 0.837212
0.877589 0.859382
0.868097 0.857208
0.806508 0.810677
0.769662 0.758028
0.821819 0.826745
0.854032 0.862442
0.828616 0.834498
0.78683 0.771119
0.810771 0.7898
0.838556 0.855779
0.814838 0.795205
0.774714 0.795842
0.842313 0.839699
0.813393 0.812875
0.787451 0.799132
0.788442 0.815347
0.78548 0.816559
0.816205 0.785612
0.829469 0.816288
0.846884 0.864013
0.839064 0.820375
0.847165 0.838058
0.832861 0.83554
0.825347 0.83368
0.833083 0.847865
0.827803 0.835132
0.863805 0.872714
0.886269 0.889094
0.869128 0.851823
0.84193 0.847941
0.859053 0.832948
0.85935 0.845092
0.814017 0.853013
0.822998 0.80419
0.826403 0.834253
0.85651 0.850747
0.856561 0.829314
0.83909 0.81988
0.879935 0.85364
0.821237 0.801301
0.82692 0.813789
0.810453 0.823027
0.835678 0.854192
0.789113 0.792526
0.843351 0.856677
0.858743 0.863703
0.858449 0.834219
0.858076 0.85212
0.851943 0.842859
0.866628 0.859706
0.865259 0.84928
0.879652 0.86946
0.869725 0.856838
0.845588 0.857329
0.888719 0.886788
0.840982 0.847633
0.853603 0.845137
0.840917 0.856643
0.823437 0.817091
0.827922 0.822625
0.841892 0.832029
0.820723 0.820254
0.83431 0.800553
0.819361 0.84412
0.84158 0.850052
0.846612 0.842427
0.849814 0.854794
0.858857 0.868369
0.858609 0.823653
0.838562 0.812879
0.825041 0.841037
0.872646 0.876977
0.877476 0.874757
0.833859 0.826561
0.850305 0.836859
0.823389 0.829578
0.850746 0.831007
0.785698 0.816215
0.870837 0.862578
0.87243 0.863113
0.861041 0.856028
0.840811 0.831945
0.806392 0.834057
0.846793 0.827835
0.828329 0.82495
0.842611 0.84918
0.798472 0.797756
0.792355 0.810382
0.781817 0.785189
0.819583 0.812633
0.820199 0.818427
0.870972 0.868908
0.84297 0.861461
0.82091 0.823082
0.862283 0.855607
0.825678 0.824777
0.85186 0.862946
0.845356 0.829182
0.836828 0.824495
0.8394 0.814969
0.816091 0.827076
0.833637 0.820358
0.855919 0.871958
0.843517 0.835976
0.865591 0.857786
0.857354 0.855929
0.835153 0.844291
0.821793 0.83946
0.843399 0.844127
0.847765 0.82392
0.864778 0.853419
0.839431 0.824199
0.789857 0.777189
0.86959 0.866278
0.874727 0.869886
0.86966 0.856249
0.847647 0.864106
0.822389 0.857964
0.880069 0.885001
0.870612 0.858657
0.857928 0.863867
0.845091 0.849981
0.854469 0.865849
0.901738 0.890546
0.863591 0.862043
0.846903 0.819089
0.826991 0.822125
0.840271 0.855427
0.836635 0.827768
0.837939 0.850532
0.829941 0.824162
0.837717 0.843977
0.865415 0.841989
0.835752 0.838554
0.831486 0.841325
0.85424 0.833329
0.842411 0.84577
0.833598 0.821134
0.875288 0.884684
0.847503 0.829777
0.868256 0.862368
0.854207 0.856283
0.852136 0.843152
0.820341 0.817583
0.821166 0.798598
0.832599 0.822468
0.865863 0.854412
0.842782 0.851844
0.850062 0.844337
0.816195 0.837925
0.878554 0.869077
0.846912 0.868991
0.81189 0.807308
0.861195 0.856936
0.887855 0.864634
0.854113 0.870869
0.842492 0.842387
0.8259 0.815381
0.817615 0.849563
0.870057 0.863161
0.856334 0.866779
0.869176 0.884173
0.870978 0.861318
0.882999 0.863252
0.853545 0.861599
0.814753 0.843094
0.819178 0.837408
0.8182 0.847826
0.741721 0.756802
0.780326 0.813359
0.828224 0.796643
0.787343 0.794222
0.825522 0.836565
0.858341 0.855496
0.838418 0.840892
0.798427 0.830801
0.840348 0.822739
0.842664 0.82272
0.759993 0.77475
0.766054 0.762122
0.831848 0.846219
0.792767 0.806501
0.809968 0.825358
0.857554 0.85924
0.848392 0.822632
0.821537 0.817566
0.844943 0.833413
0.858604 0.840237
0.847543 0.845932
0.827609 0.834513
0.835428 0.847652
0.833499 0.851475
0.855542 0.845419
0.8516 0.860392
0.813661 0.80103
0.805848 0.803314
0.794681 0.765532
0.857328 0.832584
0.798721 0.774352
0.771253 0.771158
0.809473 0.796799
0.797543 0.76228
0.787447 0.780514
0.825333 0.842142
0.850746 0.868692
0.853159 0.840612
0.835359 0.841827
0.82216 0.820198
0.857152 0.836989
0.856561 0.856032
0.812793 0.836983
0.805668 0.79708
0.859994 0.820719
0.856023 0.838276
0.83628 0.845715
0.842552 0.81722
0.861103 0.850183
0.891454 0.872283
0.86226 0.871341
0.855938 0.882345
0.84114 0.827713
0.814809 0.806668
0.82035 0.831846
0.857126 0.841242
0.836331 0.841394
0.824582 0.830037
0.820138 0.801993
0.83733 0.825836
0.866512 0.856356
0.852339 0.824779
0.867384 0.868364
0.850521 0.857049
0.840187 0.847957
0.852872 0.868744
0.821869 0.843602
0.841952 0.847232
0.853459 0.847461
0.833671 0.827184
0.827483 0.838166
0.879657 0.875219
0.866438 0.851364
0.850451 0.861168
0.858461 0.858446
0.791916 0.79826
0.83579 0.840212
0.818014 0.824649
0.793099 0.817614
0.809882 0.791341
0.80905 0.797086
0.826437 0.841375
0.870625 0.870875
0.876314 0.860629
0.857772 0.845404
0.866626 0.861932
0.864887 0.87002
0.782647 0.811072
0.8304 0.827177
0.860913 0.86089
0.848943 0.875582
0.845838 0.849446
0.876628 0.865612
0.86971 0.866153
0.878122 0.884507
0.883677 0.874734
0.853171 0.856876
0.860286 0.839344
0.845238 0.846337
0.793274 0.822354
0.804814 0.805605
0.819433 0.835607
0.858102 0.871419
0.822335 0.837149
0.776643 0.775085
0.798572 0.824149
0.821328 0.813211
0.790596 0.795171
0.837233 0.831396
0.879048 0.870908
0.878249 0.883088
0.86544 0.867202
0.840405 0.849073
0.847111 0.845214
0.846504 0.868957
0.847638 0.848185
0.856916 0.849042
0.832589 0.840595
0.858523 0.826707
0.851644 0.865303
0.861434 0.864221
0.857086 0.85514
0.852567 0.857814
0.887404 0.889043
0.871606 0.873186
0.86703 0.883405
0.809342 0.824604
0.845325 0.846189
0.860609 0.833301
0.82221 0.833414
0.835853 0.836405
0.844664 0.865802
0.857221 0.826658
0.81267 0.81883
0.858902 0.867384
0.836799 0.86218
0.847642 0.843014
0.847878 0.852309
0.817976 0.832907
0.814067 0.815366
0.825766 0.837194
0.800265 0.81028
0.828771 0.863116
0.816535 0.828562
0.800239 0.777899
0.81351 0.802191
0.82553 0.835356
0.846905 0.837752
0.816865 0.819872
0.835676 0.82822
0.860079 0.850695
0.839569 0.837923
0.815841 0.847218
0.840498 0.866147
0.83331 0.860522
0.848925 0.851052
0.83899 0.839317
0.811069 0.819954
0.839224 0.845686
0.873065 0.860653
0.863711 0.842735
0.846859 0.845845
0.876423 0.852172
0.858574 0.870762
0.861779 0.852347
0.870353 0.845362
0.831294 0.825972
0.812773 0.825143
0.820133 0.831925
0.851113 0.8282
0.811047 0.808614
0.859422 0.859308
0.868765 0.870001
0.848618 0.845608
0.83193 0.836144
0.844028 0.864635
0.816732 0.815952
0.832721 0.826603
0.823365 0.819405
0.829631 0.812811
0.797795 0.815204
0.80341 0.824346
0.822079 0.799622
0.851497 0.854866
0.850734 0.838974
0.815473 0.792213
0.819489 0.796734
0.803211 0.77381
0.8141 0.815293
0.826888 0.807295
0.857686 0.85855
0.871828 0.865022
0.814123 0.848701
0.807147 0.837334
0.758724 0.772042
0.806247 0.830495
0.816474 0.789962
0.819611 0.833591
0.803802 0.797662
0.821493 0.823789
0.83185 0.849329
0.861961 0.851279
0.843583 0.850963
0.772211 0.788807
0.812536 0.810698
0.7798 0.794157
0.805287 0.757775
0.811354 0.813333
0.815606 0.821463
0.857652 0.858668
0.82033 0.863053
0.878259 0.86801
0.830249 0.813494
0.841989 0.841325
0.875391 0.860062
0.872296 0.870974
0.830669 0.840128
0.830978 0.838831
0.829768 0.801889
0.84359 0.860209
0.839544 0.821237
0.863239 0.854745
0.834191 0.837663
0.873039 0.859808
0.875633 0.859985
0.848815 0.826773
0.862559 0.837764
0.850195 0.85675
0.868238 0.848137
0.861932 0.846789
0.873501 0.866658
0.841693 0.873305
0.846357 0.837219
0.826862 0.823856
0.85081 0.844579
0.797279 0.807801
0.842302 0.846883
0.840739 0.823116
0.857383 0.851949
0.868869 0.868769
0.853283 0.850083
0.831798 0.856923
0.883506 0.857848
0.840531 0.837588
0.796363 0.802112
0.825479 0.831773
0.802063 0.801065
0.810011 0.829098
0.778271 0.787065
0.771463 0.789051
0.835421 0.828153
0.818057 0.817377
0.810981 0.834514
0.801538 0.803918
0.780527 0.801646
0.811842 0.763108
0.782354 0.810778
0.792905 0.795433
0.78905 0.788355
0.805212 0.828334
0.819567 0.833274
0.803403 0.818145
0.818431 0.827603
0.824295 0.831603
0.824002 0.82218
0.841048 0.812224
0.848131 0.860279
0.875413 0.850521
0.847281 0.855552
0.818258 0.833791
0.806024 0.854997
0.847908 0.841423
0.865273 0.863185
0.865606 0.86374
0.850852 0.859213
0.860117 0.847801
0.864362 0.851637
0.86389 0.872003
0.853406 0.865811
0.845661 0.849747
0.816314 0.802835
0.861403 0.831942
0.87294 0.858085
0.878885 0.866115
0.89694 0.884492
0.866017 0.858103
0.852461 0.865637
0.8924 0.866276
0.85601 0.865894
0.84347 0.836422
0.79898 0.810012
0.839722 0.833298
0.854326 0.860535
0.84015 0.84224
0.869087 0.85478
0.791341 0.820563
0.821914 0.831844
0.78276 0.809357
0.813916 0.804216
0.841077 0.833606
0.846095 0.828806
0.823636 0.840943
0.828236 0.820376
0.836183 0.844412
0.804193 0.802873
0.817799 0.8198
0.82056 0.800111
0.853802 0.869294
0.847926 0.837459
0.857719 0.858287
0.852467 0.860551
0.837594 0.84832
0.836693 0.854874
0.857018 0.863717
0.865331 0.879651
0.823178 0.842288
0.82679 0.831726
0.879829 0.88064
0.87609 0.855059
0.840299 0.850096
0.855407 0.85294
0.851813 0.818006
0.833067 0.849521
0.883845 0.879201
0.849937 0.846247
0.814135 0.825514
0.868352 0.843154
0.852614 0.839458
0.829789 0.811977
0.822008 0.841086
0.863456 0.872072
0.842493 0.832453
0.82298 0.838284
0.841033 0.845199
0.858658 0.866553
0.840656 0.847317
0.816859 0.836604
0.817389 0.840833
0.833761 0.8343
0.874935 0.867309
0.856381 0.871098
0.848009 0.84835
0.833154 0.846798
0.796104 0.787875
0.796153 0.779493
0.782527 0.765882
0.746405 0.710857
0.769008 0.747676
0.808723 0.81321
0.819425 0.806773
0.837207 0.844224
0.868398 0.859054
0.839301 0.829116
0.866261 0.869525
0.858048 0.853928
0.854791 0.854792
0.852489 0.853648
0.817574 0.850727
0.826687 0.829243
0.841738 0.841686
0.85822 0.841304
0.850331 0.82337
0.833482 0.828609
0.844214 0.845399
0.860602 0.823522
0.817146 0.830432
0.823498 0.839083
0.857394 0.862257
0.862709 0.857271
0.842199 0.865444
0.858991 0.8536
0.892747 0.893815
0.855508 0.872936
0.870169 0.870434
0.836419 0.8096
0.830011 0.812999
0.788872 0.797593
0.822619 0.847717
0.823158 0.832388
0.844837 0.864486
0.843382 0.837105
0.858246 0.853548
0.804444 0.818318
0.815509 0.828535
0.800566 0.826279
0.83087 0.82956
0.841083 0.824049
0.786236 0.783755
0.798629 0.777151
0.87383 0.853241
0.870815 0.865111
0.869154 0.860997
0.846082 0.862478
0.866553 0.868742
0.836559 0.857715
0.85159 0.849562
0.851211 0.838831
0.87944 0.893313
0.775717 0.767089
0.799599 0.810583
0.781052 0.768401
0.852163 0.84092
0.836406 0.813047
0.868291 0.866839
0.812311 0.816936
0.844029 0.860911
0.827529 0.878955
0.840722 0.861586
0.852123 0.851045
0.846403 0.838797
0.840377 0.877263
0.84483 0.824016
0.819532 0.845112
0.794971 0.799425
0.84248 0.858623
0.816998 0.837345
0.82175 0.835833
0.895417 0.88965
0.847581 0.854849
0.853562 0.841401
0.787622 0.838801
0.826338 0.848267
0.853341 0.844925
0.860811 0.849287
0.840593 0.832556
0.873153 0.87018
0.839531 0.864358
0.839332 0.832606
0.821542 0.850672
0.855704 0.880253
0.849595 0.879843
0.866913 0.866102
0.863227 0.868125
0.850246 0.860432
0.855538 0.867314
0.851241 0.848824
0.854967 0.822184
0.857854 0.868867
0.823889 0.847227
0.833944 0.829395
0.798406 0.791918
0.803121 0.815737
0.828783 0.837141
0.863491 0.865115
0.8414 0.880327
0.831057 0.857399
0.850564 0.844416
0.82141 0.834811
0.811667 0.832804
0.858275 0.843704
0.838098 0.834543
0.807635 0.808594
0.825512 0.835188
0.850924 0.856314
0.868514 0.828324
0.774917 0.784456
0.822566 0.823657
0.834338 0.828773
0.816503 0.831793
0.852385 0.836511
0.848638 0.86791
0.841709 0.843267
0.857835 0.849961
0.854946 0.867574
0.833833 0.83366
0.822643 0.815412
0.821536 0.830155
0.805165 0.825993
0.841344 0.840033
0.803459 0.813176
0.819935 0.80426
0.85303 0.810178
0.842582 0.810216
0.839222 0.844075
0.82939 0.841039
0.804728 0.8075
0.80613 0.835221
0.823243 0.793884
0.824891 0.838094
0.860383 0.866892
0.878037 0.889022
0.820973 0.808259
0.831592 0.82843
0.861826 0.851925
0.840572 0.837209
0.852976 0.869771
0.830096 0.852725
0.853927 0.871585
0.867263 0.851971
0.855309 0.841396
0.831252 0.844224
0.850041 0.854448
0.871474 0.878947
0.842131 0.853643
0.863424 0.843512
0.855014 0.844782
0.855028 0.855743
0.858084 0.864477
0.837695 0.851827
0.789018 0.797286
0.85292 0.824039
0.822691 0.811264
0.873969 0.872566
0.870988 0.853498
0.831036 0.853512
0.831389 0.842469
0.858503 0.831587
0.843781 0.847515
0.892513 0.883393
0.833497 0.846296
0.864269 0.873112
0.858231 0.871288
0.852792 0.843227
0.846771 0.852959
0.849277 0.85809
0.852046 0.865967
0.844357 0.870094
0.858508 0.858755
0.858868 0.861818
0.833399 0.825456
0.834051 0.821615
0.871745 0.854702
0.802494 0.804745
0.828364 0.833106
0.842427 0.817276
0.821768 0.818346
0.842768 0.874279
0.830935 0.843265
0.876958 0.90007
0.865653 0.869355
0.814937 0.829952
0.850746 0.843572
0.843116 0.861714
0.82429 0.847926
0.855173 0.852841
0.853129 0.838581
0.840836 0.833999
0.841024 0.851351
0.87265 0.849047
0.839128 0.850671
0.871406 0.872639
0.840829 0.827889
0.810743 0.828021
0.878222 0.874334
0.830926 0.8269
0.872991 0.865672
0.874094 0.855971
0.820328 0.776961
0.774377 0.776761
0.795409 0.790528
0.845588 0.860741
0.822496 0.865166
0.847041 0.861264
0.821833 0.791654
0.824002 0.831824
0.828782 0.82908
0.838628 0.847973
0.856971 0.863663
0.843881 0.850975
0.839401 0.881502
0.854899 0.866098
0.83966 0.862376
0.845061 0.86217
0.868517 0.84982
0.864745 0.859214
0.854426 0.836826
0.867377 0.854829
0.845053 0.838661
0.863456 0.85587
0.845754 0.855442
0.859901 0.85702
0.880766 0.875066
0.880899 0.882139
0.873786 0.87275
0.873538 0.859291
0.851701 0.850295
0.837587 0.846139
0.845919 0.838186
0.85846 0.856862
0.860546 0.855315
0.860637 0.848677
0.84545 0.862684
0.845935 0.859938
0.83014 0.853646
0.854913 0.856741
0.844033 0.847066
0.8268 0.836852
0.766889 0.798452
0.776314 0.805742
0.759496 0.802897
0.791437 0.805312
0.849851 0.848113
0.852254 0.838153
0.817691 0.819139
0.810666 0.815674
0.798257 0.831932
0.826859 0.851372
0.810392 0.800156
0.808262 0.800518
0.830467 0.821461
0.758995 0.763516
0.823687 0.850896
0.783541 0.820433
0.813458 0.828873
0.834288 0.854818
0.885387 0.876183
0.859312 0.864022
0.832387 0.862979
0.823392 0.823102
0.81333 0.836287
0.84523 0.85338
0.797657 0.804366
0.838709 0.842209
0.828646 0.842501
0.804415 0.808623
0.79921 0.793948
0.816143 0.819252
0.810033 0.807385
0.825552 0.814438
0.862079 0.860642
0.818314 0.824974
0.892107 0.868229
0.840598 0.849198
0.819909 0.856028
0.812064 0.826422
0.807428 0.824716
0.866797 0.867243
0.831892 0.871626
0.874975 0.87643
0.845982 0.838052
0.842456 0.854257
0.820146 0.818908
0.867215 0.881493
0.893154 0.894846
0.848977 0.843858
0.859982 0.86545
0.862696 0.862191
0.831115 0.839518
0.82437 0.854812
0.84565 0.840946
0.822313 0.821684
0.789549 0.763014
0.757631 0.723124
0.798028 0.804147
0.833267 0.85182
0.855898 0.868249
0.86113 0.859236
0.874456 0.877712
0.844677 0.8473
0.850577 0.862651
0.847306 0.862328
0.850369 0.836443
0.836769 0.872729
0.853439 0.850961
0.862817 0.868665
0.864565 0.863787
0.84595 0.861839
0.854836 0.855215
0.887643 0.870418
0.863996 0.876505
0.872808 0.875595
0.846323 0.848947
0.826693 0.822267
0.779006 0.808258
0.829413 0.824857
0.833546 0.836849
0.826184 0.797442
0.849009 0.861676
0.863022 0.847772
0.84049 0.858042
0.858294 0.837335
0.823566 0.803426
0.831329 0.798434
0.844837 0.801944
0.833229 0.836831
0.856614 0.861152
0.797656 0.784861
0.787717 0.752073
0.823845 0.776992
0.813622 0.781462
0.796638 0.782163
0.811141 0.812487
0.82232 0.831996
0.827985 0.846109
0.823978 0.83526
0.811698 0.810263
0.839115 0.855798
0.817439 0.796317
0.866388 0.862194
0.840014 0.833467
0.82476 0.825803
0.82979 0.83143
0.845371 0.844318
0.879597 0.877862
0.871015 0.870905
0.842907 0.837187
0.878181 0.861441
0.867043 0.869073
0.84807 0.848765
0.863398 0.825376
0.847527 0.857782
0.866101 0.874461
0.883119 0.876812
0.852364 0.859901
0.866811 0.862055
0.845038 0.847296
0.80545 0.806652
0.855015 0.854115
0.830857 0.835007
0.854488 0.878343
0.810098 0.82671
0.854046 0.830455
0.787379 0.787061
0.852061 0.833332
0.846491 0.828153
0.853718 0.858834
0.809894 0.805058
0.816997 0.805273
0.818866 0.809004
0.827843 0.826
0.850866 0.828246
0.833938 0.814931
0.842011 0.859699
0.833526 0.822443
0.870057 0.880986
0.850705 0.857342
0.821811 0.805942
0.852218 0.850726
0.812162 0.818159
0.809822 0.80211
0.841745 0.835965
0.805587 0.834634
0.827431 0.817
0.832882 0.843704
0.805957 0.800829
0.788664 0.776709
0.816631 0.82581
0.811721 0.797163
0.789086 0.77579
0.800818 0.819457
0.815407 0.846017
0.83051 0.824012
0.84852 0.844233
0.838057 0.811625
0.843003 0.85672
0.831183 0.828138
0.833242 0.836497
0.858275 0.865832
0.815151 0.841619
0.848388 0.854854
0.810856 0.817138
0.833701 0.831361
0.812917 0.82007
0.863192 0.862611
0.817533 0.816739
0.830129 0.834546
0.787776 0.82332
0.822873 0.837996
0.82644 0.834673
0.846143 0.842833
0.824323 0.845958
0.830822 0.848675
0.826781 0.866778
0.8366 0.849283
0.862983 0.874702
0.806713 0.834986
0.848069 0.844682
0.847419 0.846685
0.874582 0.876207
0.854186 0.840269
0.859604 0.870598
0.894211 0.873575
0.867239 0.848509
0.847322 0.823507
0.853049 0.852042
0.849291 0.875767
0.86227 0.853562
0.873171 0.875141
0.869356 0.850016
0.864031 0.845971
0.798138 0.774759
0.829412 0.825008
0.834439 0.834551
0.814367 0.807647
0.718195 0.711127
0.790027 0.750148
0.790999 0.786611
0.825723 0.825904
0.82524 0.839109
0.838223 0.838934
0.865913 0.832825
0.857296 0.869735
0.870074 0.869082
0.812255 0.831867
0.825379 0.808458
0.860777 0.854677
0.843318 0.839506
0.820422 0.802634
0.804411 0.823078
0.801837 0.82077
0.807523 0.797583
0.855237 0.863053
0.867843 0.875526
0.879392 0.876171
0.855201 0.856917
0.864327 0.861172
0.845759 0.842897
0.851511 0.839403
0.875047 0.862627
0.869487 0.87449
0.861022 0.849043
0.844336 0.826892
0.854776 0.859277
0.868086 0.848198
0.820326 0.788446
0.8313 0.802885
0.816128 0.823949
0.834228 0.809871
0.815355 0.816701
0.841979 0.849414
0.83258 0.845533
0.836568 0.851399
0.848121 0.852101
0.886824 0.866285
0.863647 0.836323
0.851579 0.825738
0.854182 0.85099
0.810291 0.809547
0.828631 0.808878
0.828871 0.843274
0.842124 0.835455
0.845537 0.834766
0.851587 0.868484
0.807231 0.815917
0.854938 0.862021
0.826959 0.817508
0.767398 0.779954
0.828398 0.823254
0.794387 0.784496
0.803417 0.81057
0.8168 0.834395
0.818993 0.837098
0.846604 0.828187
0.83182 0.810943
0.836485 0.796837
0.809784 0.816384
0.821512 0.824843
0.848021 0.838302
0.837337 0.818666
0.812089 0.827823
0.847 0.841392
0.839509 0.867028
0.854065 0.851536
0.860689 0.849626
0.839102 0.82272
0.852605 0.846101
0.836566 0.844754
0.832502 0.844965
0.862642 0.855479
0.866652 0.870221
0.85685 0.855017
0.835699 0.82255
0.854893 0.842344
0.827244 0.831271
0.836349 0.81648
0.856581 0.853797
0.867901 0.853034
0.833695 0.836
0.872985 0.871236
0.863309 0.85284
0.842622 0.835725
0.841117 0.835572
0.85433 0.836733
0.850025 0.860809
0.851196 0.847834
0.855737 0.835462
0.830138 0.835022
0.846438 0.852361
0.793886 0.779849
0.796449 0.790715
0.778068 0.767923
0.771836 0.77942
0.81531 0.819062
0.823859 0.817473
0.846527 0.836944
0.863833 0.864616
0.831842 0.842051
0.826153 0.826594
0.84353 0.826648
0.829035 0.84383
0.83395 0.841094
0.879549 0.854832
0.85247 0.865413
0.860863 0.848426
0.837712 0.834265
0.844663 0.826934
0.812221 0.807576
0.82728 0.813294
0.803972 0.822099
0.792657 0.783014
0.848568 0.839509
0.85888 0.862655
0.865538 0.840914
0.80775 0.820567
0.843563 0.836575
0.85851 0.873114
0.872127 0.868549
0.840548 0.833729
0.865178 0.853958
0.863435 0.88346
0.848925 0.847499
0.836031 0.852278
0.83647 0.827715
0.865072 0.850244
0.856145 0.864845
0.869284 0.864008
0.87463 0.866074
0.853139 0.874503
0.860422 0.856687
0.845459 0.841774
0.850566 0.851886
0.816438 0.834022
0.856286 0.835255
0.842723 0.828127
0.838994 0.815926
0.832226 0.830956
0.873718 0.883983
0.847879 0.845394
0.856152 0.874945
0.851111 0.86688
0.859604 0.865551
0.842237 0.846872
0.83436 0.828747
0.844282 0.845551
0.853644 0.844387
0.864605 0.865413
0.832707 0.83414
0.844321 0.813496
0.87593 0.828486
0.83866 0.820847
0.879687 0.857383
0.875829 0.860298
0.841289 0.823018
0.84194 0.855178
0.839118 0.84492
0.824049 0.806879
0.850514 0.829889
0.861375 0.849795
0.811828 0.838426
0.849591 0.864279
0.837023 0.848985
0.852003 0.857101
0.844407 0.845326
0.8513 0.835078
0.858474 0.858042
0.83812 0.841246
0.837999 0.842738
0.853159 0.86965
0.848651 0.846694
0.870238 0.865647
0.835066 0.846785
0.858511 0.863869
0.815381 0.830491
0.845034 0.831131
0.863478 0.87854
0.849312 0.860038
0.835469 0.840793
0.845993 0.852738
0.839317 0.845716
0.818213 0.851107
0.863369 0.837728
0.883399 0.866517
0.864003 0.86294
0.843578 0.841847
0.833739 0.833935
0.792918 0.814156
0.843207 0.823037
0.87205 0.862871
0.826521 0.866449
0.86218 0.876927
0.87727 0.867908
0.869182 0.866473
0.825688 0.843376
0.828705 0.824946
0.805099 0.801781
0.824338 0.824548
0.826603 0.821234
0.82745 0.847636
0.844034 0.836363
0.81071 0.808827
0.822084 0.822868
0.823483 0.827436
0.798942 0.813149
0.771942 0.784814
0.802487 0.809895
0.812219 0.816208
0.852159 0.834484
0.831376 0.849545
0.798865 0.802179
0.812433 0.787453
0.842949 0.826597
0.828716 0.829623
0.816416 0.815125
0.865085 0.851658
0.850872 0.84572
0.844387 0.836548
0.820374 0.820359
0.828338 0.813489
0.86171 0.855549
0.842955 0.865349
0.838547 0.807851
0.863839 0.853755
0.870608 0.858848
0.831105 0.813375
0.863142 0.8678
0.864156 0.872421
0.828414 0.832004
0.845506 0.815781
0.831024 0.844233
0.781659 0.825572
0.78885 0.745847
0.789387 0.761957
0.80262 0.777368
0.813346 0.806115
0.812423 0.830775
0.822142 0.848331
0.805398 0.819965
0.871292 0.856371
0.840123 0.848794
0.839978 0.828992
0.814745 0.815417
0.787237 0.811251
0.824338 0.836203
0.862994 0.848783
0.867534 0.859724
0.815668 0.828099
0.840896 0.833227
0.829665 0.805107
0.845489 0.845788
0.863758 0.85513
0.84808 0.833258
0.845798 0.853402
0.865671 0.870125
0.817151 0.834681
0.837102 0.840902
0.819339 0.83229
0.870413 0.845726
0.859625 0.83995
0.872655 0.877185
0.875046 0.874555
0.850696 0.867496
0.872901 0.862637
0.844985 0.822335
0.849948 0.853172
0.837233 0.868236
0.842485 0.839139
0.832258 0.839406
0.887267 0.870234
0.837582 0.856396
0.834766 0.843962
0.849994 0.836577
0.844088 0.812826
0.818247 0.805254
0.808215 0.812961
0.843263 0.829242
0.822732 0.822298
0.843997 0.843734
0.881521 0.873698
0.851409 0.843537
0.830188 0.835494
0.839428 0.871804
0.852616 0.845616
0.874886 0.871905
0.818747 0.845431
0.869192 0.88864
0.86969 0.839531
0.821393 0.813884
0.857886 0.812282
0.814174 0.794738
0.847717 0.829107
0.81776 0.809136
0.820387 0.828772
0.851177 0.841201
0.882303 0.899241
0.863584 0.869669
0.850615 0.847017
0.828351 0.834382
0.843352 0.82539
0.821636 0.843544
0.784197 0.819828
0.834331 0.79912
0.784264 0.792297
0.796184 0.79968
0.858432 0.825304
0.829099 0.817713
0.850219 0.809476
0.834284 0.845239
0.792347 0.801286
0.781357 0.80666
0.84538 0.821191
0.763914 0.813933
0.787721 0.770435
0.809386 0.822301
0.806923 0.770046
0.845196 0.832105
0.84245 0.838306
0.866474 0.863576
0.884539 0.902646
0.888953 0.872804
0.787322 0.79031
0.798022 0.771689
0.781857 0.799082
0.82752 0.808422
0.828308 0.820769
0.849136 0.822016
0.786034 0.785735
0.82098 0.831411
0.847076 0.828256
0.855333 0.870026
0.859663 0.862735
0.848964 0.84619
0.840629 0.815441
0.835317 0.839695
0.79706 0.805346
0.828513 0.836366
0.857889 0.829065
0.835892 0.843262
0.835378 0.842557
0.85148 0.851891
0.83147 0.847669
0.863859 0.85369
0.863032 0.837809
0.845279 0.827191
0.841655 0.87594
0.829069 0.847205
0.866408 0.851216
0.82784 0.846615
0.798845 0.805468
0.813052 0.838511
0.827085 0.816851
0.812685 0.812764
0.800703 0.80698
0.772312 0.753149
0.771387 0.789814
0.807008 0.810714
0.846625 0.8497
0.808061 0.80431
0.833049 0.817455
0.79981 0.795647
0.835722 0.838311
0.831627 0.822631
0.859932 0.82554
0.860101 0.860838
0.867356 0.868116
0.836954 0.880217
0.864515 0.858941
0.851411 0.842212
0.86305 0.866664
0.843812 0.841954
0.847582 0.848068
0.791578 0.807948
0.820144 0.831992
0.810472 0.816045
0.861668 0.85958
0.865135 0.858462
0.869675 0.842896
0.864144 0.845963
0.826465 0.852209
0.817246 0.831931
0.873904 0.872167
0.880817 0.8635
0.868535 0.86334
0.851599 0.852809
0.866722 0.873346
0.84189 0.857104
0.863643 0.873375
0.873164 0.868903
0.850388 0.836586
0.848789 0.853158
0.829496 0.841937
0.836745 0.826817
0.82188 0.811165
0.796695 0.834244
0.828656 0.807408
0.858214 0.853919
0.855391 0.85307
0.789823 0.80749
0.809011 0.812101
0.818309 0.811861
0.80771 0.811146
0.842674 0.867313
0.816533 0.835951
0.853713 0.837662
0.850314 0.846149
0.868685 0.862087
0.896702 0.883882
0.875474 0.87461
0.854291 0.866855
0.854508 0.873584
0.8534 0.849955
0.834637 0.852729
0.865879 0.881496
0.879905 0.839749
0.861724 0.855022
0.854566 0.856722
0.841877 0.836739
0.831107 0.841638
0.860779 0.868997
0.864119 0.858653
0.865875 0.832864
0.856892 0.871673
0.833642 0.821065
0.817756 0.827616
0.870839 0.858307
0.853946 0.839083
0.847233 0.829047
0.84439 0.834584
0.849289 0.841306
0.804345 0.806394
0.816297 0.82105
0.84379 0.847966
0.82416 0.828414
0.86229 0.854866
0.83184 0.851376
0.83559 0.870224
0.791749 0.828856
0.896351 0.87734
0.871603 0.847892
0.838899 0.828124
0.851793 0.840629
0.809009 0.809967
0.833673 0.824237
0.864065 0.842636
0.836123 0.876346
0.856287 0.847593
0.844135 0.849826
0.855335 0.85601
0.867503 0.836198
0.803554 0.822955
0.820894 0.811782
0.8487 0.842432
0.865766 0.838048
0.852437 0.840447
0.841688 0.83905
0.847221 0.833955
0.824406 0.838449
0.868955 0.862492
0.860564 0.872589
0.839754 0.852608
0.811848 0.828832
0.823534 0.79846
0.866498 0.875358
0.847616 0.852746
0.83821 0.836727
0.853524 0.857795
0.837691 0.845861
0.856591 0.861746
0.856005 0.848135
0.819123 0.816553
0.833599 0.832018
0.845816 0.861057
0.865501 0.84043
0.79355 0.785511
0.791939 0.805566
0.780174 0.778103
0.731995 0.738356
0.76626 0.769521
0.779839 0.782924
0.767879 0.75103
0.770406 0.783374
0.829112 0.824897
0.82155 0.844151
0.859873 0.849054
0.813673 0.819776
0.821305 0.815059
0.834731 0.845487
0.794959 0.81082
0.812867 0.830075
0.819327 0.839924
0.797162 0.811961
0.783527 0.79951
0.811826 0.789609
0.803919 0.827014
0.825701 0.843131
0.835596 0.841377
0.865613 0.857858
0.830843 0.861876
0.854822 0.857018
0.864415 0.851593
0.833543 0.837631
0.841663 0.827669
0.837438 0.860966
0.832922 0.841764
0.8445 0.849428
0.842617 0.807199
0.832021 0.821767
0.847209 0.853101
0.819452 0.851924
0.839611 0.850578
0.848513 0.840768
0.868851 0.863771
0.877383 0.889078
0.866733 0.880349
0.827838 0.828525
0.80766 0.775695
0.833756 0.833444
0.833378 0.832925
0.801568 0.797824
0.818031 0.822756
0.793962 0.799175
0.816002 0.821967
0.818897 0.838126
0.797986 0.826515
0.812102 0.81027
0.808135 0.822156
0.821897 0.813781
0.875271 0.883274
0.867743 0.874269
0.883573 0.868201
0.84881 0.843156
0.784358 0.790225
0.844168 0.841674
0.824573 0.829908
0.832507 0.832095
0.858986 0.856238
0.869752 0.848911
0.845822 0.842836
0.848793 0.865758
0.869994 0.877307
0.866318 0.863168
0.843606 0.842008
0.869599 0.863614
0.852382 0.852984
0.833334 0.850911
0.81784 0.820519
0.844032 0.854671
0.834582 0.840065
0.852264 0.831606
0.809856 0.848952
0.835776 0.851297
0.86848 0.876145
0.84807 0.842341
0.834803 0.839481
0.820874 0.84558
0.8293 0.810521
0.805243 0.806972
0.816448 0.789501
0.812496 0.812484
0.847699 0.84114
0.871453 0.859616
0.835096 0.812998
0.868326 0.859264
0.874748 0.889857
0.863273 0.834541
0.845955 0.853065
0.787976 0.790589
0.806958 0.820962
0.842376 0.828638
0.80229 0.825583
0.80276 0.824837
0.797635 0.81225
0.817811 0.813907
0.83027 0.817766
0.83314 0.794838
0.816429 0.833873
0.847096 0.833373
0.820618 0.81704
0.858184 0.852892
0.877729 0.873797
0.8242 0.81329
0.815731 0.820335
0.817862 0.825614
0.825111 0.832851
0.834193 0.852925
0.855563 0.850555
0.800983 0.821644
0.818849 0.828786
0.836436 0.840268
0.833848 0.787252
0.813388 0.831586
0.810995 0.811645
0.848635 0.844144
0.821089 0.813479
0.801893 0.813968
0.831115 0.867985
0.825906 0.819722
0.800822 0.791087
0.825771 0.851255
0.77643 0.808755
0.833689 0.846669
0.823584 0.804833
0.789002 0.785191
0.808695 0.827127
0.796159 0.809416
0.784391 0.807717
0.780889 0.79368
0.818751 0.793513
0.838213 0.830471
0.831463 0.812405
0.762751 0.783404
0.778517 0.786469
0.806527 0.813884
0.823086 0.820116
0.856968 0.844802
0.848512 0.863328
0.851125 0.826797
0.840481 0.850078
0.835683 0.832487
0.839498 0.84924
0.840657 0.866448
0.855338 0.845124
0.831133 0.817155
0.845307 0.787215
0.806855 0.821215
0.79765 0.816778
0.860371 0.847099
0.865524 0.886208
0.850891 0.845524
0.825251 0.859793
0.866587 0.868237
0.869394 0.856267
0.845929 0.814751
0.815723 0.858186
0.838842 0.813249
0.792132 0.804551
0.810339 0.823247
0.862637 0.83824
0.842612 0.857265
0.850436 0.8643
0.852319 0.814366
0.881278 0.867799
0.842237 0.804007
0.861821 0.873285
0.857606 0.854654
0.842238 0.843565
0.881832 0.869342
0.858957 0.856328
0.85439 0.853126
0.844701 0.849882
0.826685 0.827585
0.82828 0.837472
0.864922 0.864474
0.89778 0.883131
0.87372 0.865554
0.85642 0.86976
0.855877 0.846251
0.840333 0.866982
0.851259 0.85257
0.859045 0.850128
0.816416 0.855553
0.847561 0.856242
0.828351 0.828054
0.813246 0.828502
0.772005 0.805285
0.802827 0.833099
0.830229 0.81862
0.870735 0.858119
0.872297 0.85831
0.818157 0.834297
0.833281 0.850908
0.832562 0.819461
0.833844 0.828263
0.830988 0.863791
0.811033 0.83199
0.846805 0.844033
0.873167 0.867802
0.836335 0.84437
0.81549 0.805143
0.833835 0.841815
0.835513 0.852897
0.841531 0.82266
0.809676 0.843043
0.821417 0.831772
0.834473 0.826473
0.803706 0.820786
0.820483 0.831929
0.846129 0.842757
0.856387 0.842442
0.834769 0.845887
0.850397 0.834521
0.823287 0.819023
0.835327 0.836941
0.84421 0.816431
0.833408 0.817459
0.835068 0.82357
0.801646 0.796855
0.835928 0.811392
0.843507 0.831435
0.829619 0.796785
0.848016 0.814169
0.818835 0.835601
0.844764 0.813567
0.840421 0.839859
0.858665 0.846917
0.862091 0.815168
0.870749 0.872686
0.866463 0.86797
0.836508 0.801886
0.809995 0.789227
0.811981 0.831065
0.852158 0.829367
0.828839 0.821813
0.861764 0.85912
0.850869 0.850151
0.852057 0.817034
0.823017 0.822657
0.842905 0.859622
0.859836 0.87056
0.813278 0.819016
0.87267 0.861276
0.826344 0.836303
0.871726 0.874875
0.84183 0.853859
0.849473 0.811455
0.86523 0.870611
0.833802 0.833559
0.815527 0.832558
0.828481 0.842057
0.850698 0.830728
0.843749 0.860653
0.852759 0.852453
0.79742 0.807168
0.876026 0.858433
0.855496 0.84585
0.883134 0.885525
0.85157 0.874791
0.868723 0.86312
0.859175 0.869059
0.849484 0.853537
0.842098 0.836824
0.832346 0.855132
0.789528 0.789409
0.814863 0.826499
0.77723 0.81329
0.802953 0.810564
0.793641 0.803497
0.849563 0.832706
0.821456 0.836611
0.809947 0.827202
0.811792 0.827288
0.851533 0.844697
0.823 0.820255
0.857784 0.840287
0.850548 0.832754
0.870213 0.855079
0.817396 0.824989
0.741325 0.745787
0.843655 0.824502
0.817163 0.822863
0.866851 0.856892
0.84273 0.814898
0.818102 0.814682
0.790421 0.777549
0.824293 0.831743
0.799764 0.801932
0.847407 0.83279
0.819928 0.82987
0.86287 0.888856
0.859046 0.86322
0.826455 0.814279
0.835555 0.858532
0.851449 0.850583
0.83552 0.831969
0.831934 0.837056
0.862 0.867961
0.888146 0.891541
0.856716 0.871633
0.839636 0.853126
0.850471 0.853185
0.79593 0.767166
0.820464 0.800312
0.830417 0.850786
0.812771 0.826447
0.80947 0.814018
0.864717 0.86884
0.866159 0.875143
0.835078 0.842776
0.839678 0.853065
0.84807 0.837393
0.839019 0.841964
0.83848 0.825569
0.7776 0.774403
0.812671 0.785524
0.871618 0.860361
0.837912 0.853602
0.823853 0.842605
0.84479 0.863774
0.827519 0.851619
0.864984 0.859418
0.865191 0.87354
0.88208 0.885751
0.86412 0.886528
0.86877 0.858294
0.865886 0.869689
0.851815 0.859609
0.866908 0.852299
0.837503 0.836461
0.826546 0.838629
0.840499 0.844287
0.847436 0.860801
0.862326 0.851537
0.84155 0.874487
0.877963 0.866829
0.816507 0.829535
0.840028 0.842821
0.875908 0.880085
0.837729 0.857795
0.834172 0.836011
0.814576 0.819512
0.795315 0.829291
0.825971 0.820319
0.821858 0.843979
0.824667 0.842078
0.822032 0.800069
0.803978 0.822117
0.792848 0.789446
0.75446 0.755313
0.789253 0.786312
0.790713 0.77151
0.775716 0.740462
0.794162 0.751764
0.769117 0.719574
0.782271 0.753162
0.83528 0.829496
0.799151 0.818724
0.822717 0.82226
0.839538 0.858799
0.847109 0.827068
0.832701 0.837101
0.83327 0.838526
0.85922 0.858516
0.823983 0.843592
0.829576 0.856799
0.866722 0.834067
0.853143 0.852395
0.852318 0.858858
0.867666 0.850006
0.879055 0.86061
0.854812 0.855763
0.870976 0.850891
0.854505 0.84597
0.821373 0.81114
0.836198 0.814319
0.835778 0.804501
0.787423 0.791198
0.834854 0.799367
0.794515 0.796333
0.777798 0.798596
0.839859 0.83402
0.827889 0.854182
0.839438 0.813494
0.834892 0.80282
0.847333 0.829075
0.868686 0.855661
0.858188 0.868476
0.837669 0.835248
0.869577 0.855388
0.836512 0.846788
0.824696 0.813225
0.825665 0.852135
0.860361 0.840589
0.84667 0.866083
0.824231 0.817457
0.81852 0.83312
0.809068 0.837201
0.844333 0.855668
0.819788 0.841355
0.84181 0.843276
0.818755 0.815342
0.818339 0.801575
0.829013 0.824134
0.838898 0.854039
0.85559 0.853551
0.851317 0.847588
0.863866 0.868132
0.852399 0.85419
0.836759 0.839457
0.821628 0.840485
0.884678 0.864927
0.790811 0.844797
0.774499 0.789553
0.829598 0.860223
0.849125 0.863777
0.848735 0.848669
0.83809 0.819503
0.820161 0.828063
0.79396 0.783273
0.815992 0.807549
0.815704 0.842876
0.824627 0.839851
0.863697 0.846961
0.844292 0.855747
0.846402 0.865316
0.882504 0.856869
0.850094 0.825639
0.855789 0.857085
0.837117 0.886331
0.864084 0.871789
0.834503 0.836968
0.837847 0.852327
0.838609 0.84095
0.817626 0.808159
0.862442 0.836898
0.848073 0.808321
0.776355 0.74485
0.806217 0.814265
0.816982 0.813267
0.818328 0.808394
0.814696 0.838341
0.881126 0.860395
0.854844 0.830324
0.803057 0.810989
0.83589 0.832883
0.804562 0.82654
0.85353 0.844126
0.872117 0.863238
0.846404 0.854458
0.837808 0.818369
0.877628 0.863828
0.870307 0.867212
0.846357 0.840252
0.855324 0.851803
0.88003 0.842902
0.863134 0.867268
0.849125 0.86543
0.832669 0.823897
0.850431 0.838907
0.844882 0.844981
0.80066 0.838618
0.869617 0.863169
0.856802 0.855533
0.854009 0.849217
0.876948 0.849207
0.866316 0.857534
0.856359 0.860846
0.859921 0.850546
0.861704 0.857419
0.816004 0.806888
0.842255 0.854588
0.840633 0.852814
0.883689 0.855311
0.85362 0.864752
0.862317 0.858553
0.831605 0.832076
0.830608 0.825664
0.861679 0.843535
0.814095 0.80884
0.820707 0.811631
0.810562 0.805695
0.832639 0.815741
0.871354 0.853936
0.854339 0.844174
0.866818 0.859271
0.840108 0.840666
0.849035 0.870811
0.821313 0.813513
0.802207 0.791587
0.796805 0.778308
0.820493 0.850631
0.832974 0.849769
0.859523 0.836186
0.818014 0.818729
0.821497 0.812501
0.831372 0.842181
0.872272 0.874634
0.865445 0.850293
0.846698 0.848199
0.849694 0.855238
0.847536 0.844281
0.857147 0.853191
0.843754 0.84707
0.83541 0.866937
0.854897 0.853166
0.868675 0.878772
0.835419 0.838987
0.85484 0.854883
0.86069 0.845261
0.866939 0.874556
0.853734 0.853307
0.8694 0.861312
0.887607 0.877921
0.861258 0.856079
0.883466 0.886646
0.826808 0.810649
0.799274 0.795422
0.849446 0.837291
0.855482 0.849356
0.86207 0.874379
0.862536 0.853353
0.83852 0.855641
0.892695 0.885293
0.890926 0.879517
0.871979 0.877891
0.863244 0.872518
0.832988 0.823517
0.858157 0.845582
0.876134 0.884095
0.864171 0.86162
0.869282 0.859428
0.880811 0.861764
0.851981 0.854211
0.83569 0.822762
0.869111 0.884867
0.849084 0.821525
0.824023 0.821918
0.860339 0.854262
0.833442 0.835762
0.834959 0.860584
0.869924 0.884877
0.856894 0.859578
0.879355 0.870426
0.848785 0.853175
0.784706 0.80018
0.767074 0.768391
0.774096 0.80903
0.800051 0.784535
0.776827 0.802908
0.812241 0.810628
0.771093 0.782349
0.817628 0.782763
0.787033 0.821871
0.850412 0.840942
0.861404 0.833656
0.842001 0.833115
0.836787 0.830345
0.797744 0.768974
0.8339 0.841086
0.805231 0.80227
0.812431 0.845595
0.7827 0.801413
0.821307 0.848539
0.832115 0.841698
0.84681 0.858973
0.846367 0.858011
0.876691 0.849664
0.82651 0.850416
0.851333 0.83843
0.836995 0.826591
0.831585 0.832511
0.843861 0.837708
0.867956 0.850927
0.854414 0.838214
0.84523 0.852025
0.843011 0.850047
0.862172 0.871959
0.868687 0.868173
0.877497 0.879343
0.865064 0.854887
0.860453 0.836567
0.850491 0.84912
0.868068 0.877538
0.857469 0.867238
0.869385 0.876052
0.861804 0.847942
0.852995 0.846129
0.86469 0.856082
0.871612 0.844999
0.860052 0.855844
0.87656 0.875083
0.818176 0.814837
0.884465 0.890543
0.858999 0.858377
0.81782 0.834139
0.818964 0.838548
0.817296 0.841024
0.83713 0.847765
0.789523 0.772769
0.754843 0.795328
0.786348 0.818105
0.814192 0.786121
0.853632 0.852806
0.83041 0.839285
0.845763 0.859612
0.839612 0.844422
0.846748 0.833172
0.821274 0.817527
0.85299 0.832195
0.858938 0.835968
0.821822 0.841245
0.863901 0.848121
0.84509 0.838402
0.843285 0.840818
0.841674 0.820836
0.853072 0.819568
0.86522 0.875257
0.843259 0.839242
0.849332 0.850816
0.846124 0.861211
0.819382 0.814012
0.834324 0.819477
0.797486 0.794471
0.819685 0.8093
0.82743 0.825268
0.819145 0.807663
0.809883 0.819438
0.859461 0.857921
0.804925 0.818297
0.867015 0.864015
0.815958 0.822327
0.874009 0.879472
0.855283 0.837093
0.873217 0.877068
0.851892 0.854075
0.851218 0.871991
0.848323 0.851825
0.822963 0.842628
0.825572 0.81522
0.848809 0.861223
0.831875 0.833607
0.826729 0.861262
0.82761 0.836768
0.813669 0.820935
0.845631 0.840288
0.815166 0.846653
0.812949 0.830295
0.803136 0.785016
0.811818 0.827592
0.851931 0.851368
0.8238 0.823918
0.813743 0.808015
0.813015 0.822376
0.811902 0.839744
0.802014 0.830423
0.820688 0.81078
0.83094 0.8151
0.823854 0.809385
0.82465 0.804187
0.750245 0.775701
0.799719 0.825997
0.851586 0.833964
0.837881 0.821525
0.83003 0.847224
0.831722 0.851241
0.86139 0.831793
0.864951 0.834805
0.835026 0.826015
0.848439 0.860896
0.863091 0.866775
0.854493 0.846338
0.823596 0.81162
0.813572 0.807514
0.828204 0.837785
0.850456 0.862333
0.803875 0.807524
0.868855 0.853869
0.889804 0.887904
0.884899 0.869043
0.878083 0.864603
0.868775 0.874676
0.877651 0.872221
0.851646 0.849895
0.857227 0.872748
0.836214 0.825057
0.858688 0.859799
0.851902 0.827996
0.861274 0.858071
0.820541 0.813631
0.852554 0.852715
0.814072 0.818628
0.838333 0.846321
0.860093 0.856784
0.824147 0.827144
0.833218 0.861009
0.870032 0.873468
0.831468 0.846989
0.880315 0.85606
0.844304 0.828353
0.86466 0.866904
0.833052 0.82073
0.827105 0.827704
0.856387 0.847394
0.833029 0.821456
0.83149 0.837077
0.843905 0.82081
0.835336 0.816779
0.803945 0.820643
0.865489 0.846149
0.836168 0.844011
0.853193 0.861459
0.84521 0.848186
0.818045 0.815414
0.80879 0.804186
0.817706 0.812795
0.841834 0.844653
0.824833 0.834534
0.82224 0.811583
0.847006 0.836514
0.863438 0.853214
0.821334 0.836141
0.817621 0.855969
0.827044 0.828661
0.803951 0.814857
0.805602 0.817115
0.829687 0.840577
0.817827 0.810267
0.818468 0.842779
0.826218 0.812505
0.806581 0.772598
0.768049 0.788414
0.800688 0.778659
0.816553 0.809442
0.829012 0.791669
0.805326 0.796918
0.805142 0.819495
0.832354 0.839567
0.842653 0.82636
0.863994 0.841891
0.847655 0.848565
0.845095 0.843744
0.846658 0.852494
0.851247 0.829415
0.827133 0.832085
0.829616 0.842679
0.87477 0.867277
0.799007 0.821627
0.81145 0.814416
0.810581 0.816636
0.799904 0.80612
0.804227 0.804199
0.780111 0.774831
0.811759 0.811265
0.790119 0.745692
0.81456 0.82651
0.849926 0.824949
0.867465 0.852606
0.837417 0.841512
0.848906 0.842649
0.858683 0.880537
0.825961 0.82448
0.824349 0.833553
0.855874 0.814045
0.859587 0.873903
0.889201 0.901964
0.87728 0.877339
0.861416 0.872478
0.889237 0.87223
0.840264 0.837219
0.816632 0.86164
0.860399 0.866409
0.844179 0.830172
0.865615 0.854546
0.815524 0.841532
0.833937 0.827218
0.891459 0.901262
0.890781 0.861861
0.868963 0.870222
0.844222 0.839814
0.8401 0.841197
0.858947 0.852763
0.866109 0.855164
0.841855 0.836823
0.807668 0.824276
0.866978 0.856262
0.875917 0.87261
0.854249 0.850352
0.867921 0.886212
0.867069 0.848639
0.867708 0.857634
0.821442 0.826028
0.805094 0.806969
0.833618 0.829677
