-436
-446
-466
-468
-454
-458
-472
-500
-450
-438
-422
-420
-464
-456
-480
-488
-488
-472
-476
-490
-480
-450
-454
-452
-446
-468
-490
-460
-430
-446
-426
-420
-444
-420
-440
-462
-480
-496
-518
-504
-486
-462
-452
-450
-430
-394
-428
-432
-440
-432
-410
-424
-416
-428
-456
-464
-406
-420
-402
-392
-374
-368
-394
-390
-442
-460
-466
-486
-450
-416
-432
-432
-430
-446
-426
-416
-454
-446
-448
-434
-440
-430
-440
-438
-466
-474
-476
-458
-452
-462
-504
-472
-464
-480
-498
-498
-452
-480
-464
-444
-460
-424
-434
-426
-454
-438
-444
-450
-436
-462
-460
-486
-508
-482
-508
-466
-474
-434
-476
-486
-486
-476
-454
-448
-440
-468
-468
-464
-450
-480
-498
-490
-506
-492
-456
-472
-466
-460
-442
-452
-462
-472
-466
-464
-474
-454
-498
-484
-480
-452
-440
-446
-436
-458
-448
-444
-460
-452
-474
-460
-464
-448
-430
-414
-414
-410
-440
-444
-434
-460
-462
-446
-430
-426
-442
-434
-430
-420
-418
-380
-364
-388
-418
-374
-402
-418
-392
-382
-394
-412
-428
-434
-428
-422
-418
-468
-450
-468
-464
-464
-448
-442
-424
-464
-456
-454
-484
-468
-482
-466
-496
-486
-488
-446
-468
-454
-424
-486
-436
-444
-464
-440
-464
-496
-500
-498
-488
-508
-490
-482
-472
-496
-484
-448
-456
-438
-428
-454
-456
-486
-510
-498
-476
-484
-486
-458
-468
-470
-494
-514
-470
-502
-502
-458
-472
-432
-444
-448
-432
-486
-486
-476
-480
-480
-468
-464
-506
-460
-468
-454
-458
-446
-448
-474
-466
-454
-464
-456
-464
-474
-486
-450
-470
-460
-466
-456
-498
-516
-520
-498
-500
-496
-482
-458
-440
-452
-454
-456
-468
-462
-458
-482
-484
-446
-454
-438
-490
-492
-484
-490
-488
-472
-466
-476
-502
-514
-490
-450
-420
-434
-428
-418
-426
-450
-456
-474
-480
-464
-500
-498
-488
-446
-478
-456
-446
-496
-464
-476
-486
-480
-484
-462
-468
-454
-454
-478
-446
-462
-434
-418
-436
-458
-454
-460
-482
-416
-390
-388
-380
-396
-396
-390
-416
-418
-388
-404
-422
-436
-404
-424
-462
-450
-452
-458
-410
-446
-478
-490
-496
-458
-440
-458
-454
-466
-454
-430
-422
-432
-398
-444
-436
-462
-488
-512
-504
-472
-470
-466
-482
-450
-432
-444
-444
-448
-458
-458
-478
-498
-498
-500
-482
-476
-498
-482
-464
-430
-432
-468
-474
-460
-450
-470
-482
-484
-480
-478
-428
-404
-408
-416
-418
-392
-426
-416
-428
-394
-448
-410
-426
-426
-410
-428
-408
-420
-418
-430
-410
-396
-390
-384
-372
-348
-312
-354
-334
-354
-372
-366
-368
-336
-334
-366
-392
-388
-368
-360
-344
-402
-380
-350
-336
-334
-370
-364
-352
-322
-358
-360
-356
-376
-388
-388
-388
-402
-352
-352
-364
-388
-382
-400
-422
-460
-452
-456
-458
-476
-472
-492
-474
-472
-470
-504
-476
-430
-462
-488
-498
-464
-458
-470
-448
-444
-490
-506
-478
-458
-480
-484
-490
-466
-482
-462
-450
-438
-428
-406
-456
-446
-436
-462
-448
-446
-464
-502
-458
-490
-488
-470
-474
-444
-466
-460
-454
-486
-460
-464
-472
-490
-490
-498
-524
-492
-430
-420
-406
-414
-424
-438
-462
-456
-436
-452
-480
-462
-490
-482
-484
-498
-522
-464
-472
-508
-500
-506
-504
-496
-512
-520
-496
-484
-494
-470
-476
-440
-464
-478
-504
-482
-476
-460
-478
-458
-474
-482
-482
-494
-466
-470
-448
-476
-432
-420
-418
-418
-420
-402
-396
-414
-418
-456
-440
-434
-406
-412
-382
-394
-398
-430
-444
-428
-418
-420
-368
-376
-400
-386
-426
-412
-406
-450
-478
-428
-430
-400
-408
-406
-400
-428
-470
-462
-452
-438
-426
-438
-436
-422
-402
-430
-416
-428
-434
-424
-388
-392
-350
-340
-340
-356
-368
-360
-372
-378
-382
-394
-388
-432
-420
-464
-436
-472
-438
-478
-490
-458
-448
-410
-422
-398
-390
-408
-400
-412
-438
-428
-432
-448
-442
-416
-418
-422
-440
-456
-472
-490
-502
-508
-476
-470
-466
-486
-488
-502
-492
-510
-492
-464
-464
-478
-476
-506
-462
-486
-480
-504
-486
-474
-458
-460
-462
-460
-504
-492
-492
-506
-484
-508
-520
-490
-462
-436
-394
-422
-426
-404
-378
-424
-432
-414
-428
-442
-450
-472
-470
-440
-448
-444
-418
-448
-430
-414
-450
-416
-412
-406
-418
-412
-410
-426
-444
-452
-442
-478
-474
-474
-470
-480
-446
-466
-470
-440
-446
-438
-452
-444
-448
-488
-478
-488
-468
-464
-478
-462
-436
-428
-424
-432
-402
-440
-426
-444
-476
-452
-486
-488
-468
-502
-492
-496
-468
-466
-474
-452
-448
-456
-464
-452
-478
-474
-476
-508
-520
-506
-508
-504
-486
-470
-480
-474
-468
-494
-496
-480
-468
-478
-464
-460
-492
-508
-496
-476
-502
-500
-492
-486
-470
-468
-442
-426
-414
-428
-442
-466
-426
-456
-430
-420
-418
-414
-406
-424
-398
-384
-430
-444
-426
-440
-436
-440
-462
-472
-432
-468
-434
-472
-494
-468
-432
-432
-468
-454
-470
-438
-488
-492
-500
-496
-460
-458
-462
-440
-442
-444
-394
-444
-450
-430
-462
-444
-450
-448
-460
-444
-438
-416
-456
-456
-472
-506
-512
-464
-470
-456
-418
-450
-456
-446
-458
-458
-440
-424
-420
-440
-426
-434
-398
-414
-422
-452
-456
-450
-438
-410
-458
-468
-490
-488
-492
-482
-492
-494
-532
-500
-470
-458
-474
-454
-426
-442
-422
-446
-456
-396
-418
-432
-476
-470
-490
-450
-476
-484
-472
-466
-476
-466
-474
-454
-416
-410
-432
-410
-420
-452
-414
-434
-422
-448
-416
-400
-398
-434
-438
-438
-422
-466
-450
-424
-426
-412
-466
-456
-430
-418
-372
-392
-388
-402
-446
-418
-412
-422
-392
-398
-344
-324
-338
-314
-356
-384
-384
-392
-396
-420
-440
-454
-468
-450
-456
-450
-454
-444
-458
-480
-490
-506
-486
-484
-498
-502
-492
-468
-488
-486
-468
-470
-494
-460
-452
-484
-492
-460
-442
-442
-426
-422
-388
-392
-420
-434
-418
-416
-468
-468
-472
-482
-470
-474
-424
-388
-408
-400
-400
-376
-400
-420
-450
-414
-432
-442
-462
-494
-476
-480
-470
-488
-490
-478
-510
-490
-484
-476
-472
-486
-484
-486
-484
-478
-468
-462
-488
-476
-488
-492
-478
-482
-494
-480
-452
-456
-450
-440
-466
-470
-436
-418
-446
-496
-476
-460
-442
-450
-452
-456
-442
-440
-428
-448
-428
-422
-414
-452
-480
-486
-470
-488
-500
-506
-484
-462
-454
-476
-490
-510
-502
-514
-504
-492
-464
-444
-428
-444
-388
-396
-386
-354
-340
-296
-340
-336
-362
-346
-336
-330
-360
-370
-376
-380
-388
-384
-396
-404
-414
-386
-400
-396
-362
-394
-358
-382
-390
-420
-392
-388
-430
-408
-424
-444
-460
-404
-436
-434
-430
-466
-478
-480
-430
-450
-490
-480
-502
-484
-470
-462
-472
-516
-506
-480
-488
-478
-496
-466
-490
-492
-504
-466
-478
-462
-452
-454
-412
-396
-406
-408
-434
-490
-500
-472
-506
-482
-468
-444
-428
-424
-422
-384
-422
-392
-418
-370
-386
-384
-368
-386
-392
-396
-440
-398
-416
-374
-416
-448
-478
-478
-482
-496
-478
-474
-476
-478
-482
-468
-466
-480
-448
-450
-434
-442
-476
-434
-392
-410
-438
-450
-464
-480
-450
-450
-450
-464
-464
-438
-454
-498
-502
-474
-506
-498
-496
-492
-486
-454
-504
-512
-508
-444
-450
-470
-452
-450
-496
-492
-470
-492
-528
-502
-484
-474
-422
-442
-494
-494
-484
-450
-460
-462
-504
-478
-486
-458
-484
-484
-462
-482
-462
-474
-508
-456
-470
-470
-464
-472
-450
-428
-412
-456
-444
-466
-488
-484
-482
-492
-474
-452
-478
-474
-468
-442
-442
-480
-476
-486
-458
-426
-442
-448
-440
-442
-470
-458
-476
-478
-456
-474
-468
-482
-480
-482
-456
-476
-460
-448
-448
-460
-472
-480
-472
-450
-440
-450
-470
-448
-504
-500
-500
-498
-486
-510
-520
-506
-486
-488
-508
-466
-440
-450
-478
-458
-450
-454
-476
-482
-462
-444
-482
-478
-466
-438
-448
-484
-458
-412
-402
-400
-412
-406
-430
-418
-426
-412
-438
-440
-436
-392
-380
-392
-390
-366
-400
-380
-390
-350
-314
-262
-306
-310
-302
-336
-386
-404
-396
-394
-414
-452
-458
-452
-476
-482
-482
-486
-468
-440
-464
-452
-440
-446
-450
-456
-448
-426
-400
-412
-454
-452
-440
-456
-448
-442
-426
-430
-420
-414
-444
-476
-476
-446
-488
-494
-480
-488
-464
-420
-462
-446
-442
-422
-422
-430
-422
-452
-428
-432
-430
-426
-426
-428
-444
-436
-430
-406
-402
-388
-394
-372
-364
-378
-424
-468
-454
-462
-472
-468
-500
-492
-468
-456
-450
-482
-484
-474
-468
-468
-482
-490
-474
-466
-482
-476
-496
-494
-502
-464
-468
-504
-464
-472
-486
-478
-452
-446
-486
-470
-486
-488
-484
-496
-494
-492
-490
-488
-502
-500
-498
-482
-470
-486
-476
-504
-478
-506
-498
-492
-490
-460
-452
-464
-462
-462
-436
-440
-466
-476
-476
-504
-488
-502
-512
-502
-494
-466
-462
-466
-464
-434
-422
-446
-472
-432
-472
-462
-448
-480
-492
-464
-512
-484
-464
-464
-476
-478
-466
-440
-428
-426
-460
-442
-462
-438
-432
-424
-468
-472
-470
-484
-470
-486
-482
-478
-466
-458
-472
-470
-468
-476
-458
-468
-440
-458
-444
-420
-412
-452
-468
-448
-480
-472
-452
-486
-462
-458
-470
-476
-450
-450
-440
-422
-424
-450
-406
-420
-464
-444
-410
-360
-356
-356
-374
-406
-418
-382
-424
-452
-486
-448
-436
-448
-430
-440
-452
-454
-428
-446
-436
-412
-390
-428
-388
-364
-378
-368
-330
-320
-364
-350
-368
-342
-358
-342
-374
-390
-344
-370
-326
-314
-312
-336
-346
-280
-302
-298
-290
-324
-364
-364
-382
-368
-386
-372
-414
-458
-454
-404
-442
-444
-444
-452
-450
-428
-460
-406
-434
-424
-414
-412
-454
-436
-456
-468
-452
-408
-456
-466
-472
-478
-472
-460
-438
-404
-398
-414
-396
-362
-368
-388
-420
-444
-476
-444
-440
-448
-478
-482
-452
-480
-476
-470
-462
-458
-476
-440
-466
-466
-486
-474
-460
-470
-476
-478
-474
-448
-470
-448
-446
-446
-462
-470
-460
-476
-450
-456
-462
-470
-470
-458
-456
-460
-460
-472
-478
-452
-458
-442
-438
-420
-438
-430
-446
-472
-448
-496
-490
-464
-440
-446
-438
-414
-388
-394
-400
-380
-392
-356
-382
-366
-352
-366
-350
-376
-416
-418
-410
-410
-434
-402
-428
-386
-366
-400
-382
-368
-360
-322
-284
-292
-318
-312
-284
-260
-274
-246
-240
-278
-326
-282
-326
-324
-298
-318
-342
-316
-312
-362
-356
-362
-372
-348
-370
-424
-404
-396
-364
-342
-324
-314
-318
-342
-356
-372
-386
-398
-402
-370
-346
-350
-370
-390
-414
-396
-408
-394
-398
-426
-398
-380
-386
-374
-328
-362
-380
-418
-384
-398
-366
-358
-338
-384
-378
-388
-380
-394
-428
-398
-404
-440
-488
-460
-460
-484
-462
-426
-446
-474
-458
-464
-470
-466
-454
-448
-422
-426
-426
-444
-424
-416
-408
-394
-430
-394
-418
-416
-416
-416
-398
-402
-394
-388
-366
-354
-326
-340
-322
-318
-344
-372
-384
-412
-420
-414
-424
-402
-398
-414
-392
-400
-400
-372
-366
-414
-412
-434
-444
-406
-410
-424
-438
-456
-426
-426
-450
-432
-426
-412
-384
-368
-404
-410
-392
-394
-376
-378
-422
-454
-444
-416
-400
-438
-434
-468
-472
-482
-488
-486
-472
-458
-432
-472
-454
-450
-456
-434
-442
-432
-442
-416
-418
-418
-466
-472
-492
-490
-478
-484
-452
-444
-454
-436
-464
-470
-480
-474
-456
-440
-430
-430
-460
-484
-488
-496
-494
-490
-500
-500
-498
-476
-494
-502
-514
-498
-502
-496
-466
-514
-482
-450
-452
-448
-460
-492
-502
-528
-522
-490
-472
-472
-472
-462
-484
-460
-428
-424
-430
-398
-412
-416
-436
-434
-412
-430
-472
-444
-466
-444
-442
-446
-482
-492
-502
-476
-498
-492
-520
-456
-460
-458
-454
-470
-470
-468
-506
-502
-456
-480
-498
-510
-474
-470
-470
-502
-488
-486
-484
-484
-494
-496
-466
-460
-466
-464
-460
-472
-486
-500
-478
-438
-394
-434
-438
-468
-466
-462
-460
-464
-460
-442
-434
-434
-468
-472
-440
-448
-426
-452
-446
-478
-482
-470
-460
-498
-506
-498
-478
-498
-484
-502
-476
-472
-452
-448
-458
-468
-468
-462
-460
-438
-402
-472
-448
-444
-430
-434
-430
-428
-430
-428
-406
-410
-406
-428
-416
-424
-444
-412
-406
-390
-354
-380
-390
-376
-450
-420
-454
-442
-440
-444
-458
-462
-464
-476
-448
-462
-460
-478
-500
-472
-478
-504
-486
-454
-444
-458
-474
-472
-478
-484
-454
-460
-462
-466
-486
-490
-482
-476
-506
-510
-524
-498
-490
-478
-496
-486
-484
-480
-468
-488
-468
-430
-456
-440
-446
-434
-408
-418
-424
-472
-488
-482
-510
-458
-486
-534
-526
-514
-514
-496
-492
-460
-444
-484
-478
-458
-412
-382
-432
-416
-446
-468
-438
-434
-432
-446
-382
-364
-418
-414
-426
-414
-424
-472
-460
-502
-498
-494
-472
-502
-512
-476
-492
-524
-508
-512
-498
-488
-504
-490
-480
-526
-492
-476
-454
-480
-478
-452
-470
-504
-496
-494
-496
-472
-492
-518
-480
-488
-494
-492
-456
-472
-482
-498
-492
-468
-482
-480
-510
-500
-494
-486
-474
-458
-482
-490
-486
-490
-498
-490
-460
-468
-476
-444
-430
-426
-420
-404
-408
-448
-464
-468
-420
-420
-450
-428
-412
-382
-426
-440
-440
-440
-430
-428
-454
-466
-462
-500
-504
-506
-492
-496
-492
-520
-528
-494
-478
-452
-492
-452
-486
-474
-514
-504
-498
-480
-504
-496
-504
-504
-504
-482
-476
-462
-482
-478
-478
-476
-462
-422
-434
-444
-464
-474
-436
-464
-456
-460
-466
-458
-490
-480
-474
-486
-508
-502
-500
-492
-480
-490
-484
-470
-484
-482
-502
-512
-486
-484
-478
-476
-460
-458
-494
-478
-490
-492
-498
-480
-484
-474
-470
-470
-458
-432
-444
-452
-436
-480
-490
-488
-476
-488
-494
-490
-464
-484
-452
-478
-466
-444
-460
-444
-414
-408
-428
-432
-392
-396
-382
-408
-402
-410
-422
-468
-480
-454
-450
-456
-450
-450
-448
-462
-440
-410
-416
-464
-434
-434
-450
-424
-404
-428
-438
-462
-452
-470
-462
-440
-396
-436
-400
-462
-450
-396
-384
-392
-376
-376
-390
-370
-386
-398
-370
-394
-448
-426
-410
-386
-356
-338
-346
-328
-334
-376
-374
-338
-340
-320
-362
-402
-358
-400
-434
-462
-452
-442
-444
-438
-426
-430
-432
-478
-450
-466
-446
-452
-456
-446
-470
-466
-458
-482
-430
-428
-424
-404
-438
-438
-428
-368
-384
-378
-378
-398
-404
-424
-444
-484
-466
-432
-432
-472
-468
-468
-468
-468
-456
-488
-478
-518
-490
-486
-464
-450
-414
-446
-434
-438
-464
-452
-472
-466
-478
-456
-420
-430
-434
-450
-438
-450
-468
-480
-470
-434
-448
-468
-460
-428
-384
-406
-386
-348
-386
-398
-366
-378
-404
-448
-426
-420
-406
-436
-436
-468
-462
-484
-502
-480
-498
-502
-522
-516
-512
-490
-480
-462
-466
-446
-424
-392
-420
-430
-436
-456
-484
-436
-394
-394
-386
-434
-450
-420
-394
-388
-376
-414
-386
-414
-374
-396
-378
-432
-466
-476
-440
-450
-444
-440
-448
-466
-430
-396
-414
-412
-414
-442
-404
-414
-382
-424
-450
-414
-420
-440
-442
-450
-456
-458
-436
-418
-444
-398
-424
-468
-484
-474
-442
-472
-510
-476
-478
-498
-518
-518
-512
-524
-504
-496
-498
-490
-480
-476
-496
-482
-462
-458
-424
-472
-458
-478
-470
-490
-448
-470
-482
-494
-490
-470
-448
-440
-450
-482
-484
-476
-480
-492
-466
-480
-462
-488
-464
-438
-458
-424
-434
-434
-402
-418
-430
-434
-454
-456
-474
-480
-508
-504
-520
-494
-530
-478
-512
-490
-456
-480
-500
-498
-478
-488
-512
-480
-454
-462
-480
-462
-462
-456
-452
-470
-454
-458
-436
-414
-398
-414
-434
-420
-426
-432
-456
-430
-440
-450
-484
-432
-440
-484
-486
-482
-494
-488
-490
-480
-474
-468
-468
-456
-464
-482
-480
-460
-462
-478
-472
-502
-470
-496
-500
-474
-476
-448
-438
-428
-472
-460
-486
-454
-454
-486
-484
-456
-454
-468
-478
-492
-478
-468
-474
-448
-436
-436
-446
-452
-470
-458
-454
-418
-448
-458
-458
-464
-458
-452
-466
-470
-530
-492
-490
-516
-470
-480
-468
-434
-396
-428
-412
-396
-376
-398
-396
-400
-444
-444
-432
-448
-452
-462
-470
-456
-428
-434
-416
-410
-426
-392
-430
-428
-446
-472
-454
-454
-450
-468
-466
-472
-442
-450
-464
-490
-496
-472
-480
-484
-478
-436
-468
-422
-468
-468
-498
-468
-460
-460
-464
-460
-486
-494
-496
-500
-472
-482
-488
-500
-512
-488
-506
-496
-458
-426
-502
-472
-484
-478
-490
-496
-496
-484
-484
-484
-498
-466
-466
-452
-458
-486
-484
-500
-512
-508
-508
-478
-480
-508
-516
-488
-502
-502
-502
-486
-498
-490
-504
-500
-506
-458
-482
-476
-484
-482
-446
-464
-450
-418
-444
-436
-386
-360
-356
-372
-384
-400
-406
-454
-438
-464
-444
-480
-460
-436
-400
-436
-446
-504
-466
-470
-516
-500
-478
-446
-458
-432
-442
-452
-438
-440
-442
-430
-462
-450
-468
-438
-464
-464
-442
-416
-412
-396
-412
-404
-444
-468
-470
-506
-494
-498
-478
-472
-466
-428
-454
-456
-474
-472
-496
-524
-512
-478
-472
-466
-460
-486
-472
-480
-476
-466
-476
-486
-486
-486
-476
-444
-456
-452
-486
-468
-454
-464
-466
-448
-446
-428
-410
-410
-436
-420
-412
-432
-420
-418
-454
-480
-502
-508
-490
-492
-454
-456
-468
-452
-468
-488
-484
-452
-482
-506
-490
-482
-472
-472
-488
-490
-448
-474
-496
-454
-450
-440
-454
-482
-490
-472
-496
-472
-464
-484
-472
-422
-410
-400
-460
-464
-454
-470
-484
-486
-512
-490
-480
-478
-490
-482
-436
-462
-450
-470
-476
-460
-428
-452
-432
-412
-404
-376
-398
-394
-430
-386
-362
-370
-338
-348
-334
-300
-392
-374
-396
-400
-390
-424
-414
-436
-390
-404
-426
-436
-428
-438
-468
-462
-488
-446
-454
-454
-458
-468
-454
-462
-480
-492
-462
-484
-460
-478
-466
-500
-506
-468
-492
-482
-470
-450
-472
-448
-424
-398
-430
-442
-484
-484
-478
-446
-452
-468
-432
-442
-414
-448
-448
-472
-472
-494
-478
-494
-484
-454
-462
-476
-448
-430
-430
-468
-468
-468
-444
-474
-460
-456
-452
-438
-388
-432
-486
-492
-504
-506
-498
-512
-526
-512
-484
-494
-484
-464
-458
-446
-456
-456
-436
-436
-478
-458
-458
-458
-468
-482
-466
-512
-516
-512
-454
-418
-410
-412
-390
-356
-362
-356
-342
-370
-372
-382
-336
-324
-328
-342
-364
-348
-324
-294
-260
-250
-236
-244
-258
-240
-256
-228
-164
-156
-162
-134
-176
-184
-194
-210
-226
-212
-210
-212
-274
-300
-316
-324
-328
-386
-420
-384
-388
-380
-396
-422
-400
-380
-366
-378
-382
-402
-422
-446
-456
-436
-504
-482
-512
-514
-502
-492
-486
-464
-474
-480
-460
-488
-510
-470
-436
-398
-394
-404
-402
-400
-408
-458
-460
-472
-458
-486
-476
-490
-512
-484
-476
-474
-518
-488
-488
-482
-460
-498
-476
-486
-486
-510
-506
-486
-488
-470
-482
-492
-466
-468
-492
-506
-502
-520
-512
-486
-514
-474
-490
-464
-446
-464
-478
-488
-470
-488
-492
-492
-496
-438
-470
-472
-480
-468
-448
-444
-426
-398
-418
-444
-468
-466
-500
-470
-446
-444
-444
-414
-384
-376
-388
-364
-370
-340
-352
-348
-340
-340
-366
-410
-348
-350
-354
-306
-288
-230
-268
-260
-290
-276
-312
-322
-330
-314
-294
-330
-356
-342
-374
-396
-360
-384
-406
-430
-418
-462
-470
-460
-464
-460
-460
-438
-434
-460
-424
-406
-428
-394
-400
-372
-408
-380
-418
-390
-424
-460
-446
-446
-430
-450
-456
-470
-450
-478
-486
-450
-434
-446
-460
-456
-462
-450
-454
-446
-432
-440
-438
-464
-436
-458
-452
-474
-458
-458
-460
-416
-438
-434
-422
-418
-418
-438
-380
-404
-390
-398
-370
-424
-454
-444
-464
-478
-468
-452
-466
-438
-474
-462
-482
-468
-456
-450
-468
-454
-436
-426
-472
-474
-468
-472
-458
-456
-480
-476
-460
-468
-470
-482
-482
-478
-486
-508
-482
-452
-468
-484
-468
-486
-480
-452
-474
-472
-488
-478
-498
-426
-426
-432
-422
-434
-430
-476
-454
-456
-428
-458
-444
-432
-460
-444
-464
-466
-444
-472
-430
-424
-440
-454
-456
-476
-444
-422
-420
-420
-414
-432
-450
-432
-428
-414
-380
-430
-446
-480
-440
-430
-364
-368
-388
-374
-436
-448
-478
-476
-496
-490
-486
-472
-480
-462
-482
-486
-472
-438
-434
-474
-460
-472
-466
-468
-466
-438
-440
-464
-466
-488
-496
-492
-496
-476
-458
-466
-460
-432
-458
-452
-458
-490
-474
-484
-474
-488
-474
-474
-482
-474
-456
-496
-488
-472
-508
-514
-494
-480
-488
-472
-490
-468
-454
-462
-444
-430
-484
-460
-442
-448
-432
-390
-380
-366
-388
-372
-352
-380
-366
-388
-410
-420
-442
-428
-414
-406
-444
-426
-396
-412
-426
-434
-424
-446
-436
-456
-450
-442
-424
-436
-398
-446
-462
-480
-466
-444
-458
-466
-462
-494
-488
-494
-482
-500
-498
-490
-490
-472
-488
-484
-476
-508
-468
-440
-496
-498
-476
-496
-482
-474
-496
-470
-468
-486
-482
-494
-474
-476
-480
-486
-462
-474
-456
-422
-444
-410
-408
-432
-440
-430
-390
-430
-452
-468
-448
-464
-472
-448
-478
-456
-430
-438
-422
-456
-458
-468
-470
-466
-456
-478
-454
-498
-500
-492
-476
-466
-482
-466
-462
-456
-466
-474
-448
-458
-450
-454
-456
-480
-438
-440
-436
-446
-440
-450
-458
-470
-454
-432
-428
-436
-454
-472
-490
-456
-470
-448
-444
-480
-462
-456
-454
-456
-478
-456
-452
-486
-460
-448
-464
-460
-502
-482
-490
-466
-464
-454
-478
-486
-462
-464
-466
-480
-450
-466
-478
-440
-478
-486
-506
-500
-488
-480
-448
-460
-468
-466
-462
-456
-462
-488
-450
-464
-458
-466
-450
-444
-442
-442
-440
-440
-470
-460
-488
-474
-460
-452
-430
-448
-446
-450
-444
-432
-442
-430
-418
-410
-432
-436
-452
-464
-464
-442
-476
-488
-490
-466
-466
-442
-462
-454
-478
-464
-480
-460
-460
-438
-468
-444
-460
-446
-418
-418
-408
-406
-440
-470
-434
-414
-416
-424
-404
-432
-458
-468
-450
-430
-432
-426
-448
-456
-448
-446
-464
-452
-476
-476
-466
-472
-434
-428
-416
-406
-458
-464
-462
-476
-464
-466
-470
-472
-500
-506
-476
-518
-488
-496
-488
-480
-476
-494
-494
-492
-504
-462
-482
-482
-452
-424
-454
-470
-480
-464
-486
-444
-456
-450
-468
-474
-474
-500
-478
-500
-486
-444
-480
-462
-428
-454
-466
-454
-446
-438
-446
-468
-450
-470
-464
-480
-498
-506
-476
-486
-478
-452
-458
-464
-482
-458
-450
-476
-482
-522
-508
-490
-476
-454
-480
-494
-478
-496
-492
-518
-512
-502
-488
-494
-484
-498
-480
-496
-466
-432
-472
-472
-500
-514
-494
-518
-482
-490
-478
-492
-476
-498
-494
-492
-478
-470
-490
-444
-486
-486
-466
-462
-464
-436
-454
-478
-436
-460
-438
-410
-430
-448
-444
-450
-418
-458
-462
-454
-448
-462
-478
-448
-450
-448
-472
-470
-470
-474
-490
-478
-462
-460
-490
-462
-466
-500
-472
-468
-462
-470
-430
-420
-456
-422
-426
-436
-476
-476
-460
-456
-438
-450
-440
-448
-478
-450
-446
-430
-430
-486
-450
-448
-448
-478
-476
-472
-468
-492
-492
-504
-516
-468
-464
-482
-488
-468
-468
-466
-462
-470
-470
-460
-448
-440
-460
-474
-450
-448
-446
-452
-478
-474
-472
-502
-510
-466
-468
-494
-504
-490
-492
-492
-506
-490
-478
-474
-502
-508
-490
-510
-472
-478
-472
-452
-454
-460
-496
-488
-504
-488
-468
-468
-464
-474
-444
-424
-436
-434
-396
-412
-450
-450
-458
-450
-452
-446
-478
-498
-492
-488
-504
-498
-472
-500
-492
-492
-488
-456
-442
-428
-454
-430
-432
-442
-436
-398
-410
-438
-406
-414
-410
-444
-442
-412
-442
-426
-424
-448
-468
-466
-440
-432
-462
-486
-450
-456
-436
-462
-462
-486
-462
-484
-480
-468
-470
-468
-488
-474
-468
-484
-504
-496
-498
-510
-528
-500
-466
-502
-478
-460
-410
-408
-406
-392
-370
-356
-382
-376
-374
-386
-386
-396
-400
-376
-322
-352
-324
-328
-346
-406
-368
-352
-348
-358
-328
-302
-366
-382
-382
-392
-364
-354
-360
-360
-378
-438
-430
-438
-440
-408
-412
-444
-470
-430
-450
-454
-480
-486
-458
-432
-450
-424
-458
-478
-450
-428
-450
-428
-432
-442
-430
-474
-452
-438
-418
-442
-462
-440
-412
-418
-426
-420
-458
-460
-440
-456
-474
-488
-480
-484
-474
-462
-488
-426
-434
-474
-468
-490
-490
-478
-494
-498
-450
-446
-450
-500
-514
-530
-512
-486
-480
-500
-494
-500
-498
-486
-476
-472
-480
-494
-494
-472
-460
-446
-460
-454
-442
-440
-416
-418
-348
-350
-364
-370
-368
-378
-344
-346
-344
-386
-416
-412
-442
-438
-442
-474
-442
-474
-448
-458
-424
-464
-428
-428
-382
-374
-386
-370
-390
-356
-344
-342
-376
-344
-332
-344
-324
-314
-304
-296
-274
-298
-304
-344
-332
-312
-340
-312
-318
-326
-360
-352
-382
-366
-370
-374
-324
-352
-346
-358
-370
-290
-318
-340
-352
-300
-282
-306
-288
-262
-318
-312
-274
-294
-278
-280
-298
-294
-326
-292
-314
-312
-312
-286
-284
-272
-292
-322
-324
-282
-278
-260
-264
-308
-246
-230
-226
-236
-266
-268
-230
-252
-264
-278
-274
-314
-310
-352
-360
-330
-312
-342
-356
-368
-402
-352
-324
-344
-356
-326
-296
-332
-304
-300
-292
-286
-266
-280
-260
-280
-326
-344
-336
-306
-300
-330
-314
-310
-280
-302
-260
-276
-316
-336
-338
-308
-346
-352
-398
-392
-416
-388
-334
-380
-372
-334
-342
-368
-414
-376
-380
-358
-360
-382
-394
-402
-360
-366
-360
-372
-352
-342
-358
-362
-324
-344
-300
-334
-324
-280
-288
-296
-312
-292
-296
-294
-294
-300
-278
-278
-296
-296
-288
-258
-296
-320
-324
-324
-330
-316
-310
-344
-368
-332
-302
-302
-264
-300
-306
-272
-316
-330
-342
-306
-342
-358
-386
-344
-334
-296
-316
-354
-348
-332
-320
-302
-298
-288
-328
-312
-288
-288
-278
-318
-314
-292
-262
-300
-308
-320
-312
-310
-316
-366
-382
-386
-384
-350
-370
-350
-360
-410
-452
-434
-470
-442
-430
-440
-456
-434
-448
-386
-368
-380
-410
-416
-426
-460
-480
-470
-456
-468
-486
-458
-468
-488
-480
-482
-474
-494
-474
-486
-490
-474
-486
-480
-512
-502
-494
-476
-446
-468
-472
-478
-444
-456
-472
-480
-490
-522
-486
-492
-488
-456
-472
-470
-464
-446
-458
-478
-468
-482
-438
-416
-410
-438
-448
-434
-448
-468
-464
-472
-498
-488
-488
-492
-498
-498
-476
-522
-526
-522
-498
-476
-466
-430
-484
-456
-442
-442
-464
-482
-454
-470
-462
-480
-438
-452
-482
-478
-474
-466
-488
-488
-490
-494
-488
-500
-498
-498
-486
-472
-480
-444
-458
-468
-460
-448
-440
-454
-452
-474
-442
-458
-472
-450
-464
-474
-478
-480
-460
-458
-478
-450
-432
-448
-426
-420
-446
-452
-462
-426
-478
-434
-432
-452
-470
-482
-460
-470
-426
-458
-468
-480
-452
-464
-460
-470
-476
-478
-484
-464
-486
-490
-484
-496
-502
-482
-458
-420
-408
-360
-376
-390
-384
-368
-386
-402
-374
-358
-324
-328
-348
-388
-364
-338
-292
-310
-312
-312
-302
-294
-344
-326
-280
-310
-306
-294
-292
-234
-248
-228
-234
-294
-304
-320
-334
-318
-314
-296
-318
-294
-274
-292
-354
-324
-378
-392
-368
-374
-354
-340
-292
-296
-326
-312
-310
-292
-326
-300
-272
-314
-290
-312
-350
-332
-310
-280
-304
-296
-320
-294
-314
-314
-290
-314
-312
-302
-316
-336
-306
-282
-304
-314
-306
-270
-226
-268
-266
-236
-254
-256
-252
-236
-270
-270
-328
-312
-324
-314
-320
-332
-372
-366
-340
-318
-338
-326
-338
-354
-370
-354
-360
-336
-304
-322
-372
-388
-394
-424
-424
-414
-428
-438
-456
-436
-402
-374
-410
-386
-394
-390
-412
-412
-386
-394
-418
-406
-404
-434
-436
-422
-424
-432
-430
-432
-430
-424
-436
-410
-398
-378
-370
-388
-386
-386
-386
-374
-366
-342
-390
-378
-378
-392
-414
-406
-372
-352
-328
-394
-366
-354
-424
-416
-428
-432
-426
-434
-412
-428
-452
-458
-460
-452
-452
-452
-430
-420
-426
-442
-458
-474
-442
-448
-436
-468
-480
-498
-476
-432
-434
-454
-430
-410
-392
-384
-376
-396
-390
-406
-444
-462
-472
-462
-460
-456
-458
-480
-484
-492
-484
-492
-486
-504
-510
-498
-500
-486
-490
-456
-496
-470
-460
-466
-434
-442
-456
-438
-458
-466
-464
-458
-484
-482
-464
-506
-522
-518
-496
-482
-470
-470
-462
-448
-478
-492
-454
-466
-492
-478
-486
-466
-486
-484
-478
-458
-440
-434
-438
-426
