0.0933698 0.17997
0.123299 0.236732
0.178201 0.25407
0.176557 0.163179
0.117944 0.188665
0.0957423 0.220126
0.0893965 0.206026
0.151611 0.254076
0.145771 0.251513
0.194011 0.124494
0.13681 0.196455
0.128141 0.154265
0.160005 0.160067
0.125248 0.272298
0.101734 0.184076
0.150928 0.182825
0.0659353 0.198905
0.1191 0.234975
0.140544 0.126749
0.159995 0.226743
0.153303 0.233597
0.20457 0.273334
0.181177 0.261053
0.18861 0.180509
0.203406 0.205661
0.184178 0.179796
0.191705 0.224109
0.0953165 0.196883
0.194187 0.184426
0.117994 0.222551
0.0956569 0.149861
0.0964008 0.201115
0.181039 0.208721
0.183629 0.242772
0.115712 0.234794
0.150797 0.194622
0.141581 0.129413
0.143393 0.158602
0.122491 0.206196
0.0843645 0.118847
0.0714475 0.223837
0.0717897 0.167383
0.156005 0.200812
0.241923 0.292723
0.183951 0.223449
0.137931 0.196669
0.111643 0.238921
0.1827 0.193067
0.056358 0.195022
0.125107 0.208749
0.1684 0.174818
0.14592 0.216206
0.167244 0.247739
0.231282 0.171934
0.176302 0.212392
0.174357 0.272747
0.141503 0.19709
0.139049 0.218385
0.177134 0.223137
0.179068 0.248857
0.123141 0.231572
0.156394 0.151375
0.154717 0.161385
0.161729 0.296005
0.125236 0.272661
0.109323 0.272648
0.171773 0.295112
0.119165 0.234983
0.144436 0.14938
0.186709 0.223071
0.192139 0.193197
0.159668 0.184767
0.111947 0.265085
0.0974645 0.185486
0.091948 0.208601
0.127617 0.233127
0.0937178 0.190955
0.190348 0.157003
0.117525 0.207161
0.186171 0.129722
0.0879652 0.171358
0.18261 0.186834
0.181651 0.25275
0.207631 0.126465
0.129547 0.211028
0.142416 0.246656
0.130724 0.274128
0.1882 0.129341
0.12143 0.0708675
0.147521 0.203705
0.0914698 0.114849
0.15603 0.226677
0.127946 0.193746
0.126228 0.176115
0.0885771 0.221138
0.0253895 0.219121
0.0434239 0.186405
0.116511 0.216853
0.20967 0.139607
0.157645 0.224662
0.15825 0.183604
0.16354 0.152517
0.179624 0.208508
0.137182 0.280288
0.168572 0.214664
0.167199 0.231251
0.173214 0.18204
0.19447 0.184436
0.168762 0.187421
0.227986 0.196545
0.256304 0.188055
0.244895 0.193978
0.175118 0.169906
0.164036 0.158376
0.11372 0.24087
0.129141 0.314934
0.204972 0.203658
0.121263 0.17303
0.152823 0.217877
0.0957231 0.165812
0.187224 0.239542
0.139164 0.204364
0.0977412 0.221891
0.112521 0.212145
0.177703 0.221193
0.136395 0.20352
0.150256 0.201708
0.102706 0.158302
0.114205 0.232415
0.0893598 0.180091
0.0501823 0.19828
0.162808 0.152404
0.108319 0.23194
0.11571 0.177426
0.0444227 0.251153
0.129439 0.118057
0.0662436 0.185496
0.170427 0.196622
0.0456086 0.21509
0.18114 0.12292
0.206112 0.13965
0.0520664 0.156861
0.160738 0.0911464
0.13658 0.0937037
0.0787477 0.170876
0.0639837 0.173515
0.161266 0.205059
0.125358 0.231002
0.0710493 0.175359
0.110059 0.130904
0.0972768 0.192326
0.186062 0.199244
0.174402 0.138631
0.104603 0.258646
0.196496 0.183528
0.187699 0.241416
0.196774 0.188986
0.190927 0.172199
0.178368 0.154846
0.198354 0.248215
0.173948 0.20542
0.126464 0.18868
0.0798499 0.186465
0.142836 0.18013
0.149346 0.21117
0.131685 0.217571
0.193192 0.201899
0.128955 0.26018
0.107559 0.19345
0.202064 0.170305
0.100186 0.117555
0.129041 0.165841
0.1085 0.191163
0.11429 0.178787
0.124333 0.218308
0.0652994 0.169848
0.0982509 0.186779
0.138191 0.13693
0.086106 0.145095
0.163583 0.232375
0.0507746 0.116566
0.0935363 0.159432
0.0848915 0.106246
0.0867102 0.1816
0.0802771 0.22177
0.225022 0.246493
0.0854164 0.151606
0.158425 0.178509
0.174029 0.215817
0.139846 0.188217
0.147416 0.168993
0.15857 0.211149
0.184797 0.255972
0.231592 0.245705
0.250105 0.22541
0.158232 0.201836
0.183971 0.135617
0.150156 0.201512
0.110224 0.232194
0.119584 0.195509
0.135487 0.27884
0.213441 0.16488
0.130355 0.219832
0.199246 0.199043
0.112901 0.180297
0.222435 0.219485
0.194655 0.181191
0.13992 0.201112
0.260072 0.160557
0.0900894 0.184425
0.22176 0.239137
0.169684 0.265506
0.183458 0.217396
0.152512 0.193877
0.190046 0.194691
0.171744 0.214444
0.110562 0.218878
0.169452 0.132134
0.156759 0.200875
0.190468 0.209624
0.188178 0.216156
0.171436 0.164806
0.196081 0.238108
0.205937 0.185144
0.123167 0.167364
0.0741354 0.150998
0.0543351 0.178695
0.142804 0.208875
0.216019 0.168002
0.15672 0.13103
0.137854 0.225887
0.25169 0.16698
0.210943 0.270318
0.128201 0.20156
0.162876 0.204499
0.130958 0.171741
0.109995 0.22626
0.133495 0.192235
0.107735 0.210536
0.154745 0.215423
0.177209 0.212202
0.156742 0.228291
0.114548 0.154327
0.104772 0.217635
0.155143 0.205833
0.217292 0.165305
0.0876872 0.200839
0.13281 0.223544
0.0603566 0.242259
0.175193 0.111395
0.103572 0.219796
0.205396 0.143997
0.195575 0.248588
0.146465 0.297352
0.132228 0.182435
0.0775392 0.252887
0.122464 0.252721
0.1807 0.202892
0.154145 0.246313
0.178903 0.187313
0.139859 0.214796
0.101187 0.317825
0.171917 0.200711
0.154749 0.177334
0.211725 0.191399
0.133987 0.184278
0.0777333 0.212418
0.112681 0.137825
0.180834 0.191153
0.103183 0.185614
0.205552 0.263254
0.176224 0.220887
0.0919161 0.140077
0.105398 0.14803
0.140465 0.215987
0.0813604 0.159144
0.213107 0.194733
0.0819054 0.188907
0.0822529 0.237213
0.172443 0.154696
0.160669 0.245825
0.0516642 0.276434
0.128366 0.217809
0.0808203 0.226104
0.119359 0.250128
0.114756 0.220313
0.174811 0.205202
0.147469 0.201578
0.15706 0.167337
0.121596 0.0892666
0.105952 0.127637
0.148546 0.112627
0.07837 0.181707
0.165056 0.208918
0.123222 0.165982
0.150875 0.238579
0.0963461 0.180282
0.15266 0.166171
0.152262 0.252752
0.160426 0.193201
0.0646226 0.170171
0.173532 0.165009
0.158429 0.158944
0.0938467 0.146391
0.104814 0.239989
0.0643532 0.198518
0.146102 0.180507
0.111451 0.234032
0.0771671 0.129099
0.0840486 0.147829
0.06763 0.231463
0.0130657 0.217452
0.0820593 0.178613
0.086276 0.249413
0.0807689 0.214277
0.156559 0.188388
0.123994 0.260322
0.0731155 0.186913
0.168739 0.158442
0.169366 0.205356
0.101585 0.237221
0.0481148 0.197223
0.115829 0.210425
0.120279 0.129844
0.0917732 0.161541
0.169052 0.234499
0.111947 0.317221
0.189085 0.220422
0.163015 0.0721145
0.275268 0.206692
0.182633 0.169469
0.190172 0.20507
0.0712668 0.184022
0.156047 0.166324
0.187142 0.204268
0.160912 0.148531
0.143568 0.20503
0.176185 0.213259
0.201228 0.214309
0.0782085 0.202812
0.0096008 0.191363
0.0298328 0.179312
0.0985424 0.169547
0.124042 0.132285
0.098733 0.173818
0.245827 0.250854
0.243648 0.212446
0.133837 0.19652
0.0974657 0.183698
0.091396 0.244409
0.173941 0.215972
0.131153 0.200513
0.110836 0.218977
0.121914 0.181715
0.12071 0.15336
0.113349 0.214888
0.2534 0.195731
0.118085 0.185175
0.132519 0.183268
0.153291 0.263328
0.132852 0.191819
0.146692 0.177914
0.131799 0.169626
0.0648613 0.216267
0.155323 0.273084
0.095152 0.159493
0.0620547 0.224206
0.156121 0.214418
0.201086 0.258265
0.141199 0.229925
0.1509 0.203896
0.187089 0.263706
0.180963 0.142909
0.162715 0.188039
0.120355 0.204762
0.0958878 0.214749
0.145518 0.175605
0.13311 0.143523
0.14852 0.129968
0.124306 0.166198
0.112629 0.0915135
0.116677 0.176607
0.0495707 0.184608
0.07091 0.123991
0.090139 0.179104
0.187052 0.109202
0.16763 0.182152
0.124255 0.189704
0.14369 0.173881
0.113074 0.14786
0.204118 0.155821
0.0751953 0.194706
0.067767 0.174759
0.0571978 0.22804
0.101455 0.199098
0.0860102 0.186571
0.141633 0.15048
0.129306 0.199668
0.147794 0.198816
0.0955346 0.173601
0.0789378 0.196058
0.11938 0.205292
0.0251492 0.173283
0.054965 0.227148
0.0975785 0.220603
0.0793941 0.219429
0.0846912 0.195464
0.0689802 0.200851
0.0871268 0.219576
0.0945931 0.138551
0.120354 0.200623
0.110194 0.256462
0.020876 0.191268
0.027263 0.20546
0.0581585 0.242685
0.0721183 0.119236
0.12368 0.123931
0.0660306 0.203575
0.0619632 0.188815
0.080646 0.264998
0.0525392 0.21159
0.107776 0.191927
0.170749 0.234312
0.0901175 0.21719
0.136163 0.252011
0.213275 0.22585
0.212691 0.174231
0.158315 0.200691
0.228741 0.205711
0.143237 0.280046
0.0746248 0.180495
0.160443 0.232408
0.145406 0.133113
0.138177 0.193006
0.129362 0.206258
0.136705 0.206666
0.113096 0.152983
0.203407 0.19352
0.175801 0.120534
0.0740022 0.128868
0.16708 0.124674
0.216872 0.165164
0.135775 0.142705
0.106186 0.0910829
0.0671276 0.196323
0.0479404 0.210106
0.112919 0.213805
0.0945538 0.145115
0.198157 0.225813
0.170327 0.228044
0.174742 0.133749
0.171685 0.172555
0.189663 0.144613
0.103791 0.083863
0.0841633 0.256923
0.0996362 0.210079
0.0764139 0.203208
0.0687468 0.202755
0.10284 0.144963
0.0391408 0.144352
0.0408321 0.137696
0.0899755 0.191141
0.20772 0.135772
0.173751 0.253231
0.101402 0.201758
0.0650596 0.202697
0.103558 0.166447
0.212973 0.161153
0.116777 0.169285
0.198585 0.188831
0.127619 0.264424
0.176784 0.256082
0.228496 0.20062
0.191648 0.210126
0.138783 0.210128
0.121092 0.233588
0.159192 0.160961
0.100415 0.201908
0.0942557 0.130111
0.221681 0.221224
0.117119 0.219607
0.161219 0.156544
0.151469 0.151231
0.11849 0.115115
0.213541 0.244885
0.184848 0.266309
0.22867 0.2478
0.142306 0.153144
0.201383 0.140186
0.244172 0.139638
0.172764 0.193811
0.13223 0.21811
0.137091 0.169338
0.215078 0.221651
0.115658 0.158327
0.234587 0.205378
0.0462398 0.188269
0.118741 0.170957
0.0649205 0.218635
0.182492 0.180765
0.140024 0.179699
0.134722 0.19054
0.148529 0.164041
0.156929 0.219721
0.0876865 0.169475
0.131797 0.145454
0.158559 0.167237
0.0610137 0.164864
0.182253 0.18343
0.168839 0.183288
0.153481 0.23007
0.124971 0.145051
0.159788 0.25536
0.139316 0.0718552
0.081509 0.201191
0.120917 0.123206
0.223521 0.22331
0.0760751 0.238136
0.14151 0.177061
0.184143 0.263896
0.151075 0.203759
0.179193 0.198223
0.174393 0.198595
0.151351 0.190051
0.160113 0.136486
0.118806 0.222113
0.103768 0.155255
0.136569 0.18263
0.146046 0.194763
0.0405446 0.221888
0.169473 0.153602
0.174543 0.180447
0.208498 0.1855
0.168443 0.224007
0.104982 0.13606
0.12679 0.199783
0.126539 0.181302
0.20149 0.198206
0.124925 0.284953
0.0808512 0.279945
0.163776 0.169466
0.174953 0.239151
0.238985 0.226424
0.231666 0.196632
0.183111 0.186888
0.123517 0.230961
0.257941 0.198926
0.148333 0.17682
0.140102 0.18323
0.164737 0.270845
0.0567739 0.23528
0.216869 0.252709
0.164905 0.132582
0.0487701 0.224651
0.104058 0.200416
0.172693 0.116491
0.145275 0.228117
0.10793 0.228094
0.00504133 0.271432
0.0186286 0.227195
0.0199785 0.240555
0.0689554 0.293789
0.10144 0.164832
0.0563073 0.253615
0.0119204 0.205299
0.112786 0.209281
0.0971742 0.173093
0.0917193 0.142191
0.101982 0.19306
0.123966 0.234159
0.0723599 0.261197
0.144204 0.236693
0.0324265 0.252669
0.164109 0.22022
0.0808192 0.222778
0.0595125 0.232602
0.0972271 0.269064
0.0969504 0.196159
0.112058 0.256777
0.161981 0.140385
0.100221 0.24265
0.13259 0.21913
0.102565 0.19687
0.0787121 0.210353
0.0932204 0.14025
0.0890354 0.256972
0.0450285 0.252594
0.0446016 0.266332
0.0283869 0.230081
0.0669646 0.133678
0.11891 0.14739
0.0815373 0.200746
0.0789044 0.23471
0.0820473 0.126914
0.0961415 0.230199
0.0838416 0.259865
0.0708326 0.195884
0.047715 0.216244
0.126045 0.25101
0.0572803 0.219273
0.0375804 0.159824
0.148719 0.178574
0.182114 0.15642
0.195972 0.195925
0.127859 0.194537
0.104827 0.233062
0.0771631 0.159665
0.117681 0.149992
0.0935426 0.204983
0.0945288 0.214802
0.0499429 0.163284
0.0185284 0.120392
0.0156358 0.209203
0.113886 0.19434
0.0613448 0.253601
0.0709155 0.196446
0.0693579 0.223591
0.0583131 0.127681
0.056197 0.20622
0.0147175 0.223776
0.0207186 0.149322
0.0963738 0.11927
0.133062 0.180173
0.109197 0.232878
0.19901 0.213671
0.167925 0.245483
0.142187 0.231246
0.119186 0.168659
0.17383 0.147507
0.190081 0.209529
0.185421 0.190675
0.133245 0.277624
0.145405 0.20001
0.0981187 0.121229
0.099471 0.180714
0.176762 0.0924496
0.0668819 0.179027
0.131709 0.137266
0.143782 0.173638
0.170895 0.199538
0.139246 0.180876
0.0545622 0.181189
0.212321 0.210617
0.0759147 0.224115
0.146361 0.249574
0.20037 0.231772
0.173247 0.182491
0.198104 0.142306
0.0860163 0.128399
0.135501 0.196161
0.197186 0.184843
0.150551 0.146807
0.1273 0.218933
0.182189 0.126087
0.133603 0.128696
0.160123 0.183308
0.174331 0.132455
0.0906092 0.193471
0.0639017 0.215673
0.0873506 0.231711
0.126787 0.196313
0.0796632 0.226542
0.0687852 0.165428
0.00643723 0.181482
0.0297226 0.207253
0.0640946 0.186621
0.0440458 0.251418
0.126214 0.187314
0.0749441 0.225192
0.0249155 0.271902
0.149111 0.17074
0.143631 0.190956
0.0418395 0.208503
0.136252 0.233801
0.065643 0.19062
0.12385 0.108185
0.189214 0.218651
0.154269 0.260345
0.186549 0.216832
0.212029 0.201976
0.0908462 0.232358
0.119554 0.24679
0.158349 0.221245
0.0207806 0.137063
0.0611389 0.187303
0.125978 0.125019
0.159549 0.167951
0.15164 0.166586
0.171613 0.101279
0.188186 0.149323
0.0615892 0.195058
0.0544013 0.227383
0.120078 0.193706
0.0652314 0.268095
0.151386 0.164952
0.17223 0.250399
0.0788895 0.174209
0.125446 0.122847
0.138543 0.165694
0.190567 0.183225
0.114768 0.214299
0.131521 0.243241
0.14336 0.234951
0.214423 0.267743
0.17414 0.300865
0.128957 0.156687
0.166064 0.185883
0.120888 0.173233
0.0767752 0.215732
0.0988318 0.146106
0.125524 0.203146
0.0838657 0.178577
0.103123 0.2268
0.107689 0.240881
0.0465669 0.199711
0.0841662 0.166195
0.101855 0.222872
0.109263 0.195931
0.0705638 0.220272
0.0922761 0.156254
0.0896976 0.150497
0.14064 0.172322
0.170676 0.149525
0.185453 0.223348
0.147156 0.127573
0.117376 0.196561
0.135747 0.236586
0.0758464 0.185532
0.127263 0.18523
0.149979 0.188133
0.0881326 0.219266
0.105236 0.195713
0.126853 0.1793
0.159076 0.230735
0.19009 0.155921
0.136193 0.136914
0.274394 0.220431
0.187715 0.243414
0.244627 0.199262
0.163855 0.18111
0.173939 0.208235
0.109677 0.145466
0.126924 0.201687
0.159285 0.163998
0.122415 0.129322
0.0687514 0.0681115
0.165443 0.157117
0.240858 0.17189
0.220357 0.23714
0.236167 0.187239
0.179878 0.188087
0.120043 0.215601
0.129733 0.163401
0.176766 0.20484
0.158107 0.190317
0.164088 0.178349
0.17299 0.232661
0.109608 0.216927
0.134861 0.180451
0.149577 0.212492
0.176362 0.205714
0.142944 0.174453
0.19985 0.136566
0.166863 0.234859
0.169165 0.179534
0.140954 0.163197
0.140486 0.213448
0.134138 0.22065
0.147938 0.15374
0.209461 0.198654
0.142164 0.114813
0.142078 0.190089
0.120964 0.190012
0.0708701 0.267403
0.165416 0.160568
0.144701 0.259209
0.223983 0.139229
0.130742 0.178446
0.156563 0.171881
0.122653 0.169743
0.147443 0.246966
0.14994 0.164281
0.161187 0.207756
0.162274 0.197775
0.0874565 0.166807
0.153423 0.233652
0.152658 0.136165
0.161669 0.254195
0.122885 0.229941
0.137761 0.226414
0.143043 0.198606
0.042546 0.179678
0.0790091 0.160214
0.0756739 0.223359
0.139914 0.180498
0.0324652 0.184678
0.097526 0.155853
0.0897677 0.255985
0.108237 0.272349
0.180895 0.253863
0.204646 0.243658
0.123162 0.189906
0.221235 0.278239
0.2407 0.178342
0.168013 0.226948
0.200963 0.219471
0.105259 0.175943
0.116092 0.137008
0.0985996 0.218005
0.256325 0.266588
0.18445 0.20305
0.133648 0.207805
0.168951 0.2509
0.177504 0.213099
0.15892 0.210052
0.144893 0.160759
0.200429 0.259113
0.0611331 0.214241
0.19055 0.195369
0.0309551 0.192498
0.19573 0.268989
0.172124 0.132272
0.145923 0.196103
0.186875 0.241899
0.191948 0.231454
0.111309 0.160568
0.147229 0.183449
0.149192 0.188746
0.14783 0.238355
0.0975011 0.15041
0.144501 0.174408
0.112533 0.205736
0.23237 0.18423
0.112112 0.20937
0.0938318 0.14295
0.0649246 0.198575
0.0980269 0.194259
0.1705 0.207528
0.0153483 0.246875
0.0407205 0.171118
0.061166 0.247764
0.0880909 0.109573
0.0495087 0.210603
0.0492375 0.252553
0.0443414 0.230347
0.0361187 0.175319
0.0539706 0.20538
0.0286422 0.183294
0.0679548 0.18084
0.0568594 0.166771
0.0839975 0.167998
0.0400882 0.258461
0.0614779 0.251514
0.188747 0.281527
0.193057 0.190288
0.146047 0.177154
0.116385 0.213223
0.198339 0.10662
0.0721792 0.176536
0.134928 0.186567
0.148808 0.219954
0.154423 0.257184
0.160047 0.189811
0.157955 0.162384
0.110938 0.17612
0.116363 0.196279
0.133081 0.234774
0.125655 0.222182
0.141474 0.202596
0.113558 0.169868
0.052756 0.207014
0.151743 0.192657
0.181851 0.209518
0.17258 0.213471
0.12886 0.153268
0.182735 0.136063
0.119564 0.214819
0.19175 0.196958
0.087619 0.202993
0.0680891 0.18737
0.170015 0.27535
0.15383 0.101419
0.147113 0.17687
0.106438 0.157506
0.0732295 0.189591
0.196175 0.169448
0.0891455 0.133538
0.184024 0.112113
0.161524 0.180437
0.137088 0.188219
0.100726 0.163693
0.113993 0.112881
0.0614662 0.248893
0.0871951 0.232009
0.0622897 0.189295
0.0409382 0.206246
0.0701486 0.211618
0.0368112 0.216069
0.134742 0.213384
0.0582635 0.241237
0.0147487 0.194043
0.0221829 0.153067
0.058244 0.213024
0.0310297 0.269907
0.119147 0.189112
0.0940315 0.232536
0.0475326 0.0585538
0.0665242 0.160576
0.0487648 0.166664
0.0738881 0.238077
0.126159 0.0666146
0.101444 0.16841
0.132742 0.127416
0.113526 0.237746
0.101898 0.181778
0.223856 0.202004
0.141577 0.190913
0.129616 0.187641
0.181763 0.22185
0.161825 0.225415
0.137571 0.169138
0.0836643 0.207127
0.11512 0.216115
0.109706 0.142699
0.211174 0.157526
0.181849 0.174493
0.170981 0.228779
0.134664 0.220738
0.120126 0.150119
0.123444 0.215496
0.1544 0.315076
0.147578 0.133444
0.210571 0.131702
0.178734 0.182508
0.0906106 0.18999
0.0893557 0.237451
0.229582 0.245653
0.128144 0.216524
0.156321 0.201108
0.276695 0.2357
0.138734 0.227658
0.196762 0.240483
0.193651 0.210914
0.0658607 0.200283
0.122435 0.238534
0.190108 0.229316
0.155279 0.231346
0.105692 0.246338
0.255212 0.220563
0.146657 0.196365
0.204519 0.240571
0.200666 0.250479
0.171848 0.205373
0.171503 0.263721
0.154586 0.253073
0.235409 0.216829
0.081978 0.203315
0.104032 0.181075
0.0863435 0.245983
0.127361 0.172966
0.215475 0.150565
0.231102 0.228878
0.0514223 0.205639
0.0445495 0.162515
0.171279 0.18576
0.079262 0.173767
0.125517 0.173334
0.258349 0.211444
0.181548 0.207445
0.142282 0.241222
0.128117 0.180421
0.154205 0.19719
0.160763 0.222293
0.177778 0.236216
0.145495 0.129041
0.154592 0.182443
0.210343 0.129482
0.192557 0.176563
0.159258 0.22898
0.0875059 0.204667
0.0696828 0.150544
0.0910428 0.193548
0.116402 0.21276
0.0807278 0.191905
0.0195754 0.173089
0.0634402 0.216357
0.148193 0.216512
0.0497166 0.216218
0.0404899 0.198158
0.0253776 0.249378
0.0441189 0.244488
0.0744796 0.205831
0.0682645 0.222791
0.0443515 0.250232
0.0687569 0.219868
0.0426457 0.217505
0.101796 0.181804
0.0502108 0.175466
0.0994328 0.190332
0.153303 0.188414
0.119637 0.187013
0.0789748 0.166522
0.105527 0.19991
0.078214 0.213057
0.0441307 0.225426
0.0825755 0.202855
0.0762502 0.178633
0.0154442 0.221101
0.063546 0.147629
0.0902195 0.265077
0.0645908 0.232429
0.156312 0.224011
0.109391 0.195656
0.0241151 0.16664
0.0760546 0.262415
0.0917245 0.245663
0.0218147 0.191778
0.0425295 0.146908
0.0404743 0.141536
0.0395609 0.169001
0.143098 0.267985
0.0307432 0.208631
0.12598 0.26184
0.0721929 0.200869
0.0574318 0.19952
0.0620409 0.148506
0.131094 0.286902
0.0916916 0.141609
0.114319 0.255442
0.12639 0.192615
0.0754802 0.100173
0.165738 0.255509
0.128494 0.200502
0.209111 0.248057
0.174775 0.255161
0.160747 0.213662
0.126017 0.25343
0.177345 0.134952
0.198173 0.192818
0.166598 0.203267
0.128182 0.161343
0.163897 0.15637
0.176472 0.163413
0.155836 0.187
0.143821 0.225367
0.141865 0.276317
0.115463 0.243583
0.179069 0.211342
0.208591 0.116861
0.0984608 0.199686
0.222167 0.147042
0.186668 0.146967
0.0669543 0.191621
0.024007 0.239183
0.12418 0.165265
0.0598432 0.253407
0.0996042 0.203835
0.111358 0.101929
0.144421 0.131351
0.0942068 0.193936
0.0939492 0.206705
0.0769465 0.141239
0.0354163 0.157998
0.119466 0.22703
0.134866 0.145122
0.0750962 0.238442
0.114627 0.0986297
0.192993 0.191629
0.10682 0.168515
0.0234463 0.203831
0.0514436 0.163988
0.0699294 0.14344
0.14879 0.115739
0.115238 0.249925
0.173517 0.120637
0.127704 0.190929
0.162003 0.198215
0.120222 0.0906762
0.0871658 0.187892
0.0515894 0.157668
0.134605 0.233543
0.0750935 0.197144
0.136907 0.236348
0.128327 0.241236
0.129138 0.208641
0.161877 0.247125
0.0820783 0.156789
0.154696 0.143823
0.154914 0.235652
0.0661719 0.282889
0.166503 0.240368
0.13201 0.11123
0.179897 0.181382
0.156661 0.231984
0.0871322 0.290872
0.150535 0.203157
0.0663886 0.255828
0.117531 0.17285
0.158429 0.216747
0.187796 0.204039
0.100569 0.240157
0.0803879 0.257647
0.122556 0.143437
0.121604 0.18478
0.133715 0.0955661
0.154232 0.198121
0.170163 0.145684
0.1772 0.2425
0.150213 0.194642
0.162082 0.256051
0.190297 0.148499
0.161119 0.135611
0.165528 0.179195
0.173527 0.164366
0.152852 0.2237
0.179994 0.179755
0.0856282 0.209428
0.227651 0.238695
0.13388 0.220271
0.193014 0.217373
0.127912 0.223695
0.153592 0.230236
0.115966 0.201485
0.104935 0.180289
0.137336 0.200821
0.102102 0.152537
0.166659 0.204964
0.142597 0.20042
0.0926419 0.184115
0.157263 0.219424
0.193166 0.174581
0.104117 0.219339
0.204513 0.166364
0.142396 0.296886
0.130566 0.149742
0.164487 0.174249
0.118475 0.197013
0.213779 0.253311
0.155395 0.171613
0.231166 0.17255
0.161923 0.198919
0.194708 0.252303
0.107784 0.240825
0.209344 0.137284
0.0773141 0.190232
0.136394 0.161754
0.211294 0.169567
0.121075 0.125936
0.138201 0.236142
0.0660137 0.194616
0.164317 0.198746
0.148109 0.204492
0.128568 0.265133
0.143468 0.28568
0.122036 0.200771
0.102302 0.188189
0.0843079 0.153788
0.120978 0.154807
0.0728748 0.161892
0.147395 0.120796
0.0824006 0.226474
0.0582731 0.186766
0.146152 0.139403
0.0845962 0.17745
0.117474 0.215712
0.125427 0.173419
0.0619662 0.155297
0.185913 0.174375
0.18473 0.243937
0.201347 0.200475
0.0730664 0.175056
0.14337 0.267924
0.130994 0.188642
0.203088 0.237296
0.112381 0.249519
0.111558 0.153966
0.181882 0.20726
0.129171 0.185701
0.151068 0.183203
0.113577 0.190621
0.142636 0.176736
0.225257 0.201811
0.10727 0.17583
0.112282 0.206111
0.211702 0.155375
0.120878 0.198444
0.162952 0.231216
0.133621 0.259332
0.12401 0.122093
0.211117 0.228544
0.198402 0.264889
0.143859 0.204915
0.115223 0.217054
0.203602 0.168755
0.186564 0.221858
0.194383 0.228519
0.159275 0.154468
0.097199 0.183216
0.0828019 0.132476
0.206693 0.184611
0.150867 0.232995
0.0980914 0.167706
0.0542167 0.17093
0.140467 0.195256
0.201024 0.252587
0.190169 0.304876
0.125936 0.183228
0.141669 0.228751
0.107261 0.176881
0.0386834 0.122017
0.10351 0.214839
0.0515867 0.195031
0.160814 0.216133
0.04476 0.229638
0.113042 0.202776
0.121194 0.22735
0.137398 0.160522
0.0538929 0.0877146
0.0454302 0.204749
0.0700006 0.208006
0.0926716 0.274088
0.175948 0.122335
0.123559 0.171381
0.112878 0.18843
0.107058 0.145975
0.0749836 0.151602
0.0609965 0.132834
0.153387 0.243743
0.0837702 0.174925
0.108886 0.207671
0.163032 0.180282
0.030731 0.138106
0.0679628 0.156445
0.0513111 0.175989
0.130888 0.2401
0.0372628 0.22781
0.0665415 0.222626
0.153684 0.219512
0.0619054 0.224887
0.149988 0.18195
0.0516049 0.247518
0.0603141 0.239648
0.0683517 0.222372
0.0487192 0.22604
0.0914977 0.234288
0.0846909 0.201881
0.0339971 0.224864
0.132613 0.190499
0.0894059 0.135268
0.170362 0.166509
0.0765096 0.173041
0.151276 0.231333
0.0643247 0.22403
0.0810587 0.136526
0.121636 0.125185
0.0601218 0.210469
0.0903708 0.136135
0.0626764 0.153353
0.0652708 0.164547
0.0103567 0.211775
0.074881 0.145901
0.133455 0.208902
0.120634 0.201669
0.131836 0.134342
0.139539 0.132078
0.132593 0.189842
0.139983 0.218196
0.145913 0.187988
0.178501 0.227804
0.203603 0.219291
0.0739488 0.138011
0.141989 0.196404
0.198822 0.228774
0.116809 0.214253
0.10729 0.24126
0.111609 0.250165
0.192207 0.191697
0.131489 0.182449
0.201105 0.122039
0.121391 0.182549
0.123857 0.205115
0.218851 0.233494
0.10759 0.161326
0.0870325 0.161183
0.193332 0.132289
0.114263 0.238631
0.106365 0.234212
0.159879 0.173356
0.219794 0.204904
0.0698697 0.185046
0.161567 0.137336
0.210026 0.167911
0.129698 0.141636
0.223211 0.162462
0.12623 0.19221
0.0961358 0.239573
0.166847 0.200036
0.170061 0.205428
0.0868199 0.179258
0.179941 0.209662
0.13628 0.20675
0.149386 0.167764
0.0939083 0.176838
0.169834 0.163033
0.17402 0.122881
0.0416108 0.154108
0.1111 0.162856
0.178552 0.251042
0.0602179 0.197029
0.139489 0.194824
0.172679 0.188977
0.0952315 0.147946
0.0865219 0.185279
0.125177 0.187676
0.21318 0.206514
0.121452 0.119856
0.106379 0.270011
0.163108 0.258613
0.0411366 0.184599
0.0626037 0.172498
0.127579 0.297434
0.163676 0.173425
0.183913 0.142562
0.113909 0.136289
0.133675 0.144811
0.0600815 0.175266
0.204249 0.198613
0.169779 0.178694
0.133092 0.149558
0.207848 0.0499788
0.237834 0.155547
0.113015 0.191233
0.134492 0.189916
0.122898 0.176156
0.11955 0.25783
0.221984 0.124459
0.141462 0.234029
0.0850464 0.238774
0.127752 0.177671
0.196025 0.231082
0.197663 0.240693
0.223057 0.230473
0.111058 0.225998
0.12053 0.183083
0.0878483 0.195791
0.0765569 0.187839
0.141234 0.171097
0.16651 0.246186
0.148587 0.148243
0.176722 0.214194
0.139644 0.179868
0.0870977 0.316967
0.133555 0.178234
0.139912 0.270223
0.151355 0.238445
0.134156 0.266534
0.154887 0.191167
0.17232 0.196077
0.194661 0.195646
0.0873161 0.158096
0.141043 0.249912
0.117365 0.153327
0.0978681 0.22453
0.208002 0.206782
0.124826 0.134956
0.145981 0.211445
0.18235 0.226628
0.0289536 0.250781
0.222079 0.225214
0.183642 0.176202
0.238986 0.245777
0.0432298 0.200931
0.0881425 0.205155
0.13101 0.278029
0.0819447 0.199782
0.159571 0.225117
0.146297 0.203866
0.10921 0.172731
0.150047 0.147943
0.0899467 0.196935
0.0597624 0.251914
0.0748586 0.167094
0.181354 0.16822
0.10503 0.172125
0.111272 0.11682
0.0936245 0.190506
0.159658 0.204058
0.150532 0.25657
0.131351 0.274416
0.0247946 0.103961
0.107352 0.177435
0.121577 0.223754
0.121999 0.174216
0.161521 0.222527
0.0878608 0.185164
0.12001 0.16778
0.206172 0.116807
0.0629902 0.121126
0.127244 0.213779
0.0812954 0.265916
0.0173812 0.187334
0.0686746 0.138436
0.105313 0.263299
0.0204052 0.217548
0.113441 0.206269
0.133715 0.179411
0.0564317 0.187862
0.0354555 0.181396
0.0998922 0.128035
0.0836465 0.206705
0.0371391 0.143189
0.112794 0.147408
0.0889744 0.152741
0.139959 0.203698
0.0806653 0.195961
0.0833387 0.197539
0.0736546 0.195936
0.170907 0.166091
0.191826 0.21711
0.174839 0.19888
0.139237 0.144797
0.156946 0.194913
0.184462 0.202541
0.22635 0.199537
0.173238 0.203917
0.117623 0.202511
0.159492 0.221254
0.114304 0.165027
0.0447171 0.1722
0.150232 0.248289
0.0847161 0.138925
0.086443 0.235335
0.0554408 0.17071
0.0449526 0.207428
0.0661918 0.213414
0.250925 0.201111
0.116044 0.239586
0.176639 0.170272
0.154759 0.208025
0.0755498 0.178527
0.0496218 0.218596
0.142524 0.176725
0.0937905 0.268104
0.152778 0.152264
0.142628 0.150226
0.152485 0.150639
0.186167 0.223207
0.108156 0.17474
0.115171 0.254416
0.152668 0.174336
0.0996549 0.225019
0.174573 0.155393
0.118239 0.250897
0.175727 0.17374
0.0568088 0.13083
0.121059 0.165569
0.131979 0.139391
0.128404 0.221454
0.138255 0.158245
0.0649824 0.20506
0.103296 0.182735
0.107204 0.204007
0.127924 0.304116
0.163059 0.158019
0.1674 0.180403
0.205473 0.277137
0.145836 0.290138
0.172347 0.227841
0.123246 0.21233
0.146654 0.145928
0.175608 0.174285
0.149925 0.17935
0.11984 0.237629
0.190898 0.148863
0.114639 0.138764
0.162911 0.202745
0.0542333 0.136037
0.137218 0.185686
0.100743 0.236887
0.154638 0.24176
0.143881 0.146089
0.0836927 0.123796
0.141376 0.144112
0.114117 0.167619
0.129517 0.262388
0.172431 0.190562
0.164436 0.218706
0.105306 0.197024
0.047194 0.173128
0.0684474 0.146851
0.0756335 0.219351
0.0974222 0.175837
0.152015 0.221977
0.222707 0.131386
0.130478 0.146991
0.150325 0.203325
0.0930696 0.168585
0.125388 0.225613
0.0613781 0.207775
0.0750215 0.228774
0.0375078 0.190773
0.15026 0.209733
0.177002 0.232601
0.153527 0.228518
0.14026 0.177154
0.199931 0.229878
0.15985 0.190398
0.110252 0.159191
0.145318 0.226055
0.126753 0.169645
0.153332 0.177752
0.0523734 0.145399
0.15733 0.190002
0.0845771 0.150797
0.0912075 0.243715
0.190911 0.145463
0.106181 0.155692
0.126587 0.168677
0.15845 0.198258
0.0983602 0.197543
0.110689 0.225614
0.140277 0.210544
0.154743 0.170848
0.0909159 0.2218
0.117943 0.228429
0.195603 0.110738
0.1211 0.21973
0.161828 0.223466
0.103189 0.154722
0.155585 0.162841
0.0920681 0.200693
0.166402 0.219547
0.115962 0.214011
0.158339 0.129145
0.18888 0.239426
0.14755 0.16554
0.139859 0.207265
0.203751 0.29201
0.169245 0.193326
0.209885 0.177991
0.269287 0.216313
0.16902 0.166846
0.150643 0.199112
0.0896807 0.181938
0.0771442 0.143112
0.0834289 0.155051
0.0957601 0.176484
0.1902 0.229284
0.225033 0.197746
0.204149 0.15221
0.139988 0.0940698
0.119277 0.156374
0.134495 0.224492
0.141603 0.14642
0.0950192 0.180724
0.118717 0.184835
0.068858 0.163666
0.103103 0.214916
0.146861 0.204925
0.113498 0.228384
0.0963294 0.154504
0.180086 0.180529
0.0857839 0.196566
0.137606 0.256483
0.18763 0.214497
0.207431 0.149695
0.157742 0.215153
0.155775 0.175409
0.208536 0.19163
0.141644 0.294928
0.147618 0.200959
0.153402 0.211825
0.142703 0.18279
0.120215 0.271771
0.138669 0.201354
0.0983899 0.12514
0.0508777 0.179444
0.0822644 0.193157
0.123294 0.16448
0.136015 0.146652
0.114543 0.223513
0.164589 0.197317
0.142132 0.199666
0.221159 0.197356
0.205194 0.186101
0.15397 0.183544
0.16714 0.233733
0.169551 0.209875
0.156713 0.18675
0.139254 0.188288
0.261408 0.199798
0.163708 0.13792
0.105566 0.165752
0.131319 0.227252
0.156692 0.212526
0.189105 0.209075
0.101652 0.238727
0.110331 0.173358
0.147954 0.147812
0.173884 0.208313
0.0854664 0.238626
0.189797 0.174786
0.216178 0.181953
0.163948 0.2202
0.207129 0.215471
0.1201 0.163135
0.122818 0.199952
0.123176 0.228367
0.186807 0.270348
0.175628 0.268336
0.148183 0.168457
0.186586 0.166555
0.157393 0.262861
0.110496 0.159421
0.176168 0.180765
0.235558 0.204786
0.123918 0.223942
0.230822 0.207087
0.144097 0.190835
0.149944 0.191263
0.101671 0.179954
0.137846 0.160849
0.201484 0.192675
0.124938 0.152218
0.0586149 0.071963
0.182388 0.158818
0.106571 0.214315
0.185883 0.148414
0.106903 0.212622
0.209384 0.18445
0.143251 0.226784
0.101698 0.184356
0.0883356 0.164749
0.17401 0.198306
0.0801358 0.222529
0.0869702 0.200169
0.140418 0.174752
0.0805107 0.190123
0.159508 0.136351
0.103409 0.220657
0.109321 0.177077
0.109696 0.164831
0.133917 0.197333
0.114685 0.208338
0.114878 0.211996
0.093668 0.211496
0.211499 0.215789
0.105215 0.207451
0.10565 0.135175
0.10971 0.208846
0.0926916 0.211276
0.117852 0.19177
0.152015 0.203816
0.140371 0.186996
0.252649 0.192654
0.19409 0.196338
0.178917 0.19032
0.131116 0.261004
0.164666 0.25113
0.135353 0.297041
0.112688 0.154303
0.0646872 0.179018
0.147075 0.256664
0.153537 0.145284
0.128105 0.189818
0.126262 0.176024
0.0299341 0.0990393
0.13363 0.206227
0.160374 0.143293
0.166222 0.208656
0.145467 0.169875
0.167316 0.162333
0.0888568 0.193476
0.218181 0.188761
0.174823 0.189569
0.141399 0.197598
0.14519 0.247902
0.155023 0.155341
0.139343 0.220035
0.191256 0.218432
0.151981 0.211696
0.149181 0.278657
0.192878 0.207517
0.0798846 0.267372
0.141862 0.142471
0.159369 0.130868
0.147931 0.221798
0.0906695 0.205277
0.116736 0.161112
0.117306 0.230873
0.166628 0.262665
0.184675 0.22155
0.210708 0.232939
0.109328 0.183388
0.118584 0.135329
0.103175 0.092204
0.080488 0.228271
0.151056 0.20673
0.148058 0.279959
0.124835 0.272078
0.197501 0.180309
0.186064 0.227402
0.134942 0.242947
0.126116 0.208526
0.174663 0.193001
0.158279 0.122558
0.225681 0.197148
0.156679 0.226586
0.193613 0.245195
0.0877907 0.218112
0.197859 0.233778
0.146058 0.225268
0.249745 0.213662
0.156366 0.225597
0.160427 0.197976
0.100965 0.152238
0.0942771 0.156489
0.153575 0.148009
0.134397 0.176083
0.0833611 0.181999
0.137386 0.257486
0.148886 0.176924
0.108563 0.216268
0.145009 0.229704
0.199651 0.17897
0.139014 0.22878
0.138435 0.219074
0.147283 0.153024
0.184898 0.252015
0.164107 0.168134
0.186957 0.269062
0.240545 0.182048
0.106348 0.193833
0.250419 0.181394
0.173746 0.180259
0.177711 0.167482
0.145903 0.256735
0.197231 0.210485
0.205241 0.206016
0.200222 0.265615
0.137626 0.166698
0.130819 0.21361
0.160141 0.225027
0.132756 0.213804
0.194039 0.205127
0.169905 0.268775
0.136343 0.13746
0.138742 0.26865
0.15219 0.181621
0.113603 0.25224
0.0983001 0.234917
0.20348 0.242163
0.210823 0.207682
0.101042 0.244328
0.148847 0.225193
0.126292 0.255571
0.119771 0.27503
0.155672 0.115867
0.18574 0.159207
0.171728 0.225149
0.130119 0.179746
0.208151 0.295211
0.0534343 0.249536
0.199828 0.222168
0.132645 0.187042
0.142572 0.215499
0.0745635 0.190014
0.16302 0.149355
0.139804 0.233138
0.125928 0.182428
0.162822 0.249949
0.214118 0.218816
0.120304 0.197978
0.177692 0.149262
0.14523 0.1527
0.14023 0.229093
0.0576885 0.205769
0.184488 0.170764
0.167657 0.188069
0.108563 0.10808
0.169653 0.230984
0.137126 0.200119
0.151411 0.237842
0.109999 0.241437
0.155883 0.217979
0.207415 0.153232
0.166895 0.205563
0.115909 0.159794
0.252346 0.144951
0.104194 0.186709
0.137467 0.181938
0.119065 0.241421
0.19157 0.224433
0.19631 0.195335
0.207741 0.264693
0.204195 0.173105
0.234807 0.211259
0.1775 0.190325
0.159865 0.205778
0.142253 0.26533
0.11241 0.195126
0.0757724 0.249707
0.136508 0.147218
0.141878 0.102885
0.186746 0.201414
0.137463 0.211056
0.100305 0.181476
0.176823 0.14933
0.155259 0.199509
0.184379 0.215396
0.109839 0.255717
0.164914 0.220598
0.17986 0.232674
0.163835 0.144132
0.176303 0.157712
0.139685 0.21732
0.193075 0.197494
0.134929 0.233438
0.187548 0.19316
0.0930598 0.219858
0.122403 0.189016
0.151086 0.250321
0.124586 0.166943
0.168116 0.249685
0.106654 0.225301
0.0475131 0.181593
0.08338 0.199331
0.0967445 0.176313
0.100419 0.200006
0.126484 0.2127
0.160562 0.099759
0.163438 0.21582
0.143415 0.185693
0.142471 0.208456
0.148387 0.15179
0.119214 0.129663
0.108275 0.158497
0.233347 0.203395
0.143435 0.188465
0.159355 0.277046
0.121347 0.228352
0.173872 0.255977
0.141451 0.172375
0.175759 0.204404
0.17434 0.215384
0.0933712 0.187027
0.135036 0.20787
0.0983201 0.248332
0.160478 0.20564
0.0699142 0.262074
0.112617 0.181898
0.166998 0.191381
0.121706 0.183241
0.180362 0.271368
0.180386 0.239441
0.124412 0.194262
0.129889 0.220364
0.0788039 0.290917
0.173392 0.245056
0.0759619 0.257162
0.147787 0.180787
0.20101 0.233936
0.150666 0.249832
0.183799 0.218046
0.190924 0.191845
0.126631 0.222176
0.148588 0.278586
0.204117 0.181867
0.10149 0.263289
0.12241 0.280771
0.047709 0.268915
0.100972 0.160068
0.03814 0.213969
0.127474 0.13398
0.173584 0.261006
0.153863 0.263844
0.110406 0.195794
0.15765 0.224216
0.23483 0.224435
0.10584 0.227492
0.129313 0.174537
0.068124 0.272727
0.0988178 0.264576
0.106543 0.199368
0.0649673 0.177355
0.124746 0.202943
0.112824 0.199286
0.0949213 0.192386
0.152033 0.294692
0.105173 0.132438
0.0540597 0.242714
0.0710028 0.214786
0.0959393 0.272454
0.0466407 0.202336
0.0649677 0.218956
0.00758821 0.20368
0.0245788 0.159595
0.0392499 0.280347
0.0677118 0.254786
0.00430728 0.247002
0.047442 0.252329
0.0206439 0.221478
0.0806816 0.260097
0.0342068 0.200848
0.0778455 0.152736
0.0780435 0.190624
0.13338 0.169593
0.0950076 0.173155
0.0709165 0.195191
0.122939 0.213142
0.147377 0.224489
0.131272 0.229225
0.206411 0.211043
0.201395 0.213288
0.055248 0.133204
0.151817 0.178103
0.187855 0.128944
0.0793844 0.116305
0.104718 0.210754
0.0623487 0.202991
0.12566 0.240227
0.157991 0.205478
0.0829484 0.184373
0.0960359 0.238481
0.0594347 0.212996
0.152941 0.2118
0.211837 0.248148
0.0819169 0.17074
0.135342 0.209067
0.173416 0.217639
0.0851525 0.169003
0.150447 0.186328
0.142112 0.175197
0.128199 0.226789
0.209263 0.231768
0.123823 0.198922
0.191571 0.216064
0.103729 0.256374
0.170958 0.191525
0.213266 0.202016
0.0762521 0.252125
0.150903 0.242586
0.179843 0.144888
0.193716 0.217005
0.192408 0.149963
0.121405 0.188344
0.178512 0.189577
0.103965 0.219543
0.121776 0.154242
0.048927 0.256183
0.158509 0.230915
0.107512 0.182942
0.118037 0.144092
0.168701 0.187874
0.100873 0.152259
0.14517 0.169068
0.159407 0.198989
0.185341 0.168934
0.132733 0.197256
0.0873588 0.17511
0.140424 0.135824
0.189538 0.257035
0.160201 0.188543
0.139642 0.206437
0.149623 0.208497
0.157848 0.176894
0.100865 0.177318
0.0609571 0.155709
0.0689482 0.200157
0.110412 0.171304
0.0993977 0.167094
0.106063 0.301208
0.120263 0.176961
0.122141 0.19754
0.206368 0.232745
0.185829 0.219128
0.087977 0.192175
0.171469 0.23021
0.187464 0.191851
0.135904 0.14877
0.0773686 0.318141
0.139517 0.264245
0.155863 0.222612
0.106107 0.23233
0.127545 0.220216
0.204265 0.257588
0.167463 0.218103
0.211037 0.229477
0.160518 0.18
0.0999374 0.205423
0.147945 0.236803
0.173171 0.188097
0.198154 0.268712
0.178197 0.140716
0.187669 0.200116
0.21933 0.22493
0.171534 0.111399
0.200504 0.259521
0.0533569 0.175394
0.0730877 0.221179
0.18773 0.26676
0.179936 0.181259
0.133744 0.219254
0.174404 0.188389
0.169329 0.112412
0.223142 0.172449
0.124863 0.235609
0.138842 0.155003
0.184072 0.218828
0.160626 0.154496
0.171251 0.156362
0.146686 0.22324
0.143799 0.175884
0.0320335 0.214369
0.0837632 0.179469
0.120863 0.196416
0.071582 0.198043
0.169034 0.215058
0.0781141 0.166697
0.111571 0.29551
0.0770663 0.162545
0.170466 0.127566
0.0783125 0.190161
0.12324 0.176359
0.0420673 0.216277
0.01767 0.149849
0.130561 0.158221
0.139673 0.195101
0.138904 0.23038
0.151251 0.20499
0.0558514 0.235175
0.114059 0.136529
0.144223 0.132296
0.103719 0.0718738
0.143671 0.20774
0.134097 0.183834
0.208763 0.155992
0.100559 0.201477
0.130175 0.161232
0.115901 0.203486
0.240212 0.164677
0.194645 0.212668
0.171222 0.118903
0.169161 0.145701
0.133606 0.247556
0.190616 0.17215
0.114236 0.101235
0.0862865 0.0776321
0.207212 0.14881
0.056955 0.186898
0.0837812 0.195053
0.135166 0.183798
0.161159 0.228219
0.165216 0.21576
0.176006 0.194987
0.179311 0.182357
0.158945 0.210623
0.253072 0.230839
0.156856 0.153786
0.146084 0.208917
0.177202 0.152308
0.118892 0.273814
0.145846 0.232691
0.224774 0.138807
0.239084 0.270868
0.155973 0.182327
0.17612 0.254874
0.153862 0.233964
0.135368 0.166054
0.11336 0.304707
0.141675 0.200212
0.11415 0.268477
0.0668044 0.174306
0.104853 0.177938
0.0224763 0.154398
0.139763 0.187642
0.106504 0.186384
0.114156 0.207681
0.111529 0.204718
0.032696 0.141717
0.0257654 0.272549
0.0547772 0.128712
0.100322 0.187576
0.159509 0.215107
0.0908345 0.163896
0.0886487 0.22576
0.0705366 0.188144
0.115729 0.219399
0.0973571 0.176522
0.194817 0.217975
0.128908 0.120299
0.221161 0.227332
0.082785 0.206875
0.11726 0.212543
0.212521 0.206421
0.0609594 0.171708
0.0842491 0.215483
0.188007 0.172135
0.100471 0.168911
0.0777013 0.213116
0.134363 0.234851
0.163666 0.14786
0.102919 0.161344
0.112438 0.113244
0.169718 0.262999
0.106953 0.199938
0.235488 0.264766
0.109585 0.189755
0.198364 0.187146
0.207532 0.225313
0.119851 0.238178
0.143497 0.135124
0.17229 0.174364
0.112901 0.179223
0.149721 0.277685
0.109752 0.166777
0.159779 0.256163
0.164765 0.198473
0.174348 0.204083
0.224669 0.174399
0.101026 0.218617
0.182789 0.204779
0.104446 0.146365
0.0872252 0.172894
0.121094 0.186644
0.215256 0.149002
0.187135 0.198873
0.127987 0.253057
0.119204 0.150931
0.144501 0.180374
0.0989784 0.177872
0.141669 0.179634
0.155346 0.235819
0.215072 0.164081
0.127715 0.229183
0.137001 0.198577
0.0551086 0.15089
0.137153 0.250256
0.112634 0.216961
0.163251 0.193044
0.0893502 0.17534
0.193875 0.148094
0.220369 0.223271
0.16546 0.226477
0.135941 0.181079
0.158694 0.224012
0.151015 0.210303
0.12479 0.17885
0.184429 0.185951
0.132015 0.253591
0.123931 0.171355
0.134551 0.182255
0.213285 0.178044
0.190553 0.252744
0.0973131 0.232434
0.119218 0.150684
0.196183 0.224574
0.151297 0.212401
0.144411 0.221301
0.179279 0.207847
0.0936397 0.220875
0.0435434 0.182019
0.0783518 0.305281
0.149992 0.262499
0.227007 0.232422
0.10633 0.222141
0.166428 0.195926
0.170634 0.19601
0.188823 0.206659
0.085451 0.170643
0.162444 0.160825
0.173286 0.184015
0.171819 0.203532
0.149655 0.14721
0.135479 0.205261
0.182357 0.231604
0.155244 0.139449
0.196925 0.186908
0.255193 0.217327
0.0659129 0.151341
0.149027 0.298596
0.16685 0.129465
0.120393 0.193957
0.10249 0.162553
0.151039 0.116332
0.157614 0.235333
0.118247 0.256556
0.0905853 0.114506
0.176757 0.17934
0.117054 0.195605
0.0995649 0.21995
0.14336 0.193596
0.118487 0.208436
0.0580929 0.222809
0.185586 0.225191
0.149728 0.175039
0.194622 0.165696
0.0740868 0.111552
0.119006 0.187947
0.0903025 0.188726
0.134017 0.175563
0.0539968 0.113815
0.0644792 0.123375
0.140421 0.126238
0.177413 0.290689
0.147083 0.216084
0.114527 0.190957
0.0847252 0.194618
0.101671 0.184655
0.124699 0.252393
0.131963 0.204343
0.207665 0.176368
0.153004 0.202714
0.148448 0.238804
0.0675077 0.255004
0.162895 0.0875336
0.124329 0.145241
0.185815 0.251172
0.0305163 0.138626
0.136318 0.132551
0.0831334 0.10043
0.134963 0.174892
0.0973566 0.209559
0.15996 0.172199
0.043067 0.187562
0.0968688 0.166092
0.178265 0.173883
0.145042 0.235448
0.126898 0.192023
0.073981 0.219474
0.138727 0.20636
0.151381 0.122791
0.16237 0.182963
0.142581 0.1701
0.115761 0.196762
0.205547 0.190357
0.156235 0.247256
0.212045 0.2096
0.169 0.216957
0.172533 0.224181
0.0933244 0.253358
0.124578 0.171313
0.12355 0.167538
0.146369 0.155193
0.15436 0.178995
0.119092 0.238634
0.0819119 0.215976
0.126983 0.167741
0.171161 0.195831
0.166572 0.223259
0.176148 0.142024
0.165596 0.183426
0.163599 0.147464
0.208773 0.250114
0.137912 0.219381
0.136373 0.171147
0.151004 0.175305
0.12999 0.215032
0.152695 0.26487
0.115645 0.239924
0.177998 0.231973
0.0946166 0.251402
0.0829007 0.20007
0.149375 0.207625
0.202679 0.195809
0.129894 0.192117
0.0830985 0.161686
0.128142 0.231021
0.14253 0.200345
0.128575 0.279641
0.110803 0.170965
0.0633915 0.229143
0.094907 0.167109
0.145106 0.182578
0.152888 0.155399
0.144098 0.211972
0.104941 0.210948
0.092241 0.225216
0.108034 0.18587
0.146742 0.0959275
0.137628 0.169946
0.135561 0.216088
0.212372 0.216211
0.172529 0.128814
0.205753 0.125879
0.161816 0.167467
0.139349 0.208661
0.175161 0.211338
0.182675 0.260912
0.142647 0.221282
0.153832 0.163498
0.126487 0.15744
0.191873 0.251481
0.205355 0.179266
0.106002 0.154679
0.129238 0.23848
0.105297 0.213853
0.218772 0.174222
0.192083 0.144902
0.12091 0.243588
0.172041 0.285335
0.139371 0.214118
0.14104 0.243188
0.276582 0.184741
0.145107 0.229428
0.161918 0.237135
0.154296 0.208276
0.146692 0.221359
0.0681777 0.254494
0.184186 0.260504
0.177821 0.137616
0.150077 0.247191
0.161894 0.219817
0.122025 0.325767
0.0675632 0.234835
0.102742 0.162839
0.152858 0.265503
0.100891 0.211037
0.166656 0.100252
0.128539 0.154137
0.131225 0.196024
0.18595 0.177596
0.149026 0.208356
0.125743 0.175205
0.0952877 0.212618
0.129648 0.173321
0.158269 0.213249
0.130857 0.179754
0.221387 0.241467
0.187277 0.200765
0.122601 0.137026
0.136725 0.170485
0.0993705 0.22367
0.147489 0.203985
0.196417 0.173809
0.259374 0.205326
0.0702673 0.184687
0.0798556 0.0823565
0.0528685 0.195711
0.0982944 0.155435
0.0223308 0.249068
0.14883 0.25593
0.0282681 0.206898
0.128897 0.233075
0.115576 0.159166
0.123462 0.220218
0.046565 0.140899
0.0171454 0.174904
0.0508193 0.214803
0.0402626 0.144536
0.0806173 0.175809
0.0524605 0.121647
0.0936602 0.134685
0.109926 0.240909
0.0828681 0.129359
0.0414615 0.248762
0.143068 0.149316
0.151963 0.198674
0.0379462 0.178689
0.107613 0.168208
0.0655069 0.319673
0.0568102 0.190018
0.0691828 0.242225
0.0651663 0.209108
0.100687 0.204848
0.0981701 0.189011
0.0367958 0.20815
0.0754488 0.232749
0.151802 0.286488
0.133117 0.2151
0.0248436 0.165408
0.0850563 0.16762
0.138085 0.256805
0.0414574 0.154412
0.0236146 0.162847
0.0788205 0.259789
0.0367072 0.259839
0.0637621 0.158258
0.0547551 0.234177
0.116438 0.218299
0.0272314 0.122279
0.264259 0.223288
0.165647 0.194379
0.162567 0.143261
0.161179 0.208801
0.205262 0.153141
0.210444 0.199272
0.0950425 0.214615
0.123706 0.215084
0.169659 0.209475
0.159919 0.185954
0.132034 0.15981
0.114209 0.231385
0.149157 0.211172
0.167722 0.154818
0.0746358 0.141323
0.133107 0.123754
0.136927 0.2383
0.164259 0.193895
0.120985 0.126268
0.188766 0.200624
0.157145 0.211648
0.213213 0.209681
0.165865 0.212177
0.120151 0.22355
0.0913404 0.241607
0.146826 0.209637
0.214934 0.26693
0.17549 0.169636
0.157615 0.25838
0.16581 0.232156
0.178458 0.200597
0.199589 0.149728
0.216106 0.263538
0.200456 0.230803
0.0773423 0.25943
0.117327 0.218539
0.123706 0.20998
0.119328 0.22441
0.160308 0.25106
0.107334 0.192223
0.188244 0.198761
0.11253 0.216258
0.19653 0.20067
0.00965513 0.215196
0.0940688 0.253292
0.137721 0.210676
0.129915 0.139273
0.113357 0.211086
0.136138 0.234024
0.144621 0.257687
0.174066 0.185772
0.0897393 0.242912
0.226056 0.264828
0.147891 0.279054
0.137186 0.210233
0.12226 0.228972
0.196315 0.246318
0.130665 0.240334
0.10666 0.121623
0.159356 0.155097
0.169565 0.19159
0.146397 0.189798
0.157226 0.227331
0.179679 0.186186
0.0965169 0.20221
0.129041 0.190186
0.0935126 0.146622
0.143169 0.164016
0.129751 0.159183
0.0591684 0.195455
0.120438 0.169866
0.124627 0.242954
0.0457024 0.186845
0.123444 0.172087
0.0958225 0.199897
0.105024 0.190143
0.0792814 0.208652
0.190199 0.223694
0.0762772 0.161906
0.156008 0.2055
0.106612 0.135834
0.160786 0.163043
0.108584 0.212141
0.179039 0.160761
0.241637 0.193312
0.170289 0.167987
0.210908 0.238675
0.195877 0.209782
0.0869089 0.231932
0.155595 0.218566
0.0795768 0.202065
0.0366065 0.218914
0.0950505 0.187711
0.127622 0.222293
0.110712 0.217045
0.186315 0.190463
0.150038 0.183275
0.183374 0.131833
0.144712 0.163537
0.105243 0.150308
0.174123 0.204261
0.0924412 0.0919232
0.0879385 0.178615
0.109873 0.209381
0.185646 0.161416
0.0678689 0.205556
0.186735 0.117896
0.173378 0.181337
0.142014 0.199228
0.0710717 0.180681
0.15499 0.118642
0.116782 0.189165
0.150923 0.160095
0.103899 0.170433
0.139795 0.176018
0.162712 0.173738
0.0367336 0.133893
0.122557 0.196596
0.122471 0.218278
0.120381 0.176841
0.147883 0.219824
0.171952 0.231831
0.0742259 0.141514
0.114386 0.250279
0.186452 0.198647
0.122214 0.171412
0.153195 0.24641
0.135816 0.186792
0.153729 0.193006
0.149684 0.17141
0.13186 0.235155
0.0945716 0.225428
0.0761502 0.156773
0.1231 0.164414
0.0790657 0.225564
0.165114 0.145315
0.137709 0.244371
0.186238 0.213481
0.0596965 0.214783
0.233961 0.242005
0.117941 0.216481
0.25364 0.1444
0.145852 0.130563
0.102189 0.15433
0.0807283 0.205941
0.152764 0.213104
0.115423 0.22852
0.138268 0.234979
0.171217 0.219164
0.149111 0.219221
0.153245 0.131549
0.153118 0.180823
0.156978 0.217159
0.104337 0.232776
0.13534 0.179356
0.214078 0.172343
0.225948 0.179767
0.162931 0.222336
0.155405 0.163933
0.128335 0.21582
0.190545 0.284298
0.120537 0.181072
0.0341141 0.16876
0.132599 0.188408
0.142989 0.13821
0.130313 0.158268
0.0769111 0.152685
0.175208 0.241055
0.107209 0.201102
0.100687 0.146306
0.174139 0.184306
0.124657 0.251164
0.230572 0.227321
0.15432 0.171767
0.187752 0.186988
0.191097 0.198309
0.216962 0.188774
0.189098 0.227539
0.10828 0.220211
0.152532 0.235386
0.165328 0.225813
0.11074 0.192987
0.125788 0.218157
0.127457 0.243012
0.125241 0.199164
0.245589 0.222998
0.149615 0.151575
0.179732 0.250464
0.134923 0.21204
0.17072 0.247667
0.210177 0.229748
0.126312 0.193966
0.0858002 0.111651
0.137818 0.187089
0.030602 0.208881
0.0819774 0.254888
0.0402532 0.218673
0.105283 0.20283
0.0945795 0.164386
0.0957921 0.186693
0.0277057 0.174548
0.112656 0.226008
0.0760458 0.199866
0.0258339 0.168476
0.0523863 0.140008
0.0367534 0.205067
0.0832965 0.216057
0.0393643 0.226556
0.0769998 0.215389
0.101555 0.174849
0.0824871 0.185692
0.107648 0.186093
0.113553 0.163583
0.186479 0.239363
0.0317951 0.222452
0.0528125 0.190621
0.0662763 0.131895
0.0509388 0.314301
0.0425413 0.162393
0.039589 0.181293
0.11863 0.194944
0.0709649 0.268302
0.0739298 0.149592
0.0423031 0.166557
0.0630051 0.146338
0.115214 0.205977
0.00654565 0.146483
0.0504843 0.212136
0.0765454 0.164514
0.0617542 0.188586
0.0901598 0.162858
0.038991 0.263564
0.0850014 0.111275
0.0339465 0.175994
0.0801585 0.294756
0.084455 0.105494
0.107875 0.183341
0.052876 0.220952
0.0967524 0.204365
0.0663152 0.205975
0.0867643 0.22173
0.0553315 0.249439
0.128866 0.216262
0.0567114 0.15864
0.0704749 0.127523
0.0805143 0.175199
0.0700989 0.212923
0.157515 0.125727
0.0741214 0.219405
0.0657005 0.141278
0.0284885 0.1286
0.0849845 0.201969
0.0445276 0.253729
0.103632 0.202481
0.0947441 0.201175
0.0774247 0.218125
0.131524 0.240657
0.0910207 0.176394
0.0911782 0.198065
0.133038 0.185612
0.119537 0.289211
0.184848 0.191998
0.0730244 0.229446
0.145942 0.206002
0.176994 0.13265
0.0757812 0.232638
0.142768 0.219419
0.160176 0.196888
0.126126 0.184081
0.149309 0.164531
0.127551 0.150629
0.164543 0.208517
0.104556 0.1595
0.252955 0.266391
0.121365 0.183621
0.130963 0.22436
0.164902 0.20048
0.0756271 0.119257
0.0462206 0.22821
0.239274 0.208192
0.0280557 0.21905
0.195802 0.214246
0.152322 0.243264
0.139745 0.175713
0.142244 0.22538
0.127912 0.201081
0.160984 0.22889
0.0609183 0.116678
0.164197 0.183651
0.123701 0.179082
0.160254 0.261426
0.0673003 0.20783
0.109044 0.173529
0.130757 0.211721
0.0736292 0.173916
0.0568651 0.189124
0.0939057 0.182075
0.0888119 0.211046
0.0834093 0.154717
0.133978 0.238502
0.155603 0.220057
0.141273 0.191282
0.148655 0.263697
0.164368 0.192393
0.0187254 0.163719
0.0315126 0.165837
0.133927 0.13296
0.164549 0.193522
0.142491 0.216881
0.0637194 0.163817
0.0724176 0.123988
0.155905 0.147792
0.115279 0.184485
0.0572902 0.138096
0.0945963 0.167267
0.0570341 0.142368
0.0623319 0.17917
0.173883 0.211518
0.0855825 0.212267
0.082313 0.165335
0.0514508 0.263833
0.0696624 0.139882
0.111293 0.134944
0.0758451 0.24251
0.0422743 0.195479
0.0207129 0.184671
0.0689815 0.247077
0.20076 0.168299
0.138225 0.214828
0.100196 0.187533
0.153162 0.225143
0.0360231 0.180882
0.0857155 0.200299
0.0179591 0.219354
0.180464 0.20739
0.0839676 0.14791
0.115526 0.136834
0.100934 0.186761
0.0857623 0.211908
0.119545 0.186141
0.105505 0.196633
0.0275659 0.146138
0.0803819 0.239124
0.0309005 0.228041
0.025883 0.16337
0.0280243 0.207238
0.11687 0.227735
0.0833291 0.195559
0.120976 0.233592
0.129585 0.250381
0.1282 0.170636
0.154899 0.225769
0.191862 0.289875
0.224156 0.200915
0.121927 0.17344
0.157222 0.212672
0.119931 0.244862
0.146047 0.183241
0.102808 0.238577
0.0932058 0.22695
0.133068 0.170473
0.149851 0.143524
0.173134 0.166071
0.145152 0.175701
0.165533 0.199212
0.102559 0.300577
0.146905 0.133207
0.148213 0.263796
0.154746 0.28871
0.108995 0.187738
0.0435808 0.230921
0.168741 0.233697
0.112901 0.31894
0.170759 0.233123
0.117879 0.181242
0.191696 0.173419
0.198868 0.216792
0.0752147 0.30311
0.220258 0.180324
0.149296 0.234021
0.156757 0.226194
0.140585 0.216055
0.0709322 0.171562
0.166927 0.254605
0.101088 0.159428
0.0676742 0.133769
0.100233 0.233455
0.140136 0.188653
0.179833 0.235333
0.173971 0.200067
0.174322 0.202866
0.18764 0.220456
0.160651 0.163259
0.135855 0.256228
0.194608 0.221043
0.128058 0.210942
0.153343 0.236229
0.103963 0.163308
0.12152 0.163235
0.128831 0.196472
0.190392 0.184253
0.101862 0.15882
0.0601505 0.117691
0.0747584 0.176793
0.0816203 0.157763
0.0255925 0.213085
0.0762593 0.200579
0.17552 0.221684
0.106929 0.15917
0.0844017 0.134864
0.250126 0.0603474
0.080981 0.237116
0.126324 0.122978
0.0269149 0.0986429
0.0652837 0.141875
0.0706913 0.105913
0.100223 0.185689
0.0579455 0.26075
0.056626 0.135186
0.110677 0.169521
0.0552334 0.210744
0.0243188 0.208292
0.109463 0.216576
0.11484 0.217946
0.0816006 0.218914
0.0667508 0.231646
0.0197067 0.11663
0.0818619 0.19527
0.0329709 0.221993
0.109318 0.187758
0.051414 0.152225
0.129707 0.203088
0.133249 0.186478
0.140998 0.18094
0.120005 0.193772
0.122856 0.114926
0.174051 0.240529
0.245022 0.311696
0.128229 0.239095
0.104013 0.234807
0.100895 0.166437
0.0628783 0.222318
0.121505 0.285013
0.257745 0.272978
0.150499 0.202869
0.129734 0.274543
0.156328 0.155472
0.13668 0.22417
0.06352 0.214324
0.17519 0.247801
0.124379 0.194435
0.151629 0.246837
0.118159 0.231427
0.180991 0.194611
0.133468 0.0893331
0.176531 0.19878
0.116699 0.260619
0.203975 0.177214
0.140108 0.185638
0.153279 0.204307
0.107895 0.206248
0.115514 0.209806
0.134634 0.2519
0.129617 0.228734
0.155561 0.174539
0.12311 0.151819
0.105883 0.182701
0.152223 0.1374
0.105685 0.141994
0.191156 0.145646
0.0820445 0.18576
0.0599694 0.180395
0.200053 0.236473
0.100733 0.26431
0.122093 0.180365
0.0680179 0.178846
0.11363 0.199056
0.13906 0.161587
0.137558 0.244136
0.237497 0.219617
0.153556 0.172657
0.143806 0.16979
0.103148 0.20661
0.14929 0.318601
0.149485 0.205214
0.148706 0.191037
0.093121 0.142007
0.119733 0.190617
0.161701 0.206715
0.16206 0.236549
0.129993 0.181811
0.17643 0.19851
0.181914 0.209892
0.0921983 0.189514
0.0983218 0.242992
0.105824 0.203324
0.128836 0.206438
0.138335 0.137444
0.0597276 0.173251
0.162454 0.252789
0.17315 0.219711
0.211734 0.185557
0.215253 0.128615
0.181412 0.270075
0.061844 0.185746
0.131609 0.288637
0.0940066 0.189267
0.0902769 0.200347
0.166081 0.21655
0.209801 0.145441
0.100288 0.173327
0.208877 0.153012
0.209317 0.238378
0.0800106 0.204835
0.140028 0.184275
0.166494 0.214716
0.146794 0.153155
0.156966 0.15956
0.131564 0.165871
0.144926 0.216179
0.109763 0.187067
0.101726 0.226415
0.123772 0.180549
0.0648199 0.192394
0.135625 0.245762
0.178572 0.177441
0.15158 0.232633
0.127504 0.273883
0.19574 0.201925
0.160243 0.205702
0.0916966 0.177805
0.207421 0.144753
0.17472 0.209088
0.116971 0.149802
0.163286 0.230399
0.171285 0.205026
0.0944132 0.24306
0.200477 0.183144
0.184177 0.238645
0.215239 0.185887
0.0984899 0.219123
0.117999 0.16054
0.172996 0.179147
0.219077 0.181336
0.193818 0.148131
0.0916961 0.11345
0.157355 0.207797
0.0867552 0.240801
0.1265 0.20215
0.117831 0.147299
0.103007 0.201126
0.179101 0.22612
0.119521 0.125001
0.131335 0.199235
0.215708 0.151493
0.223669 0.124189
0.190209 0.18071
0.156975 0.112076
0.150175 0.17131
0.176653 0.15184
0.0800523 0.229425
0.235351 0.226388
0.158467 0.249185
0.179791 0.221088
0.137021 0.168624
0.115851 0.20296
0.0942486 0.221349
0.191921 0.134496
0.101451 0.212327
0.130261 0.179568
0.147376 0.189965
0.147093 0.207264
0.172575 0.179664
0.152483 0.288675
0.0999065 0.223232
0.219961 0.255942
0.102581 0.205936
0.132706 0.208565
0.145737 0.258308
0.168514 0.205209
0.0633428 0.229185
0.171607 0.232834
0.163675 0.245443
0.172819 0.236251
0.16197 0.167796
0.132891 0.166257
0.136305 0.201835
0.200691 0.178601
0.193757 0.21765
0.141405 0.245826
0.13332 0.2236
0.202359 0.160008
0.119138 0.167269
0.181753 0.211568
0.193816 0.18213
0.145883 0.210338
0.141052 0.221192
0.128716 0.201517
0.147374 0.172524
0.139437 0.191141
0.164098 0.23959
0.15032 0.163157
0.151047 0.171585
0.141975 0.238372
0.0792584 0.157515
0.114113 0.238645
0.201243 0.225409
0.176965 0.235379
0.102519 0.208954
0.142657 0.229605
0.252362 0.251307
0.133465 0.209992
0.111745 0.168237
0.157236 0.200479
0.234729 0.196616
0.0981397 0.177141
0.133696 0.212198
0.163487 0.178242
0.110546 0.174757
0.111303 0.218263
0.0870483 0.133386
0.177755 0.214618
0.177672 0.178323
0.234182 0.255934
0.104295 0.148844
0.0437967 0.164614
0.051723 0.124121
0.0976702 0.0816236
0.144209 0.145859
0.161026 0.13807
0.174812 0.226926
0.1058 0.19536
0.128856 0.138872
0.223789 0.159229
0.100463 0.097557
0.177014 0.27403
0.140557 0.275101
0.196907 0.236935
0.186771 0.269904
0.185502 0.193922
0.163389 0.254746
0.149486 0.16708
0.12897 0.210738
0.0864908 0.240478
0.0967424 0.140811
0.137891 0.18007
0.151623 0.199332
0.21438 0.228041
0.14415 0.238596
0.171767 0.224126
0.111467 0.167515
0.0980143 0.182454
0.063792 0.21312
0.128257 0.203663
0.0684957 0.216203
0.16255 0.0927535
0.162026 0.20167
0.104358 0.149829
0.160257 0.195157
0.122099 0.139766
0.0852812 0.193296
0.16082 0.113578
0.0767861 0.261022
0.0680277 0.181079
0.111384 0.251437
0.010859 0.171901
0.112907 0.193301
0.0698667 0.252338
0.203787 0.142793
0.204363 0.208959
0.214213 0.172829
0.156551 0.219389
0.148964 0.171844
0.107984 0.227187
0.157643 0.222621
0.16767 0.217148
0.161898 0.261294
0.022598 0.214456
0.0814816 0.156355
0.0480809 0.2283
0.0955539 0.27875
0.157173 0.146003
0.0677833 0.209442
0.124918 0.212447
0.0830684 0.208274
0.0847558 0.121078
0.124024 0.204915
0.0267742 0.268596
0.0827109 0.204439
0.0867358 0.215859
0.0355956 0.197764
0.0392356 0.216238
0.125669 0.201382
0.0844557 0.248201
0.0419681 0.283058
0.0679289 0.207156
0.029942 0.193043
0.0531421 0.276954
0.0569691 0.204971
0.0816316 0.182399
0.0614337 0.221727
0.0986475 0.197696
0.064214 0.18729
0.0603849 0.218317
0.167094 0.220337
0.0926327 0.221725
0.238297 0.199792
0.213714 0.185293
0.201588 0.202863
0.129368 0.190067
0.20406 0.174767
0.0358659 0.159261
0.109392 0.208673
0.0873748 0.160502
0.0810658 0.202768
0.193445 0.233177
0.157967 0.13969
0.149422 0.254413
0.0640052 0.193703
0.0743149 0.201168
0.135622 0.225755
0.0518477 0.198598
0.0899339 0.191613
0.010486 0.23907
0.0717506 0.165872
0.0468153 0.178575
0.118893 0.190455
0.0756704 0.144631
0.15634 0.221037
0.0377363 0.219293
0.0714476 0.119418
0.080706 0.244009
0.0895452 0.1563
0.0898398 0.248358
0.0276714 0.247489
0.0673463 0.190719
0.201387 0.163318
0.106859 0.219991
0.0487579 0.235134
0.101724 0.199253
0.0696536 0.182412
0.0573861 0.210304
0.140211 0.132558
0.103643 0.184254
0.162085 0.194273
0.0626191 0.216109
0.129299 0.190274
0.175414 0.192152
0.103179 0.146741
0.117948 0.153725
0.164502 0.183989
0.220549 0.131195
0.156967 0.258573
0.179836 0.207563
0.153716 0.269733
0.161803 0.247509
0.0953309 0.128232
0.168081 0.178537
0.0824322 0.164536
0.155385 0.198811
0.140791 0.178286
0.116009 0.231719
0.0486335 0.107175
0.0960244 0.166255
0.12219 0.219612
0.0550381 0.210228
0.186871 0.223343
0.111046 0.243133
0.103132 0.0977585
0.125759 0.134023
0.169994 0.204423
0.0823728 0.15433
0.0939593 0.154406
0.0820445 0.166796
0.0565215 0.161531
0.0165096 0.190243
0.0904814 0.16663
0.0989816 0.107504
0.163785 0.134928
0.0602329 0.170055
0.054572 0.128906
0.0449994 0.224809
0.120262 0.173759
0.170707 0.231399
0.254712 0.138434
0.152473 0.178788
0.0868321 0.138769
0.179065 0.221807
0.0987081 0.177689
0.178573 0.243784
0.138974 0.236941
0.180753 0.21008
0.0957115 0.246167
0.135951 0.218601
0.203764 0.182972
0.0780575 0.141381
0.21503 0.165951
0.191464 0.190205
0.166161 0.194995
0.184321 0.238941
0.131914 0.170165
0.0933928 0.233792
0.158445 0.204006
0.103419 0.21523
0.15029 0.191829
0.123006 0.183163
0.115506 0.191505
0.0939127 0.196186
0.143475 0.175574
0.222372 0.229901
0.105198 0.186028
0.13233 0.204586
0.151887 0.253448
0.232695 0.222864
0.235825 0.225301
0.137048 0.174043
0.0667468 0.184052
0.113594 0.110197
0.217213 0.211519
0.0997328 0.225829
0.134343 0.153831
0.204642 0.186583
0.153036 0.226215
0.0974622 0.155817
0.219303 0.130956
0.123415 0.185435
0.178098 0.245732
0.24644 0.206361
0.0853063 0.221615
0.165654 0.222283
0.086765 0.190271
0.11259 0.197765
0.166247 0.139864
0.17805 0.204526
0.073823 0.212343
0.0672442 0.201622
0.132771 0.258601
0.0262895 0.239379
0.117429 0.243407
0.0387494 0.110168
0.102859 0.254403
0.016666 0.206796
0.0327726 0.173926
0.0279925 0.156661
0.120251 0.212201
0.101448 0.161442
0.108419 0.283534
0.0834819 0.283697
0.0896536 0.126126
0.0610168 0.216151
0.0893726 0.197481
0.0571916 0.135412
0.13833 0.149818
0.187731 0.197715
0.114742 0.187627
0.192217 0.0599999
0.0719875 0.181374
0.0476887 0.140606
0.0517595 0.198628
0.0502771 0.156818
0.155857 0.169306
0.044084 0.242893
0.08367 0.24592
0.110744 0.245375
0.0102705 0.216585
0.0571872 0.211446
0.0449536 0.154873
0.0996955 0.243348
0.048325 0.204974
0.0585893 0.232001
0.0437257 0.203448
0.0544888 0.204539
0.0813355 0.198019
0.0491806 0.230589
0.0756175 0.266444
0.0547502 0.162081
0.088816 0.236888
0.074175 0.206032
0.104582 0.210931
0.0714169 0.224399
0.0404036 0.231557
0.0687448 0.182506
0.0954208 0.187944
0.051474 0.189851
0.0781169 0.116518
0.101127 0.163959
0.041541 0.168862
0.132795 0.104084
0.0799566 0.120383
0.0466524 0.101608
0.0640925 0.197
0.0943374 0.215394
0.118161 0.133609
0.034134 0.128425
0.110935 0.201069
0.115236 0.170227
0.112584 0.2071
0.133107 0.267987
0.132678 0.225387
0.17803 0.220972
0.0551871 0.103578
0.055563 0.244685
0.110918 0.305939
0.0514633 0.185697
0.0993401 0.185025
0.0949559 0.2068
0.140295 0.160585
0.123324 0.128382
0.135894 0.195419
0.0949997 0.173748
0.164143 0.182669
0.204868 0.0994282
0.133106 0.0765206
0.0277587 0.129596
0.0327854 0.0772284
0.0997106 0.247582
0.0816211 0.160132
0.171348 0.139355
0.0377346 0.172214
0.0743771 0.232087
0.0614642 0.242183
0.0986163 0.216664
0.113178 0.199704
0.0919801 0.189931
0.0829666 0.266291
0.10127 0.0688584
0.184199 0.245341
0.222939 0.205119
0.130791 0.147
0.0953097 0.110832
0.161395 0.1899
0.0665849 0.139978
0.151547 0.161927
0.182769 0.149799
0.156208 0.219263
0.155266 0.208703
0.151405 0.197902
0.117789 0.143686
0.166012 0.171663
0.147255 0.187118
0.126347 0.282489
0.21221 0.189205
0.0773575 0.145884
0.0914292 0.152452
0.135792 0.137902
0.0933039 0.246484
0.0669199 0.185709
0.05039 0.194618
0.111802 0.21069
0.161909 0.170226
0.0852351 0.280848
0.0270472 0.18099
0.0253964 0.264496
0.00589265 0.18997
0.0390283 0.229335
0.0574959 0.203033
0.0697924 0.155018
0.141665 0.177139
0.0876142 0.187845
0.0967209 0.146776
0.00974896 0.179283
0.11528 0.160902
0.130826 0.21149
0.145169 0.250386
0.168564 0.133618
0.205181 0.249581
0.171713 0.191378
0.0664999 0.166584
0.179977 0.164015
0.200575 0.221663
0.118814 0.0858567
0.126874 0.17414
0.0468768 0.23711
0.147017 0.194176
0.185776 0.218481
0.168261 0.184831
0.194841 0.202484
0.151415 0.174786
0.0745966 0.171851
0.150937 0.174438
0.162123 0.202348
0.166749 0.277739
0.10383 0.253841
0.202365 0.167884
0.126433 0.187497
0.112547 0.274171
0.12807 0.204142
0.10369 0.192449
0.0896358 0.204117
0.0739949 0.144007
0.14324 0.17496
0.0817296 0.151202
0.0622253 0.181604
0.0241602 0.134566
0.0946003 0.189402
0.158133 0.223858
0.10085 0.217636
0.144067 0.222636
0.140377 0.239767
0.158534 0.122965
0.13517 0.230489
0.0180336 0.207867
0.08784 0.148195
0.140706 0.146985
0.150172 0.226552
0.0323781 0.189708
0.166723 0.219958
0.0988802 0.213794
0.0982132 0.176195
0.149108 0.207093
0.153656 0.247404
0.200583 0.161608
0.121966 0.178169
0.224169 0.216143
0.149548 0.179414
0.169167 0.296932
0.154538 0.201119
0.222073 0.178843
0.188566 0.165206
0.147701 0.210884
0.160735 0.254576
0.109502 0.186727
0.126521 0.177284
0.13396 0.184841
0.112031 0.180031
0.135745 0.173876
0.176844 0.190348
0.100775 0.163233
0.0907618 0.161496
0.164324 0.205851
0.0696987 0.113668
0.101103 0.201706
0.203231 0.122473
0.167928 0.212212
0.148039 0.148574
0.110835 0.212224
0.137002 0.218126
0.139683 0.267654
0.186271 0.19921
0.178581 0.166728
0.137415 0.192304
0.124277 0.189729
0.146687 0.162584
0.160911 0.205202
0.200267 0.199823
0.101019 0.235668
0.0947862 0.238807
0.0461288 0.168107
0.188823 0.204904
0.156527 0.110344
0.107952 0.203888
0.153512 0.172085
0.14069 0.199204
0.15156 0.162242
0.192826 0.18921
0.184552 0.167999
0.0992415 0.184975
0.179031 0.208361
0.200957 0.206619
0.0548734 0.234544
0.107279 0.282293
0.162278 0.189802
0.177248 0.153799
0.178714 0.186681
0.150743 0.275525
0.105408 0.210982
0.0981386 0.166968
0.154665 0.207393
0.096997 0.189977
0.211376 0.209401
0.181349 0.192487
0.169323 0.245576
0.0684757 0.181482
0.059009 0.137771
0.0889816 0.220878
0.0475523 0.220786
0.029296 0.175936
0.0839078 0.172946
0.0893011 0.165495
0.0860798 0.149764
0.0987461 0.221686
0.0253214 0.181299
0.0409764 0.197006
0.0288193 0.24261
0.080695 0.258975
0.0160554 0.187111
0.0295963 0.173168
0.116563 0.22572
0.0593631 0.147381
0.141272 0.221878
0.0525608 0.24502
0.121785 0.154334
0.138313 0.186979
0.127472 0.19577
0.172525 0.164835
0.130244 0.166849
0.200787 0.214335
0.0678746 0.195095
0.0974853 0.217122
0.0695214 0.164514
0.0863183 0.255193
0.10372 0.131814
0.0607469 0.163385
0.0323073 0.188662
0.0366514 0.164383
0.0967811 0.20594
0.0582189 0.122406
0.03901 0.161932
0.0216194 0.199478
0.04713 0.162762
0.0598747 0.175044
0.0798717 0.170985
0.0523836 0.199902
0.0862923 0.257641
0.0685992 0.185288
0.0886784 0.177261
0.0760037 0.191649
0.0713863 0.213144
0.0494367 0.257223
0.080298 0.231054
0.100576 0.211334
0.167651 0.200015
0.150052 0.22831
0.112392 0.154227
0.165209 0.207645
0.164303 0.181206
0.181851 0.162748
0.196982 0.218162
0.133123 0.240451
0.166839 0.212117
0.137906 0.177184
0.16553 0.178461
0.125415 0.206569
0.0758831 0.109023
0.187246 0.139077
0.160071 0.158547
0.121371 0.094217
0.0768164 0.281652
0.125066 0.188896
0.106309 0.271013
0.110859 0.2173
0.12371 0.259987
0.202473 0.226401
0.116502 0.20933
0.164711 0.264387
0.184487 0.261173
0.147964 0.217935
0.17597 0.268413
0.203987 0.23642
0.0783051 0.207918
0.0861534 0.190792
0.173124 0.241049
0.155353 0.23915
0.200285 0.190808
0.208926 0.185234
0.161472 0.213277
0.170376 0.189048
0.155892 0.263681
0.0510387 0.235727
0.206151 0.184868
0.0673448 0.205359
0.101111 0.236554
0.175603 0.144927
0.0967651 0.194797
0.134139 0.243646
0.162325 0.165239
0.161638 0.245439
0.149984 0.24856
0.161635 0.190243
0.147753 0.187983
0.128346 0.294934
0.190499 0.194887
0.106911 0.225394
0.19162 0.210112
0.119999 0.24671
0.109805 0.243155
0.0932005 0.185242
0.118881 0.183436
0.177143 0.164325
0.196916 0.240954
0.152314 0.242637
0.188013 0.143324
0.195724 0.225355
0.171501 0.204255
0.194084 0.114231
0.130308 0.184184
0.121606 0.154006
0.114847 0.187622
0.186888 0.235934
0.151135 0.196464
0.0720295 0.224454
0.122407 0.125456
0.252179 0.2169
0.09811 0.21188
0.136902 0.231541
0.149417 0.220909
0.150727 0.155081
0.122911 0.148362
0.125726 0.177267
0.194542 0.244688
0.170107 0.231156
0.130057 0.299482
0.135782 0.155377
0.174457 0.219687
0.140748 0.153601
0.140549 0.0975846
0.123115 0.138081
0.184319 0.173838
0.123024 0.196373
0.115334 0.092259
0.171659 0.111751
0.18667 0.18499
0.142136 0.200466
0.139061 0.169963
0.168393 0.16324
0.071971 0.230129
0.133813 0.165275
0.154026 0.179104
0.138624 0.160301
0.202002 0.223883
0.0806573 0.181226
0.132515 0.262883
0.204949 0.230759
0.137342 0.165382
0.116027 0.207291
0.079684 0.181099
0.163273 0.269021
0.0854985 0.126594
0.190636 0.186532
0.204688 0.205803
0.154764 0.25107
0.191664 0.155266
0.084151 0.146029
0.14038 0.145162
0.0974007 0.187958
0.15498 0.169738
0.0807961 0.22073
0.265405 0.189205
0.215843 0.214398
0.18129 0.230674
0.193011 0.252781
0.121184 0.177955
0.0988739 0.112434
0.165398 0.172954
0.105853 0.204539
0.172628 0.22832
0.131981 0.143188
0.156329 0.235373
0.14682 0.216709
0.104215 0.207272
0.156324 0.197353
0.100467 0.168585
0.138431 0.202441
0.196942 0.220141
0.162852 0.222067
0.119735 0.162622
0.0408301 0.237221
0.139269 0.266122
0.186402 0.148409
0.165026 0.202896
0.0987584 0.218519
0.099244 0.148084
0.232743 0.131134
0.171092 0.282578
0.168838 0.170405
0.16368 0.241403
0.154466 0.177361
0.128503 0.15588
0.171792 0.214572
0.206223 0.141188
0.148183 0.166413
0.160275 0.175474
0.0777382 0.203728
0.153318 0.199359
0.203243 0.248229
0.141171 0.104147
0.101147 0.211713
0.114248 0.233556
0.175471 0.215217
0.146551 0.164536
0.188336 0.220187
0.0951294 0.235134
0.182479 0.210503
0.159745 0.16523
0.210608 0.149967
0.138375 0.299439
0.179396 0.205928
0.0933292 0.20936
0.186397 0.206831
0.108061 0.205016
0.115989 0.269529
0.167526 0.136477
0.0489166 0.203158
0.17184 0.260576
0.154202 0.189401
0.0834499 0.20459
0.202558 0.20264
0.185915 0.184412
0.229987 0.193257
0.135471 0.160425
0.141809 0.236476
0.128218 0.243345
0.178695 0.17401
0.164441 0.261288
0.134406 0.292561
0.075839 0.165629
0.109147 0.16531
0.0803616 0.146083
0.0950838 0.211961
0.116005 0.186493
0.162374 0.165948
0.212313 0.190658
0.131933 0.200638
0.0958377 0.121285
0.088239 0.238211
0.105465 0.216925
0.0663828 0.23779
0.155786 0.246661
0.132366 0.163788
0.116621 0.183796
0.140235 0.191989
0.0905367 0.163655
0.10226 0.197417
0.134251 0.111243
0.126185 0.181102
0.170491 0.0905948
0.177732 0.207988
0.110367 0.252757
0.163183 0.281082
0.264751 0.130509
0.172081 0.198605
0.119129 0.172286
0.173407 0.17374
0.100264 0.18009
0.163476 0.157727
0.130934 0.162555
0.0860687 0.198836
0.170206 0.150678
0.193746 0.182702
0.146252 0.194329
0.0809933 0.165423
0.119813 0.225635
0.173954 0.236969
0.153162 0.219167
0.12445 0.183957
0.210235 0.196465
0.145036 0.212036
0.176145 0.244293
0.111401 0.180476
0.193463 0.194412
0.118495 0.251724
0.136334 0.19931
0.162092 0.20239
0.213646 0.180963
0.122754 0.180006
0.177038 0.260155
0.111285 0.174061
0.116483 0.191251
0.195812 0.287703
0.164506 0.179877
0.10841 0.200537
0.185423 0.144519
0.0869339 0.166123
0.0859792 0.204971
0.149308 0.17341
0.187426 0.190371
0.119018 0.214371
0.117326 0.16675
0.138982 0.125175
0.222844 0.259058
0.125479 0.125644
0.122191 0.2116
0.128467 0.226064
0.101868 0.166471
0.0682135 0.175671
0.03051 0.167263
0.0691515 0.194883
0.0506997 0.20218
0.0974408 0.127768
0.133892 0.161083
0.241321 0.222269
0.150907 0.136463
0.217583 0.218403
0.195298 0.240093
0.207003 0.26549
0.159839 0.220849
0.220961 0.209119
0.202577 0.205609
0.1593 0.21072
0.207766 0.214985
0.221197 0.209687
0.210929 0.224499
0.15569 0.195814
0.153909 0.15886
0.119081 0.213829
0.0935778 0.253976
0.0927195 0.205844
0.214871 0.219452
0.20531 0.228859
0.157313 0.240361
0.135428 0.187316
0.133184 0.1534
0.203831 0.191911
0.125166 0.183498
0.129405 0.203739
0.0757505 0.16941
0.120529 0.0950936
0.0957617 0.17089
0.243809 0.229035
0.117761 0.196725
0.152671 0.0991061
0.080013 0.241719
0.0977031 0.199232
0.142701 0.203148
0.207685 0.293148
0.140198 0.263653
0.0768935 0.254592
0.166445 0.165305
0.174227 0.186753
0.109718 0.166945
0.127785 0.181094
0.129452 0.177175
0.111848 0.222473
0.279014 0.142597
0.128725 0.23506
0.0737789 0.185534
0.174286 0.22575
0.0929587 0.226332
0.126655 0.152132
0.107396 0.234814
0.128748 0.129272
0.202779 0.12214
0.175514 0.236708
0.114316 0.17551
0.127338 0.155417
0.189116 0.2029
0.199059 0.262241
0.0838478 0.256549
0.0953226 0.11045
0.0569217 0.200857
0.12631 0.171846
0.226015 0.105026
0.0866975 0.192173
0.103365 0.179308
0.0561703 0.234207
0.12274 0.201861
0.0799322 0.168234
0.0837859 0.156971
0.114602 0.290028
0.0732267 0.187998
0.117401 0.189716
0.171198 0.214483
0.0801158 0.250425
0.111323 0.216461
0.17509 0.175648
0.149689 0.163941
0.14449 0.232272
0.148383 0.222898
0.155885 0.179239
0.130212 0.158659
0.206979 0.176618
0.145118 0.202441
0.141473 0.205535
0.0833526 0.198964
0.178946 0.216064
0.176302 0.207244
0.122013 0.198102
0.142158 0.196628
0.157701 0.211672
0.0598583 0.224039
0.128486 0.299476
0.101847 0.190662
0.183245 0.150756
0.1628 0.191016
0.093122 0.166913
0.171516 0.224196
0.127143 0.17835
0.0671381 0.243539
0.0267971 0.203328
0.0394033 0.225064
0.0298032 0.137437
0.0957009 0.193126
0.110496 0.241132
0.122173 0.199907
0.192144 0.136909
0.148608 0.215152
0.144329 0.120778
0.158249 0.234411
0.0953662 0.198677
0.0767441 0.239847
0.0751008 0.24478
0.158692 0.232269
0.130288 0.19857
0.100339 0.201075
0.0840017 0.21229
0.120666 0.127501
0.146089 0.216358
0.176715 0.212056
0.0872219 0.203145
0.102579 0.163991
0.130333 0.221169
0.0864521 0.221255
0.102298 0.194546
0.11564 0.262513
0.0530714 0.207461
0.148972 0.205984
0.0306439 0.200915
0.10412 0.180308
0.0749721 0.17829
0.0848097 0.143378
0.174731 0.148494
0.0597181 0.149882
0.0934798 0.231278
0.0606355 0.223887
0.0798557 0.175156
0.201555 0.140895
0.207258 0.213053
0.135758 0.224868
0.1596 0.149536
0.123592 0.189419
0.183267 0.242649
0.189014 0.196187
0.138564 0.175741
0.165208 0.181222
0.0489331 0.229351
0.128642 0.188802
0.194136 0.197731
0.10168 0.230909
0.121877 0.225968
0.176099 0.259486
0.229617 0.206537
0.185991 0.209168
0.172655 0.14208
0.182593 0.219911
0.169374 0.262308
0.209901 0.241846
0.170423 0.152019
0.204002 0.234721
0.100857 0.236255
0.117398 0.124172
0.183273 0.210833
0.144634 0.11823
0.146864 0.254885
0.15358 0.222994
0.120242 0.201203
0.118555 0.190305
0.17877 0.227449
0.0833246 0.130701
0.10415 0.170871
0.120732 0.171356
0.0188045 0.161315
0.0651435 0.228882
0.0680831 0.244608
0.081315 0.198104
0.0224359 0.262543
0.0219413 0.217434
0.0942564 0.150046
0.0475022 0.190156
0.0244809 0.185155
0.134698 0.174659
0.174302 0.188973
0.17305 0.239789
0.140766 0.191508
0.0213548 0.14974
0.0568499 0.18458
0.105191 0.204686
0.13013 0.192062
0.0492164 0.214664
0.151986 0.184846
0.0353381 0.236777
0.079481 0.324407
0.0672562 0.204445
0.0550883 0.216333
0.165914 0.185627
0.0335594 0.157781
0.133235 0.235456
0.0933468 0.231152
0.0248618 0.231511
0.0707622 0.249221
0.115058 0.134631
0.119367 0.199992
0.0702274 0.230134
0.0469426 0.193191
0.108069 0.233213
0.0118592 0.226874
0.0109823 0.215554
0.062868 0.211191
0.0587144 0.215258
0.0926673 0.208422
0.068475 0.204537
0.0592023 0.213906
0.0350889 0.198483
0.082038 0.183751
0.0767455 0.182483
0.0668598 0.201889
0.0263124 0.119256
0.0632296 0.198358
0.0243057 0.1458
0.0910845 0.203967
0.0669179 0.221696
0.0278459 0.184554
0.0863424 0.185475
0.0685066 0.203854
0.10344 0.124352
0.0689056 0.20468
0.138465 0.286969
0.183746 0.211955
0.149119 0.182187
0.157767 0.221249
0.0742572 0.165852
0.149483 0.172059
0.0533459 0.175084
0.0521325 0.204524
0.128747 0.253174
0.105716 0.231658
0.117946 0.0932908
0.173534 0.27214
0.180479 0.237651
0.186998 0.186135
0.145954 0.260817
0.148458 0.213906
0.147679 0.196699
0.137696 0.281455
0.132896 0.228197
0.096006 0.236732
0.0879086 0.16428
0.214137 0.234098
0.175723 0.194428
0.171947 0.278678
0.128823 0.130637
0.18557 0.266661
0.166668 0.18905
0.11616 0.217023
0.182514 0.198947
0.159682 0.194463
0.0702672 0.212888
0.0225786 0.157068
0.136922 0.194822
0.0945207 0.162327
0.122292 0.182713
0.124783 0.17308
0.0676737 0.114996
0.0359204 0.118244
0.0465145 0.154502
0.028836 0.212341
0.0362369 0.223888
0.0765665 0.144307
0.0706586 0.1508
0.0636192 0.159715
0.0801329 0.121218
0.12141 0.160398
0.0957385 0.215388
0.138955 0.216828
0.144171 0.232807
0.172716 0.210134
0.094119 0.182213
0.103912 0.190239
0.121335 0.153054
0.139013 0.257769
0.0844177 0.177096
0.178473 0.12937
0.134288 0.225475
0.160533 0.150656
0.159075 0.228263
0.141691 0.216449
0.0494386 0.131133
0.10293 0.225706
0.11853 0.144566
0.0836306 0.175219
0.144737 0.269372
0.190601 0.189419
0.143218 0.197874
0.159257 0.278544
0.159526 0.220942
0.0772043 0.169052
0.182365 0.177622
0.0477556 0.129267
0.146888 0.181902
0.116107 0.276386
0.183545 0.139144
0.109845 0.143712
0.140523 0.214159
0.170404 0.225189
0.0913054 0.19547
0.149647 0.188644
0.121433 0.152365
0.138647 0.109488
0.0967923 0.264178
0.207131 0.170986
0.121671 0.113416
0.232714 0.257265
0.153758 0.187977
0.0982075 0.160527
0.103279 0.151118
0.18536 0.180291
0.165735 0.19526
0.218612 0.230828
0.122912 0.291109
0.0788138 0.191155
0.116957 0.188091
0.20022 0.261726
0.125216 0.22981
0.192966 0.205163
0.155315 0.188649
0.207504 0.178849
0.240815 0.188876
0.116146 0.152252
0.148518 0.226942
0.0543752 0.206476
0.0839183 0.152331
0.164432 0.195961
0.0733407 0.171517
0.198482 0.249148
0.0659825 0.131477
0.174558 0.140721
0.179757 0.176916
0.167538 0.183854
0.141571 0.255517
0.0467889 0.127961
0.0386994 0.179269
0.138058 0.202289
0.162309 0.212172
0.13833 0.193474
0.170432 0.220079
0.14737 0.187658
0.128824 0.165803
0.108523 0.195066
0.183733 0.169821
0.121815 0.165745
0.128616 0.134576
0.119783 0.184652
0.120537 0.231184
0.167358 0.157948
0.107021 0.189939
0.117769 0.254263
0.1919 0.195731
0.187445 0.252584
0.139386 0.195568
0.188133 0.125226
0.211299 0.187161
0.210341 0.27229
0.120683 0.203506
0.175557 0.229082
0.148198 0.141311
0.0995137 0.146827
0.120916 0.179221
0.165241 0.109274
0.153417 0.184094
0.152862 0.182311
0.10291 0.147241
0.186219 0.167827
0.131156 0.161976
0.119941 0.200305
0.21368 0.233858
0.0620972 0.18183
0.0927232 0.226029
0.125764 0.198366
0.161846 0.149871
0.0855207 0.205221
0.0678686 0.147166
0.175735 0.257122
0.15522 0.150779
0.179239 0.174792
0.152041 0.17722
0.130714 0.228543
0.206655 0.24789
0.168332 0.243323
0.144076 0.219863
0.212451 0.190531
0.119194 0.187015
0.131108 0.26694
0.0755323 0.208588
0.0677311 0.230198
0.209795 0.154868
0.176213 0.119577
0.128331 0.228589
0.131715 0.242512
0.119471 0.184118
0.151109 0.194887
0.182387 0.17878
0.1757 0.131312
0.162965 0.163138
0.150559 0.155345
0.179402 0.164022
0.174616 0.237359
0.168551 0.132165
0.16328 0.129244
0.179478 0.191641
0.208906 0.138858
0.0458762 0.128145
0.141576 0.166575
0.102548 0.146849
0.111835 0.163441
0.15897 0.198197
0.22346 0.256057
0.189645 0.119913
0.138509 0.242941
0.133875 0.220294
0.175322 0.130887
0.149949 0.200823
0.124706 0.261255
0.124116 0.136645
0.135993 0.164239
0.14423 0.211321
0.148423 0.16046
0.115608 0.184796
0.0586049 0.186316
0.152058 0.2147
0.183525 0.126101
0.14358 0.223913
0.182042 0.232698
0.217389 0.174789
0.216955 0.155675
0.141576 0.23151
0.188526 0.212953
0.112481 0.208499
0.0852429 0.179547
0.196544 0.249954
0.0969915 0.21571
0.171482 0.194421
0.201535 0.184563
0.172602 0.208903
0.0629449 0.121971
0.118412 0.258205
0.140569 0.194997
0.189065 0.225955
0.16049 0.222728
0.149811 0.258567
0.17594 0.212208
0.0822676 0.246226
0.173815 0.254054
0.098147 0.20482
0.141145 0.187681
0.0879814 0.126559
0.102668 0.18081
0.147058 0.170075
0.183825 0.250022
0.141322 0.221867
0.224366 0.19153
0.190308 0.210961
0.183177 0.23179
0.119612 0.210157
0.117549 0.240203
0.166713 0.19112
0.0579266 0.176271
0.109715 0.138621
0.173058 0.2168
0.254245 0.238417
0.169066 0.121082
0.158738 0.135802
0.175581 0.179547
0.164085 0.140236
0.139807 0.184957
0.20054 0.237702
0.142991 0.195439
0.131369 0.216181
0.173242 0.20598
0.17722 0.161403
0.167186 0.211878
0.111363 0.178944
0.155331 0.254291
0.181573 0.211675
0.192757 0.180999
0.111465 0.200075
0.120342 0.183232
0.156213 0.18507
0.119718 0.180583
0.198005 0.183503
0.182817 0.227182
0.174845 0.243199
0.0992405 0.148664
0.201134 0.201424
0.182845 0.230183
0.09636 0.24973
0.188857 0.175613
0.146429 0.129468
0.0709836 0.201375
0.148391 0.163534
0.144386 0.222771
0.117764 0.228256
0.0766436 0.234751
0.178101 0.189645
0.174895 0.188395
0.194127 0.175975
0.0882164 0.290689
0.083759 0.210205
0.0358457 0.168983
0.0551356 0.196664
0.211353 0.253381
0.160901 0.164883
0.0430839 0.206516
0.0581361 0.207797
0.138905 0.167941
0.103526 0.230444
0.106881 0.253953
0.074136 0.160256
0.132589 0.186265
0.154317 0.20643
0.205033 0.211433
0.111023 0.130221
0.104833 0.205646
0.124888 0.21243
0.172651 0.218008
0.168474 0.205877
0.149779 0.229371
0.101579 0.140082
0.109507 0.195762
0.119816 0.192992
0.107213 0.200142
0.11209 0.156123
0.0685 0.211337
0.0562717 0.250913
0.135876 0.17984
0.203084 0.247475
0.158667 0.237721
0.169697 0.24531
0.150355 0.296862
0.126274 0.207545
0.163319 0.237954
0.15252 0.22716
0.15031 0.17923
0.0888371 0.156982
0.109203 0.158962
0.155118 0.238488
0.148118 0.265458
0.213844 0.183481
0.191194 0.252998
0.121908 0.188
0.155013 0.203358
0.175766 0.216371
0.11994 0.243956
0.193839 0.218515
0.177405 0.214369
0.101089 0.19491
0.16456 0.210433
0.20033 0.125074
0.106242 0.150262
0.139705 0.195761
0.0721889 0.234472
0.112511 0.155211
0.150936 0.130741
0.125507 0.157353
0.0393986 0.261214
0.148525 0.235468
0.19568 0.209
0.110974 0.191287
0.145704 0.220772
0.103668 0.24609
0.0683717 0.229497
0.192071 0.303901
0.0713701 0.169555
0.138338 0.226483
0.210768 0.238712
0.226828 0.281858
0.138968 0.167982
0.140919 0.102474
0.177992 0.232834
0.15475 0.243173
0.202303 0.133102
0.167154 0.227554
0.196835 0.215905
0.10917 0.201278
0.155139 0.238146
0.145626 0.182232
0.152911 0.15892
0.194494 0.181095
0.0769454 0.235417
0.13729 0.253607
0.102009 0.134175
0.143131 0.194089
0.126926 0.167149
0.084806 0.203249
0.136491 0.225008
0.104269 0.110558
0.282758 0.15509
0.167508 0.217649
0.165398 0.16953
0.089402 0.218682
0.149359 0.204681
0.190683 0.140934
0.235501 0.202552
0.114387 0.213163
0.134001 0.226597
0.150286 0.233683
0.131896 0.187219
0.0529631 0.162067
0.100947 0.0982254
0.0931418 0.155326
0.11368 0.158038
0.0637845 0.123419
0.168481 0.181616
0.0130173 0.157444
0.0533292 0.136805
0.123142 0.169816
0.0973441 0.2204
0.123029 0.14989
0.100816 0.200068
0.0543838 0.165216
0.135283 0.168842
0.0832267 0.131334
0.0124214 0.167655
0.0480927 0.172665
0.0820061 0.194938
0.116538 0.136309
0.0666862 0.159523
0.0247917 0.173377
0.0360324 0.15854
0.085571 0.235301
0.0739408 0.187261
0.147761 0.179593
0.0371467 0.204058
0.0539145 0.20633
0.08408 0.20587
0.101725 0.198214
0.0712816 0.161908
0.0891739 0.25113
0.0721506 0.248976
0.0258897 0.28729
0.0148306 0.208229
0.0492356 0.177027
0.01575 0.188673
0.0633141 0.192356
0.0415073 0.230528
0.0119116 0.230417
0.151106 0.212947
0.0926618 0.196516
0.0638631 0.188578
0.0766474 0.213478
0.0537576 0.190816
0.0292742 0.194211
0.0311725 0.255509
0.158081 0.188264
0.0716843 0.215601
0.1017 0.143237
0.126052 0.203244
0.025717 0.14362
0.0628118 0.211176
0.0850702 0.235848
0.16652 0.231335
0.0685659 0.222059
0.0477654 0.215349
0.134209 0.196223
0.115446 0.267988
0.121138 0.173314
0.13793 0.184873
0.0806658 0.225679
0.171017 0.219874
0.0801058 0.175352
0.0485899 0.194942
0.146689 0.193569
0.179678 0.213754
0.1666 0.20827
0.188185 0.114945
0.165015 0.240689
0.141824 0.166952
0.155464 0.18905
0.249557 0.228405
0.12097 0.140163
0.201651 0.21417
0.164932 0.194539
0.157661 0.158606
0.154599 0.147912
0.14205 0.22569
0.215367 0.200453
0.203976 0.198073
0.143176 0.184347
0.167818 0.133362
0.108152 0.196617
0.189468 0.210187
0.138665 0.141359
0.179951 0.174049
0.168801 0.206413
0.170805 0.215684
0.14719 0.138896
0.180017 0.17962
0.120826 0.232228
0.190882 0.249114
0.219276 0.153003
0.208275 0.155114
0.0682771 0.279082
0.140113 0.243979
0.143544 0.246531
0.146504 0.152943
0.19287 0.174278
0.164214 0.168835
0.217083 0.158549
0.20505 0.234314
0.106038 0.231889
0.181729 0.177947
0.119112 0.176726
0.122778 0.229323
0.162084 0.178197
0.156767 0.160922
0.103702 0.208266
0.125355 0.193744
0.102314 0.136511
0.162698 0.148214
0.207884 0.231847
0.152051 0.154803
0.116302 0.137012
0.120742 0.174886
0.20173 0.147423
0.0985378 0.182068
0.187946 0.24047
0.215413 0.198936
0.142388 0.204823
0.0900722 0.143584
0.0681057 0.186735
0.161774 0.154542
0.156504 0.226863
0.101606 0.266511
0.0559859 0.140858
0.147587 0.160214
0.0972136 0.156812
0.165604 0.21523
0.192129 0.208041
0.0717899 0.219832
0.176695 0.289811
0.161449 0.166016
0.158592 0.21533
0.107823 0.186934
0.13799 0.201296
0.181801 0.20959
0.156779 0.119291
0.185816 0.206017
0.0901709 0.20793
0.109321 0.257503
0.0995925 0.22117
0.229657 0.181023
0.148013 0.200398
0.203123 0.162419
0.189545 0.155698
0.125123 0.233868
0.133348 0.248253
0.126951 0.117535
0.146311 0.243773
0.117915 0.176689
0.0963696 0.287776
0.12895 0.226405
0.118909 0.217714
0.0999867 0.20743
0.144475 0.0874757
0.0878765 0.201308
0.17064 0.135674
0.16543 0.244859
0.167669 0.209845
0.160422 0.173049
0.120861 0.181666
0.0911378 0.174822
0.145785 0.215371
0.0733656 0.157604
0.19042 0.178462
0.101863 0.223646
0.11141 0.263167
0.127005 0.182878
0.137079 0.213034
0.0510918 0.205374
0.180455 0.207221
0.165421 0.177242
0.16009 0.140961
0.168571 0.188768
0.127936 0.212093
0.0957124 0.24294
0.126102 0.229737
0.180481 0.125419
0.21408 0.0872245
0.164181 0.149954
0.132513 0.237598
0.155219 0.223253
0.136737 0.165996
0.154997 0.148699
0.163401 0.195685
0.166656 0.271297
0.1036 0.154055
0.159326 0.137728
0.242258 0.184512
0.187369 0.1931
0.0907957 0.282209
0.0858455 0.249869
0.194206 0.236012
0.112647 0.264845
0.233328 0.266099
0.146006 0.257297
0.150432 0.258722
0.14711 0.252326
0.228885 0.267819
0.172306 0.142159
0.181865 0.267006
0.239447 0.148567
0.0940753 0.237438
0.157216 0.179181
0.107584 0.203179
0.198317 0.214733
0.127706 0.185629
0.0825377 0.223443
0.0968346 0.155512
0.0781343 0.270365
0.154409 0.213275
0.169961 0.190355
0.153249 0.297029
0.164659 0.233206
0.225351 0.141701
0.147383 0.247275
0.164125 0.222569
0.162262 0.149517
0.0858969 0.234056
0.095796 0.2248
0.135204 0.202131
0.153977 0.132665
0.0684644 0.254165
0.0715134 0.207437
0.146657 0.225586
0.110451 0.141518
0.181544 0.149741
0.0504181 0.216877
0.0938006 0.29313
0.109996 0.205446
0.107629 0.132198
0.0803282 0.200463
0.194348 0.216231
0.160726 0.209204
0.171863 0.148233
0.201415 0.267964
0.151595 0.201793
0.152848 0.262754
0.146915 0.254513
0.129454 0.182818
0.148782 0.166965
0.143266 0.192859
0.180156 0.128366
0.16208 0.234425
0.128748 0.173863
0.104628 0.214951
0.186488 0.171138
0.133213 0.268317
0.0894885 0.169483
0.122667 0.237617
0.180734 0.294309
0.10907 0.16177
0.230264 0.211555
0.0977039 0.25878
0.16082 0.242831
0.167006 0.172461
0.157901 0.156686
0.158541 0.164688
0.0283301 0.187752
0.116116 0.202698
0.128094 0.157266
0.125246 0.178182
0.138434 0.181267
0.134315 0.263219
0.0930673 0.254215
0.0909058 0.215084
0.080611 0.222369
0.133721 0.14631
0.119622 0.278758
0.140516 0.224483
0.165219 0.193121
0.127787 0.237414
0.119475 0.210598
0.164739 0.193885
0.18198 0.295813
0.185978 0.174373
0.176797 0.171203
0.128061 0.20305
0.0959836 0.221087
0.119729 0.193348
0.20473 0.217756
0.183893 0.182242
0.167128 0.210164
0.119409 0.219247
0.154268 0.17486
0.0565304 0.206622
0.0601814 0.158251
0.131174 0.212893
0.0987476 0.185013
0.0253232 0.25441
0.122246 0.213533
0.0528416 0.177722
0.140047 0.253597
0.19224 0.198689
0.165006 0.259557
0.127398 0.190473
0.174485 0.116914
0.132229 0.252927
0.200876 0.181404
0.122464 0.156708
0.154156 0.16926
0.171406 0.22116
0.128762 0.193296
0.12967 0.201232
0.216217 0.190033
0.20447 0.183682
0.161821 0.194035
0.184353 0.158288
0.169348 0.207725
0.180409 0.146895
0.132885 0.283668
0.0784225 0.146762
0.186589 0.193217
0.132335 0.178349
0.107506 0.0934175
0.0748614 0.233955
0.150094 0.206413
0.184091 0.161427
0.137712 0.136174
0.134605 0.234623
0.0969015 0.1805
0.207303 0.157504
0.0853981 0.154813
0.0581906 0.217408
0.0444965 0.159132
0.10567 0.207539
0.203129 0.26758
0.067199 0.194435
0.0563323 0.200496
0.122432 0.197436
0.089055 0.250082
0.129757 0.240229
0.113378 0.214299
0.0935038 0.198896
0.153093 0.193557
0.0744076 0.283621
0.141635 0.243424
0.107381 0.151572
0.125225 0.20941
0.0915012 0.171267
0.147337 0.199727
0.154337 0.246347
0.0744653 0.197001
0.213207 0.185149
0.134905 0.207453
0.114336 0.143748
0.108573 0.212059
0.238907 0.192719
0.110303 0.162845
0.129499 0.21647
0.153585 0.205501
0.237171 0.163643
0.139233 0.251538
0.115056 0.194836
0.153056 0.255231
0.176494 0.236694
0.12879 0.222904
0.154366 0.232367
0.178293 0.172405
0.233362 0.180078
0.101995 0.190024
0.182505 0.205443
0.171885 0.221859
0.163868 0.191377
0.153604 0.22965
0.183801 0.184475
0.172507 0.175803
0.0992148 0.17299
0.171744 0.176216
0.146453 0.24962
0.0410962 0.159519
0.136521 0.179712
0.131656 0.197972
0.0148033 0.19702
0.123229 0.154695
0.121318 0.111581
0.104265 0.1071
0.0652792 0.106691
0.1089 0.141248
0.0650657 0.0477109
0.0316904 0.0401007
0.075362 0.0515373
0.104661 0.0825376
0.103591 0.0943132
0.155339 0.127932
0.0364416 0.0732757
0.0647943 0.0601335
0.0720046 0.0190007
0.0815029 0.0540687
0.0645216 0.0696131
0.0637399 0.0953614
0.173671 0.0854551
0.057431 0.0629587
0.115067 0.0437085
0.117394 0.0382708
0.12322 0.0479918
0.083363 0.0778419
0.100434 0.107329
0.194056 0.126028
0.0990904 0.0602943
0.0481399 0.197278
0.0781496 0.195123
0.0351377 0.187287
0.094224 0.140535
0.282647 0.165325
0.130057 0.138639
0.102202 0.197006
0.141669 0.200587
0.184882 0.209003
0.176456 0.226751
0.163109 0.23469
0.198253 0.191177
0.132429 0.214925
0.158718 0.254606
0.125131 0.214713
0.159231 0.246448
0.204913 0.123842
0.170773 0.182655
0.0933308 0.209731
0.203082 0.190776
0.152456 0.196091
0.241324 0.173308
0.198189 0.234056
0.183012 0.203456
0.0516349 0.267687
0.117579 0.239599
0.0930522 0.1942
0.0872042 0.230698
0.0615801 0.219719
0.160373 0.187915
0.113051 0.135869
0.173071 0.184877
0.0432712 0.156224
0.177589 0.235503
0.130001 0.11915
0.154184 0.165244
0.101666 0.323583
0.0853309 0.15876
0.194337 0.254339
0.189036 0.19495
0.200396 0.278103
0.199438 0.19032
0.143638 0.200871
0.164578 0.201962
0.138404 0.214613
0.157573 0.247029
0.108194 0.142886
0.148843 0.223692
0.0991245 0.259497
0.206647 0.191924
0.093914 0.211508
0.208817 0.214668
0.0818542 0.283787
0.138685 0.139246
0.131431 0.198809
0.135075 0.172369
0.158879 0.200556
0.130191 0.136557
0.11731 0.234987
0.158852 0.174643
0.102971 0.183686
0.2521 0.187068
0.140205 0.142828
0.203837 0.169195
0.177643 0.32009
0.118674 0.238617
0.110569 0.180071
0.100876 0.196222
0.143101 0.2031
0.143187 0.213806
0.112327 0.17994
0.147136 0.178537
0.140797 0.20871
0.174894 0.177767
0.134888 0.306486
0.137834 0.228463
0.139924 0.222242
0.141622 0.282825
0.115465 0.219149
0.167472 0.20104
0.206105 0.244764
0.137535 0.164216
0.140463 0.202745
0.178142 0.22073
0.132377 0.152082
0.120541 0.245693
0.138552 0.170037
0.176619 0.196647
0.116136 0.271
0.255014 0.200755
0.110866 0.197547
0.0737026 0.123189
0.146457 0.176235
0.118799 0.235479
0.204819 0.150475
0.190199 0.155435
0.0812761 0.172219
0.106739 0.239037
0.214395 0.160242
0.184902 0.168945
0.132233 0.156018
0.0463258 0.0635553
0.091629 0.158546
0.0957861 0.237289
0.191246 0.192943
0.134568 0.176041
0.155018 0.171023
0.105783 0.1749
0.101998 0.163895
0.0987627 0.117383
0.126808 0.227913
0.135085 0.257149
0.169768 0.206231
0.122198 0.216219
0.113632 0.168645
0.16778 0.175476
0.0642275 0.181218
0.0345414 0.153573
0.0569135 0.256181
0.112973 0.127423
0.135247 0.195328
0.0557279 0.236327
0.0447579 0.21821
0.0578197 0.227644
0.112438 0.202601
0.113653 0.217922
0.132933 0.0652385
0.105961 0.145797
0.148954 0.130339
0.0729291 0.133114
0.0837953 0.163393
0.101443 0.128659
0.150002 0.2011
0.119278 0.153768
0.170609 0.225034
0.0920901 0.200938
0.155475 0.171155
0.0642327 0.168662
0.137119 0.216102
0.175514 0.201069
0.187545 0.165707
0.0981078 0.129825
0.163714 0.249936
0.177007 0.113738
0.134863 0.146221
0.129792 0.177415
0.174511 0.160996
0.153454 0.253006
0.173052 0.145869
0.118764 0.191065
0.220542 0.171197
0.131427 0.228494
0.205795 0.228125
0.180242 0.182924
0.170553 0.224355
0.125193 0.240137
0.117026 0.257101
0.0979963 0.238957
0.121288 0.146148
0.0894085 0.19961
0.173783 0.198361
0.137549 0.120219
0.0963309 0.153398
0.184044 0.160626
0.104111 0.245396
0.130577 0.271936
0.158031 0.254651
0.0889789 0.261982
0.144688 0.215606
0.194074 0.21414
0.0825464 0.193211
0.151106 0.19804
0.103391 0.168863
0.164014 0.276432
0.141624 0.212215
0.168945 0.240552
0.163578 0.124923
0.209077 0.13565
0.143102 0.198597
0.130503 0.213807
0.091822 0.261152
0.158618 0.233525
0.122335 0.274873
0.230803 0.193193
0.0809349 0.222954
0.248102 0.242749
0.193251 0.215165
0.0989344 0.180977
0.148563 0.294099
0.139015 0.229008
0.122293 0.195028
0.122062 0.194242
0.142528 0.19207
0.173297 0.187422
0.0911311 0.22459
0.174122 0.251278
0.186618 0.188855
0.118977 0.197191
0.142396 0.180185
0.21391 0.259334
0.173402 0.190654
0.169023 0.178685
0.0754893 0.231838
0.0988819 0.167257
0.102932 0.220604
0.134012 0.213967
0.235849 0.226969
0.113956 0.209274
0.118487 0.126519
0.193978 0.194089
0.226621 0.13659
0.120956 0.220193
0.190391 0.218108
0.109627 0.16369
0.109967 0.197608
0.0886075 0.201124
0.127157 0.14795
0.136298 0.218859
0.143738 0.21969
0.0769706 0.276921
0.130526 0.252274
0.142604 0.272904
0.190668 0.174257
0.153738 0.187757
0.149337 0.202599
0.20896 0.265704
0.174064 0.218854
0.0709581 0.168263
0.0415382 0.208792
0.0297799 0.232676
0.138824 0.157517
0.0851014 0.19992
