0.657723 0.698717
0.623966 0.736302
0.444252 0.793555
0.491648 0.657667
0.563958 0.710301
0.59021 0.724766
0.538251 0.78547
0.633882 0.680267
0.63122 0.552304
0.704342 0.621804
0.698487 0.575845
0.723906 0.577405
0.714593 0.506265
0.686486 0.618655
0.68892 0.614535
0.728372 0.508352
0.724537 0.201947
0.668239 0.236522
0.766483 0.287821
0.702604 0.256938
0.625023 0.473714
0.671267 0.495178
0.608902 0.605189
0.710926 0.650414
0.683145 0.546805
0.672225 0.311358
0.690305 0.235051
0.779594 0.218949
0.586874 0.553911
0.545582 0.568115
0.76007 0.453125
0.687519 0.466912
0.574478 0.596419
0.542334 0.442103
0.831017 0.528154
0.705303 0.66464
0.693012 0.663802
0.680002 0.564894
0.68166 0.560925
0.740079 0.585855
0.601134 0.603608
0.706394 0.523884
0.578464 0.604118
0.714755 0.601106
0.692685 0.473957
0.736043 0.552388
0.718938 0.637995
0.701267 0.48124
0.698289 0.674869
0.685007 0.63218
0.542429 0.557841
0.546038 0.587843
0.656894 0.468613
0.726007 0.340128
0.646527 0.337409
0.72053 0.574833
0.680846 0.518871
0.69417 0.385332
0.721911 0.467071
0.750684 0.470965
0.710318 0.643325
0.745521 0.686845
0.567441 0.452273
0.704502 0.479972
0.664654 0.525804
0.721613 0.493145
0.56439 0.561018
0.661881 0.418838
0.606156 0.425332
0.591508 0.671373
0.48854 0.548274
0.705511 0.417342
0.742067 0.329317
0.728466 0.25864
0.697902 0.459539
0.764518 0.537135
0.667385 0.630839
0.582874 0.667217
0.703232 0.655639
0.664516 0.66084
0.633065 0.724979
0.634187 0.622734
0.53584 0.57488
0.683759 0.694618
0.710483 0.662999
0.619187 0.770815
0.581072 0.673473
0.619391 0.661382
0.606407 0.61633
0.5967 0.596819
0.696512 0.637609
0.67125 0.592787
0.629411 0.676623
0.5774 0.612858
0.648508 0.485405
0.666956 0.543533
0.771977 0.654597
0.710997 0.674838
0.641459 0.581038
0.549919 0.579236
0.566166 0.482935
0.592438 0.448468
0.678556 0.480049
0.778992 0.249468
0.813689 0.504654
0.767431 0.505654
0.664037 0.525255
0.575862 0.568824
0.771745 0.463716
0.603591 0.611191
0.599298 0.549225
0.727305 0.528544
0.692771 0.557861
0.708597 0.629242
0.741017 0.714648
0.637762 0.630188
0.659911 0.580569
0.672379 0.6234
0.61751 0.611429
0.550158 0.599698
0.564412 0.59364
0.530209 0.558848
0.527897 0.48379
0.452777 0.55757
0.462594 0.697801
0.339896 0.619955
0.430589 0.598025
0.542663 0.662279
0.628527 0.50569
0.524878 0.506803
0.515636 0.682103
0.657778 0.715879
0.685269 0.748385
0.688277 0.650203
0.607589 0.578576
0.670663 0.582177
0.614112 0.608325
0.72162 0.725034
0.656868 0.698446
0.45665 0.740112
0.464597 0.750325
0.44795 0.737885
0.316974 0.67059
0.4992 0.667878
0.508319 0.686335
0.635983 0.655503
0.628681 0.752528
0.627333 0.638853
0.716422 0.621518
0.714438 0.588795
0.728031 0.686336
0.679188 0.690044
0.708973 0.558232
0.743006 0.460348
0.742114 0.557852
0.67202 0.718519
0.673621 0.736791
0.669393 0.57819
0.679248 0.771422
0.578499 0.651393
0.590043 0.65939
0.53507 0.601248
0.496122 0.587221
0.765576 0.759821
0.745808 0.567851
0.731235 0.657576
0.7629 0.605645
0.728146 0.463891
0.60412 0.419335
0.750405 0.383536
0.664762 0.500044
0.641564 0.621534
0.699946 0.686466
0.549828 0.633583
0.580524 0.473262
0.527617 0.587768
0.56578 0.684026
0.675233 0.671945
0.623275 0.691432
0.705507 0.682465
0.589803 0.503492
0.654704 0.585758
0.621376 0.58529
0.75307 0.616561
0.586467 0.645808
0.480854 0.577475
0.542497 0.638311
0.601902 0.710382
0.605301 0.655572
0.578579 0.541632
0.585537 0.455891
0.48657 0.696611
0.611989 0.68861
0.776291 0.599933
0.711534 0.569616
0.656792 0.682889
0.641995 0.586198
0.613972 0.457965
0.421477 0.588013
0.667996 0.602536
0.601298 0.620126
0.691364 0.640361
0.73931 0.607353
0.723596 0.415077
0.715206 0.431076
0.726422 0.554403
0.407505 0.674531
0.621581 0.690831
0.549383 0.688356
0.528803 0.578676
0.494363 0.666501
0.694578 0.719358
0.703485 0.768988
0.723278 0.647603
0.746078 0.455919
0.711016 0.410319
0.537065 0.22805
0.559962 0.234801
0.483398 0.275467
0.592404 0.319516
0.470041 0.429638
0.433556 0.437627
0.457115 0.464815
0.425371 0.476726
0.549738 0.578602
0.462742 0.586654
0.605834 0.424768
0.641609 0.564877
0.548678 0.467901
0.629592 0.399765
0.68594 0.506998
0.738628 0.515064
0.697399 0.356662
0.759178 0.0664495
0.692479 0.180954
0.724923 0.253292
0.739184 0.223303
0.648264 0.265238
0.614596 0.369859
0.636957 0.534874
0.681918 0.679532
0.603211 0.406208
0.549027 0.481848
0.577109 0.519783
0.737664 0.60049
0.748286 0.569262
0.591048 0.633805
0.698806 0.764679
0.64358 0.726745
0.628796 0.618821
0.697521 0.685248
0.646303 0.608593
0.412317 0.538042
0.533169 0.489851
0.643166 0.592877
0.620559 0.624308
0.660391 0.59114
0.637805 0.563449
0.57961 0.626653
0.570262 0.694255
0.544533 0.611378
0.481569 0.600295
0.47535 0.731853
0.397708 0.681428
0.514919 0.661805
0.628211 0.597181
0.620625 0.647584
0.562545 0.639583
0.594276 0.670773
0.53979 0.635069
0.545823 0.519892
0.554673 0.607096
0.684849 0.638919
0.758208 0.523942
0.681003 0.595665
0.667566 0.673625
0.754902 0.636448
0.680574 0.72162
0.500604 0.762369
0.608137 0.597209
0.577109 0.566332
0.657747 0.706719
0.608122 0.648218
0.624316 0.696239
0.554182 0.647011
0.583106 0.729601
0.652449 0.662458
0.677477 0.562152
0.696648 0.444803
0.701755 0.363031
0.640042 0.2806
0.759215 0.227814
0.710291 0.311352
0.543933 0.0591629
0.368255 0.179652
0.379067 0.115739
0.481538 0.233761
0.596952 0.504442
0.595451 0.656401
0.566433 0.66677
0.421842 0.535446
0.348708 0.717538
0.0351645 0.773192
0.194758 0.681063
0.372727 0.754794
0.375054 0.737089
0.359663 0.75649
0.322047 0.72071
0.489369 0.652697
0.64477 0.622729
0.707795 0.619011
0.7096 0.713218
0.649441 0.792864
0.626983 0.689155
0.65678 0.491248
0.676814 0.552988
0.646079 0.648295
0.42178 0.740067
0.509605 0.653798
0.59877 0.607848
0.436671 0.631146
0.576926 0.697329
0.571013 0.700765
0.644234 0.738654
0.619015 0.701438
0.57167 0.769357
0.659405 0.708535
0.60382 0.745387
0.56048 0.731731
0.580132 0.622462
0.465101 0.670137
0.596069 0.782997
0.61172 0.737199
0.563571 0.701098
0.622447 0.636879
0.601485 0.594731
0.66454 0.583376
0.475139 0.6596
0.651918 0.65541
0.475681 0.714273
0.492133 0.710741
0.684398 0.713605
0.717376 0.690111
0.597414 0.70308
0.714277 0.659587
0.689457 0.503767
0.657085 0.705294
0.582685 0.754647
0.588622 0.772135
0.485202 0.755614
0.483843 0.753539
0.395169 0.671448
0.450403 0.753544
0.526491 0.642381
0.487864 0.745847
0.690704 0.724311
0.607066 0.722015
0.645857 0.580567
0.605726 0.580476
0.660763 0.51124
0.531523 0.642917
0.618632 0.655461
0.686772 0.666675
0.647797 0.605155
0.681311 0.658938
0.655573 0.694022
0.681833 0.65528
0.603179 0.609194
0.497801 0.599345
0.634067 0.522231
0.593554 0.573203
0.577211 0.791437
0.599147 0.713865
0.693917 0.696895
0.651707 0.612028
0.737268 0.504492
0.685506 0.571212
0.614276 0.625379
0.616971 0.640639
0.541795 0.696486
0.469158 0.524753
0.628386 0.621652
0.525066 0.696723
0.416052 0.652603
0.436302 0.74982
0.618475 0.762969
0.674557 0.694655
0.543315 0.705663
0.629595 0.705674
0.621833 0.650301
0.657318 0.743266
0.50091 0.734046
0.75155 0.676643
0.713334 0.679273
0.710946 0.521587
0.782644 0.704439
0.642648 0.627773
0.577289 0.703084
0.537333 0.636576
0.586401 0.59796
0.710125 0.551488
0.607087 0.606191
0.642684 0.64089
0.535492 0.707298
0.678843 0.737763
0.726173 0.646402
0.68901 0.633835
0.681638 0.608888
0.752599 0.705491
0.70622 0.640285
0.734224 0.656778
0.689857 0.505745
0.754376 0.689413
0.676699 0.587996
0.765772 0.650782
0.651885 0.548959
0.638863 0.722706
0.637565 0.623736
0.762804 0.649474
0.693633 0.55689
0.712746 0.431106
0.693561 0.507783
0.666511 0.510306
0.779643 0.362044
0.717619 0.566527
0.709188 0.598653
0.686488 0.650382
0.560101 0.64439
0.626608 0.624501
0.747856 0.571739
0.754671 0.637547
0.656854 0.769012
0.665948 0.699665
0.661113 0.602198
0.768019 0.624722
0.704689 0.555094
0.591011 0.665585
0.698005 0.752357
0.58837 0.722593
0.665957 0.702079
0.597606 0.658463
0.518495 0.504509
0.701982 0.455219
0.816326 0.417878
0.768649 0.652746
0.701465 0.675979
0.695425 0.545522
0.697585 0.567065
0.649843 0.303012
0.675908 0.371835
0.720432 0.529873
0.712469 0.443215
0.695663 0.468141
0.769325 0.490557
0.578375 0.65027
0.4648 0.51022
0.364524 0.632386
0.283214 0.602132
0.341968 0.691738
0.317126 0.66891
0.159575 0.774218
0.0978618 0.766085
0.0871008 0.71076
0.0328983 0.698918
0.106496 0.689673
0.287972 0.599023
0.198032 0.454983
0.12181 0.601683
0.401944 0.667892
0.335804 0.709373
0.322045 0.746882
0.220066 0.789268
0.420614 0.778322
0.388672 0.691391
0.485811 0.639779
0.428647 0.668961
0.427689 0.692032
0.305255 0.526091
0.364689 0.570903
0.505888 0.459339
0.522647 0.412692
0.548217 0.238955
0.553579 0.150814
0.501277 0.342439
0.567711 0.199932
0.62082 0.133752
0.53015 0.0739881
0.547575 0.117051
0.673479 0.199286
0.669727 0.405008
0.610445 0.459277
0.715551 0.3073
0.685291 0.344252
0.609819 0.496977
0.72513 0.498481
0.696789 0.46425
0.728197 0.325636
0.696593 0.535428
0.629553 0.574581
0.682565 0.626388
0.661819 0.649316
0.643779 0.638113
0.580447 0.617264
0.578296 0.652526
0.437293 0.657235
0.547078 0.626326
0.619755 0.633089
0.679549 0.701771
0.589147 0.688871
0.505334 0.672631
0.674073 0.635961
0.649884 0.737257
0.669466 0.698188
0.644435 0.632615
0.718379 0.610681
0.777114 0.362452
0.719184 0.502244
0.717805 0.721484
0.595243 0.626512
0.664449 0.620403
0.557008 0.656604
0.713482 0.67363
0.64751 0.694063
0.627471 0.741041
0.715511 0.698629
0.665414 0.615562
0.608099 0.587428
0.730308 0.692514
0.728631 0.698197
0.706128 0.486299
0.787807 0.598243
0.64607 0.428427
0.794067 0.381129
0.742995 0.447113
0.689363 0.457146
0.747189 0.65329
0.706266 0.679977
0.723907 0.676481
0.613019 0.622206
0.67744 0.621663
0.63407 0.502513
0.658614 0.585197
0.561695 0.703447
0.636208 0.58635
0.62899 0.501418
0.725702 0.576747
0.730555 0.613282
0.605512 0.6729
0.737212 0.489177
0.788612 0.612141
0.648094 0.47341
0.541446 0.52339
0.740539 0.378218
0.800424 0.509491
0.662518 0.425905
0.613343 0.574412
0.607356 0.512022
0.682774 0.578019
0.761566 0.432482
0.754174 0.332256
0.72866 0.512144
0.678759 0.57801
0.840345 0.564475
0.704783 0.643235
0.74449 0.544525
0.684761 0.566577
0.707804 0.676767
0.736598 0.673258
0.745847 0.638953
0.701596 0.666245
0.656683 0.610671
0.751604 0.690693
0.72527 0.694772
0.729451 0.716138
0.63201 0.725069
0.532495 0.672937
0.564132 0.661062
0.5304 0.663349
0.625709 0.78559
0.620368 0.670896
0.41188 0.676188
0.569709 0.800148
0.531936 0.773728
0.602956 0.593643
0.530695 0.657353
0.70304 0.705738
0.50299 0.684337
0.652787 0.70484
0.675703 0.742993
0.666448 0.602
0.602743 0.647732
0.629923 0.79029
0.723293 0.745531
0.741612 0.619245
0.782417 0.557136
0.747633 0.534751
0.808944 0.63639
0.739069 0.720346
0.598782 0.70064
0.60283 0.747364
0.574949 0.631739
0.522907 0.61025
0.656214 0.600851
0.746816 0.493129
0.772311 0.381505
0.762217 0.461725
0.736634 0.251677
0.714159 0.407687
0.64066 0.461785
0.681732 0.39198
0.720533 0.422894
0.718669 0.668824
0.664544 0.565252
0.600756 0.365675
0.66025 0.541088
0.648419 0.646825
0.604411 0.718835
0.535759 0.682955
0.563274 0.670799
0.507249 0.588996
0.638416 0.718188
0.591923 0.741712
0.413543 0.753304
0.444802 0.731117
0.57379 0.632726
0.570172 0.573726
0.586235 0.60594
0.566161 0.577152
0.659857 0.495216
0.688326 0.474255
0.548947 0.618583
0.424938 0.562686
0.688373 0.425236
0.500817 0.569769
0.581464 0.673004
0.538299 0.625429
0.629618 0.554326
0.612856 0.642626
0.615723 0.544319
0.603947 0.539258
0.474323 0.569926
0.517359 0.683237
0.475452 0.679324
0.507898 0.680311
0.618566 0.732658
0.510568 0.614863
0.621821 0.687052
0.682917 0.587562
0.714126 0.576358
0.579552 0.71548
0.580649 0.70939
0.79428 0.622871
0.656179 0.665246
0.535503 0.645957
0.616105 0.745651
0.507964 0.757729
0.47056 0.698102
0.423016 0.765203
0.564432 0.674148
0.583542 0.661518
0.612299 0.68747
0.714711 0.696029
0.688264 0.638175
0.702762 0.475436
0.702735 0.579371
0.719964 0.601604
0.754148 0.691184
0.687075 0.746366
0.723153 0.704839
0.707651 0.515819
0.759825 0.591019
0.725528 0.702558
0.520812 0.657675
0.573579 0.693167
0.690636 0.695236
0.612233 0.725541
0.710729 0.701521
0.599694 0.730202
0.723427 0.637161
0.693239 0.595521
0.780659 0.512991
0.747551 0.446219
0.67296 0.644709
0.63366 0.664478
0.585001 0.514762
0.553812 0.564983
0.606794 0.458668
0.692386 0.550223
0.664669 0.634036
0.762585 0.570137
0.739333 0.635926
0.689749 0.600099
0.551011 0.678105
0.566902 0.701375
0.628967 0.711538
0.651195 0.69139
0.583298 0.69634
0.69284 0.740082
0.66911 0.649441
0.446236 0.742981
0.598591 0.802191
0.603197 0.691996
0.430524 0.753256
0.488865 0.693371
0.304077 0.721224
0.295384 0.659492
0.298073 0.634182
0.404872 0.750815
0.470743 0.745669
0.581737 0.773309
0.676538 0.673011
0.628151 0.678686
0.651189 0.67931
0.638357 0.723376
0.619731 0.709379
0.663378 0.70044
0.727018 0.663724
0.686599 0.67923
0.694225 0.666707
0.74022 0.65871
0.625321 0.798948
0.611386 0.620396
0.740553 0.641398
0.74715 0.666551
0.737845 0.647879
0.710622 0.585996
0.662437 0.65899
0.651975 0.638861
0.677671 0.72478
0.674854 0.64444
0.661041 0.65987
0.286055 0.652103
0.21965 0.749943
0.128473 0.724232
0.0808385 0.632931
0.109091 0.670805
0.0957433 0.774616
0.148548 0.800331
0.277287 0.722606
0.223775 0.725848
0.252033 0.765661
0.225052 0.778327
0.314821 0.794599
0.336459 0.747044
0.35224 0.720668
0.593888 0.772628
0.6409 0.711045
0.780829 0.612547
0.623738 0.609155
0.684559 0.753109
0.615644 0.604069
0.70291 0.588545
0.737225 0.581842
0.651621 0.510499
0.816246 0.537366
0.672437 0.627479
0.715865 0.786391
0.655002 0.738312
0.5978 0.721874
0.61572 0.564526
0.727359 0.718691
0.681485 0.55218
0.624785 0.563264
0.63809 0.565205
0.539206 0.474083
0.524733 0.693656
0.484617 0.688436
0.584479 0.700613
0.57289 0.733465
0.712322 0.70036
0.623151 0.688739
0.701671 0.632982
0.735988 0.693134
0.728784 0.728591
0.696474 0.758781
0.637871 0.731076
0.596028 0.680632
0.610981 0.541974
0.627181 0.620354
0.656722 0.424031
0.71514 0.354297
0.791133 0.497261
0.76846 0.524918
0.67135 0.563586
0.604055 0.590976
0.652181 0.611197
0.746903 0.4785
0.734295 0.460558
0.705667 0.506457
0.634641 0.600434
0.613824 0.716115
0.619928 0.656906
0.721627 0.525006
0.747605 0.631751
0.641009 0.469962
0.729868 0.313292
0.751952 0.458386
0.694703 0.553467
0.698517 0.593798
0.729868 0.609515
0.74346 0.687007
0.689363 0.585102
0.709573 0.676185
0.728424 0.681913
0.662408 0.71423
0.509599 0.65029
0.462221 0.601288
0.490106 0.545306
0.397318 0.684744
0.326683 0.633162
0.398197 0.845282
0.632575 0.765388
0.44814 0.783653
0.474685 0.636896
0.513105 0.713091
0.622238 0.642795
0.426442 0.676545
0.399048 0.775651
0.551081 0.664059
0.672297 0.732478
0.681085 0.682623
0.651629 0.741138
0.639227 0.714123
0.617882 0.645446
0.56579 0.735362
0.71366 0.548748
0.6943 0.541008
0.544968 0.581195
0.764802 0.540285
0.680652 0.53929
0.640718 0.71901
0.718507 0.610018
0.729511 0.680094
0.707131 0.641919
0.7846 0.706787
0.730626 0.647012
0.58554 0.670083
0.677076 0.774065
0.699312 0.69565
0.665841 0.642167
0.793015 0.780671
0.669455 0.656724
0.520105 0.632194
0.616787 0.593898
0.552905 0.549158
0.559214 0.482108
0.477753 0.473887
0.517403 0.683804
0.452935 0.613337
0.444309 0.473065
0.475795 0.476959
0.586179 0.535394
0.58513 0.734712
0.443572 0.735187
0.538035 0.647894
0.47874 0.723297
0.690849 0.72421
0.57967 0.67994
0.702917 0.736222
0.577804 0.581924
0.701056 0.513213
0.63255 0.721743
0.607073 0.69229
0.631399 0.620939
0.605285 0.509867
0.64584 0.69556
0.629752 0.642869
0.609164 0.648448
0.630298 0.602579
0.77883 0.737761
0.642992 0.683452
0.608031 0.765175
0.651183 0.75418
0.781832 0.679562
0.747835 0.571206
0.719583 0.610705
0.647503 0.624948
0.718788 0.535308
0.655295 0.565617
0.68939 0.585351
0.707898 0.707319
0.726298 0.67984
0.642822 0.709024
0.650791 0.644998
0.56498 0.472921
0.623194 0.499696
0.679316 0.465699
0.703566 0.681228
0.750508 0.517097
0.64354 0.45716
0.619557 0.430045
0.709226 0.54173
0.762399 0.603237
0.744368 0.532117
0.75987 0.506729
0.70638 0.569855
0.777219 0.373765
0.788108 0.379489
0.618161 0.302597
0.689255 0.549657
0.630391 0.651088
0.760878 0.560593
0.780455 0.670527
0.677125 0.695164
0.641064 0.66555
0.665233 0.677207
0.643589 0.603566
0.622009 0.677538
0.693639 0.616235
0.671575 0.620677
0.666624 0.510193
0.722925 0.404413
0.767042 0.369598
0.75153 0.384528
0.73388 0.454941
0.718896 0.517549
0.690365 0.540369
0.696933 0.569456
0.691906 0.534158
0.720854 0.370934
0.673875 0.47117
0.648676 0.451098
0.68368 0.504378
0.719948 0.639326
0.66623 0.57984
0.556121 0.702773
0.432198 0.584662
0.535249 0.763024
0.521736 0.660928
0.419511 0.762711
0.523453 0.607385
0.481549 0.637022
0.423352 0.519352
0.298538 0.621166
0.512647 0.716713
0.535488 0.609759
0.534617 0.652114
0.451952 0.671629
0.334239 0.543837
0.310976 0.582742
0.188227 0.662166
0.131941 0.744718
0.100589 0.70736
0.198381 0.722656
0.22201 0.731489
0.309705 0.68859
0.334736 0.625385
0.204536 0.667976
0.252673 0.631202
0.360865 0.746905
0.536336 0.627773
0.651557 0.691813
0.569764 0.641432
0.622422 0.514662
0.665069 0.676552
0.734548 0.594411
0.691892 0.535907
0.70135 0.495834
0.544787 0.574654
0.719759 0.600143
0.699158 0.684497
0.7849 0.570973
0.693094 0.703228
0.620831 0.699156
0.520666 0.697603
0.650339 0.62058
0.616627 0.642113
0.668019 0.685032
0.549531 0.731118
0.596425 0.578025
0.605196 0.558497
0.625173 0.521229
0.683294 0.66205
0.68835 0.384391
0.815712 0.442053
0.678252 0.478912
0.71144 0.349482
0.771777 0.315647
0.680433 0.29767
0.755393 0.400808
0.782224 0.619774
0.688994 0.668099
0.600583 0.700529
0.570992 0.761155
0.538149 0.707137
0.683479 0.626666
0.732375 0.63126
0.732674 0.614396
0.635575 0.410209
0.639475 0.314588
0.635337 0.417378
0.728231 0.443581
0.70629 0.363697
0.786633 0.358395
0.791057 0.370549
0.827234 0.39772
0.726178 0.370686
0.689942 0.465032
0.681707 0.283495
0.634956 0.425823
0.572615 0.520428
0.67373 0.61726
0.727594 0.707477
0.725369 0.63641
0.616503 0.678732
0.755611 0.69864
0.702556 0.606068
0.667795 0.619222
0.648883 0.612056
0.72571 0.52401
0.589246 0.691473
0.532729 0.585915
0.409571 0.672055
0.376461 0.418499
0.507236 0.570982
0.537502 0.640236
0.687721 0.66611
0.609425 0.664752
0.659608 0.678815
0.694478 0.594297
0.646689 0.596747
0.653126 0.539575
0.73602 0.578283
0.683646 0.562046
0.672824 0.679681
0.599275 0.492446
0.836746 0.537654
0.689779 0.4704
0.626113 0.361918
0.533219 0.570242
0.693804 0.647768
0.648662 0.621923
0.659595 0.720532
0.689763 0.771155
0.598142 0.752774
0.71592 0.66059
0.72829 0.635246
0.645797 0.565817
0.678706 0.586254
0.659362 0.691621
0.712613 0.641211
0.69503 0.567519
0.658066 0.576718
0.51866 0.67096
0.712441 0.696056
0.555851 0.638647
0.631958 0.590435
0.617134 0.64959
0.665651 0.455105
0.69009 0.363988
0.738218 0.175458
0.579507 0.392856
0.560212 0.574079
0.551616 0.686655
0.536328 0.683738
0.571254 0.722202
0.412086 0.722667
0.565579 0.732721
0.545143 0.760396
0.413384 0.71941
0.422643 0.735052
0.365659 0.663752
0.221422 0.760491
0.287003 0.705363
0.269966 0.760449
0.348503 0.771949
0.469919 0.650399
0.509726 0.693695
0.497211 0.728061
0.578128 0.678589
0.602904 0.607501
0.588987 0.666547
0.599797 0.556384
0.700857 0.565313
0.643968 0.449391
0.62546 0.330242
0.70518 0.530597
0.746582 0.612544
0.590472 0.559595
0.73429 0.584824
0.773874 0.607171
0.558465 0.637722
0.620683 0.646181
0.587237 0.69906
0.683627 0.591193
0.679675 0.614885
0.759508 0.650073
0.705034 0.51957
0.682751 0.578197
0.573785 0.541719
0.504571 0.501201
0.544936 0.508978
0.657545 0.436744
0.683848 0.587372
0.638911 0.598601
0.699475 0.637021
0.607543 0.591106
0.660113 0.67457
0.526068 0.639654
0.624398 0.554095
0.595038 0.616171
0.596124 0.749764
0.59469 0.682672
0.624417 0.49507
0.59926 0.42517
0.623596 0.562839
0.643096 0.722947
0.65847 0.704083
0.619914 0.679227
0.672544 0.713305
0.630332 0.664026
0.642827 0.718473
0.748696 0.770893
0.755859 0.670851
0.760543 0.61147
0.631709 0.467898
0.623865 0.437659
0.62774 0.587382
0.648779 0.732978
0.711896 0.656276
0.766774 0.429518
0.788511 0.509508
0.795134 0.420644
0.721906 0.406689
0.750019 0.426334
0.766704 0.307309
0.788559 0.260245
0.783321 0.33742
0.658938 0.251042
0.76254 0.313901
0.720244 0.319883
0.691453 0.29446
0.699851 0.346652
0.575437 0.387428
0.644924 0.253586
0.572606 0.425525
0.54105 0.537247
0.602717 0.446591
0.724236 0.273428
0.697081 0.19721
0.678842 0.232904
0.739098 0.356818
0.648087 0.497161
0.608568 0.412898
0.586034 0.512271
0.618581 0.553389
0.544851 0.710714
0.541277 0.713257
0.562911 0.674603
0.633036 0.681155
0.602549 0.594245
0.638459 0.616544
0.64214 0.655205
0.686236 0.726156
0.653813 0.650916
0.689669 0.65817
0.728665 0.689832
0.678458 0.668748
0.675249 0.667033
0.623234 0.620199
0.678052 0.697575
0.624575 0.613749
0.594965 0.497978
0.498527 0.472991
0.669136 0.609327
0.741266 0.523475
0.752503 0.523453
0.714879 0.524061
0.650242 0.553281
0.603235 0.610762
0.639528 0.656885
0.715094 0.650775
0.634143 0.742055
0.703228 0.728817
0.765543 0.655038
0.762122 0.720258
0.576365 0.594779
0.59105 0.563084
0.520358 0.587909
0.602818 0.631499
0.704743 0.696917
0.729068 0.708248
0.552175 0.665681
0.693333 0.69207
0.768941 0.638844
0.762609 0.69215
0.736354 0.656141
0.578379 0.680675
0.52736 0.749644
0.360745 0.778832
0.270926 0.79627
0.314496 0.578692
0.369902 0.619883
0.100613 0.698842
0.279265 0.741557
0.30848 0.734382
0.399668 0.697624
0.262906 0.739145
0.194722 0.740029
0.25848 0.709649
0.142282 0.744474
0.126339 0.673752
0.244879 0.683369
0.350804 0.539465
0.408344 0.643163
0.356008 0.749435
0.694978 0.742702
0.681043 0.617225
0.561641 0.596017
0.601063 0.590457
0.695412 0.568801
0.68618 0.498837
0.744742 0.527548
0.51618 0.560122
0.666967 0.65848
0.593167 0.741867
0.631357 0.732597
0.78677 0.635286
0.764174 0.582869
0.752995 0.680803
0.708346 0.734675
0.658775 0.636765
0.640246 0.715976
0.563737 0.624334
0.669928 0.709402
0.684838 0.760883
0.556375 0.639023
0.544444 0.76568
0.563726 0.706632
0.684259 0.704401
0.780583 0.635872
0.743487 0.58428
0.584425 0.692569
0.530183 0.743172
0.644031 0.745805
0.593981 0.688433
0.671304 0.646012
0.743142 0.613166
0.753769 0.534631
0.680114 0.646897
0.617975 0.642811
0.743713 0.661058
0.742546 0.699361
0.594808 0.675798
0.399328 0.739993
0.580199 0.823826
0.477116 0.739862
0.265361 0.736192
0.134818 0.69177
0.323886 0.689675
0.191711 0.725129
0.429297 0.688785
0.35383 0.71236
0.404109 0.544871
0.515485 0.54982
0.480302 0.552455
0.520718 0.594368
0.539935 0.677021
0.535415 0.699932
0.584053 0.738616
0.726526 0.647234
0.724362 0.613714
0.668245 0.729076
0.582311 0.646644
0.50865 0.615707
0.270282 0.595373
0.436371 0.659127
0.510635 0.612642
0.574123 0.606427
0.532201 0.683369
0.452648 0.692058
0.337008 0.700444
0.511857 0.691606
0.400608 0.668616
0.565976 0.452762
0.726422 0.382064
0.742985 0.246819
0.692325 0.396209
0.763318 0.358979
0.73367 0.289696
0.691326 0.373973
0.563646 0.356394
0.66287 0.396966
0.63818 0.570182
0.682169 0.547373
0.593655 0.626294
0.730253 0.597966
0.683895 0.633211
0.685904 0.764747
0.537663 0.711703
0.489104 0.58956
0.33624 0.635723
0.248225 0.725771
0.221429 0.720408
0.280077 0.667332
0.347855 0.643254
0.388732 0.780245
0.432887 0.716843
0.57188 0.639897
0.487832 0.694338
0.582957 0.691895
0.618272 0.70749
0.628248 0.659903
0.702324 0.582246
0.619615 0.674994
0.722516 0.620638
0.744522 0.736867
0.636599 0.691469
0.63598 0.7627
0.525724 0.625273
0.618899 0.71208
0.544866 0.761588
0.628625 0.678043
0.669661 0.771572
0.721838 0.673695
0.772492 0.582699
0.732952 0.313983
0.772826 0.457693
0.675606 0.482784
0.723897 0.436802
0.725672 0.590816
0.699858 0.652443
0.595579 0.647603
0.620631 0.669306
0.697487 0.545996
0.713381 0.528532
0.71234 0.517287
0.630924 0.494265
0.687976 0.49763
0.747962 0.341119
0.741666 0.531856
0.688272 0.626052
0.707007 0.644796
0.688036 0.616758
0.745956 0.497572
0.77794 0.339253
0.722962 0.572707
0.773688 0.563179
0.611071 0.679326
0.617543 0.66193
0.720217 0.621183
0.727632 0.447129
0.617476 0.683497
0.550106 0.511455
0.639669 0.524445
0.558154 0.764097
0.61845 0.677369
0.646914 0.544974
0.722178 0.505284
0.598944 0.588737
0.757876 0.57064
0.773498 0.609864
0.62763 0.770251
0.660942 0.681251
0.629484 0.669033
0.630478 0.572537
0.652672 0.461206
0.581466 0.585609
0.499119 0.569083
0.42844 0.648612
0.725716 0.686625
0.746844 0.658263
0.70965 0.658497
0.538106 0.657518
0.720509 0.641765
0.592728 0.678118
0.714747 0.65639
0.690497 0.723195
0.658425 0.721836
0.623224 0.768543
0.606414 0.654853
0.774824 0.633833
0.727619 0.522677
0.675747 0.499497
0.656645 0.605539
0.720145 0.683175
0.690587 0.690591
0.592747 0.799983
0.734935 0.737357
0.71093 0.699677
0.664855 0.703256
0.754936 0.66031
0.733569 0.627199
0.725781 0.63111
0.739811 0.640496
0.692874 0.540387
0.701299 0.456031
0.630924 0.589903
0.780999 0.540912
0.633534 0.374895
0.604634 0.526214
0.597922 0.581294
0.536405 0.59585
0.424872 0.52441
0.453213 0.52547
0.297717 0.536368
0.375439 0.647103
0.562262 0.595681
0.554518 0.652212
0.605373 0.681875
0.513046 0.675339
0.720824 0.557329
0.564203 0.598061
0.456486 0.696366
0.512474 0.482495
0.533341 0.443884
0.71874 0.38026
0.703609 0.246108
0.820154 0.158499
0.706762 0.231647
0.690335 0.350691
0.764582 0.526972
0.684956 0.532362
0.65038 0.493543
0.463868 0.545807
0.511456 0.57514
0.624801 0.544202
0.647234 0.489651
0.749009 0.549902
0.652559 0.511428
0.557051 0.454047
0.710447 0.588572
0.78951 0.731886
0.59564 0.680274
0.349603 0.733003
0.427293 0.65452
0.439325 0.75032
0.630537 0.781423
0.604142 0.722443
0.586649 0.589832
0.559895 0.492131
0.532139 0.551336
0.506111 0.484081
0.504197 0.62789
0.281452 0.597942
0.269836 0.688103
0.11824 0.666738
0.21913 0.719569
0.293516 0.657207
0.196933 0.759946
0.126338 0.69376
0.152563 0.795974
0.0944657 0.793995
0.200019 0.810008
0.160546 0.774974
0.0703056 0.718788
0.202216 0.751638
0.139483 0.706873
0.0975183 0.721143
0.192045 0.76705
0.419799 0.66303
0.456146 0.718299
0.540815 0.751572
0.63876 0.712591
0.593708 0.70041
0.7136 0.742945
0.664026 0.720212
0.628558 0.679024
0.595131 0.682981
0.677893 0.634933
0.642489 0.608317
0.755962 0.564059
0.714183 0.558962
0.671978 0.682343
0.630858 0.734329
0.613237 0.5367
0.715741 0.684278
0.71784 0.575576
0.684604 0.649958
0.649943 0.669334
0.710284 0.728582
0.598973 0.694225
0.624515 0.692884
0.56456 0.646663
0.641622 0.746869
0.615612 0.751005
0.5823 0.738597
0.538523 0.749225
0.621505 0.502938
0.703897 0.707933
0.64157 0.576533
0.695135 0.654069
0.590312 0.618499
0.57099 0.691414
0.485899 0.610385
0.489408 0.590194
0.398765 0.564642
0.646383 0.652278
0.622479 0.558243
0.758342 0.555111
0.651083 0.589511
0.502763 0.717628
0.499516 0.750605
0.418206 0.799068
0.613031 0.708587
0.659016 0.615319
0.569253 0.66901
0.686729 0.523842
0.726244 0.452353
0.783078 0.407925
0.707502 0.369717
0.737497 0.381625
0.7173 0.390286
0.713596 0.453687
0.743652 0.409822
0.699068 0.343853
0.73169 0.423807
0.689626 0.294466
0.653943 0.340153
0.665137 0.302272
0.754026 0.0812373
0.732094 0.132978
0.72822 0.0500585
0.771312 0.178123
0.593067 0.159053
0.654869 0.316457
0.521867 0.483417
0.524195 0.304186
0.64411 0.451119
0.656912 0.5273
0.596795 0.488687
0.659545 0.678499
0.594196 0.671352
0.522821 0.614943
0.463648 0.574779
0.557983 0.57651
0.568809 0.558577
0.679571 0.612769
0.640353 0.545243
0.691991 0.41244
0.656431 0.597798
0.70871 0.727965
0.726281 0.605466
0.571854 0.651355
0.608742 0.702601
0.640848 0.680765
0.721317 0.732677
0.62187 0.641124
0.715303 0.660962
0.692249 0.680436
0.681527 0.616288
0.576289 0.629531
0.622612 0.636512
0.631329 0.574904
0.736482 0.573238
0.702805 0.719793
0.493202 0.743498
0.490178 0.64209
0.549873 0.629672
0.500845 0.647367
0.46664 0.668521
0.655667 0.689129
0.558649 0.680782
0.326463 0.578721
0.484183 0.668028
0.429585 0.627076
0.533602 0.675016
0.520072 0.716354
0.558241 0.598063
0.561263 0.700852
0.619814 0.675667
0.651416 0.75289
0.56645 0.677605
0.611934 0.72717
0.583764 0.670105
0.672366 0.673488
0.622981 0.657813
0.767197 0.602069
0.742263 0.469037
0.80053 0.49132
0.692017 0.577595
0.72378 0.603352
0.687247 0.594008
0.657482 0.642996
0.519373 0.589404
0.612022 0.731511
0.47287 0.713768
0.472189 0.647651
0.322867 0.724687
0.244761 0.695465
0.17008 0.710642
0.380381 0.627517
0.532249 0.742656
0.56996 0.735216
0.616298 0.593199
0.611553 0.43585
0.737054 0.5331
0.689328 0.691142
0.649306 0.634266
0.741543 0.68134
0.773326 0.567736
0.723586 0.524731
0.644807 0.654769
0.664642 0.677816
0.644228 0.497479
0.61852 0.442841
0.702468 0.35663
0.70561 0.36622
0.710225 0.356573
0.756938 0.438527
0.710721 0.330104
0.635878 0.288812
0.62384 0.429854
0.643546 0.459262
0.683685 0.493886
0.569252 0.635869
0.641988 0.674472
0.535724 0.646707
0.664909 0.598697
0.691526 0.649243
0.650543 0.602446
0.68596 0.479981
0.658295 0.522751
0.748704 0.443049
0.654018 0.402595
0.703945 0.389449
0.72617 0.40845
0.713501 0.471141
0.65737 0.528396
0.518512 0.46938
0.536031 0.507659
0.462373 0.506878
0.394854 0.651282
0.423126 0.586038
0.575155 0.559578
0.564312 0.451056
0.66073 0.583363
0.672298 0.504241
0.695107 0.593689
0.615707 0.651908
0.400603 0.713093
0.604114 0.675411
0.441578 0.706332
0.641152 0.734411
0.655097 0.710344
0.736341 0.712678
0.639827 0.612402
0.738053 0.621429
0.623235 0.636208
0.698041 0.770564
0.707659 0.612762
0.584235 0.714363
0.605099 0.699698
0.641467 0.691705
0.726267 0.672878
0.731881 0.641174
0.627486 0.56313
0.590925 0.575495
0.619004 0.48525
0.606091 0.558673
0.513375 0.590861
0.569172 0.509486
0.483178 0.456638
0.510607 0.587067
0.621866 0.76082
0.630285 0.700228
0.627444 0.662308
0.667139 0.59978
0.620883 0.564179
0.666934 0.64813
0.593862 0.733389
0.760247 0.48551
0.719073 0.588569
0.681363 0.65292
0.573846 0.5889
0.690792 0.476328
0.691667 0.641618
0.556184 0.629065
0.374056 0.701549
0.440929 0.659447
0.498643 0.63829
0.408097 0.713314
0.369471 0.741697
0.326073 0.612851
0.316791 0.705681
0.529826 0.677019
0.631554 0.599189
0.496605 0.643223
0.621066 0.643094
0.700465 0.535037
0.609884 0.583056
0.716399 0.599779
0.695773 0.637928
0.634494 0.701001
0.591135 0.674053
0.688062 0.748899
0.685659 0.729523
0.644932 0.733164
0.355503 0.811817
0.399026 0.722395
0.469195 0.729038
0.535018 0.672032
0.480797 0.669236
0.684529 0.699361
0.727001 0.685392
0.648873 0.653317
0.798664 0.515442
0.692846 0.516781
0.709728 0.412052
0.689624 0.532523
0.776757 0.480318
0.77135 0.457454
0.731343 0.387822
0.798985 0.4071
0.745482 0.532719
0.666342 0.325406
0.569147 0.324623
0.684955 0.133304
0.752325 0.0619072
0.782171 0.232906
0.69201 0.235079
0.71107 0.183656
0.71257 0.198409
0.694566 0.111574
0.710273 0.130336
0.759248 0.156734
0.553053 0.119326
0.490544 0.0875449
0.706479 0.116309
0.737396 0.18538
0.659241 0.0974531
0.788552 0.171488
0.80556 0.177315
0.740334 0.0941293
0.762223 0.105025
0.755092 0.158612
0.738961 0.132889
0.675442 0.185254
0.696468 0.285596
0.696754 0.263632
0.742901 0.233112
0.725583 0.10968
0.703539 0.467648
0.669377 0.535993
0.666443 0.612669
0.661751 0.623014
0.504143 0.793144
0.537495 0.701003
0.570178 0.711813
0.666549 0.68565
0.681005 0.688661
0.599061 0.586819
0.530396 0.544536
0.539922 0.639697
0.564937 0.527576
0.421923 0.650392
0.401608 0.752626
0.486874 0.686733
0.39768 0.754611
0.450673 0.721369
0.469707 0.676053
0.484554 0.677325
0.56497 0.735617
0.508321 0.702325
0.552702 0.756294
0.63862 0.796518
0.624783 0.652315
0.643519 0.653367
0.608481 0.528434
0.434985 0.696333
0.625142 0.592697
0.663496 0.469064
0.637246 0.686327
0.687079 0.542011
0.590494 0.47297
0.454669 0.515582
0.518595 0.639107
0.483871 0.588513
0.521869 0.614467
0.667631 0.595896
0.722111 0.240521
0.660781 0.114112
0.669203 0.14854
0.77112 0.251481
0.792474 0.392174
0.716097 0.627975
0.771599 0.527767
0.625878 0.732457
0.711578 0.629644
0.779551 0.626604
0.61338 0.68388
0.59882 0.656084
0.583875 0.760546
0.676769 0.780563
0.617987 0.609684
0.621908 0.725303
0.766683 0.713057
0.702373 0.660228
0.773411 0.516795
0.771508 0.354557
0.788971 0.564226
0.738043 0.316429
0.706294 0.318004
0.718756 0.386775
0.710664 0.320649
0.700862 0.196669
0.67657 0.180983
0.663569 0.246796
0.682071 0.191378
0.648759 0.301661
0.631752 0.434583
0.636131 0.43716
0.545126 0.486612
0.334352 0.56285
0.427035 0.655784
0.516954 0.745791
0.575627 0.695852
0.597966 0.658444
0.587762 0.657732
0.548682 0.641798
0.610341 0.706433
0.48236 0.647284
0.39789 0.56994
0.436751 0.711143
0.569752 0.68437
0.402113 0.715921
0.369151 0.681917
0.2594 0.710479
0.302583 0.618085
0.209577 0.566727
0.20293 0.671666
0.550339 0.67624
0.507028 0.59398
0.558162 0.603455
0.565245 0.437512
0.5979 0.537294
0.443923 0.517482
0.567731 0.728807
0.223863 0.701219
0.295486 0.717153
0.310021 0.71195
0.626999 0.74413
0.615329 0.725974
0.571072 0.660198
0.657014 0.716623
0.776982 0.643828
0.679891 0.739314
0.590162 0.683566
0.567122 0.531898
0.686958 0.57505
0.615377 0.700652
0.723457 0.711247
0.610247 0.728159
0.627691 0.790467
0.4649 0.759653
0.486231 0.676272
0.523554 0.786411
0.52884 0.732209
0.606282 0.720477
0.464446 0.698018
0.466568 0.61684
0.547615 0.68593
0.613167 0.476606
0.737093 0.504595
0.725185 0.516149
0.613918 0.572216
0.593826 0.725512
0.603291 0.715732
0.702516 0.653978
0.765596 0.686466
0.735786 0.713655
0.754092 0.771228
0.674882 0.629333
0.651416 0.614847
0.659197 0.571284
0.585186 0.623873
0.698865 0.711525
0.743926 0.59988
0.664122 0.649392
0.680108 0.632531
0.644781 0.659123
0.66273 0.549982
0.63518 0.576597
0.73081 0.414263
0.743262 0.329756
0.743819 0.396959
0.685605 0.336285
0.708898 0.336821
0.699555 0.589118
0.586532 0.478686
0.61407 0.687513
0.698833 0.669802
0.752497 0.617162
0.72104 0.622986
0.681205 0.655302
0.659501 0.625121
0.586407 0.515371
0.52702 0.637456
0.746004 0.616539
0.595108 0.637741
0.492046 0.725501
0.490249 0.679762
0.49919 0.653158
0.651445 0.646013
0.731946 0.682583
0.714091 0.57856
0.759987 0.454128
0.688262 0.600733
0.797276 0.487988
0.754626 0.491879
0.727167 0.530424
0.670252 0.618332
0.771625 0.630929
0.705675 0.675384
0.651202 0.584283
0.499045 0.716422
0.401937 0.722162
0.607242 0.693351
0.563503 0.743946
0.361417 0.726781
0.503315 0.594913
0.466747 0.644177
0.600698 0.676566
0.667352 0.61078
0.568385 0.551692
0.671939 0.606095
0.660997 0.691311
0.700966 0.553608
0.745077 0.498511
0.764517 0.582593
0.687046 0.697488
0.602929 0.571672
0.625337 0.551496
0.686625 0.684537
0.615662 0.717759
0.602615 0.664224
0.535044 0.647294
0.591767 0.715941
0.593999 0.670789
0.436492 0.585749
0.430397 0.561774
0.603864 0.591086
0.723108 0.444862
0.762118 0.404592
0.669051 0.51653
0.640236 0.626726
0.665141 0.515979
0.580798 0.602463
0.590214 0.713778
0.724938 0.684715
0.588087 0.759673
0.601673 0.651803
0.618642 0.767338
0.613578 0.761994
0.605084 0.727788
0.611232 0.676974
0.510059 0.670159
0.398502 0.653086
0.495567 0.633693
0.497799 0.577893
0.494046 0.6925
0.34795 0.743605
0.159532 0.696436
0.197044 0.827611
0.132164 0.769841
0.0689663 0.717082
0.31625 0.633371
0.257392 0.621759
0.331042 0.670727
0.360268 0.693076
0.580001 0.58148
0.475106 0.658145
0.539766 0.692679
0.664032 0.756257
0.649359 0.73339
0.63232 0.455526
0.634574 0.507331
0.668161 0.269461
0.74193 0.182938
0.719133 0.43813
0.745561 0.5918
0.712358 0.649106
0.789045 0.745213
0.741689 0.754903
0.619542 0.645947
0.600588 0.698921
0.51579 0.727454
0.651931 0.690532
0.635368 0.620049
0.734447 0.620202
0.659937 0.733141
0.597954 0.716032
0.636409 0.670028
0.567592 0.500873
0.607213 0.601615
0.673452 0.671197
0.650698 0.638968
0.728617 0.524746
0.628597 0.512975
0.677639 0.480521
0.695333 0.393678
0.749457 0.465881
0.760971 0.404
0.781584 0.50894
0.721833 0.472543
0.717517 0.619962
0.686513 0.458685
0.592765 0.53135
0.513556 0.707371
0.568026 0.718533
0.628839 0.751792
0.635618 0.684131
0.681791 0.573235
0.653491 0.546836
0.673323 0.599312
0.686234 0.540346
0.602004 0.489751
0.707815 0.478688
0.691474 0.345569
0.65026 0.451367
0.69894 0.472976
0.66573 0.60148
0.510592 0.685242
0.551768 0.748572
0.593659 0.663343
0.751447 0.756962
0.496991 0.771049
0.389982 0.687384
0.700472 0.678802
0.625111 0.650823
0.697143 0.654216
0.678367 0.674836
0.789932 0.585295
0.707648 0.451971
0.721614 0.61793
0.63601 0.668246
0.617301 0.629432
0.457833 0.768289
0.401522 0.748248
0.321619 0.637555
0.525868 0.551356
0.664358 0.54934
0.655757 0.659708
0.58196 0.677277
0.487301 0.581486
0.65305 0.7049
0.750156 0.539399
0.715021 0.604083
0.744247 0.489973
0.645593 0.644036
0.659028 0.483628
0.759314 0.617032
0.750824 0.537621
0.728054 0.432429
0.687635 0.425485
0.775776 0.227231
0.654893 0.369675
0.698773 0.358369
0.690722 0.299389
0.734678 0.218034
0.593542 0.411928
0.622125 0.643098
0.465456 0.681815
0.573426 0.641276
0.489897 0.645866
0.599739 0.568843
0.582953 0.637009
0.669827 0.616776
0.675235 0.632823
0.712735 0.610614
0.769408 0.500738
0.678545 0.660354
0.591199 0.698308
0.607141 0.723149
0.709503 0.698503
0.666883 0.663746
0.609255 0.6058
0.595486 0.645733
0.455921 0.656051
0.315914 0.767029
0.448116 0.703827
0.477084 0.669298
0.662653 0.681947
0.60357 0.640522
0.752943 0.623277
0.417538 0.581252
0.552094 0.665375
0.398772 0.69174
0.437059 0.733775
0.453206 0.763937
0.593388 0.735488
0.56943 0.679779
0.743179 0.494393
0.64406 0.600578
0.712404 0.543235
0.741255 0.534416
0.733021 0.402437
0.735075 0.485587
0.745823 0.521926
0.782078 0.556849
0.723863 0.567904
0.747266 0.671432
0.691227 0.548697
0.690642 0.572189
0.636331 0.3445
0.667828 0.38106
0.787336 0.576167
0.771206 0.730202
0.488737 0.732732
0.634768 0.646792
0.638024 0.63033
0.693383 0.594541
0.669846 0.508206
0.717394 0.507133
0.630442 0.678211
0.733444 0.609651
0.591166 0.746907
0.609394 0.70807
0.558309 0.721468
0.622264 0.770614
0.520826 0.652449
0.629798 0.596496
0.686478 0.497348
0.786847 0.648221
0.756068 0.730948
0.678417 0.686151
0.700714 0.4507
0.600956 0.465216
0.558439 0.355961
0.569797 0.307239
0.639577 0.516515
0.431672 0.402234
0.346931 0.599946
0.215703 0.746548
0.259049 0.752812
0.274335 0.632516
0.33845 0.717551
0.405959 0.690315
0.1503 0.629809
0.159336 0.644211
0.546191 0.704786
0.714365 0.707986
0.633166 0.601843
0.758908 0.577175
0.696729 0.48888
0.767251 0.419862
0.753046 0.474076
0.631027 0.567182
0.769422 0.647495
0.734764 0.69818
0.672551 0.587696
0.715342 0.514076
0.714227 0.613461
0.645817 0.455136
0.730728 0.654869
0.760868 0.585139
0.697016 0.548705
0.602113 0.466967
0.787015 0.4445
0.705034 0.554459
0.513966 0.631618
0.743669 0.659388
0.678171 0.538614
0.652601 0.591012
0.648263 0.731865
0.71422 0.646087
0.677559 0.598847
0.701092 0.630195
0.691568 0.71835
0.708485 0.634454
0.704073 0.573647
0.728074 0.590752
0.727271 0.641787
0.632312 0.583442
0.646924 0.592446
0.709407 0.547073
0.646388 0.62385
0.569857 0.702978
0.492039 0.733108
0.545286 0.728477
0.597504 0.65025
0.60571 0.708508
0.667856 0.717651
0.800619 0.700589
0.744947 0.670729
0.594222 0.691794
0.699198 0.627145
0.672652 0.430563
0.609072 0.270404
0.611918 0.190247
0.71215 0.331766
0.530921 0.493564
0.641543 0.590798
0.596631 0.69195
0.568389 0.693316
0.63794 0.777115
0.590107 0.749777
0.590743 0.720957
0.635364 0.655657
0.622957 0.638583
0.685922 0.676596
0.626174 0.625711
0.682588 0.638953
0.548109 0.78546
0.510038 0.756174
0.497704 0.7518
0.634361 0.70971
0.712566 0.800591
0.663317 0.798438
0.725563 0.728048
0.758978 0.515867
0.501683 0.575015
0.697119 0.49627
0.627874 0.334571
0.686689 0.372896
0.767519 0.402258
0.686263 0.618322
0.730233 0.750679
0.701393 0.724128
0.687705 0.617957
0.651644 0.520982
0.745087 0.436811
0.57762 0.500296
0.564821 0.578059
0.596477 0.750158
0.675496 0.737795
0.734649 0.595413
0.671146 0.69337
0.53733 0.728459
0.59836 0.665683
0.704903 0.707845
0.636519 0.714285
0.690317 0.733936
0.612425 0.633711
0.574444 0.485708
0.64794 0.4655
0.776995 0.54336
0.631986 0.559632
0.730968 0.536069
0.713895 0.592787
0.561053 0.568631
0.753915 0.628954
0.693116 0.690361
0.669583 0.649329
0.49459 0.696928
0.414198 0.710877
0.569359 0.545518
0.657589 0.62802
0.523832 0.596601
0.568622 0.715677
0.381701 0.756263
0.388995 0.68931
0.467263 0.741605
0.609868 0.685295
0.561249 0.665531
0.688268 0.563495
0.722167 0.48455
0.768633 0.501037
0.720665 0.471316
0.69395 0.610626
0.72752 0.659926
0.723451 0.703622
0.646502 0.770103
0.587122 0.63992
0.619564 0.693108
0.697586 0.442084
0.678632 0.392545
0.715341 0.242684
0.846341 0.124628
0.766924 0.365127
0.764925 0.361762
0.709726 0.124629
0.717303 0.165167
0.694491 0.315318
0.673145 0.454329
0.758421 0.449316
0.700098 0.47052
0.695534 0.528483
0.617937 0.325943
0.686898 0.336717
0.703271 0.422569
0.64339 0.64721
0.506549 0.684312
0.562429 0.679954
0.615063 0.48726
0.590202 0.492978
0.731913 0.567471
0.765565 0.494984
0.712986 0.435831
0.6987 0.434724
0.591605 0.450388
0.559654 0.378535
0.563211 0.671733
0.600404 0.663241
0.4082 0.760254
0.6763 0.729474
0.559151 0.757137
0.541734 0.711608
0.722009 0.615858
0.681469 0.715534
0.712452 0.645005
0.64781 0.712141
0.673667 0.585931
0.637288 0.632426
0.682063 0.536542
0.54342 0.663276
0.57802 0.62416
0.617652 0.706527
0.544274 0.700874
0.475227 0.793916
0.425286 0.759606
0.442668 0.726139
0.490543 0.689042
0.462348 0.741819
0.518438 0.620121
0.442351 0.623357
0.621847 0.76819
0.554602 0.653264
0.492273 0.659786
0.51174 0.659478
0.55617 0.698868
0.686722 0.719299
0.70163 0.67211
0.599423 0.635877
0.548048 0.615168
0.744041 0.472366
0.835853 0.471763
0.669607 0.577844
0.687635 0.666401
0.668057 0.635974
0.67669 0.69135
0.601562 0.755946
0.509763 0.610957
0.68152 0.660694
0.744498 0.689403
0.572632 0.642361
0.543041 0.701474
0.497006 0.648198
0.616321 0.485797
0.711264 0.494623
0.656728 0.453449
0.67332 0.444107
0.728412 0.575175
0.738937 0.495359
0.822863 0.399326
0.736699 0.441486
0.75188 0.477098
0.777971 0.209657
0.709311 0.222467
0.751575 0.383984
0.774723 0.513419
0.757306 0.657679
0.650297 0.535109
0.634843 0.317242
0.519421 0.441555
0.64697 0.44174
0.652205 0.552691
0.676396 0.500234
0.550224 0.588294
0.524153 0.712582
0.586702 0.765026
0.676211 0.778114
0.692363 0.746381
0.627226 0.81376
0.770057 0.795086
0.636023 0.714647
0.563429 0.597916
0.584145 0.758381
0.560744 0.678283
0.545046 0.633091
0.685502 0.745956
0.619771 0.718073
0.566227 0.559217
0.584709 0.652532
0.536843 0.633944
0.698758 0.659988
0.571847 0.59684
0.628339 0.619348
0.65778 0.599075
0.651274 0.710876
0.63318 0.572101
0.561499 0.604737
0.640598 0.735047
0.758837 0.581784
0.68925 0.594244
0.589691 0.578451
0.56967 0.567699
0.675447 0.559485
0.583391 0.647744
0.670673 0.611078
0.729724 0.694328
0.739646 0.67231
0.707701 0.614312
0.737159 0.389796
0.720156 0.422992
0.603497 0.464614
0.564669 0.62393
0.572316 0.61971
0.444828 0.707253
0.464244 0.728939
0.491232 0.753357
0.540152 0.637454
0.594436 0.69471
0.729123 0.606057
0.767544 0.692358
0.669776 0.742343
0.400595 0.749436
0.357315 0.818955
0.548815 0.747109
0.570747 0.763265
0.658561 0.669794
0.656328 0.431767
0.730375 0.420974
0.706987 0.300425
0.71276 0.243708
0.701782 0.266709
0.6957 0.371285
0.621007 0.328583
0.681676 0.284504
0.697488 0.450168
0.657071 0.37667
0.571492 0.395783
0.752475 0.45823
0.619167 0.611177
0.690964 0.606327
0.699604 0.553729
0.775192 0.475342
0.740366 0.614425
0.692746 0.563717
0.652544 0.736035
0.688195 0.720787
0.724247 0.682841
0.722167 0.596084
0.614396 0.535032
0.683121 0.507388
0.79962 0.490388
0.773647 0.498714
0.795457 0.409291
0.688433 0.443037
0.806954 0.296528
0.705044 0.276095
0.663898 0.273623
0.711851 0.393314
0.673927 0.471172
0.673011 0.529176
0.744569 0.565442
0.623122 0.677293
0.491002 0.590133
0.750537 0.681176
0.638552 0.673403
0.676056 0.714803
0.713574 0.617673
0.764967 0.588013
0.58108 0.648967
0.653557 0.575301
0.636056 0.665101
0.591281 0.629322
0.552885 0.456702
0.601454 0.468378
0.665057 0.573303
0.629738 0.593486
0.538069 0.608314
0.572587 0.535956
0.63592 0.402801
0.695355 0.382015
0.629428 0.532191
0.660666 0.701409
0.663351 0.616308
0.559835 0.631581
0.634517 0.746909
0.554377 0.760853
0.473681 0.808957
0.293795 0.73876
0.0782802 0.727741
0.311396 0.718273
0.355782 0.749793
0.140414 0.683112
0.23103 0.702054
0.274236 0.696319
0.387428 0.709541
0.307007 0.683803
0.191579 0.671508
0.384349 0.605843
0.478207 0.579785
0.598916 0.713849
0.589936 0.779742
0.377465 0.670692
0.53643 0.652743
0.451241 0.785996
0.586946 0.783307
0.50419 0.785148
0.557995 0.657939
0.593404 0.664147
0.551815 0.438516
0.576616 0.509467
0.530417 0.63043
0.715499 0.678183
0.73953 0.59818
0.737779 0.640998
0.735884 0.589863
0.597349 0.631309
0.64101 0.648168
0.661822 0.778358
0.706301 0.62522
0.689702 0.602755
0.742276 0.668811
0.665158 0.686096
0.630411 0.658468
0.66134 0.695851
0.655637 0.652991
0.58043 0.527509
0.595512 0.550378
0.639124 0.621776
0.598971 0.660107
0.631317 0.708338
0.71752 0.711807
0.680442 0.686947
0.695952 0.70291
0.727363 0.716398
0.585783 0.698625
0.652553 0.693894
0.587748 0.592491
0.509357 0.60126
0.718429 0.547072
0.710319 0.591073
0.786328 0.464294
0.721444 0.458203
0.646499 0.561765
0.725431 0.518145
0.762941 0.475454
0.604716 0.526278
0.608079 0.509083
0.682097 0.398516
0.758837 0.4795
0.750724 0.466871
0.677882 0.603724
0.650216 0.546201
0.633275 0.505817
0.589506 0.599302
0.634937 0.680554
0.644388 0.678121
0.736041 0.722204
0.64923 0.696279
0.733721 0.748226
0.776315 0.676112
0.710627 0.598714
0.72762 0.606172
0.699613 0.633477
0.642257 0.639167
0.472318 0.699074
0.498124 0.65538
0.648384 0.642716
0.59805 0.723524
0.527867 0.733523
0.587059 0.654803
0.600442 0.663239
0.701984 0.653866
0.746036 0.643688
0.752389 0.734935
0.687113 0.668075
0.691225 0.690292
0.762807 0.648792
0.658542 0.618233
0.734165 0.583075
0.676075 0.673221
0.692909 0.737388
0.680719 0.731488
0.596379 0.703603
0.493497 0.736925
0.568065 0.663021
0.649098 0.794233
0.753121 0.658897
0.732148 0.665348
0.670077 0.681598
0.72103 0.558934
0.710684 0.575958
0.752497 0.565363
0.748686 0.502562
0.671029 0.638293
0.567309 0.620532
0.576083 0.656276
0.645857 0.697689
0.602784 0.679671
0.554785 0.763955
0.552931 0.729123
0.583435 0.599643
0.58697 0.64754
0.678241 0.641592
0.481692 0.582936
0.670459 0.599631
0.746431 0.64396
0.553887 0.530394
0.563186 0.487811
0.563095 0.472853
0.447738 0.540605
0.464159 0.541431
0.459776 0.648005
0.242638 0.671524
0.178235 0.737224
0.381079 0.791179
0.380289 0.703601
0.323452 0.713045
0.564899 0.714549
0.517473 0.694405
0.576871 0.718806
0.534826 0.693911
0.618867 0.771853
0.623879 0.58869
0.591171 0.613646
0.746094 0.602001
0.699362 0.606513
0.712497 0.457038
0.713541 0.679423
0.764315 0.390899
0.758231 0.39481
0.746393 0.291315
0.661662 0.318984
0.604018 0.308161
0.404915 0.576872
0.492821 0.428807
0.667853 0.435345
0.538874 0.423323
0.704026 0.279554
0.590528 0.421333
0.51037 0.457491
0.543649 0.465006
0.491673 0.649227
0.47908 0.68949
0.502354 0.732297
0.642298 0.728034
0.692864 0.610568
0.711937 0.556044
0.696886 0.360886
0.764329 0.145947
0.771895 0.0457669
0.759648 0.0266166
0.765874 0.169561
0.749218 0.381606
0.797418 0.260859
0.764703 0.290923
0.767745 0.194473
0.751083 0.387648
0.730794 0.330761
0.673868 0.426395
0.705474 0.536101
0.802073 0.644614
0.694654 0.64659
0.775421 0.56857
0.705497 0.665628
0.669022 0.594579
0.687268 0.640545
0.602664 0.646043
0.638636 0.637081
0.648526 0.694809
0.626145 0.645883
0.543067 0.713072
0.729703 0.770372
0.682179 0.610296
0.688618 0.604826
0.747614 0.660335
0.69208 0.569498
0.632445 0.562228
0.725224 0.436321
0.652947 0.578206
0.616588 0.608326
0.679855 0.620991
0.771072 0.696322
0.780765 0.747019
0.665568 0.610269
0.634018 0.667708
0.773384 0.685784
0.688462 0.511025
0.620336 0.6112
0.580117 0.683743
0.715725 0.673724
0.77226 0.705648
0.771674 0.699148
0.810705 0.586092
0.710723 0.746624
0.585449 0.674441
0.580151 0.730837
0.410158 0.795589
0.22944 0.779071
0.436474 0.776042
0.436373 0.776581
0.593532 0.660989
0.546244 0.75355
0.345468 0.72405
0.500988 0.643783
0.378162 0.564563
0.276044 0.674373
0.267895 0.753743
0.14325 0.780956
0.0228823 0.780789
0.137232 0.770933
0.329813 0.770712
0.311826 0.736247
0.383421 0.688884
0.51403 0.682005
0.546608 0.736601
0.522331 0.733616
0.621235 0.743286
0.583552 0.674588
0.633024 0.636737
0.782764 0.61907
0.713882 0.595743
0.721447 0.580134
0.601693 0.498566
0.610398 0.666586
0.54921 0.565207
0.688912 0.529205
0.621662 0.508765
0.505882 0.628799
0.469695 0.71933
0.558678 0.773526
0.64212 0.717948
0.593238 0.632599
0.612152 0.612771
0.593573 0.750336
0.68894 0.721689
0.659329 0.797151
0.685178 0.735169
0.584596 0.635759
0.704082 0.726635
0.738435 0.534212
0.724685 0.572984
0.604216 0.566607
0.705727 0.666817
0.733602 0.646796
0.61464 0.648357
0.572654 0.704181
0.491497 0.659701
0.662632 0.651234
0.609359 0.659636
0.640626 0.771506
0.668745 0.699997
0.748893 0.716712
0.632579 0.70297
0.526453 0.76651
0.557019 0.836932
0.554419 0.783096
0.747763 0.722775
0.70709 0.740391
0.577582 0.625965
0.55464 0.61325
0.640168 0.746738
0.509068 0.499105
0.510224 0.373051
0.534401 0.728052
0.705322 0.629021
0.640352 0.736826
0.604134 0.782394
0.563343 0.723866
0.522599 0.609611
0.67073 0.657232
0.757325 0.746791
0.682853 0.718366
0.751051 0.725067
0.680036 0.537013
0.72954 0.694879
0.539952 0.779223
0.568697 0.719766
0.628347 0.719229
0.694143 0.682321
0.674746 0.676099
0.68873 0.720342
0.748175 0.674363
0.715465 0.670688
0.710601 0.664198
0.66461 0.620676
0.701084 0.716146
0.666125 0.718607
0.6305 0.733364
0.619117 0.645813
0.529896 0.67612
0.614106 0.512293
0.374704 0.608954
0.338788 0.678647
0.505061 0.703175
0.516776 0.595618
0.528911 0.715474
0.550221 0.747585
0.465975 0.755709
0.682199 0.652204
0.658684 0.559176
0.737783 0.540804
0.618134 0.634138
0.584712 0.554441
0.413163 0.644043
0.414139 0.69039
0.488333 0.53618
0.577159 0.412118
0.737311 0.42153
0.665752 0.505439
0.637945 0.357578
0.733645 0.449345
0.777778 0.525642
0.760625 0.354156
0.695419 0.410938
0.70969 0.327663
0.593208 0.503134
0.721943 0.359653
0.615388 0.221122
0.775899 0.374632
0.684033 0.352586
0.639331 0.49265
0.601378 0.533613
0.562809 0.612617
0.543949 0.623575
0.583586 0.627784
0.459582 0.610086
0.555054 0.629673
0.461276 0.66428
0.533414 0.783382
0.601799 0.750793
0.575542 0.717571
0.581463 0.615481
0.522212 0.636603
0.624997 0.63614
0.672964 0.727189
0.724895 0.730791
0.672803 0.718246
0.699389 0.613974
0.732373 0.606094
0.723929 0.671506
0.693176 0.546073
0.721299 0.537439
0.713617 0.58506
0.719436 0.516651
0.781994 0.490616
0.767872 0.665094
0.641869 0.609813
0.735338 0.625964
0.663626 0.663075
0.640391 0.659938
0.64237 0.535907
0.748744 0.467371
0.728278 0.453885
0.739787 0.733103
0.754969 0.78017
0.690849 0.749014
0.632119 0.713553
0.681876 0.677957
0.563591 0.605001
0.467654 0.63654
0.437762 0.654377
0.581303 0.707302
0.671912 0.655544
0.770393 0.526432
0.619179 0.601606
0.701381 0.319469
0.708832 0.517364
0.691668 0.431576
0.649992 0.581768
0.717824 0.544393
0.736977 0.56808
0.732132 0.705446
0.658987 0.641552
0.800048 0.659744
0.649925 0.631762
0.781614 0.439434
0.653149 0.408742
0.641405 0.456645
0.649159 0.540155
0.620839 0.757035
0.52941 0.678457
0.64291 0.623974
0.589766 0.558132
0.71552 0.636359
0.4823 0.616337
0.508006 0.611298
0.650892 0.639214
0.697391 0.59809
0.644817 0.613905
0.611218 0.613994
0.469011 0.605321
0.551751 0.619557
0.739474 0.566216
0.681685 0.536135
0.786476 0.594889
0.763135 0.564955
0.638787 0.623286
0.732554 0.656414
0.717741 0.625178
0.677355 0.433865
0.699733 0.336219
0.782827 0.318731
0.737804 0.417301
0.71035 0.380024
0.678231 0.429062
0.618391 0.594944
0.590673 0.542088
0.496129 0.702384
0.615597 0.716069
0.705373 0.666258
0.576814 0.727912
0.372144 0.698315
0.59396 0.770748
0.673837 0.589947
0.520737 0.633002
0.575411 0.694382
0.667915 0.599337
0.674472 0.62261
0.668909 0.414318
0.691702 0.501105
0.690566 0.469064
0.60724 0.555266
0.664893 0.554768
0.63678 0.398757
0.674085 0.317454
0.737277 0.188849
0.689402 0.152164
0.734034 0.356402
0.666586 0.426394
0.727252 0.322163
0.758604 0.28189
0.760619 0.276576
0.788091 0.20698
0.663447 0.239252
0.731421 0.429993
0.686819 0.496509
0.759276 0.596758
0.651315 0.665404
0.740459 0.643539
0.522394 0.77451
0.643537 0.64075
0.623201 0.607248
0.737829 0.555862
0.733767 0.492607
0.7914 0.275249
0.700113 0.5324
0.575375 0.489578
0.571263 0.471428
0.713878 0.505515
0.713785 0.479424
0.71204 0.521496
0.736538 0.575693
0.720571 0.314098
0.733202 0.215209
0.630978 0.474025
0.705841 0.555463
0.732551 0.565581
0.666527 0.474248
0.677786 0.627994
0.614295 0.62567
0.729383 0.52098
0.647284 0.447541
0.617812 0.595871
0.713307 0.613351
0.673022 0.716717
0.757588 0.635867
0.676307 0.685944
0.69138 0.65544
0.609376 0.580039
0.632448 0.594857
0.682593 0.660852
0.653783 0.707362
0.536884 0.734877
0.574991 0.688975
0.359597 0.728684
0.275424 0.756577
0.413782 0.761807
0.461821 0.73262
0.643279 0.698206
0.681714 0.745479
0.640656 0.78368
0.621511 0.686922
0.651996 0.693212
0.592689 0.639253
0.661194 0.639934
0.729538 0.664198
0.687232 0.647809
0.698102 0.4664
0.557732 0.524692
0.601176 0.668704
0.608824 0.687209
0.574318 0.603448
0.590564 0.668073
0.695048 0.507302
0.660192 0.412451
0.698698 0.562739
0.619731 0.47604
0.696084 0.529791
0.748662 0.695803
0.752089 0.61842
0.741248 0.585026
0.68272 0.615483
0.660013 0.591661
0.628161 0.638951
0.590696 0.749155
0.693646 0.73753
0.673527 0.534681
0.656699 0.645743
0.514878 0.655469
0.543774 0.707993
0.544209 0.769625
0.590087 0.706068
0.674297 0.650499
0.651061 0.55633
0.722758 0.662929
0.630557 0.690002
0.67354 0.738938
0.650533 0.665824
0.702682 0.619145
0.59767 0.524956
0.552426 0.516392
0.720388 0.600894
0.754137 0.686171
0.729293 0.584484
0.806822 0.470535
0.647689 0.461556
0.69716 0.702585
0.580967 0.609632
0.510013 0.48378
0.499413 0.598684
0.67854 0.599794
0.649134 0.476537
0.718821 0.459996
0.697747 0.408029
0.594353 0.545173
0.643461 0.66251
0.649023 0.598309
0.694643 0.627359
0.652197 0.702176
0.701374 0.588857
0.644922 0.601568
0.67639 0.730839
0.727327 0.635463
0.702594 0.697124
0.694093 0.514346
0.577823 0.612788
0.746678 0.673901
0.689156 0.65078
0.72886 0.667214
0.762856 0.571008
0.67155 0.536311
0.590266 0.68622
0.665325 0.652298
0.633968 0.710404
0.641108 0.685575
0.65786 0.732781
0.568212 0.697595
0.692605 0.599212
0.648426 0.655056
0.630016 0.776567
0.506794 0.738909
0.253486 0.786713
0.181443 0.752145
0.396372 0.756541
0.36129 0.758456
0.463806 0.690756
0.593509 0.750906
0.433002 0.688477
0.447659 0.651376
0.516966 0.763945
0.505276 0.658894
0.627889 0.63678
0.62349 0.623608
0.598637 0.520526
0.444297 0.727744
0.2199 0.658219
0.342493 0.591292
0.489963 0.522706
0.529778 0.654129
0.464974 0.711904
0.443452 0.661485
0.678612 0.67709
0.716077 0.609274
0.556091 0.788866
0.659214 0.726012
0.605384 0.704453
0.782855 0.575612
0.650797 0.758467
0.716378 0.652511
0.671869 0.713698
0.707071 0.698244
0.649346 0.580881
0.699844 0.475522
0.727634 0.498525
0.706058 0.399869
0.701137 0.344956
0.723582 0.282848
0.688417 0.465923
0.628317 0.624001
0.666504 0.489096
0.610931 0.48916
0.651591 0.418256
0.657069 0.34149
0.663171 0.470861
0.712669 0.631358
0.716828 0.630679
0.700164 0.489124
0.655124 0.563119
0.663714 0.62806
0.698674 0.589736
0.652977 0.560269
0.699584 0.639953
0.525881 0.683713
0.609814 0.661948
0.39479 0.800515
0.52748 0.736456
0.456311 0.735239
0.186783 0.690957
0.205799 0.73557
0.335136 0.745625
0.449718 0.686411
0.371244 0.60901
0.464476 0.644219
0.545635 0.614877
0.547913 0.70915
0.567112 0.703468
0.691002 0.626468
0.746502 0.658838
0.538706 0.621133
0.486757 0.556995
0.59585 0.699211
0.619426 0.65525
0.522169 0.561297
0.555161 0.69493
0.603195 0.743975
0.651771 0.73638
0.611734 0.767912
0.62647 0.762163
0.632093 0.777172
0.438467 0.720353
0.464782 0.670909
0.489853 0.643955
0.522878 0.805624
0.437441 0.688296
0.388232 0.742314
0.320882 0.769233
0.381186 0.746005
0.363243 0.615165
0.167295 0.667289
0.161254 0.790909
0.347652 0.725834
0.230789 0.691067
0.0689368 0.790462
0.0119757 0.742338
0.0754446 0.767968
0.147992 0.750865
0.159612 0.797569
0.0808834 0.722197
0.118942 0.767369
0.0495846 0.770379
0.0923361 0.746635
0.142829 0.716948
0.213929 0.729667
0.266584 0.727237
0.282998 0.731729
0.0813629 0.608975
0.131182 0.790923
0.22531 0.728125
0.18422 0.658193
0.364699 0.603965
0.416857 0.654277
0.356029 0.627669
0.557007 0.618371
0.400406 0.655212
0.410721 0.762243
0.539961 0.738692
0.466959 0.65477
0.525876 0.70767
0.670851 0.551892
0.633402 0.584961
0.743442 0.604243
0.616767 0.575266
0.681344 0.611707
0.686965 0.605347
0.805974 0.498896
0.709038 0.646397
0.683805 0.592052
0.701271 0.620835
0.553867 0.725409
0.664977 0.608474
0.665345 0.636561
0.730025 0.678645
0.707579 0.602651
0.676803 0.787732
0.638188 0.652296
0.628027 0.499757
0.601722 0.665855
0.639926 0.677792
0.657455 0.733257
0.618018 0.687941
0.666506 0.59198
0.673309 0.624621
0.631584 0.671132
0.553781 0.825029
0.367523 0.789191
0.44668 0.738241
0.519491 0.670637
0.566717 0.667239
0.321775 0.747105
0.247961 0.726977
0.269819 0.624069
0.175627 0.732084
0.197319 0.693783
0.36887 0.710767
0.460842 0.714659
0.315057 0.620905
0.2631 0.593987
0.381867 0.638639
0.399849 0.613595
0.509268 0.66748
0.408138 0.561379
0.698977 0.447364
0.730087 0.413473
0.701504 0.469291
0.644852 0.442638
0.674727 0.547357
0.728063 0.585444
0.594261 0.61608
0.694027 0.521252
0.703907 0.463044
0.631064 0.460448
0.649874 0.481103
0.641586 0.395159
0.5529 0.565829
0.700903 0.449671
0.669552 0.533566
0.683744 0.626301
0.680866 0.584024
0.65867 0.688979
0.57957 0.781602
0.592431 0.711072
0.593606 0.667732
0.600521 0.701386
0.716456 0.637594
0.668671 0.67079
0.780308 0.646446
0.639034 0.552052
0.699483 0.622398
0.69871 0.601459
0.653752 0.707458
0.572364 0.667729
0.610977 0.670376
0.585614 0.49659
0.561765 0.633504
0.704474 0.641946
0.691087 0.673135
0.758749 0.633063
0.709735 0.540249
0.783743 0.636295
0.735209 0.611824
0.685729 0.594364
0.572784 0.665659
0.519399 0.708748
0.708473 0.690721
0.613257 0.796181
0.482166 0.759175
0.396685 0.630493
0.266979 0.729377
0.408046 0.597922
0.413938 0.584904
0.637295 0.47636
0.724912 0.424409
0.824301 0.352768
0.820069 0.425414
0.695399 0.448027
0.686051 0.611513
0.604426 0.724087
0.613841 0.694421
0.661623 0.691854
0.67199 0.697232
0.677993 0.691248
0.70764 0.554065
0.745116 0.40724
0.624273 0.627091
0.720838 0.609866
0.710619 0.497389
0.696692 0.489722
0.664341 0.386097
0.644672 0.566817
0.688956 0.612236
0.686422 0.55598
0.72026 0.527619
0.707044 0.663279
0.735972 0.585024
0.663223 0.739711
0.579218 0.734135
0.54699 0.712107
0.431672 0.757956
0.512509 0.798647
0.529546 0.708309
0.671127 0.765842
0.720393 0.708835
0.693544 0.614076
0.699089 0.618591
0.707613 0.603031
0.573852 0.572215
0.463999 0.790539
0.491479 0.758987
0.362455 0.740996
0.478667 0.727424
0.544244 0.717011
0.639412 0.73778
0.694391 0.760238
0.6385 0.675984
0.661245 0.558051
0.699064 0.579459
0.697072 0.521055
0.695883 0.624599
0.788762 0.583971
0.750341 0.707257
0.624076 0.713822
0.658993 0.637382
0.649812 0.693167
0.66381 0.678218
0.708836 0.735295
0.648452 0.67842
0.663185 0.674026
0.686988 0.612053
0.679717 0.401496
0.676079 0.540752
0.706104 0.620861
0.626977 0.577884
0.623855 0.525012
0.727142 0.677877
0.749327 0.602932
0.612043 0.735904
0.602526 0.734072
0.611819 0.733845
0.466745 0.686583
0.428185 0.654622
0.440016 0.568184
0.430226 0.730534
0.559029 0.604853
0.495867 0.680641
0.55662 0.599448
0.511233 0.589134
0.460472 0.596105
0.723235 0.730861
0.678934 0.699569
0.514846 0.622262
0.454863 0.715536
0.510156 0.686644
0.631873 0.744405
0.59017 0.781632
0.709789 0.652843
0.709784 0.668259
0.765451 0.687844
0.769658 0.690978
0.787053 0.733829
0.691879 0.700582
0.519767 0.632328
0.572468 0.755401
0.340317 0.83095
0.150148 0.775315
0.304628 0.779697
0.333367 0.595662
0.388778 0.564943
0.408992 0.717103
0.591283 0.663218
0.666771 0.663242
0.617089 0.736577
0.488906 0.741991
0.493791 0.803544
0.517211 0.677448
0.653131 0.680089
0.592505 0.612783
0.571823 0.739891
0.514477 0.686499
0.514762 0.663133
0.670116 0.5564
0.558499 0.705673
0.675149 0.710848
0.722363 0.712976
0.709763 0.648479
0.589337 0.620544
0.618262 0.531163
0.5555 0.62965
0.659697 0.666077
0.759399 0.565855
0.71387 0.372698
0.573467 0.638372
0.370593 0.667754
0.458428 0.718591
0.570668 0.670332
0.430253 0.715396
0.569541 0.633785
0.682832 0.643587
0.51196 0.772455
0.600077 0.736104
0.667873 0.722638
0.702576 0.731152
0.595043 0.58495
0.707662 0.631833
0.568314 0.62626
0.513936 0.525799
0.67839 0.606476
0.656641 0.593381
0.581869 0.570286
0.583188 0.57232
0.669519 0.622466
0.643362 0.635745
0.582718 0.675096
0.659144 0.629165
0.438192 0.78202
0.624898 0.679055
0.673712 0.640234
0.646621 0.631694
0.597463 0.645601
0.61248 0.581701
0.693241 0.67124
0.604574 0.644574
0.703341 0.576546
0.655605 0.565436
0.763763 0.529075
0.747897 0.626405
0.646114 0.738018
0.753694 0.698348
0.699671 0.763928
0.699605 0.671998
0.65215 0.627494
0.706415 0.676965
0.620112 0.568406
0.646404 0.716717
0.495262 0.764206
0.452378 0.791907
0.468607 0.774463
0.394809 0.698148
0.537164 0.768653
0.513815 0.699596
0.635974 0.693617
0.727521 0.645697
0.659557 0.631849
0.556394 0.707194
0.429259 0.728209
0.491997 0.686296
0.636795 0.698413
0.604488 0.676169
0.658755 0.608993
0.740914 0.567715
0.723966 0.53485
0.743396 0.539119
0.76138 0.617575
0.718465 0.673774
0.69713 0.692175
0.457776 0.718734
0.521813 0.767991
0.569126 0.766933
0.565627 0.735838
0.530282 0.688677
0.534274 0.637737
0.393024 0.732597
0.264824 0.748958
0.335052 0.75246
0.534197 0.740469
0.391138 0.669155
0.407652 0.640925
0.47943 0.673299
0.448707 0.710392
0.517117 0.64841
0.65523 0.743893
0.661722 0.754592
0.791987 0.758828
0.759119 0.727746
0.648623 0.73242
0.610579 0.789557
0.641642 0.748343
0.67905 0.639998
0.609027 0.701461
0.635639 0.675207
0.736293 0.66583
0.664527 0.673149
0.515813 0.809211
0.51883 0.623458
0.506606 0.660086
0.66156 0.604008
0.587922 0.630171
0.573437 0.66414
0.579729 0.712753
0.633898 0.667716
0.58913 0.663899
0.647394 0.616571
0.54298 0.559948
0.491955 0.622587
0.362168 0.745335
0.478229 0.733213
0.661321 0.686141
0.709043 0.641617
0.74295 0.528097
0.663303 0.547877
0.706194 0.342062
0.748848 0.34178
0.794788 0.163189
0.705773 0.145709
0.618723 0.217024
0.704026 0.0906907
0.78379 0.324307
0.655852 0.336561
0.5847 0.391275
0.607547 0.591463
0.657512 0.634726
0.695091 0.703806
0.679479 0.519831
0.697837 0.463916
0.648083 0.324725
0.70313 0.24764
0.766912 0.43
0.794717 0.391998
0.808556 0.535748
0.664491 0.663565
0.668887 0.718854
0.705769 0.746275
0.74278 0.666279
0.683281 0.72874
0.773387 0.554865
0.757591 0.535193
0.741536 0.505851
0.659885 0.492024
0.598802 0.726844
0.630253 0.719795
0.631239 0.600098
0.630233 0.638154
0.536406 0.638307
0.505831 0.675325
0.6273 0.636808
0.623523 0.613453
0.621477 0.747668
0.566122 0.719529
0.374289 0.7066
0.302428 0.774717
0.268598 0.685712
0.352897 0.578875
0.24325 0.726154
0.103396 0.765724
0.227237 0.782651
0.0414451 0.783909
0.228241 0.70278
0.219416 0.827497
0.306997 0.705851
0.466237 0.784735
0.594668 0.794485
0.703755 0.769866
0.696115 0.647464
0.575919 0.64159
0.651736 0.651828
0.768555 0.616667
0.757232 0.593515
0.729663 0.461093
0.577556 0.522464
0.661092 0.39318
0.634795 0.380911
0.635893 0.439655
0.657224 0.517934
0.726394 0.32465
0.713671 0.505801
0.673936 0.636709
0.647224 0.716118
0.682215 0.646927
0.729128 0.722878
0.573803 0.756902
0.536493 0.766402
0.600029 0.701207
0.635643 0.457762
0.685166 0.730777
0.714992 0.638319
0.729564 0.464334
0.741682 0.704335
0.681305 0.726479
0.593602 0.729556
0.643003 0.670384
0.692899 0.573467
0.699224 0.649813
0.648272 0.683256
0.544818 0.656006
0.703005 0.674394
0.617084 0.716178
0.652614 0.613409
0.667945 0.543644
0.664107 0.670332
0.709086 0.674634
0.731741 0.503213
0.711183 0.544746
0.656752 0.610054
0.74947 0.514053
0.691281 0.425467
0.730149 0.405862
0.69848 0.196571
0.763614 0.296673
0.593917 0.25773
0.573034 0.158842
0.516717 0.461127
0.581507 0.493294
0.604556 0.47134
0.638059 0.486261
0.596954 0.541154
0.341567 0.611919
0.38891 0.589849
0.412139 0.628342
0.407767 0.573317
0.31347 0.563066
0.359478 0.568302
0.490501 0.554425
0.547252 0.640156
0.584972 0.732523
0.591413 0.662903
0.604865 0.508309
0.655873 0.62481
0.729157 0.530884
0.745715 0.444269
0.715947 0.526201
0.742633 0.490739
0.773873 0.48505
0.634117 0.6829
0.729787 0.578343
0.657386 0.691555
0.775073 0.677969
0.654642 0.726483
0.699092 0.637048
0.649651 0.61613
0.69009 0.539558
0.670063 0.530228
0.67833 0.578579
0.642571 0.758099
0.416554 0.773267
0.437838 0.746353
0.594381 0.732848
0.497254 0.755588
0.567974 0.546049
0.527201 0.660201
0.405302 0.719894
0.442656 0.690855
0.2568 0.675058
0.241039 0.616235
0.398539 0.539338
0.440381 0.594659
0.433826 0.671574
0.406645 0.64672
0.375416 0.656337
0.558024 0.759008
0.617186 0.784263
0.572733 0.738973
0.662579 0.687541
0.637543 0.639593
0.668881 0.660055
0.648803 0.709239
0.674344 0.687409
0.624962 0.702047
0.664243 0.619411
0.707482 0.696334
0.484616 0.667147
0.672815 0.578633
0.581856 0.69533
0.589061 0.650865
0.585194 0.729421
0.579754 0.716298
0.583331 0.697393
0.717261 0.669457
0.669789 0.670425
0.648057 0.690707
0.714245 0.499716
0.725994 0.455199
0.805362 0.294247
0.660489 0.121615
0.777807 0.104738
0.714657 0.168835
0.696785 0.327116
0.589082 0.401087
0.601171 0.624851
0.551173 0.590538
0.59476 0.505843
0.468917 0.614377
0.572588 0.732246
0.605952 0.728135
0.716826 0.688421
0.695473 0.683488
0.619669 0.814433
0.662349 0.818812
0.729772 0.654941
0.633023 0.717259
0.773159 0.579297
0.658434 0.481424
0.66766 0.644691
0.671217 0.739325
0.708881 0.756412
0.698472 0.724361
0.786535 0.625825
0.771897 0.615673
0.726839 0.624923
0.678962 0.79626
0.652198 0.704773
0.585432 0.669958
0.490383 0.612218
0.62875 0.702649
0.670259 0.732312
0.703137 0.729315
0.730682 0.593879
0.747304 0.648082
0.784769 0.606612
0.607065 0.785051
0.633296 0.754299
0.646896 0.672902
0.727573 0.585948
0.780949 0.61288
0.754877 0.685077
0.706662 0.390423
0.790964 0.44377
0.689426 0.333022
0.582331 0.392366
0.658945 0.467079
0.617312 0.514191
0.831038 0.388879
0.72697 0.412486
0.648503 0.546701
0.666125 0.625441
0.614092 0.540656
0.656476 0.654795
0.630296 0.719955
0.717366 0.793922
0.607317 0.564536
0.617936 0.526749
0.510683 0.512137
0.511779 0.441531
0.511266 0.513854
0.499936 0.685509
0.527672 0.644577
0.494466 0.588096
0.571538 0.577952
0.472497 0.403396
0.540627 0.403527
0.571005 0.370571
0.551252 0.353682
0.741413 0.404331
0.699723 0.563473
0.758901 0.329781
0.670671 0.531032
0.581405 0.536172
0.581963 0.632472
0.689986 0.567561
0.727625 0.723777
0.723439 0.536022
0.788653 0.488479
0.750163 0.502159
0.678685 0.488288
0.690258 0.561264
0.754897 0.221481
0.813114 0.49795
0.742196 0.41097
0.781404 0.423622
0.767948 0.323908
0.676466 0.536526
0.575213 0.647337
0.745985 0.642649
0.722404 0.592088
0.709546 0.673185
0.678776 0.588237
0.763788 0.477693
0.68078 0.470633
0.672708 0.43995
0.705726 0.535103
0.625577 0.617062
0.623243 0.723066
0.723289 0.734665
0.666781 0.737921
0.637126 0.6379
0.718092 0.598079
0.738142 0.601523
0.634142 0.640974
0.646642 0.609012
0.697227 0.685951
0.560267 0.711665
0.705823 0.666282
0.724554 0.643039
0.475211 0.625767
0.454186 0.782437
0.186875 0.777745
0.148566 0.707914
0.265634 0.693521
0.0919674 0.704845
0.0586906 0.783538
0.138014 0.740315
0.0904438 0.805575
0.163228 0.693349
0.16422 0.619624
0.269754 0.568058
0.360249 0.590192
0.296927 0.584024
0.280316 0.571517
0.284969 0.631083
0.487605 0.566635
0.629458 0.694293
0.666333 0.606343
0.553352 0.775901
0.460764 0.812338
0.542502 0.789396
0.62242 0.734144
0.738171 0.677239
0.689059 0.73441
0.768917 0.736107
0.64813 0.702411
0.636424 0.750166
0.626119 0.70464
0.647091 0.599143
0.554818 0.753982
0.646806 0.582858
0.651087 0.510054
0.574098 0.64299
0.61901 0.69238
0.640384 0.632101
0.649284 0.611186
0.739085 0.65687
0.674531 0.607526
0.720498 0.661419
0.65877 0.548468
0.672031 0.685694
0.613404 0.646744
0.681141 0.413817
0.542444 0.531843
0.376532 0.717347
0.258111 0.690849
0.104006 0.810896
0.174758 0.819046
0.243473 0.769904
0.0624069 0.777313
0.260919 0.752302
0.312384 0.753372
0.537596 0.64367
0.504892 0.745895
0.571198 0.71665
0.506426 0.718603
0.555804 0.731324
0.660343 0.694384
0.730594 0.746646
0.678018 0.708957
0.714371 0.453446
0.659997 0.469964
0.641384 0.344216
0.574941 0.420269
0.526024 0.359432
0.700701 0.409785
0.642893 0.501036
0.698617 0.393897
0.673787 0.362324
0.584443 0.278875
0.585675 0.520491
0.659373 0.575379
0.652529 0.45279
0.587767 0.622242
0.639277 0.605902
0.68864 0.704111
0.719273 0.723476
0.659976 0.714548
0.69008 0.73054
0.563031 0.701989
0.467995 0.719851
0.493078 0.754362
0.700593 0.68022
0.602239 0.709511
0.669015 0.567083
0.583343 0.600972
0.603833 0.79232
0.599757 0.631299
0.74709 0.744576
0.599592 0.716442
0.585354 0.741415
0.422853 0.655983
0.482977 0.696426
0.603442 0.741553
0.7251 0.679614
0.685922 0.725195
0.635178 0.704805
0.567823 0.611544
0.548236 0.683734
0.691357 0.666452
0.615478 0.694467
0.647669 0.667788
0.393398 0.724425
0.516887 0.726859
0.433851 0.699899
0.380309 0.723595
0.27482 0.59939
0.459691 0.683168
0.515569 0.767978
0.59048 0.723021
0.594996 0.763787
0.671618 0.597117
0.601326 0.632974
0.537659 0.724115
0.560071 0.642925
0.516543 0.64003
0.685393 0.778304
0.738321 0.653387
0.787531 0.588288
0.704367 0.519023
0.694362 0.462682
0.633377 0.538343
0.644015 0.467128
0.549856 0.51176
0.474628 0.629622
0.454871 0.711493
0.611266 0.639918
0.664323 0.60737
0.584301 0.510735
0.730157 0.485573
0.740768 0.343059
0.71036 0.406785
0.679926 0.400557
0.668976 0.311292
0.590079 0.392461
0.559103 0.368028
0.68306 0.482098
0.728223 0.60603
0.723008 0.676528
0.699412 0.706644
0.581132 0.756583
0.699163 0.606568
0.640045 0.52407
0.751974 0.46817
0.719014 0.460837
0.604709 0.542574
0.650823 0.466809
0.667026 0.428322
0.615101 0.37958
0.613111 0.419617
0.680314 0.637287
0.67611 0.42044
0.658087 0.602103
0.6029 0.523215
0.644555 0.576102
0.672998 0.56815
0.667426 0.380901
0.750049 0.475528
0.698732 0.399278
0.719758 0.3442
0.713129 0.418497
0.790882 0.347027
0.682289 0.427363
0.657683 0.396516
0.690611 0.421281
0.589317 0.472746
0.708577 0.529197
0.615576 0.63301
0.648727 0.708872
0.743494 0.509883
0.773635 0.326418
0.693204 0.30235
0.721962 0.196685
0.737155 0.39876
0.699006 0.621273
0.669906 0.645799
0.667111 0.538765
0.591644 0.654773
0.498592 0.659313
0.508265 0.594264
0.532846 0.611099
0.520783 0.675019
0.524405 0.780248
0.604057 0.772487
0.669341 0.769348
0.70354 0.6776
0.699741 0.693029
0.636121 0.744134
0.697006 0.676932
0.749053 0.73719
0.693381 0.678937
0.757889 0.685076
0.76603 0.655923
0.731546 0.697696
0.739947 0.391153
0.732453 0.509878
0.717732 0.578473
0.736255 0.696332
0.602828 0.686299
0.582508 0.641988
0.644793 0.607543
0.674989 0.534662
0.754367 0.565914
0.695223 0.356619
0.643783 0.495266
0.657316 0.466734
0.636037 0.613927
0.659541 0.580551
0.613612 0.637281
0.672389 0.673962
0.667893 0.48295
0.72032 0.571816
0.692615 0.498203
0.67501 0.686551
0.706837 0.788461
0.552552 0.735176
0.356529 0.727463
0.306534 0.668406
0.402698 0.553188
0.504545 0.616912
0.450836 0.758038
0.575558 0.724856
0.645089 0.590554
0.660889 0.6812
0.75705 0.64507
0.696228 0.591358
0.678823 0.599329
0.746568 0.609138
0.674606 0.719218
0.755814 0.620632
0.698886 0.648947
0.756564 0.627492
0.743082 0.769219
0.68281 0.620325
0.655995 0.668134
0.616548 0.707077
0.5627 0.639649
0.648276 0.710354
0.690633 0.630351
0.717981 0.507369
0.727178 0.525513
0.645114 0.456155
0.518014 0.690949
0.569158 0.577195
0.604136 0.621957
0.644681 0.653901
0.619436 0.680636
0.554605 0.65048
0.377602 0.597404
0.613228 0.653679
0.752112 0.559968
0.668631 0.752464
0.729691 0.687119
0.67353 0.636837
0.645552 0.586701
0.700488 0.652002
0.709024 0.695132
0.586452 0.702464
0.636249 0.67291
0.597691 0.667007
0.66473 0.597486
0.663407 0.599165
0.656789 0.72249
0.684958 0.630795
0.714349 0.747932
0.712698 0.693667
0.696213 0.690285
0.711877 0.676698
0.743544 0.507407
0.765363 0.636302
0.745367 0.630825
0.572155 0.643306
0.675745 0.583146
0.695628 0.611413
0.649673 0.660234
0.721409 0.69656
0.610969 0.603373
0.582892 0.604013
0.630977 0.625896
0.529347 0.68856
0.515128 0.683778
0.575511 0.805375
0.42995 0.647698
0.400506 0.729098
0.182223 0.790168
0.363467 0.769555
0.401225 0.833492
0.580006 0.769417
0.770795 0.563636
0.777668 0.585171
0.731373 0.520098
0.792899 0.550758
0.808076 0.414349
0.689174 0.604967
0.591072 0.590159
0.47901 0.649147
0.625403 0.634321
0.727883 0.743589
0.725602 0.61377
0.6999 0.69773
0.699586 0.672644
0.703548 0.534703
0.677818 0.460777
0.757389 0.452219
0.681483 0.24951
0.719395 0.224288
0.759873 0.549697
0.644017 0.419543
0.79255 0.574588
0.774298 0.581257
0.706755 0.552655
0.702595 0.599296
0.699585 0.48294
0.383662 0.583838
0.649318 0.64444
0.653317 0.709705
0.724326 0.687089
0.564245 0.633738
0.664662 0.516966
0.734025 0.543156
0.738214 0.463471
0.739061 0.421857
0.784369 0.57455
0.691322 0.593056
0.461472 0.657059
0.550294 0.653457
0.577181 0.710875
0.591321 0.729279
0.758075 0.712501
0.725701 0.716732
0.614646 0.652413
0.651765 0.594255
0.604596 0.613248
0.591857 0.545003
0.643956 0.704784
0.773454 0.697792
0.741581 0.615602
0.701234 0.715894
0.512621 0.626375
0.588528 0.560564
0.639762 0.600186
0.581223 0.699925
0.705404 0.658538
0.728349 0.499276
0.680911 0.72619
0.619312 0.604063
0.717391 0.634927
0.717349 0.554245
0.676228 0.515193
0.648857 0.68833
0.585973 0.797639
0.724363 0.730545
0.435452 0.646275
0.505485 0.696187
0.645144 0.748184
0.773653 0.607878
0.757359 0.477762
0.761943 0.607882
0.766167 0.598145
0.708432 0.634804
0.674178 0.680567
0.676984 0.617378
0.599035 0.501197
0.500431 0.62783
0.451949 0.693185
0.526958 0.607989
0.599729 0.634729
0.49338 0.620018
0.543165 0.570515
0.441432 0.577728
0.599212 0.551357
0.593117 0.464554
0.594495 0.636721
0.629187 0.665072
0.591337 0.747326
0.54928 0.685959
0.423732 0.677427
0.522803 0.759633
0.462426 0.718381
0.474837 0.75255
0.56704 0.648999
0.639938 0.533286
0.627457 0.738629
0.707522 0.710277
0.573559 0.679519
0.719231 0.707784
0.718402 0.672495
0.644044 0.6572
0.608523 0.743893
0.497025 0.722453
0.659684 0.700878
0.721271 0.588318
0.610861 0.700509
0.686344 0.752684
0.672005 0.642519
0.654423 0.604535
0.792196 0.569032
0.785953 0.504651
0.714779 0.667218
0.692785 0.698567
0.550609 0.743897
0.608019 0.670313
0.583043 0.415601
0.56338 0.45478
0.667048 0.486638
0.530931 0.653661
0.455068 0.702492
0.459227 0.734714
0.578989 0.73332
0.612751 0.728083
0.636495 0.578104
0.706502 0.512016
0.713561 0.624107
0.676528 0.551856
0.670359 0.599099
0.598299 0.670136
0.56508 0.671951
0.635302 0.719266
0.68415 0.733524
0.67743 0.569373
0.620748 0.617273
0.498746 0.733699
0.45829 0.472664
0.581843 0.675799
0.368349 0.719831
0.475382 0.687164
0.604927 0.744958
0.53921 0.566505
0.533041 0.661283
0.749523 0.731841
0.603521 0.591313
0.593284 0.535577
0.690409 0.55867
0.62708 0.659339
0.704119 0.672643
0.584056 0.663694
0.711272 0.641096
0.575344 0.655648
0.57295 0.642941
0.614371 0.444109
0.540461 0.570206
0.509369 0.594062
0.724735 0.542538
0.68425 0.699577
0.612307 0.72363
0.572324 0.792016
0.522712 0.688948
0.58294 0.647563
0.576716 0.698594
0.548905 0.690418
0.545786 0.691021
0.584348 0.699059
0.586563 0.635514
0.626893 0.565856
0.734881 0.557955
0.753914 0.598255
0.771528 0.499524
0.719434 0.378311
0.702075 0.614447
0.713588 0.672353
0.748417 0.702824
0.742645 0.561834
0.695415 0.339715
0.660311 0.248603
0.632044 0.312071
0.735136 0.249967
0.618035 0.134686
0.675354 0.258661
0.531786 0.390339
0.431666 0.627157
0.443347 0.541479
0.384533 0.688463
0.371794 0.717339
0.131226 0.736366
0.331615 0.714768
0.398773 0.656189
0.281271 0.713259
0.385949 0.700405
0.54541 0.686413
0.39318 0.734393
0.431456 0.642931
0.54215 0.652894
0.421171 0.707133
0.517981 0.609522
0.64229 0.695084
0.603006 0.750082
0.548104 0.771494
0.626151 0.756767
0.578402 0.691146
0.658462 0.732486
0.646453 0.677375
0.614879 0.442299
0.701242 0.529057
0.702046 0.358088
0.692807 0.180569
0.563642 0.307489
0.53971 0.300628
0.48604 0.489573
0.663765 0.299387
0.574692 0.288333
0.582227 0.400517
0.579754 0.592434
0.515836 0.786553
0.686318 0.760722
0.610425 0.778301
0.614727 0.798723
0.601972 0.695991
0.610937 0.67298
0.574681 0.683563
0.620445 0.657229
0.6277 0.662681
0.693307 0.690831
0.740644 0.688707
0.718588 0.54811
0.72651 0.660726
0.619187 0.687909
0.555125 0.729325
0.702737 0.514693
0.671055 0.451073
0.665919 0.476968
0.661652 0.367605
0.740865 0.455573
0.743975 0.301217
0.800652 0.283403
0.744068 0.359121
0.6537 0.481209
0.626296 0.670587
0.639485 0.617747
0.637642 0.614961
0.640616 0.604501
0.752649 0.583221
0.664111 0.471387
0.6692 0.528458
0.617164 0.597043
0.688818 0.555212
0.596875 0.740816
0.663313 0.734631
0.562867 0.810649
0.510727 0.668405
0.25214 0.741823
0.391664 0.710874
0.324868 0.609712
0.551261 0.591991
0.650935 0.650497
0.743229 0.646639
0.69937 0.490118
0.802041 0.471797
0.755224 0.698542
0.733859 0.666897
0.741376 0.622261
0.736322 0.66616
0.739645 0.621532
0.707779 0.432246
0.735658 0.295769
0.66736 0.299277
0.627783 0.406934
0.6171 0.466407
0.714965 0.45678
0.654625 0.392336
0.711995 0.47105
0.747168 0.43961
0.648093 0.570795
0.665478 0.416541
0.680155 0.542319
0.704212 0.511815
0.701399 0.600574
0.786779 0.616343
0.747812 0.501278
0.729684 0.396719
0.649903 0.460949
0.53901 0.639897
0.656708 0.604907
0.633795 0.573739
0.677989 0.698275
0.589126 0.632166
0.641077 0.552245
0.622408 0.681905
0.488946 0.651087
0.403234 0.682972
0.545904 0.538781
0.663461 0.517204
0.621516 0.406652
0.632695 0.355611
0.718477 0.184582
0.746627 0.217759
0.714267 0.413044
0.700005 0.529586
0.707331 0.516076
0.733216 0.576835
0.578559 0.732935
0.638177 0.680566
0.567695 0.751327
0.600458 0.711662
0.605619 0.711174
0.585601 0.713891
0.455927 0.630331
0.350895 0.707631
0.5385 0.58278
0.437416 0.636188
0.557618 0.638384
0.605887 0.63265
0.600407 0.425633
0.716315 0.583376
0.670689 0.581259
0.682475 0.764103
0.699547 0.69975
0.601367 0.693314
0.501461 0.789099
0.570335 0.516221
0.577603 0.744721
0.703974 0.577457
0.659034 0.514643
0.635469 0.416981
0.495919 0.488933
0.527651 0.452396
0.754484 0.407226
0.785918 0.411778
0.66131 0.728412
0.571208 0.688102
0.580273 0.704087
0.617106 0.668822
0.747468 0.655988
0.625772 0.663424
0.720732 0.618579
0.56323 0.535033
0.706543 0.722838
0.536995 0.714274
0.684956 0.565298
0.718631 0.653139
0.690664 0.630618
0.683101 0.750214
0.671054 0.478688
0.694728 0.526144
0.692715 0.527771
0.639479 0.642801
0.628559 0.585927
0.672954 0.654218
0.770766 0.709729
0.651017 0.556229
0.61889 0.631063
0.570555 0.714173
0.523053 0.711923
0.581951 0.751241
0.727993 0.756685
0.69226 0.569532
0.672322 0.591582
0.579727 0.712269
0.617173 0.744521
0.618881 0.739536
0.68099 0.713435
0.600563 0.731736
0.432188 0.591147
0.53976 0.688652
0.409202 0.723128
0.393589 0.696269
0.569206 0.676633
0.545559 0.72347
0.629906 0.650993
0.599968 0.674809
0.674178 0.648387
0.635933 0.49624
0.564631 0.563681
0.670673 0.647699
0.644654 0.724479
0.627937 0.669792
0.651819 0.725834
0.60992 0.587537
0.560639 0.653502
0.700485 0.548852
0.692161 0.54393
0.784311 0.506943
0.725327 0.717415
0.675551 0.703661
0.578588 0.699682
0.653863 0.66377
0.631023 0.654483
0.475276 0.54038
0.630735 0.627548
0.609497 0.575837
0.740181 0.520531
0.696145 0.578541
0.726916 0.625843
0.750932 0.429546
0.715295 0.284816
0.641048 0.363627
0.720297 0.401702
0.702348 0.348529
0.761117 0.289862
0.786211 0.278225
0.755971 0.276037
0.755675 0.349085
0.762735 0.265558
0.702056 0.225759
0.649257 0.380253
0.61586 0.277943
0.705928 0.402762
0.714052 0.459226
0.678155 0.475557
0.689169 0.401186
0.614592 0.597206
0.622003 0.697314
0.707404 0.614559
0.616824 0.641678
0.656774 0.713078
0.638222 0.682968
0.628585 0.740765
0.468553 0.686389
0.411614 0.68601
0.326289 0.587232
0.41329 0.691563
0.498621 0.71433
0.630056 0.623597
0.718143 0.665981
0.551274 0.557066
0.530279 0.643472
0.621178 0.572049
0.64273 0.650879
0.658162 0.582166
0.725528 0.477046
0.721071 0.512858
0.716291 0.487716
0.660132 0.456306
0.627282 0.497246
0.655028 0.526841
0.573889 0.495975
0.608097 0.473618
0.581174 0.596386
0.606872 0.619898
0.601026 0.672716
0.504498 0.618276
0.560714 0.714873
0.616821 0.750076
0.403773 0.603644
0.450248 0.701284
0.365234 0.717174
0.221597 0.675346
0.314734 0.744113
0.314443 0.59938
0.31482 0.692049
0.648655 0.613327
0.659846 0.344638
0.693457 0.444576
0.595732 0.437257
0.630223 0.458206
0.684019 0.399114
0.817151 0.128632
0.799215 0.130774
0.800426 0.0507849
0.788184 0.246748
0.712422 0.247019
0.813251 0.214962
0.637924 0.212826
0.608623 0.239522
0.648273 0.0257367
0.674424 0.0775542
0.690282 0.281769
0.651511 0.362462
0.738431 0.328571
0.647305 0.547421
0.715999 0.42787
0.690688 0.590337
0.712841 0.671564
0.614374 0.81045
0.744785 0.712763
0.807221 0.638381
0.699924 0.589251
0.791274 0.4081
0.724938 0.34973
0.784133 0.341385
0.717966 0.295258
0.714478 0.315441
0.644549 0.27355
0.693124 0.290548
0.629379 0.335514
0.604659 0.452618
0.730154 0.333881
0.643701 0.295811
0.71181 0.242654
0.661943 0.161187
0.680902 0.366329
0.766893 0.333485
0.722014 0.2845
0.792895 0.523271
0.753843 0.545956
0.659219 0.513138
0.617142 0.494992
0.726661 0.696053
0.708979 0.7162
0.670663 0.737796
0.581559 0.752505
0.721571 0.698164
0.554032 0.663527
0.645101 0.688215
0.623554 0.671958
0.691737 0.632639
0.669969 0.576941
0.574239 0.719272
0.562594 0.686242
0.584142 0.638391
0.694656 0.663156
0.677373 0.677993
0.672728 0.671702
0.779027 0.688013
0.704311 0.731414
0.635017 0.6775
0.521287 0.658776
0.506365 0.577409
0.385117 0.701513
0.158727 0.582991
0.219186 0.576691
0.399625 0.615452
0.304284 0.551477
0.202157 0.608669
0.235282 0.66365
0.353356 0.55512
0.451312 0.659479
0.646415 0.485493
0.60898 0.46918
0.726292 0.566688
0.706506 0.631398
0.533988 0.635236
0.409524 0.653642
0.475789 0.786605
0.500664 0.760744
0.467166 0.783875
0.429383 0.780457
0.751445 0.668167
0.678522 0.717332
0.682236 0.694777
0.612319 0.71166
0.736704 0.713271
0.734413 0.602823
0.727622 0.52808
0.710111 0.458449
0.800283 0.177281
0.799451 0.0769723
0.56758 0.325451
0.678792 0.423384
0.691671 0.413084
0.765984 0.395968
0.797257 0.487396
0.724862 0.558439
0.563126 0.568219
0.666196 0.65796
0.574503 0.698698
0.564062 0.716159
0.544742 0.635486
0.537962 0.725408
0.597052 0.664546
0.655151 0.768921
0.687974 0.653246
0.737856 0.5897
0.672759 0.658524
0.669951 0.471063
0.698578 0.493847
0.693752 0.557888
0.661595 0.721891
0.694193 0.756226
0.557629 0.687742
0.548634 0.695319
0.620169 0.695688
0.652286 0.612395
0.633476 0.704014
0.824599 0.673274
0.672226 0.710698
0.697402 0.40627
0.652785 0.474227
0.664917 0.386046
0.62643 0.565597
0.734654 0.654415
0.634255 0.645561
0.646992 0.655039
0.667708 0.734414
0.656777 0.613002
0.688492 0.695196
0.653992 0.696786
0.585587 0.717088
0.603975 0.783896
0.680301 0.717136
0.652143 0.706545
0.625507 0.740415
0.742277 0.581531
0.69355 0.581233
0.662195 0.591513
0.703487 0.671755
0.630774 0.606303
0.745049 0.635267
0.647672 0.683162
0.726392 0.587991
0.669953 0.618058
0.739195 0.54352
0.785034 0.619253
0.62677 0.803275
0.60896 0.759484
0.717694 0.7261
0.629458 0.773839
0.62005 0.647395
0.57469 0.60102
0.676375 0.719166
0.666237 0.676623
0.671309 0.591668
0.73357 0.627954
0.660923 0.614703
0.631476 0.617602
0.64655 0.760523
0.648659 0.728875
0.648887 0.619026
0.608219 0.609443
0.648406 0.468823
0.573228 0.557952
0.617147 0.499429
0.711392 0.447337
0.770668 0.169528
0.796181 0.370756
0.786305 0.464219
0.697395 0.259429
0.742771 0.271929
0.66481 0.291953
0.706193 0.469463
0.754272 0.527047
0.726917 0.592741
0.778493 0.551486
0.777428 0.505312
0.712731 0.503759
0.799885 0.592623
0.714357 0.477079
0.739136 0.504551
0.745307 0.505439
0.703526 0.489089
0.639711 0.720832
0.575922 0.62325
0.686308 0.604618
0.650816 0.588456
0.709437 0.509482
0.753241 0.383609
0.777309 0.422911
0.734424 0.376072
0.61545 0.410584
0.647109 0.30153
0.603629 0.499595
0.629031 0.562749
0.588584 0.670742
0.39352 0.669751
0.413736 0.681538
0.515036 0.499583
0.605828 0.60237
0.617318 0.576285
0.693033 0.541341
0.71785 0.655131
0.78538 0.445348
0.700744 0.602115
0.669683 0.74617
0.673115 0.674997
0.556497 0.62615
0.509746 0.577287
0.646333 0.631634
0.555484 0.627925
0.515025 0.728887
0.40505 0.568851
0.362098 0.694646
0.533457 0.69516
0.626875 0.604168
0.522121 0.588299
0.645001 0.414711
0.713854 0.429302
0.717268 0.239028
0.699243 0.288301
0.675488 0.453545
0.712233 0.505695
0.615386 0.615348
0.47408 0.675151
0.589855 0.617945
0.735328 0.679421
0.720663 0.69954
0.592445 0.679882
0.652392 0.741684
0.700855 0.581611
0.780553 0.567908
0.695473 0.59167
0.66198 0.601457
0.64199 0.612873
0.692248 0.767126
0.637522 0.502157
0.609101 0.723821
0.50395 0.682434
0.654314 0.698337
0.574674 0.700936
0.541144 0.511014
0.4852 0.421982
0.272099 0.685415
0.403979 0.544577
0.371344 0.568566
0.272672 0.598969
0.511884 0.657245
0.682554 0.704229
0.621755 0.627165
0.590007 0.658213
0.536211 0.682228
0.420893 0.639258
0.51806 0.680824
0.588669 0.71368
0.475074 0.656375
0.60895 0.680385
0.631699 0.660275
0.542773 0.626011
0.471841 0.635275
0.613932 0.611956
0.472337 0.63763
0.703453 0.658484
0.64287 0.655744
0.563465 0.711343
0.440646 0.689044
0.623187 0.675363
0.585794 0.659028
0.643001 0.737587
0.690544 0.706403
0.677593 0.606629
0.700176 0.633804
0.732887 0.607258
0.662413 0.668321
0.67078 0.719741
0.676842 0.595586
0.654525 0.635212
0.572768 0.592689
0.578633 0.599676
0.578474 0.682684
0.608722 0.754111
0.676146 0.679262
0.56408 0.547965
0.63175 0.409506
0.599828 0.645035
0.608375 0.526699
0.686695 0.614566
0.750957 0.573316
0.796671 0.205589
0.735365 0.236276
0.69542 0.379588
0.726786 0.323239
0.690914 0.314329
0.65263 0.285941
0.673579 0.368478
0.587068 0.461794
0.685591 0.500241
0.654335 0.456613
0.687781 0.530827
0.717312 0.271442
0.695609 0.516754
0.595537 0.30054
0.596336 0.273418
0.556814 0.391196
0.731843 0.484263
0.744884 0.371801
0.708104 0.372639
0.72015 0.382016
0.678617 0.555278
0.557012 0.766964
0.541824 0.759062
0.598505 0.746924
0.565548 0.683692
0.608876 0.693925
0.527285 0.628034
0.729877 0.635802
0.540101 0.524698
0.628371 0.567361
0.561589 0.649762
0.600108 0.701425
0.695581 0.621323
0.460479 0.703666
0.612132 0.640248
0.680757 0.681023
0.569889 0.593781
0.633878 0.628403
0.709885 0.516175
0.752556 0.5013
0.76315 0.51286
0.652642 0.533874
0.538048 0.736962
0.598033 0.716556
0.595469 0.646669
0.630497 0.544758
0.634494 0.634813
0.583177 0.634159
0.607059 0.652229
0.542452 0.661403
0.495433 0.769715
0.489034 0.639727
0.453843 0.523165
0.288782 0.560737
0.270363 0.585456
0.307448 0.627741
0.262242 0.688099
0.292195 0.692338
0.330172 0.70907
0.374145 0.657755
0.400591 0.573339
0.44774 0.463157
0.409921 0.506455
0.65894 0.505737
0.596887 0.514463
0.643752 0.714205
0.625992 0.631164
0.738185 0.728134
0.675702 0.721677
0.727382 0.715304
0.721721 0.661915
0.688603 0.625442
0.718134 0.610361
0.61282 0.675342
0.610979 0.635297
0.570419 0.688782
0.395706 0.698106
0.456802 0.589542
0.418745 0.382539
0.624649 0.454245
0.558496 0.397868
0.670361 0.422218
0.59966 0.533077
0.56862 0.686746
0.619297 0.73746
0.469396 0.71166
0.543816 0.62709
0.685169 0.538624
0.693458 0.521006
0.568483 0.624397
0.807054 0.556098
0.751379 0.697343
0.593456 0.711049
0.747145 0.533708
0.665324 0.664885
0.651612 0.690336
0.481912 0.636447
0.545731 0.610993
0.629052 0.666393
0.654041 0.417274
0.718157 0.446896
0.711907 0.54341
0.738595 0.367354
0.59625 0.481566
0.653604 0.710726
0.734788 0.793469
0.640493 0.610297
0.716024 0.58134
0.620572 0.558373
0.660504 0.609167
0.666842 0.638929
0.647853 0.549222
0.673565 0.513197
0.779912 0.499091
0.762504 0.606392
0.581257 0.717701
0.573652 0.75737
0.630469 0.730472
0.679105 0.655289
0.564089 0.703556
0.639426 0.638552
0.703499 0.700204
0.73317 0.550076
0.71573 0.637003
0.709532 0.62704
0.646727 0.56605
0.646422 0.69483
0.594302 0.721292
0.705826 0.6894
0.668124 0.713614
0.607648 0.74752
0.615243 0.724447
0.531567 0.748711
0.695144 0.721633
0.671459 0.67384
0.665693 0.688575
0.710314 0.651522
0.721288 0.565981
0.792983 0.574988
0.712469 0.341633
0.662091 0.409865
0.613138 0.564105
0.702233 0.655418
0.561745 0.635989
0.625543 0.696432
0.562326 0.655084
0.633249 0.754983
0.73933 0.625741
0.648564 0.678425
0.693607 0.656842
0.721192 0.737247
0.639922 0.721189
0.710174 0.531142
0.721542 0.46349
0.70426 0.660302
0.560584 0.70903
0.505076 0.705239
0.45617 0.70309
0.602447 0.588988
0.557366 0.677048
0.519866 0.78948
0.510567 0.673802
0.6426 0.689278
0.618611 0.754954
0.504925 0.716739
0.665889 0.784112
0.741965 0.66998
0.6266 0.694091
0.671781 0.638174
0.676468 0.566748
0.766372 0.679405
0.748863 0.63234
0.574148 0.595772
0.583725 0.73528
0.566499 0.759643
0.573197 0.755726
0.445752 0.671376
0.568207 0.628403
0.542908 0.757777
0.509949 0.65693
0.698199 0.61997
0.759273 0.603619
0.718262 0.457984
0.779426 0.603236
0.690606 0.614227
0.645372 0.593386
0.619228 0.676145
0.685375 0.698489
0.553522 0.682333
0.335933 0.707055
0.470695 0.551524
0.374903 0.609149
0.339204 0.73541
0.360966 0.72493
0.385006 0.698808
0.519415 0.725924
0.56276 0.689795
0.628236 0.617629
0.438708 0.731034
0.315394 0.725285
0.344641 0.689518
0.470745 0.770651
0.415232 0.630088
0.278565 0.53732
0.375695 0.716099
0.389454 0.726323
0.391313 0.681929
0.47022 0.730281
0.501153 0.757135
