2.26353150 0.63857369 0.54229348 0.76956068
3.97177391 0.80691386 2.05854052 0.59066913
2.49632644 0.66380547 1.06558318 0.74790527
2.03510916 0.69485616 0.26417411 0.71914874
-4.26130288 0.90981497 0.65046238 0.41501412
2.37683490 0.83080210 0.97090532 0.55656794
2.61824157 0.78146883 0.65548427 0.62394429
2.63339305 0.80718586 1.07786015 0.59029737
-3.52692349 0.61930657 1.14339843 0.78514927
2.06986868 0.70535734 0.81295687 0.70885190
-4.63120116 0.88038863 0.92274080 0.47425295
3.32126593 0.97382961 -0.34247988 0.22727930
-4.20684216 0.99812657 -0.09180199 0.06118292
1.48499280 0.80952000 2.79708678 0.58709231
1.70423019 0.60932097 3.05926732 0.79292368
2.31189297 0.17476807 1.90695237 0.98460963
-2.87926062 0.50309360 1.08909535 0.86423193
-3.74703172 0.62248638 0.37365494 0.78263063
1.58662424 0.48074787 -0.05759954 0.87685888
1.20826856 0.85376717 -0.59912736 0.52065500
1.92484077 0.70685444 0.23255733 0.70735903
2.82598185 0.77972359 1.02812421 0.62612389
2.81573078 0.72054129 1.04698065 0.69341204
2.95182594 0.73295679 1.73484246 0.68027520
2.34611096 0.84948423 0.83420609 0.52761401
2.32937820 0.74356679 0.64832087 0.66866167
1.82465988 0.59525314 0.20598552 0.80353824
2.56899438 0.79073501 1.00755555 0.61215859
2.45771676 0.76208505 0.72970156 0.64747693
2.19810361 0.79270725 0.73456237 0.60960251
1.96720279 0.82638367 0.82671058 0.56310747
2.95218081 0.64443859 1.28662210 0.76465607
3.20539169 0.96496540 1.49888127 0.26237717
-2.43705051 0.74232883 -3.81979227 0.67003575
-2.34381787 0.56258299 3.16686588 0.82674081
-2.43224239 0.65245104 1.59053314 0.75783088
2.56163155 0.62798162 0.62761959 0.77822817
-3.61281046 0.91337579 -2.80476848 0.40711751
-4.71879559 0.42886133 -0.21049103 0.90337033
1.74341094 0.80972240 -0.15636755 0.58681312
2.84448986 0.80372452 -4.31305188 0.59500159
2.76988582 0.78750072 1.87027619 0.61631373
2.70027471 0.84940931 1.19775424 0.52773462
-2.49910098 0.61024430 2.08646058 0.79221329
-3.03541270 0.67956501 1.88771270 0.73361529
3.49872643 0.51298120 0.23305029 0.85839984
2.61939718 0.74789564 -5.21978581 0.66381632
-3.45702696 0.78175536 0.55000890 0.62358524
2.18307391 0.85600351 0.74030570 0.51697001
2.03063566 0.71707329 -0.02849033 0.69699777
2.16562105 0.75124479 0.54671316 0.66002368
-4.43629417 0.83930601 0.84887971 0.54365928
2.92397379 0.92097009 0.77303768 0.38963327
-4.03306634 0.42242336 -5.53935423 0.90639865
2.98358791 0.77385303 -5.16827038 0.63336521
1.79004092 0.91153553 0.51512609 0.41122131
2.50181297 0.78804929 -5.97089433 0.61561215
-5.21913202 0.93884526 -3.46726696 0.34433935
1.86540938 0.66491158 0.66203914 0.74692208
1.74195853 0.58566876 0.10516009 0.81055049
2.58906654 0.69347991 1.24521911 0.72047596
3.29283177 0.75777631 1.36817049 0.65251442
-3.48889284 0.75051711 1.51449732 0.66085102
-2.90799801 0.81889014 2.01436840 0.57395029
3.79810779 0.67434454 2.11867436 0.73841685
-2.73938500 0.57385035 0.65359243 0.81896018
1.40067087 0.82332392 -0.58605959 0.56757178
1.92517463 0.87735405 -0.67215994 0.47984359
-4.82392347 0.73922509 -0.30880768 0.67345843
2.16298689 0.77527653 0.27821536 0.63162196
3.04250946 0.72565864 1.59661794 0.68805490
3.24107797 0.67095070 1.65604964 0.74150196
-2.72100291 0.92895310 -4.94423154 0.37019743
-0.77823360 0.60238030 0.77676314 0.79820923
-4.20668251 0.46025468 0.16581356 0.88778693
-3.85157791 0.41898770 1.04282829 0.90799191
-2.46259775 0.48373075 1.69018725 0.87521687
-4.33514869 0.65722073 3.38312671 0.75369816
1.25053561 0.65155344 2.35677110 0.75860274
1.47004892 0.73644676 0.28230527 0.67649550
3.22923447 0.63383165 1.59051142 0.77347104
-2.94464464 0.89911927 1.26382856 0.43770371
3.62248729 0.59340974 1.89911809 0.80490054
4.31322318 0.97708850 2.52196962 0.21283341
3.76944363 0.53886209 1.32700484 0.84239400
-4.09223592 0.83188269 4.32763875 0.55495152
-3.55571797 0.48250933 -1.87658928 0.87589083
1.98104960 0.66840459 -1.44215777 0.74379789
1.78371890 0.69753739 0.41031363 0.71654839
1.73856359 0.84532150 -0.02678113 0.53425795
3.60018391 0.59628527 1.53261634 0.80277261
-3.34555110 0.76575885 1.53954094 0.64312781
-2.76193689 0.66563266 1.30765395 0.74627955
-3.51170780 0.85456732 0.95835546 0.51934064
-3.00923266 0.66274446 -4.54940285 0.74884563
2.11151787 0.43132149 0.43595097 0.90219830
2.49245475 0.74237926 1.64833907 0.66997988
-4.19722162 0.94933654 2.17428186 0.31426125
-3.99201644 0.98764751 0.85740697 0.15669203
2.53020724 0.53630933 0.76366993 0.84402151
-4.30580045 0.79403731 0.71737591 0.60786903
2.69930300 0.85418611 1.53132643 0.51996740
0.97430616 0.40314634 1.80470494 0.91513553
-3.13213088 0.47827909 1.40356547 0.87820790
2.43707818 0.86122901 1.24329926 0.50821707
-4.53210290 0.80313136 -0.36550764 0.59580200
-5.41099452 0.73716013 -0.70462720 0.67571810
1.49797993 0.81336440 0.01967658 0.58175455
1.78371670 0.48308980 0.34371538 0.87557081
1.96914370 0.67885406 -0.12967359 0.73427322
2.56343195 0.77607282 1.41433565 0.63064330
3.20161713 0.56167911 -4.85113405 0.82735517
-3.15307431 0.40284661 2.32988217 0.91526750
3.37096152 0.72352205 1.16671590 0.69030127
3.69384945 0.83455469 1.96891369 0.55092510
-3.96754033 0.83348487 1.09750997 0.55254228
-3.75900407 0.78635803 1.57447347 0.61777104
2.99846622 0.91430458 0.85935501 0.40502733
-3.55244547 0.58555938 1.50860838 0.81062952
2.91877970 0.73324783 0.95963950 0.67996148
2.07906043 0.66113195 0.20919241 0.75026965
-4.20875345 0.74608306 0.22822733 0.66585289
0.32396937 0.78802886 2.13895642 0.61563830
1.74752258 0.33931490 0.92108652 0.94067284
-3.46899709 0.77721819 1.49004314 0.62923119
1.69625463 0.41663161 -0.97377275 0.90907541
-5.39921634 0.30329002 -0.39553677 0.95289830
1.26084831 0.58017627 -0.13924750 0.81449094
-4.76473920 0.50961020 -0.42580518 0.86040540
2.11733079 0.84646909 1.20327592 0.53243787
0.23318359 0.55306415 1.61619428 0.83313867
-0.05885670 0.78203790 1.77404850 0.62323087
2.58199634 0.37596420 1.28546709 0.92663419
3.46378142 0.98225898 0.37931772 0.18752945
-3.31624453 0.80032992 1.35209470 0.59955985
-3.39824106 0.70018014 1.42328960 0.71396623
-3.83043486 0.80472952 0.68410215 0.59364164
1.80135051 0.53519894 0.81266596 0.84472605
-3.75289672 0.87990640 0.70864544 0.47514706
2.27686409 0.37001813 0.44711970 0.92902453
-3.29483967 0.78314419 0.93400792 0.62184016
2.56054534 0.57414548 0.93339866 0.81875330
5.00511171 0.21274371 0.75306673 0.97710804
0.76702037 0.78963203 0.09677613 0.61358068
-3.94981890 0.98544958 4.14236428 0.16996800
2.62466522 0.94536036 1.10324940 0.32602729
2.53999106 0.91982271 1.14259980 0.39233428
-5.22282029 0.63636016 -0.28307086 0.77139208
-0.01401083 0.57292515 1.13382482 0.81960769
1.22491832 0.81153058 2.49623945 0.58430995
-0.17405673 0.50412953 1.85182801 0.86362806
1.79059875 0.75883290 0.20669639 0.65128537
2.03320959 0.73683040 0.36154582 0.67607763
3.03358180 0.61650541 1.04030748 0.78735067
2.68853840 0.77316392 1.81126658 0.63420624
-4.02834717 0.38779271 0.63012493 0.92174661
-4.13431491 0.80436413 1.06249744 0.59413664
2.10205486 0.54595963 0.81804626 0.83781148
2.69846074 0.62801491 1.45336488 0.77820131
2.61758240 0.79677137 1.25173106 0.60428088
2.78978465 0.66154805 1.04975780 0.74990278
-3.89028174 0.84515594 0.37782884 0.53451982
5.24038143 0.53390894 1.10735086 0.84554198
2.19429084 0.77612751 0.52923819 0.63057600
2.51806220 0.98304106 -3.06016156 0.18338559
2.30751510 0.75706868 0.75009016 0.65333530
1.91056619 0.72766888 0.06031117 0.68592856
1.60181759 0.68725255 -0.11933325 0.72641857
0.96495057 0.94955067 1.69590470 0.31361365
2.38974740 0.78423010 0.34407519 0.62047010
5.16341531 0.26947467 0.04829648 0.96300748
-4.57071990 0.58198760 0.81388953 0.81319766
0.84366005 0.67928577 -4.26850793 0.73387386
-3.61098949 0.83617576 0.91949606 0.54846158
2.24300612 0.78480224 0.58060861 0.61974628
2.32777882 0.82461133 0.01295878 0.56569971
2.26354833 0.49590679 0.82963342 0.86837576
1.76111314 0.79179849 0.71796525 0.61078241
-3.59705167 0.61265881 0.84730143 0.79034751
0.07595906 0.35543787 1.63116540 0.93469991
3.55704730 0.63971014 5.14595080 0.76861625
4.11151457 0.47763437 -0.69772560 0.87855871
0.54000189 0.58361633 -0.34041180 0.81202955
-1.42062656 0.30819185 -0.12201286 0.95132423
2.39569164 0.66876421 1.00158876 0.74347456
-4.10309955 0.65979934 0.44224701 0.75144183
1.45139799 0.77016442 -0.18969254 0.63784541
2.43915584 0.59200690 0.45351105 0.80593289
2.91832202 0.61880238 -5.17610888 0.78554670
-3.48743965 0.65595601 1.38419370 0.75479912
-3.64011461 0.62189384 0.83103117 0.78310156
3.09567543 0.94323953 1.93013484 0.33211321
-5.02457029 0.81956037 -0.52740606 0.57299285
1.54936018 0.79403949 0.14784557 0.60786617
2.16507075 0.68828423 0.79144255 0.72544112
1.00550882 0.10491431 -5.31814986 0.99448127
2.32337698 0.75164206 0.45526282 0.65957124
-4.55579843 0.83554281 0.34761203 0.54942535
-3.51680106 0.78905715 1.16373483 0.61431980
2.76636740 0.51353248 0.86764254 0.85807016
-3.09208426 0.95427072 -0.33926767 0.29894380
4.77828799 0.52655309 0.08389100 0.85014225
0.40502707 0.43186650 -1.26114875 0.90193754
2.09811489 0.51525088 0.77330105 0.85703940
1.34270693 0.70571169 0.58099819 0.70849912
2.43288467 0.74653929 0.70112501 0.66534133
-3.45638667 0.55193310 1.23739701 0.83388839
-3.63655094 0.52187841 1.58210954 0.85301989
-3.36276693 0.80443513 1.25243517 0.59404050
2.66317895 0.75133856 0.73174549 0.65991695
1.68910372 0.71789984 0.20059039 0.69614640
-2.75135446 0.88054199 5.96734660 0.47396815
-2.34612460 0.46821865 5.22084140 0.88361264
3.33321443 0.49873123 -1.10139535 0.86675669
3.14992991 0.62699823 -1.61050847 0.77902068
-2.79759067 0.62555507 1.90818397 0.78018002
2.48036968 0.76797764 1.03665587 0.64047666
-3.35528576 0.72337609 1.20243726 0.69045422
-2.87983194 0.81915527 1.88679435 0.57357184
3.43697360 0.93010429 2.14828385 0.36729554
-3.46996718 0.72318095 2.18819716 0.69065861
2.29032559 0.47922164 0.70143571 0.87769392
-1.67093929 0.48413054 0.26460359 0.87499579
1.46877244 0.33676421 0.37637639 0.94158901
1.70193967 0.71316078 0.17738153 0.70100050
2.07697480 0.80533049 0.50207472 0.59282611
-4.09588489 0.89564300 0.37417495 0.44477366
3.43839233 0.67336180 1.93320038 0.73931312
3.67004789 0.64983821 2.12628945 0.76007257
2.89705970 0.64626576 1.05291899 0.76311242
-3.57432109 0.67758020 0.58032096 0.73544889
-4.09938544 0.61030283 0.83607806 0.79216820
-3.78974574 0.69847398 0.74802692 0.71563545
2.08727966 0.75422973 0.62709767 0.65661062
2.97293397 0.60534756 -1.25914673 0.79596126
2.45911257 0.49604866 1.29790610 0.86829473
1.87465526 0.27777957 1.66620915 0.96064484
1.91704698 0.83352516 0.80954052 0.55248150
3.23878645 0.64897573 1.31715961 0.76080911
3.23332343 0.76209633 1.50043706 0.64746366
-0.53679351 0.21296124 1.42589909 0.97706065
-2.92705055 0.25844139 1.66916326 0.96602694
5.27879707 0.78397855 0.71151980 0.62078791
0.02758817 0.81204683 0.24853458 0.58359228
-4.36840878 0.25094251 0.28885064 0.96800199
1.65589252 0.68742615 0.07433044 0.72625429
1.92987159 0.79286368 0.30078072 0.60939904
3.03706283 0.58465956 1.78689162 0.81127874
-4.60554746 0.87413917 1.14760217 0.48567552
-3.86014060 0.71905569 0.45672615 0.69495245
-4.08362689 0.92582782 3.55116580 0.37794555
2.35588232 0.70259932 1.22329634 0.71158569
2.74793878 0.65873348 1.15455111 0.75237637
2.89325277 0.69162981 1.22559669 0.72225217
2.64055645 0.99454590 2.45406814 0.10429981
1.97777176 0.61015064 0.68902566 0.79228543
-2.85684216 0.79998131 2.08027045 0.60002491
3.51709485 0.73599180 2.46659739 0.67699045
3.78706124 0.51880994 1.86583814 0.85488961
3.21008406 0.85614105 1.95157024 0.51674220
-2.82753643 0.71317453 1.24668570 0.70098651
3.39928680 0.66272436 1.20590509 0.74886342
5.36699973 0.65059575 -0.09168672 0.75942424
5.34278905 0.61217380 0.26765156 0.79072324
-2.40032213 0.37333119 1.34915798 0.92769813
-0.68236744 0.57626251 -6.10200689 0.81726465
-3.82467351 0.73239840 0.75050966 0.68087634
2.65229372 0.59290514 0.71340146 0.80527231
1.60778148 0.64141359 0.09093356 0.76719529
1.74737324 0.33402447 0.43019090 0.94256440
-4.70509330 0.43871250 0.59344160 0.89862748
2.79223484 0.91185961 0.69373577 0.41050219
-3.69793772 0.93451603 -0.44522096 0.35592105
-4.34244505 0.97592669 -0.21184526 0.21809882
-4.25456496 0.97576039 -1.30941684 0.21884161
1.66385364 0.87937293 0.29675628 0.47613364
-4.21019960 0.70824516 0.68555550 0.70596657
-3.84662262 0.51940090 0.97150382 0.85453069
2.94107778 0.55440282 2.03920527 0.83224847
3.09977064 0.92606336 1.59905453 0.37736806
2.79475054 0.73928590 0.86584361 0.67339169
3.12101269 0.81924705 1.40120988 0.57344074
3.45080641 0.73422779 1.16630814 0.67890320
4.07766666 0.77757935 2.44933475 0.62878482
-3.18758526 0.96208202 1.76075080 0.27276031
2.27511789 0.75051701 -5.19944143 0.66085113
-2.88566757 0.99427184 2.89729369 0.10688082
3.80240201 0.37278505 1.63368197 0.92791773
2.74876871 0.93574392 0.47833988 0.35268020
-3.40652249 0.99006374 3.43677631 0.14061929
2.29932223 0.54048177 0.97014020 0.84135573
2.95164265 0.68128501 1.01862929 0.73201826
2.49757491 0.66265193 1.21849639 0.74892751
-3.37196436 0.64358890 1.72235827 0.76537136
2.47684317 0.83624207 0.58807571 0.54836046
0.97219864 0.83302008 0.90614702 0.55324275
2.01688800 0.81301286 0.27006651 0.58224573
-4.82016738 0.51743645 0.36764563 0.85572164
-3.73407659 0.68318751 0.59820948 0.73024299
3.31266816 0.81128397 1.34130376 0.58465231
2.66034414 0.71168489 1.35427868 0.70249884
2.72995385 0.67873773 1.35309573 0.73438076
3.99680659 0.89484028 2.20268415 0.44638646
3.39751016 0.96399479 1.79197064 0.26592113
3.44432941 0.68226883 2.12179476 0.73110139
-3.51810437 0.74786125 0.68504965 0.66385507
3.58937982 0.61730976 2.41375337 0.78672019
-3.48434863 0.87350073 1.44817919 0.48682283
-3.10916228 0.76330176 -4.45117836 0.64604213
3.37022283 0.95173232 1.86911501 0.30692930
-2.45118654 0.44431280 1.91808726 0.89587172
3.44339905 0.87989330 1.34507183 0.47517132
-3.98303765 0.47032421 1.55899063 0.88249371
2.53216416 0.91524173 0.49035825 0.40290517
2.58777849 0.79442437 0.63879271 0.60736309
-3.72761146 0.39723823 0.10049572 0.91771553
2.05135905 0.54607497 0.43113801 0.83773631
4.95514300 0.41270534 0.20873396 0.91086459
2.58536976 0.56542263 1.11088328 0.82480134
2.39640206 0.75108825 0.66115459 0.66020182
-3.11946948 0.69554406 1.09426053 0.71848345
0.43738230 0.27957462 0.82967668 0.96012397
-3.58405709 0.83870261 1.35450245 0.54458969
4.42697061 0.71808773 0.36883246 0.69595259
-3.12122990 0.66996619 1.27564779 0.74239161
3.68483966 0.69192423 1.78684035 0.72197012
4.44652789 0.72241282 2.98038498 0.69146201
3.39772899 0.51646104 1.76673504 0.85631069
3.12422095 0.91216204 1.85573784 0.40982974
-2.61015603 0.69175365 2.33234375 0.72213357
2.98226099 0.70553584 1.81818645 0.70867424
2.61000498 0.63596797 1.64457091 0.77171545
2.31801383 0.83081892 0.49808520 0.55654284
1.89305513 0.86196726 0.20973314 0.50696395
1.13066167 0.69618453 1.88104033 0.71786287
2.67058544 0.54920214 0.69691452 0.83568954
2.26045591 0.76552953 0.81845139 0.64340077
-3.56884957 0.61886279 1.17096980 0.78549910
-3.90978586 0.80344454 1.27940473 0.59537960
2.19418244 0.68137604 0.41426131 0.73193353
2.01246864 0.65304392 0.54795723 0.75732003
1.72149468 0.87887239 0.64120210 0.47705694
-4.09219826 0.68421393 0.43724255 0.72928136
2.47200942 0.90185047 0.63287300 0.43204831
4.06218851 0.91114218 1.61703160 0.41209213
3.61699519 0.78660391 1.81891115 0.61745792
-2.72561623 0.67692181 2.00679349 0.73605493
3.42712908 0.50980200 2.42532917 0.86029176
-3.65365488 0.78934128 1.10524767 0.61395468
-3.44811918 0.93199174 3.88117734 0.36247950
3.55185489 0.83608044 2.45832345 0.54860688
-3.70328084 0.98764919 -5.24936970 0.15668143
2.80812312 0.84147355 -1.61035423 0.54029831
2.89155616 0.87999268 1.02071796 0.47498724
-3.53911207 0.63166092 1.48393009 0.77524479
3.42450434 0.83469070 1.84028267 0.55071902
-4.47252210 0.50738464 0.88631599 0.86171969
2.44271719 0.81336429 1.07060724 0.58175471
-3.46951488 0.57409901 0.93690821 0.81878589
2.12910924 0.84598312 0.49137022 0.53320967
0.79001424 0.58965352 0.71256090 0.80765631
1.79100424 0.61577142 0.19682383 0.78792484
-3.35632570 0.68206416 1.22052721 0.73129233
3.10226418 0.68645507 1.46654817 0.72717222
3.62884619 0.63511044 1.87070386 0.77242134
3.08163231 0.61178133 1.75424650 0.79102693
3.30876811 0.82853671 1.82205313 0.55993474
3.31677508 0.69715614 1.64239963 0.71691932
2.77764697 0.85923014 1.05511840 0.51158926
3.41242842 0.75374317 1.78976540 0.65716910
3.56999083 0.72758312 1.78654080 0.68601954
-2.88993618 0.85309431 -1.75630138 0.52175674
-3.01088807 0.80131576 1.54649025 0.59824164
2.83220900 0.69705146 -4.57714655 0.71702111
0.52486110 0.54161776 1.98298553 0.84062489
0.49481894 0.24387186 1.59260899 0.96980746
-4.43156239 0.70781137 0.06239208 0.70640149
-3.63290754 0.66433611 1.14630269 0.74743397
-4.48851964 0.65294285 0.72466580 0.75740718
2.03721615 0.78694319 0.36388026 0.61702545
-4.84851092 0.68049309 -0.00339811 0.73275450
3.56757361 0.76805421 -0.56877096 0.64038483
3.28978659 0.93664839 -1.05234100 0.35027102
1.64029288 0.79159489 -0.11596225 0.61104625
2.58799254 0.77730656 1.50424247 0.62912202
3.61322196 0.36521431 1.81944701 0.93092347
-3.04594037 0.87679735 1.28826388 0.48086006
-3.88938476 0.44688007 0.47033729 0.89459388
2.92593286 0.89642221 1.14421190 0.44320111
2.51180871 0.65290708 1.12415603 0.75743801
-3.47157787 0.72681232 0.91850940 0.68683611
-2.90369116 0.54149265 -1.27569724 0.84070549
1.22030059 0.88184995 -0.19128834 0.47153014
-0.00298719 0.55250171 -4.82060392 0.83351176
0.36248323 0.67849184 3.44891543 0.73460793
-5.06002642 0.65311119 2.30690532 0.75726203
-4.65626478 0.92198768 3.42371117 0.38721921
-3.35558389 0.74686020 1.31807054 0.66498109
2.45666586 0.67970458 0.58360636 0.73348598
1.22703248 0.19732997 0.16927688 0.98033713
