-322.183
-339.671
-334.935
-335.019
-336.137
-311.684
-329.052
-340.548
-334.25
-339.016
-334.607
-328.053
-331.993
-329.378
-329.498
-329.063
-341.192
-338.694
-327.116
-337.582
-341.615
-324.884
-337.78
-335.293
-345.531
-328.74
-333.412
-335.741
-341.335
-342.332
-326.668
-340.423
-323.975
-328.415
-329.56
-330.778
-327.519
-341.654
-337.063
-340.662
-341.643
-338.536
-330.808
-328.302
-334.768
-329.795
-342.868
-339.097
-327.038
-333.729
-331.703
-338.425
-344.956
-329.306
-321.523
-335.327
-340.147
-335.865
-336.573
-341.09
-341.478
-344.419
-330.547
-326.636
-342.097
-336.369
-319.611
-337.976
-335.71
-334.499
-339.881
-328.258
-333.921
-341.595
-333.441
-333.313
-322.733
-341.354
-336.183
-334.567
-341.706
-342.943
-337.851
-339.902
-337.572
-342.573
-333.634
-324.759
-339.203
-336.896
-331.829
-324.12
-335.244
-339.837
-327.693
-328.086
-339.888
-334.721
-342.375
-334.036
-324.863
-330.899
-329.505
-335.272
-325.859
-328.265
-338.946
-317.429
-333.331
-333.955
-339.343
-319.655
-334.03
-336.537
-342.842
-321.209
-330.561
-333.264
-349.237
-326.556
-342.815
-336.496
-337.965
-339.916
-338.21
-346.609
-325.678
-336.933
-333.038
-338.338
-331.242
-340.725
-335.507
-333.01
-328.696
-331.327
-335.204
-333.192
-336.266
-340.672
-342.822
-341.944
-337.55
-335.812
-330.16
-329.235
-322.033
-325.87
-336.436
-336.557
-336.801
-328.33
-337.93
-326.817
-339.807
-331.192
-337.927
-335.145
-328.119
-342.547
-336.094
-336.825
-328.225
-339.241
-333.972
-332.522
-332.481
-340.122
-335.616
-342.299
-326.77
-331.966
-334.849
-323.081
-335.171
-334.893
-328.632
-334.742
-322.364
-318.813
-318.937
-337.61
-335.663
-341.82
-331.308
-335.746
-339.464
-329.607
-330.432
-318.852
-335.599
-343.268
-335.809
-334.905
-316.197
-336.028
-321.292
-325.94
-337.09
-336.858
-321.948
-340.888
-325.989
-324.012
-316.677
-329.136
-332.668
-336.582
-336.392
-331.107
-331.177
-332.185
-319.599
-339.733
-335.585
-333.411
-332.316
-334.525
-331.646
-328.112
-327.838
-341.034
-339.698
-329.205
-336.021
-337.305
-348.549
-334.989
-336.041
-342.345
-332.533
-333.406
-341.101
-324.681
-334.155
-324.364
-332.848
-334.319
-342.166
-334.318
-328.21
-334.919
-331.806
-340.306
-328.491
-331.323
-332.057
-338.922
-351.325
-336.564
-335.749
-347.672
-338.38
-346.166
-332.799
-330.128
-340.588
-335.61
-339.822
-320.304
-327.275
-328.616
-333.946
-328.691
-327.183
-326.654
-322.118
-341.018
-332.6
-340.186
-338.848
-328.823
-327.312
-340.66
-337.935
-322.637
-323.831
-347.289
-334.557
-340.589
-343.348
-337.983
-323.009
-337.593
-346.043
-346.769
-328.511
-326.956
-338.747
-336.293
-337.802
-334.386
-321.783
-337.249
-335.357
-340.327
-341.359
-327.207
-332.694
-330.829
-352.88
-340.927
-333.331
-337.088
-334.444
-331.81
-329.165
-330.49
-337.114
-339.899
-342.064
-335.353
-337.627
-335.793
-332.507
-336.011
-331.976
-323.92
-333.497
-345.082
-345.72
-334.97
-331.086
-336.812
-341.436
-334.342
-339.914
-335.853
-335.27
-333.705
-329.035
-333.284
-333.535
-336.069
-328.969
-342.62
-332.634
-338.722
-344.905
-328.419
-330.76
-334.064
-346.913
-320.666
-340.485
-332.78
-334.036
-332.863
-345.978
-340.412
-328.606
-346.574
-330.579
-324.314
-330.925
-331.331
-339.687
-323.701
-333.677
-334.147
-330.31
-333.339
-327.912
-330.717
-340.495
-317.668
-346.531
-338.043
-337.389
-324.465
-339.444
-341.738
-330.422
-333.469
-325.362
-326.678
-330.071
-334.672
-340.006
-341.525
-329.719
-345.03
-333.321
-329.928
-339.9
-336.69
-330.592
-329.978
-330.307
-332.888
-343.055
-340.081
-336.068
-345.077
-328.318
-328.29
-336.81
-338.283
-351.305
-343.093
-333.058
-337.46
-329.315
-334.07
-345.189
-339.577
-338.23
-332.836
-334.789
-341.354
-334.04
-337.035
-336.66
-333.501
-322.17
-333.897
-328.025
-331.605
-325.742
-342.295
-332.964
-334.994
-339.608
-328.426
-329.269
-328.39
-334.914
-334.257
-329.628
-336.81
-336.439
-331.532
-333.453
-331.47
-322.862
-336.825
-336.263
-330.77
-341.323
-337.603
-326.79
-338.56
-323.088
-341.195
-329.135
-342.009
-339.874
-328.08
-337.122
-329.258
-338.063
-329.343
-329.058
-334.293
-331.736
-328.977
-321.584
-334.012
-337.277
-328.015
-330.214
-341.084
-336.217
-326.138
-331.386
-331.441
-324.448
-336.909
-327.772
-335.835
-336.436
-336.693
-333.128
-341.189
-327.372
-317.037
-310.917
-343.146
-340.6
-334.801
-328.497
-332.855
-337.179
-340.108
-334.72
-346.89
-341.687
-337.172
-332.813
-337.088
-335.041
-327.181
-335.005
-318.296
-327.267
-333.654
-334.808
-335.037
-345.468
-325.96
-337.502
-326.129
-339.454
-337.031
-336.004
-329.442
-336.093
-335.567
-329.012
-342.31
-336.346
-342.03
-318.95
-340.165
-334.98
-345.799
-332.571
-331.032
-323.507
-334.255
-348.507
-323.005
-338.341
-335.963
-338.977
-336.003
-332.443
-336.952
-338.911
-331.373
-336.626
-331.869
-338.89
-333.966
-324.639
-324.508
-343.461
-339.62
-321.971
-324.802
-334.349
-340.546
-327.745
-331.239
-348.358
-329.617
-343.529
-349.867
-345.983
-345.165
-331.963
-340.194
-332.739
-339.263
-329.285
-325.742
-334.178
-329.383
-324.062
-337.166
-334.885
-328.854
-341.955
-335.034
-338.125
-320.986
-334.303
-341.524
-340.96
-334.149
-331.806
-329.652
-327.859
-335.493
-326.108
-330.483
-331.682
-330.533
-339.389
-339.506
-339.881
-336.751
-331.486
-314.946
-327.91
-339.441
-329.93
-339.122
-329.515
-340.571
-338.57
-332.792
-333.542
-335.811
-339.568
-334.433
-333.973
-327.115
-330.822
-324.017
-333.965
-337.228
-335.036
-328.48
-328.063
-338
-324.693
-332.928
-340.199
-336.468
-333.623
-337.381
-335.314
-330.536
-346.125
-327.099
-328.211
-321.943
-341.969
-345.278
-329.458
-338.685
-335.962
-326.48
-330.447
-344.271
-333.479
-342.881
-325.682
-338.489
-326.911
-327.651
-337.223
-332.642
-332.687
-343.564
-335.85
-340.123
-325.668
-335.177
-331.757
-333.06
-332.588
-325.928
-338.44
-331.778
-342.393
-330.524
-330.893
-327.662
-341.702
-323.134
-325.96
-329.93
-329.784
-328.962
-340.209
-330.027
-332.317
-334.495
-335.653
-338.561
-341.205
-333.051
-341.247
-329.927
-336.77
-328.133
-330.968
-338.009
-324.1
-338.285
-332.201
-333.759
-336.105
-351.405
-321.133
-336.697
-347.292
-332.66
-331.454
-332.683
-326.234
-332.203
-325.496
-340.329
-327.498
-336.404
-327.617
-324.955
-333.272
-333.445
-338.382
-326.841
-342.525
-322.909
-340.596
-333.1
-331.921
-337.298
-317.185
-333.478
-330.68
-336.295
-339.292
-339.572
-346.314
-335.631
-329.151
-335.059
-331.835
-330.169
-335.692
-339.464
-336.099
-336.799
-329.729
-333.147
-339.035
-337.063
-329.91
-335.287
-325.385
-341.836
-323.245
-344.974
-326.069
-341.353
-334.276
-344.635
-338.5
-329.105
-340.277
-336.017
-328.551
-336.989
-339.858
-330.404
-343.017
-331.522
-333.539
-333.514
-333.498
-327.786
-334.472
-327.253
-330.594
-316.105
-315.034
-330.533
-344.578
-343.983
-336.613
-337.363
-325.822
-330.596
-332.957
-326.885
-327.263
-341.618
-330.317
-330.002
-326.552
-348.604
-328.569
-328.171
-334.26
-341.459
-331.155
-325.655
-319.267
-335.917
-340.013
-330.644
-325.195
-341.376
-339.713
-325.132
-336.103
-326.604
-332.072
-336.223
-330.398
-336.87
-343.044
-337.017
-320.391
-336.352
-333.414
-339.245
-339.725
-334.96
-334.249
-339.152
-332.289
-339.352
-328.895
-325.005
-319.674
-342.268
-334.428
-336.285
-335.693
-324.12
-337.981
-325.28
-337.949
-333.019
-334.698
-342.869
-334.06
-342.569
-332.288
-326.852
-308.629
-336.204
-334.035
-327.424
-346.565
-341.803
-338.444
-325.26
-319.877
-338.027
-329.819
-332.163
-324.052
-341.515
-333.521
-337.608
-327.169
-329.112
-323.061
-339.242
-333.33
-340.516
-337.604
-336.313
-343.86
-337.518
-346.856
-332.725
-337.084
-329.588
-338.094
-345.497
-340.604
-325.671
-334.731
-329.519
-335.629
-329.31
-324.522
-337.016
-338.032
-324.929
-330.593
-327.826
-339.443
-337.835
-330.366
-333.166
-322.224
-341.351
-334.334
-336.599
-327.527
-333.192
-329.234
-327.059
-331.056
-334.495
-337.732
-344.325
-333.656
-340.01
-342.361
-328.755
-339.348
-334.098
-342.904
-337.895
-319.11
-338.96
-326.786
-338.652
-330.062
-332.016
-338.152
-339.045
-327.365
-337.735
-334.218
-328.348
-339.71
-329.946
-333.289
-327.102
-337.353
-337.081
-333.133
-336.138
-347.268
-332.201
-331.956
-329.6
-335.944
-329.803
-338.218
-342.114
-333.651
-344.447
-339.922
-325.398
-344.819
-327.125
-323.806
-348.286
-340.053
-332.267
-343.641
-336.001
-339.183
-342.526
-340.958
-341.271
-318.399
-334.664
-344.089
-336.061
-337.793
-330.34
-324.4
-339.132
-342.274
-339.498
-331.405
-327.194
-320.737
-333.88
-337.782
-343.225
-337.759
-337.772
-332.86
-343.47
-329.897
-341.623
-341.736
-318.592
-328.49
-329.585
-332.758
-328.37
-325.949
-337.29
-330.824
-332.86
-332.168
-325.453
-333.641
-328.743
-341.282
-323.797
-333.632
-323.038
-334.21
-348.722
-346.673
-328.189
-343.875
-335.902
-332.938
-329.365
-327.011
-324.211
-338.448
-323.614
-323.979
-314.412
-328.177
-338.458
-334.192
-340.31
-330.415
-332.015
-336.328
-335.489
-328.043
-326.034
-336.193
-340.724
-328.801
-330.291
-333.076
-320.988
-341.71
-344.651
-334.005
-332.173
-322.529
-333.077
-331.513
-332.781
-339.649
-339.249
-340.768
-335.783
-333.477
-339.991
-335.209
-329.128
-319.842
-343.165
-343.002
-332.565
-336.084
-327.336
-333.393
-332.263
-335.408
-329.434
-337.45
-337.936
-334.036
-330.77
-331.558
-337.686
-327.501
-337.327
-334.935
-324.638
-336.254
-324.673
-333.481
-341.785
-344.155
-335.892
-333.26
-338.261
-333.637
-344.41
-340.557
-323.073
-342.253
-330.757
-326.855
-330.933
-333.393
-335.893
-332.757
-336.875
-329.825
-331.441
-328.231
-340.442
-334.72
-339.591
-336.974
-340.492
-344.032
-330.271
-328.058
-326.392
-333.905
-327.762
-339.496
-335.537
-328.281
-318.617
-321.058
-326.803
-331.642
-333.671
-339.368
-338.833
-341.246
-335.655
-332.574
-338.447
-332.368
-336.391
-334.061
-331.21
-336.639
-338.1
-344.191
-340.894
-335.97
-349.558
-330.09
-335.987
-328.512
-333.267
-333.979
-327.133
-339.758
-334.762
-333.701
-327.489
-332.11
-326.438
-328.58
-329.37
-333.595
-326.074
-334.491
-336.723
-324.755
-341.735
-345.694
-325.452
-321.977
-333.394
-332.298
-338.219
-334.709
-338.08
-337.261
-334.399
-339.551
-331.408
-336.221
-335.944
-338.252
-346.912
-340.95
-340.744
-340.247
-336.309
-330.102
-339.214
-342.702
-324.321
-334.429
-344.133
-319.07
-332.481
-324.845
-326.153
-340.078
-327.857
-324.466
-339.78
-337.976
-334.699
-341.01
-337.999
-343.647
-341.668
-318.783
-335.686
-331.696
-338.448
-334.849
-341.101
-333.894
-338.801
-341.986
-338.251
-330.939
-332.124
-335.487
-335.96
-330.041
-342.372
-327.971
-327.897
-335.517
-338.566
-326.577
-331.581
-330.325
-335.82
-331.905
-324.626
-338.533
-339.586
-320.14
-331.458
-328.069
-331.684
-324.741
-336.425
-331.858
-341.616
-329.846
-331.816
-337.792
-321.448
-325.201
-338.498
-341.367
-335.691
-333.213
-344.752
-333.668
-339.095
-329.149
-337.642
-319.805
-337.74
-339.976
-323.062
-337.046
-346.116
-329.937
-332.579
-347.94
-337.597
-326.805
-337.003
-344.092
-331.734
-344.949
-307.049
-339.987
-339.397
-338.251
-342.248
-341.611
-329.516
-329.945
-340.315
-337.939
-336.112
-326.668
-336.338
-341.501
-340.835
-333.219
-330.736
-336.556
-336.84
-320.545
-336.306
-327.754
-329.494
-333.268
-336.48
-330.996
-329.347
-334.677
-349.891
-344.933
-331.953
-331.024
-339.816
-340.862
-327.816
-328.185
-329.478
-335.707
-338.563
-334.732
-329.065
-344.009
-344.14
-332.487
-339.149
-323.89
-341.297
-348.206
-341.017
-335.967
-331.083
-336.092
-338.425
-330.802
-330.081
-340.842
-338.743
-325.736
-339.343
-321.239
-324.251
-334.228
-329.02
-320.309
-323.108
-341.093
-336.558
-330.772
-341.092
-338.554
-342.945
-334.457
-326.839
-332.883
-336.177
-331.948
-342.267
-323.501
-336.282
-336.89
-331.809
-343.042
-336.651
-333.128
-330.184
-322.035
-344.723
-337.62
-343.128
-334.873
-328.939
-333.758
-335.011
-343.045
-347.604
-349.392
-331.403
-331.017
-330.251
-330.271
-338.208
-331.222
-334.107
-335.545
-333.433
-335.912
-336.839
-343.848
-340.706
-329.154
-327.18
-337.696
-337.308
-330.479
-332.046
-339.895
-338.189
-334.907
-342.789
-343.965
-320.414
-337.606
-341.572
-324.802
-344.229
-337.302
-336.127
-337.449
-343.865
-330.473
-341.682
-331.172
-329.659
-324.123
-333.767
-339.67
-338.342
-335.338
-338.963
-341.609
-334.386
-333.278
-333.478
-337.8
-328.875
-332.028
-335.186
-333.339
-334.962
-336.663
-327.353
-331.826
-325.081
-329.726
-341.301
-331.086
-325.193
-340.104
-334.522
-323.908
-337.746
-347.519
-337.777
-331.554
-335.678
-343.379
-337.358
-331.547
-342.705
-332.755
-326.146
-337.598
-338.719
-339.385
-325.884
-348.976
-325.822
-319.324
-333.417
-341.859
-345.684
-334.798
-329.476
-329.631
-337.594
-335.418
-337.143
-337.815
-335.782
-333.112
-330.955
-329.992
-333.849
-331.255
-344.71
-333.529
-315.764
-336.38
-328.441
-349.869
-326.073
-339.929
-329.376
-338.477
-336.047
-342.38
-344.611
-339.497
-332.991
-329.512
-336.657
-331.035
-339.152
-334.638
-334.346
-338.335
-331.16
-342.503
-344.768
-339.931
-333.217
-332.165
-332.468
-340.599
-331.763
-337.61
-336.388
-320.187
-328.774
-326.777
-341.924
-322.107
-333.226
-336.554
-338.878
-333.598
-339.388
-339.833
-336.246
-331.107
-336.399
-332.018
-342.568
-342.727
-330.813
-326.647
-327.057
-339.221
-344.586
-332.127
-337.338
-340.25
-335.213
-339.374
-328.819
-334.193
-334.993
-322.674
-334.466
-332.698
-330.251
-335.583
-330.53
-324.006
-336.249
-340.262
-319.081
-333.808
-347.63
-338.514
-334.104
-341.106
-335.839
-329.799
-323.492
-334.447
-328.15
-326.51
-330.481
-334.275
-343.274
-334.153
-329.425
-324.586
-340.57
-331.898
-319.955
-341.629
-328.185
-339.216
-309.601
-326.992
-335.782
-348.405
-338.005
-334.424
-339.947
-337.608
-325.302
-341.554
-336.16
-337.517
-340.981
-332.468
-333.739
-335.377
-333.292
-342.478
-344.243
-344.661
-321.118
-326.099
-332.369
-338.526
-344.125
-336.152
-327.363
-342.68
-339.303
-328.433
-336.252
-340.826
-331.582
-334.305
-327.277
-331.532
-328.632
-335.237
-325.586
-325.715
-327.007
-338.465
-328.35
-319.292
-341.02
-329.268
-328.016
-342.782
-328.783
-341.075
-335.52
-341.026
-337.378
-337.297
-331.062
-328.851
-336.512
-326.056
-338.763
-338.024
-331.054
-335.749
-334.145
-328.795
-338.649
-333.552
-320.195
-320.516
-334.633
-344.967
-339.547
-334.856
-334.745
-333.458
-318.973
-329.193
-342.883
-334.922
-342.72
-336.007
-339.424
-344.099
-328.046
-337.674
-334.344
-333.665
-337.35
-323.123
-316.913
-339.287
-329.535
-334.237
-333.214
-338.021
-333.854
-340.649
-327.269
-331.259
-337.915
-335.967
-348.845
-338.118
-333.273
-328.237
-344.932
-326.092
-327.964
-330.285
-323.212
-333.774
-327.86
-336.142
-331.274
-337.195
-335.564
-320.602
-341.358
-331.645
-337.817
-338.207
-328.422
-334.463
-347.074
-329.953
-334.491
-334.018
-342.353
-345.11
-326.568
-331.04
-335.169
-331.444
-336.077
-334.451
-339.068
-337.002
-333.76
-332.506
-334.169
-333.762
-338.692
-329.587
-330.038
-333.97
-334.577
-340.776
-328.655
-352.676
-337.257
-337.627
-324.941
-330.588
-334.951
-331.58
-338.414
-332.077
-325.381
-341.252
-334.296
-330.157
-332.842
-325.925
-329.413
-336.864
-328.396
-323.841
-332.335
-339.07
-334.568
-338.311
-337.046
-327.506
-332.379
-322.913
-335.721
-333.386
-336.074
-334.549
-341.795
-349.284
-327.203
-342.492
-330.314
-332.878
-324.01
-335.989
-326.688
-344.457
-339.729
-344.677
-321.791
-330.864
-341.249
-343.53
-335.203
-331.769
-337.672
-345.353
-323.082
-341.338
-335.203
-341.555
-339.69
-330.665
-331.494
-324.901
-335.988
-326.449
-342.413
-342.724
-322.002
-344.344
-335.397
-336.73
-334.667
-341.241
-337.843
-340.332
-345.376
-330.858
-339.614
-337.386
-335.861
-339.135
-337.897
-335.782
-333.384
-339.321
-345.334
-329.716
-334.099
-344.056
-329.955
-330.507
-331.549
-333.19
-346.9
-329.699
-337.782
-324.599
-332.758
-339.12
-325.442
-340.587
-337.141
-335.673
-332.764
-327.329
-330.481
-340.08
-333.223
-339.166
-334.38
-340.548
-340.783
-331.177
-347.73
-328.827
-338.146
-338.853
-329.209
-342.206
-337.642
-339.674
-331.378
-329.117
-335.324
-331.356
-325.361
-334.616
-337.338
-332.429
-340.054
-329.587
-343.307
-339.527
-322.668
-339.549
-335.404
-329.696
-336.745
-330.01
-325.204
-340.393
-330.383
-328.074
-333.395
-340.559
-337.637
-341.654
-336.248
-333.321
-334.843
-325.561
-332.228
-336.32
-331.187
-326.079
-348.067
-326.986
-339.628
-321.525
-334.635
-330.544
-332.568
-336.682
-334.747
-339.825
-339.769
-335.236
-346.42
-344.559
-336.054
-334.248
-329.146
-335.45
-347.346
-332.967
-336.313
-338.593
-335.43
-329.927
-328.787
-324.071
-338.255
-323.978
-341.191
-317.948
-333.412
-334.004
-331.13
-336.424
-328.979
-326.354
-325.688
-329.921
-335.457
-338.252
-332.094
-334.69
-346.464
-342.173
-338.588
-333.865
-329.979
-331.74
-343.878
-333.593
-333.012
-344.595
-332.218
-344.372
-333.728
-336.563
-337.922
-329.154
-328.499
-337.683
-336.358
-338.93
-342.498
-345.048
-352.022
-343.066
-334.319
-331.913
-332.928
-341.889
-336.127
-324.359
-338.429
-335.639
-334.254
-323.652
-327.608
-327.579
-327.281
-345.464
-337.899
-326.096
-331.334
-339.997
-329.361
-339.663
-327.727
-332.124
-333.78
-333.099
-339.592
-346.101
-332.836
-332.38
-331.722
-342.925
-337.129
-334.85
-339.965
-341.83
-327.722
-336.191
-333.57
-335.267
-338.803
-336.621
-337.819
-329.715
-333.477
-333.607
-327.068
-327.765
-330.475
-344.951
-329.163
-338.757
-339.056
-331.481
-340.165
-341.136
-327.195
-324.679
-339.431
-342.82
-336.508
-334.228
-332.631
-343.513
-346.617
-339.513
-339.449
-343.533
-337.85
-333.392
-343.188
-331.688
-333.157
-331.751
-327.129
-339.267
-340.145
-339.746
-339.453
-332.449
-341.441
-336.752
-328.855
-327.131
-316.259
-336.624
-329.709
-344.989
-326.95
-338.458
-335.476
-330.549
-319.264
-348.16
-337.556
-338.297
-327.451
-326.269
-333.089
-335.693
-336.417
-333.698
-332.69
-331.526
-341.021
-334.238
-336.007
-342.604
-328.489
-327.764
-330.099
-334.694
-346.986
-330.314
-333.785
-329.118
-336.196
-336.422
-328.422
-336.62
-328.441
-335.139
-336.644
-332.942
-344.418
-335.167
-313.199
-330.297
-328.661
-338.587
-342.77
-341.2
-332.049
-347.304
-333.724
-330.363
-336.26
-340.892
-337.508
-336.841
-333.792
-327.217
-330.971
-318.919
-327.856
-334.116
-319.09
-325.882
-329.56
-332.064
-328.188
-329.217
-341.345
-341.124
-345.099
-333.194
-334.842
-337.726
-325.483
-344.303
-344.855
-338.525
-335.766
-322.302
-322.931
-336.196
-334.427
-333.333
-334.381
-342.031
-338.753
-326.189
-336.948
-336.065
-333.945
-350.871
-337.129
-323.819
-331.32
-338.935
-328.88
-335.055
-322.186
-342.016
-327.071
-326.341
-333.433
-329.4
-334.353
-333.951
-342.562
-322.863
-337.124
-347.151
-332.756
-327.895
-337.754
-340.751
-340.331
-333.792
-337.625
-342.805
-331.647
-329.093
-335.169
-331.592
-327.208
-326.712
-342.098
-336.408
-340.753
-339.246
-328.16
-330.922
-335.227
-332.561
-333.586
-327.282
-333.55
-343.589
-326.764
-322.637
-336.32
-344.397
-339.562
-332.923
-327.742
-338.576
-333.397
-325.758
-333.407
-331.984
-337.053
-328.17
-340.962
-336.237
-335.637
-334.299
-331.886
-340.882
-331.086
-329.953
-333.144
-325.419
-335.104
-338.117
-337.903
-346.638
-336.807
-331.585
-332.112
-337.442
-331.753
-332.224
-336.122
-339.506
-335.802
-338.355
-344.229
-327.535
-323.127
-332.802
-339.84
-339.143
-339.85
-326.649
-337.107
-324.653
-330.422
-339.792
-339.043
-332.976
-337.272
-333.933
-332.934
-327.804
-333.775
-317.421
-327.287
-324.659
-344.88
-332.184
-340.272
-331.105
-329.284
-332.857
-334.407
-329.371
-320.001
-335.282
-340.215
-335.12
-339.086
-346.695
-337.263
-335.201
-331.412
-332.138
-330.596
-335.433
-335.611
-335.212
-328.271
-323.473
-337.541
-339.804
-330.597
-337.942
-336.603
-339.02
-336.386
-311.242
-317.892
-338.678
-333.864
-333.385
-330.944
-343.809
-336.771
-325.858
-332.152
-345.485
-326.73
-332.493
-339.926
-330.702
-332.618
-334.47
-343.438
-331.124
-340.613
-336.916
-339.69
-330.992
-321.395
-324.686
-333.257
-339.767
-332.484
-338.801
-340.372
-333.476
-338.785
-325.838
-342.862
-329.406
-342.841
-333.133
-330.451
-335.279
-334.259
-325.11
-324.695
-339.107
-329.865
-324.978
-337.942
-331.153
-331.432
-335.518
-343.945
-346.125
-325.356
-328.061
-330.097
-333.59
-336.26
-334.214
-343.389
-331.27
-322.236
-341.739
-345.202
-341.901
-346.618
-321.097
-331.397
-339.895
-331.153
-327.834
-340.385
-326.846
-331.518
-327.452
-333.351
-331.054
-333.859
-321.441
-314.416
-332.611
-332.661
-338.309
-333.628
-321.361
-339.724
-341.71
-333.898
-326.668
-341.714
-337.159
-339.284
-329.378
-329.295
-335.489
-334.319
-338.807
-337.136
-335.722
-335.689
-346.674
-342.961
-334.701
-338.217
-352.605
-330.042
-333.296
-324.024
-340.41
-338.871
-337.121
-321.473
-328.876
-342.995
-336.092
-343.628
-330.492
-338.007
-335.669
-345.409
-327.607
-335.381
-326.167
-328.577
-337.361
-321.196
-323.675
-333.747
-337.492
-331.183
-326.272
-339.812
-328.924
-340.322
-344.766
-335.9
-333.514
-336.319
-332.897
-341.631
-344.758
-334.027
-326.793
-332.237
-332.385
-325.978
-326.472
-337.478
-328.237
-325.568
-340.159
-338.455
-338.361
-335.16
-342.664
-331.839
-338.772
-330.547
-334.713
-330.373
-334.744
-330.481
-329.186
-331.911
-335.049
-347.562
-331.524
-329.316
-327.642
-336.483
-333.284
-330.496
-336.864
-332.854
-333.348
-327.893
-341.227
-337.235
-331.307
-332.144
-335.646
-331.109
-332.808
-333.675
-337.734
-328.959
-335.756
-337.197
-323.921
-321.687
-341.891
-332.759
-334.564
-333.729
-316.555
-324.556
-344.484
-342.731
-327.409
-323.631
-331.539
-331.488
-340.907
-328.052
-332.885
-329.512
-328.631
-338.362
-341.123
-331.596
-321.761
-335.407
-336.305
-332.677
-341.731
-344.64
-340.238
-328.783
-338.995
-335.842
-340.859
-337.76
-344.309
-328.074
-333.614
-341.773
-338.484
-318.848
-333.727
-340.128
-331.245
-337.653
-338.883
-330.881
-331.752
-326.498
-331.348
-326.156
-332.282
-346.59
-337.494
-332.867
-334.737
-330.228
-343.393
-340.674
-331.775
-340.434
-336.572
-318.576
-332.063
-340.479
-335.425
-339.25
-337.962
-336.128
-340.205
-331.519
-328.721
-326.121
-332.049
-329.469
-331.162
-336.115
-324.306
-325.741
-341.564
-332.566
-333.277
-330.807
-335.623
-340.433
-339.842
-326.802
-347.301
-331.141
-336.6
-332.877
-340.538
-340.226
-330.358
-331.021
-334.187
-340.136
-330.351
-337.864
-337.815
-330.749
-333.916
-339.99
-334.673
-323.603
-334.115
-330.234
-332.812
-326.351
-343.768
-335.763
-334.127
-325.484
-339.398
-338.104
-336.297
-339.186
-332.905
-329.199
-329.539
-342.263
-329.395
-330.114
-334.41
-334.32
-335.324
-338.554
-321.051
-331.988
-332.674
-343.526
-331.06
-342.077
-336.544
-340.034
-339.755
-341.339
-334.419
-337.254
-332.545
-328.195
-327.286
-341.237
-335.894
-336.961
-338.15
-331.782
-339.612
-335.144
-339.149
-330.761
-331.128
-335.882
-332.76
-327.811
-332.294
-338.14
-332.733
-332.952
-340.6
-340.189
-339.583
-333.566
-339.098
-331.924
-347.08
-331.747
-335.399
-338.871
-335.785
-333.045
-340.506
-334.859
-333.556
-334.709
-339.271
-333.981
-328.621
-326.363
-339.489
-331.282
-332.206
-333.731
-336.567
-337.904
-336.545
-338.722
-333.801
-337.715
-331.352
-331.213
-327.938
-328.905
-334.998
-332.947
-330.621
-338.298
-326.273
-332.535
-334.625
-326.016
-329.095
-327.387
-330.07
-325.143
-338.016
-320.959
-336.967
-330.554
-329.237
-345.34
-341.878
-339.106
-340.758
-334.877
-335.416
-332.237
-338.915
-336.41
-332.683
-335.978
-342.817
-343.058
-348.7
-337.524
-332.635
-334.234
-335.229
-338.184
-331.445
-334.977
-341.473
-332.444
-340.253
-339.55
-334.046
-328.529
-341.484
-332.523
-339.331
-329.286
-338.76
-342.973
-327.089
-334.34
-345.847
-332.735
-334.627
-330.927
-332.206
-327.381
-344.143
-315.577
-326.581
-325.548
-326.506
-338.528
-335.372
-334.7
-339.421
-331.893
-334.434
-326.773
-328.305
-335.038
-322.312
-329.981
-340.931
-330.639
-328.201
-335.985
-341.206
-331.276
-337.811
-340.863
-347.967
-332.438
-331.617
-330.424
-332.139
-339.681
-337.438
-344.194
-324.968
-315.595
-335.129
-333.023
-324.779
-329.295
-334.445
-330.821
-320.737
-327.932
-329.215
-340.292
-328.138
-328.473
-342.108
-340.7
-324.234
-332.967
-333.404
-326.828
-337.319
-328.412
-338.347
-322.689
-335.206
-336.947
-330.605
-341.934
-338.479
-342.686
-335.501
-330.563
-339.453
-329.134
-332.892
-341.667
-335.429
-327.934
-314.136
-337.845
-343.775
-338.488
-340.515
-322.743
-333.098
-336.402
-332.311
-328.831
-346.037
-338.591
-321.126
-336.528
-330.68
-333.719
-331.808
-330.475
-333.53
-321.379
-336.753
-327.604
-338.506
-333.846
-337.558
-338.288
-343.586
-329.511
-347.106
-336.808
-344.252
-331.446
-339.951
-328.948
-338.143
-326.178
-336.778
-337.973
-313.58
-328.8
-329.554
-314.659
-336.327
-333.126
-337.947
-336.107
-323.102
-334.313
-327.335
-343.26
-334.981
-344.731
-332.618
-332.604
-329.086
-331.906
-326.823
-335.49
-329.999
-332.255
-332.214
-337.719
-337.781
-327.437
-326.954
-322.224
-332.449
-331.83
-343.717
-334.976
-331.138
-336.869
-324.22
-336.069
-331.781
-328.413
-338.29
-339.431
-333.639
-334.061
-337.939
-332.936
-337.977
-338.274
-334.454
-333.633
-334.083
-330.107
-332.531
-327.594
-340.437
-339.883
-334.099
-329.372
-339.226
-343.09
-338.322
-335.306
-332.147
-334.863
-334.972
-339.406
-337.188
-338.249
-335.839
-335.655
-345.517
-341.537
-326.731
-340.423
-342.971
-334.157
-331.514
-336.963
-332.556
-339.979
-328.449
-349.358
-328.77
-323.945
-340.493
-328.614
-333.768
-333.768
-335.623
-341.459
-328.523
-338.895
-333.315
-336.337
-344.908
-331.638
-335.982
-345.361
-337.078
-326.044
-327.021
-337.946
-333.968
-332.224
-335.137
-338.506
-325.773
-330.457
-326.175
-328.466
-326.491
-340.417
-330.856
-340.483
-338.893
-326.962
-324.984
-336.812
-338.529
-337.058
-326.328
-321.584
-326.962
-344.469
-337.743
-325.356
-334.98
-336.271
-332.145
-330.523
-334.313
-336.309
-332.157
-348.404
-335.31
-328.161
-334.77
-328.607
-328.453
-340.165
-334.753
-332.555
-343.965
-338.314
-331.212
-349.012
-328.592
-328.306
-319.437
-323.217
-331.223
-340.397
-320.865
-346.57
-344.242
-331.857
-335.257
-320.65
-337.72
-334.669
-329.77
-334.113
-337.326
-330.783
-339.086
-329.55
-326.056
-333.781
-333.639
-336.007
-334.279
-342.683
-328.396
-333.657
-345.152
-330.498
-331.671
-345.599
-338.882
-332.276
-330.137
-343.976
-335.601
-334.803
-337.586
-335.856
-350.369
-336.605
-332.731
-331.74
-336.73
-340.372
-339.488
-343.837
-332.486
-337.222
-339.096
-342.215
-335.941
-327.433
-338.237
-334.274
-340.396
-334.686
-329.721
-330.766
-333.827
-329.364
-336.204
-339.018
-335.637
-336.185
-323.947
-342.088
-345.036
-339.369
-329.413
-326.206
-342.068
-338.431
-321.353
-340.129
-333.529
-336.781
-339.816
-330.149
-331.299
-341.483
-320.146
-337.136
-332.979
-339.901
-335.603
-340.054
-338.054
-335.474
-332.87
-325.459
-333.044
-333.438
-336.222
-336.159
-326.251
-331.802
-327.262
-333.219
-342.236
-342.787
-338.195
-335.766
-335.187
-336.471
-336.45
-333.309
-333.043
-333.384
-341.433
-326.202
-340.421
-329.07
-340.33
-325.469
-327.752
-333.212
-330.178
-342.535
-332.877
-344.877
-338.923
-336.88
-332.65
-334.251
-344.455
-330.383
-318.071
-332.924
-333.222
-331.846
-334.414
-338.26
-333.09
-339.101
-329.71
-334.001
-331.62
-329.611
-340.288
-334.417
-329.48
-328.673
-332.225
-325.212
-339.714
-332.288
-337.736
-338.829
-324.155
-345.912
-326.792
-322.126
-333.96
-338.595
-333.32
-335.392
-334.897
-336.351
-332.017
-343.132
-329.516
-333.059
-335.92
-332.683
-338.963
-322.5
-337.813
-330.959
-337.529
-343.879
-320.95
-338.07
-330.03
-314.599
-330.845
-336.63
-334.778
-338.918
-335.886
-335.55
-329.968
-326.439
-338.907
-324.617
-342.221
-325.629
-346.348
-337.479
-342.21
-330.295
-342.493
-327.02
-352.826
-331.553
-324.8
-339.914
-334.709
-337.341
-323.604
-339.406
-331.766
-334.05
-334.984
-337.102
-331.915
-334.835
-336.792
-330
-332.545
-340.579
-340.883
-342.694
-324.287
-331.879
-335.566
-337.78
-335.253
-334.115
-325.597
-333.077
-330.131
-324.314
-324.504
-326.157
-334.154
-340.023
-327.441
-333.695
-347.599
-335.717
-340.653
-327.052
-336.046
-327.869
-328.229
-335.907
-336.003
-334.437
-346.732
-343.457
-329.228
-348.671
-338.473
-324.732
-337.253
-330.934
-332.625
-332.745
-339.626
-336.351
-339.603
-330.983
-339.322
-338.932
-325.872
-325.014
-327.356
-343.864
-331.632
-337.413
-335.257
-329.602
-349.542
-347.911
-332.367
-339.18
-337.162
-333.414
-328.91
-332.428
-335.955
-339.427
-327.189
-326.876
-331.584
-337.893
-339.881
-336.753
-340.163
-327.018
-341.084
-332.082
-333.854
-334.551
-341.2
-329.776
-344.079
-338.961
-337.464
-331.163
-330.154
-324.447
-329.588
-328.431
-332.885
-334.302
-324.535
-333.387
-335.118
-327.528
-335.438
-330.216
-342.349
-333.274
-330.057
-328.691
-326.901
-346.615
-331.036
-327.019
-340.543
-339.526
-338.14
-331.636
-339.429
-336.186
-333.33
-338.092
-342.228
-350.595
-337.53
-344.74
-340.759
-324.129
-346.096
-333.333
-341.38
-341.832
-335.036
-329.473
-342.824
-335.335
-338.312
-343.179
-327.094
-334.389
-341.98
-341.273
-330.875
-338.657
-332.043
-332.366
-332.675
-324.571
-333.386
-335.598
-324.148
-324.498
-339.823
-334.88
-342.087
-332.644
-341.072
-333.473
-324.807
-340.353
-339.735
-326.966
-324.76
-329.775
-344.365
-336.122
-336.102
-336.853
-343.944
-337.793
-332.728
-336.594
-334.248
-343.045
-327.817
-337.526
-325.358
-338.401
-325.349
-337.5
-325.079
-321.421
-337.724
-332.889
-342.924
-335.411
-330.645
-339.748
-322.732
-332.806
-337.589
-337.009
-331.891
-330.759
-329.006
-334.423
-329.072
-342.814
-326.741
-341.198
-331.384
-326.501
-335.592
-347.48
-342.723
-324.14
-334.69
-330.193
-330.996
-345.612
-331.306
-339.254
-333.796
-332.628
-340.823
-333.893
-341.25
-329.352
-331.609
-332.78
-336.34
-335.2
-336.491
-333.993
-330.613
-334.319
-337.028
-334.987
-338.613
-328.132
-332.688
-337.342
-324.455
-332.888
-334.05
-335.642
-328.734
-327.609
-332.833
-338.411
-329.994
-326.553
-323.132
-325.855
-340.959
-343.645
-340.267
-339.096
-344.622
-334.826
-332.065
-340.94
-338.497
-329.705
-336.463
-328.864
-332.552
-340.372
-320.26
-330.968
-336.926
-330.312
-339.072
-339.608
-316.874
-338.268
-327.748
-332.401
-329.515
-337.379
-316.55
-340.687
-321.81
-330.356
-331.026
-322.356
-325.66
-330.701
-330.782
-338.77
-339.346
-324.767
-322.671
-336.479
-334.129
-337.357
-335.581
-340.484
-327.405
-326.375
-341.131
-323.783
-336.921
-321.675
-348.718
-335.545
-327.959
-339.199
-336.702
-328.913
-330.065
-339.137
-342.586
-339.723
-337.089
-336.147
-343.254
-332.379
-328.933
-332.575
-342.333
-325.397
-338.817
-336.563
-335.756
-335.284
-340.338
-326.159
-328.194
-332.34
-338.553
-333.994
-320.64
-343.167
-333.108
-337.44
-334.108
-337.67
-339.632
-335.825
-338.492
-320.504
-329.361
-340.924
-329.809
-325.245
-345.907
-316.35
-322.129
-330.3
-338.209
-346.466
-347.115
-334.606
-336.243
-333.251
-319.614
-326.266
-328.04
-337.6
-347.684
-327.24
-341.904
-327.122
-328.501
-338.35
-338.219
-337.149
-336.065
-341.918
-345.931
-330.407
-322.818
-330.47
-344.722
-331.364
-330.406
-333.596
-324.75
-338.256
-334.234
-336.928
-325.552
-334.714
-328.684
-342.532
-341.815
-335.457
-343.71
-326.218
-331.29
-332.826
-328.363
-324.173
-341.778
-335.261
-338.564
-338.166
-331.9
-328.476
-336.102
-339.404
-330.932
-332.962
-335.767
-334.265
-332.448
-344.603
-328.019
-335.55
-325.316
-338.748
-338.608
-344.325
-322.403
-328.84
-315.181
-322.721
-334.134
-329.661
-335.496
-331.842
-330.465
-341.787
-332.959
-326.491
-328.65
-325.356
-341.953
-336.571
-330.235
-330.071
-338.901
-330.659
-339.442
-331
-335.765
-331.329
-338.049
-329.61
-334.794
-331.929
-330.535
-328.773
-334.691
-342.023
-336.527
-333.894
-327.021
-326.925
-325.958
-345.411
-344.633
-335.197
-338.504
-338.49
-344.963
-337.24
-331.419
-336.758
-335.093
-331.695
-328.332
-338.265
-323.954
-329.956
-338.245
-339.631
-329.198
-342.621
-329.843
-332.191
-334.603
-332.468
-337.719
-344.702
-326.12
-347.088
-314.204
-338.77
-335.003
-337.926
-342.975
-344.986
-331.963
-344.446
-335.587
-341.27
-333.79
-343.362
-327.562
-320.051
-335.319
-331.882
-339.179
-333.93
-336.827
-342.512
-343.422
-334.936
-308.885
-323.734
-323.308
-332.788
-338.142
-332.34
-333.186
-348.481
-333.08
-343.193
-326.592
-335.041
-340.634
-326.963
-335.205
-329.676
-328.746
-337.259
-331.039
-340.488
-338.782
-333.845
-343.02
-339.304
-326.993
-343.116
-344.286
-331.597
-332.613
-329.306
-321.999
-334.461
-335.706
-342.781
-337.392
-337.886
-328.686
-334.537
-335.003
-335.382
-336.237
-339.525
-332.796
-332.519
-319.075
-334.172
-332.296
-341.249
-333.665
-333.714
-332.821
-342.577
-323.79
-336.49
-341.202
-341.28
-334.334
-324.925
-342.431
-330
-330.011
-335.232
-319.049
-351.452
-332.047
-330.882
-327.494
-332.557
-335.979
-339.624
-336.45
-341.509
-334.046
-346.684
-338.034
-332.509
-333.414
-340.337
-335.837
-330.979
-332.672
-325.454
-340.277
-332.652
-335.394
-334.603
-335.894
-344.515
-347.179
-333.946
-333.351
-327.18
-333.573
-337.114
-334.097
-340.797
-335.457
-329.878
-337.924
-339.35
-341.5
-325.898
-324.945
-338.2
-346.878
-328.084
-329.443
-333.087
-341.183
-330.936
-347.3
-349.68
-340.605
-330.41
-333.184
-334.814
-337.924
-344.74
-328.342
-343.892
-334.757
-334.206
-326.318
-334.384
-329.243
-331.28
-337.432
-339.262
-339.649
-331.078
-334.41
-340.894
-335.029
-342.593
-339.989
-324.197
-334.151
-340.966
-336.953
-330.92
-329.122
-338.807
-334.145
-332.565
-331.111
-330.133
-337.263
-334.308
-311.619
-326.366
-336.726
-319.857
-336.598
-331.705
-337.494
-324.409
-338.998
-327.063
-314.796
-345.845
-342.011
-335.474
-334.302
-336.952
-334.065
-340.659
-338.123
-332.543
-328.34
-343.318
-328.317
-331.286
-341.868
-338.803
-333.349
-326.419
-330.255
-331.252
-320.227
-322.071
-331.492
-328.971
-317.032
-332.338
-322.888
-330.464
-333.162
-325.474
-331.209
-325.662
-341.018
-336.094
-330.722
-332.133
-328.66
-331.926
-338.211
-333.064
-322.461
-339.117
-334.882
-334.275
-343.383
-336.84
-336.642
-332.242
-330.405
-345.748
-345.888
-325.134
-326.566
-340.047
-337.656
-337.613
-347.537
-331.131
-333.516
-337.289
-324.8
-334.987
-334.997
-333.702
-327.341
-341.772
-334.814
-344.094
-328.868
-335.693
-326.121
-335.628
-328.766
-337.366
-322.592
-335.199
-322.557
-330.403
-329.816
-332.806
-335.306
-331.916
-338.135
-331.06
-337.584
-323.149
-342.58
-333.006
-315.363
-345.406
-340.41
-328.122
-329.228
-340.219
-320.601
-341.68
-326.235
-335.725
-339.388
-340.293
-317.988
-332.926
-325.061
-334.574
-334.824
-322.975
-326.458
-336.485
-326.219
-330.22
-320.987
-337.251
-340.132
-328.144
-334.733
-324.557
-332.179
-322.039
-343.824
-333.836
-324.638
-336.926
-339.749
-333.153
-332.833
-339.718
-342.28
-336.306
-328.901
-330.332
-338.308
-325.705
-332.722
-326.695
-326.839
-347.42
-329.337
-325.291
-322.16
-340.53
-346.286
-348.272
-327.699
-339.672
-326.567
-324.49
-333.225
-330.323
-346.667
-329.488
-328.968
-333.457
-336.294
-333.599
-333.828
-336.48
-337.888
-337.314
-330.973
-335.424
-340.812
-332.461
-341.044
-338.878
-342.45
-323.36
-338.988
-320.902
-345.927
-338.801
-333.525
-336.227
-340.844
-341.833
-334.236
-330.678
-324.603
-329.178
-332.601
-340.581
-331.551
-333.812
-317.34
-345.773
-343.52
-334.074
-330.578
-319.793
-344.123
-330.142
-332.826
-327.958
-341.258
-333.092
-333.186
-339.631
-338.491
-326.38
-336.023
-337.431
-340.359
-326.332
-333.465
-344.873
-314.135
-323.119
-335.631
-336.177
-325.587
-333.511
-335.165
-335.403
-337.135
-341.59
-344.956
-328.402
-323.645
-335.886
-336.769
-336.841
-345.223
-327.071
-330.473
-337.226
-326.122
-335.256
-334.202
-314.758
-332.76
-333.557
-343.939
-328.063
-308.036
-329.022
-330.013
-335.822
-333.48
-322.323
-334.762
-317.454
-318.514
-335.723
-334.425
-330.385
-340.631
-329.487
-337.689
-338.223
-335.525
-329.445
-349.18
-341.331
-321.612
-328.114
-340.132
-327.392
-336.218
-335.259
-338.972
-338.578
-338.363
-341.347
-341.488
-332.658
-341.417
-334.353
-342.329
-334.82
-330.92
-333.29
-332.237
-345.745
-331.193
-314.632
-342.148
-342.906
-333.616
-325.991
-334.634
-320.631
-331.387
-330.266
-333.985
-336.635
-333.925
-337.058
-331.534
-340.199
-337.016
-341.18
-332.689
-322.833
-332.849
-332.96
-334.221
-336.213
-335.851
-330.126
-336.087
-337.374
-332.207
-335.283
-320.706
-329.354
-327.337
-331.349
-335.922
-332.258
-337.596
-332.956
-335.529
-339.267
-341.255
-334.742
-328.608
-326.973
-331.093
-338.432
-329.233
-330.074
-346.38
-334.029
-340.78
-340.23
-335.228
-339.329
-333.334
-339.224
-341.314
-331.096
-338.374
-340.392
-334.117
-331.573
-340.919
-324.208
-337.313
-325.612
-329.806
-336.056
-326.862
-319.122
-332.418
-342.381
-338.742
-336.187
-337.776
-328.174
-334.905
-335.982
-337.755
-335.493
-346.052
-331.17
-334.591
-330.164
-328.311
-324.893
-343.896
-332.348
-333.809
-334.599
-339.08
-337.755
-338.042
-330.685
-344.414
-317.079
-336.167
-326.494
-334.256
-337.021
-329.373
-335.572
-341.664
-339.092
-334.574
-333.854
-342.772
-337.405
-333.995
-326.562
-330.998
-339.822
-328.132
-335.575
-335.976
-330.719
-335.817
-338.587
-337.185
-329.447
-338.85
-341.268
-319.775
-339.131
-336.235
-338.33
-336.839
-347.968
-328.345
-334.817
-330.026
-344.127
-326.253
-340.737
-340.346
-323.678
-340.527
-341.195
-336.261
-340.083
-329.164
-332.943
-339.491
-345.732
-335.543
-325.536
-330.003
-343.388
-334.305
-348.536
-347.896
-326.408
-324.572
-338.12
-327.938
-336.689
-325.793
-339.502
-341.061
-330.874
-321.067
-339.46
-329.888
-333.187
-329.225
-336.646
-334.088
-327.03
-332.045
-334.243
-336.005
-331.583
-335.97
-334.04
-333.948
-339.759
-333.418
-330.657
-344.443
-325.395
-339.284
-331.75
-331.036
-333.676
-338.319
-339.528
-339.176
-330.184
-337.047
-331.396
-335.692
-331.858
-344.169
-337.715
-336.256
-323.969
-342.11
-342.111
-343.727
-328.296
-345.383
-335.302
-328.126
-341.569
-334.701
-339.834
-340.09
-335.095
-332.227
-342.601
-338.14
-329.276
-336.07
-339.828
-336.86
-326.736
-340.768
-333.37
-339.781
-340.232
-328.334
-328.628
-343.452
-345.077
-320.176
-338.985
-327.592
-335.05
-333.775
-334.25
-335.532
-327.182
-336.271
-336.913
-327.289
-331.485
-330.5
-338.486
-328.248
-323.213
-338.265
-331.226
-347.521
-338.292
-342.956
-332.254
-334.58
-329.389
-341.948
-336.973
-321.496
-330.112
-322.245
-342.693
-311.773
-339.158
-333.288
-329.311
-333.032
-343.208
-331.554
-327.144
-336.385
-345.477
-337.187
-334.658
-333.08
-332.547
-321.597
-329.884
-338.149
-326.919
-328.93
-332.4
-331.461
-331.329
-337.534
-334.483
-339.719
-337.171
-330.281
-337.202
-339.557
-333.13
-337.613
-328.114
-341.032
-335.659
-331.923
-341.32
-336.469
-332.192
-343.005
-339.266
-323.004
-345.244
-327.352
-334.285
-332.416
-332.743
-332.871
-331.939
-332.51
-342.449
-330.727
-333.648
-344.548
-341.567
-340.534
-323.814
-334.68
-336.682
-336.587
-335.801
-336.921
-330.389
-335.713
-334.183
-334.93
-328.346
-334.308
-328.708
-339.442
-336.642
-336.868
-340.888
-342.637
-331.232
-335.443
-336.494
-341.802
-330.272
-339.362
-319.903
-333.546
-334.567
-328.791
-330.084
-332.412
-328.534
-323.88
-333.075
-341.07
-339.622
-329.512
-328.595
-331.914
-336.935
-326.337
-338.779
-334.911
-330.055
-327.565
-334.308
-336.761
-346
-317.603
-345.607
-322.253
-333.562
-334.537
-330.518
-334.793
-339.402
-345.856
-331.002
-342.889
-333.458
-340.335
-349.263
-324.588
-327.243
-334.772
-321.263
-336.927
-341.491
-324.025
-333.962
-331.637
-335.293
-318.901
-323.795
-335.89
-325.465
-327.634
-329.117
-341.214
-327.002
-318.623
-330.373
-324.07
-344.604
-334.911
-337.718
-340.794
-339.242
-327.705
-339.979
-321.641
-330.955
-328.935
-334.156
-336.544
-332.147
-335.548
-327.654
-338.226
-333.571
-326.571
-327.718
-333.773
-338.294
-324.913
-338.969
-339.616
-347.639
-327.391
-335.163
-342.876
-333.999
-341.13
-346.532
-325.123
-343.877
-326.766
-339.158
-335.241
-322.29
-333.825
-338.384
-329.813
-335.597
-322.765
-319.72
-323.009
-331.046
-343.84
-332.283
-332.15
-325.491
-325.226
-331.377
-341.202
-324.943
-341.687
-343.897
-340.723
-340.593
-322.187
-325.363
-334.158
-336.85
-339.677
-342.238
-345.056
-330.116
-342.233
-345.241
-338.522
-327.885
-325.175
-329.901
-335.119
-333.151
-330.279
-331.427
-321.015
-336.842
-337.264
-329.955
-321.987
-328.162
-331.287
-346.16
-331.39
-341.946
-321.11
-323.144
-321.885
-331.703
-329.839
-342.918
-338.768
-325.678
-326.211
-337.518
-336.994
-349.892
-340.92
-333.364
-340.489
-331.479
-334.628
-319.13
-340.281
-328.534
-336.964
-335.247
-339.963
-326.789
-332.677
-337.507
-332.924
-348.929
-336.345
-329.664
-341.936
-346.549
-337.765
-335.213
-326.773
-333.572
-336.203
-335.078
-334.393
-347.682
-332.402
-344.608
-343.4
-334.222
-339.961
-335.163
-345.986
-323.633
-329.789
-343.227
-342.745
-334.64
-346.253
-339.278
-343.694
-329.451
-335.764
-336.847
-336.193
-335.752
-336.935
-330.248
-326.14
-330.595
-330.954
-341.33
-335.483
-337.711
-339.819
-334.338
-340.621
-341.522
-337.744
-336.761
-339.479
-336.401
-340.812
-325.621
-334.553
-342.078
-337.207
-343.068
-329.613
-335.569
-320.043
-333.732
-328.963
-337.728
-335.326
-341.17
-328.277
-335.397
-337.346
-331.181
-337.352
-339.06
-328.484
-331.005
-334.783
-336.591
-336.389
-339.069
-333.899
-336.14
-337.226
-327.958
-330.272
-334.459
-329.451
-319.876
-333.483
-343.532
-315.941
-327.285
-321.985
-338.65
-340.437
-326.689
-336.971
-330.16
-333.288
-324.333
-330.974
-345.075
-340.129
-324.496
-331.655
-333.089
-322.822
-345.121
-332.225
-333.688
-329.397
-328.36
-328.868
-326.565
-336.207
-332.687
-344.468
-337.208
-322.429
-330.304
-330.152
-326.484
-337.554
-329.235
-345.693
-330.341
-334
-338.004
-341.122
-329.198
-342.789
-331.992
-334.069
-335.722
-335.879
-334.329
-333.554
-343.287
-344.428
-328.458
-330.985
-330.155
-344.476
-342.821
-333.22
-344.375
-334.746
-334.044
-331.062
-337.309
-329.236
-337.307
-329.783
-335.436
-337.019
-330.064
-338.339
-321.164
-330.181
-321.922
-321.385
-337.704
-342.751
-326.077
-332.965
-344.363
-322.109
-338.661
-333.979
-337.87
-335.193
-339.254
-323.257
-324.21
-337.232
-339.622
-336.758
-332.014
-332.864
-334.828
-327.601
-325.807
-330.607
-338.951
-338.192
-334.154
-327.957
-331.462
-336.616
-338.703
-336.979
-333.06
-332.043
-339.849
-322.148
-333.509
-331.645
-329.711
-341.543
-340.165
-342.665
-335.131
-320.512
-319.117
-341.275
-335.775
-332.04
-334.48
-326.418
-330.542
-339.631
-340.385
-331.513
-333.213
-332.656
-330.604
-342.156
-333.173
-338.701
-327.276
-336.18
-324.063
-337.931
-341.532
-345.904
-346.01
-336.985
-333.314
-336.223
-336.284
-336.217
-322.604
-339.796
-334.473
-326.092
-342.058
-350.6
-343.916
-327.331
-330.882
-322.291
-328.141
-326.946
-334.813
-327.083
-329.989
-342.75
-339.85
-339.18
-334.823
-337.649
-348.975
-342.588
-325.017
-332.245
-340.373
-335.412
-336.068
-342.364
-334.196
-336.416
-335.739
-334.71
-331.423
-343.209
-329.935
-328.468
-330.706
-331.749
-330.3
-332.819
-343.712
-326.229
-329.854
-334.807
-339.726
-337.723
-331.126
-330.693
-337.086
-338.383
-323.97
-341.358
-342.153
-339.82
-337.301
-333.764
-346.51
-326.785
-334.256
-338.876
-339.672
-319.838
-327.439
-338.153
-341.017
-334.749
-346.891
-330.656
-342.859
-338.548
-328.874
-330.241
-332.158
-344.385
-347.081
-332.381
-340.567
-328.668
-329.176
-343.666
-340.446
-332.363
-317.995
-341.773
-339.002
-329.366
-336.305
-348.036
-338.964
-331.89
-334.935
-342.167
-321.561
-337.305
-335.219
-344.122
-332.835
-331.517
-339.046
-327.67
-335.307
-333.9
-326.721
-335.627
-340.043
-330.564
-335.965
-337.6
-339.406
-329.422
-345.322
-336.469
-338.242
-338.301
-338.651
-340.376
-334.936
-328.892
-325.843
-338.81
-334.561
-329.281
-336.126
-333.161
-330.637
-334.973
-341.235
-329.458
-340.071
-330.673
-328.058
-330.17
-321.822
-344.945
-330.906
-337.795
-349.477
-339.34
-327.93
-336.926
-337.487
-339.382
-330.841
-333.832
-321.713
-332.611
-321.466
-324.893
-336.635
-344.01
-337.162
-340.026
-331.649
-338.375
-322.714
-329.903
-344.139
-326.589
-321.969
-342.994
-332.74
-342.111
-344.437
-338.381
-341.217
-340.331
-343.301
-326.691
-339.367
-331.223
-340.192
-325.22
-333.977
-339.742
-340.134
-334.232
-334.955
-329.577
-339.226
-332.058
-331.431
-329.538
-328.138
-334.743
-328.293
-328.238
-325.165
-336.785
-333.339
-326.544
-324.608
-329.661
-334.818
-331.185
-323.237
-342.007
-341.866
-336.669
-337.208
-326.48
-337.678
-338.192
-331.561
-332.625
-334.735
-326.445
-341.728
-334.449
-318.924
-332.394
-340.564
-330.988
-343.199
-334.157
-330.36
-341.74
-320.343
-329.541
-342.75
-331.756
-336.959
-336.142
-339.459
-339.787
-323.186
-337.319
-325.052
-332.385
-323.205
-330.565
-333.145
-341.436
-328.365
-339.762
-336.89
-339.932
-337.492
-336.231
-334.079
-339.428
-346.826
-342.092
-341.115
-328.574
-337.619
-336.636
-338.6
-339.511
-331.817
-334.439
-344.701
-343.866
-342.083
-331.922
-327.899
-331.49
-335.722
-331.661
-336.273
-325.988
-338.452
-322.443
-334.956
-329.985
-329.276
-326.295
-324.465
-333.585
-336.908
-335.572
-326.84
-335.497
-334.109
-323.639
-329.509
-343.596
-338.537
-325.42
-338.201
-339.402
-339.867
-332.648
-337.955
-333.656
-333.121
-331.251
-337.166
