0.868751 0.835431
0.774638 0.77394
0.853639 0.864928
0.790337 0.70466
0.747218 0.746933
0.768772 0.810675
0.770464 0.775569
0.771866 0.764166
0.69454 0.639759
0.626487 0.832254
0.845029 0.776401
0.836676 0.776872
0.757533 0.818619
0.740479 0.852172
0.87302 0.864112
0.896147 0.898905
0.867008 0.83335
0.752756 0.835479
0.812985 0.762476
0.830409 0.848954
0.774246 0.638246
0.751657 0.746598
0.516993 0.570444
0.691059 0.754023
0.805145 0.744488
0.801257 0.826011
0.72634 0.761199
0.820749 0.823055
0.856774 0.813504
0.889522 0.848038
0.841265 0.802986
0.727031 0.821287
0.866355 0.838055
0.77913 0.806789
0.719955 0.749631
0.878633 0.880489
0.806733 0.635542
0.722406 0.630922
0.718738 0.696895
0.821258 0.657654
0.524173 0.669893
0.784139 0.762728
0.587445 0.711901
0.798898 0.756317
0.905732 0.862386
0.732056 0.813692
0.754748 0.723057
0.688816 0.738992
0.614585 0.837977
0.867614 0.831122
0.788134 0.81827
0.812167 0.764408
0.790359 0.748416
0.85718 0.766383
0.755907 0.759586
0.7748 0.777806
0.755599 0.710028
0.840022 0.843363
0.717115 0.702879
0.820549 0.832481
0.776733 0.794049
0.742667 0.745119
0.843195 0.858944
0.738992 0.785413
0.835559 0.61928
0.723038 0.652108
0.680608 0.549946
0.796017 0.676505
0.762699 0.780783
0.770863 0.82257
0.77809 0.80969
0.721808 0.814943
0.71322 0.775499
0.545522 0.708815
0.789683 0.819575
0.735718 0.807344
0.841218 0.781807
0.789805 0.766757
0.769972 0.680017
0.815186 0.788026
0.682112 0.794511
0.709084 0.837205
0.658708 0.792841
0.764278 0.674242
0.72361 0.814775
0.838756 0.760066
0.835475 0.868508
0.735105 0.746218
0.836401 0.782192
0.822259 0.725412
0.818573 0.870425
0.779152 0.768037
0.788848 0.852065
0.683893 0.68772
0.66511 0.707334
0.690485 0.606469
0.747551 0.77718
0.723101 0.7637
0.84113 0.762183
0.749943 0.651248
0.63118 0.719708
0.668328 0.771179
0.691906 0.787504
0.860313 0.849434
0.824895 0.707417
0.740443 0.73024
0.733616 0.589856
0.649797 0.779338
0.816279 0.842937
0.777916 0.824367
0.730482 0.611789
0.737213 0.774658
0.796756 0.752072
0.67775 0.733068
0.756405 0.734314
0.794836 0.778902
0.705515 0.827507
0.777195 0.707306
0.811757 0.772175
0.847449 0.836319
0.84176 0.797929
0.828399 0.810819
0.741543 0.905164
0.814339 0.760161
0.868612 0.848572
0.746385 0.667027
0.789547 0.840939
0.780395 0.807977
0.69567 0.805668
0.77339 0.757282
0.794884 0.855177
0.876633 0.847233
0.812661 0.849152
0.857671 0.749108
0.802569 0.786109
0.732082 0.657794
0.780307 0.786229
0.741284 0.631248
0.782216 0.890302
0.816614 0.831677
0.80421 0.77038
0.740867 0.823344
0.687106 0.788154
0.813036 0.819626
0.821058 0.843336
0.734606 0.732514
0.745117 0.822225
0.717284 0.81041
0.760346 0.779953
0.570047 0.791697
0.809653 0.823901
0.707734 0.777738
0.745487 0.788708
0.773227 0.813427
0.724422 0.797387
0.779091 0.805766
0.805124 0.797998
0.745859 0.748866
0.820974 0.829111
0.69463 0.794788
0.842302 0.810332
0.8212 0.772053
0.833397 0.711916
0.72167 0.731514
0.836792 0.816797
0.798226 0.612888
0.823606 0.836203
0.773351 0.776088
0.831227 0.87532
0.71008 0.805657
0.82313 0.752567
0.732096 0.821055
0.781467 0.787778
0.831397 0.856358
0.727471 0.821746
0.760825 0.801873
0.768188 0.718739
0.821578 0.825714
0.73965 0.744123
0.788442 0.806413
0.856282 0.834054
0.744813 0.775099
0.690415 0.785155
0.764934 0.821412
0.795446 0.83785
0.867778 0.868998
0.807199 0.817497
0.737588 0.695884
0.754147 0.856334
0.689768 0.819366
0.819602 0.733709
0.84199 0.766672
0.779709 0.834111
0.509824 0.685972
0.65936 0.760892
0.755454 0.718992
0.886256 0.756215
0.789657 0.857236
0.766653 0.69872
0.750421 0.679719
0.699494 0.73303
0.743074 0.676697
0.825016 0.785312
0.807411 0.821369
0.795699 0.75526
0.841788 0.795459
0.88028 0.809973
0.876395 0.807963
0.811833 0.863325
0.785056 0.88171
0.826663 0.778388
0.741853 0.787029
0.821725 0.774585
0.79837 0.641239
0.709477 0.768964
0.763502 0.813282
0.775322 0.676785
0.887027 0.759172
0.841557 0.782864
0.832781 0.799834
0.870002 0.78963
0.868263 0.761756
0.788388 0.767032
0.690464 0.437719
0.711102 0.742016
0.805153 0.725079
0.644493 0.768817
0.705543 0.720656
0.76496 0.679216
0.822048 0.726158
0.799004 0.644189
0.727157 0.598356
0.686921 0.619505
0.784147 0.694139
0.761686 0.833729
0.735369 0.78236
0.808263 0.812002
0.842391 0.731857
0.790885 0.829298
0.796494 0.765568
0.882789 0.82332
0.811596 0.753756
0.844533 0.745412
0.842002 0.80334
0.835278 0.744991
0.863545 0.786713
0.844327 0.730777
0.365418 0.748794
0.793342 0.811294
0.73119 0.705447
0.789281 0.819163
0.559268 0.74095
0.852099 0.75528
0.771505 0.787304
0.797441 0.780824
0.804203 0.781983
0.727269 0.765646
0.770509 0.824984
0.866348 0.853515
0.737599 0.704628
0.841635 0.696463
0.827396 0.728031
0.794201 0.727855
0.597194 0.826186
0.492987 0.703931
0.806286 0.852978
0.705457 0.788626
0.718908 0.817358
0.413952 0.82577
0.793565 0.760889
0.700275 0.605334
0.666294 0.842588
0.814841 0.785684
0.845964 0.785653
0.784035 0.801524
0.787082 0.749518
0.755636 0.852549
0.743626 0.826375
0.734697 0.793363
0.757834 0.846703
0.732846 0.693784
0.840622 0.731531
0.674724 0.763844
0.768089 0.790489
0.78009 0.805829
0.791545 0.815534
0.736769 0.771583
0.811122 0.804467
0.739662 0.8414
0.77437 0.550552
0.790281 0.76805
0.789231 0.767907
0.784267 0.802856
0.748625 0.812486
0.805503 0.800837
0.830376 0.762198
0.839922 0.735018
0.803797 0.830259
0.804124 0.736924
0.736193 0.69017
0.629027 0.680459
0.798699 0.690714
0.771589 0.729643
0.902813 0.809041
0.76476 0.766271
0.722874 0.756707
0.615167 0.530592
0.675887 0.409543
0.852428 0.755972
0.841122 0.810994
0.86154 0.752602
0.844507 0.777847
0.649486 0.801986
0.85937 0.840959
0.833452 0.728091
0.850115 0.778843
0.81826 0.795127
0.839361 0.662942
0.841187 0.834544
0.848665 0.84366
0.838613 0.860809
0.660068 0.696726
0.760574 0.803334
0.811231 0.801681
0.770799 0.82878
0.782514 0.799296
0.833315 0.817064
0.815684 0.737739
0.737288 0.79419
0.838492 0.751391
0.887762 0.788881
0.814733 0.76652
0.716388 0.644384
0.762263 0.700231
0.838386 0.859644
0.723936 0.807552
0.741943 0.667864
0.754649 0.791217
0.841765 0.777111
0.860123 0.811175
0.664798 0.776091
0.792412 0.79559
0.777508 0.762722
0.711118 0.830552
0.830443 0.818338
0.700278 0.825544
0.785406 0.76789
0.810028 0.748187
0.798021 0.689173
0.738776 0.802237
0.7502 0.705544
0.794055 0.766497
0.771222 0.814849
0.745679 0.822443
0.813624 0.802889
0.841027 0.881134
0.822524 0.796024
0.776976 0.787488
0.787467 0.60493
0.753696 0.744898
0.805075 0.699268
0.692721 0.723103
0.833294 0.831313
0.834946 0.737139
0.844126 0.771742
0.764603 0.776803
0.744107 0.844652
0.827916 0.635952
0.787991 0.723099
0.747788 0.78976
0.736808 0.821411
0.786439 0.773388
0.779241 0.802611
0.832771 0.674977
0.831245 0.816399
0.776916 0.686324
0.758299 0.805149
0.81945 0.748131
0.757627 0.738664
0.885117 0.688043
0.813785 0.789173
0.803385 0.824316
0.81567 0.670873
0.824399 0.808075
0.707312 0.767647
0.773677 0.730189
0.798518 0.858823
0.702303 0.750878
0.797397 0.818987
0.791029 0.739577
0.805845 0.848066
0.81977 0.7989
0.76607 0.583889
0.785381 0.852452
0.609973 0.849998
0.696235 0.67345
0.816689 0.772345
0.830534 0.807193
0.764695 0.781846
0.768228 0.774772
0.766102 0.831983
0.814792 0.753129
0.781471 0.700368
0.696088 0.73706
0.776848 0.681732
0.804378 0.821609
0.835514 0.776556
0.73899 0.728744
0.787583 0.804678
0.834492 0.823848
0.837207 0.798814
0.845411 0.814973
0.825917 0.772274
0.712296 0.755683
0.852046 0.798122
0.712625 0.750795
0.85689 0.734007
0.730409 0.74885
0.748932 0.801465
0.802342 0.787148
0.814733 0.772384
0.566106 0.713591
0.423147 0.797548
0.650415 0.855325
0.650642 0.792508
0.823395 0.843923
0.840317 0.839519
0.845849 0.873885
0.821993 0.777427
0.709564 0.744968
0.759049 0.729389
0.848533 0.873367
0.773337 0.840056
0.676174 0.638434
0.778273 0.794989
0.742431 0.720445
0.789216 0.769174
0.847894 0.757369
0.781635 0.783605
0.834654 0.838174
0.768031 0.761809
0.805474 0.701919
0.828325 0.744609
0.810834 0.808625
0.77299 0.85038
0.729875 0.770807
0.490661 0.736243
0.684734 0.648289
0.798763 0.798539
0.739967 0.754452
0.852964 0.858625
0.816567 0.819869
0.769066 0.822562
0.884358 0.880508
0.73369 0.789166
0.803279 0.852226
0.818716 0.748707
0.815844 0.790487
0.835103 0.798723
0.690863 0.648072
0.741156 0.818267
0.734268 0.668642
0.766542 0.732557
0.774142 0.761571
0.778601 0.825819
0.673815 0.79357
0.644623 0.775881
0.858774 0.83005
0.785901 0.74344
0.797564 0.834986
0.783165 0.710092
0.801066 0.770843
0.792699 0.662542
0.738598 0.702624
0.854636 0.815571
0.840986 0.767278
0.712894 0.726626
0.801689 0.776984
0.750886 0.717112
0.819922 0.84622
0.858785 0.824849
0.804834 0.85884
0.795959 0.759875
0.855578 0.72555
0.789034 0.847478
0.795359 0.780934
0.830686 0.814562
0.778396 0.786793
0.815575 0.814795
0.686541 0.745212
0.803783 0.793294
0.745594 0.568714
0.754651 0.851773
0.859977 0.845152
0.850349 0.869392
0.667238 0.771681
0.830674 0.724487
0.81494 0.796302
0.786551 0.671869
0.854943 0.817917
0.741779 0.834438
0.767993 0.759183
0.802548 0.747014
0.767281 0.782253
0.808619 0.758611
0.817414 0.873981
0.816554 0.804906
0.788077 0.843682
0.732569 0.816367
0.830544 0.702202
0.84864 0.842891
0.793037 0.785194
0.875031 0.845223
0.7274 0.673555
0.802835 0.708958
0.81373 0.665811
0.778373 0.601429
0.750093 0.805232
0.727693 0.800844
0.575889 0.720025
0.660936 0.779291
0.673688 0.828335
0.713467 0.77118
0.709815 0.66056
0.670438 0.815013
0.865848 0.835904
0.744894 0.842568
0.807323 0.840297
0.776885 0.797212
0.790548 0.690177
0.836227 0.780037
0.820355 0.73095
0.699483 0.767093
0.765139 0.720505
0.775406 0.76765
0.744164 0.767093
0.613001 0.835996
0.792662 0.786972
0.816518 0.736341
0.700126 0.80717
0.758014 0.771806
0.856228 0.675907
0.80484 0.795944
0.881299 0.870886
0.804415 0.830447
0.78556 0.772929
0.81275 0.741037
0.786336 0.810544
0.898214 0.779244
0.841899 0.829383
0.81151 0.809599
0.653982 0.803395
0.77564 0.685111
0.775435 0.823257
0.813941 0.746192
0.7667 0.814429
0.737423 0.722342
0.799921 0.760699
0.696327 0.652706
0.822236 0.767893
0.836089 0.771918
0.81792 0.758612
0.733346 0.767915
0.640584 0.777683
0.805472 0.837873
0.851904 0.706357
0.653905 0.69146
0.799343 0.740064
0.859467 0.739368
0.799256 0.735764
0.822187 0.796128
0.813665 0.780116
0.758916 0.84269
0.638375 0.831702
0.843816 0.803779
0.757689 0.774153
0.88025 0.838186
0.788526 0.821293
0.79576 0.744217
0.686344 0.6576
0.674828 0.689482
0.737619 0.657297
0.746537 0.849618
0.796037 0.726136
0.657867 0.820232
0.606234 0.744697
0.730371 0.627119
0.85086 0.752416
0.736976 0.740477
0.66392 0.752323
0.778191 0.821492
0.84784 0.810432
0.800725 0.591922
0.766185 0.703013
0.752818 0.813325
0.828264 0.822908
0.770332 0.853847
0.720503 0.668151
0.811062 0.755216
0.662085 0.654458
0.752174 0.784244
0.812758 0.812031
0.764681 0.804863
0.788715 0.731693
0.768905 0.811525
0.717328 0.747052
0.79848 0.807531
0.851167 0.738268
0.859349 0.785682
0.75884 0.716871
0.828221 0.740768
0.821273 0.835951
0.840341 0.787658
0.859933 0.870308
0.841228 0.723053
0.646261 0.708974
0.69958 0.771398
0.553085 0.72321
0.825132 0.746584
0.791443 0.754223
0.779503 0.814991
0.786404 0.773193
0.824856 0.589495
0.784816 0.777844
0.845288 0.8135
0.784748 0.74889
0.809861 0.845938
0.811965 0.763469
0.621691 0.794285
0.660549 0.738563
0.850103 0.87059
0.812035 0.851456
0.851815 0.878344
0.805126 0.829788
0.803343 0.735825
0.726958 0.599901
0.812966 0.848248
0.760798 0.756185
0.791633 0.809626
0.757472 0.783433
0.729993 0.743409
0.779907 0.815907
0.803431 0.810106
0.64716 0.777747
0.795778 0.857264
0.810183 0.830119
0.78322 0.857847
0.833961 0.835044
0.823685 0.833659
0.771255 0.773403
0.811289 0.847283
0.827264 0.724401
0.617678 0.720743
0.768656 0.779764
0.726986 0.75879
0.773033 0.865228
0.775747 0.806
0.701806 0.763483
0.795126 0.772001
0.847569 0.579001
0.795955 0.78382
0.833554 0.706673
0.681711 0.612841
0.725874 0.767608
0.686487 0.739131
0.857637 0.825515
0.772597 0.708192
0.732554 0.795661
0.83094 0.850188
0.840975 0.85108
0.804246 0.729834
0.774864 0.755689
0.776906 0.648501
0.785994 0.820581
0.811142 0.761775
0.800457 0.876288
0.780701 0.787471
0.772027 0.836024
0.739142 0.721155
0.869083 0.761491
0.787743 0.746626
0.787501 0.725748
0.760519 0.750463
0.695181 0.872944
0.71454 0.759852
0.668739 0.823734
0.785024 0.775554
0.809123 0.79489
0.71479 0.715346
0.791494 0.880502
0.804521 0.782325
0.819538 0.745904
0.875537 0.875634
0.874006 0.75332
0.695259 0.84694
0.805691 0.394066
0.796008 0.672909
0.806522 0.821371
0.74571 0.776765
0.788498 0.780047
0.81687 0.75077
0.666533 0.76675
0.773314 0.855155
0.802239 0.800394
0.783821 0.737514
0.888551 0.8638
0.835178 0.811924
0.781432 0.775116
0.85405 0.870408
0.856756 0.764315
0.804165 0.838045
0.700187 0.780867
0.741664 0.749954
0.79106 0.818408
0.73591 0.752072
0.776072 0.829952
0.742477 0.82772
0.830133 0.768796
0.847174 0.817545
0.785055 0.75871
0.673268 0.786076
0.84119 0.801064
0.851317 0.818946
0.822627 0.796024
0.721216 0.702801
0.829284 0.865501
0.784297 0.811245
0.833946 0.764128
0.649707 0.766109
0.829876 0.741861
0.742079 0.784079
0.772727 0.871054
0.759709 0.768871
0.742771 0.600885
0.817611 0.806142
0.829991 0.711132
0.806296 0.742635
0.636517 0.80787
0.813826 0.843648
0.82904 0.77544
0.81608 0.80894
0.77659 0.759981
0.863353 0.717024
0.822379 0.778798
0.858013 0.865966
0.711041 0.834097
0.843408 0.779379
0.748198 0.73933
0.790146 0.64309
0.68906 0.82396
0.762702 0.780689
0.814049 0.778044
0.618347 0.757836
0.756607 0.699536
0.694622 0.81467
0.744418 0.814975
0.69126 0.653969
0.793525 0.769704
0.818811 0.655318
0.822618 0.814116
0.796339 0.804402
0.779699 0.777738
0.745902 0.758778
0.672545 0.816997
0.746798 0.792665
0.843186 0.850635
0.880436 0.803689
0.812252 0.778387
0.644069 0.759304
0.787349 0.77986
0.797599 0.7366
0.757137 0.828095
0.797987 0.571509
0.708517 0.795218
0.793669 0.786479
0.824855 0.791154
0.738855 0.55599
0.676616 0.521212
0.610626 0.0965902
0.697578 0.649645
0.766545 0.823933
0.81777 0.742071
0.660296 0.843147
0.787873 0.740351
0.841286 0.604398
0.709121 0.684051
0.814642 0.79318
0.848294 0.847116
0.783624 0.715028
0.746836 0.729018
0.807085 0.777864
0.733475 0.761316
0.855611 0.820452
0.819809 0.746153
0.641026 0.834841
0.622113 0.830013
0.816512 0.765919
0.752259 0.780781
0.807675 0.733372
0.642657 0.891714
0.82604 0.826132
0.815723 0.785977
0.701494 0.775995
0.775791 0.813357
0.807997 0.833568
0.816276 0.795849
0.799607 0.835255
0.79565 0.712727
0.821446 0.816933
0.761223 0.812835
0.800976 0.841593
0.619994 0.757008
0.641067 0.590512
0.473456 0.609824
0.69636 0.233806
0.814798 0.319371
0.571295 0.79491
0.751101 0.725173
0.776755 0.862205
0.758241 0.793805
0.809947 0.622773
0.733951 0.683898
0.708047 0.736283
0.825981 0.717425
0.812396 0.813584
0.752666 0.725089
0.799253 0.849487
0.85507 0.82229
0.83085 0.896542
0.825348 0.848482
0.760001 0.810741
0.770833 0.822789
0.831013 0.813006
0.863893 0.761941
0.756218 0.852919
0.823206 0.797748
0.516692 0.703185
0.81668 0.786327
0.806483 0.808986
0.734806 0.7797
0.388994 0.772496
0.710953 0.702191
0.854446 0.891196
0.714306 0.776221
0.905942 0.805815
0.745658 0.78841
0.729891 0.724194
0.869119 0.732763
0.871867 0.83842
0.85181 0.826324
0.800534 0.800414
0.720091 0.753988
0.769393 0.819623
0.753153 0.642737
0.770847 0.703807
0.817548 0.768175
0.847166 0.718687
0.786956 0.827192
0.799767 0.741074
0.797326 0.806314
0.869931 0.734507
0.820142 0.787797
0.722604 0.829871
0.692813 0.752812
0.662653 0.808565
0.840946 0.834619
0.806403 0.476326
0.851709 0.790845
0.769171 0.795164
0.767952 0.789486
0.703647 0.805963
0.882035 0.76142
0.730031 0.740569
0.755294 0.80096
0.833623 0.739242
0.788519 0.806773
0.700904 0.658411
0.685341 0.63346
0.709585 0.475196
0.871478 0.793132
0.768858 0.799195
0.772167 0.771139
0.597725 0.645793
0.8379 0.764631
0.733281 0.75897
0.774746 0.731326
0.816427 0.785049
0.370284 0.670648
0.742569 0.862096
0.73765 0.678835
0.732067 0.815078
0.800412 0.808312
0.8392 0.795709
0.831096 0.790075
0.526708 0.727488
0.781982 0.806532
0.790577 0.777897
0.770485 0.83707
0.798664 0.831251
0.729119 0.767966
0.780207 0.824806
0.883298 0.760825
0.834063 0.532761
0.763426 0.520024
0.74942 0.582083
0.686862 0.691937
0.783537 0.813863
0.816962 0.728432
0.840772 0.819657
0.822918 0.697014
0.801678 0.861023
0.78578 0.763053
0.86647 0.850478
0.691235 0.681646
0.815357 0.777197
0.708771 0.665155
0.800632 0.767888
0.714651 0.793917
0.749796 0.789118
0.754726 0.78793
0.799516 0.71772
0.852528 0.836986
0.893479 0.772334
0.806499 0.803012
0.691615 0.882051
0.755581 0.82918
0.769566 0.750354
0.826732 0.828336
0.832974 0.619488
0.723207 0.779233
0.794556 0.733548
0.809167 0.792206
0.765741 0.799428
0.816396 0.847978
0.767868 0.832733
0.724465 0.758299
0.815852 0.8618
0.842785 0.81262
0.843972 0.771607
0.814174 0.816316
0.760533 0.800431
0.82894 0.815676
0.611113 0.764825
0.769936 0.776203
0.67839 0.826601
0.762391 0.838276
0.813924 0.796713
0.788867 0.875946
0.790855 0.83113
0.850853 0.866167
0.630192 0.729932
0.661181 0.831537
0.846654 0.75892
0.852113 0.820641
0.796248 0.847095
0.649278 0.634095
0.845363 0.736168
0.722689 0.692981
0.774979 0.737712
0.816053 0.800089
0.783611 0.787942
0.845715 0.789511
0.684373 0.76404
0.813111 0.783478
0.723075 0.726637
0.82419 0.856369
0.752953 0.807721
0.78464 0.860989
0.777744 0.764337
0.771732 0.643385
0.815884 0.817101
0.761654 0.813411
0.780889 0.838002
0.856099 0.804765
0.721634 0.843488
0.761748 0.873366
0.758719 0.865784
0.767719 0.831082
0.774351 0.725549
0.771924 0.796893
0.819933 0.394525
0.670478 0.739674
0.776826 0.790051
0.756414 0.845083
0.789352 0.842877
0.764154 0.627078
0.85304 0.812644
0.679177 0.760223
0.793888 0.813249
0.798939 0.690843
0.808134 0.761
0.873893 0.724576
0.703137 0.831975
0.872409 0.781
0.849499 0.790837
0.825415 0.789077
0.749755 0.878877
0.823243 0.811425
0.904081 0.783246
0.808198 0.766167
0.85522 0.72484
0.882039 0.643506
0.723151 0.51373
0.742195 0.324476
0.803038 0.486018
0.753112 0.553807
0.861929 0.817222
0.856087 0.829505
0.761009 0.755995
0.739216 0.818996
0.711964 0.784306
0.764057 0.671995
0.795037 0.813967
0.745328 0.801684
0.797734 0.763438
0.705829 0.730458
0.730819 0.782625
0.821762 0.787575
0.69159 0.740092
0.836565 0.841505
0.764269 0.832254
0.782362 0.638871
0.872491 0.805139
0.773005 0.721527
0.650962 0.678719
0.740382 0.761891
0.831787 0.667505
0.717038 0.623676
0.68549 0.563482
0.535547 0.553188
0.741354 0.747408
0.780081 0.851842
0.804347 0.676986
0.755448 0.809529
0.774385 0.81763
0.791891 0.800017
0.711051 0.708687
0.837564 0.77906
0.805363 0.760645
0.847936 0.757476
0.777881 0.714499
0.71497 0.757702
0.685054 0.749219
0.81754 0.826651
0.782484 0.821371
0.804133 0.881068
0.765443 0.732429
0.842907 0.634341
0.801252 0.788242
0.807927 0.829329
0.812608 0.822974
0.844135 0.782208
0.781534 0.787566
0.731316 0.817897
0.74001 0.702472
0.760565 0.803682
0.756915 0.731943
0.812352 0.764553
0.768784 0.829584
0.856111 0.802529
0.777564 0.581319
0.777253 0.729427
0.78832 0.576272
0.671824 0.814298
0.777224 0.529299
0.741157 0.745948
0.746954 0.708688
0.734821 0.782359
0.776731 0.845361
0.530355 0.727468
0.72539 0.762309
0.814152 0.857151
0.78137 0.751464
0.801382 0.688895
0.787158 0.725697
0.751991 0.691883
0.755691 0.820422
0.71624 0.797195
0.791281 0.826109
0.854439 0.781302
0.719087 0.789041
0.854657 0.801262
0.877658 0.808818
0.780664 0.773045
0.704096 0.770877
0.762436 0.647374
0.822919 0.758572
0.776129 0.813383
0.766433 0.744047
0.670431 0.815667
0.836797 0.779497
0.829405 0.84101
0.820113 0.835707
0.862323 0.801654
0.590883 0.836978
0.498241 0.769497
0.618292 0.733748
0.791766 0.852937
0.8439 0.80103
0.684154 0.770606
0.757987 0.789073
0.76092 0.846215
0.694609 0.710774
0.834786 0.757954
0.553042 0.749276
0.772873 0.793841
0.845461 0.843428
0.845308 0.765964
0.541388 0.703368
0.829278 0.66702
0.666297 0.768587
0.849767 0.832221
0.810398 0.735196
0.867921 0.840027
0.666985 0.656031
0.74901 0.712559
0.835938 0.829965
0.849945 0.798373
0.699175 0.776625
0.819307 0.759439
0.751208 0.780719
0.698546 0.60635
0.828455 0.574667
0.746612 0.783035
0.737936 0.80981
0.72798 0.766319
0.758953 0.754779
0.729379 0.7949
0.815057 0.710869
0.698436 0.776202
0.621287 0.78895
0.596028 0.781406
0.726978 0.639603
0.818225 0.815037
0.797773 0.789748
0.847697 0.814465
0.797303 0.793627
0.642217 0.835314
0.834952 0.804336
0.769179 0.832234
0.696602 0.723018
0.770573 0.732351
0.737103 0.776887
0.726627 0.825461
0.698927 0.756992
0.691065 0.776034
0.777969 0.820593
0.781526 0.794085
0.808547 0.880755
0.760429 0.795624
0.798837 0.804628
0.73267 0.695659
0.82471 0.739703
0.805935 0.803101
0.809536 0.781921
0.708215 0.70781
0.670791 0.736806
0.695979 0.834755
0.83824 0.771466
0.748681 0.816779
0.698618 0.762161
0.780376 0.716882
0.726733 0.731841
0.794046 0.756585
0.77043 0.770743
0.805305 0.792833
0.776426 0.779702
0.824854 0.778346
0.62827 0.604493
0.830944 0.805814
0.737631 0.72348
0.832418 0.80172
0.724403 0.756666
0.829921 0.687491
0.664408 0.754689
0.827733 0.830015
0.741838 0.779979
0.867021 0.88478
0.775514 0.858586
0.725379 0.766836
0.732203 0.659904
0.848925 0.799107
0.812699 0.805914
0.66839 0.740319
0.667241 0.640833
0.802505 0.769544
0.737148 0.576947
0.782405 0.732335
0.80817 0.835977
0.860578 0.842982
0.881077 0.82616
0.853698 0.71242
0.797294 0.787675
0.71718 0.796214
0.859127 0.806735
0.775048 0.759614
0.839734 0.844244
0.548111 0.732848
0.645838 0.723226
0.759636 0.58918
0.731376 0.722507
0.634003 0.809516
0.712527 0.831147
0.781104 0.791812
0.832363 0.853073
0.819795 0.819099
0.773205 0.799688
0.841306 0.739155
0.667062 0.813727
0.64761 0.697995
0.843304 0.755644
0.892272 0.757521
0.854504 0.658324
0.596117 0.646407
0.750902 0.773732
0.730009 0.667832
0.682399 0.615956
0.627446 0.798337
0.757323 0.823995
0.781847 0.799513
0.722699 0.802604
0.64453 0.850634
0.873725 0.744068
0.843146 0.839459
0.775641 0.836334
0.807248 0.7974
0.770792 0.757592
0.897421 0.812626
0.667671 0.744211
0.835217 0.783382
0.62547 0.836524
0.780221 0.796185
0.856938 0.821958
0.729673 0.778149
0.72563 0.773911
0.856075 0.729484
0.811818 0.755835
0.716352 0.832275
0.766845 0.760446
0.812553 0.766905
0.802671 0.740749
0.76695 0.709489
0.79124 0.875989
0.811023 0.753233
0.826171 0.75337
0.742379 0.799882
0.785283 0.847531
0.80576 0.754698
0.739198 0.63301
0.831768 0.710503
0.798025 0.839222
0.659885 0.79114
0.759697 0.709931
0.741731 0.798565
0.824446 0.792084
0.795996 0.772092
0.726282 0.744916
0.660869 0.756589
0.852404 0.821017
0.814911 0.787692
0.748691 0.81869
0.756056 0.679374
0.770915 0.739654
0.795982 0.818078
0.878592 0.864324
0.843403 0.817979
0.681656 0.702907
0.888254 0.793681
0.809178 0.806282
0.755468 0.796611
0.77341 0.666022
0.70744 0.762402
0.768811 0.865949
0.619738 0.830564
0.735886 0.787307
0.858321 0.836503
0.785833 0.852436
0.765623 0.819121
0.767849 0.689249
0.693717 0.794901
0.824106 0.783084
0.84371 0.796868
0.772644 0.755668
0.787507 0.758527
0.849558 0.738624
0.806362 0.796004
0.734912 0.822217
0.775686 0.809342
0.675476 0.805601
0.779552 0.819933
0.744283 0.755246
0.63354 0.727611
0.732519 0.751522
0.60753 0.748691
0.760408 0.830301
0.823903 0.803001
0.770377 0.814321
0.697847 0.784074
0.881178 0.661896
0.7465 0.776716
0.820469 0.727707
0.798638 0.674157
0.77632 0.786279
0.781948 0.878665
0.764513 0.785683
0.83249 0.795066
0.699206 0.771776
0.834179 0.839077
0.816828 0.798254
0.774341 0.831776
0.774033 0.796381
0.717491 0.707257
0.623608 0.800408
0.81884 0.782361
0.74223 0.582391
0.715177 0.759368
0.805218 0.715173
0.765074 0.687969
0.814562 0.826597
0.765125 0.775141
0.811531 0.799574
0.774693 0.785846
0.620325 0.777423
0.824817 0.767687
0.615276 0.73206
0.823259 0.806148
0.807728 0.810828
0.815842 0.875354
0.650782 0.730645
0.792297 0.786863
0.670455 0.684695
0.794846 0.830461
0.839529 0.854115
0.72294 0.802829
0.838192 0.784044
0.691308 0.764208
0.483758 0.701065
0.455171 0.744401
0.773648 0.755018
0.718837 0.714165
0.518877 0.809324
0.759247 0.769315
0.760959 0.812417
0.832233 0.858566
0.750138 0.825702
0.832304 0.76781
0.671134 0.706402
0.852326 0.84328
0.820645 0.772
0.848753 0.861429
0.73222 0.881962
0.766896 0.739935
0.795767 0.820101
0.773787 0.765771
0.818174 0.828505
0.651933 0.601858
0.853509 0.67408
0.607568 0.601642
0.766627 0.772278
0.810937 0.846015
0.788908 0.832334
0.757893 0.842568
0.811845 0.766343
0.684954 0.756819
0.72017 0.813948
0.831159 0.876795
0.727738 0.767639
0.740978 0.751389
0.827622 0.800164
0.757048 0.722369
0.523919 0.505112
0.847043 0.805312
0.706919 0.706941
0.833403 0.8296
0.8307 0.832783
0.75795 0.846655
0.764356 0.717446
0.78907 0.596947
0.70846 0.610827
0.64324 0.688325
0.71497 0.762938
0.688912 0.743988
0.666098 0.643685
0.625799 0.681458
0.695995 0.701177
0.665232 0.766943
0.705978 0.584869
0.565779 0.711965
0.857912 0.754576
0.859416 0.791359
0.776956 0.730747
0.573842 0.762336
0.734084 0.544597
0.771436 0.885629
0.827958 0.771548
0.796292 0.795736
0.761669 0.735841
0.69347 0.787698
0.74621 0.815057
0.791799 0.876362
0.816739 0.78552
0.756193 0.859077
0.780502 0.710102
0.796297 0.839452
0.739557 0.752006
0.750845 0.792426
0.831733 0.42578
0.83038 0.692993
0.726667 0.602864
0.725493 0.764393
0.788213 0.842103
0.794363 0.818241
0.751084 0.778293
0.798551 0.853879
0.737983 0.726093
0.697389 0.67756
0.816557 0.907989
0.777032 0.840705
0.784999 0.847492
0.811924 0.806645
0.693673 0.739595
0.70595 0.819881
0.875754 0.789832
0.820481 0.796621
0.737362 0.635469
0.756547 0.797517
0.828643 0.820672
0.810202 0.834387
0.852436 0.829371
0.722752 0.675176
0.694318 0.663124
0.549923 0.795511
0.847845 0.835978
0.783215 0.789473
0.831853 0.837865
0.815438 0.858967
0.76016 0.606906
0.851178 0.760076
0.832013 0.906058
0.782815 0.737241
0.767574 0.85278
0.820734 0.68697
0.835712 0.806319
0.719504 0.749087
0.71482 0.780267
0.745791 0.729983
0.699453 0.817003
0.861789 0.845987
0.795351 0.601403
0.799175 0.79659
0.68364 0.705853
0.657584 0.795828
0.813597 0.720894
0.751377 0.706328
0.720215 0.729621
0.707655 0.860707
0.714886 0.679292
0.679827 0.775108
0.681028 0.762989
0.772757 0.843894
0.860161 0.884108
0.793735 0.79953
0.657272 0.550081
0.780317 0.732163
0.75527 0.809221
0.841008 0.568054
0.773089 0.6761
0.756916 0.508949
0.71572 0.788566
0.792001 0.780402
0.773665 0.79755
0.732842 0.772185
0.810431 0.782198
0.787711 0.777275
0.73987 0.823749
0.820224 0.681481
0.803314 0.76016
0.714935 0.842058
0.849033 0.840819
0.78128 0.819778
0.732642 0.866792
0.718293 0.798226
0.873062 0.814783
0.836651 0.843854
0.826422 0.768748
0.696188 0.802153
0.600284 0.726167
0.713323 0.84245
0.766304 0.786918
0.826736 0.855418
0.81658 0.83596
0.764696 0.525713
0.621594 0.80109
0.76195 0.665634
0.738137 0.585682
0.770772 0.710328
0.831675 0.827577
0.777211 0.739756
0.752317 0.670259
0.826494 0.644059
0.745795 0.731691
0.68624 0.722915
0.772876 0.842858
0.741364 0.803574
0.799064 0.833713
0.85515 0.702515
0.749088 0.710826
0.784446 0.796594
0.667167 0.765286
0.833856 0.500114
0.88258 0.720086
0.781024 0.672231
0.681669 0.843744
0.712286 0.788606
0.825786 0.812832
0.777977 0.837553
0.761944 0.71893
0.81732 0.833126
0.807346 0.81575
0.7772 0.818066
0.832339 0.781069
0.732772 0.690784
0.830076 0.829807
0.830902 0.715623
0.778865 0.764214
0.826069 0.811288
0.742669 0.810156
0.753796 0.833952
0.711423 0.724735
0.685727 0.834553
0.734344 0.738864
0.765694 0.774773
0.853835 0.890654
0.840452 0.823295
0.73289 0.726303
0.839873 0.849605
0.816575 0.694162
0.807675 0.826754
0.785416 0.78554
0.748696 0.809185
0.739417 0.795576
0.696968 0.72937
0.846263 0.757073
0.831319 0.794111
0.700833 0.821062
0.765237 0.852211
0.652966 0.762128
0.830078 0.805114
0.835153 0.755334
0.752824 0.763619
0.637585 0.761066
0.608657 0.53749
0.849818 0.774486
0.849896 0.797584
0.773888 0.760445
0.726704 0.793555
0.741752 0.803643
0.75843 0.823998
0.726688 0.760818
0.791234 0.711603
0.771033 0.766812
0.634132 0.809547
0.588215 0.631961
0.722665 0.692413
0.786082 0.787119
0.679994 0.703461
0.805715 0.806248
0.776656 0.788865
0.813449 0.737186
0.837066 0.764902
0.86835 0.804432
0.732785 0.729496
0.872067 0.842666
0.757916 0.767203
0.774289 0.780186
0.811628 0.735281
0.805937 0.694497
0.751495 0.805664
0.818557 0.80117
0.878734 0.850529
0.795254 0.726471
0.693067 0.689717
0.758346 0.536909
0.858529 0.813328
0.819612 0.775979
0.760633 0.753093
0.766328 0.769135
0.894514 0.862457
0.791992 0.847764
0.765263 0.877626
0.882806 0.819346
0.752257 0.770841
0.815939 0.769615
0.782364 0.824914
0.750921 0.776217
0.802796 0.713172
0.723746 0.832254
0.777661 0.689037
0.70508 0.790603
0.764641 0.8402
0.791546 0.824421
0.806727 0.872729
0.804903 0.717005
0.697544 0.797799
0.794635 0.785056
0.824809 0.818791
0.767638 0.800827
0.691215 0.852581
0.750697 0.799697
0.77684 0.854401
0.72732 0.844456
0.72981 0.808862
0.814739 0.810714
0.604011 0.689361
0.796792 0.798793
0.699308 0.820134
0.751567 0.752848
0.882429 0.787607
0.706922 0.792161
0.717357 0.736778
0.676908 0.654563
0.715029 0.784957
0.692906 0.817506
0.76592 0.814968
0.812098 0.790837
0.808166 0.806198
0.752682 0.78156
0.780217 0.714934
0.840533 0.786572
0.811301 0.673478
0.751607 0.80504
0.726746 0.626159
0.83531 0.793416
0.791216 0.75042
0.741293 0.77744
0.771074 0.692267
0.845055 0.86581
0.74249 0.827011
0.826952 0.717002
0.734445 0.689628
0.797983 0.766163
0.860547 0.859852
0.828042 0.759044
0.640205 0.838165
0.750006 0.766398
0.850126 0.75853
0.797057 0.775806
0.858848 0.872348
0.723508 0.801235
0.823032 0.693217
0.703455 0.793176
0.78421 0.762061
0.736302 0.618353
0.848717 0.902998
0.841418 0.842804
0.681545 0.805421
0.78111 0.751653
0.787866 0.759536
0.817324 0.795854
0.82667 0.699744
0.811333 0.750575
0.739456 0.71355
0.715533 0.756494
0.798531 0.861499
0.771333 0.796892
0.79821 0.873146
0.808913 0.775433
0.793365 0.859361
0.77092 0.784866
0.716793 0.785548
0.740932 0.792604
0.691718 0.689451
0.79937 0.799509
0.819834 0.846502
0.75171 0.66324
0.778826 0.753648
0.780761 0.835497
0.707986 0.82056
0.807989 0.757618
0.772338 0.790728
0.793589 0.771883
0.765513 0.790287
0.757546 0.772612
0.793477 0.763173
0.681145 0.717524
0.851973 0.799429
0.762605 0.885678
0.683787 0.654191
0.796288 0.829221
0.763311 0.828298
0.767368 0.840422
0.626021 0.791288
0.711111 0.736641
0.61915 0.580499
0.617924 0.777053
0.86104 0.797837
0.831608 0.764884
0.802372 0.829855
0.845892 0.771541
0.781835 0.793668
0.803585 0.724252
0.786793 0.858062
0.753909 0.674574
0.774456 0.703758
0.748018 0.714983
0.806096 0.857253
0.81904 0.777788
0.791587 0.785229
0.807246 0.724102
0.799169 0.868341
0.756165 0.790153
0.833467 0.787047
0.678292 0.772916
0.788385 0.722806
0.845867 0.851507
0.575798 0.750018
0.678313 0.845447
0.738374 0.730332
0.763026 0.740603
0.745912 0.891355
0.819856 0.85069
0.639527 0.775326
0.825396 0.813726
0.809294 0.707093
0.720327 0.743614
0.843756 0.815811
0.814279 0.748784
0.407718 0.78748
0.785258 0.760137
0.783987 0.801801
0.761041 0.79292
0.809244 0.781229
0.668456 0.75363
0.769718 0.836534
0.750611 0.703199
0.766133 0.805656
0.757814 0.690733
0.846559 0.746605
0.809602 0.787854
0.683386 0.755461
0.811557 0.877111
0.782396 0.810294
0.735091 0.790559
0.777739 0.705879
0.775868 0.810914
0.813881 0.752985
0.812229 0.655153
0.278225 0.653137
0.688603 0.708295
0.764246 0.744537
0.818974 0.750539
0.77009 0.886928
0.796583 0.783567
0.848277 0.734429
0.818093 0.750566
0.847002 0.744746
0.805087 0.773297
0.79904 0.806792
0.787733 0.838839
0.856784 0.810646
0.714696 0.722602
0.844483 0.833099
0.688244 0.657947
0.822188 0.706179
0.782544 0.591887
0.829243 0.704546
0.764129 0.797814
0.784213 0.773411
0.799855 0.74144
0.788208 0.69042
0.697845 0.684633
0.664401 0.680332
0.706118 0.828159
0.738183 0.621033
0.822901 0.757588
0.821339 0.790764
0.843671 0.699439
0.685172 0.757278
0.657125 0.69924
0.819106 0.708927
0.768091 0.685318
0.632659 0.810181
0.776342 0.724608
0.810241 0.778324
0.745195 0.797444
0.838659 0.814474
0.784084 0.825844
0.836476 0.717159
0.755473 0.745225
0.845032 0.770759
0.654819 0.687099
0.843141 0.697174
0.843476 0.821266
0.741909 0.825449
0.728812 0.640237
0.771575 0.679888
0.858048 0.690868
0.792431 0.851322
0.610696 0.744979
0.530042 0.684207
0.788111 0.534696
0.75223 0.797307
0.888633 0.865105
0.85384 0.775159
0.845189 0.801099
0.616986 0.530369
0.811963 0.503185
0.81459 0.769765
0.785782 0.793801
0.754913 0.859443
0.739671 0.857113
0.745026 0.82668
0.643037 0.7672
0.726935 0.774227
0.785485 0.763302
0.741721 0.800069
0.819043 0.854814
0.740882 0.822481
0.649924 0.719092
0.557767 0.0899192
0.562736 0.584909
0.702238 0.601464
0.512609 0.700616
0.740537 0.760673
0.811076 0.82285
0.656047 0.788202
0.748467 0.704689
0.741209 0.627822
0.791641 0.826597
0.780222 0.767356
0.790491 0.815345
0.887107 0.745533
0.429466 0.79296
0.783969 0.818727
0.848646 0.796391
0.774985 0.884606
0.821433 0.776709
0.701252 0.665887
0.858088 0.833684
0.745381 0.817129
0.710509 0.671362
0.840735 0.742154
0.816407 0.769794
0.821164 0.643882
0.566874 0.752748
0.822503 0.834463
0.596047 0.637851
0.720038 0.774463
0.797233 0.887147
0.83601 0.831691
0.670258 0.774716
0.823002 0.825715
0.814764 0.79329
0.803696 0.806626
0.761213 0.727357
0.741406 0.647469
0.771822 0.769758
0.780822 0.824482
0.753299 0.819541
0.864603 0.839868
0.818048 0.781965
0.7456 0.841274
0.777915 0.837215
0.840322 0.826796
0.838056 0.824532
0.794163 0.762383
0.808198 0.753525
0.812052 0.723705
0.850888 0.797832
0.795532 0.675473
0.799981 0.84344
0.741116 0.83799
0.823587 0.875717
0.708245 0.777716
0.836784 0.781175
0.722288 0.733691
0.759011 0.811881
0.794248 0.796603
0.77146 0.80888
0.813696 0.805776
0.748447 0.842493
0.647084 0.735528
0.697017 0.82245
0.695428 0.787216
0.873045 0.833616
0.784043 0.864833
0.71974 0.771259
0.721759 0.835712
0.803758 0.740193
0.784948 0.808396
0.830867 0.828777
0.688789 0.862347
0.718975 0.80075
0.757832 0.772826
0.815553 0.790173
0.780855 0.80515
0.832915 0.815449
0.826794 0.862623
0.783389 0.757061
0.668978 0.680012
0.686231 0.827753
0.806907 0.75467
0.759221 0.847866
0.826096 0.813047
0.816285 0.845733
0.844528 0.838353
0.801156 0.777486
0.747046 0.771699
0.852574 0.855585
0.801729 0.820246
0.753422 0.712592
0.751269 0.813017
0.806001 0.831749
0.737057 0.768393
0.81761 0.81021
0.786228 0.748755
0.794101 0.856268
0.776217 0.810682
0.777973 0.73527
0.788242 0.796994
0.701143 0.825415
0.817974 0.850453
0.683313 0.815978
0.786631 0.747368
0.817453 0.77695
0.705507 0.704704
0.748806 0.745813
0.787302 0.705279
0.862674 0.633383
0.788633 0.655731
0.688303 0.797545
0.70389 0.718457
0.789172 0.793775
0.844495 0.767109
0.724303 0.831707
0.693424 0.775857
0.706548 0.761265
0.82632 0.799866
0.73997 0.733824
0.822945 0.835708
0.772524 0.730083
0.679076 0.593617
0.718562 0.686145
0.600447 0.750474
0.763414 0.6886
0.829544 0.778732
0.645721 0.772377
0.81083 0.819249
0.787274 0.785187
0.764167 0.733686
0.877238 0.852901
0.846271 0.85347
0.862018 0.793493
0.791197 0.816776
0.755202 0.811068
0.795475 0.816337
0.809838 0.403902
0.769282 0.566175
0.643144 0.755985
0.763403 0.748609
0.771878 0.869421
0.850115 0.755731
0.852159 0.816573
0.769986 0.82
0.582143 0.711689
0.628384 0.737932
0.77917 0.803658
0.798723 0.77886
0.740073 0.792657
0.830292 0.86198
0.803407 0.855559
0.808576 0.813718
0.853934 0.77825
0.705573 0.710099
0.694647 0.811973
0.763362 0.756936
0.692865 0.788116
0.814404 0.737169
0.846049 0.784262
0.733687 0.659622
0.708978 0.777723
0.734432 0.538575
0.501979 0.202396
0.822793 0.604827
0.782081 0.719607
0.826495 0.841664
0.831424 0.664761
0.791148 0.417658
0.698053 0.690369
0.746477 0.661181
0.749191 0.796086
0.75973 0.690241
0.736196 0.768155
0.780229 0.861652
0.794724 0.733577
0.649246 0.823106
0.74495 0.856374
0.848103 0.831069
0.808171 0.844178
0.806981 0.807889
0.71239 0.757583
0.717291 0.758811
0.797712 0.81766
0.806496 0.738337
0.841745 0.807639
0.804908 0.74162
0.772049 0.625657
0.751158 0.838974
0.699505 0.817739
0.777572 0.762077
0.74336 0.676389
0.731908 0.794348
0.687074 0.717803
0.816804 0.814073
0.744295 0.745865
0.615414 0.771124
0.745045 0.708133
0.791443 0.71845
0.797348 0.830858
0.859587 0.834833
0.900711 0.807873
0.775456 0.862294
0.78823 0.67616
0.790427 0.77891
0.798774 0.704579
0.725883 0.82321
0.782444 0.782086
0.843229 0.812643
0.704258 0.737054
0.748652 0.762967
0.750558 0.751596
0.777223 0.817484
0.795647 0.856017
0.795303 0.769493
0.7009 0.667681
0.82359 0.718751
0.734294 0.79258
0.566271 0.785477
0.717713 0.749552
0.836027 0.84291
0.822396 0.769501
0.743582 0.827002
0.761168 0.778215
0.872764 0.667058
0.66047 0.752578
0.861248 0.734105
0.814638 0.867773
0.83549 0.712252
0.778195 0.810769
0.812116 0.775576
0.741918 0.668072
0.662926 0.652241
0.804271 0.793341
0.818479 0.675671
0.805473 0.845117
0.736345 0.758307
0.869801 0.834687
0.858911 0.798487
0.746438 0.817781
0.757417 0.751388
0.681259 0.808376
0.812785 0.640428
0.755562 0.784918
0.826741 0.848339
0.88044 0.813383
0.624879 0.763363
0.833823 0.676056
0.841767 0.68918
0.654753 0.744436
0.729853 0.710409
0.793629 0.813503
0.827741 0.694022
0.817762 0.81965
0.850595 0.76885
0.805351 0.714646
0.785418 0.855155
0.739504 0.752479
0.545405 0.75017
0.685458 0.774405
0.703168 0.800147
0.833387 0.785433
0.861335 0.774038
0.731947 0.836782
0.837154 0.706084
0.702092 0.662439
0.838927 0.691132
0.781415 0.769722
0.709169 0.784334
0.776575 0.791919
0.783962 0.796106
0.831656 0.754749
0.813177 0.817851
0.845848 0.763506
0.807972 0.836147
0.763008 0.672534
0.791575 0.84701
0.787648 0.717314
0.700294 0.780277
0.750114 0.836724
0.803239 0.794914
0.717877 0.826262
0.87323 0.852092
0.801175 0.779132
0.902425 0.839994
0.851927 0.879231
0.700528 0.808828
0.813196 0.718145
0.802882 0.802387
0.865954 0.775561
0.752376 0.810127
0.80017 0.845177
0.735918 0.766853
0.828919 0.823427
0.78231 0.72426
0.808509 0.837878
0.758296 0.656683
0.808669 0.802414
0.71864 0.657755
0.797436 0.781875
0.635114 0.711376
0.848114 0.73444
0.825815 0.77623
0.747302 0.833367
0.762596 0.815084
0.808049 0.750201
0.84076 0.78287
0.858982 0.854317
0.640043 0.654573
0.769813 0.609018
0.721428 0.734222
0.867348 0.812233
0.758583 0.799067
0.797612 0.803075
0.748834 0.712056
0.835772 0.848627
0.824908 0.742417
0.709223 0.723823
0.814494 0.552747
0.673034 0.438081
0.699622 0.69833
0.816341 0.812458
0.87858 0.755044
0.842058 0.767178
0.853532 0.755199
0.813463 0.879767
0.793313 0.733189
0.688949 0.798574
0.826882 0.828289
0.734547 0.71791
0.741999 0.849748
0.8637 0.839062
0.785817 0.840899
0.767966 0.783727
0.767511 0.744643
0.813977 0.673087
0.542464 0.754493
0.769338 0.813323
0.842014 0.831031
0.796052 0.769329
0.777069 0.711279
0.841669 0.780644
0.798816 0.764698
0.818104 0.77833
0.769552 0.77496
0.819334 0.790245
0.767015 0.805513
0.784106 0.82555
0.640326 0.665839
0.803624 0.650874
0.772563 0.717017
0.715236 0.637699
0.761986 0.474135
0.865525 0.830371
0.83342 0.806654
0.861671 0.847795
0.822572 0.803847
0.74015 0.784553
0.728254 0.866735
0.777861 0.744648
0.837488 0.75851
0.753536 0.7632
0.802942 0.761643
0.792843 0.711596
0.631095 0.814239
0.746326 0.833372
0.725586 0.772311
0.721371 0.804372
0.705411 0.778789
0.696596 0.804293
0.649576 0.830228
0.626595 0.710597
0.737079 0.838133
0.83443 0.8151
0.740649 0.748058
0.734791 0.554927
0.819477 0.862388
0.8577 0.854131
0.766815 0.794019
0.707286 0.750593
0.758221 0.787805
0.774824 0.812962
0.755332 0.787939
0.671269 0.784042
0.792925 0.714728
0.74691 0.699967
0.766058 0.756192
0.777011 0.747632
0.8807 0.737041
0.776298 0.811741
0.782827 0.832765
0.774161 0.857197
0.839586 0.687858
0.728958 0.73845
0.752471 0.836041
0.780922 0.76559
0.78875 0.709677
0.857115 0.865027
0.706287 0.710161
0.742656 0.773597
0.795582 0.406621
0.732891 0.0664389
0.687144 0.510292
0.634675 0.549265
0.684935 0.559174
0.600956 0.73106
0.827013 0.66498
0.588998 0.780627
0.854937 0.751574
0.783906 0.822331
0.721676 0.754664
0.786709 0.857217
0.741984 0.71528
0.795672 0.835474
0.720319 0.859258
0.71834 0.736506
0.791511 0.800453
0.615934 0.664036
0.82264 0.828298
0.72289 0.801407
0.723215 0.843121
0.831346 0.824728
0.869493 0.811471
0.805845 0.747495
0.807682 0.827156
0.863386 0.820383
0.613573 0.774271
0.777928 0.641063
0.827338 0.749259
0.815942 0.86599
0.799394 0.895188
0.696812 0.566028
0.765709 0.66489
0.770133 0.751092
0.803363 0.738105
0.80811 0.781838
0.706997 0.759329
0.863307 0.871427
0.766208 0.731349
0.771998 0.796774
0.824037 0.808828
0.8287 0.775186
0.768255 0.757289
0.74541 0.754045
0.847969 0.827598
0.740156 0.80754
0.839893 0.695523
0.810804 0.830734
0.754903 0.678303
0.691482 0.837081
0.849587 0.822955
0.851811 0.81448
0.789058 0.82884
0.849444 0.839064
0.692345 0.737092
0.658635 0.839464
0.727371 0.850039
0.814459 0.801396
0.873819 0.857331
0.77143 0.715658
0.828118 0.740073
0.685669 0.777709
0.833053 0.812452
0.774872 0.839841
0.754256 0.738112
0.748451 0.750441
0.848619 0.781833
0.839279 0.857526
0.737301 0.743675
0.745769 0.606401
0.516402 0.652445
0.587594 0.292903
0.753323 0.549498
0.801511 0.274679
0.468829 0.518808
0.817372 0.819277
0.728851 0.76799
0.761868 0.788318
0.711631 0.617923
0.730847 0.774967
0.829473 0.764342
0.705958 0.762086
0.825897 0.721748
0.714054 0.697043
0.780572 0.854005
0.794433 0.759571
0.716946 0.835091
0.811704 0.845838
0.706346 0.799927
0.669853 0.756459
0.711283 0.634019
0.350224 0.642442
0.544743 0.508075
0.67701 0.771599
0.805979 0.775495
0.744188 0.713845
0.700686 0.839749
0.749898 0.736411
0.653776 0.780392
0.69247 0.706246
0.74975 0.72703
0.719506 0.810019
0.731871 0.810146
0.721235 0.800858
0.832158 0.842485
0.803895 0.825605
0.640855 0.798413
0.739733 0.798127
0.838261 0.822318
0.81223 0.69594
0.684987 0.673413
0.739343 0.750719
0.822939 0.859283
0.749057 0.70326
0.831314 0.774146
0.776055 0.833997
0.865246 0.826266
0.840808 0.801731
0.796745 0.70875
0.795662 0.823036
0.642667 0.595193
0.49153 0.728956
0.702108 0.783675
0.86857 0.795222
0.713008 0.823975
0.828324 0.787146
0.811251 0.825111
0.767827 0.809571
0.831944 0.799942
0.812875 0.750669
0.74027 0.774025
0.843658 0.805402
0.806083 0.834406
0.831315 0.74081
0.756365 0.727211
0.734764 0.705957
0.699301 0.750881
0.886063 0.83843
0.762355 0.777391
0.82781 0.729775
0.670006 0.811887
0.799694 0.822925
0.659409 0.763921
0.769284 0.761966
0.748023 0.746839
0.741193 0.6931
0.786016 0.801432
0.813697 0.810055
0.816195 0.812565
0.763519 0.78131
0.780599 0.809692
0.811038 0.798839
0.718489 0.604944
0.694928 0.800663
0.731841 0.778601
0.80572 0.815739
0.784292 0.738739
0.717839 0.7473
0.803845 0.780614
0.65441 0.887116
0.775814 0.805736
0.790234 0.829289
0.7291 0.766907
0.863244 0.810276
0.801875 0.856791
0.52423 0.600266
0.73633 0.69279
0.821843 0.734707
0.811101 0.846711
0.871532 0.791218
0.793516 0.810028
0.796062 0.819202
0.732139 0.748289
0.794646 0.863361
0.807578 0.864284
0.839439 0.82341
0.753259 0.773289
0.68492 0.801905
0.728024 0.736269
0.794847 0.817451
0.820866 0.803591
0.753633 0.80626
0.835379 0.609551
0.827639 0.832248
0.745468 0.778553
0.808908 0.839233
0.688454 0.663362
0.765476 0.818309
0.75558 0.805742
0.776767 0.806917
0.807915 0.831704
0.83456 0.830084
0.829638 0.835517
0.801873 0.865725
0.774312 0.756247
0.806711 0.777509
0.803547 0.777076
0.691203 0.79407
0.764553 0.678436
0.860124 0.761156
0.79661 0.78464
0.833442 0.838426
0.740838 0.626041
0.824784 0.745866
0.812998 0.575287
0.866492 0.790877
0.753751 0.77979
0.796742 0.752672
0.788688 0.775487
0.83857 0.768386
0.771625 0.828358
0.802997 0.728373
0.717361 0.807153
0.768959 0.853661
0.843101 0.825394
0.852039 0.847572
0.865562 0.786766
0.669744 0.724688
0.819755 0.805282
0.888122 0.819176
0.798406 0.862822
0.733707 0.736139
0.783133 0.595917
0.877886 0.779045
0.798502 0.742783
0.752041 0.783203
0.764209 0.7592
0.780183 0.703598
0.708044 0.62178
0.806221 0.800398
0.843911 0.846204
0.857204 0.838617
0.838495 0.707871
0.849496 0.836103
0.810313 0.789101
0.784105 0.846636
0.589568 0.835265
0.600805 0.649522
0.364413 0.570489
0.459784 0.739952
0.779876 0.851281
0.673636 0.820649
0.829467 0.803098
0.898096 0.747503
0.74893 0.809696
0.773276 0.78257
0.780202 0.856107
0.780191 0.648873
0.716466 0.839417
0.769709 0.797542
0.559121 0.762167
0.709923 0.718942
0.586141 0.678489
0.733017 0.845512
0.731705 0.725395
0.820787 0.832959
0.862231 0.778501
0.778094 0.835808
0.871508 0.752239
0.844757 0.823331
0.743445 0.768231
0.771549 0.753641
0.778634 0.706062
0.821913 0.824276
0.849913 0.801798
0.777551 0.673429
0.765159 0.869809
0.851184 0.810332
0.78995 0.840536
0.838338 0.745225
0.672637 0.532199
0.668351 0.708723
0.787783 0.825876
0.815512 0.780751
0.7337 0.7453
0.749294 0.804913
0.803124 0.767203
0.865132 0.845686
0.844878 0.860456
0.71362 0.743692
0.794844 0.68935
0.766865 0.843416
0.814159 0.817214
0.769418 0.694425
0.698953 0.813234
0.749913 0.758425
0.578648 0.819061
0.70703 0.870715
0.833905 0.738103
0.751748 0.805832
0.84134 0.816264
0.795596 0.82233
0.807551 0.792544
0.722615 0.813895
0.69383 0.822374
0.845419 0.630151
0.759158 0.740344
0.610207 0.711191
0.826736 0.739445
0.686127 0.75269
0.846716 0.760646
0.77409 0.747536
0.752777 0.759557
0.803648 0.798061
0.815671 0.798889
0.81017 0.707348
0.809524 0.825424
0.835183 0.592688
0.75272 0.726557
0.818745 0.779592
0.684039 0.806144
0.84673 0.788571
0.70261 0.805164
0.840991 0.760964
0.795902 0.832724
0.75561 0.679411
0.744096 0.773438
0.874728 0.802589
0.753881 0.825554
0.788151 0.814558
0.832751 0.778948
0.815094 0.668526
0.8489 0.771664
0.856823 0.835429
0.728144 0.782435
0.726652 0.792052
0.790347 0.821182
0.827956 0.854004
0.883349 0.824371
0.833172 0.804972
0.712526 0.763154
0.574431 0.706213
0.739791 0.641706
0.767624 0.835103
0.777293 0.812457
0.782152 0.784835
0.842651 0.757367
0.760531 0.661626
0.80898 0.722038
0.776274 0.689771
0.81048 0.792916
0.774241 0.759129
0.799748 0.801777
0.819152 0.73405
0.808012 0.789317
0.787005 0.856641
0.68289 0.780204
0.762614 0.778038
0.784455 0.793284
0.70548 0.732351
0.79712 0.862158
0.817662 0.789128
0.740701 0.865783
0.795849 0.845245
0.744171 0.781772
0.761718 0.763052
0.6481 0.721639
0.692244 0.809393
0.81872 0.791757
0.715678 0.757915
0.80722 0.7742
0.730273 0.639612
0.780146 0.81337
0.44365 0.601643
0.809706 0.781424
0.902932 0.816559
0.714929 0.766517
0.734984 0.759471
0.678726 0.607581
0.807297 0.443701
0.68667 0.787972
0.790226 0.655918
0.856981 0.610341
0.815721 0.84304
0.719471 0.76024
0.770111 0.832325
0.801102 0.753415
0.810597 0.802241
0.863399 0.811176
0.72921 0.786268
0.664709 0.658317
0.774859 0.644246
0.754484 0.649576
0.819208 0.730557
0.832783 0.826843
0.839812 0.797133
0.805491 0.724635
0.674231 0.61918
0.847885 0.780501
0.820531 0.863539
0.773765 0.820806
0.804313 0.716959
0.747902 0.783487
0.799582 0.879193
0.758901 0.788294
0.855735 0.72945
0.84623 0.707565
0.871227 0.829932
0.709173 0.713452
0.762521 0.811793
0.804309 0.834198
0.859236 0.851425
0.678815 0.821033
0.779848 0.865562
0.812693 0.811714
0.774789 0.768133
0.849087 0.790308
0.784496 0.811546
0.793085 0.833948
0.844084 0.825961
0.788611 0.759003
0.822227 0.794422
0.646703 0.702123
0.742682 0.817761
0.708543 0.799717
0.79022 0.772205
0.706711 0.734681
0.811176 0.867593
0.844862 0.789737
0.757641 0.726596
0.760047 0.752543
0.824134 0.746681
0.807053 0.788922
0.676374 0.863036
0.72347 0.73828
0.83865 0.784958
0.879221 0.7272
0.785483 0.766421
0.801513 0.851396
0.750601 0.791567
0.715475 0.754455
0.651826 0.774214
0.763439 0.777972
0.825981 0.838029
0.800089 0.530536
0.749657 0.836519
0.770953 0.723174
0.831317 0.653597
0.769097 0.846926
0.793462 0.780162
0.734293 0.843271
0.814884 0.756604
0.82366 0.808152
0.809484 0.799311
0.853173 0.675448
0.823861 0.843078
0.812249 0.822993
0.829677 0.79147
0.788059 0.802959
0.802199 0.791761
0.737554 0.793598
0.79879 0.767559
0.774011 0.808677
0.594295 0.794529
0.764915 0.819843
0.62351 0.740966
0.782346 0.81814
0.80658 0.784974
0.85652 0.787889
0.790567 0.774848
0.804688 0.675939
0.690559 0.7776
0.774911 0.538105
0.819897 0.824396
0.89758 0.799795
0.802079 0.833556
0.82839 0.774288
0.822567 0.846784
0.797067 0.822737
0.826984 0.767352
0.719434 0.786326
0.796211 0.56556
0.674041 0.704285
0.650858 0.709372
0.857675 0.812502
0.89353 0.770214
0.762508 0.743102
0.794753 0.838224
0.834791 0.767483
0.812811 0.753113
0.874896 0.848102
0.738595 0.758553
0.85499 0.726513
0.707665 0.711945
0.798237 0.786724
0.735361 0.777044
0.734976 0.789866
0.750592 0.772645
0.708268 0.787856
0.827343 0.837918
0.836683 0.651855
0.641107 0.788143
0.839677 0.829297
0.70872 0.790723
0.838485 0.871437
0.741812 0.771853
0.709866 0.675056
0.787251 0.761662
0.870483 0.844291
0.843662 0.777818
0.817105 0.708241
0.673181 0.836117
0.70764 0.822232
0.703457 0.739995
0.847726 0.738812
0.873022 0.752905
0.776479 0.869605
0.739423 0.726029
0.759637 0.813461
0.762983 0.812501
0.857842 0.851492
0.734639 0.765377
0.874753 0.832765
0.858692 0.796983
0.743598 0.692596
0.814733 0.780058
0.817158 0.843406
0.788311 0.723386
0.680808 0.680922
0.806999 0.819805
0.766097 0.820025
0.811045 0.675701
0.83368 0.765517
0.675654 0.755964
0.806876 0.69767
0.7968 0.807142
0.702096 0.624952
0.850022 0.844833
0.787661 0.84639
0.760345 0.763377
0.519693 0.687382
0.707152 0.791707
0.847096 0.810828
0.816384 0.791893
0.823632 0.838662
0.866625 0.8553
0.833359 0.871507
0.675634 0.651283
0.66335 0.70633
0.722204 0.806111
0.743616 0.742569
0.803666 0.768873
0.640227 0.626117
0.703567 0.723089
0.859246 0.859702
0.756683 0.763508
0.798391 0.758611
0.661619 0.788771
0.766074 0.834424
0.774499 0.757354
0.747685 0.777066
0.691651 0.833824
0.75592 0.731217
0.696361 0.613601
0.771282 0.802024
0.852688 0.809834
0.810331 0.837721
0.709834 0.833338
0.798263 0.841473
0.805733 0.841754
0.736898 0.841448
0.817794 0.74797
0.831753 0.79159
0.833176 0.803639
0.854496 0.815224
0.799284 0.784615
0.84646 0.721795
0.710848 0.714436
0.86025 0.829403
0.765807 0.854517
0.790462 0.82629
0.719314 0.782126
0.864083 0.82487
0.827689 0.726232
0.779691 0.654076
0.844264 0.798966
0.821037 0.696639
0.763115 0.849373
0.818073 0.830634
0.786978 0.785249
0.815618 0.796705
0.863299 0.832696
0.706654 0.701201
0.757207 0.830528
0.874981 0.856163
0.73295 0.787039
0.730556 0.693074
0.862526 0.645849
0.814329 0.747142
0.827544 0.764453
0.843773 0.858846
0.757886 0.643269
0.769182 0.733103
0.774601 0.73136
0.841722 0.691842
0.794324 0.769945
0.823079 0.6767
0.823347 0.840512
0.773166 0.747487
0.797359 0.864116
0.789101 0.577056
0.80626 0.853541
0.848207 0.82681
0.822693 0.871388
0.845289 0.72476
0.759951 0.720967
0.779638 0.77334
0.769653 0.76697
0.823383 0.772318
0.755273 0.839389
0.768366 0.667216
0.790041 0.641782
0.771397 0.605545
0.721153 0.700566
0.791041 0.623671
0.865 0.459333
0.819444 0.846528
0.842626 0.848055
0.7723 0.669379
0.797773 0.778202
0.794397 0.783502
0.739371 0.767954
0.781762 0.808686
0.853126 0.719353
0.770639 0.812974
0.838587 0.790288
0.823499 0.860464
0.790032 0.799464
0.782744 0.773377
0.76584 0.733503
0.787504 0.793955
0.658112 0.653387
0.743295 0.650822
0.626648 0.750345
0.722933 0.695963
0.869069 0.776061
0.699918 0.752953
0.616286 0.695984
0.646662 0.750926
0.779682 0.851867
0.724512 0.849888
0.817065 0.808676
0.776922 0.792464
0.705432 0.768475
0.725801 0.830609
0.781376 0.720312
0.843988 0.866541
0.657968 0.708548
0.802753 0.72462
0.763823 0.630547
0.769737 0.794828
0.853419 0.773481
0.816452 0.811047
0.859822 0.766488
0.801177 0.819125
0.868283 0.79661
0.472508 0.764843
0.811455 0.744512
0.696698 0.758471
0.790848 0.851165
0.683559 0.730555
0.841617 0.700784
0.720673 0.785056
0.824865 0.682799
0.744857 0.853004
0.85346 0.814749
0.781621 0.768973
0.684481 0.64904
0.609926 0.823002
0.775102 0.836195
0.76224 0.768106
0.655276 0.721124
0.788586 0.776133
0.756578 0.793087
0.783975 0.826761
0.798246 0.74592
0.786877 0.764719
0.705551 0.73534
0.812047 0.871738
0.787504 0.805
0.759722 0.733686
0.736095 0.739289
0.75989 0.832221
0.819902 0.804339
0.695012 0.776136
0.780876 0.748344
0.804595 0.741918
0.737738 0.70072
0.831469 0.882507
0.833636 0.767271
0.679769 0.845298
0.720897 0.62933
0.792293 0.841489
0.729635 0.708211
0.797645 0.847518
0.81958 0.902768
0.830701 0.803408
0.66625 0.694217
0.816286 0.832825
0.75973 0.815438
0.823167 0.87121
0.686673 0.80332
0.683495 0.776786
0.815124 0.729852
0.682792 0.826002
0.824135 0.824785
0.759819 0.745996
0.837349 0.806512
0.726718 0.841012
0.692532 0.773735
0.78874 0.558137
0.848752 0.813589
0.751575 0.780823
0.842874 0.782513
0.78685 0.74558
0.781836 0.745768
0.796241 0.804424
0.740258 0.447464
0.506933 0.657246
0.737715 0.851059
0.778753 0.794696
0.652075 0.763326
0.697362 0.76917
0.845436 0.774375
0.708735 0.698219
0.635803 0.688078
0.829115 0.840513
0.756684 0.789117
0.748252 0.827257
0.784635 0.866157
0.789243 0.766148
0.847927 0.753329
0.778042 0.845199
0.745597 0.767712
0.792247 0.700475
0.778311 0.802879
0.66434 0.570304
0.767888 0.745665
0.80266 0.739501
0.773748 0.745127
0.756402 0.833746
0.758732 0.749752
0.664522 0.672772
0.688935 0.734207
0.715249 0.635997
0.67284 0.856522
0.811831 0.809916
0.809204 0.814697
0.801302 0.755089
0.820723 0.789991
0.726736 0.732277
0.838967 0.836525
0.748933 0.810803
0.82218 0.782084
0.817872 0.807675
0.811785 0.73764
0.839233 0.697342
0.716558 0.812299
0.766194 0.854466
0.760176 0.788153
0.79232 0.627564
0.833232 0.782385
0.777567 0.828261
0.546159 0.839646
0.706371 0.842518
0.773335 0.715994
0.809573 0.750435
0.820104 0.761305
0.731808 0.805246
0.737821 0.756281
0.827669 0.77259
0.833802 0.649875
0.877023 0.775979
0.769665 0.82643
0.851509 0.738697
0.726746 0.669183
0.811337 0.721389
0.703557 0.785562
0.824608 0.857859
0.814006 0.79637
0.830173 0.818304
0.774616 0.824438
0.600094 0.700239
0.827217 0.859735
0.689205 0.841537
0.858884 0.817061
0.772082 0.750398
0.696628 0.734738
0.646471 0.721709
0.762268 0.822136
0.83652 0.749199
0.728446 0.750426
0.599935 0.77579
0.70915 0.828482
0.736212 0.61623
0.764682 0.735565
0.779142 0.750739
0.748079 0.779581
0.851703 0.823105
0.750555 0.746052
0.744992 0.570221
0.742516 0.774632
0.855234 0.857516
0.779127 0.750992
0.883518 0.794675
0.766091 0.756559
0.716618 0.809705
0.795963 0.825133
0.828565 0.702968
0.763877 0.603334
0.879885 0.826239
0.779851 0.681157
0.749573 0.742003
0.861084 0.841674
0.661757 0.748588
0.67816 0.672348
0.768157 0.685301
0.565351 0.77792
0.603952 0.67819
0.615177 0.731187
0.615534 0.756607
0.715919 0.731179
0.710126 0.604101
0.761238 0.789559
0.783664 0.713685
0.730525 0.684966
0.818857 0.67975
0.831679 0.800027
0.861095 0.82655
0.804748 0.722655
0.53964 0.782007
0.839342 0.596699
0.8326 0.792668
0.732547 0.721959
0.706323 0.734289
0.82713 0.737814
0.774744 0.795677
0.757547 0.730262
0.763257 0.804757
0.842142 0.83715
0.842279 0.812705
0.78508 0.779715
0.850486 0.828284
0.754561 0.798945
0.824204 0.778279
0.769554 0.79395
0.699202 0.750348
0.860643 0.742558
0.830995 0.857297
0.725978 0.78938
0.77884 0.75019
0.846109 0.720464
0.769425 0.66909
0.607112 0.779448
0.821319 0.848724
0.845007 0.804319
0.820443 0.742266
0.731242 0.745289
0.81947 0.790124
0.842583 0.788877
0.799761 0.83854
0.887635 0.89055
0.814964 0.875236
0.792045 0.773219
0.788332 0.844977
0.80127 0.81476
0.799936 0.707889
0.804331 0.775416
0.527927 0.801769
0.804073 0.822534
0.641015 0.717908
0.836309 0.754866
0.856644 0.735771
0.850978 0.760692
0.580691 0.788106
0.784744 0.871467
0.887928 0.885231
0.746215 0.737068
0.827233 0.860725
0.800281 0.802733
0.789259 0.870775
0.793695 0.78191
0.74625 0.674957
0.840338 0.724925
0.865425 0.762849
0.773042 0.857436
0.80441 0.781857
0.829244 0.87023
0.809602 0.809637
0.700034 0.793697
0.702608 0.76849
0.683785 0.794076
0.695401 0.777258
0.688227 0.826301
0.653503 0.810953
0.73748 0.756868
0.889971 0.813202
0.866455 0.839386
0.827642 0.734949
0.766895 0.756085
0.662348 0.543238
0.843351 0.79565
0.839987 0.76021
0.817137 0.788886
0.802474 0.824078
0.828827 0.772761
0.821891 0.789195
0.826008 0.749268
0.634948 0.610389
0.78298 0.86179
0.828612 0.789224
0.73741 0.818486
0.777095 0.787698
0.750876 0.722661
0.811281 0.799775
0.849594 0.908726
0.811217 0.807537
0.826172 0.829731
0.743534 0.784185
0.821709 0.801955
0.738025 0.566506
0.768156 0.663951
0.847873 0.84918
0.807947 0.680217
0.855096 0.870052
0.744026 0.756313
0.736251 0.762534
0.730116 0.72773
0.618965 0.568408
0.755351 0.826036
0.85077 0.704776
0.828696 0.797927
0.756133 0.822095
0.833504 0.861147
0.796448 0.788742
0.858174 0.831475
0.812105 0.812676
0.756 0.817271
0.807713 0.851091
0.838609 0.830572
0.843769 0.717071
0.765446 0.716422
0.680618 0.843981
0.668598 0.823026
0.749876 0.793063
0.682888 0.743215
0.619504 0.747107
0.755766 0.740846
0.724592 0.693326
0.620914 0.71544
0.708301 0.718928
0.78 0.790016
0.730009 0.701171
0.721251 0.769997
0.809936 0.797305
0.761436 0.843391
0.803892 0.818564
0.651505 0.81853
0.764814 0.674355
0.788563 0.824375
0.825179 0.772323
0.799822 0.49794
0.749334 0.737256
0.81999 0.631418
0.795884 0.587594
0.865492 0.889977
0.846608 0.841342
0.793638 0.732331
0.809872 0.822029
0.734397 0.731313
0.592471 0.696349
0.700467 0.762884
0.701734 0.739684
0.76318 0.782653
0.755397 0.745728
0.829434 0.826446
0.783548 0.754734
0.707586 0.801397
0.747675 0.780867
0.814712 0.782861
0.880202 0.870084
0.777207 0.860883
0.765018 0.791092
0.730357 0.742089
0.783892 0.809093
0.832103 0.824498
0.807928 0.704856
0.812342 0.784019
0.800106 0.785631
0.836397 0.794828
0.821383 0.825648
0.676929 0.793186
0.788157 0.801803
0.829195 0.839854
0.73988 0.698684
0.767139 0.836761
0.832071 0.785111
0.633288 0.611487
0.678999 0.816683
0.82156 0.775334
0.725929 0.757652
0.743892 0.701812
0.706305 0.741699
0.845419 0.794853
0.752842 0.864614
0.78264 0.789035
0.737818 0.883346
0.652572 0.834438
0.754148 0.786616
0.753535 0.894915
0.767697 0.819691
0.668537 0.669216
0.732672 0.484503
0.593056 0.605817
0.741651 0.81397
0.84101 0.86361
0.807676 0.796942
0.627821 0.74505
0.854113 0.846436
0.793641 0.720786
0.717089 0.67055
0.816576 0.8468
0.798964 0.701625
0.649492 0.802929
0.745488 0.702382
0.763912 0.75134
0.747795 0.691674
0.843377 0.823372
0.809819 0.697842
0.838826 0.786602
0.804421 0.830055
0.730022 0.644051
0.786363 0.800615
0.845071 0.8172
0.741321 0.708216
0.734073 0.662732
0.629295 0.68588
0.650623 0.797693
0.801759 0.823726
0.677103 0.741969
0.590287 0.825025
0.643565 0.739323
0.794713 0.851564
0.844609 0.806641
0.83941 0.811171
0.766731 0.797524
0.714901 0.829125
0.761659 0.472322
0.759877 0.675916
0.766889 0.750907
0.827768 0.844871
0.830854 0.762045
0.783452 0.779242
0.793688 0.636285
0.682012 0.739667
0.703965 0.589925
0.817931 0.746555
0.693116 0.822301
0.628846 0.729673
0.796703 0.788212
0.851272 0.819126
0.793997 0.806867
0.594656 0.5889
0.73708 0.747311
0.788547 0.78656
0.768351 0.808587
0.705434 0.804012
0.822982 0.806695
0.859779 0.830281
0.678111 0.733097
0.658865 0.752947
0.800196 0.778809
0.825378 0.816029
0.705327 0.84228
0.828357 0.745461
0.798532 0.792891
0.695241 0.767045
0.716912 0.731054
0.705268 0.738342
0.686097 0.780674
0.874662 0.687301
0.83894 0.660055
0.747644 0.68276
0.746932 0.746672
0.887408 0.828016
0.767558 0.843131
0.818955 0.833252
0.702886 0.847816
0.785533 0.769132
0.813612 0.791733
0.682997 0.867434
0.768998 0.76117
0.744439 0.813417
0.515344 0.748338
0.601109 0.518159
0.765755 0.747517
0.765626 0.735794
0.835065 0.767934
0.744755 0.78896
0.755627 0.794428
0.765924 0.825499
0.805376 0.616404
0.861041 0.744259
0.658135 0.738494
0.584218 0.784614
0.636943 0.746665
0.726311 0.714716
0.796511 0.685294
0.709446 0.764362
0.807791 0.848562
0.775231 0.765577
0.819704 0.833909
0.847322 0.782195
0.834257 0.787477
0.653391 0.742166
0.797188 0.750763
0.835662 0.783252
0.758339 0.779629
0.78347 0.802384
0.765817 0.839033
0.630672 0.591388
0.777403 0.789111
0.764382 0.76966
0.808391 0.842285
0.792953 0.806718
0.760615 0.741176
0.729722 0.82334
0.839212 0.825018
0.817325 0.765829
0.714206 0.845159
0.821781 0.819288
0.760088 0.632866
0.710396 0.711317
0.751648 0.788772
0.86882 0.81298
0.706339 0.713565
0.538002 0.55307
0.282276 0.759192
0.229055 0.667893
0.59508 0.487949
0.796544 0.727661
0.858339 0.822587
0.823076 0.754945
0.855963 0.791354
0.80098 0.875285
0.72191 0.810563
0.83086 0.566771
0.771299 0.694822
0.711272 0.814601
0.679721 0.812064
0.682132 0.587439
0.767789 0.714006
0.813769 0.753376
0.768502 0.745176
0.840814 0.778138
0.645872 0.758229
0.700889 0.756847
0.725467 0.770411
0.893926 0.78745
0.817504 0.817479
0.837096 0.773569
0.703161 0.759657
0.743434 0.648933
0.797462 0.758538
0.745442 0.77592
0.717961 0.864008
0.804055 0.818324
0.723838 0.779352
0.771681 0.788093
0.698283 0.781021
0.794753 0.764189
0.823696 0.796504
0.787382 0.748573
0.621841 0.702522
0.722572 0.75764
0.73855 0.726026
0.770283 0.768915
0.798984 0.805535
0.880668 0.893984
0.756496 0.790383
0.824918 0.815951
0.766043 0.790231
0.686473 0.750399
0.847907 0.782479
0.811553 0.704734
0.662625 0.633944
0.800788 0.810362
0.832998 0.835251
0.804737 0.678448
0.805209 0.865963
0.774242 0.751478
0.817735 0.834052
0.7781 0.815223
0.695101 0.60229
0.764254 0.825817
0.539633 0.635468
0.755738 0.702512
0.811507 0.810316
0.749942 0.732503
0.740434 0.699986
0.805295 0.797412
0.791388 0.730186
0.828263 0.827562
0.78347 0.827013
0.81738 0.653082
0.696677 0.715012
0.831852 0.745283
0.791492 0.850836
0.730898 0.689361
0.641025 0.784785
0.750055 0.840991
0.841711 0.816434
0.782933 0.735059
0.784832 0.790685
0.801113 0.804031
0.824945 0.778068
0.860878 0.839753
0.765619 0.836719
0.804661 0.817762
0.803268 0.81983
0.671261 0.771684
0.818208 0.778994
0.742618 0.74567
0.831555 0.517818
0.764044 0.639347
0.778833 0.810508
0.818211 0.82884
0.83675 0.803789
0.833629 0.829369
0.807216 0.762691
0.804211 0.775109
0.741482 0.785942
0.843053 0.781406
0.741248 0.77266
0.751595 0.801689
0.883158 0.811446
0.815562 0.757287
0.843063 0.761663
0.747751 0.845011
0.834735 0.704086
0.837438 0.719595
0.807811 0.789236
0.72018 0.749523
0.819492 0.832946
0.768018 0.668815
0.772555 0.77926
0.484977 0.756414
0.669804 0.64292
0.749865 0.745479
0.69513 0.717105
0.775189 0.765405
0.761753 0.752403
0.859082 0.776915
0.757498 0.698843
0.775603 0.725043
0.750528 0.654744
0.696417 0.723762
0.702508 0.741167
0.728266 0.750624
0.77776 0.777502
0.756067 0.740912
0.612102 0.704437
0.801071 0.684966
0.758127 0.796375
0.7614 0.791348
0.687734 0.791385
0.750176 0.787439
0.780655 0.79845
0.759298 0.673967
0.722711 0.807435
0.807062 0.682377
0.765235 0.776303
0.833251 0.716891
0.85547 0.794013
0.827082 0.754141
0.617452 0.816396
0.466892 0.701082
0.360103 0.78948
0.718286 0.612675
0.729283 0.75579
0.767365 0.807972
0.845795 0.786918
0.827546 0.858334
0.617308 0.694606
0.811227 0.757441
0.814471 0.780817
0.810647 0.835616
0.703473 0.855333
0.715993 0.741048
0.821893 0.786868
0.738695 0.662628
0.690214 0.790703
0.607153 0.690818
0.756057 0.740145
0.789922 0.513234
0.851809 0.784151
0.771511 0.801026
0.778074 0.781859
0.782735 0.836445
0.80426 0.754925
0.829549 0.836847
0.748483 0.742168
0.611789 0.717826
0.690282 0.769169
0.790093 0.842057
0.737065 0.745101
0.68403 0.772025
0.786566 0.77382
0.666728 0.770953
0.77763 0.570516
0.804939 0.601677
0.77924 0.822445
0.831344 0.83104
0.766907 0.76522
0.750946 0.80441
0.720225 0.794014
0.529082 0.788063
0.676689 0.643111
0.789714 0.667549
0.87498 0.788469
0.82451 0.821213
0.788153 0.799763
0.791213 0.813127
0.78774 0.776682
0.767141 0.706357
0.814073 0.730932
0.826966 0.814241
0.699613 0.816052
0.65358 0.714606
0.766705 0.759468
0.824782 0.739499
0.800015 0.724171
0.816508 0.776413
0.783547 0.793663
0.851882 0.847741
0.841555 0.770631
0.824223 0.772714
0.753702 0.717655
0.820354 0.735234
0.65761 0.780388
0.720481 0.594146
0.766541 0.680951
0.696598 0.828772
0.817779 0.770862
0.853098 0.789684
0.756856 0.83643
0.872719 0.850607
0.765588 0.750943
0.791815 0.671416
0.762627 0.693535
0.789115 0.80315
0.784054 0.869776
0.762174 0.742562
0.798807 0.793573
0.814918 0.773375
0.795038 0.853248
0.641958 0.644248
0.807434 0.774037
0.847878 0.83656
0.821564 0.736661
0.716427 0.702249
0.814461 0.71444
0.85324 0.812538
0.83052 0.846724
0.654923 0.770046
0.736955 0.568188
0.79897 0.744616
0.71609 0.739574
0.752648 0.711379
0.807422 0.813124
0.774039 0.819844
0.815067 0.852177
0.785573 0.770204
0.776265 0.812446
0.817806 0.800517
0.793872 0.766191
0.786498 0.636814
0.703232 0.711238
0.816693 0.835318
0.753691 0.848372
0.835242 0.702348
0.810543 0.769946
0.781446 0.771595
0.763372 0.774212
0.753009 0.825415
0.782283 0.806482
0.703235 0.827591
0.82733 0.841195
0.734956 0.629306
0.831328 0.802951
0.769599 0.733458
0.869513 0.757252
0.692772 0.789942
0.83996 0.741647
0.808589 0.587041
0.843935 0.725989
0.880617 0.79667
0.81272 0.777273
0.781025 0.875226
0.778353 0.768895
0.827799 0.63827
0.8108 0.678904
0.862601 0.78476
0.810831 0.745055
0.77991 0.817972
0.868414 0.870843
0.720337 0.664694
0.67074 0.745829
0.737241 0.783851
0.689778 0.767315
0.742117 0.800762
0.788932 0.868747
0.755684 0.79273
0.779362 0.798321
0.781531 0.842428
0.796584 0.827606
0.78128 0.880672
0.721429 0.814828
0.729399 0.830036
0.782145 0.797535
0.831004 0.819105
0.7705 0.787767
0.779489 0.760397
0.866774 0.839502
0.799616 0.746726
0.606282 0.872065
0.744674 0.713076
0.784897 0.76937
0.772879 0.78729
0.819139 0.800829
0.799931 0.473122
0.643103 0.603155
0.742931 0.744672
0.766183 0.719405
0.770241 0.798403
0.776494 0.754582
0.771571 0.782658
0.690975 0.759361
0.846262 0.78362
0.738699 0.730313
0.858762 0.816874
0.809256 0.822449
0.794516 0.845074
0.800258 0.806065
0.791168 0.814436
0.767474 0.810901
0.766968 0.83014
0.742043 0.818736
0.813856 0.71517
0.699593 0.747911
0.756434 0.710408
0.821663 0.848468
0.829384 0.85792
0.837582 0.811906
0.718048 0.735447
0.815926 0.856968
0.760937 0.800547
0.65594 0.660608
0.812835 0.816051
0.75277 0.845595
0.671203 0.787053
0.820962 0.88697
0.853674 0.826934
0.876033 0.828944
0.683951 0.722731
0.822608 0.785704
0.7771 0.816568
0.79141 0.79274
0.843455 0.797613
0.775005 0.800079
0.674756 0.715657
0.631215 0.757567
0.777534 0.750467
0.78363 0.818042
0.834292 0.826902
0.871607 0.846659
0.699287 0.722677
0.803261 0.750313
0.817919 0.752333
0.749815 0.804156
0.721965 0.837185
0.723769 0.791428
0.751385 0.876023
0.757924 0.743753
0.838233 0.863226
0.73614 0.862991
0.779106 0.837986
0.790673 0.82457
0.691428 0.804757
0.649043 0.759382
0.596272 0.744778
0.802295 0.72434
0.861735 0.774203
0.778587 0.83691
0.75257 0.778233
0.805329 0.581375
0.731035 0.710013
0.82852 0.803081
0.810032 0.726877
0.812078 0.687548
0.762958 0.817202
0.761342 0.75463
0.669337 0.73985
0.844597 0.824292
0.841231 0.774408
0.742314 0.853767
0.826638 0.860222
0.775053 0.718074
0.673238 0.726209
0.693085 0.648999
0.793295 0.629324
0.682918 0.840965
0.714501 0.705598
0.675539 0.742339
0.829122 0.861245
0.732012 0.809429
0.735805 0.790906
0.590158 0.775812
0.80248 0.692609
0.696136 0.630265
0.866756 0.840188
0.827813 0.782234
0.627855 0.871041
0.77588 0.714114
0.833863 0.572528
0.844778 0.756602
0.754768 0.865473
0.808276 0.767475
0.724297 0.757097
0.789446 0.728803
0.769393 0.728264
0.749497 0.68914
0.612889 0.74504
0.785127 0.737284
0.743957 0.85971
0.755558 0.677178
0.658985 0.846246
0.866225 0.710811
0.762957 0.746602
0.841067 0.800541
0.69649 0.819086
0.647684 0.760203
0.643337 0.822726
0.71337 0.771027
0.770325 0.876852
0.832534 0.65392
0.772433 0.796536
0.745911 0.805827
0.729925 0.829555
0.83209 0.829132
0.753016 0.683624
0.821674 0.765924
0.794255 0.826254
0.703246 0.690246
0.765642 0.737067
0.773594 0.770408
0.74516 0.77518
0.752035 0.752682
0.750374 0.789722
0.822937 0.674807
0.82778 0.700267
0.674895 0.738429
0.863117 0.785353
0.914757 0.810189
0.725147 0.691544
0.581479 0.827824
0.671489 0.680824
0.86248 0.874577
0.752311 0.788598
0.740114 0.748244
0.795026 0.811978
0.688475 0.815978
0.787528 0.743944
0.788034 0.626684
0.833563 0.813983
0.689034 0.762212
0.86869 0.862632
0.674213 0.757322
0.778184 0.650624
0.634452 0.723394
0.768813 0.786794
0.735474 0.805759
0.860327 0.761996
0.793856 0.859253
0.639492 0.745122
0.847348 0.849583
0.854647 0.833853
0.835247 0.778726
0.697174 0.742506
0.76148 0.618653
0.777013 0.717916
0.626406 0.744139
0.843225 0.778084
0.793511 0.71664
0.789462 0.818805
0.638956 0.758237
0.860457 0.766403
0.6377 0.608235
0.525893 0.755264
0.835564 0.790992
0.840164 0.835411
0.813693 0.822105
0.750789 0.707412
0.829184 0.814729
0.814503 0.842698
0.825781 0.715025
0.802693 0.785742
0.77117 0.7879
0.816612 0.888685
0.778808 0.803051
0.687515 0.708915
0.875288 0.784714
0.680947 0.780001
0.674416 0.80852
0.807265 0.463817
0.771402 0.836185
0.739467 0.737286
0.752969 0.796638
0.778214 0.793151
0.779137 0.766855
0.795056 0.776206
0.807666 0.81199
0.761118 0.738542
0.741845 0.853089
0.625857 0.782948
0.664706 0.782956
0.653926 0.832428
0.632867 0.762501
0.859362 0.778109
0.843637 0.777119
0.743237 0.737771
0.721683 0.743331
0.837982 0.799399
0.785934 0.801234
0.807863 0.797543
0.802027 0.796708
0.752273 0.85554
0.778037 0.774257
0.786342 0.658289
0.729736 0.681546
0.738358 0.809977
0.889007 0.784139
0.810412 0.774938
0.854339 0.865896
0.836126 0.806708
0.764853 0.788644
0.741818 0.665527
0.800477 0.77049
0.740363 0.708305
0.853675 0.811848
0.778523 0.696122
0.831068 0.849504
0.775594 0.763921
0.74348 0.83972
0.78846 0.84976
0.838286 0.81368
0.77294 0.829329
0.88339 0.821129
0.795116 0.75635
0.697139 0.713683
0.587532 0.776849
0.43123 0.751606
0.619202 0.736169
0.525424 0.575025
0.509283 0.725494
0.857925 0.681832
0.733679 0.783178
0.787956 0.695177
0.747763 0.78691
0.702249 0.646037
0.743323 0.850895
0.759891 0.796089
0.828668 0.579476
0.858546 0.795171
0.824239 0.77162
0.808038 0.741997
0.834967 0.792951
0.826648 0.827409
0.696247 0.756693
0.852899 0.843655
0.785488 0.712579
0.847407 0.793078
0.811462 0.611987
0.601405 0.75785
0.746 0.572715
0.581586 0.678158
0.491766 0.711064
0.774321 0.683219
0.80499 0.731538
0.836536 0.815893
0.793011 0.82568
0.797289 0.817991
0.826572 0.766704
0.460741 0.739423
0.366964 0.769001
0.790073 0.598459
0.820462 0.69915
0.703507 0.771958
0.786146 0.809949
0.716005 0.598279
0.579844 0.615033
0.743576 0.640332
0.687177 0.740149
0.714451 0.654864
0.771622 0.755644
0.657923 0.754997
0.737221 0.725507
0.799707 0.798843
0.710583 0.880491
0.726064 0.858823
0.721809 0.783134
0.716495 0.721088
0.825481 0.798412
0.740316 0.793936
0.759832 0.841142
0.677128 0.70199
0.837569 0.795191
0.767737 0.610877
0.73977 0.621006
0.721674 0.767471
0.8132 0.781153
0.802629 0.72869
0.780381 0.764375
0.766557 0.750205
0.880806 0.723732
0.762594 0.715979
0.839012 0.88257
0.812372 0.8151
0.828156 0.788734
0.686846 0.685267
0.809433 0.741375
0.835335 0.903218
0.788011 0.782485
0.80044 0.791436
0.773236 0.804161
0.640621 0.752251
0.737921 0.719144
0.880259 0.735533
0.713059 0.775716
0.790746 0.850711
0.72528 0.805155
0.868198 0.898649
0.872844 0.837993
0.792684 0.759094
0.785697 0.857931
0.808242 0.765958
0.797584 0.76765
0.812601 0.829321
0.678663 0.811659
0.804719 0.782262
0.640734 0.597387
0.694147 0.753721
0.641601 0.630925
0.543585 0.749351
0.874043 0.820157
0.83789 0.747718
0.762705 0.78107
0.77587 0.776097
0.833032 0.819035
0.711673 0.640593
0.849475 0.720325
0.829994 0.81385
0.687516 0.656109
0.623108 0.711684
0.743763 0.688922
0.854464 0.772481
0.791074 0.856837
0.847146 0.790087
0.681666 0.862462
0.797987 0.796567
0.735312 0.676026
0.724764 0.760216
0.806031 0.826202
0.782556 0.717997
0.780164 0.752375
0.851522 0.828331
0.796769 0.738063
0.798021 0.83684
0.802888 0.719067
0.854383 0.839456
0.808483 0.787265
0.792393 0.788159
0.7436 0.742994
0.775272 0.874179
0.666098 0.806206
0.751358 0.871982
0.792581 0.816097
0.819414 0.748648
0.522685 0.797079
0.71943 0.804579
0.880921 0.751707
0.802314 0.79743
0.832636 0.830536
0.835754 0.80084
0.664024 0.773232
0.750867 0.88364
0.769498 0.601719
0.862499 0.578679
0.811939 0.768858
0.783402 0.861761
0.854304 0.782403
0.798378 0.67296
0.758702 0.537054
0.834449 0.712316
0.794855 0.783863
0.626215 0.67131
0.695636 0.847493
0.817652 0.749573
0.8056 0.729889
0.853552 0.75897
0.798752 0.774326
0.829611 0.815425
0.796596 0.804849
0.86858 0.787809
0.839839 0.784541
0.859189 0.790875
0.842119 0.752912
0.763672 0.785956
0.77442 0.806371
0.786706 0.767343
0.704732 0.712619
0.72861 0.808355
0.687254 0.74458
0.576388 0.791539
0.527953 0.735742
0.826769 0.797751
0.761671 0.842348
0.788851 0.826049
0.741452 0.667592
0.787111 0.811154
0.594555 0.797712
0.758864 0.68725
0.846884 0.813924
0.739475 0.778942
0.801191 0.525595
0.678402 0.683689
0.773101 0.795285
0.831183 0.819727
0.820932 0.800153
0.790253 0.81887
0.773789 0.659904
0.612844 0.590241
0.786128 0.585523
0.735862 0.843501
0.776236 0.702277
0.743204 0.77931
0.759435 0.792245
0.865485 0.823837
0.518068 0.673766
0.63077 0.697525
0.73848 0.793575
0.730087 0.737517
0.803958 0.819683
0.729859 0.798363
0.798066 0.792828
0.819968 0.842601
0.66667 0.78739
0.812596 0.837292
0.715116 0.771178
0.837608 0.832686
0.80665 0.786822
0.814625 0.784307
0.759698 0.719636
0.828891 0.791946
0.795219 0.817419
0.795417 0.801615
0.754133 0.683902
0.792283 0.773436
0.576861 0.694115
0.77841 0.812287
0.796665 0.801892
0.604755 0.819489
0.755464 0.791528
0.796202 0.807642
0.753519 0.797878
0.759602 0.746779
0.745756 0.800117
0.810482 0.770274
0.821822 0.774015
0.768481 0.723496
0.646311 0.696469
0.765136 0.76058
0.792716 0.826243
0.786816 0.564682
0.796531 0.833709
0.767102 0.754216
0.791432 0.757045
0.843262 0.871026
0.799205 0.804074
0.834838 0.656292
0.823684 0.748101
0.774513 0.747487
0.768003 0.77755
0.805456 0.804464
0.676517 0.746014
0.832955 0.740217
0.634597 0.758427
0.805611 0.80109
0.803407 0.827526
0.687432 0.790381
0.822762 0.736605
0.788551 0.777718
0.754467 0.620104
0.820469 0.704175
0.587527 0.619069
0.638797 0.702016
0.803406 0.831106
0.708375 0.778499
0.780061 0.737567
0.804763 0.851447
0.764092 0.745887
0.87776 0.829206
0.780565 0.808853
0.801803 0.589279
0.730182 0.675797
0.790962 0.773668
0.736974 0.743056
0.817791 0.77218
0.788915 0.826666
0.728245 0.742458
0.690639 0.811645
0.788421 0.843515
0.778936 0.820607
0.829769 0.728871
0.701069 0.74207
0.646486 0.87245
0.819431 0.855348
0.781821 0.735414
0.743789 0.497918
0.803635 0.723173
0.779095 0.671111
0.529458 0.680386
0.766358 0.578201
0.794491 0.6492
0.770104 0.750389
0.858546 0.793083
0.78664 0.756464
0.751015 0.856144
0.798183 0.819691
0.815856 0.867474
0.859122 0.803339
0.64828 0.51363
0.749987 0.744569
0.85903 0.812247
0.707219 0.811273
0.862396 0.838978
0.726825 0.795734
0.802536 0.83574
0.856742 0.796274
0.787165 0.810767
0.799636 0.768926
0.692278 0.703964
0.756936 0.786378
0.744774 0.718888
0.800276 0.76785
0.689493 0.616014
0.774321 0.733302
0.759299 0.835559
0.844376 0.768027
0.878754 0.816779
0.77482 0.778318
0.802737 0.789695
0.795563 0.777158
0.757159 0.801615
0.719758 0.713809
0.750738 0.579784
0.613485 0.762866
0.715501 0.8337
0.789213 0.708371
0.791151 0.667931
0.819542 0.795061
0.777296 0.823345
0.786288 0.806124
0.843825 0.828203
0.761874 0.779333
0.782744 0.652835
0.671072 0.770386
0.718307 0.699421
0.709523 0.742124
0.645911 0.759028
0.795705 0.741037
0.727001 0.765479
0.792577 0.748243
0.700373 0.735781
0.814809 0.801919
0.714866 0.828205
0.761912 0.81273
0.810744 0.788545
0.754338 0.832485
0.811807 0.80017
0.561115 0.772534
0.795633 0.812887
0.743475 0.810831
0.799514 0.808201
0.740445 0.785998
0.770741 0.795879
0.810318 0.797711
0.707284 0.816003
0.768342 0.660227
0.778128 0.813306
0.814732 0.777145
0.75604 0.851003
0.791117 0.860175
0.843365 0.796028
0.819851 0.70422
0.779748 0.753643
0.862797 0.744206
0.844679 0.768393
0.822271 0.787308
0.785436 0.76886
0.802776 0.709143
0.779789 0.734788
0.694082 0.792686
0.776812 0.821953
0.822775 0.806937
0.402706 0.41285
0.816342 0.36508
0.776724 0.710852
0.834438 0.805737
0.781929 0.570068
0.764446 0.714537
0.783363 0.728075
0.760362 0.747567
0.793591 0.862427
0.839552 0.814057
0.775203 0.808092
0.778807 0.55867
0.54332 0.77079
0.786291 0.847589
0.81424 0.710077
0.787765 0.736161
0.611967 0.80102
0.84177 0.739026
0.815671 0.834789
0.747564 0.820076
0.829681 0.757955
0.819669 0.772602
0.715378 0.63443
0.809378 0.803192
0.717841 0.733708
0.768938 0.770187
0.835347 0.842572
0.707323 0.824784
0.835355 0.83227
0.703698 0.786561
0.834148 0.72573
0.64963 0.80241
0.786492 0.726331
0.847444 0.692556
0.780138 0.804164
0.768636 0.838592
0.8338 0.681779
0.736553 0.833098
0.784183 0.795953
0.633947 0.733642
0.776745 0.653274
0.634477 0.639416
0.663327 0.718589
0.747933 0.828059
0.837597 0.717096
0.653412 0.745134
0.812614 0.739883
0.820121 0.839603
0.740565 0.823618
0.801937 0.820659
0.607389 0.652488
0.602881 0.770812
0.648473 0.769023
0.698444 0.51256
0.696165 0.794748
0.768388 0.668489
0.699821 0.82921
0.655947 0.686087
0.539676 0.753431
0.636449 0.615579
0.716177 0.640926
0.790134 0.829081
0.829776 0.76976
0.618613 0.788511
0.739327 0.756324
0.754777 0.765833
0.782193 0.798956
0.830372 0.886354
0.797877 0.768817
0.784352 0.847109
0.684121 0.666308
0.391745 0.740468
0.785549 0.785625
0.775357 0.713649
0.79975 0.853848
0.79874 0.755434
0.824931 0.780757
0.828181 0.799746
0.780302 0.75289
0.82654 0.799862
0.724102 0.820737
0.693129 0.812078
0.720334 0.801367
0.773613 0.775656
0.796581 0.729441
0.679937 0.780431
0.798622 0.784169
0.863186 0.843699
0.825386 0.777992
0.858294 0.850066
0.826635 0.892249
0.775357 0.638346
0.784802 0.759134
0.809427 0.769852
0.688752 0.774821
0.820077 0.776153
0.67082 0.794091
0.815602 0.789178
0.812499 0.85052
0.763632 0.727878
0.620653 0.773819
0.540977 0.745284
0.711915 0.752049
0.542753 0.744943
0.826362 0.74405
0.777267 0.73416
0.81153 0.825519
0.827432 0.803521
0.756715 0.723095
0.811711 0.830417
0.724704 0.691322
0.779457 0.725368
0.662931 0.765694
0.824724 0.754504
0.717489 0.74506
0.790891 0.693169
0.857668 0.833682
0.809012 0.810377
0.696765 0.695642
0.767135 0.68267
0.736208 0.81683
0.832168 0.790334
0.795354 0.641208
0.783869 0.791749
0.814134 0.785365
0.814003 0.617368
0.834105 0.807122
0.621532 0.814296
0.780147 0.783902
0.669864 0.702403
0.864847 0.831811
0.781786 0.819325
0.809863 0.77528
0.758224 0.759784
0.762445 0.831557
0.70795 0.751198
0.734231 0.722178
0.748522 0.714972
0.820364 0.814178
0.809449 0.755577
0.772196 0.820302
0.829894 0.870313
0.796651 0.856233
0.813625 0.820859
0.85116 0.850911
0.847772 0.867776
0.84415 0.819465
0.836197 0.746508
0.724001 0.741551
0.808855 0.865141
0.819393 0.800281
0.834726 0.763648
0.854441 0.811355
0.807348 0.716319
0.66543 0.772933
0.788854 0.847185
0.836353 0.740353
0.795653 0.791803
0.821703 0.831822
0.737444 0.809982
0.735774 0.675742
0.64945 0.772121
0.721911 0.800316
0.814974 0.846156
0.634268 0.768519
0.708036 0.792904
0.537644 0.764051
0.851946 0.701078
0.712698 0.754315
0.783665 0.79833
0.769554 0.790002
0.737899 0.80951
0.779653 0.879203
0.614251 0.700631
0.721899 0.770041
0.6806 0.655335
0.734482 0.8062
0.680892 0.776288
0.841842 0.782365
0.854467 0.791284
0.785599 0.776726
0.824725 0.724408
0.798371 0.856129
0.76393 0.798792
0.683549 0.684825
0.804453 0.673844
0.782553 0.752797
0.726781 0.65664
0.811719 0.809586
0.763117 0.812271
0.841956 0.803138
0.835916 0.789963
0.785267 0.781383
0.768864 0.839648
0.695881 0.792364
0.731171 0.421479
0.57475 0.682771
0.789696 0.768474
0.787241 0.817715
0.80358 0.792453
0.712068 0.679395
0.825778 0.792135
0.794702 0.783211
0.797288 0.74064
0.763618 0.745921
0.807732 0.819769
0.761291 0.66037
0.801617 0.755897
0.776476 0.799192
0.747681 0.802301
0.764592 0.753834
0.671403 0.820759
0.814019 0.793368
0.743419 0.698505
0.787611 0.799362
0.837881 0.834207
0.830921 0.673398
0.650847 0.519948
0.676118 0.750297
0.762286 0.785757
0.849044 0.841736
0.884674 0.833827
0.865295 0.861243
0.874515 0.785912
0.644932 0.700991
0.850487 0.838763
0.787404 0.789035
0.855786 0.535581
0.608708 0.732042
0.869979 0.846891
0.734853 0.748327
0.864844 0.806226
0.787242 0.792446
0.766537 0.810013
0.81047 0.750711
0.800422 0.773442
0.771299 0.409535
0.820774 0.502668
0.589072 0.2345
0.704666 0.56665
0.768679 0.713455
0.781641 0.852481
0.763619 0.779539
0.846267 0.828561
0.703932 0.702963
0.802965 0.762564
0.744967 0.78269
0.65498 0.869755
0.880272 0.816999
0.8321 0.81219
0.548338 0.890535
0.792752 0.811734
0.793433 0.757215
0.714799 0.667541
0.81818 0.803277
0.879932 0.579942
0.588339 0.650239
0.76824 0.806848
0.820858 0.792774
0.856221 0.851543
0.848802 0.828707
0.80324 0.744911
0.78608 0.749267
0.803172 0.830793
0.76767 0.569758
0.832058 0.783455
0.812449 0.802635
0.828126 0.724844
0.839719 0.77123
0.772386 0.789463
0.72933 0.800555
0.78562 0.794393
0.819436 0.796412
0.808307 0.826377
0.791115 0.800069
0.77917 0.782332
0.809275 0.697782
0.697468 0.746508
0.793832 0.797576
0.850772 0.899174
0.742785 0.77991
0.807402 0.834645
0.823138 0.803906
0.754234 0.71822
0.84754 0.785684
0.771375 0.725944
0.771898 0.814806
0.809182 0.774735
0.734563 0.772832
0.886534 0.775344
0.583203 0.759937
0.838547 0.83314
0.830437 0.888088
0.758463 0.808989
0.822998 0.743442
0.864238 0.887824
0.684374 0.794338
0.514939 0.733281
0.795236 0.845058
0.757035 0.842837
0.857317 0.826416
0.762187 0.78788
0.82711 0.803618
0.747966 0.731032
0.590053 0.771832
0.861092 0.8084
0.82873 0.789079
0.663343 0.836657
0.835622 0.813669
0.846313 0.800542
0.72081 0.831138
0.836465 0.889531
0.71262 0.827973
0.84616 0.789452
0.815023 0.838177
0.742345 0.848592
0.838904 0.798845
0.779682 0.750962
0.779373 0.800378
0.727774 0.753081
0.758747 0.755202
0.731708 0.704264
0.627037 0.654459
0.701977 0.869238
0.746398 0.718237
0.733572 0.751571
0.749381 0.659023
0.824543 0.818248
0.844433 0.845193
0.769737 0.823342
0.763974 0.787622
0.817108 0.797182
0.855964 0.85152
0.748757 0.798279
0.874619 0.822992
0.697672 0.699129
0.760136 0.797687
0.56585 0.757757
0.767904 0.717965
0.808614 0.749522
0.743311 0.688642
0.852088 0.818128
0.799125 0.798798
0.746935 0.757151
0.798501 0.859739
0.806518 0.81837
0.828796 0.847822
0.709802 0.66793
0.789854 0.711974
0.806199 0.659266
0.79366 0.831123
0.850491 0.813914
0.839455 0.828551
0.753485 0.833351
0.829268 0.845781
0.873241 0.795301
0.799916 0.739884
0.662685 0.775877
0.799509 0.856105
0.828026 0.791238
0.814997 0.671981
0.820946 0.772563
0.737592 0.808926
0.758269 0.692193
0.727665 0.584661
0.635114 0.859356
0.837622 0.7908
0.857405 0.848056
0.790037 0.774071
0.774429 0.793629
0.825448 0.718817
0.794142 0.819433
0.829841 0.75366
0.819246 0.686618
0.712392 0.663834
0.769133 0.734666
0.743055 0.679374
0.7147 0.780723
0.774667 0.81206
0.686605 0.790678
0.842231 0.81814
0.862956 0.692697
0.859241 0.81377
0.767622 0.81419
0.745402 0.682852
0.861489 0.826293
0.722955 0.753798
0.776474 0.76286
0.693274 0.846437
0.777281 0.734012
0.787095 0.861133
0.808158 0.788716
0.706947 0.795922
0.798047 0.772216
0.829471 0.823951
0.805256 0.816722
0.741056 0.857382
0.879165 0.849812
0.761722 0.718555
0.669136 0.831398
0.809687 0.826631
0.687747 0.763424
0.745884 0.842437
0.858469 0.735822
0.843626 0.792769
0.839653 0.836499
0.799112 0.718321
0.684439 0.845048
0.78132 0.440807
0.722723 0.845804
0.840385 0.682414
0.818731 0.826315
0.759417 0.845625
0.758851 0.803537
0.695609 0.797262
0.858071 0.756158
0.804883 0.90386
0.818505 0.826632
0.704844 0.588611
0.673663 0.687578
0.840333 0.657139
0.801887 0.793336
0.843219 0.808702
0.734385 0.77296
0.815581 0.702105
0.703127 0.649028
0.680247 0.641323
0.760776 0.806369
0.79179 0.778326
0.864544 0.824932
0.801965 0.722191
0.808178 0.768552
0.727173 0.820937
0.715353 0.822123
0.766778 0.783819
0.779428 0.757042
0.820066 0.764218
0.636231 0.677024
0.784615 0.774078
0.724853 0.807736
0.856843 0.811142
0.845098 0.7929
0.819232 0.800559
0.856485 0.789398
0.745185 0.595183
0.712154 0.788732
0.734202 0.776015
0.787544 0.514243
0.879557 0.809595
0.809356 0.776667
0.843604 0.804699
0.813362 0.770275
0.744086 0.758511
0.690763 0.574635
0.799433 0.71349
0.750208 0.585611
0.758618 0.772805
0.703684 0.754548
0.719886 0.851703
0.828017 0.809416
0.839189 0.808706
0.649998 0.745859
0.790683 0.774568
0.829044 0.847923
0.651428 0.706138
0.787081 0.759029
0.775945 0.756835
0.701411 0.66197
0.482023 0.735177
0.830825 0.779928
0.808515 0.780006
0.763248 0.836275
0.695704 0.753355
0.756378 0.823554
0.67769 0.695998
0.712286 0.753794
0.786589 0.807464
0.896331 0.803467
0.786193 0.853199
0.847333 0.842819
0.702356 0.792848
0.860373 0.675287
0.694017 0.754191
0.712 0.719983
0.789742 0.869352
0.805789 0.869019
0.805041 0.869939
0.768248 0.84495
0.786392 0.786357
0.818726 0.828224
0.775728 0.845313
0.71375 0.805948
0.652387 0.817232
0.756716 0.768606
0.805429 0.854837
0.816893 0.831061
0.764147 0.815453
0.831959 0.728657
0.823243 0.788419
0.759003 0.807309
0.794364 0.694003
0.805436 0.785941
0.678203 0.725206
0.698489 0.795006
0.724362 0.685076
0.748479 0.826501
0.840068 0.82382
0.83101 0.811507
0.853651 0.819738
0.81269 0.743939
0.857193 0.692178
0.800557 0.829761
0.828624 0.822939
0.714735 0.692293
0.853666 0.802199
0.724117 0.831218
0.813265 0.823274
0.78878 0.747601
0.825854 0.810612
0.765248 0.653411
0.680707 0.781797
0.779163 0.832974
0.827489 0.663766
0.463633 0.605394
0.315609 0.693511
0.758436 0.793369
0.770251 0.630828
0.825878 0.853104
0.840824 0.830337
0.797491 0.734931
0.752089 0.680734
0.783164 0.742697
0.712536 0.75224
0.698387 0.730299
0.701288 0.808911
0.610907 0.701568
0.837799 0.718309
0.500051 0.718652
0.862924 0.90141
0.787374 0.866494
0.798824 0.825946
0.633747 0.734774
0.767167 0.830728
0.809681 0.692712
0.840181 0.823105
0.807318 0.826102
0.847281 0.738116
0.756964 0.794635
0.884333 0.857766
0.826905 0.81784
0.791883 0.713869
0.760917 0.744621
0.822178 0.762195
0.618117 0.801167
0.754653 0.569055
0.661607 0.53181
0.817785 0.773658
0.808613 0.792305
0.764372 0.66424
0.829283 0.764765
0.699946 0.754916
0.705359 0.719933
0.803954 0.69614
0.78816 0.738023
0.810429 0.715762
0.768271 0.829793
0.752421 0.655338
0.779288 0.765193
0.681527 0.779125
0.779987 0.846465
0.721495 0.815169
0.779486 0.765447
0.630499 0.840588
0.725374 0.720015
0.80319 0.784231
0.732107 0.756487
0.783668 0.800408
0.744014 0.706588
0.798314 0.746155
0.859703 0.730357
0.777411 0.71506
0.709029 0.761949
0.769357 0.812009
0.75241 0.789356
0.707498 0.789506
0.748312 0.88318
0.803966 0.812444
0.750964 0.70019
0.811947 0.789266
0.844507 0.770332
0.709266 0.515657
0.794385 0.857771
0.836196 0.789072
0.762628 0.785639
0.754084 0.752659
0.793047 0.866504
0.776122 0.748921
0.766728 0.704722
0.544333 0.697835
0.723803 0.718911
0.71897 0.790046
0.533045 0.819759
0.752414 0.500369
0.672107 0.616004
0.447614 0.583159
0.828872 0.681603
0.712698 0.767407
0.89536 0.88215
0.840234 0.796677
0.885938 0.865905
0.733714 0.830914
0.789672 0.808503
0.608128 0.634524
0.703979 0.868158
0.886848 0.873295
0.809182 0.72952
0.885357 0.856036
0.83338 0.835529
0.737508 0.786306
0.629375 0.70502
0.789039 0.845516
0.794499 0.812733
0.829552 0.886427
0.819212 0.739261
0.787362 0.810144
0.808942 0.809603
0.696957 0.830514
0.72952 0.69943
0.782832 0.83128
0.665641 0.767331
0.493934 0.747644
0.209109 0.800749
0.638614 0.673792
0.55768 0.760737
0.734635 0.573894
0.581141 0.823302
0.764248 0.768123
0.784613 0.690334
0.600391 0.594988
0.790497 0.77883
0.791069 0.814192
0.840707 0.825638
0.816523 0.831342
0.771499 0.744483
0.751326 0.810884
0.908374 0.808639
0.832222 0.884278
0.715144 0.874698
0.823444 0.800399
0.790234 0.83822
0.518521 0.677695
0.844884 0.639486
0.739781 0.639638
0.759956 0.796329
0.867579 0.875981
0.637304 0.730991
0.793801 0.823847
0.792245 0.819143
0.557878 0.776353
0.639392 0.644897
0.744803 0.730335
0.729467 0.662841
0.843085 0.690128
0.767276 0.816412
0.723985 0.791746
0.86049 0.732063
0.775147 0.836285
0.702549 0.842285
0.882399 0.824506
0.837726 0.861873
0.875189 0.860737
0.762405 0.864584
0.682269 0.681762
0.746771 0.744021
0.823118 0.752405
0.799008 0.839955
0.761202 0.836505
0.786688 0.838795
0.815933 0.802511
0.79698 0.809253
0.783124 0.779147
0.840863 0.847942
0.808917 0.827769
0.785041 0.824327
0.801211 0.841336
0.778349 0.724511
0.737007 0.757726
0.837212 0.757584
0.697138 0.718554
0.752914 0.607397
0.746116 0.740951
0.814765 0.819911
0.805055 0.811924
0.841271 0.892373
0.762594 0.722673
0.763449 0.723932
0.784314 0.787821
0.742314 0.761526
0.785745 0.809984
0.774838 0.666295
0.651801 0.65309
0.804293 0.755249
0.846205 0.689613
0.749738 0.765219
0.776926 0.693415
0.738599 0.81126
0.782241 0.661105
0.858264 0.849569
0.800854 0.866159
0.698421 0.716598
0.758037 0.829733
0.707524 0.785418
0.81613 0.780424
0.8375 0.911689
0.798506 0.771179
0.763543 0.842381
0.84281 0.832657
0.706148 0.672142
0.802505 0.817835
0.750962 0.811893
0.764883 0.810256
0.748951 0.724809
0.777228 0.721486
0.824444 0.799831
0.722218 0.574622
0.82559 0.768935
0.84868 0.781019
0.749024 0.681031
0.796215 0.612535
0.870202 0.855511
0.772574 0.74604
0.836509 0.805183
0.83961 0.854486
0.715236 0.775915
0.771146 0.685067
0.783486 0.77731
0.762937 0.790815
0.68312 0.886844
0.774395 0.775104
0.817908 0.763817
0.806331 0.69495
0.799946 0.752847
0.772369 0.761165
0.787487 0.647061
0.771052 0.812886
0.80248 0.766871
0.6861 0.755942
0.77828 0.675213
0.823305 0.870375
0.738448 0.722053
0.74714 0.749406
0.640425 0.722853
0.767803 0.691003
0.856603 0.808772
0.831007 0.860846
0.772595 0.687207
0.7743 0.873561
0.696561 0.76482
0.817941 0.715519
0.731514 0.745389
0.707204 0.693483
0.700118 0.85288
0.846565 0.799243
0.7323 0.824771
0.800374 0.792833
0.808405 0.814549
