0.548308 0.34231
0.68632 0.446328
0.71888 0.438385
0.535524 0.454238
0.515938 0.621309
0.540117 0.486945
0.447018 0.55276
0.631511 0.562144
0.483408 0.532637
0.40887 0.318583
0.376162 0.288558
0.350346 0.362941
0.375874 0.387383
0.572966 0.37605
0.523998 0.435854
0.475671 0.604294
0.510541 0.584929
0.309208 0.670959
0.282652 0.628784
0.320601 0.619113
0.423165 0.613604
0.505139 0.576488
0.435963 0.588432
0.357986 0.504842
0.454725 0.486016
0.396406 0.458762
0.576366 0.566155
0.686975 0.601582
0.611627 0.546192
0.650306 0.456859
0.649704 0.526174
0.677124 0.481044
0.68557 0.467067
0.648491 0.471288
0.671632 0.479998
0.713162 0.416271
0.708762 0.530753
0.618347 0.613683
0.556702 0.651996
0.485413 0.703602
0.478812 0.71917
0.46865 0.625368
0.625895 0.500792
0.642359 0.460713
0.621577 0.451996
0.532973 0.595039
0.511343 0.577614
0.464416 0.61274
0.363474 0.562652
0.422 0.550197
0.299217 0.50899
0.371551 0.577705
0.562782 0.510268
0.676474 0.483963
0.58585 0.627823
0.643003 0.682814
0.635111 0.649877
0.678606 0.63798
0.62972 0.634265
0.595456 0.617593
0.686795 0.640791
0.723936 0.48726
0.604895 0.528773
0.61509 0.59374
0.632032 0.680887
0.595109 0.504784
0.674354 0.496098
0.730887 0.405944
0.732694 0.285611
0.665314 0.171306
0.559131 0.227516
0.549024 0.249618
0.567845 0.338165
0.618617 0.217814
0.697163 0.376999
0.53091 0.316824
0.630013 0.446037
0.673277 0.377224
0.625545 0.48616
0.543835 0.53879
0.607068 0.652244
0.674415 0.710188
0.646254 0.696398
0.642608 0.599559
0.644754 0.703349
0.621214 0.725964
0.622946 0.689958
0.599554 0.604508
0.63555 0.559573
0.616177 0.536089
0.62965 0.668132
0.68018 0.54345
0.630013 0.434504
0.578032 0.535618
0.647635 0.66281
0.638063 0.561925
0.461576 0.688185
0.380619 0.728622
0.458247 0.717001
0.498872 0.640856
0.455808 0.756441
0.573731 0.675734
0.557438 0.648827
0.587276 0.651231
0.678575 0.532349
0.568805 0.650697
0.641337 0.592575
0.674673 0.534959
0.569737 0.560721
0.684472 0.589491
0.637027 0.664435
0.642483 0.711028
0.677476 0.662499
0.717408 0.600275
0.621342 0.600641
0.699032 0.561648
0.738786 0.533641
0.72427 0.514381
0.708295 0.390962
0.760674 0.438033
0.709231 0.487864
0.662108 0.625518
0.713221 0.545686
0.610294 0.646974
0.68559 0.551302
0.610713 0.585281
0.575203 0.521119
0.596754 0.439212
0.559707 0.371137
0.586399 0.341457
0.508361 0.415118
0.614101 0.485095
0.683918 0.382029
0.643692 0.393082
0.645205 0.303875
0.627225 0.498526
0.549894 0.48158
0.499372 0.476207
0.564726 0.459932
0.601486 0.421265
0.667777 0.349635
0.538476 0.402017
0.5784 0.665538
0.632613 0.586245
0.607472 0.669278
0.611439 0.651103
0.487206 0.690113
0.606261 0.683194
0.606353 0.621809
0.490569 0.597966
0.45265 0.578769
0.379818 0.694583
0.396911 0.655589
0.390212 0.700823
0.378241 0.669018
0.509348 0.649284
0.377833 0.653024
0.488601 0.676387
0.501649 0.636858
0.415163 0.617462
0.478723 0.609097
0.38471 0.562025
0.350369 0.65813
0.382515 0.726459
0.278644 0.648815
0.254363 0.711039
0.0459559 0.735223
0.165047 0.670681
0.260441 0.605119
0.437393 0.680867
0.543299 0.638948
0.564111 0.729189
0.587084 0.704736
0.518587 0.606554
0.366042 0.634976
0.395951 0.61162
0.436283 0.658792
0.481609 0.629261
0.402598 0.663255
0.353486 0.599338
0.521673 0.555698
0.554736 0.633413
0.57083 0.626107
0.526782 0.6608
0.611367 0.617192
0.619445 0.559217
0.567504 0.525459
0.55711 0.55158
0.612252 0.522343
0.707297 0.510686
0.697597 0.601742
0.599128 0.580619
0.595905 0.589879
0.538123 0.672914
0.63601 0.567674
0.631744 0.537619
0.552302 0.566355
0.447897 0.624249
0.546182 0.480736
0.471559 0.566359
0.620952 0.609188
0.573659 0.622504
0.647635 0.585261
0.681433 0.65903
0.647277 0.617069
0.678757 0.515225
0.603291 0.646218
0.657848 0.641359
0.596667 0.651722
0.51541 0.590042
0.394748 0.594538
0.445323 0.64153
0.544273 0.595681
0.700838 0.565012
0.607397 0.43701
0.722268 0.388505
0.72974 0.310164
0.661245 0.378591
0.607065 0.34029
0.675141 0.379203
0.715578 0.251966
0.687086 0.367472
0.46481 0.496953
0.559195 0.335434
0.526468 0.385819
0.535248 0.327329
0.603785 0.267178
0.531594 0.11555
0.650174 0.189155
0.682541 0.206055
0.699547 0.370028
0.714571 0.575938
0.673405 0.510379
0.540803 0.498207
0.631883 0.619951
0.646136 0.681954
0.68833 0.656004
0.664133 0.653759
0.708015 0.588598
0.732286 0.682976
0.647511 0.650416
0.583427 0.705842
0.579926 0.708162
0.576968 0.705583
0.594363 0.674364
0.583843 0.734962
0.658864 0.614156
0.602736 0.570629
0.668731 0.673298
0.654726 0.599025
0.595086 0.622796
0.506774 0.714525
0.623395 0.789212
0.557815 0.72315
0.544918 0.622413
0.581321 0.605484
0.702494 0.686512
0.644411 0.638314
0.659924 0.591002
0.551965 0.630528
0.443326 0.637004
0.482838 0.701948
0.528064 0.696319
0.536892 0.591864
0.55786 0.529372
0.538577 0.572539
0.583058 0.652137
0.599832 0.748128
0.53945 0.670933
0.52545 0.638426
0.591039 0.631206
0.512513 0.587276
0.590289 0.647441
0.455471 0.592559
0.483057 0.721788
0.574963 0.765492
0.615993 0.680781
0.661686 0.724478
0.716463 0.64068
0.599943 0.554992
0.627826 0.543375
0.660182 0.5053
0.646628 0.670143
0.634595 0.663411
0.580076 0.622659
0.638942 0.541765
0.629603 0.573498
0.585418 0.547065
0.545241 0.627968
0.592425 0.717193
0.565345 0.646718
0.637103 0.717036
0.640299 0.634604
0.536863 0.588196
0.645947 0.612184
0.597398 0.476451
0.584717 0.575565
0.476281 0.50785
0.57655 0.552843
0.659685 0.627166
0.687729 0.57729
0.637717 0.552574
0.639566 0.585821
0.640761 0.576574
0.575428 0.474067
0.499681 0.542066
0.491603 0.553775
0.291738 0.520275
0.435701 0.563062
0.520582 0.59766
0.540566 0.719773
0.532036 0.636338
0.602682 0.573486
0.65091 0.49306
0.585534 0.593364
0.689962 0.626484
0.538191 0.654297
0.627617 0.569569
0.563289 0.650126
0.372567 0.658901
0.368569 0.719665
0.436209 0.745044
0.53319 0.719574
0.545889 0.673302
0.545048 0.63341
0.412827 0.583043
0.54677 0.515655
0.514263 0.497381
0.560813 0.584244
0.504505 0.669361
0.532895 0.561649
0.508011 0.570163
0.562067 0.567494
0.604586 0.44871
0.553236 0.5745
0.568904 0.496186
0.481061 0.498798
0.451133 0.527145
0.361709 0.636691
0.436492 0.41484
0.457653 0.39589
0.428234 0.564316
0.473567 0.432544
0.56077 0.47444
0.71553 0.404963
0.651557 0.346876
0.617701 0.24014
0.472851 0.395904
0.497577 0.471586
0.266516 0.376246
0.352677 0.399036
0.36808 0.381422
0.354943 0.385931
0.420593 0.413369
0.340535 0.548285
0.312328 0.586396
0.401285 0.675725
0.475479 0.66022
0.593814 0.697676
0.607732 0.689556
0.544741 0.652097
0.510973 0.705468
0.491299 0.754727
0.528682 0.595001
0.504012 0.600336
0.426084 0.705998
0.446924 0.657841
0.523927 0.703964
0.494675 0.737093
0.457372 0.623426
0.436997 0.594892
0.504958 0.634077
0.434995 0.570445
0.376868 0.662375
0.40693 0.566777
0.367811 0.549142
0.312753 0.647554
0.440947 0.707309
0.557969 0.692232
0.588234 0.532319
0.517787 0.576573
0.551999 0.594506
0.564123 0.579058
0.703127 0.457141
0.619393 0.458297
0.626433 0.469141
0.577546 0.392691
0.56705 0.358651
0.509128 0.459284
0.554227 0.340771
0.499678 0.513707
0.507503 0.428531
0.432257 0.550373
0.378966 0.657578
0.298893 0.599523
0.346427 0.657821
0.407136 0.62206
0.4822 0.581936
0.482436 0.429369
0.398663 0.540143
0.415304 0.541337
0.409113 0.653929
0.369865 0.69894
0.422408 0.708054
0.491253 0.680516
0.369007 0.602125
0.446824 0.597477
0.608109 0.541233
0.587831 0.542447
0.706253 0.619642
0.708724 0.6391
0.658258 0.577978
0.70524 0.594935
0.681101 0.631491
0.632951 0.565609
0.644856 0.640414
0.569804 0.551141
0.605782 0.608247
0.688292 0.669174
0.641069 0.724275
0.561229 0.680961
0.679602 0.632609
0.705443 0.632393
0.677057 0.628708
0.728308 0.646104
0.733601 0.697124
0.605325 0.611928
0.623043 0.584703
0.63628 0.556949
0.644396 0.549889
0.553065 0.548865
0.605727 0.657243
0.668571 0.64428
0.581234 0.564245
0.43209 0.640149
0.6644 0.595433
0.626426 0.662271
0.593402 0.663714
0.492482 0.612757
0.545902 0.541327
0.428054 0.53624
0.40324 0.596347
0.338272 0.603886
0.334643 0.639833
0.303216 0.674055
0.360136 0.68193
0.224683 0.71401
0.271696 0.69716
0.179364 0.666171
0.181737 0.583601
0.166248 0.624478
0.0607369 0.597784
0.101414 0.656259
0.0941233 0.734243
0.189572 0.719456
0.234401 0.652721
0.247667 0.482643
0.122065 0.504656
0.274488 0.454539
0.20622 0.524775
0.399365 0.522123
0.526653 0.585872
0.584723 0.514056
0.640269 0.541805
0.562819 0.473538
0.633268 0.485518
0.627676 0.547143
0.500764 0.538148
0.385585 0.704361
0.21643 0.694244
0.359765 0.687535
0.403676 0.713469
0.21783 0.65318
0.330103 0.723946
0.327334 0.621791
0.342464 0.639136
0.46476 0.69801
0.325504 0.728282
0.314344 0.70896
0.459818 0.645382
0.498583 0.579844
0.573201 0.570558
0.697625 0.552282
0.62194 0.52888
0.676397 0.533944
0.628202 0.403364
0.592678 0.565369
0.601627 0.698004
0.561419 0.635582
0.643936 0.59084
0.623538 0.532472
0.539951 0.583905
0.486873 0.586433
0.460257 0.647403
0.522125 0.663913
0.504913 0.549446
0.574883 0.494152
0.622502 0.528558
0.610107 0.459528
0.585944 0.511367
0.600217 0.513256
0.606942 0.479342
0.699556 0.347002
0.589942 0.519054
0.654828 0.499097
0.678712 0.35946
0.577723 0.43843
0.672385 0.454901
0.713714 0.453766
0.674415 0.402265
0.676099 0.483164
0.680807 0.588326
0.684182 0.577662
0.699498 0.525232
0.625343 0.609233
0.664747 0.471364
0.725635 0.460744
0.681058 0.477904
0.604894 0.56255
0.584518 0.492627
0.383371 0.516834
0.383281 0.511999
0.494684 0.514768
0.623172 0.633032
0.634653 0.736
0.620463 0.64294
0.542786 0.700206
0.600993 0.64859
0.61092 0.405839
0.603206 0.314899
0.613348 0.175389
0.734605 0.119571
0.737381 0.0393841
0.696451 0.121967
0.604519 0.239492
0.629019 0.195271
0.67407 0.243615
0.747977 0.170543
0.67051 0.203015
0.689962 0.175746
0.605733 0.196465
0.62669 0.239319
0.696959 0.130438
0.671871 0.124591
0.649254 0.207565
0.619562 0.318587
0.646039 0.19373
0.631545 0.333443
0.650288 0.315909
0.527302 0.2945
0.515325 0.228236
0.40247 0.117882
0.532063 0.195111
0.59803 0.283305
0.512245 0.323044
0.533466 0.342668
0.541285 0.38362
0.495928 0.398262
0.484681 0.411142
0.497408 0.346119
0.409626 0.382449
0.517525 0.467637
0.413838 0.494818
0.522693 0.68633
0.4905 0.579583
0.322807 0.535802
0.40014 0.56629
0.439381 0.439362
0.542442 0.407233
0.528129 0.519169
0.683018 0.534143
0.697942 0.425139
0.561025 0.413209
0.648307 0.295453
0.660518 0.226639
0.70022 0.296805
0.622767 0.388378
0.551686 0.484144
0.678836 0.598249
0.568391 0.653187
0.573646 0.547038
0.463024 0.457138
0.54308 0.483133
0.447367 0.600534
0.485258 0.721756
0.577093 0.731473
0.582544 0.648979
0.571432 0.681543
0.564874 0.602016
0.684052 0.636435
0.667412 0.576997
0.607515 0.5751
0.667399 0.55729
0.676449 0.568829
0.7256 0.446301
0.681091 0.242533
0.668348 0.288109
0.669361 0.253974
0.617194 0.406633
0.607953 0.391206
0.702235 0.273646
0.648585 0.358
0.659704 0.27441
0.718715 0.320562
0.6971 0.491955
0.666211 0.426489
0.547748 0.508273
0.545115 0.457984
0.657808 0.366401
0.579828 0.382493
0.639005 0.150014
0.608038 0.201613
0.579708 0.373101
0.569677 0.494275
0.629448 0.429927
0.494856 0.436309
0.420578 0.438392
0.546644 0.545222
0.336029 0.59319
0.314231 0.536439
0.216965 0.603822
0.244881 0.66365
0.431901 0.651967
0.486718 0.634671
0.534111 0.437479
0.59203 0.467095
0.766638 0.510117
0.702719 0.435538
0.699671 0.384222
0.730483 0.500628
0.678969 0.416875
0.7076 0.336558
0.714205 0.239125
0.669091 0.294135
0.628985 0.367112
0.699029 0.353793
0.679671 0.367005
0.681071 0.304956
0.580538 0.43512
0.517189 0.636319
0.47584 0.664562
0.580437 0.601173
0.560497 0.664495
0.60793 0.58228
0.567216 0.719842
0.661793 0.698029
0.706039 0.72027
0.697139 0.649874
0.643738 0.665068
0.6553 0.603677
0.662541 0.688404
0.676538 0.747051
0.685189 0.769413
0.538466 0.680545
0.617015 0.547092
0.55363 0.660175
0.468949 0.604389
0.46015 0.662311
0.323786 0.715498
0.523579 0.739312
0.529306 0.540781
0.55726 0.540762
0.514042 0.541816
0.609958 0.569985
0.612186 0.534224
0.480083 0.661517
0.551865 0.696688
0.652646 0.673799
0.653742 0.75862
0.431089 0.677182
0.289552 0.764599
0.187823 0.727372
0.19649 0.760122
0.349403 0.616404
0.42451 0.644121
0.547194 0.583156
0.492038 0.562671
0.681332 0.527437
0.676553 0.581584
0.635347 0.403993
0.645489 0.269464
0.705728 0.287395
0.633508 0.433916
0.572277 0.397567
0.550234 0.331332
0.583264 0.310395
0.610555 0.339592
0.500386 0.514087
0.525406 0.610228
0.506631 0.604349
0.651815 0.459563
0.603276 0.554544
0.616273 0.321546
0.645493 0.306204
0.669083 0.420285
0.597276 0.562044
0.6364 0.603881
0.499771 0.64886
0.576588 0.703057
0.558493 0.686928
0.560461 0.713939
0.549372 0.755869
0.534937 0.701081
0.492124 0.716527
0.495602 0.616067
0.496776 0.714531
0.389515 0.715255
0.308436 0.71335
0.363531 0.687582
0.435403 0.643965
0.480046 0.625315
0.638836 0.627657
0.598815 0.656957
0.468737 0.713397
0.512831 0.658194
0.671052 0.652692
0.587311 0.684615
0.619455 0.628342
0.609087 0.502155
0.559639 0.507776
0.591691 0.576608
0.60535 0.665898
0.62347 0.697983
0.649183 0.634595
0.621705 0.64404
0.56192 0.662084
0.505541 0.643142
0.58424 0.644388
0.561462 0.652055
0.524006 0.571134
0.643055 0.569599
0.605131 0.620511
0.68959 0.573154
0.637824 0.611128
0.599997 0.514488
0.49647 0.419459
0.372957 0.432792
0.384542 0.62319
0.36163 0.5948
0.334987 0.636746
0.321157 0.521764
0.292096 0.532783
0.388745 0.50917
0.316179 0.564279
0.494156 0.563034
0.515225 0.686666
0.404124 0.678516
0.477091 0.666089
0.530246 0.559491
0.438017 0.715553
0.462995 0.672354
0.480775 0.57582
0.598875 0.47468
0.443902 0.558247
0.424268 0.452555
0.428319 0.598297
0.543626 0.657029
0.575746 0.715406
0.606839 0.681853
0.628348 0.590877
0.714858 0.495641
0.787307 0.42051
0.700414 0.458289
0.642628 0.402569
0.545692 0.472297
0.513482 0.583902
0.541231 0.589014
0.621412 0.69081
0.500942 0.628499
0.393344 0.628408
0.490579 0.706909
0.450501 0.659591
0.405555 0.642407
0.508558 0.580812
0.42442 0.50523
0.382787 0.413109
0.489891 0.555864
0.501109 0.676936
0.47725 0.70946
0.451651 0.600712
0.413838 0.590717
0.577938 0.530324
0.673805 0.711957
0.626653 0.660102
0.595854 0.51006
0.527829 0.561619
0.413867 0.531238
0.363289 0.525569
0.400035 0.576449
0.382486 0.506253
0.475425 0.500651
0.545312 0.388098
0.485881 0.46465
0.378073 0.467097
0.423253 0.541491
0.39997 0.591304
0.54291 0.649575
0.616892 0.654239
0.491797 0.640416
0.568649 0.615431
0.635293 0.499318
0.720016 0.443643
0.633669 0.648292
0.650424 0.701808
0.571625 0.723142
0.657243 0.69383
0.687362 0.549138
0.719831 0.625212
0.680702 0.556023
0.636089 0.544219
0.702194 0.487354
0.652545 0.573664
0.594326 0.65476
0.531629 0.564948
0.442913 0.539049
0.35346 0.673917
0.495626 0.751499
0.318997 0.750935
0.324015 0.661678
0.494092 0.687284
0.494215 0.647055
0.678917 0.579135
0.632407 0.618637
0.609289 0.538003
0.593313 0.552747
0.494405 0.641227
0.499016 0.668393
0.461092 0.717541
0.524518 0.681252
0.526253 0.640924
0.568195 0.693256
0.499286 0.714113
0.467623 0.720655
0.559122 0.661275
0.632556 0.588336
0.598472 0.582695
0.546969 0.549852
0.490326 0.554743
0.594073 0.496419
0.668563 0.61546
0.586594 0.534077
0.550034 0.624014
0.57817 0.473125
0.462874 0.459838
0.451015 0.619421
0.419469 0.664243
0.693845 0.714549
0.71976 0.727176
0.628208 0.640238
0.589027 0.596992
0.616354 0.655427
0.767169 0.544373
0.73076 0.552118
0.714042 0.614698
0.742512 0.668016
0.644084 0.570259
0.566894 0.549533
0.523291 0.672159
0.551012 0.6067
0.621867 0.648364
0.463479 0.7569
0.329042 0.78134
0.320649 0.712966
0.379732 0.674579
0.31717 0.626008
0.379121 0.673915
0.323988 0.513305
0.328085 0.567766
0.263975 0.739175
0.132227 0.753552
0.00427218 0.737814
0.0924595 0.721411
0.163772 0.702961
0.162424 0.655791
0.0624806 0.586369
0.0739309 0.682595
0.268828 0.745091
0.316668 0.611377
0.362499 0.610763
0.422592 0.599709
0.35088 0.626816
0.306155 0.610607
0.361075 0.521688
0.398523 0.541594
0.430294 0.575213
0.309506 0.620176
0.32738 0.719402
0.321878 0.702962
0.370952 0.654303
0.490301 0.739042
0.439165 0.610858
0.493181 0.665508
0.484036 0.722339
0.569884 0.524397
0.63025 0.627153
0.650339 0.554042
0.607426 0.631161
0.635197 0.559965
0.658414 0.605931
0.583572 0.529129
0.585408 0.499255
0.525596 0.629086
0.583842 0.640705
0.58333 0.559612
0.592972 0.694599
0.56705 0.694762
0.562164 0.645315
0.372424 0.667668
0.499825 0.627702
0.525166 0.701814
0.648252 0.566511
0.579534 0.492459
0.64031 0.579206
0.594758 0.578793
0.592982 0.66794
0.666747 0.589349
0.548068 0.687536
0.475601 0.587885
0.43831 0.561041
0.429676 0.529681
0.485576 0.408222
0.422559 0.505405
0.488681 0.554487
0.630727 0.48329
0.577812 0.525036
0.502339 0.650348
0.488817 0.663395
0.467294 0.592912
0.459702 0.562207
0.598273 0.608009
0.501666 0.667823
0.55409 0.667688
0.622459 0.693994
0.648805 0.689168
0.725716 0.635241
0.678071 0.51651
0.610218 0.542662
0.585251 0.639329
0.636746 0.641315
0.69341 0.535749
0.680878 0.644811
0.652656 0.662538
0.609939 0.585959
0.604348 0.594019
0.614232 0.451543
0.452577 0.420677
0.539793 0.472931
0.598171 0.466484
0.532146 0.515688
0.59353 0.459482
0.592645 0.357276
0.530238 0.537678
0.557079 0.455314
0.577543 0.522753
0.626539 0.576823
0.659565 0.444766
0.653368 0.436619
0.698394 0.406336
0.581821 0.519971
0.595225 0.688668
0.56489 0.69415
0.556507 0.624497
0.483556 0.567151
0.44197 0.522328
0.670939 0.560262
0.690622 0.620329
0.605422 0.54407
0.602343 0.583203
0.683555 0.645805
0.694172 0.557167
0.589489 0.580996
0.658889 0.674599
0.676806 0.607176
0.538903 0.445999
0.583029 0.57381
0.50693 0.577508
0.46163 0.492355
0.612471 0.653528
0.657845 0.580556
0.536105 0.577098
0.627612 0.515196
0.627154 0.575055
0.647764 0.627248
0.563771 0.621208
0.672036 0.630855
0.582536 0.639013
0.443977 0.627789
0.329044 0.685962
0.358951 0.73518
0.266335 0.68192
0.244833 0.718361
0.310188 0.732422
0.357376 0.682784
0.385548 0.613745
0.423993 0.566156
0.543084 0.636938
0.482906 0.623015
0.586745 0.715552
0.531019 0.731708
0.62017 0.568326
0.638754 0.481001
0.599762 0.642058
0.596037 0.574794
0.637379 0.441046
0.663131 0.264189
0.565696 0.40732
0.496996 0.380535
0.529758 0.373027
0.534365 0.41902
0.642426 0.396221
0.683589 0.395131
0.76618 0.437594
0.68188 0.438715
0.632887 0.458063
0.625238 0.628603
0.561162 0.582601
0.611925 0.677938
0.460206 0.641033
0.373429 0.578306
0.317297 0.563781
0.349642 0.511833
0.358989 0.58449
0.38323 0.580439
0.570714 0.646981
0.482378 0.724952
0.428668 0.621638
0.493437 0.649419
0.466905 0.59129
0.379474 0.652456
0.323727 0.611698
0.216097 0.698846
0.246197 0.740186
0.33888 0.697238
0.446265 0.60076
0.436775 0.654287
0.479508 0.606758
0.412116 0.636586
0.370036 0.54684
0.470479 0.591174
0.282139 0.635332
0.374608 0.711346
0.335673 0.773748
0.381472 0.701823
0.434197 0.667975
0.561304 0.666754
0.512362 0.551396
0.494872 0.658503
0.419717 0.612325
0.398767 0.622184
0.492135 0.635591
0.398634 0.584809
0.483472 0.527202
0.520259 0.476409
0.557571 0.484336
0.594449 0.609348
0.389672 0.617437
0.373172 0.632492
0.235196 0.646781
0.310948 0.679463
0.513582 0.612078
0.477439 0.579664
0.442889 0.573913
0.43862 0.615658
0.489943 0.686272
0.45806 0.630906
0.50251 0.592371
0.652197 0.615607
0.687721 0.609289
0.692135 0.583038
0.685438 0.639941
0.599604 0.733445
0.621228 0.688475
0.673653 0.575741
0.668843 0.665474
0.675582 0.644911
0.611767 0.701761
0.584586 0.602689
0.554355 0.65093
0.516945 0.630095
0.663625 0.642264
0.645874 0.523988
0.603907 0.6485
0.640451 0.677071
0.684525 0.530584
0.640685 0.667531
0.622654 0.626787
0.605537 0.686622
0.663191 0.577129
0.588182 0.608699
0.529062 0.722741
0.679543 0.643856
0.694489 0.651605
0.635238 0.616657
0.683225 0.602105
0.632534 0.717726
0.664096 0.541389
0.676836 0.544194
0.735666 0.261949
0.592217 0.240649
0.702695 0.11461
0.683286 0.0504887
0.635494 0.125149
0.682396 0.0733909
0.611777 0.153412
0.624039 0.239202
0.651043 0.208195
0.666556 0.159508
0.644544 0.291846
0.631562 0.224306
0.592371 0.205927
0.593246 0.308407
0.597635 0.306658
0.553591 0.416132
0.51114 0.278846
0.579411 0.358647
0.524874 0.379666
0.463223 0.414054
0.444797 0.260665
0.360599 0.373121
0.262912 0.262603
0.478308 0.259336
0.498483 0.482073
0.506489 0.500785
0.494548 0.499849
0.46626 0.432039
0.388214 0.479582
0.330383 0.469156
0.264863 0.424034
0.315907 0.496887
0.402566 0.600787
0.519513 0.490086
0.445052 0.4981
0.463368 0.626905
0.385498 0.582475
0.53409 0.671316
0.51503 0.617424
0.490093 0.665413
0.47133 0.732747
0.45692 0.619492
0.508442 0.613545
0.467656 0.519495
0.346699 0.474894
0.490084 0.472402
0.571001 0.568873
0.656222 0.591785
0.61499 0.582197
0.608254 0.532616
0.638714 0.508556
0.707452 0.544273
0.621141 0.601503
0.64561 0.647242
0.698163 0.63577
0.70188 0.593914
0.692503 0.682719
0.690624 0.703369
0.652085 0.669046
0.682586 0.629123
0.556413 0.625063
0.62607 0.535781
0.655645 0.628817
0.617819 0.6522
0.588402 0.599155
0.69096 0.647646
0.642903 0.70155
0.601304 0.638362
0.567114 0.544085
0.52706 0.557751
0.59093 0.48666
0.65741 0.408557
0.672301 0.547158
0.504327 0.646605
0.326495 0.583491
0.366209 0.675265
0.335945 0.68299
0.501457 0.61371
0.442085 0.60533
0.410147 0.634276
0.366024 0.66034
0.329885 0.656296
0.398654 0.657344
0.43952 0.650242
0.348423 0.738351
0.428962 0.693186
0.456045 0.648211
0.317142 0.680358
0.379029 0.650824
0.44712 0.710112
0.422933 0.700838
0.534198 0.644748
0.705763 0.581719
0.740179 0.582081
0.616639 0.638166
0.557909 0.56364
0.680625 0.571856
0.686747 0.618097
0.587191 0.606196
0.714715 0.593289
0.60478 0.603638
0.615257 0.568707
0.672939 0.66922
0.613513 0.633054
0.705508 0.552982
0.656585 0.642227
0.645995 0.659242
0.641793 0.567887
0.628453 0.545373
0.51327 0.670528
0.570743 0.658434
0.664177 0.686644
0.555579 0.71845
0.609864 0.669062
0.678502 0.712894
0.647402 0.636026
0.702923 0.588848
0.732061 0.556467
0.747072 0.443235
0.709215 0.46728
0.686532 0.512633
0.649543 0.51087
0.674606 0.572137
0.708511 0.605207
0.669113 0.603603
0.70256 0.524
0.619971 0.628608
0.618338 0.612517
0.584854 0.516609
0.610852 0.564842
0.643421 0.644311
0.613201 0.661386
0.58393 0.54349
0.67458 0.576372
0.582131 0.686899
0.502194 0.577815
0.496836 0.53438
0.570115 0.477028
0.511254 0.454582
0.561571 0.511697
0.668652 0.379311
0.685064 0.464251
0.617353 0.505463
0.542523 0.574139
0.642966 0.514724
0.555562 0.474658
0.527062 0.472345
0.615307 0.489334
0.49394 0.490455
0.428807 0.575372
0.563817 0.604775
0.570302 0.618811
0.510075 0.669631
0.428995 0.646377
0.444343 0.718464
0.553933 0.588129
0.485224 0.575091
0.594054 0.607862
0.534491 0.448481
0.517722 0.396654
0.586981 0.497799
0.579106 0.374552
0.54958 0.462786
0.568133 0.371175
0.633022 0.448791
0.59986 0.388003
0.572571 0.376566
0.656666 0.3783
0.728244 0.236012
0.715791 0.113221
0.643799 0.0901033
0.643155 0.223089
0.693756 0.340977
0.719895 0.271413
0.660864 0.382677
0.666245 0.396425
0.678691 0.409475
0.692472 0.504872
0.594001 0.564692
0.522138 0.601193
0.552821 0.676795
0.541704 0.681414
0.586207 0.635495
0.507414 0.405099
0.474306 0.288386
0.478096 0.416955
0.599657 0.415007
0.561843 0.559092
0.619406 0.620849
0.632375 0.59153
0.551158 0.57151
0.471639 0.592032
0.583463 0.552182
0.615669 0.577513
0.579425 0.56974
0.630264 0.416957
0.687908 0.425512
0.59973 0.46472
0.586655 0.46347
0.706948 0.447936
0.698124 0.609648
0.667365 0.502815
0.64712 0.550124
0.544623 0.519196
0.55335 0.598775
0.565879 0.594504
0.493176 0.51421
0.456597 0.496208
0.507837 0.62582
0.613597 0.699574
0.63435 0.644597
0.627972 0.699665
0.708237 0.633562
0.774371 0.435028
0.729538 0.596212
0.762317 0.579411
0.737903 0.619293
0.71483 0.625922
0.726983 0.60244
0.64042 0.591155
0.669797 0.562165
0.554694 0.615755
0.570262 0.648686
0.651259 0.624885
0.602108 0.576848
0.471275 0.664467
0.639989 0.698801
0.648626 0.710516
0.714861 0.739537
0.701719 0.611624
0.627679 0.577642
0.545002 0.571464
0.572086 0.688121
0.56796 0.60671
0.438547 0.561377
0.362276 0.686054
0.542392 0.64336
0.603858 0.707094
0.662316 0.651252
0.604076 0.662766
0.591547 0.685103
0.645057 0.646358
0.66674 0.498716
0.608941 0.459558
0.571248 0.3695
0.712813 0.30033
0.633003 0.452468
0.644583 0.467396
0.751492 0.415924
0.610852 0.479416
0.574679 0.496325
0.486119 0.540296
0.490682 0.583363
0.419823 0.684473
0.452577 0.644291
0.590334 0.536647
0.575088 0.444651
0.58491 0.584311
0.615128 0.632682
0.613715 0.654821
0.628501 0.599662
0.680588 0.726287
0.587292 0.641931
0.603262 0.616389
0.495098 0.657729
0.609153 0.51315
0.625058 0.557284
0.635391 0.597018
0.597901 0.637708
0.657937 0.545701
0.622896 0.549773
0.593035 0.530539
0.594477 0.544819
0.636798 0.504276
0.668307 0.578035
0.771766 0.590456
0.734251 0.551714
0.642658 0.633142
0.564412 0.583911
0.579764 0.665348
0.530657 0.693868
0.568566 0.567716
0.660951 0.627874
0.641908 0.609249
0.685789 0.619823
0.622801 0.517423
0.633197 0.557541
0.651031 0.551723
0.588446 0.608595
0.541981 0.643406
0.497372 0.540409
0.619806 0.535386
0.638476 0.712142
0.573268 0.688032
0.599498 0.715726
0.626776 0.666459
0.655965 0.646551
0.700773 0.570093
0.688614 0.486979
0.588911 0.580338
0.686508 0.49224
0.579975 0.532727
0.535247 0.566873
0.690235 0.593319
0.741234 0.561923
0.706479 0.507342
0.606995 0.528978
0.691879 0.608662
0.623545 0.653835
0.657541 0.599332
0.489406 0.57211
0.458731 0.625601
0.414472 0.47934
0.50715 0.532971
0.436048 0.578325
0.447578 0.596602
0.473228 0.609281
0.274397 0.606606
0.317971 0.549054
0.42252 0.564333
0.346635 0.594128
0.28091 0.57007
0.195103 0.625101
0.135938 0.634316
0.221391 0.597628
0.119139 0.659665
0.154773 0.61659
0.206291 0.713162
0.12161 0.773398
0.125185 0.774921
0.310063 0.734739
0.218478 0.677369
0.292721 0.814396
0.394529 0.74062
0.522152 0.663002
0.415722 0.711434
0.41848 0.70793
0.652616 0.585954
0.630608 0.565877
0.664364 0.581863
0.557436 0.549723
0.628095 0.567138
0.546754 0.490788
0.666198 0.549463
0.64881 0.540056
0.621846 0.505152
0.688785 0.493761
0.726842 0.560264
0.569354 0.590672
0.581123 0.566861
0.715081 0.529879
0.566352 0.52244
0.625979 0.478624
0.397797 0.54177
0.252106 0.47431
0.216257 0.398229
0.160824 0.484266
0.166162 0.480854
0.230735 0.606265
0.237978 0.53695
0.257783 0.570057
0.278369 0.571275
0.339119 0.634066
0.414445 0.567407
0.439368 0.488628
0.384468 0.544699
0.406231 0.685265
0.431463 0.702254
0.401227 0.737837
0.583229 0.690123
0.605538 0.697352
0.69516 0.677607
0.564087 0.608796
0.671131 0.55164
0.655155 0.632871
0.683037 0.581381
0.674341 0.619179
0.632761 0.557863
0.60696 0.422066
0.645178 0.468758
0.619341 0.559643
0.437649 0.646491
0.569213 0.617834
0.595505 0.617324
0.636292 0.691478
0.617296 0.479326
0.524768 0.536282
0.527606 0.364452
0.363979 0.526626
0.504293 0.580236
0.583907 0.537084
0.659268 0.585035
0.647702 0.601554
0.628943 0.567545
0.593278 0.616213
0.547714 0.609228
0.672389 0.538429
0.624166 0.638223
0.53758 0.579891
0.450438 0.493912
0.551941 0.575506
0.467325 0.518089
0.455628 0.473066
0.615226 0.545328
0.495942 0.408569
0.45776 0.453486
0.526973 0.53128
0.423537 0.584286
0.493987 0.686705
0.456819 0.725862
0.523556 0.687713
0.559453 0.715829
0.399545 0.678952
0.580877 0.599202
0.583584 0.645038
0.60868 0.594409
0.631285 0.589831
0.587808 0.643974
0.587282 0.700403
0.680852 0.722409
0.637119 0.543532
0.434404 0.599785
0.514209 0.675863
0.528016 0.591032
0.607073 0.642755
0.464607 0.625854
0.469589 0.584651
0.464548 0.616307
0.499323 0.530575
0.506378 0.546235
0.564254 0.651109
0.660099 0.487337
0.68209 0.584912
0.726125 0.567082
0.726099 0.527328
0.665103 0.54062
0.729829 0.480684
0.64491 0.417558
0.619173 0.64575
0.65045 0.592692
0.698471 0.601558
0.672817 0.481589
0.702475 0.509479
0.666691 0.538334
0.641458 0.656018
0.742384 0.589808
0.664093 0.640317
0.57879 0.465163
0.593469 0.455151
0.596008 0.397756
0.586918 0.375592
0.582887 0.609767
0.522972 0.565172
0.661345 0.590707
0.558275 0.605989
0.594179 0.609546
0.676452 0.599114
0.673399 0.54463
0.62729 0.639434
0.603268 0.693781
0.490998 0.656603
0.567707 0.582207
0.485318 0.612746
0.608999 0.623153
0.619418 0.59082
0.599024 0.515439
0.534053 0.588652
0.513904 0.578399
0.609256 0.512715
0.497536 0.484822
0.502613 0.53323
0.479092 0.537769
0.519432 0.584925
0.517234 0.570869
0.503824 0.548636
0.41299 0.622982
0.503343 0.638144
0.46465 0.59619
0.4534 0.714762
0.493872 0.684363
0.542329 0.706223
0.631222 0.732017
0.599411 0.70817
0.577084 0.772816
0.443105 0.738958
0.547173 0.681967
0.625404 0.595382
0.668873 0.534354
0.621562 0.466312
0.649909 0.587746
0.670309 0.484922
0.687969 0.47614
0.644311 0.524802
0.716625 0.573101
0.654583 0.545095
0.60458 0.487783
0.590163 0.527846
0.529035 0.58925
0.626029 0.422335
0.522709 0.536279
0.626984 0.559066
0.577266 0.302943
0.584535 0.372205
0.549598 0.308707
0.603917 0.485153
0.572278 0.488277
0.473202 0.556308
0.485885 0.561151
0.530704 0.482104
0.557777 0.416556
0.687793 0.654464
0.597815 0.555205
0.647653 0.555147
0.585263 0.457889
0.623884 0.433157
0.662729 0.406703
0.628678 0.53967
0.536416 0.529466
0.618006 0.608769
0.550011 0.608181
0.547066 0.708162
0.562505 0.701537
0.571229 0.644743
0.653318 0.580247
0.679593 0.631369
0.599316 0.724094
0.70037 0.58517
0.691194 0.64242
0.508562 0.655854
0.528605 0.712265
0.546086 0.680913
0.471811 0.612402
0.453537 0.578865
0.418012 0.603249
0.368545 0.653961
0.423527 0.655803
0.547827 0.698465
0.609338 0.614297
0.654446 0.57513
0.534606 0.60906
0.502015 0.566504
0.633356 0.596821
0.561723 0.677546
0.543809 0.563856
0.540703 0.512114
0.642569 0.561988
0.599519 0.575851
0.537526 0.646588
0.517935 0.653318
0.506227 0.67703
0.582629 0.636549
0.595579 0.586924
0.632296 0.586403
0.637553 0.529755
0.709512 0.615199
0.565869 0.572014
0.642709 0.535195
0.531386 0.49447
0.578053 0.674276
0.576825 0.63692
0.595791 0.545882
0.62466 0.604905
0.449657 0.61855
0.341805 0.705919
0.383811 0.757785
0.328327 0.770748
0.345223 0.811107
0.351751 0.759892
0.358199 0.718024
0.277493 0.693811
0.276452 0.680334
0.436714 0.742629
0.511663 0.730637
0.372242 0.673465
0.52293 0.709278
0.620771 0.706717
0.697589 0.66068
0.675947 0.638609
0.671887 0.626207
0.754559 0.681573
0.551298 0.660948
0.441764 0.54769
0.411984 0.556191
0.398168 0.64982
0.407088 0.682629
0.222864 0.702739
0.325478 0.765354
0.380396 0.701356
0.302732 0.691654
0.308458 0.572028
0.489925 0.57157
0.552635 0.545824
0.556168 0.552964
0.45567 0.60883
0.475592 0.601167
0.693971 0.662623
0.58208 0.668053
0.620568 0.6069
0.507524 0.722437
0.606626 0.716222
0.335738 0.688381
0.3779 0.600106
0.229051 0.51572
0.16848 0.541696
0.286431 0.509879
0.187986 0.606108
0.0662408 0.634334
0.204393 0.579901
0.210129 0.543107
0.353337 0.560225
0.419814 0.557474
0.489799 0.641461
0.584266 0.698002
0.592058 0.705379
0.608663 0.67278
0.567297 0.570555
0.445499 0.358146
0.581784 0.27285
0.53566 0.307624
0.371204 0.342814
0.4112 0.401401
0.465133 0.453065
0.504392 0.403227
0.415588 0.432314
0.415095 0.61475
0.408689 0.52926
0.409776 0.555772
0.423499 0.599826
0.393525 0.62026
0.400156 0.484557
0.470663 0.440313
0.496462 0.425164
0.553464 0.50143
0.469982 0.545249
0.40867 0.573087
0.530556 0.464531
0.572606 0.533009
0.618089 0.574872
0.589039 0.351261
0.608648 0.60555
0.522742 0.628288
0.529833 0.569157
0.496748 0.665693
0.492301 0.69142
0.440809 0.675408
0.580623 0.624108
0.558545 0.577007
0.478047 0.652745
0.460103 0.616066
0.617307 0.524936
0.629475 0.409022
0.681058 0.339302
0.626743 0.287064
0.588721 0.240824
0.547398 0.246631
0.589028 0.273838
0.604707 0.285778
0.508646 0.349649
0.547648 0.403026
0.48414 0.351862
0.448764 0.222403
0.477073 0.428399
0.568958 0.274934
0.56764 0.131813
0.674371 0.114156
0.642349 0.117622
0.618453 0.221201
0.655853 0.351967
0.737154 0.383977
0.685343 0.441345
0.687204 0.361749
0.598934 0.413088
0.562981 0.422475
0.593205 0.383868
0.646403 0.433804
0.596444 0.409683
0.556905 0.383374
0.653806 0.507207
0.695245 0.573064
0.66258 0.707175
0.700688 0.631861
0.618991 0.589389
0.603755 0.656464
0.598166 0.583093
0.753328 0.494822
0.70923 0.610707
0.57214 0.513114
0.587761 0.486564
0.628184 0.470342
0.567021 0.606506
0.521207 0.598241
0.591721 0.591457
0.641652 0.637436
0.547903 0.570029
0.496247 0.615714
0.588292 0.560589
0.647635 0.606526
0.618237 0.620123
0.544793 0.559676
0.638405 0.512496
0.575216 0.458227
0.558785 0.538972
0.517158 0.445678
0.408157 0.505038
0.46619 0.603709
0.456176 0.635088
0.513282 0.526269
0.537549 0.662714
0.545556 0.640822
0.528103 0.733213
0.502085 0.653864
0.568907 0.67552
0.598544 0.605711
0.515365 0.652537
0.556408 0.640882
0.653318 0.688217
0.561629 0.666071
0.629251 0.649088
0.526944 0.541122
0.654858 0.602841
0.68384 0.398456
0.560688 0.5358
0.646092 0.495541
0.652629 0.449321
0.629799 0.45387
0.530192 0.325562
0.674088 0.369004
0.586774 0.524425
0.592723 0.663944
0.647619 0.685992
0.578431 0.694491
0.641358 0.692211
0.641922 0.646316
0.631174 0.730308
0.674785 0.599514
0.67524 0.550372
0.513106 0.579781
0.615623 0.681586
0.573368 0.624903
0.640485 0.637287
0.537722 0.563041
0.411277 0.720433
0.409361 0.742463
0.503097 0.70421
0.445632 0.676108
0.486577 0.536066
0.505507 0.561361
0.602686 0.629835
0.595669 0.513702
0.708433 0.562417
0.589565 0.634325
0.511432 0.731499
0.385662 0.682803
0.385437 0.674561
0.523702 0.750157
0.352618 0.654562
0.465562 0.702137
0.56749 0.675854
0.437229 0.653149
0.466272 0.657609
0.564915 0.716853
0.59914 0.698424
0.520597 0.668735
0.564898 0.600872
0.645899 0.676174
0.556683 0.668308
0.436864 0.637075
0.549289 0.679136
0.561523 0.59896
0.519 0.593802
0.528517 0.459642
0.4827 0.484767
0.547171 0.545228
0.489393 0.558867
0.519812 0.485044
0.493353 0.573924
0.655201 0.538815
0.616419 0.557426
0.550895 0.615314
0.575556 0.625664
0.582174 0.667839
0.578486 0.629959
0.469036 0.473923
0.606457 0.493783
0.694603 0.496817
0.612062 0.522681
0.572497 0.550115
0.514585 0.645624
0.571066 0.694453
0.648459 0.629493
0.595245 0.558551
0.615509 0.709312
0.612924 0.728499
0.75025 0.648253
0.657609 0.691569
0.587361 0.702935
0.585982 0.687216
0.562469 0.659347
0.599855 0.64068
0.657777 0.641483
0.527175 0.638768
0.567782 0.606152
0.505278 0.613857
0.628953 0.68585
0.576968 0.677956
0.593236 0.627871
0.516748 0.591667
0.478629 0.684933
0.503107 0.642861
0.446082 0.645147
0.350574 0.601269
0.518094 0.723952
0.370802 0.712943
0.452798 0.735899
0.506815 0.67535
0.54953 0.642149
0.70133 0.658248
0.719136 0.626999
0.727002 0.597986
0.584367 0.540653
0.46678 0.610753
0.482507 0.547593
0.65264 0.548985
0.625136 0.547132
0.655465 0.549852
0.567694 0.480855
0.517975 0.37025
0.424272 0.478906
0.343216 0.523273
0.435176 0.538019
0.328782 0.537002
0.152286 0.689777
0.153685 0.661022
0.156831 0.781461
0.148919 0.71196
0.311145 0.698531
0.356592 0.63207
0.346427 0.682615
0.352055 0.693067
0.469387 0.707163
0.372746 0.697815
0.429037 0.696967
0.530395 0.683971
0.596481 0.596786
0.709501 0.563105
0.632851 0.635658
0.551453 0.575456
0.662749 0.593106
0.570392 0.545135
0.645544 0.491688
0.736702 0.646037
0.696696 0.582623
0.712949 0.67391
0.640726 0.677786
0.64806 0.593334
0.629817 0.484322
0.623185 0.519619
0.533133 0.587509
0.702763 0.474911
0.659065 0.583194
0.632857 0.58637
0.646039 0.548566
0.475283 0.628408
0.529067 0.74413
0.494584 0.716654
0.48771 0.663536
0.594576 0.717485
0.665277 0.544099
0.732197 0.347799
0.677046 0.477316
0.681035 0.570646
0.712745 0.504819
0.718955 0.652183
0.68246 0.536439
0.672317 0.579519
0.664904 0.581044
0.649735 0.598669
0.611321 0.640792
0.656307 0.549183
0.650113 0.437872
0.577272 0.477415
0.608747 0.396605
0.606837 0.364307
0.726601 0.467338
0.582165 0.221073
0.598812 0.239434
0.594351 0.0384091
0.649696 0.175931
0.578233 0.232845
0.545901 0.166149
0.53041 0.358145
0.482353 0.391192
0.574556 0.461303
0.571237 0.533871
0.465614 0.510505
0.390365 0.524377
0.458937 0.621541
0.418753 0.547376
0.423586 0.556622
0.368729 0.670401
0.441287 0.704522
0.491847 0.618556
0.571877 0.582135
0.578675 0.625067
0.508235 0.703307
0.59364 0.65606
0.628276 0.633217
0.596001 0.604488
0.561153 0.52569
0.535941 0.574097
0.41447 0.537693
0.475846 0.582791
0.484399 0.503338
0.532349 0.50049
0.510396 0.63324
0.439951 0.67824
0.493686 0.68245
0.534554 0.66427
0.296407 0.670659
0.259678 0.627085
0.23076 0.644862
0.347205 0.643459
0.278866 0.57097
0.272614 0.607427
0.231455 0.629682
0.247067 0.59961
0.263476 0.611428
0.303955 0.573113
0.270695 0.731481
0.379008 0.702506
0.402625 0.628743
0.349553 0.729145
0.478642 0.634292
0.583841 0.685309
0.500567 0.712216
0.516323 0.728891
0.456196 0.723541
0.373215 0.658826
0.543384 0.647073
0.521318 0.628993
0.364182 0.560277
0.26062 0.565598
0.241224 0.42356
0.354742 0.58206
0.382857 0.600962
0.523886 0.538106
0.552585 0.572264
0.607092 0.550287
0.526991 0.351407
0.609226 0.463287
0.667894 0.479643
0.707511 0.596279
0.658859 0.415072
0.661859 0.312663
0.627644 0.357865
0.708941 0.453609
0.754773 0.405532
0.770311 0.328417
0.723768 0.393449
0.630947 0.562743
0.622324 0.433371
0.587393 0.449478
0.429879 0.268148
0.436297 0.273528
0.445171 0.316257
0.524162 0.336093
0.634176 0.263112
0.692324 0.19368
0.686489 0.236738
0.663077 0.131459
0.600222 0.210327
0.566197 0.241145
0.597797 0.264869
0.692639 0.293707
0.703791 0.427834
0.5528 0.544701
0.64178 0.63641
0.593679 0.574715
0.47752 0.699406
0.430347 0.685841
0.440795 0.688403
0.512033 0.614919
0.601352 0.44046
0.565652 0.413117
0.586298 0.34112
0.598378 0.137799
0.422089 0.256724
0.482416 0.317397
0.456445 0.327829
0.409223 0.324398
0.361893 0.378544
0.251148 0.336442
0.261149 0.446865
0.204092 0.491297
0.251648 0.474166
0.333875 0.706332
0.401078 0.70879
0.428621 0.611494
0.421291 0.699967
0.504555 0.623091
0.519309 0.486451
0.636688 0.559356
0.631975 0.599632
0.598274 0.668864
0.616578 0.659656
0.656331 0.610653
0.692194 0.540059
0.663691 0.535218
0.662981 0.44022
0.699869 0.495171
0.633093 0.571499
0.706469 0.521679
0.632455 0.619153
0.657125 0.505143
0.72413 0.583274
0.733201 0.519561
0.684278 0.404143
0.671967 0.229742
0.755833 0.494729
0.697089 0.662869
0.681797 0.699377
0.680762 0.676144
0.62982 0.510421
0.561909 0.601174
0.483884 0.622845
0.537148 0.640956
0.568361 0.614138
0.617805 0.438376
0.615897 0.503372
0.668443 0.49434
0.65521 0.596914
0.687074 0.541722
0.719766 0.37497
0.621406 0.344741
0.592822 0.484019
0.63365 0.416903
0.568836 0.551586
0.53331 0.539242
0.488696 0.607527
0.600099 0.563779
0.424923 0.617953
0.351314 0.591011
0.56173 0.58834
0.646385 0.546311
0.688301 0.497758
0.671664 0.495433
0.656678 0.487927
0.570476 0.43186
0.653172 0.352949
0.713756 0.457007
0.453139 0.627986
0.500398 0.64572
0.559804 0.627902
0.605388 0.694508
0.602062 0.667755
0.52393 0.644705
0.642952 0.688412
0.489014 0.663341
0.485312 0.59709
0.595895 0.585759
0.687006 0.610835
0.531211 0.600194
0.62057 0.582474
0.58572 0.605904
0.586904 0.448368
0.599062 0.521468
0.640409 0.622093
0.567122 0.582213
0.529911 0.613248
0.596235 0.544098
0.568454 0.533326
0.617867 0.552366
0.644829 0.49421
0.630663 0.538431
0.677284 0.619997
0.608189 0.528584
0.612111 0.660587
0.656638 0.674004
0.525155 0.623168
0.581039 0.541667
0.53774 0.510855
0.504186 0.526934
0.427902 0.505906
0.63468 0.600594
0.710022 0.569634
0.621474 0.609857
0.628538 0.600378
0.708073 0.59329
0.722612 0.407686
0.667651 0.386507
0.677378 0.545978
0.527406 0.598146
0.600085 0.66195
0.556425 0.622041
0.629549 0.581813
0.766232 0.39372
0.717715 0.343261
0.694332 0.395068
0.583042 0.486279
0.485364 0.466864
0.466934 0.410108
0.437767 0.339603
0.539343 0.391968
0.450494 0.545507
0.462998 0.526704
0.50947 0.510174
0.505143 0.44872
0.50986 0.55614
0.443782 0.531922
0.32203 0.498228
0.354933 0.577405
0.3761 0.562496
0.337727 0.509662
0.253489 0.488986
0.306567 0.472077
0.631014 0.588626
0.558747 0.523145
0.699897 0.677763
0.609576 0.719271
0.677092 0.677275
0.666961 0.628655
0.702841 0.635646
0.622894 0.663735
0.517096 0.634994
0.352733 0.713403
0.313543 0.653252
0.310214 0.639236
0.264112 0.604322
0.255558 0.556913
0.40598 0.632286
0.433329 0.581712
0.481019 0.697296
0.593599 0.575317
0.572476 0.514137
0.659547 0.615027
0.637089 0.423232
0.627015 0.552027
0.665859 0.561614
0.655881 0.540611
0.472604 0.632978
0.540998 0.542267
0.528493 0.585776
0.401079 0.559439
0.516607 0.693027
0.411205 0.687737
0.517914 0.725411
0.534448 0.645552
0.604698 0.571359
0.461673 0.559972
0.492562 0.597846
0.552165 0.649061
0.630584 0.669828
0.666802 0.611772
0.706133 0.66026
0.665872 0.514603
0.606501 0.481634
0.491858 0.593654
0.600499 0.586677
0.573124 0.650877
0.606974 0.65027
0.581032 0.491989
0.585227 0.494489
0.584871 0.552234
0.579826 0.447036
0.650296 0.49697
0.59799 0.580363
0.502118 0.612422
0.544034 0.572429
0.560304 0.50918
0.48239 0.530636
0.631428 0.362562
0.64501 0.524431
0.605901 0.51383
0.501852 0.609765
0.629575 0.569805
0.597887 0.474413
0.578269 0.467739
0.581087 0.491211
0.488092 0.571845
0.515496 0.604276
0.575628 0.667947
0.530125 0.687641
0.564087 0.625144
0.583298 0.58481
0.594886 0.59291
0.613006 0.6441
0.608019 0.625153
0.609074 0.560035
0.727635 0.297079
0.73221 0.171586
0.653152 0.408119
0.73428 0.211397
0.683222 0.209982
0.612455 0.300176
0.639666 0.268051
0.590789 0.282851
0.622727 0.42091
0.685003 0.510756
0.626418 0.440842
0.590003 0.522236
0.589148 0.548421
0.626564 0.534198
0.600055 0.555655
0.636496 0.442549
0.626281 0.584851
0.532398 0.688095
0.372277 0.71164
0.33686 0.690764
0.472895 0.599414
0.587254 0.615208
0.545246 0.689523
0.615374 0.681799
0.55264 0.576975
0.594237 0.507628
0.563486 0.623746
0.660045 0.540865
0.649479 0.449747
0.676785 0.460404
0.743329 0.533697
0.651166 0.585425
0.571873 0.556818
0.537905 0.571493
0.58315 0.65884
0.55645 0.65018
0.615087 0.584851
0.615411 0.578567
0.521863 0.529946
0.522665 0.638364
0.576285 0.556918
0.4427 0.558024
0.451673 0.554734
0.516372 0.669688
0.458114 0.627215
0.471761 0.574763
0.369925 0.642833
0.528652 0.546241
0.463262 0.524056
0.493288 0.482366
0.445207 0.60951
0.5113 0.633759
0.345793 0.560489
0.465628 0.578613
0.567135 0.599982
0.497913 0.616915
0.472227 0.730038
0.32412 0.706701
0.398208 0.690918
0.538124 0.599412
0.637703 0.687697
0.595003 0.663956
0.484329 0.703324
0.423324 0.766416
0.514643 0.730545
0.506818 0.672941
0.643069 0.704128
0.620855 0.694108
0.449286 0.549737
0.510192 0.576578
0.570964 0.558018
0.508085 0.546122
0.493476 0.598466
0.558816 0.575364
0.549879 0.505802
0.600406 0.593584
0.576695 0.621509
0.608042 0.631984
0.718811 0.439218
0.729422 0.547114
0.685604 0.628503
0.683379 0.618095
0.593918 0.717407
0.616792 0.575685
0.51846 0.575227
0.633401 0.596486
0.648517 0.525752
0.700932 0.627549
0.673917 0.587897
0.602379 0.503597
0.637092 0.570877
0.507805 0.545431
0.540989 0.552297
0.59052 0.621052
0.509391 0.661534
0.641439 0.671579
0.643764 0.69026
0.701023 0.716911
0.670406 0.637716
0.581215 0.669822
0.617013 0.674863
0.629835 0.749909
0.554537 0.687584
0.543475 0.630425
0.519402 0.699977
0.662264 0.649606
0.593507 0.696567
0.494245 0.69611
0.463519 0.5773
0.524418 0.604242
0.677309 0.585799
0.626966 0.67708
0.604877 0.661655
0.49702 0.689077
0.535671 0.575535
0.589799 0.624057
0.621836 0.618527
0.402172 0.675311
0.422977 0.608278
0.43289 0.625763
0.534695 0.700318
0.527957 0.696848
0.572225 0.580735
0.615985 0.681532
0.613196 0.595111
0.615774 0.41256
0.569573 0.550661
0.621201 0.601064
0.633529 0.63364
0.674238 0.435716
0.729551 0.379527
0.72155 0.332669
0.654095 0.432118
0.58449 0.399734
0.485119 0.651349
0.432947 0.691766
0.505488 0.689677
0.500106 0.654147
0.649341 0.630914
0.659615 0.668806
0.485361 0.68317
0.444631 0.690842
0.427959 0.72066
0.451979 0.709356
0.571875 0.667028
0.502585 0.67844
0.616623 0.703036
0.605282 0.661135
0.601451 0.647503
0.530009 0.559721
0.506866 0.552553
0.437914 0.462557
0.372592 0.505656
0.361046 0.617489
0.253664 0.538147
0.357024 0.577275
0.553565 0.600771
0.633592 0.667527
0.55397 0.658597
0.567249 0.684717
0.488797 0.683238
0.665077 0.652705
0.632075 0.678917
0.591541 0.688889
0.581362 0.546762
0.612702 0.573367
0.514382 0.659757
0.561575 0.667437
0.536704 0.559144
0.528327 0.596166
0.51629 0.49904
0.421139 0.376325
0.539059 0.407104
0.647258 0.445852
0.47523 0.476856
0.504975 0.541556
0.596851 0.527704
0.53266 0.466405
0.515995 0.384206
0.599895 0.38297
0.605249 0.421917
0.669482 0.396004
0.683441 0.434118
0.728221 0.490379
0.534027 0.568712
0.50807 0.527592
0.425156 0.453056
0.490893 0.487669
0.621222 0.431091
0.623796 0.236796
0.673891 0.349021
0.608174 0.345339
0.566299 0.243723
0.528835 0.299548
0.686336 0.30338
0.693625 0.343366
0.657885 0.274937
0.520371 0.357046
0.578246 0.335149
0.521897 0.317285
0.601421 0.332049
0.571525 0.142483
0.540681 0.0607627
0.615882 0.127867
0.564624 0.070961
0.558683 0.143169
0.70371 0.150281
0.581183 0.288309
0.601681 0.403126
0.69567 0.418623
0.711989 0.268737
0.72529 0.323569
0.707291 0.436732
0.634626 0.396638
0.661621 0.393892
0.707766 0.314104
0.686029 0.445212
0.716509 0.408097
0.584529 0.245935
0.583046 0.261983
0.529387 0.535154
0.650978 0.526149
0.582404 0.526577
0.528116 0.618211
0.58609 0.607286
0.561746 0.628806
0.645663 0.610175
0.528849 0.641482
0.55727 0.684651
0.442575 0.626467
0.563025 0.661587
0.534578 0.675256
0.599263 0.630538
0.651397 0.642713
0.541043 0.652004
0.696474 0.55405
0.560162 0.560514
0.665276 0.570691
0.581242 0.554002
0.641864 0.677904
0.664214 0.613585
0.592501 0.697146
0.547501 0.71623
0.578526 0.673992
0.527402 0.541688
0.590343 0.689969
0.562774 0.657807
0.461787 0.650118
0.526814 0.650002
0.649473 0.704309
0.617782 0.631543
0.635424 0.622292
0.612751 0.606647
0.654719 0.552285
0.75297 0.456596
0.638172 0.642683
0.633821 0.647716
0.630419 0.581463
0.626887 0.559831
0.614368 0.490054
0.71228 0.588194
0.749891 0.665466
0.644799 0.618677
0.687865 0.672294
0.742365 0.593266
0.725325 0.574604
0.707783 0.551493
0.70637 0.551274
0.617306 0.550904
0.623027 0.54386
0.613168 0.636787
0.71032 0.602519
0.599094 0.72598
0.47956 0.565394
0.680873 0.583917
0.604029 0.562862
0.480796 0.635926
0.506447 0.618109
0.510896 0.708283
0.466579 0.642712
0.567763 0.550035
0.501301 0.6617
0.541179 0.601186
0.569335 0.623433
0.537796 0.621447
0.577988 0.54926
0.668074 0.442005
0.620895 0.445241
0.675599 0.654168
0.616323 0.517736
0.604798 0.501832
0.466168 0.451794
0.50897 0.556555
0.609696 0.616144
0.586343 0.570968
0.614329 0.532356
0.670135 0.633005
0.564671 0.61456
0.608703 0.57479
0.567032 0.684707
0.435342 0.722907
0.551278 0.647129
0.668763 0.656392
0.571248 0.643384
0.612746 0.621049
0.530094 0.630469
0.610124 0.680466
0.611042 0.607335
0.580986 0.534133
0.562807 0.619963
0.623018 0.598294
0.590365 0.697348
0.485153 0.703827
0.580555 0.676824
0.610038 0.645215
0.55639 0.723206
0.550637 0.674243
0.531091 0.65981
0.535036 0.65385
0.721731 0.689709
0.668125 0.701109
0.588208 0.586473
0.629628 0.59745
0.671627 0.530095
0.722168 0.563569
0.569552 0.568915
0.673807 0.606508
0.631653 0.474061
0.674705 0.652903
0.694103 0.652476
0.710159 0.696153
0.593243 0.471907
0.687924 0.545713
0.600051 0.628809
0.591301 0.611455
0.560508 0.606286
0.553319 0.638102
0.544319 0.632795
0.469436 0.787654
0.62378 0.743584
0.730683 0.611933
0.569251 0.608321
0.5612 0.687762
0.550047 0.635031
0.644003 0.67685
0.690944 0.636499
0.640518 0.594807
0.632447 0.554387
0.617149 0.504259
0.69204 0.598754
0.717353 0.557978
0.631437 0.63897
0.722999 0.630815
0.67916 0.607363
0.722291 0.423588
0.749035 0.264506
0.720899 0.386573
0.715403 0.322154
0.724888 0.346404
0.673799 0.431467
0.614338 0.545927
0.639373 0.54097
0.631253 0.573948
0.572195 0.509061
0.59223 0.523497
0.622992 0.596885
0.521137 0.507629
0.626101 0.565036
0.596322 0.534061
0.633485 0.593573
0.708684 0.579218
0.592082 0.580337
0.487446 0.457679
0.560781 0.439426
0.573875 0.42381
0.575432 0.240721
0.624441 0.355357
0.686979 0.474643
0.676107 0.40674
0.632461 0.491556
0.658561 0.44333
0.642482 0.43169
0.643737 0.291445
0.728145 0.1618
0.650823 0.0413562
0.649039 0.0752586
0.667077 0.127517
0.672553 0.239236
0.691135 0.424281
0.617526 0.384617
0.635213 0.357243
0.632551 0.308239
0.524044 0.390609
0.445101 0.375868
0.602393 0.597701
0.690284 0.657736
0.737259 0.56417
0.6895 0.593858
0.735884 0.5784
0.608307 0.56826
0.71388 0.648019
0.659703 0.404069
0.613423 0.347269
0.506997 0.387721
0.556392 0.361648
0.569843 0.274206
0.553051 0.359786
0.510225 0.449257
0.462155 0.305051
0.667385 0.396553
0.612982 0.340685
0.633611 0.203321
0.535711 0.209531
0.538956 0.236379
0.630378 0.175193
0.662057 0.38059
0.677769 0.507941
0.658947 0.460252
0.613336 0.618965
0.591793 0.63241
0.596229 0.66887
0.543597 0.642792
0.576559 0.587186
0.542626 0.545617
0.613638 0.615278
0.716887 0.540194
0.570541 0.742283
0.467523 0.730134
0.605461 0.590183
0.675216 0.536996
0.683549 0.629445
0.654135 0.594449
0.622015 0.598254
0.612697 0.687571
0.575567 0.536552
0.490921 0.574512
0.591728 0.49588
0.571419 0.459963
0.544827 0.437289
0.575539 0.50762
0.688618 0.444577
0.594619 0.426126
0.585771 0.358482
0.527247 0.332814
0.459452 0.361523
0.503567 0.4836
0.50311 0.527501
0.594205 0.491248
0.446306 0.583589
0.348757 0.736224
0.183837 0.728825
0.169273 0.623625
0.265653 0.536764
0.328637 0.385161
0.571954 0.461075
0.598773 0.461615
0.613934 0.514893
0.636493 0.476587
0.620852 0.319487
0.656504 0.377717
0.591476 0.351978
0.580854 0.281655
0.683153 0.319572
0.582335 0.300839
0.554997 0.362909
0.637798 0.342084
0.669469 0.243375
0.696913 0.175441
0.754755 0.126595
0.766905 0.0598871
0.651065 0.130592
0.752468 0.0727016
0.660234 0.28702
0.564652 0.369842
0.619462 0.337535
0.58258 0.377424
0.550892 0.506842
0.495627 0.376344
0.277048 0.499876
0.375704 0.55247
0.36246 0.524578
0.440092 0.608706
0.283701 0.589279
0.355209 0.539096
0.208738 0.562809
0.297265 0.541529
0.296264 0.429225
0.242934 0.55705
0.29727 0.515411
0.335928 0.561059
0.278112 0.4819
0.279967 0.441496
0.250417 0.557063
0.18417 0.721722
0.20131 0.701911
0.0324511 0.559361
0.239238 0.493862
0.266192 0.634325
0.348237 0.577278
0.266051 0.660658
0.214374 0.645237
0.332455 0.722291
0.298237 0.684656
0.288228 0.731281
0.219006 0.648277
0.352418 0.634791
0.497912 0.561352
0.272185 0.681255
0.244287 0.632965
0.215337 0.67185
0.161428 0.641597
0.262321 0.686547
0.224745 0.658362
0.151581 0.691345
0.322627 0.72642
0.320403 0.697334
0.37335 0.704178
0.392001 0.726748
0.401252 0.699147
0.495636 0.735006
0.384146 0.702315
0.420804 0.745668
0.496849 0.650965
0.519253 0.459719
0.59018 0.451725
0.641958 0.457618
0.652398 0.443489
0.73172 0.467388
0.685969 0.441148
0.646103 0.438539
0.565636 0.58155
0.619736 0.612573
0.505767 0.64436
0.500023 0.721135
0.651533 0.696856
0.600585 0.680793
0.646438 0.667127
0.476279 0.692076
0.56078 0.666235
0.504473 0.686485
0.408843 0.661232
0.278897 0.647226
0.362075 0.715139
0.311118 0.558593
0.401417 0.592459
0.418697 0.660372
0.531175 0.69295
0.603061 0.741417
0.6492 0.605089
0.570687 0.559815
0.504515 0.640185
0.442873 0.658749
0.35594 0.663324
0.352686 0.729083
0.255414 0.687431
0.336931 0.699203
0.413984 0.720408
0.425989 0.778856
0.346768 0.731964
0.454913 0.738295
0.359796 0.732272
0.478862 0.666903
0.583769 0.685884
0.494231 0.726329
0.283859 0.579194
0.481518 0.711037
0.61995 0.690431
0.71726 0.654704
0.622898 0.70858
0.592646 0.718466
0.59428 0.727079
0.581663 0.702073
0.530573 0.525305
0.630855 0.58448
0.637983 0.531393
0.681556 0.695894
0.641849 0.63441
0.737843 0.606569
0.7128 0.611302
0.656574 0.682706
0.726867 0.52922
0.668751 0.518941
0.610414 0.485237
0.636746 0.397926
0.699969 0.342206
0.605421 0.515077
0.59372 0.564777
0.644218 0.59807
0.666383 0.585829
0.606549 0.559095
0.638398 0.559905
0.47903 0.600394
0.55189 0.72454
0.517177 0.721795
0.473614 0.614223
0.636074 0.548604
0.692042 0.499563
0.619623 0.588051
0.583719 0.601721
0.619439 0.680963
0.513775 0.630097
0.459817 0.661162
0.495056 0.636764
0.604831 0.691682
0.592033 0.610695
0.577555 0.581284
0.436102 0.644344
0.424625 0.533255
0.328878 0.515462
0.494475 0.645227
0.372678 0.632192
0.368715 0.492333
0.426777 0.593415
0.435061 0.535015
0.524886 0.559482
0.506536 0.593322
0.52549 0.582365
0.410819 0.536158
0.322844 0.436236
0.432646 0.519978
0.558293 0.617979
0.668872 0.623805
0.673475 0.523585
0.737826 0.655289
0.653894 0.662005
0.568271 0.610984
0.712138 0.599962
0.696769 0.535093
0.43347 0.632874
0.501437 0.745674
0.430183 0.63349
0.476586 0.590932
0.496697 0.607695
0.577475 0.609112
0.591328 0.644051
0.508709 0.711078
0.492795 0.702074
0.472368 0.704714
0.495426 0.650199
0.513543 0.687055
0.572596 0.743688
0.648354 0.718226
0.707056 0.568611
0.623832 0.568124
0.604447 0.546874
0.710713 0.565136
0.583008 0.515453
0.666075 0.521757
0.676022 0.48862
0.64225 0.426019
0.653542 0.350157
0.696693 0.390122
0.696137 0.39229
0.727232 0.345824
0.750817 0.468511
0.745512 0.524031
0.679148 0.497758
0.533872 0.518822
0.554217 0.620197
0.480542 0.669787
0.458099 0.626462
0.487837 0.6742
0.5019 0.680431
0.565559 0.656572
0.614719 0.522973
0.684325 0.436694
0.752124 0.473987
0.667178 0.615151
0.737409 0.619473
0.643522 0.639248
0.600943 0.65532
0.553755 0.603852
0.593629 0.548917
0.548189 0.580729
0.552047 0.56515
0.483961 0.542753
0.456339 0.604337
0.376209 0.561208
0.382359 0.560458
0.457826 0.663714
0.440325 0.491326
0.447014 0.428018
0.4152 0.501981
0.31585 0.557905
0.365093 0.50072
0.158766 0.537098
0.256417 0.638819
0.126918 0.68265
0.207436 0.729448
0.101596 0.804144
0.123939 0.735682
0.121198 0.781444
0.189856 0.632487
0.20486 0.636759
0.479965 0.589077
0.546734 0.59343
0.467457 0.624652
0.511417 0.617986
0.702669 0.635812
0.703938 0.628913
0.680119 0.627306
0.672072 0.648307
0.578749 0.63263
0.637598 0.690801
0.678471 0.503669
0.706823 0.512975
0.58928 0.486157
0.555001 0.491328
0.530077 0.518209
0.581958 0.514077
0.610315 0.566123
0.651761 0.602613
0.625865 0.569876
0.619861 0.541368
0.586953 0.453125
0.503121 0.408144
0.276892 0.461532
0.425898 0.480324
0.544159 0.487979
0.672493 0.461198
0.671642 0.570267
0.56227 0.622787
0.518671 0.647187
0.597406 0.66614
0.576608 0.713785
0.500042 0.624546
0.649268 0.588695
0.555588 0.592207
0.58024 0.581785
0.572821 0.56218
0.526416 0.546545
0.603556 0.576144
0.608736 0.573622
0.495274 0.478558
0.32543 0.599463
0.440937 0.566701
0.408587 0.646932
0.334948 0.683856
0.263641 0.656729
0.221182 0.646904
0.176727 0.589935
0.213892 0.50325
0.347621 0.566608
0.421137 0.545876
0.414357 0.544305
0.414035 0.556389
0.546728 0.515471
0.461518 0.599069
0.371741 0.622329
0.457253 0.577899
0.506224 0.685745
0.506543 0.631921
0.451913 0.697438
0.41389 0.598803
0.444178 0.540723
0.446777 0.474742
0.641712 0.613885
0.514601 0.547575
0.590475 0.567299
0.668263 0.520467
0.629439 0.622378
0.591642 0.650399
0.422906 0.623727
0.476272 0.485954
0.352946 0.60801
0.34984 0.623604
0.160041 0.681706
0.288132 0.796347
0.228641 0.688137
0.238997 0.607832
0.270129 0.716113
0.241014 0.668584
0.355879 0.734981
0.366359 0.722135
0.51231 0.670285
0.564477 0.710481
0.615372 0.531083
0.536492 0.640612
0.630541 0.712338
0.600711 0.718721
0.708943 0.723588
0.628715 0.518168
0.568695 0.386027
0.578068 0.349604
0.642786 0.409803
0.675455 0.319686
0.635486 0.378818
0.613644 0.40171
0.555091 0.328432
0.552601 0.422933
0.427385 0.430675
0.409322 0.318146
0.408597 0.41097
0.500263 0.26728
0.395539 0.546213
0.544754 0.51324
0.664663 0.599331
0.657079 0.636401
0.53789 0.623069
0.598447 0.614419
0.663233 0.610109
0.724365 0.703121
0.535146 0.646775
0.641769 0.544137
0.517698 0.415616
0.568608 0.356155
0.670414 0.370602
0.657343 0.302895
0.594252 0.455308
0.501926 0.396472
0.393181 0.488687
0.476724 0.454542
0.412542 0.541989
0.472486 0.593102
0.497844 0.573046
0.374329 0.631029
0.494706 0.547522
0.56457 0.588233
0.569138 0.615022
0.507438 0.681801
0.479519 0.545016
0.611285 0.612645
0.657829 0.53685
0.571792 0.590787
0.599595 0.685599
0.593633 0.473793
0.643166 0.556566
0.580414 0.592804
0.637968 0.68202
0.674638 0.631568
0.750538 0.549629
0.690387 0.477582
0.728173 0.417115
0.686207 0.28487
0.716268 0.321331
0.689861 0.225137
0.761938 0.374984
0.687784 0.40109
0.756732 0.320982
0.684451 0.429601
0.548881 0.608492
0.716634 0.564764
0.736984 0.470692
0.684163 0.547262
0.556161 0.540022
0.498577 0.438828
0.460363 0.52806
0.504642 0.53761
0.613268 0.677711
0.60647 0.636579
0.619582 0.641405
0.693428 0.677997
0.538691 0.491241
0.575124 0.590112
0.547547 0.529392
0.543217 0.594955
0.493692 0.548984
0.65355 0.382648
0.612962 0.470947
0.572593 0.516179
0.531158 0.553859
0.471293 0.516218
0.501792 0.497823
0.340055 0.539734
0.468734 0.543082
0.558287 0.518716
0.595233 0.557885
0.492918 0.55799
0.50501 0.567838
0.614406 0.532521
0.620694 0.625206
0.65047 0.547787
0.54538 0.624437
0.54755 0.654994
0.465445 0.634733
0.572929 0.536215
0.472311 0.619441
0.571082 0.612123
0.666184 0.661102
0.570385 0.637554
0.532567 0.703563
0.486332 0.686322
0.487496 0.648631
0.549769 0.645413
0.553893 0.678324
0.617856 0.682129
0.564049 0.749954
0.643085 0.668711
0.589528 0.635197
0.6419 0.626554
0.700696 0.623277
0.573763 0.537997
0.651809 0.441937
0.688501 0.549615
0.696276 0.6487
0.701947 0.625417
0.695676 0.523174
0.620854 0.57795
0.551134 0.668795
0.560966 0.561677
0.588444 0.494233
0.60639 0.399011
0.341692 0.372366
0.388057 0.51352
0.240732 0.631604
0.223784 0.533096
0.164603 0.573856
0.283629 0.535964
0.0405483 0.61919
0.10932 0.749679
0.266296 0.703402
0.0438793 0.679351
0.109653 0.582509
0.122247 0.715141
0.236999 0.588789
0.33714 0.58021
0.250011 0.696773
0.241889 0.582646
0.179309 0.671995
0.242793 0.593178
0.347739 0.591537
0.291976 0.570513
0.33206 0.600981
0.426018 0.692156
0.534423 0.608672
0.638059 0.641984
0.694767 0.653044
0.606335 0.637744
0.699034 0.574512
0.687992 0.492299
0.57667 0.451368
0.519182 0.506092
0.626713 0.563176
0.535497 0.715383
0.590465 0.758811
0.356238 0.652605
0.179738 0.68714
0.220611 0.615525
0.444038 0.541126
0.401197 0.697836
0.459721 0.720872
0.49112 0.677667
0.538446 0.686465
0.293376 0.737919
0.289501 0.703913
0.414035 0.645922
0.574277 0.589329
0.549365 0.68208
0.714456 0.600535
0.656214 0.447746
0.630656 0.512845
0.604243 0.566112
0.707872 0.63289
0.663869 0.637597
0.622455 0.505571
0.543313 0.603361
0.613541 0.566333
0.59933 0.575933
0.675677 0.535459
0.537688 0.432756
0.603051 0.518781
0.663884 0.409447
0.715635 0.519742
0.55325 0.567866
0.5789 0.613982
0.615158 0.665207
0.577512 0.6182
0.603633 0.615458
0.489222 0.483115
0.551586 0.478894
0.622199 0.48201
0.541547 0.442466
0.598542 0.378584
0.460485 0.290733
0.415366 0.300932
0.579181 0.362203
0.530235 0.384165
0.571458 0.427807
0.486825 0.485456
0.450163 0.583706
0.458741 0.64436
0.551725 0.596862
0.473811 0.629859
0.635485 0.680899
0.588788 0.595577
0.655663 0.654819
0.626957 0.552132
0.612377 0.541221
0.723442 0.546265
0.670035 0.628342
0.716678 0.517818
0.720138 0.443588
0.648524 0.548354
0.656566 0.602919
0.604164 0.651552
0.522274 0.667715
0.48036 0.619625
0.44024 0.615416
0.400809 0.765751
0.53116 0.696554
0.502874 0.769089
0.486971 0.684678
0.553903 0.783305
0.629902 0.635263
0.590197 0.555399
0.434169 0.60609
0.393696 0.498964
0.534317 0.563074
0.494016 0.353473
0.394915 0.511078
0.51516 0.612162
0.32068 0.609262
0.550188 0.744841
0.655203 0.614592
0.618652 0.576311
0.644145 0.677575
0.660119 0.567033
0.648638 0.559478
0.71668 0.569131
0.649353 0.588186
0.584935 0.67849
0.594107 0.631906
0.660249 0.492411
0.584663 0.525857
0.541214 0.531558
0.649434 0.649114
0.499344 0.63633
0.596068 0.636287
0.683155 0.574723
0.708453 0.576185
0.555424 0.562088
0.643945 0.66303
0.597342 0.644531
0.629557 0.602187
0.506815 0.660568
0.45268 0.587909
0.478157 0.69086
0.545004 0.661543
0.466782 0.645689
0.582465 0.593539
0.469912 0.630695
0.5006 0.613467
0.485302 0.64861
0.364066 0.677114
0.448694 0.607661
0.51164 0.588904
0.549967 0.536267
0.634372 0.482831
0.727503 0.497471
0.712708 0.591146
0.640016 0.644092
0.673101 0.682438
0.632803 0.571831
0.621706 0.642318
0.575315 0.699751
0.545464 0.632453
0.582272 0.650311
0.548523 0.464396
0.6446 0.53751
0.623798 0.54971
0.571003 0.533875
0.582217 0.539804
0.651413 0.605171
0.596753 0.485515
0.594091 0.559693
0.661935 0.573457
0.518401 0.63029
0.508415 0.547497
0.531532 0.548486
0.627983 0.594073
0.746872 0.567772
0.710523 0.557368
0.679837 0.480306
0.561223 0.519467
0.593654 0.607548
0.727155 0.66648
0.616204 0.6732
0.699001 0.591749
0.608799 0.488997
0.51632 0.668608
0.509641 0.66581
0.567141 0.622442
0.519554 0.612643
0.477472 0.546094
0.303482 0.441139
0.427529 0.576006
0.419318 0.639627
0.404209 0.579729
0.477073 0.566301
0.348149 0.569911
0.289604 0.494018
0.310504 0.54508
0.457444 0.603851
0.561477 0.636305
0.548717 0.692184
0.6042 0.691189
0.546103 0.717805
0.707813 0.699859
0.642495 0.545945
0.57491 0.656123
0.597862 0.689867
0.661882 0.596833
0.659335 0.478645
0.672868 0.330414
0.642905 0.347738
0.528984 0.344538
0.43719 0.380734
0.610074 0.353151
0.57643 0.358807
0.524093 0.424716
0.48587 0.398851
0.602735 0.439574
0.518482 0.419698
0.569946 0.378548
0.593399 0.43779
0.614355 0.406836
0.648145 0.5181
0.630308 0.352074
0.639183 0.263405
0.660524 0.158214
0.673199 0.215486
0.643463 0.115851
0.594659 0.104584
0.631648 0.213412
0.694478 0.266591
0.655658 0.211611
0.637884 0.225069
0.754778 0.158341
0.70682 0.287315
0.632122 0.355452
0.69409 0.266869
0.621411 0.304714
0.6138 0.343664
0.666576 0.548523
0.634177 0.582153
0.627224 0.458161
0.583573 0.480831
0.53237 0.587071
0.526463 0.596811
0.504014 0.665423
0.420567 0.596875
0.468551 0.620904
0.59248 0.445624
0.621367 0.480797
0.664994 0.448662
0.688643 0.462143
0.750174 0.351401
0.65915 0.612184
0.395071 0.642151
0.466206 0.68196
0.615215 0.757198
0.628208 0.729579
0.684233 0.623368
0.727359 0.638856
0.728296 0.677608
0.711209 0.646992
0.662449 0.700833
0.597463 0.671117
0.661996 0.589288
0.632391 0.592364
0.663812 0.461212
0.659955 0.492477
0.662483 0.544733
0.653609 0.505735
0.529148 0.561219
0.4868 0.613549
0.519069 0.651048
0.653999 0.625032
0.746841 0.503617
0.599523 0.435304
0.594678 0.486076
0.627674 0.556733
0.631317 0.649329
0.608254 0.597274
0.600329 0.663487
0.666151 0.592052
0.631138 0.582537
0.583895 0.582778
0.628632 0.599979
0.545296 0.520333
0.652175 0.2501
0.521913 0.270089
0.588391 0.238011
0.521235 0.538948
0.49731 0.595726
0.55577 0.614249
0.570265 0.664632
0.518454 0.582758
0.548238 0.636659
0.619138 0.459157
0.719255 0.418721
0.708789 0.449887
0.74171 0.368282
0.68449 0.466409
0.651656 0.672723
0.580842 0.564753
0.601835 0.729069
0.674747 0.742465
0.634196 0.682702
0.645732 0.661738
0.736806 0.684802
0.689739 0.588683
0.631138 0.512665
0.703387 0.517355
0.714076 0.5366
0.650627 0.54348
0.64343 0.507358
0.686735 0.342538
0.643791 0.514899
0.562911 0.447821
0.667414 0.60131
0.658595 0.662727
0.625191 0.595468
0.652796 0.631985
0.598974 0.63368
0.533788 0.682214
0.513705 0.627621
0.530204 0.556664
0.578737 0.505349
0.638253 0.510472
0.662813 0.533246
0.594844 0.430776
0.713482 0.425392
0.685071 0.462307
0.629863 0.48703
0.658064 0.556587
0.632465 0.569712
0.595152 0.588358
0.553312 0.431628
0.515077 0.442118
0.576249 0.446747
0.546844 0.559997
0.545503 0.569147
0.540114 0.569346
0.593116 0.5748
0.583207 0.586719
0.700963 0.659272
0.66495 0.579896
0.628751 0.525334
0.654434 0.433027
0.557096 0.343297
0.67886 0.499833
0.672116 0.502716
0.661135 0.530604
0.712593 0.645897
0.708415 0.58689
0.695419 0.623415
0.561974 0.711925
0.612501 0.635105
0.565516 0.476703
0.503036 0.333942
0.483062 0.348054
0.486318 0.442435
0.465099 0.332302
0.476201 0.41915
0.573468 0.420096
0.629923 0.527321
0.625979 0.434086
0.517633 0.449172
0.602039 0.529758
0.507343 0.488263
0.483719 0.41753
0.630012 0.376753
0.616816 0.459378
0.531923 0.489434
0.514722 0.543413
0.519745 0.547549
0.270776 0.542275
0.36725 0.63565
0.619623 0.548073
0.575556 0.502981
0.580472 0.506082
0.560636 0.568416
0.533683 0.608032
0.538386 0.545636
0.640921 0.542881
0.599327 0.655638
0.596795 0.640976
0.679576 0.620679
0.694253 0.659955
0.740705 0.408523
0.603349 0.584722
0.566598 0.679571
0.503225 0.692211
0.441955 0.666778
0.444286 0.605126
0.550224 0.516276
0.678526 0.62756
0.728159 0.54716
0.686382 0.622676
0.670328 0.60796
0.738364 0.586168
0.694331 0.602329
0.625427 0.619376
0.647496 0.61329
0.669072 0.56169
0.496327 0.59292
0.555246 0.535041
0.556033 0.502942
0.568581 0.326992
0.463342 0.385758
0.459683 0.311985
0.371379 0.446343
0.302123 0.534669
0.338122 0.630438
0.353764 0.654666
0.456279 0.609602
0.505031 0.550847
0.369822 0.624538
0.521589 0.570176
0.498783 0.563332
0.530638 0.446367
0.625961 0.349448
0.659282 0.459246
0.655742 0.416862
0.729804 0.292751
0.637382 0.293114
0.541063 0.423835
0.547245 0.424434
0.585133 0.416612
0.661323 0.382023
0.724323 0.147148
0.691767 0.252085
0.681337 0.394378
0.731435 0.425841
0.655489 0.524057
0.704686 0.686367
0.660532 0.664997
0.607045 0.610014
0.581963 0.62905
0.498953 0.717977
0.448866 0.641147
0.422269 0.581601
0.535716 0.574319
0.553788 0.63652
0.557719 0.642493
0.605925 0.556024
0.518018 0.515806
0.547508 0.599866
0.43905 0.626716
0.580641 0.655707
0.498653 0.654734
0.466681 0.705386
0.482213 0.747169
0.589382 0.683729
0.688549 0.656067
0.676901 0.731625
0.618102 0.673949
0.672648 0.654679
0.658598 0.553116
0.742779 0.597555
0.602536 0.618178
0.513527 0.633634
0.515652 0.426711
0.677599 0.417186
0.557716 0.514972
0.590272 0.417626
0.668083 0.357764
0.627305 0.329124
0.630182 0.234571
0.719742 0.447512
0.791995 0.424114
0.650597 0.383603
0.669551 0.481069
0.53069 0.50035
0.569389 0.499932
0.488156 0.547906
0.685148 0.602125
0.568375 0.626394
0.563107 0.611553
0.570983 0.684111
0.591917 0.650567
0.598381 0.65619
0.643576 0.697631
0.62536 0.624123
0.634356 0.595692
0.789621 0.5529
0.680435 0.447561
0.698072 0.380926
0.640144 0.302709
0.696826 0.506496
0.668843 0.505815
0.658808 0.52679
0.632931 0.452096
0.624364 0.525151
0.63623 0.514917
0.749128 0.522131
0.678281 0.518058
0.692757 0.663727
0.675009 0.648691
0.724322 0.592278
0.708948 0.592486
0.666977 0.696897
0.619322 0.5566
0.716712 0.647808
0.638829 0.629881
0.642033 0.602865
0.717177 0.570418
0.753843 0.564998
0.633992 0.501405
0.632129 0.547493
0.529769 0.47633
0.30042 0.583925
0.318334 0.566359
0.466848 0.59066
0.660963 0.531802
0.551875 0.587994
0.595232 0.529211
0.604311 0.511667
0.641925 0.466387
0.567972 0.463334
0.562319 0.453731
0.615585 0.479182
0.675226 0.265635
0.680923 0.172479
0.73887 0.0513642
0.609711 0.164184
0.672162 0.425233
0.691232 0.48946
0.645023 0.494757
0.51422 0.510849
0.580597 0.674035
0.49403 0.597104
0.589526 0.473734
0.556562 0.582502
0.467494 0.546065
0.522492 0.551394
0.467024 0.518383
0.558319 0.567349
0.626757 0.435003
0.58773 0.508886
0.426033 0.500715
0.526924 0.366843
0.52626 0.201473
0.652518 0.272657
0.572518 0.392467
0.601778 0.441481
0.613679 0.54065
0.581115 0.563666
0.703879 0.554819
0.671192 0.436796
0.692127 0.426065
0.663007 0.41649
0.671606 0.412555
0.612793 0.284665
0.570994 0.253049
0.706661 0.259793
0.638613 0.258719
0.685565 0.22098
0.629349 0.364999
0.626577 0.10732
0.64695 0.122515
0.526906 0.318797
0.670536 0.267268
0.589058 0.491273
0.60083 0.563953
0.541399 0.489173
0.447084 0.645242
0.32485 0.593674
0.369343 0.493505
0.256267 0.64509
0.309085 0.584167
0.230891 0.610953
0.315242 0.635669
0.25258 0.670377
0.045699 0.640594
0.158442 0.559137
0.170681 0.518521
0.250441 0.450462
0.410839 0.48069
0.335721 0.526796
0.262524 0.563784
0.327049 0.538484
0.0904215 0.455329
0.0873782 0.414933
0.344037 0.361815
0.444285 0.465123
0.378647 0.441457
0.550802 0.309826
0.514446 0.171653
0.574899 0.163835
0.623428 0.169725
0.686181 0.197336
0.77118 0.275889
0.789685 0.335164
0.765306 0.3194
0.710265 0.339289
0.635671 0.503923
0.667479 0.516145
0.599353 0.598983
0.662108 0.629037
0.670182 0.723064
0.645623 0.629461
0.691285 0.673348
0.59418 0.602632
0.594989 0.557876
0.612082 0.579055
0.733439 0.570119
0.668157 0.679796
0.67838 0.693191
0.620979 0.693833
0.590902 0.673952
0.607491 0.552936
0.601455 0.505937
0.651327 0.602644
0.660194 0.643399
0.704839 0.55106
0.601211 0.560894
0.77348 0.488897
0.736395 0.527349
0.622614 0.640635
0.637334 0.550505
0.62536 0.596796
0.785732 0.532034
0.716537 0.374755
0.62829 0.337709
0.551572 0.396298
0.655114 0.427302
0.546667 0.549405
0.588132 0.566618
0.615367 0.465094
0.647562 0.339317
0.676908 0.431401
0.700459 0.51634
0.696666 0.323397
0.571421 0.487472
0.524078 0.563526
0.579317 0.637002
0.427015 0.657748
0.502613 0.683951
0.554079 0.678284
0.630721 0.637337
0.683933 0.615724
0.612149 0.680704
0.473561 0.497757
0.467263 0.567945
0.219152 0.607096
0.506052 0.561704
0.489211 0.654652
0.480005 0.655248
0.501671 0.746253
0.546737 0.692221
0.4797 0.716467
0.529694 0.642169
0.418539 0.71511
0.467382 0.656945
0.535115 0.683666
0.438064 0.664279
0.596588 0.680225
0.543433 0.606643
0.49149 0.570478
0.468593 0.715083
0.350653 0.716808
0.309617 0.722084
0.394799 0.643133
0.28651 0.707868
0.354936 0.789387
0.410575 0.587629
0.480057 0.669639
0.594679 0.616069
0.582589 0.649409
0.374837 0.616041
0.334201 0.658328
0.371733 0.649788
0.44282 0.561766
0.461922 0.636434
0.48927 0.636184
0.398514 0.589907
0.60415 0.710143
0.613757 0.65411
0.692663 0.758565
0.59026 0.713507
0.638927 0.666021
0.520381 0.586228
0.536982 0.598269
0.474596 0.664645
0.544327 0.681372
0.419203 0.650426
0.576291 0.533891
0.679619 0.599047
0.59371 0.581204
0.691583 0.534444
0.543449 0.610667
0.541589 0.630071
0.690833 0.498657
0.700851 0.541204
0.634772 0.566587
0.710955 0.500072
0.668256 0.464256
0.457996 0.600646
0.568653 0.637101
0.689433 0.642459
0.622062 0.601455
0.653413 0.669028
0.507615 0.626692
0.446593 0.578094
0.483491 0.51354
0.474939 0.572963
0.636155 0.510064
0.589509 0.596407
0.485392 0.578419
0.558145 0.626781
0.659898 0.564856
0.618037 0.637194
0.603984 0.701585
0.527446 0.650876
0.405716 0.62897
0.500425 0.469215
0.524777 0.556465
0.638631 0.566977
0.608657 0.535979
0.664745 0.59607
0.61953 0.550255
0.578386 0.530056
0.648695 0.61627
0.717537 0.552229
0.726869 0.599909
0.726743 0.606481
0.5953 0.675945
0.654097 0.665189
0.582769 0.592371
0.62802 0.669084
0.514976 0.687374
0.558282 0.673939
0.557854 0.654455
0.59491 0.663402
0.481834 0.729477
0.438362 0.656631
0.514014 0.665291
0.368188 0.6139
0.404857 0.666411
0.348691 0.661691
0.386646 0.593012
0.446485 0.361637
0.363519 0.419192
0.548686 0.442166
0.516346 0.533353
0.561722 0.557944
0.541385 0.552641
0.621275 0.559005
0.660691 0.620597
0.635951 0.623742
0.693126 0.451366
0.611775 0.591321
0.581057 0.574464
0.576334 0.581057
0.552636 0.621592
0.462029 0.578947
0.557832 0.563908
0.483115 0.568032
0.461877 0.531157
0.478567 0.53841
0.397166 0.577114
0.497225 0.584454
0.571973 0.543817
0.644413 0.619305
0.636377 0.611748
0.599624 0.610399
0.58362 0.629076
0.616073 0.593354
0.550332 0.693527
0.38225 0.647867
0.42672 0.545705
0.598674 0.682258
0.545805 0.725479
0.555886 0.707056
0.538696 0.627636
0.468748 0.64315
0.431538 0.62471
0.389472 0.622511
0.451412 0.538716
0.611113 0.405777
0.662607 0.468441
0.572504 0.407245
0.678245 0.478444
0.716645 0.288903
0.730326 0.233996
0.700178 0.484915
0.662723 0.422686
0.602749 0.571993
0.555847 0.69547
0.509887 0.619704
0.537573 0.618636
0.532848 0.557596
0.507185 0.507433
0.404181 0.579192
0.388645 0.586826
0.343694 0.560905
0.257536 0.609556
0.231288 0.68282
0.210669 0.67699
0.212558 0.725154
0.363559 0.721169
0.54633 0.681526
0.510373 0.651251
0.394868 0.568157
0.50964 0.595098
0.629558 0.600486
0.684041 0.618188
0.690664 0.548337
0.742908 0.482008
0.670475 0.457386
0.713704 0.411253
0.709508 0.617368
0.729611 0.443516
0.762121 0.532969
0.722533 0.555725
0.709194 0.600312
0.76776 0.57305
0.662235 0.565914
0.595379 0.632872
0.486849 0.66495
0.434872 0.712026
0.547854 0.685976
0.485277 0.675627
0.541768 0.687818
0.665667 0.59229
0.678289 0.545818
0.764382 0.476181
0.650562 0.446871
0.685151 0.648717
0.700245 0.568381
0.701922 0.599613
0.749545 0.593454
0.731677 0.568244
0.730139 0.547047
0.692344 0.492152
0.657175 0.547045
0.685179 0.571335
0.612847 0.549485
0.584058 0.451706
0.600564 0.516105
0.632708 0.434391
0.527731 0.625457
0.369115 0.543649
0.217873 0.556682
0.118569 0.620555
0.281653 0.665049
0.19841 0.705274
0.219555 0.656385
0.393652 0.691675
0.384158 0.571527
0.663012 0.538187
0.651686 0.524007
0.68522 0.555001
0.597265 0.538179
0.495957 0.412488
0.557159 0.548691
0.601105 0.623161
0.536178 0.635233
0.371047 0.615354
0.506237 0.482675
0.54215 0.573939
0.624657 0.621819
0.606998 0.522499
0.710804 0.574823
0.546848 0.596149
0.538856 0.579729
0.527025 0.647874
0.548471 0.716496
0.622836 0.64608
0.678069 0.625185
0.706707 0.588996
0.634476 0.66435
0.72742 0.521203
0.642285 0.627336
0.697083 0.611859
0.638993 0.61802
0.564627 0.56608
0.696492 0.566204
0.611167 0.622506
0.570875 0.628824
0.567614 0.579802
0.647227 0.619536
0.613421 0.456395
0.547111 0.28874
0.700876 0.288703
0.722816 0.246802
0.75356 0.321748
0.625874 0.270226
0.669081 0.474301
0.554861 0.60604
0.592027 0.586243
0.607747 0.536821
0.555411 0.480557
0.588063 0.49143
0.552501 0.452465
0.496361 0.610695
0.441026 0.548089
0.481509 0.497716
0.408463 0.505477
0.401843 0.596467
0.507988 0.716587
0.536474 0.692529
0.456791 0.617018
0.520694 0.418332
0.589686 0.387051
0.610054 0.489645
0.629792 0.591224
0.569272 0.496021
0.612386 0.622206
0.680131 0.592421
0.662995 0.591117
0.716964 0.520957
0.674898 0.527668
0.673698 0.606682
0.642121 0.683138
0.699603 0.609735
0.707437 0.489694
0.698518 0.483555
0.728122 0.383127
0.68983 0.446779
0.605319 0.647318
0.6188 0.622733
0.562292 0.678949
0.456417 0.715145
0.40873 0.750991
0.347404 0.70404
0.31954 0.671903
0.336592 0.66231
0.199277 0.736071
0.307665 0.729299
0.264888 0.663661
0.406182 0.610696
0.441007 0.676919
0.398611 0.672983
0.506173 0.655489
0.575579 0.629446
0.636224 0.623279
0.611261 0.702318
0.667269 0.573332
0.688051 0.678173
0.674262 0.623764
0.642871 0.599056
0.44955 0.611449
0.508936 0.389265
0.459202 0.529954
0.477512 0.662349
0.424851 0.651976
0.44039 0.606688
0.43381 0.709234
0.439315 0.649403
0.499075 0.599346
0.526205 0.672605
0.538671 0.688121
0.608856 0.70046
0.66715 0.692578
0.532841 0.575913
0.490967 0.589374
0.372412 0.555083
0.510882 0.63408
0.460187 0.596844
0.569678 0.637406
0.618816 0.622358
0.642708 0.602394
0.582162 0.565335
0.562703 0.542198
0.671225 0.561934
0.657629 0.546274
0.599727 0.683935
0.652056 0.629306
0.669554 0.597005
0.541926 0.553999
0.5989 0.582471
0.732226 0.583163
0.60207 0.684763
0.465331 0.570319
0.541014 0.615058
0.617078 0.577409
0.500189 0.598632
0.5673 0.554594
0.50385 0.50751
0.457536 0.390786
0.531924 0.478626
0.550992 0.533681
0.554725 0.501141
0.539392 0.42799
0.54974 0.546251
0.593689 0.487553
0.645857 0.611063
0.545917 0.550528
0.565823 0.598128
0.580973 0.618278
0.544612 0.536495
0.642431 0.449631
0.557604 0.44779
0.494998 0.397615
0.583103 0.448255
0.597378 0.554863
0.709262 0.548165
0.568702 0.408281
0.555353 0.462247
0.652645 0.475502
0.601017 0.234246
0.512167 0.318783
0.58493 0.369748
0.574383 0.417757
0.642452 0.459867
0.667416 0.457899
0.715462 0.422173
0.728721 0.481504
0.695699 0.535611
0.681456 0.536224
0.570221 0.596546
0.549846 0.593013
0.664454 0.508097
0.647047 0.437631
0.681503 0.446388
0.511013 0.578505
0.582284 0.417715
0.627168 0.488522
0.501909 0.569102
0.424631 0.592064
0.552596 0.492728
0.468233 0.587725
0.378419 0.687591
0.611351 0.746386
0.517418 0.677955
0.487729 0.641428
0.566147 0.640508
0.646671 0.555588
0.757163 0.483714
0.646705 0.514475
0.715425 0.512086
0.68951 0.529482
0.692619 0.569391
0.68221 0.568309
0.662222 0.526583
0.543432 0.651812
0.578093 0.562297
0.601073 0.641217
0.6178 0.620853
0.474251 0.592956
0.522616 0.551355
0.532626 0.63061
0.566672 0.664751
0.582907 0.557744
0.553417 0.581695
0.639841 0.521983
0.576008 0.522048
0.613894 0.566275
0.535896 0.619656
0.508023 0.658926
0.585775 0.648361
0.434297 0.647201
0.441449 0.727855
0.295432 0.626991
0.301002 0.695477
0.218958 0.7456
0.353405 0.670322
0.341542 0.696671
0.316971 0.559474
0.384898 0.589801
0.280095 0.602226
0.368235 0.727169
0.217514 0.688209
0.10671 0.683108
0.260092 0.580591
0.354961 0.63346
0.239458 0.509719
0.261019 0.535102
0.202302 0.638665
0.172755 0.71275
0.178893 0.674984
0.187505 0.585046
0.35244 0.602743
0.449713 0.560367
0.436859 0.499558
0.349053 0.50228
0.440222 0.561473
0.347211 0.565086
0.388021 0.661645
0.167838 0.685018
0.213267 0.714485
0.23508 0.714295
0.159443 0.685347
0.211031 0.678205
0.270266 0.695295
0.483842 0.682854
0.51115 0.662003
0.475853 0.60296
0.50045 0.645792
0.626647 0.634667
0.640034 0.5296
0.597737 0.490285
0.633487 0.479964
0.676569 0.356308
0.648528 0.371256
0.598835 0.488
0.51167 0.473648
0.503556 0.462615
0.408466 0.480984
0.469245 0.558481
0.438343 0.540581
0.345879 0.56762
0.468648 0.539203
0.512805 0.549931
0.547853 0.47175
0.556 0.518849
0.518591 0.694946
0.351324 0.689195
0.391408 0.653077
0.46398 0.599118
0.475228 0.441509
0.44894 0.352718
0.422836 0.28371
0.442713 0.257921
0.593206 0.197562
0.689024 0.401951
0.630696 0.441667
0.632415 0.326256
0.676172 0.386927
0.697069 0.381452
0.691152 0.490324
0.691378 0.493332
0.771049 0.581686
0.612705 0.631963
0.633503 0.671432
0.620472 0.446641
0.664474 0.46583
0.625492 0.490546
0.629738 0.513575
0.668893 0.589308
0.680939 0.616334
0.587382 0.533831
0.614435 0.526471
0.717864 0.469358
0.746111 0.381888
0.686194 0.322149
0.672812 0.381271
0.710302 0.456521
0.686259 0.450196
0.518077 0.526533
0.450304 0.369438
0.383283 0.359589
0.478764 0.486322
0.496184 0.645421
0.472537 0.520462
0.604809 0.445194
0.575046 0.258719
0.621768 0.188096
0.651789 0.327648
0.532635 0.338785
0.580124 0.373507
0.665401 0.229679
0.643897 0.258074
0.667092 0.322227
0.5577 0.189745
0.536034 0.154484
0.733032 0.273638
0.667139 0.116126
0.677553 0.0752674
0.626955 0.198903
0.478949 0.202151
0.401063 0.387628
0.431816 0.506379
0.559101 0.530225
0.419802 0.448708
0.587118 0.563635
0.602815 0.734567
0.638903 0.58226
0.526351 0.665314
0.627942 0.581297
0.657949 0.619171
0.682347 0.611743
0.667907 0.577187
0.71814 0.630128
0.728581 0.561417
0.709016 0.566087
0.5983 0.641203
0.561819 0.605872
0.597727 0.491616
0.500447 0.634698
0.646696 0.61692
0.619589 0.629794
0.740339 0.659031
0.654157 0.629686
0.625726 0.740476
0.703879 0.668589
0.584103 0.624848
0.636921 0.583544
0.60522 0.635702
0.554934 0.652184
0.606121 0.605169
0.582828 0.650448
0.608982 0.713767
0.647738 0.762629
0.54163 0.701939
0.575207 0.675373
0.604097 0.656235
0.420261 0.650127
0.437436 0.713136
0.542676 0.726828
0.529217 0.634747
0.523327 0.678379
0.543099 0.688569
0.497941 0.676772
0.60257 0.571209
0.650795 0.577944
0.528374 0.643522
0.38718 0.66328
0.536782 0.664768
0.451144 0.69718
0.548848 0.632013
0.589674 0.650317
0.570764 0.652513
0.568561 0.55861
0.561235 0.435111
0.566645 0.491325
0.540332 0.569675
0.612617 0.603449
0.556555 0.699229
0.637893 0.694007
0.666093 0.655319
0.67807 0.615507
0.664478 0.577868
0.558348 0.678631
0.633075 0.680436
0.621544 0.512494
0.525021 0.536228
0.570148 0.531264
0.432282 0.504574
0.510803 0.624486
0.513489 0.668041
0.669812 0.603292
0.700863 0.540023
0.63288 0.473927
0.595422 0.639403
0.676247 0.53178
0.68574 0.577031
0.643295 0.468203
0.609974 0.373483
0.700078 0.504189
0.729087 0.514295
0.738574 0.585357
0.673325 0.560545
0.691825 0.466059
0.664146 0.423146
0.615147 0.616595
0.60892 0.590651
0.671162 0.663094
0.613036 0.683225
0.568267 0.661263
0.57135 0.676294
0.621657 0.641024
0.667472 0.676819
0.578423 0.646769
0.599629 0.746895
0.659496 0.637206
0.6855 0.613776
0.688487 0.542184
0.612759 0.574375
0.633137 0.3542
0.595473 0.353161
0.600825 0.393367
0.366034 0.428144
0.339277 0.384334
0.307347 0.52965
0.346957 0.516273
0.413001 0.617191
0.455094 0.696237
0.414523 0.657864
0.427647 0.592428
0.554391 0.563309
0.662258 0.712126
0.543104 0.642031
0.525165 0.581223
0.365419 0.565124
0.201246 0.541909
0.267476 0.616685
0.226704 0.590234
0.309838 0.640367
0.225096 0.66929
0.251995 0.698984
0.0190097 0.725667
0.0251277 0.662864
0.105887 0.670204
0.14063 0.69413
0.113038 0.671632
0.106879 0.654464
0.069689 0.601372
0.106735 0.543097
0.0956843 0.528001
0.239908 0.526315
0.269217 0.740056
0.258068 0.705927
0.217311 0.701841
0.169337 0.653282
0.362456 0.652983
0.299513 0.685842
0.298615 0.650639
0.282268 0.586691
0.352636 0.606445
0.402438 0.668069
0.25926 0.622647
0.27918 0.625593
0.297706 0.674135
0.414094 0.601368
0.426191 0.6033
0.502485 0.586402
0.513878 0.617339
0.52058 0.662229
0.498127 0.627765
0.571741 0.632747
0.590683 0.575529
0.61635 0.591828
0.647648 0.673338
0.479595 0.694565
0.459739 0.650111
0.543496 0.552906
0.524407 0.685633
0.489675 0.655199
0.554565 0.696719
0.535244 0.654474
0.561124 0.591309
0.521227 0.53374
0.52373 0.701677
0.490375 0.597852
0.390262 0.535172
0.370649 0.596799
0.204096 0.64012
0.136581 0.704239
0.156129 0.683423
0.267332 0.695359
0.469765 0.61223
0.440428 0.465159
0.537636 0.535756
0.482607 0.575418
0.589569 0.650391
0.643205 0.651639
0.581066 0.503911
0.439003 0.443643
0.342546 0.410149
0.509198 0.437847
0.565632 0.539078
0.645914 0.509878
0.595728 0.626983
0.575946 0.638516
0.615185 0.676222
0.646249 0.694089
0.601619 0.630555
0.674742 0.715526
0.690628 0.63613
0.558118 0.514995
0.572625 0.640621
0.466381 0.601124
0.388783 0.589105
0.361696 0.576822
0.516594 0.654788
0.51184 0.69622
0.61722 0.51702
0.60325 0.55266
0.652554 0.606805
0.486707 0.587649
0.458695 0.633187
0.380428 0.598384
0.476824 0.542524
0.515891 0.316142
0.473868 0.411637
0.625813 0.179637
0.594529 0.104296
0.692035 0.276298
0.696442 0.180358
0.724739 0.372217
0.750387 0.436629
0.622055 0.519171
0.563629 0.590528
0.591278 0.560356
0.602961 0.606728
0.624652 0.566656
0.647596 0.578987
0.578712 0.486968
0.565423 0.565298
0.555009 0.501016
0.632936 0.48471
0.607054 0.484827
0.584825 0.545507
0.570244 0.57105
0.598726 0.6176
0.625086 0.598906
0.725346 0.547067
0.733136 0.496721
0.72627 0.534196
0.672015 0.400633
0.61418 0.509274
0.555019 0.598682
0.507913 0.545095
0.507209 0.585236
0.43103 0.657167
0.422322 0.693348
0.360913 0.643728
0.1833 0.757208
0.152759 0.711724
0.313644 0.63024
0.401343 0.701742
0.272356 0.753779
0.228772 0.786268
0.361961 0.747028
0.380319 0.710511
0.291464 0.616946
0.284733 0.70238
0.567075 0.703368
0.610556 0.54441
0.706106 0.453655
0.675763 0.299991
0.647476 0.297648
0.687302 0.354068
0.693441 0.469447
0.683711 0.489322
0.618324 0.585434
0.575503 0.435274
0.674298 0.564522
0.579751 0.636361
0.637 0.647629
0.526498 0.701267
0.650921 0.675655
0.572305 0.645641
0.545978 0.585907
0.565987 0.583791
0.598443 0.612403
0.538491 0.660848
0.606395 0.544481
0.605001 0.395255
0.622436 0.398858
0.662866 0.447427
0.649786 0.432563
0.647784 0.522017
0.459466 0.544961
0.637244 0.520789
0.610894 0.607874
0.487664 0.614889
0.357957 0.668027
0.477996 0.687959
0.399857 0.614024
0.31721 0.466721
0.401194 0.394587
0.299508 0.408973
0.258925 0.204842
0.350801 0.198629
0.393714 0.228525
0.465864 0.273502
0.551892 0.293025
0.419331 0.384418
0.297157 0.153349
0.233431 0.217947
0.482986 0.322893
0.51462 0.262815
0.553594 0.269751
0.580566 0.146744
0.578928 0.325939
0.601805 0.319528
0.529219 0.328924
0.659312 0.434847
0.621709 0.418458
0.451902 0.401707
0.476087 0.522039
0.445381 0.441341
0.508227 0.498268
0.499936 0.321199
0.463952 0.357299
0.495863 0.611665
0.546091 0.611905
0.541116 0.509279
0.572445 0.354527
0.650589 0.483872
0.632049 0.483237
0.718716 0.392911
0.732741 0.301811
0.729159 0.341662
0.674313 0.159643
0.719685 0.321013
0.651995 0.274497
0.699604 0.323564
0.69213 0.220026
0.659774 0.333609
0.701293 0.316961
0.525002 0.447518
0.630838 0.466476
0.663921 0.341369
0.560584 0.292097
0.5888 0.461911
0.530809 0.400451
0.5888 0.401302
0.506473 0.306459
0.574671 0.338249
0.560296 0.37065
0.6287 0.348961
0.657852 0.417149
0.679315 0.531266
0.561622 0.590737
0.629357 0.571787
0.522907 0.632213
0.530664 0.664602
0.53229 0.540079
0.442538 0.439387
0.582081 0.567464
0.584627 0.491427
0.495321 0.402863
0.422752 0.432153
0.655487 0.506024
0.532407 0.575566
0.590068 0.50099
0.670135 0.572467
0.604444 0.421382
0.66311 0.310103
0.715207 0.408801
0.645556 0.526447
0.667536 0.560953
0.63191 0.562954
0.718802 0.551144
0.667676 0.584054
0.600455 0.603764
0.717231 0.464135
0.657461 0.455526
0.662298 0.360519
0.69994 0.435986
0.695581 0.264305
0.6408 0.390965
0.716139 0.368957
0.66489 0.496942
0.545201 0.474619
0.605955 0.560211
0.622769 0.455667
0.572559 0.319263
0.45548 0.231528
0.411291 0.113588
0.498388 0.10745
0.515694 0.0472394
0.71846 0.114188
0.673948 0.0902152
0.682548 0.263102
0.64313 0.22103
0.562627 0.327024
0.637229 0.300604
0.535951 0.313091
0.619139 0.242799
0.53017 0.338624
0.537117 0.258276
0.575348 0.401487
0.564987 0.577947
0.496556 0.538769
0.490843 0.541541
0.408932 0.575085
0.494652 0.618892
0.542304 0.600903
0.472332 0.628865
0.423911 0.619492
0.508213 0.559696
0.543692 0.532673
0.579305 0.439296
0.721848 0.34842
0.691009 0.432512
0.702298 0.476173
0.649841 0.421693
0.599781 0.369667
0.638202 0.449461
0.717474 0.324778
0.718113 0.283689
0.708693 0.211498
0.610441 0.206229
0.686949 0.155691
0.668106 0.24566
0.47838 0.0656473
0.622813 0.0894221
0.621642 0.129418
0.575644 0.122342
0.605171 0.104292
0.757887 0.169799
0.723015 0.275231
0.674476 0.295399
0.68601 0.431206
0.670085 0.343405
0.655156 0.440079
0.50233 0.472817
0.570602 0.735087
0.547196 0.625129
0.49309 0.500156
0.556256 0.604993
0.488071 0.627894
0.478697 0.630358
0.524829 0.67425
0.489847 0.696831
0.492927 0.661809
0.589524 0.699265
0.67097 0.667353
0.657532 0.663688
0.431316 0.744926
0.40645 0.609214
0.445476 0.550732
0.400899 0.554514
0.456865 0.681487
0.48285 0.542148
0.607718 0.478633
0.542529 0.409887
0.72769 0.377152
0.714432 0.190483
0.682555 0.1398
0.68995 0.0520338
0.679683 0.0705994
0.478282 0.0547973
0.495467 0.0954107
0.401976 0.291282
0.36008 0.248296
0.472459 0.151386
0.53256 0.20359
0.464472 0.228699
0.363786 0.211163
0.25844 0.245183
0.175838 0.340535
0.426738 0.229219
0.446226 0.252338
0.588955 0.261528
0.566771 0.233747
0.574286 0.493534
0.53409 0.534382
0.512107 0.597127
0.590287 0.641294
0.687698 0.647502
0.638858 0.582691
0.581957 0.524875
0.569426 0.641737
0.372284 0.653127
0.513837 0.602421
0.487024 0.519106
0.371245 0.584466
0.518532 0.709121
0.535857 0.74276
0.542593 0.724312
0.583385 0.612143
0.508111 0.651377
0.43221 0.695753
0.533499 0.661115
0.454473 0.656189
0.531571 0.588417
0.633628 0.57603
0.626988 0.570238
0.716122 0.659358
0.59254 0.677403
0.52343 0.68411
0.57721 0.589451
0.395306 0.636309
0.437403 0.635843
0.533134 0.650701
0.493746 0.594982
0.586206 0.549654
0.538218 0.611816
0.478769 0.596742
0.553115 0.619901
0.566286 0.671217
0.446952 0.619087
0.416349 0.562351
0.534316 0.572554
0.556397 0.514644
0.674094 0.5835
0.494834 0.499199
0.590493 0.547544
0.608143 0.605666
0.546309 0.721755
0.618043 0.655075
0.626104 0.702564
0.655549 0.678311
0.711752 0.636487
0.680395 0.659118
0.706463 0.648926
0.492543 0.675334
0.498562 0.572912
0.528223 0.661279
0.658911 0.661813
0.489299 0.65964
0.55717 0.666723
0.541669 0.650266
0.456634 0.634907
0.467065 0.534765
0.365872 0.646647
0.256254 0.599157
0.447434 0.543396
0.516357 0.502952
0.668021 0.447571
0.659008 0.454092
0.642366 0.420467
0.75868 0.324924
0.742548 0.46787
0.71061 0.392578
0.699511 0.424978
0.61445 0.562956
0.584518 0.594951
0.564314 0.593339
0.482455 0.565728
0.507799 0.522477
0.541773 0.599916
0.598335 0.597747
0.735914 0.536333
0.659401 0.488699
0.68489 0.565516
0.616829 0.526656
0.58746 0.610518
0.34963 0.669014
0.323397 0.689777
0.358746 0.754929
0.427178 0.736136
0.374263 0.660538
0.379587 0.733849
0.407133 0.693012
0.384141 0.744197
0.248658 0.721443
0.39739 0.730589
0.367835 0.668632
0.534721 0.60832
0.684657 0.520472
0.644073 0.57278
0.627558 0.56042
0.618382 0.626907
0.655599 0.681771
0.626815 0.63474
0.648916 0.611587
0.699374 0.661579
0.620741 0.703059
0.723067 0.607523
0.612363 0.484612
0.658944 0.442266
0.778954 0.319731
0.719531 0.362723
0.666286 0.52838
0.623834 0.484265
0.69953 0.4527
0.707801 0.390661
0.70594 0.436704
0.686115 0.477516
0.58203 0.6112
0.588959 0.468297
0.649486 0.495273
0.704526 0.47365
0.581243 0.45404
0.615014 0.603649
0.678988 0.615283
0.625509 0.634209
0.635122 0.608913
0.694406 0.601656
0.606047 0.66965
0.693051 0.652311
0.668907 0.602336
0.640012 0.612459
0.616293 0.620604
0.656904 0.537641
0.649844 0.376348
0.653712 0.440758
0.636503 0.378071
0.615612 0.261451
0.691697 0.167135
0.706903 0.272717
0.750273 0.265066
0.734728 0.309739
0.71769 0.528102
0.661258 0.462375
0.63755 0.387173
0.599016 0.372669
0.595392 0.468391
0.715718 0.644277
0.677664 0.61862
0.659951 0.588181
0.687903 0.537388
0.563882 0.622289
0.556291 0.593629
0.557083 0.446675
0.679507 0.477589
0.606141 0.450108
0.540565 0.584302
0.542648 0.498061
0.549429 0.439396
0.548594 0.590231
0.551983 0.612389
0.447706 0.572234
0.546892 0.550688
0.59597 0.623394
0.549539 0.521967
0.65139 0.293614
0.698193 0.30379
0.667365 0.143993
0.69221 0.164436
0.682214 0.0731547
0.706651 0.046259
0.68878 0.152313
0.683045 0.324057
0.657515 0.231673
0.687876 0.207204
0.578255 0.286679
0.627188 0.277526
0.716097 0.31147
0.713894 0.448845
0.675017 0.470963
0.603791 0.578488
0.593711 0.632622
0.586882 0.684154
0.610949 0.679411
0.650021 0.6068
0.642299 0.662002
0.56081 0.705601
0.69409 0.646261
0.693051 0.674794
0.655124 0.561527
0.764291 0.607296
0.68627 0.491365
0.650398 0.601792
0.607528 0.682308
0.650446 0.654188
0.590712 0.584449
0.582331 0.698563
0.672278 0.723662
0.656435 0.69535
0.609043 0.611091
0.501939 0.708339
0.720759 0.584555
0.683285 0.553788
0.646276 0.66542
0.654263 0.689616
