67 67
58 58
54 54
61 61
60 60
61 61
60 58
61 61
56 54
58 58
65 65
63 63
69 73
65 65
61 61
73 73
60 60
58 58
58 58
66 68
65 67
60 60
75 75
62 62
61 61
76 76
69 71
63 63
63 63
61 61
60 58
64 64
59 59
67 63
66 68
64 64
61 61
70 70
66 70
70 70
60 60
59 61
69 67
61 61
57 57
64 64
49 49
65 67
64 64
56 54
62 62
60 60
66 66
76 76
65 65
59 59
51 51
66 64
70 70
67 67
68 68
77 77
58 58
65 65
58 58
56 56
71 73
70 72
60 60
61 61
58 58
60 60
73 73
62 64
64 64
71 71
55 55
62 64
57 57
60 58
55 55
68 68
72 74
69 71
68 68
55 57
57 57
72 70
62 62
65 67
66 66
58 58
73 75
62 64
64 62
60 60
69 69
62 60
64 62
71 73
58 60
65 65
76 74
71 71
57 59
65 65
65 65
62 62
63 63
68 68
71 71
68 64
65 65
71 71
67 67
64 68
63 65
65 65
63 63
61 61
65 65
60 60
62 62
69 69
59 57
63 63
63 65
65 65
60 60
59 59
66 66
58 58
62 62
63 63
61 61
60 58
52 52
65 63
59 59
65 63
60 60
66 66
55 55
65 65
64 64
62 62
60 60
71 73
68 68
64 64
60 60
70 70
71 73
59 59
65 63
71 73
62 60
66 68
69 69
72 72
66 68
54 54
61 65
55 57
60 60
63 63
65 67
54 54
63 63
58 58
64 64
66 66
75 75
62 62
68 68
68 70
59 59
63 63
57 59
69 69
62 62
57 57
62 62
68 70
76 76
65 65
66 68
68 68
58 58
54 54
63 63
58 60
63 63
62 64
63 65
52 54
64 64
59 59
60 60
69 69
54 54
61 61
62 64
54 54
73 73
58 58
65 65
71 71
71 71
70 70
68 68
63 63
69 69
68 68
69 69
65 67
61 61
68 68
64 64
63 61
60 60
73 73
62 62
59 59
63 63
66 64
68 68
64 64
64 64
61 61
66 66
79 79
53 53
68 68
67 67
64 64
60 60
53 53
67 67
76 78
68 70
64 64
64 64
67 69
61 61
77 77
68 68
64 68
63 63
59 59
70 70
60 60
50 50
77 77
66 64
61 57
65 65
72 70
59 59
70 70
66 66
60 60
76 76
57 57
62 62
64 68
56 56
58 58
67 69
69 67
62 60
64 64
68 70
58 58
76 76
57 57
67 67
52 52
60 60
65 65
57 57
68 68
64 64
60 60
72 72
64 64
69 71
59 61
68 68
66 66
60 60
62 62
65 65
69 71
68 66
66 66
60 64
62 64
59 59
62 60
47 47
65 67
63 61
70 72
54 58
57 57
69 69
64 64
59 59
62 62
78 78
61 61
68 68
63 65
63 63
63 61
65 65
63 65
61 61
61 61
62 60
51 51
70 70
67 69
59 61
67 65
55 55
65 63
62 66
62 60
70 70
74 70
65 63
63 61
60 60
66 66
66 66
53 51
58 58
69 69
64 64
71 71
60 60
57 57
63 63
60 58
55 55
65 65
63 63
70 72
59 61
61 61
61 61
60 60
66 66
60 60
67 67
61 61
75 75
65 63
70 70
62 58
54 52
47 49
62 62
64 64
60 56
63 65
67 67
59 61
66 66
67 69
57 55
49 51
68 68
58 60
65 63
64 66
71 71
60 60
67 69
64 62
60 60
60 62
63 61
61 57
65 65
59 59
64 68
69 67
61 63
70 70
60 62
62 62
69 69
62 62
56 56
54 54
64 62
57 57
59 59
62 60
65 63
63 63
68 68
59 59
70 70
65 63
50 50
55 53
67 67
61 63
57 57
61 63
72 74
59 61
61 61
60 62
68 68
52 52
66 66
59 59
59 61
60 60
63 65
63 63
57 55
58 60
62 64
68 68
58 58
61 61
62 60
62 64
71 71
67 73
60 60
63 63
72 72
65 65
63 65
77 77
64 64
62 62
69 71
69 69
74 74
56 56
59 61
63 63
62 62
61 61
53 55
66 66
64 64
64 62
70 70
61 63
66 66
65 63
55 55
66 66
64 64
58 58
70 70
55 55
66 66
65 69
60 62
60 60
70 70
57 55
71 75
63 63
71 71
64 64
59 61
64 66
67 67
59 59
62 60
68 68
62 62
66 66
62 62
65 63
63 63
57 57
58 58
52 52
65 65
68 68
62 60
50 52
61 67
69 69
61 63
66 68
66 66
65 65
63 61
56 56
56 56
61 63
62 64
59 59
58 58
62 60
60 60
64 64
54 56
72 72
59 59
61 61
65 65
55 55
67 67
55 55
58 58
64 64
65 65
68 68
78 78
69 69
58 58
64 64
62 62
68 70
72 72
63 63
62 62
64 64
55 55
66 66
55 55
63 65
56 56
66 64
57 53
63 65
58 58
62 62
62 62
61 61
66 66
67 67
69 67
71 69
62 60
56 58
57 57
70 70
58 56
63 61
65 63
67 65
73 73
68 68
67 67
69 71
55 55
54 54
67 67
57 57
67 65
61 59
61 61
64 62
70 70
64 60
55 55
62 62
70 70
55 55
60 60
68 66
67 69
53 53
69 69
66 64
59 57
61 61
60 60
65 65
69 69
62 60
63 63
69 67
61 61
72 70
60 60
65 65
71 69
61 63
70 68
64 62
55 55
53 55
59 59
71 69
66 66
63 61
58 60
67 61
63 65
56 58
64 64
68 70
62 62
62 62
66 66
70 70
59 61
59 61
56 54
68 68
71 69
62 62
58 58
57 57
62 62
62 64
54 54
61 59
67 67
63 65
69 69
66 66
58 58
63 61
66 66
68 68
61 61
58 58
62 62
64 60
63 61
61 63
73 71
60 58
64 64
65 65
58 58
58 58
62 60
57 59
59 59
60 60
60 60
66 66
63 63
61 61
63 65
58 56
62 62
65 67
57 57
64 66
62 62
65 63
58 58
74 74
59 57
58 58
64 64
66 66
64 64
54 54
66 64
63 63
58 58
57 57
68 66
69 67
68 64
67 67
63 61
61 61
64 66
74 74
75 75
70 70
67 67
65 65
64 64
66 68
69 69
63 65
63 63
67 65
63 63
54 54
69 67
70 70
57 57
67 67
70 70
67 67
60 60
56 56
63 63
53 53
57 55
68 68
65 65
70 70
60 62
60 60
71 67
70 72
63 63
64 66
65 65
62 62
64 62
55 55
65 63
71 71
67 67
59 59
61 63
57 57
60 60
60 58
75 75
61 61
65 67
61 61
53 55
58 58
65 65
55 55
65 67
61 61
62 62
55 55
61 61
71 71
65 65
66 66
62 62
60 60
61 61
72 70
71 71
70 72
59 59
63 63
63 63
70 70
65 65
62 62
68 64
66 66
70 64
57 61
67 67
68 68
52 52
64 66
63 63
59 59
71 69
71 69
62 62
67 67
66 64
62 62
63 63
61 59
67 67
56 52
66 66
59 57
54 54
63 63
64 62
57 57
66 66
59 59
60 60
61 59
53 55
69 69
69 69
56 56
62 62
70 70
60 58
67 67
66 66
65 67
64 66
61 59
71 71
57 57
52 56
61 59
62 64
62 60
63 63
70 70
58 58
68 68
69 69
65 65
62 62
66 68
62 62
67 69
58 58
62 62
56 58
65 65
55 55
69 65
58 58
67 67
69 69
66 66
60 60
58 62
62 62
63 63
64 66
66 66
56 56
58 58
70 70
67 69
71 69
62 62
57 57
71 71
59 59
70 72
62 62
57 55
67 67
66 66
63 61
64 64
69 69
65 65
60 60
57 57
60 60
62 62
67 67
60 60
57 57
69 67
63 65
71 69
54 54
66 68
63 65
54 54
67 67
63 63
70 68
63 63
61 57
57 57
55 57
70 70
69 69
60 62
65 65
63 63
72 74
64 62
56 56
70 70
67 67
65 65
65 65
64 62
59 63
56 56
62 58
64 64
68 68
60 62
63 63
65 65
56 56
57 57
64 64
61 61
73 73
73 73
61 59
70 70
62 62
65 65
56 56
58 60
64 62
59 61
64 66
70 68
56 58
64 64
62 62
69 69
61 61
63 63
67 67
68 66
68 68
54 54
66 66
64 64
65 67
68 64
71 69
69 69
58 60
56 56
75 67
62 62
58 58
70 70
58 58
71 73
52 56
62 64
56 56
65 65
64 64
69 69
56 56
60 60
59 63
64 64
69 69
62 62
61 63
70 70
69 69
57 55
56 56
61 61
57 61
63 61
71 71
61 63
62 62
68 68
59 59
66 66
70 70
64 64
58 58
64 64
63 63
61 61
65 67
64 66
64 64
63 61
63 65
64 64
63 65
65 67
57 55
58 58
62 62
65 65
70 70
60 60
54 58
64 64
57 57
67 67
56 56
65 65
58 60
62 62
62 60
58 58
62 62
67 67
66 66
62 62
73 69
71 71
57 57
57 59
68 68
68 68
64 64
65 67
63 63
64 64
59 63
63 65
64 64
60 60
49 53
70 70
66 66
54 54
63 63
57 59
72 72
58 58
67 67
65 65
64 64
67 67
63 63
62 60
58 58
60 60
61 61
68 68
60 60
63 63
74 76
75 73
60 60
64 64
62 64
66 66
56 54
55 55
59 61
64 64
60 60
59 59
61 61
53 53
60 60
65 65
67 67
67 65
60 62
67 67
68 68
66 64
63 63
60 60
60 60
64 64
59 59
63 63
64 64
72 72
66 66
67 69
62 62
63 63
76 76
63 63
72 72
65 65
61 61
67 65
60 58
58 58
54 54
58 60
73 73
68 66
63 63
58 58
61 61
65 67
59 59
67 67
61 59
70 70
62 62
66 66
53 55
59 59
53 51
62 64
56 56
63 63
63 63
68 70
60 58
62 64
70 70
76 76
68 68
61 63
65 65
60 66
63 63
62 64
66 66
63 63
57 57
67 67
69 69
63 63
62 62
72 72
70 68
65 63
62 62
56 58
67 67
59 61
73 71
67 67
64 64
61 61
60 60
66 66
72 70
68 68
70 70
65 65
62 64
70 70
61 61
58 58
68 66
62 62
54 54
67 67
56 56
59 61
68 66
61 61
70 68
74 72
68 68
53 53
63 63
61 61
70 72
65 63
64 64
60 62
66 66
62 62
65 65
58 56
66 62
56 56
66 66
63 63
67 69
59 59
67 67
55 55
61 61
65 63
74 76
54 56
63 63
59 59
64 64
66 66
66 64
60 62
68 66
73 75
61 61
56 56
57 61
61 61
64 64
64 60
57 59
64 64
61 61
62 62
56 56
66 66
68 68
55 55
72 72
65 63
62 60
62 62
68 68
50 50
68 68
62 62
65 65
65 67
72 70
58 58
64 64
56 58
70 70
60 60
60 60
56 56
63 61
63 65
67 69
63 63
65 65
67 67
59 61
63 63
64 64
72 72
59 61
58 58
59 59
64 60
63 63
65 65
63 65
64 60
71 73
63 63
61 61
68 68
64 64
63 63
65 67
66 68
60 60
62 64
59 59
65 67
63 65
58 58
62 62
76 78
60 60
53 51
65 67
62 62
75 71
71 71
65 63
70 70
62 62
62 62
69 71
70 70
59 59
60 60
62 64
55 55
71 71
67 67
66 66
56 56
57 59
66 68
66 66
56 56
61 61
63 63
66 66
71 69
62 62
61 61
63 63
62 60
53 53
65 61
62 62
61 61
63 63
59 61
65 67
61 59
57 57
65 65
70 68
51 49
52 54
60 60
63 65
66 66
63 63
64 62
63 63
68 68
68 70
56 54
63 61
72 72
56 56
58 58
52 52
71 71
57 57
61 61
65 65
73 73
58 58
67 67
62 62
70 68
68 68
57 55
62 62
74 74
66 66
59 59
70 70
74 74
53 53
71 73
55 55
59 61
69 69
65 63
68 68
71 71
43 43
72 72
53 53
70 66
59 61
52 54
62 62
68 68
62 62
63 61
60 62
70 68
60 60
72 70
73 73
65 65
61 61
59 59
63 65
55 55
62 64
56 54
62 64
68 70
68 66
63 61
62 62
58 58
55 53
67 67
77 75
63 63
58 60
60 60
68 68
52 54
63 61
59 59
67 67
72 72
64 66
54 56
69 69
60 60
64 64
63 63
58 58
52 52
71 71
64 64
64 66
65 65
62 62
65 65
57 57
64 64
64 62
63 63
56 60
59 57
69 69
53 53
59 61
62 62
58 58
63 63
66 66
67 67
70 70
54 54
62 62
57 57
72 72
62 62
57 55
74 72
62 62
69 73
67 67
61 61
63 63
63 65
68 70
49 49
61 59
69 69
73 73
62 62
59 59
61 61
55 55
62 62
66 66
68 64
61 59
66 66
65 65
64 64
68 68
59 61
60 60
62 62
67 67
69 67
68 70
63 65
66 64
72 72
61 63
64 64
68 66
74 76
63 63
63 63
65 65
68 68
67 67
61 59
64 62
69 69
71 71
60 62
56 56
63 63
62 62
61 61
66 66
69 67
63 63
66 66
75 73
66 68
65 65
55 55
60 64
62 62
51 51
62 62
67 67
59 57
71 73
56 56
63 65
61 61
63 63
67 63
72 72
67 67
70 70
71 67
64 62
62 62
69 69
63 63
70 72
64 66
61 63
71 69
70 70
65 65
74 74
57 57
56 56
68 68
68 70
66 66
61 61
70 72
61 61
58 60
64 62
74 74
68 66
57 57
66 66
63 61
68 68
63 63
69 71
63 63
66 64
69 69
63 61
72 74
59 59
66 66
66 66
70 70
66 66
56 56
64 64
52 52
56 56
66 66
69 67
63 63
62 62
66 68
63 61
61 61
70 70
64 64
59 59
69 69
63 63
63 65
63 63
65 63
69 71
63 63
67 67
61 61
60 60
63 63
59 59
69 67
60 60
69 71
61 61
60 60
69 71
60 60
64 64
67 67
64 64
69 69
57 57
64 64
67 67
62 64
65 65
55 55
68 68
64 62
61 61
63 65
61 61
65 65
60 58
64 64
65 63
63 65
61 61
63 63
61 61
68 68
75 75
69 69
57 57
71 71
62 60
59 61
64 62
65 65
57 57
62 60
59 59
63 63
70 70
53 53
70 70
65 65
72 72
66 64
63 63
60 60
68 66
63 65
62 64
69 69
71 71
64 64
64 64
67 63
63 63
65 65
65 63
64 64
63 59
64 64
59 59
58 60
59 59
62 60
63 63
61 61
65 65
66 64
71 71
68 68
75 75
65 65
61 61
64 66
59 59
59 59
63 61
63 65
63 63
69 69
61 61
53 53
62 62
68 68
60 62
67 65
62 62
65 65
64 64
69 69
66 68
61 61
65 65
62 62
53 53
55 55
66 66
66 66
53 55
55 53
62 62
64 64
59 59
69 67
69 69
60 60
61 65
63 63
64 64
65 65
72 72
69 67
64 64
70 70
61 61
62 62
67 65
70 70
60 60
60 60
63 63
71 71
67 69
55 57
63 63
60 62
61 61
57 57
66 66
70 70
67 69
63 63
63 63
60 60
65 65
57 57
71 71
66 62
66 68
58 58
78 78
58 62
63 63
62 64
62 62
58 58
60 58
56 56
61 59
68 68
55 55
60 60
71 71
70 70
70 70
58 58
56 56
69 71
56 56
63 61
62 60
66 66
59 59
56 56
67 67
66 66
66 66
62 62
64 66
52 52
57 57
67 67
70 72
69 69
65 65
59 59
63 65
64 64
71 73
55 57
59 61
64 66
63 63
64 64
67 65
68 70
66 64
63 63
66 66
59 61
62 62
69 69
66 64
59 59
68 68
64 66
68 68
62 62
65 65
65 65
67 67
66 66
69 69
66 66
67 69
59 61
61 61
62 62
61 61
71 71
63 61
58 58
60 60
70 70
61 61
54 52
63 63
63 63
64 64
70 70
64 64
67 67
64 62
66 68
60 60
60 60
69 69
60 60
65 63
64 64
74 74
57 57
55 55
70 70
68 70
67 67
64 66
66 66
63 69
64 64
63 63
63 63
60 62
65 65
55 57
62 60
61 61
66 66
60 58
71 69
65 65
63 61
57 57
60 60
64 64
64 64
68 68
73 73
52 54
59 57
67 67
60 60
67 67
59 59
66 66
75 77
70 70
64 64
63 63
64 64
75 75
68 68
57 61
72 72
62 62
64 64
64 62
61 61
67 67
66 66
61 61
57 57
66 60
58 56
51 51
65 67
71 67
71 71
67 67
63 63
64 66
51 53
63 61
78 76
68 68
60 60
68 68
66 66
63 63
56 60
64 64
62 62
64 64
67 65
67 65
72 68
58 58
62 62
71 75
69 69
65 65
65 65
56 56
59 59
56 56
65 67
62 62
63 61
68 68
60 58
61 63
64 66
65 67
76 76
51 55
65 63
52 54
63 63
64 62
61 61
57 57
72 72
58 58
74 72
59 59
60 62
64 64
70 68
70 72
75 75
69 71
57 57
70 70
73 69
64 64
70 68
56 56
75 73
66 64
61 61
63 63
63 65
69 69
68 68
55 53
62 62
59 59
58 58
69 69
66 66
50 50
62 62
66 68
66 66
59 57
61 59
58 56
65 65
65 65
66 68
61 57
72 74
49 49
70 70
60 60
54 54
56 58
67 67
60 60
64 64
61 61
56 56
62 62
60 62
59 61
68 66
66 66
63 63
60 58
63 63
61 61
63 63
65 63
60 60
62 62
64 68
64 66
66 66
66 62
65 67
62 62
70 70
58 58
70 70
67 67
69 69
55 57
59 57
65 65
65 63
54 54
57 59
59 59
59 59
62 64
65 65
63 63
67 67
59 59
74 74
66 66
60 58
64 64
63 63
60 60
66 66
64 66
66 66
54 54
60 60
61 61
55 55
62 62
55 55
66 66
62 64
66 66
62 62
68 66
73 75
65 65
69 71
60 58
69 69
53 53
59 59
66 66
57 57
77 77
68 68
69 69
69 71
66 66
58 60
73 71
54 54
67 67
62 64
69 69
65 65
64 64
62 58
60 60
63 63
73 73
57 57
66 66
61 61
61 61
59 59
62 64
61 61
65 63
71 71
69 69
59 61
69 69
66 66
62 62
66 66
69 67
59 59
68 68
68 68
63 63
68 66
62 62
61 61
62 64
62 64
64 66
56 56
70 68
59 57
60 60
56 56
56 56
64 64
63 65
61 63
63 65
64 64
70 70
62 60
67 69
66 66
65 65
62 62
68 70
52 52
60 60
71 71
66 64
58 60
62 62
60 62
59 61
73 75
69 69
68 70
72 76
69 69
73 73
58 58
67 65
68 64
63 61
56 56
70 70
68 68
64 64
60 58
66 62
63 63
54 54
58 56
62 62
65 65
65 65
65 65
61 61
54 54
63 61
56 54
63 63
57 57
67 65
66 66
63 65
62 62
73 73
67 67
68 70
72 70
64 64
62 60
60 62
65 65
65 65
70 66
66 64
72 74
71 69
61 61
67 63
64 64
67 65
65 65
62 64
71 71
72 72
60 60
65 65
58 54
70 70
63 61
56 56
53 53
60 60
65 65
67 67
66 64
66 64
65 63
67 67
65 65
53 53
63 63
60 60
65 67
67 67
63 63
66 66
69 69
69 69
57 57
61 61
62 62
75 75
70 72
61 65
67 65
64 64
68 68
67 67
67 67
67 67
62 62
71 67
66 66
52 52
61 59
63 63
64 62
71 73
61 61
66 66
69 69
61 59
65 65
59 57
61 61
59 59
64 64
68 68
59 61
69 69
63 63
52 56
61 61
67 67
56 56
64 66
62 62
59 57
60 62
67 67
65 65
67 67
65 63
64 64
66 66
71 71
58 58
70 70
74 74
58 58
68 68
65 65
62 62
64 64
70 70
62 64
59 57
57 57
66 62
70 70
67 67
64 64
70 72
64 64
60 60
72 72
64 64
66 68
59 59
55 55
57 55
64 64
68 68
60 58
63 63
64 66
59 59
59 59
62 62
58 58
60 62
58 58
64 66
71 71
61 63
66 66
62 60
59 59
67 67
56 58
61 59
73 73
69 69
67 67
69 69
63 65
65 63
63 63
71 71
62 62
66 66
58 58
68 68
65 67
65 67
65 63
61 61
61 59
62 62
67 69
71 71
58 58
54 54
59 59
64 64
62 62
57 57
68 68
56 56
68 66
58 58
59 59
69 73
64 64
65 65
57 59
66 64
57 57
63 63
62 60
60 60
66 66
62 66
67 67
59 59
69 69
67 63
55 53
67 67
61 61
58 58
68 70
70 70
66 66
69 71
62 62
66 66
56 56
50 52
61 61
64 66
65 65
72 72
61 59
63 65
66 66
62 62
57 57
66 66
56 56
66 66
54 56
67 67
70 68
63 65
64 64
62 62
77 77
54 54
60 60
67 69
58 60
58 58
58 58
66 68
66 64
66 66
65 65
60 60
60 60
63 63
56 54
60 60
58 60
61 61
61 61
65 61
63 61
66 68
66 66
54 54
62 62
66 66
60 60
63 61
59 59
64 66
60 58
52 52
64 62
55 55
60 60
70 72
62 62
70 70
73 71
64 64
76 76
66 66
60 60
64 66
60 60
54 54
57 55
62 62
53 55
65 65
70 70
64 66
61 61
65 67
63 65
68 68
57 55
69 67
57 57
61 61
68 68
67 67
65 61
63 63
59 59
57 57
56 56
63 61
55 53
73 73
60 62
64 66
64 64
59 61
69 69
63 63
59 59
63 63
60 60
67 65
59 59
65 65
65 69
55 55
61 63
58 58
56 56
65 67
68 68
58 58
75 75
73 73
70 70
54 54
63 63
61 61
61 61
60 54
72 72
54 54
67 67
68 68
73 71
66 66
62 60
70 70
64 64
56 58
56 54
63 63
54 54
60 60
63 63
67 69
66 66
59 59
70 70
68 68
63 63
68 68
61 63
65 65
66 66
64 64
77 77
75 75
68 68
74 74
67 69
55 57
68 68
59 57
72 72
68 68
63 61
71 71
45 45
61 61
72 72
64 64
71 69
61 61
52 52
65 65
63 61
62 62
68 68
59 59
59 59
74 74
64 64
71 71
70 70
70 70
55 55
64 64
55 55
67 67
55 55
63 59
58 58
59 61
70 70
59 59
63 61
65 63
69 69
60 60
66 66
60 60
62 60
57 57
73 73
60 60
66 66
59 61
73 73
68 68
63 63
61 61
63 63
52 54
71 71
52 52
70 66
61 59
59 57
55 55
67 65
66 66
67 67
58 58
63 63
73 73
64 64
69 69
69 67
54 54
61 61
64 60
63 63
64 66
53 53
67 67
71 71
63 63
65 67
57 59
66 66
67 65
59 57
61 61
63 59
55 55
72 72
59 59
53 55
57 57
56 56
69 69
58 58
53 55
62 62
64 64
69 69
62 60
61 63
75 77
53 55
57 57
66 68
64 64
61 61
60 62
63 63
61 57
65 65
58 58
61 59
72 70
54 54
72 74
63 63
58 58
72 72
72 72
64 64
60 60
58 58
56 58
69 69
64 64
62 62
64 64
64 62
69 69
68 68
57 55
59 59
64 64
64 64
66 66
57 57
61 61
67 67
64 66
64 62
69 69
63 63
68 70
51 51
65 65
58 58
61 61
63 63
55 55
67 67
63 63
62 64
57 57
68 66
64 64
69 69
65 65
68 68
62 62
73 73
54 56
61 63
56 58
74 74
75 75
69 69
67 65
61 61
64 64
62 66
69 69
64 64
74 68
60 60
63 61
64 64
58 60
64 68
73 73
57 59
61 63
62 62
59 59
64 64
73 73
58 58
55 53
68 66
62 64
65 69
58 56
61 61
65 65
65 63
60 60
63 63
63 63
72 72
67 67
58 60
57 57
60 60
65 65
63 63
62 62
63 63
56 56
60 60
65 65
57 57
58 58
69 67
64 66
61 61
75 75
57 57
59 59
59 59
60 60
54 56
65 65
77 75
57 51
56 58
67 67
66 66
65 65
62 62
74 74
60 60
60 60
56 56
68 68
58 58
70 70
60 62
73 73
58 58
59 57
69 67
57 57
63 63
66 70
64 66
56 56
58 60
59 59
62 62
58 56
58 58
77 75
62 60
65 63
69 69
63 63
61 61
58 58
63 65
70 70
54 54
57 57
66 66
55 55
60 60
68 70
64 66
63 63
63 63
62 62
63 63
68 66
59 59
67 67
60 60
59 57
58 58
61 61
65 65
70 68
61 63
60 60
61 63
64 64
69 69
69 69
64 66
73 73
65 63
61 61
67 67
62 62
69 69
66 66
69 69
69 67
61 61
69 69
66 64
62 62
62 62
64 64
62 62
69 71
68 66
54 54
55 55
61 61
69 69
61 61
66 66
58 56
54 56
61 61
68 68
60 60
61 59
60 60
68 68
72 72
59 59
71 71
57 57
61 61
62 62
72 70
56 56
56 58
70 70
68 68
67 67
62 60
61 61
66 66
60 60
67 67
60 60
61 61
70 70
56 56
58 56
61 65
65 65
56 56
58 60
60 60
60 58
58 58
68 66
66 66
66 66
59 59
70 68
68 68
65 65
61 59
69 71
60 60
54 54
71 73
67 71
67 69
57 57
60 60
72 70
67 65
64 64
63 63
58 58
64 64
69 69
70 70
64 64
66 66
71 69
56 56
68 68
59 59
61 61
52 52
61 61
59 59
59 59
69 69
71 71
58 58
57 57
68 66
63 63
69 69
57 57
60 64
67 67
62 62
63 63
60 60
58 58
64 64
73 71
57 57
61 61
63 63
61 59
71 71
52 52
59 57
63 63
59 59
69 69
62 62
69 65
62 62
55 55
73 71
64 64
69 69
69 67
62 58
64 64
64 64
63 63
62 62
60 60
56 56
68 70
58 58
75 75
63 63
58 60
59 57
55 57
60 60
60 60
65 59
61 61
68 68
56 56
63 65
59 61
59 57
62 62
60 60
64 64
60 60
72 72
72 72
63 63
63 63
70 70
64 64
62 62
66 68
64 64
66 64
70 68
73 73
65 65
65 67
60 60
64 68
64 64
63 61
75 75
53 53
59 61
69 71
77 77
61 61
62 62
63 65
64 64
63 65
64 64
61 63
64 64
64 64
68 68
52 54
60 54
65 65
65 65
71 71
71 71
58 58
57 57
59 59
59 59
66 64
68 66
60 60
58 60
63 63
62 62
63 63
54 52
53 55
60 60
59 59
67 65
72 72
69 69
57 57
71 69
68 68
71 71
60 62
65 65
63 61
64 64
58 58
73 77
68 68
75 77
66 66
65 65
63 63
75 75
65 65
66 66
65 65
64 66
57 57
71 71
59 59
68 68
68 68
67 69
74 74
60 60
60 60
59 61
61 57
69 69
58 60
71 67
64 64
60 60
62 60
68 68
56 56
55 55
60 62
65 63
66 68
63 65
57 57
63 63
62 64
61 59
71 71
68 68
73 73
66 66
65 63
77 73
61 63
69 71
59 59
62 64
61 61
62 62
57 57
55 55
66 66
67 67
63 63
59 63
64 64
66 66
61 61
62 62
67 63
63 63
78 78
67 71
65 63
76 74
66 64
63 65
68 68
64 64
67 67
62 62
63 63
70 72
59 59
70 70
64 62
58 58
69 69
64 64
59 59
60 60
58 58
62 62
54 56
62 62
64 64
62 62
60 60
69 69
57 57
65 65
67 69
59 61
73 75
68 68
59 61
63 65
56 56
60 58
63 63
58 56
59 59
67 67
62 62
61 59
70 66
65 65
65 65
65 67
62 62
54 54
65 65
64 64
67 67
65 65
61 59
58 62
65 67
64 64
69 69
62 58
61 63
65 63
56 56
62 62
54 54
57 57
68 68
68 66
63 63
61 61
61 61
63 63
65 65
64 62
65 65
62 62
55 55
53 53
63 63
70 70
64 64
64 64
70 70
78 76
67 69
66 66
65 65
64 64
66 66
64 62
69 67
63 63
60 62
64 64
63 63
71 69
53 53
77 77
56 56
65 65
66 66
64 64
61 61
60 58
63 63
66 64
55 55
66 68
56 56
78 80
68 70
65 65
63 63
59 61
68 66
66 62
59 59
59 59
59 57
60 60
67 65
65 65
70 70
63 63
61 61
59 59
56 54
66 66
57 55
56 58
68 62
58 58
67 65
78 78
64 64
59 61
66 68
63 61
60 60
66 66
69 69
69 71
55 55
66 64
72 72
65 65
62 62
56 54
71 71
59 57
62 64
64 66
63 65
60 58
62 62
67 67
67 67
62 62
62 62
58 58
66 66
70 72
66 66
53 53
64 64
67 67
64 66
65 65
66 66
65 63
66 66
61 61
55 59
60 62
70 74
67 67
61 61
60 58
71 71
74 74
61 61
60 60
60 62
63 63
58 54
67 67
64 64
59 59
65 65
68 68
61 59
69 69
55 55
62 62
67 65
61 61
70 68
66 66
67 67
62 62
62 66
62 60
64 62
68 68
66 66
63 65
62 62
57 57
65 65
63 61
65 65
63 63
67 67
56 56
58 60
61 61
54 54
65 65
61 63
71 71
59 59
56 56
71 71
70 68
67 67
63 65
64 64
69 67
68 68
60 60
60 62
62 62
71 71
59 61
63 65
67 67
60 62
66 66
75 73
61 61
66 66
62 64
58 60
59 59
57 57
65 65
68 66
61 61
61 63
56 58
67 69
52 52
62 60
51 53
67 67
75 75
56 58
71 71
67 67
58 58
63 63
65 65
64 64
72 72
67 65
64 64
67 65
55 57
61 61
69 69
59 57
63 63
53 49
60 60
61 61
62 60
73 75
66 66
61 61
65 65
62 64
57 59
66 68
65 67
63 63
48 48
61 65
60 62
59 59
66 66
66 68
65 65
63 61
64 64
63 65
68 68
57 55
59 57
56 56
62 62
64 64
57 57
67 67
68 66
65 63
60 60
65 65
63 63
64 64
62 62
60 60
63 61
56 58
60 58
69 69
68 68
72 72
68 68
59 59
64 66
65 67
69 69
61 57
57 57
66 66
69 71
59 59
69 69
71 71
58 58
70 72
76 78
66 66
69 71
61 61
65 63
66 64
60 60
68 68
61 61
62 62
72 72
62 62
62 62
60 60
61 61
70 70
54 54
69 69
75 73
62 62
74 72
64 64
67 65
61 61
63 59
60 60
64 64
73 73
58 58
57 57
62 60
65 65
65 65
59 59
66 66
62 62
63 63
63 61
60 60
70 70
57 57
69 63
69 69
55 55
67 65
67 67
69 69
60 58
58 58
74 72
69 69
72 72
59 57
61 59
62 62
61 61
57 57
63 65
57 57
64 64
61 63
62 66
52 54
55 55
57 55
67 67
68 66
60 60
59 59
57 57
59 61
63 63
67 67
59 59
67 67
57 57
69 71
69 69
60 62
58 58
57 57
69 67
70 68
72 72
64 64
53 53
57 57
62 64
68 68
49 49
59 59
56 58
58 58
65 65
62 60
67 67
71 71
70 70
61 61
58 60
66 66
69 69
61 61
63 63
62 64
67 65
65 63
68 68
55 55
65 65
69 69
73 71
60 60
64 64
63 63
61 61
74 74
64 64
65 65
73 71
62 62
65 65
69 69
63 61
57 57
59 61
62 60
65 65
66 66
63 63
56 56
74 76
70 66
65 69
59 59
71 71
65 65
67 69
67 61
63 65
54 54
65 65
66 64
60 62
62 66
63 63
65 65
62 62
69 69
71 69
59 59
64 66
58 62
62 62
61 61
59 59
64 64
67 67
60 60
66 64
70 70
74 72
54 54
66 66
69 69
60 62
71 71
72 72
69 67
64 64
61 61
71 69
63 65
58 58
53 55
57 59
73 73
62 62
70 70
67 63
60 60
61 61
66 68
65 65
69 65
60 62
55 55
66 66
59 61
57 57
58 58
71 71
64 64
65 65
58 58
60 60
68 68
65 65
61 61
62 62
63 63
73 73
64 64
65 65
67 67
73 73
67 67
66 66
60 56
63 65
60 62
72 72
61 57
60 58
61 61
59 61
68 68
71 69
59 59
76 76
55 53
63 63
64 64
67 67
64 64
64 64
66 66
68 68
66 64
65 65
63 65
59 59
71 71
64 64
62 62
63 63
62 62
57 53
64 62
69 69
67 67
58 58
76 76
62 60
52 54
69 69
62 62
68 68
64 64
69 69
68 68
68 66
59 59
55 55
51 51
63 63
66 66
65 65
69 71
67 67
66 68
58 62
57 59
62 62
69 69
54 54
58 58
54 54
69 69
65 65
53 53
65 69
59 59
64 64
61 61
62 62
65 63
69 69
68 68
61 61
67 65
71 71
73 73
65 65
69 69
56 56
52 52
59 61
67 67
63 63
64 64
59 59
54 54
63 63
62 62
53 57
61 61
60 60
56 58
62 64
57 57
58 60
75 73
61 61
54 54
65 65
70 68
65 65
65 65
64 64
62 66
60 60
62 64
69 69
54 54
66 64
64 64
65 65
63 61
63 63
67 67
65 63
68 70
61 65
70 72
63 63
69 67
64 66
68 68
67 67
66 62
66 66
66 68
65 67
64 66
57 59
60 60
60 60
50 50
66 66
68 66
65 67
65 65
57 59
62 62
67 65
59 59
65 65
66 66
70 70
68 68
68 68
62 62
53 53
66 66
58 58
62 60
72 70
72 70
57 57
71 71
60 60
59 63
64 62
68 68
58 58
67 67
61 59
63 63
58 60
70 72
51 53
64 66
59 59
64 66
80 76
61 63
62 64
59 61
66 68
59 59
57 59
63 63
64 64
66 66
63 61
61 63
68 68
71 71
58 58
66 66
66 64
73 75
75 73
62 62
68 68
65 63
64 64
65 65
56 56
56 54
70 70
69 69
61 63
61 61
67 67
55 55
71 71
68 68
60 64
55 53
67 67
65 65
59 59
62 62
69 67
63 63
70 70
68 70
62 62
61 61
66 64
55 55
70 70
69 69
68 68
56 56
66 68
69 71
57 57
63 63
70 70
73 73
66 66
66 66
65 65
57 57
71 71
63 63
68 68
61 59
69 69
64 64
68 68
65 65
70 70
67 65
72 72
64 62
66 66
60 60
60 60
61 61
51 53
57 59
73 73
67 67
62 62
60 60
66 66
66 66
67 67
66 64
69 69
62 62
57 57
65 65
60 60
62 62
58 58
60 60
58 56
62 62
70 70
65 67
64 66
63 65
67 67
59 63
60 62
63 61
60 60
61 63
64 64
66 64
61 61
56 58
71 73
59 59
70 72
58 58
65 65
62 62
75 75
63 63
65 65
59 61
64 64
55 55
66 68
66 66
53 53
59 59
60 62
54 54
63 63
57 59
57 57
68 68
60 60
70 68
56 56
64 64
63 63
57 57
58 60
54 56
52 52
62 62
67 67
64 62
60 60
65 67
65 65
64 66
56 58
64 64
66 68
70 70
58 56
68 68
70 68
62 60
70 70
62 62
60 60
61 65
74 74
63 61
59 59
72 72
65 65
51 47
66 66
63 67
60 60
59 59
60 60
69 67
67 65
60 60
65 63
70 70
69 69
71 71
67 67
54 54
65 67
67 67
68 68
72 70
66 66
54 56
59 57
71 71
66 64
56 56
58 58
54 56
67 67
72 74
59 59
69 69
58 58
58 58
61 61
57 55
61 61
72 74
63 65
58 60
65 65
66 68
72 72
63 63
64 64
67 67
58 60
62 62
71 73
61 61
77 75
63 63
61 61
58 56
57 59
58 58
57 55
68 68
74 74
69 67
64 64
70 70
66 66
68 68
62 62
65 65
58 58
69 69
75 75
63 63
57 57
63 63
66 66
59 59
61 59
60 60
62 62
60 60
75 75
68 66
61 59
66 66
65 65
61 63
58 58
59 59
57 57
71 71
70 72
63 65
65 63
67 67
60 62
56 58
66 66
68 66
79 79
60 58
52 52
72 70
73 75
64 64
71 71
72 74
68 66
67 67
64 64
53 53
61 61
59 61
68 68
58 58
73 73
61 67
59 55
63 63
59 65
68 68
65 67
63 63
68 68
67 69
77 73
67 67
63 65
66 66
55 55
61 59
68 68
73 73
63 63
62 62
72 68
58 58
66 66
61 61
59 59
59 59
67 67
71 71
58 58
57 57
78 76
66 64
64 62
62 58
57 57
64 64
73 73
55 53
73 73
51 53
66 66
68 66
58 58
60 62
63 63
64 66
60 62
64 62
67 65
62 62
62 64
57 57
60 64
64 62
68 68
65 65
56 56
60 60
63 63
60 60
65 63
60 56
70 70
54 54
63 65
60 60
60 60
69 67
70 70
64 64
55 59
68 70
79 79
56 56
66 64
70 70
64 64
64 64
66 66
61 61
68 66
64 66
62 62
62 64
68 68
61 63
62 62
60 60
64 64
61 63
55 55
69 73
63 63
65 63
58 56
63 61
56 54
68 68
62 62
65 65
47 49
57 59
62 62
62 62
62 62
66 66
68 68
68 66
65 65
69 71
59 61
72 70
59 59
55 55
65 63
62 64
62 62
55 55
62 60
61 61
59 59
70 70
59 61
57 57
63 63
68 68
67 67
62 62
62 62
55 55
66 66
57 59
70 68
65 65
66 64
66 66
66 66
61 61
66 66
66 66
71 71
66 66
65 63
68 68
69 67
74 76
61 61
70 70
65 67
65 65
74 74
74 72
70 68
55 55
59 61
64 64
71 69
64 64
60 60
73 67
60 60
57 57
61 63
59 59
60 60
73 73
66 66
62 62
72 72
65 63
70 72
64 66
61 61
60 60
67 67
57 59
70 68
65 63
65 65
65 65
66 66
66 70
60 60
54 52
63 63
58 58
65 63
55 55
52 52
65 63
66 68
64 64
67 69
68 68
70 70
64 64
53 53
63 63
67 67
58 58
54 54
64 64
61 59
72 72
70 70
62 62
63 59
72 72
65 65
57 57
71 71
68 66
63 63
62 62
64 64
63 63
82 80
68 68
59 61
66 66
65 67
69 69
65 69
68 68
62 62
61 61
64 64
60 60
62 60
66 66
64 60
65 65
55 55
66 64
62 62
75 75
66 66
61 61
60 60
63 63
65 67
64 64
66 68
71 71
66 64
56 56
67 67
64 64
63 63
59 59
61 61
62 62
60 60
64 62
63 65
68 68
64 64
64 64
62 60
57 57
65 65
64 64
71 67
58 58
60 60
68 68
64 64
68 66
68 68
61 61
65 65
66 68
67 69
63 63
69 69
60 60
66 66
58 60
62 62
73 75
60 60
70 70
65 65
66 64
66 68
66 64
63 63
58 58
58 58
59 59
64 64
59 61
69 69
63 63
65 65
68 68
65 65
72 72
60 60
66 66
62 64
73 73
59 59
58 54
61 61
60 60
61 61
70 72
60 60
74 74
71 69
64 66
66 64
68 66
58 56
65 65
59 57
60 60
69 69
55 55
63 63
64 64
58 58
58 58
56 56
65 67
61 61
58 60
61 63
64 62
62 62
59 59
63 63
62 62
67 67
61 59
71 71
60 60
65 65
61 63
60 60
67 67
64 66
62 60
64 64
68 68
70 72
67 65
62 62
66 66
62 62
59 59
66 66
69 69
64 64
69 69
68 68
65 65
63 63
63 63
67 65
64 64
57 57
64 64
64 62
62 62
75 73
61 61
63 65
66 66
57 55
63 63
71 71
72 72
60 62
59 59
73 73
54 52
60 58
71 71
63 63
59 59
75 71
65 65
68 70
62 62
59 59
57 57
64 64
66 66
71 73
62 62
64 62
63 63
61 61
59 57
67 65
63 63
66 66
62 60
62 62
70 70
60 60
66 66
63 63
62 62
63 61
70 66
64 66
65 67
61 61
69 69
63 61
66 66
66 66
65 61
57 59
59 59
59 59
67 65
73 73
60 60
66 66
71 73
59 61
55 55
67 67
58 58
62 62
58 60
69 69
61 63
67 67
67 67
67 69
56 56
59 59
65 65
67 67
63 63
60 60
67 67
63 63
62 62
72 72
66 66
54 52
71 71
60 62
66 66
68 68
71 71
60 62
60 62
71 71
64 64
72 72
64 60
56 56
69 69
56 56
64 64
77 77
56 56
59 57
66 64
71 71
63 63
59 59
54 56
59 59
65 65
62 64
60 60
66 62
63 63
66 66
61 61
57 59
66 66
65 65
56 56
70 70
62 62
59 57
59 59
66 68
69 71
52 52
65 65
63 63
66 66
55 57
72 72
62 62
61 57
56 54
67 67
75 75
66 64
71 71
63 61
64 64
73 73
70 70
60 64
66 66
66 66
60 62
64 64
66 66
69 67
57 57
64 64
72 70
55 55
64 62
70 70
65 65
62 62
66 64
61 63
54 56
57 59
65 65
62 62
55 57
67 63
61 61
60 60
59 59
68 68
63 63
61 63
68 68
65 65
57 55
63 65
71 71
62 62
68 70
65 67
66 66
63 65
68 68
60 60
59 59
62 62
70 70
58 58
60 62
58 58
64 62
49 49
64 66
56 56
59 63
60 60
62 60
61 61
69 67
71 71
59 57
61 61
70 72
65 63
71 71
69 69
59 59
62 62
72 70
52 52
64 64
64 62
78 78
62 60
70 70
52 54
66 66
63 61
62 66
54 54
62 62
60 58
62 64
65 67
70 70
62 62
73 71
72 72
63 61
65 65
62 62
55 55
59 61
58 58
61 61
61 59
70 70
63 61
67 67
73 71
53 55
60 60
63 63
69 69
65 65
66 66
64 68
76 76
64 64
66 64
65 63
65 61
70 72
59 59
73 71
74 74
59 59
69 69
55 55
62 62
65 63
53 53
61 63
61 61
53 51
60 60
64 64
63 63
59 59
62 62
61 61
71 69
51 53
71 71
65 63
69 69
57 57
61 61
64 64
61 61
56 56
61 61
65 65
68 70
63 63
70 70
65 65
57 57
65 65
56 56
65 65
74 72
63 65
59 59
62 62
67 69
67 67
63 63
64 66
66 64
57 61
62 62
63 63
63 65
66 68
70 70
61 61
64 64
67 67
71 71
62 62
53 53
66 66
55 53
63 63
63 61
63 61
62 62
57 55
68 68
54 54
59 61
71 71
65 63
64 64
72 72
62 64
59 57
62 62
67 69
62 64
58 58
72 70
62 62
65 63
66 66
66 66
65 67
62 62
61 61
69 69
63 63
55 55
65 67
51 53
69 69
72 70
63 63
59 61
59 59
61 61
70 70
63 63
61 61
63 63
61 61
68 68
69 69
62 60
51 51
63 67
63 63
65 65
58 58
55 55
57 57
66 66
60 60
73 73
65 63
69 69
65 65
72 74
58 56
64 64
62 60
58 58
70 70
66 64
63 63
65 65
59 59
67 67
61 63
59 59
72 70
62 62
62 60
61 59
63 63
76 76
62 60
63 63
72 72
63 63
62 62
64 64
60 60
68 68
57 59
65 65
63 63
63 63
57 59
70 70
65 63
62 62
65 65
60 60
60 60
62 62
62 60
63 63
77 75
66 64
69 69
59 59
57 59
77 75
65 65
71 73
62 62
71 71
72 70
65 65
61 59
56 56
69 67
65 65
65 61
60 60
65 65
60 62
59 57
54 54
62 62
60 60
69 69
75 75
62 62
60 60
56 56
75 77
65 63
69 69
62 64
62 62
64 66
63 63
57 57
63 63
57 55
58 58
61 61
72 74
64 64
66 66
57 57
55 57
62 62
71 69
53 53
58 60
63 63
61 61
72 74
71 71
59 57
59 59
70 70
62 62
53 55
73 75
65 65
58 56
61 61
61 59
62 62
63 63
67 67
68 68
60 62
67 67
61 61
62 62
65 65
62 62
65 63
62 64
66 68
76 76
56 56
61 61
56 56
72 72
54 52
63 65
59 59
63 67
62 62
67 67
61 61
63 57
71 71
64 66
53 53
66 66
62 62
63 63
70 70
68 66
66 66
72 72
59 59
68 68
62 60
62 62
68 66
54 56
69 65
70 68
70 70
72 70
68 68
59 59
58 60
64 64
61 61
63 63
66 66
60 60
59 59
54 56
61 61
70 70
65 65
60 60
54 54
60 60
64 68
65 65
64 66
67 69
57 59
60 60
66 64
62 64
70 70
72 72
58 58
81 81
63 63
69 69
55 55
70 70
68 70
57 57
59 59
64 64
65 65
72 70
72 72
54 54
61 61
64 62
59 61
57 59
64 66
66 66
65 65
67 67
54 56
56 56
62 62
63 63
60 60
63 65
61 61
70 70
67 67
60 58
65 63
75 75
73 71
60 60
72 70
63 63
65 65
61 61
62 62
61 61
66 68
70 70
55 55
59 59
57 57
80 80
71 71
68 66
64 64
73 73
58 58
67 67
65 63
60 62
66 66
60 60
60 58
65 65
60 60
65 67
70 70
65 63
64 64
70 70
69 69
66 68
70 70
68 68
62 60
58 58
68 68
60 58
55 57
64 64
71 71
63 61
65 67
63 63
60 60
67 63
64 62
62 64
52 54
65 65
50 50
69 69
69 69
66 64
63 59
75 75
65 67
70 68
56 56
64 64
68 68
74 74
64 62
67 67
62 62
66 66
61 61
68 68
67 69
63 63
71 71
65 65
