-26
-28
-64
-52
-8
-14
-44
-40
-32
-26
-26
-30
-40
-48
-96
-92
-106
-110
-110
-132
-118
-130
-120
-134
-138
-132
-140
-150
-148
-158
-168
-152
-152
-134
-148
-164
-152
-158
-132
-134
-134
-166
-176
-156
-146
-132
-146
-138
-106
-134
-138
-158
-152
-108
-86
-132
-128
-136
-164
-156
-142
-114
-108
-112
-148
-158
-180
-186
-188
-186
-204
-174
-152
-142
-152
-176
-138
-142
-130
-128
-136
-148
-112
-134
-138
-170
-182
-142
-166
-148
-166
-170
-158
-152
-122
-100
-80
-72
-84
-96
-144
-158
-172
-172
-174
-178
-176
-194
-180
-164
-160
-138
-132
-128
-150
-134
-144
-162
-140
-122
-124
-138
-162
-158
-164
-144
-160
-170
-150
-176
-146
-138
-182
-142
-138
-134
-158
-166
-154
-158
-162
-164
-156
-172
-190
-180
-120
-124
-130
-112
-112
-98
-84
-78
-78
-86
-62
-70
-118
-92
-122
-138
-170
-170
-164
-168
-146
-160
-138
-140
-142
-136
-124
-132
-100
-108
-104
-106
-124
-144
-170
-146
-162
-178
-172
-184
-174
-162
-158
-134
-130
-108
-96
-122
-100
-106
-118
-138
-142
-140
-112
-126
-118
-118
-152
-150
-116
-108
-114
-132
-124
-142
-156
-106
-116
-88
-38
-46
-48
-68
-100
-128
-106
-142
-144
-136
-136
-142
-138
-144
-134
-130
-116
-118
-92
-94
-64
-86
-24
-64
-100
-98
-76
-44
-46
-18
-22
-46
-54
-74
-74
-58
-72
-88
-54
-22
-20
14
60
58
64
40
42
44
32
64
34
22
36
14
2
12
38
12
4
32
30
-12
-16
-14
2
-28
-34
-38
-48
-54
-86
-62
-54
-54
-54
-24
-6
18
-10
2
-46
-48
-48
-92
-94
-68
-92
-110
-50
-72
-46
0
28
32
32
20
20
12
52
54
46
36
38
22
-4
16
8
4
-8
-24
-54
-54
-38
-40
-6
-30
2
-32
4
-10
4
32
-8
38
62
48
22
32
46
30
28
54
76
120
112
114
134
132
138
112
140
190
192
170
182
170
200
176
190
192
168
170
186
180
178
184
172
162
134
148
120
100
98
130
134
136
128
124
92
86
110
126
134
110
118
92
90
56
30
32
14
2
-18
-58
-50
-70
-68
-70
-64
-62
-74
-82
-80
-46
-72
-96
-112
-126
-112
-118
-112
-90
-86
-84
-80
-56
-98
-100
-62
-76
-74
-114
-122
-120
-106
-100
-80
-96
-92
-128
-118
-94
-122
-106
-126
-132
-134
-114
-132
-136
-174
-162
-154
-166
-160
-162
-162
-126
-126
-134
-154
-144
-138
-114
-112
-146
-134
-102
-98
-100
-94
-72
-90
-28
-84
-96
-62
-74
-80
-76
-88
-66
-58
-36
-38
-62
-64
-100
-102
-128
-132
-108
-130
-148
-136
-146
-156
-164
-146
-174
-206
-196
-172
-170
-156
-138
-132
-134
-134
-150
-138
-142
-148
-128
-126
-128
-130
-108
-132
-132
-166
-132
-116
-112
-68
-70
-88
-104
-108
-138
-120
-108
-96
-112
-106
-126
-116
-112
-84
-44
-104
-124
-140
-134
-128
-148
-150
-122
-88
-80
-74
-66
-78
-94
-102
-72
-78
-84
-98
-98
-84
-102
-110
-114
-90
-106
-82
-116
-110
-84
-98
-70
-74
-68
-72
-72
-90
-90
-102
-94
-74
-80
-70
-42
-80
-74
-72
-90
-90
-120
-88
-104
-104
-116
-116
-110
-98
-104
-128
-116
-92
-102
-136
-120
-132
-116
-196
-184
-164
-196
-184
-160
-138
-164
-192
-192
-196
-208
-166
-174
-180
-146
-108
-114
-146
-128
-100
-110
-108
-106
-132
-124
-124
-116
-146
-136
-128
-118
-100
-106
-106
-86
-44
-28
-18
-44
-56
-96
-82
-86
-104
-116
-114
-84
-94
-116
-130
-118
-156
-134
-178
-142
-140
-176
-168
-164
-160
-174
-186
-166
-166
-150
-162
-140
-162
-152
-154
-148
-136
-124
-118
-90
-86
-100
-112
-114
-104
-102
-98
-126
-108
-110
-114
-102
-126
-128
-152
-162
-166
-184
-198
-176
-156
-150
-146
-148
-144
-134
-118
-140
-176
-182
-186
-178
-178
-166
-158
-166
-158
-166
-180
-190
-188
-164
-166
-156
-106
-110
-98
-88
-100
-114
-154
-138
-92
-90
-116
-110
-124
-124
-114
-82
-94
-112
-104
-82
-66
-50
-34
-18
-38
-28
-30
-24
-40
-46
-42
-68
-92
-80
-58
-64
-86
-64
-60
-36
-12
-26
2
4
-28
-34
-24
-52
-46
-48
-54
2
-42
-56
-76
-68
-44
-56
-14
-6
-18
6
-2
-16
-22
-16
-32
-28
-42
-32
-16
-60
-48
-78
-42
-34
-36
-42
-38
-52
-14
-8
22
56
64
76
130
150
108
108
126
132
116
116
112
140
126
112
82
102
120
144
108
88
62
58
76
82
118
110
88
78
94
96
66
68
42
56
34
26
24
-10
8
-8
-58
-80
-74
-74
-94
-76
-102
-86
-54
-38
-66
-48
-44
-40
-52
-28
-30
-34
-62
-48
-44
-58
-46
-32
-64
-76
-52
-72
-40
-30
-16
-34
-16
12
6
20
54
40
40
40
24
54
76
66
90
58
64
84
90
80
96
102
88
98
104
146
126
138
144
132
104
140
146
156
162
166
172
186
158
134
120
132
108
126
164
152
176
180
170
142
110
88
90
64
58
58
66
60
38
76
90
106
128
130
128
114
74
110
84
60
64
68
66
82
94
96
86
86
20
32
92
70
74
80
86
92
96
98
90
108
88
106
86
70
52
68
104
80
114
98
76
70
16
36
44
18
26
24
14
28
0
-4
8
-30
-48
-62
-68
-44
-46
-62
-72
-98
-70
-60
-34
-4
-18
-40
0
-14
-24
-18
-56
-36
-62
-82
-96
-92
-102
-114
-136
-146
-142
-150
-156
-160
-176
-176
-152
-180
-154
-136
-164
-188
-174
-190
-166
-162
-158
-156
-116
-78
-94
-90
-86
-58
-56
-44
-66
-48
-38
-58
-58
-64
-36
-38
4
6
-24
2
10
12
2
0
-14
-12
-36
-48
-46
-42
-36
-54
-44
-78
-62
-74
-106
-86
-86
-102
-116
-134
-130
-122
-118
-102
-120
-106
-136
-142
-126
-104
-102
-72
-70
-86
-44
-44
-28
-26
-8
40
-24
-28
-36
-36
-54
-26
-50
-42
-38
-46
-44
-34
-30
-34
-10
24
8
28
22
36
82
84
94
70
84
104
90
72
70
64
58
54
76
80
70
108
88
54
66
78
54
54
48
36
38
36
40
40
54
54
60
60
54
102
116
126
108
132
104
120
114
124
110
104
100
134
150
154
158
154
168
160
138
140
132
94
166
162
168
144
156
164
170
164
182
180
158
166
170
176
138
164
148
160
156
150
136
98
126
114
122
112
118
128
136
118
106
82
80
102
90
70
98
78
60
60
84
88
74
78
32
0
-8
-26
-4
-12
-18
-20
14
16
-12
-14
-16
-28
-24
-48
-24
-30
-30
-10
-58
-34
-70
-56
-34
-36
-70
-46
-26
-50
-24
2
-44
-70
-98
-100
-104
-114
-136
-156
-154
-164
-172
-180
-178
-172
-134
-134
-152
-162
-162
-162
-168
-154
-150
-146
-146
-88
-92
-124
-148
-144
-142
-130
-104
-140
-128
-110
-118
-94
-92
-62
-86
-76
-96
-76
-98
-48
-80
-78
-88
-110
-90
-102
-108
-110
-142
-160
-164
-150
-126
-122
-152
-152
-154
-182
-210
-190
-166
-162
-156
-156
-190
-180
-176
-202
-194
-174
-156
-176
-166
-166
-152
-154
-172
-196
-206
-192
-172
-176
-174
-146
-150
-142
-136
-120
-114
-92
-104
-96
-108
-84
-102
-110
-100
-100
-110
-76
-90
-16
-58
-48
-18
0
2
4
-20
-48
-74
-110
-94
-88
-84
-90
-70
-66
-64
-92
-74
-104
-112
-116
-84
-92
-64
-74
-94
-106
-84
-74
-80
-70
-92
-128
-120
-124
-114
-84
-78
-36
-38
-46
-14
8
32
10
40
8
14
-22
22
14
-10
2
4
16
-4
-18
-4
28
10
42
2
-10
8
0
-32
-68
-98
-108
-82
-74
-102
-98
-112
-116
-132
-132
-112
-80
-148
-144
-144
-134
-118
-108
-100
-96
-90
-76
-80
-86
-98
-122
-136
-126
-116
-130
-158
-140
-166
-134
-170
-170
-156
-158
-156
-136
-144
-182
-180
-178
-156
-166
-140
-134
-136
-94
-102
-128
-122
-112
-126
-146
-144
-116
-148
-112
-136
-102
-100
-84
-56
-68
-92
-92
-100
-138
-126
-158
-162
-132
-118
-116
-114
-102
-130
-104
-120
-134
-148
-148
-160
-172
-124
-102
-126
-84
-60
-78
-94
-84
-104
-66
-72
-58
-70
-20
0
-36
-2
6
-6
-26
6
38
44
30
52
34
36
30
14
48
34
28
10
16
10
10
12
24
2
36
4
-2
2
18
8
-12
-12
-60
-64
-32
-70
-88
-24
-26
-14
-66
-66
-72
-76
-90
-104
-122
-132
-136
-116
-132
-76
-74
-58
-62
-84
-116
-80
-102
-82
-78
-102
-76
-66
-76
-48
-74
-48
-52
-50
-16
8
28
72
36
24
2
6
0
34
22
10
30
32
52
64
70
72
62
54
70
64
32
34
54
78
82
92
76
102
88
124
118
138
122
90
70
44
56
66
70
104
148
132
78
58
66
74
74
104
90
68
62
28
50
10
-12
18
10
-42
-44
-46
-82
-104
-116
-76
-104
-128
-80
-92
-84
-94
-108
-134
-146
-120
-124
-116
-118
-100
-112
-102
-136
-104
-118
-72
-88
-108
-128
-136
-158
-132
-142
-180
-158
-150
-148
-154
-150
-146
-148
-146
-152
-180
-188
-184
-176
-194
-184
-206
-216
-196
-194
-158
-186
-194
-184
-196
-158
-136
-162
-166
-154
-154
-168
-162
-158
-158
-172
-166
-162
-162
-150
-164
-166
-152
-158
-152
-156
-150
-124
-112
-118
-110
-92
-116
-134
-128
-122
-132
-122
-122
-116
-130
-150
-128
-144
-146
-136
-120
-124
-128
-100
-56
-44
-30
-72
-76
-120
-84
-98
-86
-118
-130
-136
-96
-116
-122
-132
-128
-104
-106
-110
-108
-120
-136
-124
-140
-124
-130
-114
-114
-82
-104
-132
-106
-122
-140
-112
-100
-134
-156
-166
-196
-168
-168
-166
-160
-120
-154
-136
-162
-150
-108
-76
-16
-30
-60
-60
-68
-112
-92
-116
-78
-10
-48
-80
-90
-76
-80
-102
-60
-48
-84
-62
-26
-16
-14
-34
-6
-10
50
96
86
80
54
12
22
6
6
-4
12
6
0
-24
-30
-46
-36
-26
-22
-8
24
4
-8
-28
-76
-104
-132
-100
-70
-90
-96
-44
-56
-58
-72
-36
-16
-34
-18
-8
34
66
78
68
54
70
98
102
52
54
54
62
66
70
60
28
22
14
20
22
64
64
24
70
82
94
102
114
130
148
138
144
130
140
140
114
112
132
126
128
140
126
134
122
90
144
118
80
70
32
28
6
-30
-30
-36
-14
34
28
52
34
60
60
82
86
86
132
124
128
100
114
78
58
60
54
50
36
34
50
60
12
24
42
40
-10
12
0
8
-28
-72
-66
-32
-54
-42
-76
-94
-98
-110
-90
-92
-66
-12
-2
36
16
26
6
8
2
-8
-16
-36
-46
-22
-6
-30
-28
-34
-48
-76
-88
-76
-66
-102
-80
-108
-124
-130
-116
-90
-98
-136
-94
-94
-98
-106
-52
-70
-96
-100
-90
-48
-22
-12
-6
20
-10
-18
-36
-38
-56
-60
-50
-60
-62
-64
-94
-60
-80
-80
-66
-60
-90
-100
-132
-124
-102
-90
-90
-112
-90
-94
-130
-136
-138
-156
-154
-138
-138
-124
-104
-112
-76
-106
-122
-138
-134
-144
-154
-148
-186
-170
-146
-144
-148
-148
-154
-154
-132
-152
-142
-158
-162
-154
-154
-190
-168
-132
-120
-126
-146
-148
-170
-174
-162
-186
-186
-156
-174
-202
-178
-150
-176
-180
-168
-140
-138
-176
-170
-160
-154
-136
-158
-142
-144
-144
-136
-154
-156
-194
-170
-134
-134
-104
-126
-126
-156
-156
-130
-166
-174
-166
-166
-170
-176
-184
-166
-150
-178
-156
-168
-184
-178
-156
-128
-86
-82
-104
-114
-94
-54
-72
-70
-70
-58
-40
-42
-34
10
-24
-2
-20
-16
-12
28
16
0
28
30
10
56
38
28
52
62
54
60
106
96
78
98
126
124
80
120
134
162
172
186
190
192
178
150
162
140
140
160
98
94
102
88
144
144
170
160
166
166
164
138
154
164
182
186
166
168
156
152
196
184
200
182
212
188
172
162
156
136
152
144
144
136
160
182
190
166
180
192
190
180
178
188
196
196
200
200
190
188
178
158
168
174
154
152
170
164
160
198
208
196
216
178
170
184
142
122
110
104
96
118
80
126
132
128
140
148
122
148
112
144
154
168
178
178
166
142
138
156
168
152
122
116
128
162
160
148
132
176
156
160
122
140
164
174
162
156
140
142
122
158
144
162
142
164
180
150
150
164
164
124
124
148
120
126
128
124
142
136
118
144
144
126
158
166
170
156
158
152
152
128
116
116
94
74
84
94
70
74
46
98
100
116
76
70
70
78
78
46
24
-2
-12
-8
-6
-12
-22
2
-18
-32
-12
-26
2
-8
4
-6
-46
-8
2
12
10
4
-24
-22
-16
-12
-4
-30
-38
-6
24
8
36
48
28
32
40
70
66
92
96
56
62
72
86
70
86
72
70
60
48
58
74
54
26
30
-4
-18
16
38
62
58
68
70
74
44
46
80
66
94
86
94
126
110
122
124
116
104
108
124
122
114
136
148
132
122
104
110
104
90
74
58
60
62
74
78
92
80
84
100
118
88
114
68
46
72
82
88
82
64
68
70
54
28
26
12
20
36
84
26
48
58
86
62
92
86
70
100
146
154
156
150
136
132
100
116
114
120
94
112
116
82
100
88
102
134
112
96
108
150
128
136
118
130
140
132
152
128
114
128
146
126
134
144
128
114
116
100
68
100
102
96
80
68
72
108
118
90
94
100
104
78
70
114
132
114
80
60
82
80
64
74
50
66
46
18
4
18
0
2
14
42
6
24
34
4
20
112
90
106
140
168
162
162
180
182
206
192
174
170
138
146
148
124
118
108
138
126
122
122
116
132
146
134
138
140
108
132
98
110
44
52
50
98
34
32
66
68
74
66
64
68
136
150
166
142
154
140
156
190
182
186
160
162
164
178
150
168
162
148
146
114
96
96
114
104
124
108
84
86
82
66
84
98
100
116
124
138
122
82
100
94
110
102
106
96
50
70
68
106
136
138
116
118
94
108
112
106
130
132
150
156
166
154
116
128
102
102
114
110
94
118
104
96
120
118
108
104
86
96
120
102
102
98
104
98
78
78
114
72
90
114
106
112
110
112
88
58
74
84
62
74
106
128
110
122
86
88
84
82
80
96
88
90
60
70
72
48
42
40
12
44
18
22
54
46
28
44
52
40
38
32
30
16
-28
-54
-50
-40
-38
-58
-36
-44
-24
-24
-40
-18
-32
-10
-14
-12
-38
-40
-18
-24
-44
-38
-50
-78
-40
-60
-68
-4
-20
-14
-6
0
-40
-20
-54
-76
-116
-120
-122
-140
-138
-138
-98
-36
-26
-46
-78
-70
-48
-68
-76
-78
-114
-86
-114
-102
-108
-70
-60
-62
-40
-72
-80
-90
-74
-84
-86
-72
-80
-92
-58
-104
-106
-106
-116
-118
-128
-138
-134
-140
-126
-124
-142
-130
-140
-146
-140
-130
-142
-150
-156
-142
-158
-156
-170
-180
-158
-180
-172
-176
-190
-182
-182
-196
-164
-148
-156
-116
-122
-126
-94
-80
-98
-76
-94
-118
-100
-156
-168
-178
-168
-166
-162
-168
-158
-114
-116
-126
-102
-148
-156
-154
-164
-148
-140
-130
-100
-116
-118
-74
-56
-92
-112
-122
-144
-92
-82
-52
-60
-44
-44
-74
-82
-104
-106
-96
-116
-120
-114
-108
-110
-110
-126
-110
-148
-144
-118
-162
-140
-174
-160
-158
-166
-148
-162
-130
-116
-100
-104
-118
-134
-112
-112
-110
-104
-130
-122
-112
-110
-104
-122
-108
-126
-130
-94
-90
-96
-84
-48
-46
-44
-26
-18
8
12
-14
-2
38
46
50
64
78
78
82
102
58
-8
4
-56
-14
4
2
14
22
8
-6
16
22
18
34
32
68
62
32
4
6
52
52
72
106
110
146
122
122
120
108
112
88
134
124
114
74
76
70
60
86
106
116
120
126
144
166
156
142
156
158
142
148
114
128
82
82
68
46
64
88
106
124
98
88
54
72
62
82
82
60
72
112
102
104
114
130
166
164
188
198
166
188
170
176
158
138
124
168
152
110
148
164
158
124
156
166
154
144
146
156
128
164
132
102
98
82
102
118
88
100
120
122
136
102
110
120
110
108
132
106
128
146
140
170
184
188
160
202
182
166
186
172
156
158
178
184
184
150
162
152
150
138
168
154
176
154
174
162
160
108
136
136
138
168
156
184
180
176
176
156
164
168
148
130
146
134
124
90
84
54
28
66
50
42
6
0
14
4
26
10
-2
26
50
58
104
104
102
94
94
106
124
124
104
102
94
56
16
60
70
28
0
18
-4
-28
-38
-36
-44
-36
-70
-80
-88
-54
-74
-82
-72
-82
-96
-106
-100
-112
-102
-68
-98
-112
-94
-72
-104
-104
-106
-90
-84
-48
-62
-58
-32
-62
-34
-48
-40
-70
-60
-68
-78
-82
-72
-88
-34
-32
-46
-24
-34
-58
-52
-66
-96
-90
-116
-80
-56
-64
-26
-28
26
44
26
0
-36
-68
-46
-62
-32
-10
18
28
26
32
2
0
6
-30
-48
-58
-60
-64
-26
-22
-2
-16
-34
-32
-2
-16
-58
-70
-78
-62
-46
-22
-38
-38
0
2
-26
-14
-40
-64
-44
-24
-40
-40
-34
-66
-30
4
-20
18
30
28
34
40
20
-22
-24
-52
-12
12
36
52
28
62
58
106
88
106
94
110
138
142
160
154
162
162
134
116
116
148
140
144
166
168
152
144
144
124
112
144
164
170
158
154
132
142
140
140
130
108
136
148
132
114
96
98
86
106
100
40
90
138
144
164
158
194
186
208
164
144
158
94
104
90
84
72
52
50
44
26
32
8
-20
10
30
-2
-8
22
60
78
44
10
8
-20
-38
-32
-44
-24
-14
-38
-20
-18
-2
22
4
-10
2
-34
-36
-48
-52
-12
-16
-16
-42
-62
-62
-56
-32
-6
-22
-14
2
14
38
44
20
30
28
68
50
24
36
18
-50
-20
-22
-36
-34
-2
-24
-38
-80
-64
-46
-50
-52
-48
-74
-72
-110
-68
-36
-62
-34
-50
-52
-52
-84
-58
-68
-40
-62
-50
-76
-94
-114
-68
-70
-72
-56
-60
-30
-62
-76
-92
-108
-96
-90
-94
-92
-86
-112
-100
-88
-70
-48
-52
-40
-62
-114
-78
-92
-86
-92
-66
-74
-52
-38
-30
-26
-30
-68
-74
-86
-52
-62
-36
-32
-38
-36
-46
-60
-46
-58
-76
-106
-102
-126
-142
-156
-122
-132
-138
-146
-166
-120
-136
-114
-70
-68
-58
-92
-86
-84
-106
-102
-78
-72
-54
-48
-82
-100
-68
-54
-78
-66
-12
42
64
30
52
60
64
80
102
88
114
104
102
94
86
108
106
116
126
140
130
102
62
46
34
-2
18
-2
2
2
4
24
66
54
40
60
48
52
46
46
30
26
20
40
26
20
54
50
30
22
24
54
40
46
42
48
30
28
-18
-24
-50
-78
-80
-68
-44
-22
8
-2
12
26
12
28
42
6
-12
-16
-18
12
28
42
42
46
20
34
24
-4
0
12
28
28
54
72
60
54
86
98
58
78
72
72
56
60
96
116
88
104
112
160
152
160
158
156
172
164
166
126
146
150
152
164
176
170
154
158
160
156
154
156
170
144
130
152
142
138
138
120
134
122
138
116
104
102
58
108
136
126
90
140
138
98
70
108
78
88
74
86
64
50
52
54
28
50
64
58
30
46
62
64
62
36
26
66
98
42
16
28
72
64
58
-2
-26
2
24
32
58
72
72
46
64
70
48
10
30
26
42
60
62
76
60
48
60
66
74
90
94
112
140
164
166
162
158
150
168
128
124
78
100
82
102
126
140
108
106
132
148
146
136
144
114
122
118
124
114
144
116
146
130
108
122
158
152
172
152
160
160
170
146
134
128
140
146
144
140
124
122
102
148
140
160
176
168
174
176
168
196
170
164
156
144
154
160
152
148
136
110
144
136
176
170
168
154
146
138
166
150
146
146
136
172
160
172
164
158
148
114
134
78
86
64
48
40
20
32
58
18
-8
-22
-32
-50
-64
-54
-72
-58
-28
-12
-22
-54
-32
-36
-12
18
-12
-4
-34
-36
-2
-10
-14
-56
-68
-56
-10
10
-12
-6
-16
-26
-6
-6
16
18
36
108
106
98
88
84
74
62
-4
-16
-10
38
2
30
14
36
68
60
54
66
94
120
98
112
98
92
106
126
136
150
136
82
84
74
110
108
84
92
114
84
96
88
104
110
88
100
82
108
84
86
60
72
54
38
44
56
84
102
94
84
68
76
84
106
138
166
154
164
170
186
172
174
194
172
178
158
164
164
162
160
198
200
186
158
168
162
194
178
180
190
180
168
158
164
160
150
150
146
152
130
126
140
154
146
170
136
154
162
122
128
124
118
116
108
118
94
62
58
90
88
74
106
98
80
84
72
76
72
80
88
78
86
96
98
106
110
110
112
84
64
54
72
102
80
88
116
100
68
106
142
120
118
140
132
140
124
118
116
158
156
180
148
190
186
194
172
110
96
102
120
98
120
132
124
112
118
120
152
134
152
148
162
168
156
172
156
160
122
128
146
154
178
166
184
156
148
120
134
158
148
162
128
112
142
142
136
148
148
162
140
138
154
122
118
108
104
74
86
104
136
104
98
108
108
142
126
126
116
130
106
86
88
86
100
84
78
60
96
78
82
122
140
158
136
150
140
144
130
152
144
124
172
138
156
164
162
136
132
160
142
150
188
190
162
170
158
186
148
124
62
48
46
-12
-8
-2
20
26
38
4
-6
-14
-6
32
38
36
40
46
66
30
40
58
62
80
88
92
100
76
78
72
106
128
104
78
74
64
48
54
84
80
90
122
118
140
140
134
136
110
112
122
98
146
114
146
122
86
100
114
104
102
110
112
126
128
110
116
164
130
132
168
174
172
168
194
198
148
152
166
178
150
152
164
166
164
172
190
202
204
212
212
212
192
178
178
176
186
194
172
170
148
170
170
166
146
146
124
142
130
132
134
144
140
98
98
136
154
148
158
160
170
162
168
200
172
162
162
180
162
138
172
134
142
102
100
122
116
100
66
62
60
2
24
58
40
-4
16
18
-12
-14
-4
24
-4
26
12
20
2
2
-6
16
-24
4
-20
-2
0
8
46
26
20
38
24
-26
-16
-54
-62
-40
-44
-38
-62
-72
-52
-40
-90
-62
-78
-86
-44
-60
-38
-64
-124
-102
-58
-80
-92
-110
-94
-106
-116
-100
-108
-114
-106
-70
-100
-88
-94
-68
-82
-76
-78
-68
-70
-64
-84
-78
-96
-90
-90
-58
-72
-52
-56
-54
-58
-66
-64
-84
-76
-80
-64
-80
-54
-70
-92
-26
6
22
54
82
76
36
64
84
64
76
44
44
34
36
10
18
14
26
22
58
94
118
110
74
76
90
64
76
64
88
66
74
90
78
46
48
32
32
52
24
10
38
38
34
26
16
28
16
0
8
4
20
4
4
46
46
50
68
74
72
84
60
84
148
138
94
102
122
104
114
74
52
52
14
20
10
16
14
14
18
38
30
44
34
74
70
28
8
-26
-28
-46
-28
-44
-46
-54
-36
-56
-48
-76
-82
-68
-62
-90
-104
-68
-36
-40
-26
-8
-40
4
56
84
90
92
64
104
98
104
136
166
150
134
122
158
150
144
158
140
150
158
120
116
144
124
98
112
144
146
140
144
122
120
114
98
88
98
100
62
26
-34
16
-4
0
12
-32
-4
-8
-8
6
18
-6
4
10
14
0
34
6
-16
8
-16
8
6
20
24
46
22
-2
12
14
-22
24
-8
-20
-34
-6
-24
-24
18
2
14
2
-4
18
22
46
10
-36
-22
-8
-8
-52
-62
-88
-64
-110
-110
-108
-78
-122
-96
-140
-100
-114
-112
-136
-128
-118
-90
-128
-136
-112
-108
-84
-70
-80
-68
-86
-72
-78
-66
-60
-58
-82
-84
-90
-124
-144
-118
-104
-104
-138
-132
-86
-72
-24
32
-8
-18
-12
-6
12
-6
-6
20
52
6
4
0
-6
-34
0
-12
-8
16
4
0
26
24
26
26
12
-22
-26
18
-26
-6
6
24
20
14
30
6
-2
20
54
50
70
74
60
76
78
108
106
92
136
138
140
134
154
160
194
206
198
172
168
186
182
192
198
192
154
158
168
130
144
164
142
144
140
126
94
116
156
180
194
174
184
180
152
126
134
140
152
148
112
128
126
120
116
68
70
64
70
76
78
52
44
64
78
66
84
116
102
96
130
134
144
118
140
124
120
94
104
110
82
84
122
114
90
78
96
94
78
74
62
54
66
34
58
78
86
110
142
116
112
98
116
106
92
70
40
58
28
62
56
70
108
76
50
82
86
100
116
146
142
180
166
140
142
148
138
152
136
140
160
144
156
168
178
180
182
188
158
136
130
134
92
98
92
82
84
94
96
78
96
80
104
92
102
106
116
106
96
98
104
148
170
182
158
128
140
168
158
126
118
124
122
128
122
126
142
146
122
130
116
156
172
158
144
138
128
124
100
112
96
86
100
74
78
100
98
70
80
90
148
166
128
116
80
78
80
88
92
104
82
92
110
130
130
118
128
126
80
76
60
86
72
68
34
46
128
94
60
42
-18
-24
-18
-26
-22
-40
-16
0
12
4
-14
-4
-28
10
-8
-10
-28
-38
2
6
-14
-42
-2
-8
-10
0
-26
-12
-8
-10
-56
-62
-94
-86
-72
-110
-100
-88
-92
-80
-92
-66
-70
-66
-56
-34
-40
-22
14
0
-30
-20
-20
6
10
-16
-46
-54
-34
-34
-20
-62
-40
-80
-28
-72
-70
-66
-126
-116
-82
-94
-130
-128
-78
-82
-16
28
16
20
26
50
96
96
96
96
120
74
78
106
92
94
96
80
50
84
78
34
38
26
4
-4
26
32
26
4
-12
42
4
-26
30
52
44
46
48
10
-6
6
-16
-40
-44
-56
-76
