0.03210748 1.37650837
-0.08048490 2.17670831
-0.49588712 1.89724043
0.60363238 -0.53806713
-4.74211575 0.72263848
-0.82625876 0.74804375
0.11483129 0.52624607
-0.29162452 0.67091510
-0.32644265 1.07320282
0.68553729 1.48271450
-0.55427016 1.65320238
-0.37589184 0.47985738
-3.76737519 0.99832299
-0.95251391 0.18422077
-0.87917200 0.21229048
-1.04810613 0.35989692
0.61661142 1.95091310
0.19057994 1.30550396
-0.30478693 1.85509974
-0.96200292 1.58544821
-1.69653274 0.06534346
-0.81207372 -1.07485272
-0.39937877 0.57559377
-0.61615051 1.38886643
-0.75004347 1.45940793
-0.33163803 1.06403458
-0.09930306 1.32326212
-0.96992401 -0.44576883
-1.49051110 -0.17672430
-1.36478276 0.87555863
-1.04802840 0.48743664
-0.49590409 0.75362244
0.07103984 1.75284872
-1.01387187 -5.96729972
-0.33143105 1.58664582
-0.27052557 1.69880430
-0.10891971 1.24271092
-0.62979381 0.92042230
-0.39493925 1.33115449
-0.12776190 2.22995986
-0.24285331 -5.21704088
0.44205256 1.72869651
-0.48534461 1.54863964
0.20358435 1.60721414
0.79960874 2.15470678
-0.17605786 -5.64278897
-1.12280761 1.91653807
0.18247221 1.08795130
0.58182194 1.05528702
0.42028263 1.32323731
0.56264689 2.57601712
1.00821312 -3.95064866
-0.35891516 0.95031145
0.22409676 0.37945984
0.15685298 2.80337495
0.56513648 -4.92953949
0.09827401 1.91247006
-0.92440283 1.52674689
-0.78288859 1.13055999
0.20561928 0.81105923
0.07047253 0.93508183
-0.02672933 1.59218454
0.26061956 2.13390630
0.53451370 1.31424148
