0.879032 0.884231
0.879409 0.888986
0.870236 0.878517
0.878135 0.861456
0.890996 0.887422
0.875255 0.878098
0.86893 0.864464
0.876807 0.875643
0.87654 0.856846
0.874947 0.875824
0.892313 0.896652
0.8993 0.880215
0.878673 0.884184
0.873737 0.892507
0.872913 0.862209
0.868616 0.866322
0.875347 0.866563
0.880729 0.863753
0.869489 0.875186
0.883875 0.878171
0.879678 0.859575
0.867481 0.861064
0.852092 0.86228
0.866365 0.877163
0.871737 0.873771
0.88328 0.878203
0.876021 0.880814
0.8934 0.892849
0.873145 0.869441
0.867049 0.877312
0.865506 0.865979
0.86772 0.880601
0.889746 0.888208
0.875504 0.893881
0.879597 0.899403
0.881913 0.898782
0.87665 0.87917
0.878982 0.861121
0.88894 0.896019
0.885826 0.888781
0.874022 0.885108
0.867322 0.875651
0.868223 0.864163
0.86261 0.868163
0.881352 0.871621
0.887072 0.887172
0.885651 0.894987
0.884816 0.887766
0.886302 0.883307
0.880219 0.868284
0.875512 0.868444
0.881543 0.888524
0.869467 0.884298
0.866652 0.874357
0.874223 0.871759
0.885853 0.878488
0.892368 0.886814
0.893217 0.888694
0.873004 0.88556
0.876598 0.876307
0.885117 0.880418
0.895444 0.876221
0.896971 0.884907
0.89687 0.895872
0.880074 0.869621
0.867576 0.862217
0.869117 0.869163
0.866118 0.864306
0.887696 0.876208
0.856773 0.870232
0.863541 0.882344
0.866242 0.857949
0.85933 0.873166
0.882274 0.868513
0.883457 0.874392
0.893724 0.878785
0.907695 0.888615
0.89634 0.878051
0.864813 0.882887
0.869899 0.865131
0.871976 0.87884
0.871023 0.881991
0.889451 0.863775
0.882782 0.879467
0.892587 0.892428
0.878754 0.883422
0.864387 0.870239
0.866244 0.879249
0.870769 0.84541
0.861787 0.853153
0.862429 0.852261
0.843791 0.855161
0.851479 0.854644
0.82735 0.833962
0.845342 0.846314
0.868516 0.862201
0.852939 0.864362
0.860445 0.853067
0.864968 0.866664
0.849926 0.864274
0.88561 0.880313
0.883192 0.885012
0.864676 0.862834
0.849572 0.849568
0.865078 0.856183
0.864879 0.857904
0.877235 0.864061
0.866213 0.854301
0.881349 0.878059
0.896836 0.879316
0.876614 0.884823
0.878777 0.895793
0.882288 0.892883
0.871738 0.869224
0.880153 0.879018
0.872789 0.872196
0.855871 0.85133
0.855355 0.861796
0.860192 0.841497
0.833881 0.839692
0.844185 0.840638
0.857608 0.852035
0.846741 0.840832
0.85925 0.843912
0.864586 0.867249
0.869075 0.872243
0.866492 0.858516
0.852787 0.848873
0.863718 0.862848
0.871246 0.872292
0.85496 0.848104
0.864633 0.865492
0.877672 0.863827
0.88371 0.889517
0.875459 0.881774
0.873036 0.879355
0.887493 0.886571
0.88703 0.879306
0.89672 0.875815
0.876349 0.876624
0.890706 0.886551
0.87528 0.877069
0.886476 0.87594
0.870964 0.87291
0.875757 0.88469
0.885607 0.861647
0.863223 0.866424
0.851048 0.854094
0.84295 0.855222
0.873741 0.857074
0.866104 0.870329
0.874876 0.865928
0.860833 0.867638
0.849081 0.84534
0.861277 0.858389
0.880347 0.871693
0.877394 0.873871
0.887915 0.893042
0.868342 0.862653
0.882574 0.88219
0.865348 0.887971
0.868622 0.870051
0.868736 0.872463
0.866758 0.864211
0.885605 0.870416
0.889428 0.886325
0.875618 0.900687
0.882916 0.887194
0.894573 0.87375
0.884395 0.888898
0.892419 0.885041
0.888238 0.855352
0.888269 0.882862
0.879889 0.853041
0.886496 0.887014
0.879227 0.886699
0.871401 0.872582
0.866213 0.861102
0.864158 0.851801
0.844851 0.861328
0.850417 0.844279
0.863685 0.850303
0.85863 0.845295
0.85909 0.863754
0.848281 0.859661
0.871688 0.87757
0.884589 0.88432
0.890849 0.906523
0.87965 0.882617
0.881491 0.886056
0.896928 0.873319
0.872388 0.86425
0.897632 0.881232
0.891763 0.896934
0.880832 0.892786
0.900275 0.881892
0.907038 0.904118
0.885124 0.892976
0.867006 0.865529
0.863636 0.872943
0.875966 0.864923
0.876826 0.876275
0.884248 0.888048
0.871478 0.892456
0.901019 0.886217
0.888721 0.878838
0.887436 0.882075
0.883314 0.889549
0.88082 0.874444
0.872976 0.876314
0.853521 0.88234
0.871333 0.858423
0.864116 0.866405
0.862517 0.874466
0.878546 0.863995
0.884896 0.87163
0.878703 0.884686
0.886194 0.883985
0.888359 0.877049
0.892416 0.880395
0.877969 0.875345
0.863894 0.869974
0.850363 0.854012
0.864252 0.851754
0.853305 0.829097
0.841759 0.843971
0.860589 0.866085
0.870154 0.868175
0.879495 0.868992
0.88433 0.870929
0.874197 0.868678
0.879677 0.856676
0.872829 0.869859
0.873644 0.874342
0.866024 0.876019
0.863787 0.875706
0.880508 0.876477
0.880602 0.899723
0.891492 0.903414
0.898581 0.89074
0.886843 0.897022
0.903265 0.883287
0.865247 0.883801
0.876186 0.888188
0.873244 0.88604
0.881448 0.884344
0.892818 0.900566
0.895432 0.884975
0.891115 0.880324
0.880974 0.880017
0.884689 0.867528
0.864506 0.867376
0.88036 0.877252
0.880452 0.879928
0.872389 0.861847
0.885361 0.882104
0.877623 0.881008
0.870151 0.860159
0.861797 0.869409
0.857553 0.850859
0.855374 0.845086
0.829089 0.830814
0.829047 0.844541
0.840152 0.853275
0.864486 0.869054
0.853384 0.874412
0.865137 0.872513
0.854506 0.863086
0.861306 0.840401
0.859662 0.861454
0.84916 0.867798
0.869942 0.875497
0.876141 0.88033
0.854634 0.872007
0.876282 0.876824
0.890488 0.881444
0.879876 0.874089
0.872724 0.901567
0.901564 0.886752
0.870534 0.879671
0.894018 0.889798
0.882673 0.884825
0.879123 0.886834
0.891439 0.896351
0.885871 0.870727
0.87371 0.881677
0.885197 0.88263
0.877595 0.865244
0.892327 0.888345
0.880313 0.887003
0.883751 0.88586
0.892873 0.881999
0.873549 0.900876
0.870431 0.881889
0.886382 0.881166
0.883587 0.879245
0.890772 0.901464
0.88997 0.881919
0.875975 0.875275
0.867429 0.875358
0.865825 0.874876
0.859044 0.873508
0.863001 0.864851
0.86966 0.8562
0.893379 0.885379
0.870575 0.887426
0.877236 0.875541
0.868755 0.892777
0.882489 0.896438
0.882527 0.89789
0.872632 0.876007
0.880485 0.89989
0.885358 0.895374
0.89734 0.899416
0.894364 0.898995
0.891463 0.887129
0.88413 0.878367
0.888672 0.864692
0.883256 0.871097
0.86825 0.881697
0.893068 0.887236
0.87706 0.868246
0.863674 0.880795
0.860223 0.865215
0.8834 0.855777
0.877275 0.872874
0.877464 0.857496
0.869989 0.856983
0.825233 0.831242
0.868603 0.867829
0.865639 0.855663
0.866255 0.877042
0.88254 0.881885
0.892223 0.881925
0.87918 0.884876
0.870034 0.859645
0.885059 0.881595
0.874805 0.881748
0.869045 0.882944
0.893936 0.884908
0.890322 0.888624
0.88508 0.883705
0.884861 0.879401
0.878802 0.875094
0.888333 0.87909
0.883498 0.877
0.868468 0.866851
0.872235 0.886754
0.883331 0.881326
0.873358 0.891386
0.879444 0.874134
0.875045 0.868786
0.882136 0.886434
0.868084 0.868186
0.887013 0.876634
0.889668 0.885661
0.880947 0.870515
0.878254 0.875842
0.878563 0.882542
0.88798 0.888224
0.896138 0.90134
0.884787 0.895036
0.881494 0.866134
0.881623 0.894381
0.866673 0.883749
0.872359 0.877675
0.883941 0.871312
0.884373 0.886878
0.882411 0.874626
0.887114 0.882483
0.874655 0.890181
0.890744 0.877648
0.886058 0.888217
0.875045 0.879363
0.873669 0.887694
0.890993 0.890843
0.874945 0.881378
0.871731 0.873654
0.879926 0.88202
0.893607 0.881928
0.882271 0.887374
0.875052 0.880045
0.863474 0.884167
0.877833 0.872705
0.876856 0.881009
0.884262 0.882802
0.889942 0.885252
0.890765 0.892241
0.892622 0.890597
0.883901 0.88642
0.874804 0.873338
0.890327 0.879215
0.883201 0.881703
0.878031 0.882049
0.875501 0.887521
0.864751 0.88774
0.885301 0.880244
0.88014 0.88671
0.893051 0.889908
0.891493 0.895843
0.884285 0.890619
0.884683 0.884182
0.880789 0.866428
0.882424 0.87572
0.876112 0.865499
0.854408 0.868228
0.8526 0.853346
0.867019 0.855716
0.879945 0.859758
0.872736 0.8695
0.871548 0.892287
0.853608 0.864565
0.858747 0.86475
0.84603 0.85547
0.869659 0.860128
0.860644 0.863887
0.857797 0.866303
0.88936 0.866359
0.8656 0.856073
0.861112 0.879351
0.853284 0.865607
0.857962 0.87779
0.877545 0.88349
0.867878 0.877801
0.881665 0.878371
0.866993 0.881103
0.858805 0.866116
0.849314 0.864744
0.865315 0.876825
0.873656 0.871667
0.874987 0.873582
0.887489 0.890356
0.890508 0.883679
0.891925 0.878725
0.882438 0.873905
0.887153 0.885657
0.896472 0.887384
0.888227 0.894661
0.88373 0.875011
0.861717 0.868826
0.876331 0.867958
0.879101 0.863241
0.87109 0.88019
0.866514 0.866434
0.880521 0.85789
0.867777 0.868025
0.866621 0.890642
0.878052 0.872975
0.870004 0.875881
0.894181 0.884113
0.885086 0.884665
0.872275 0.886853
0.892364 0.877828
0.880526 0.892547
0.884597 0.891637
0.874077 0.870549
0.883179 0.874996
0.890317 0.879788
0.880729 0.880286
0.876022 0.873803
0.887325 0.860482
0.887347 0.88124
0.882173 0.879772
0.898015 0.886037
0.881143 0.894546
0.877961 0.895234
0.874017 0.896838
0.897825 0.901579
0.880024 0.872903
0.882806 0.869443
0.875569 0.876668
0.866868 0.855807
0.869963 0.845707
0.85182 0.864189
0.871037 0.851542
0.878983 0.873595
0.885774 0.868998
0.872429 0.887246
0.877983 0.878288
0.888685 0.88266
0.870678 0.876743
0.86238 0.875757
0.872663 0.895934
0.85822 0.884498
0.872246 0.885962
0.873375 0.875413
0.883297 0.88644
0.892558 0.888956
0.88638 0.891607
0.865679 0.883092
0.869851 0.881794
0.878222 0.865284
0.886111 0.897519
0.883946 0.882337
0.875456 0.880584
0.869949 0.859904
0.858747 0.884244
0.873184 0.88557
0.868974 0.867963
0.873034 0.880191
0.872944 0.875558
0.868051 0.880575
0.875242 0.898605
0.875494 0.880525
0.873695 0.868956
0.875779 0.886668
0.884042 0.873584
0.879278 0.883891
0.881148 0.895994
0.882339 0.882806
0.894682 0.890699
0.873172 0.886593
0.854106 0.846456
0.876878 0.871649
0.886195 0.881448
0.867685 0.871573
0.869288 0.872233
0.876306 0.878708
0.86226 0.884581
0.869386 0.878886
0.877104 0.872064
0.872389 0.878315
0.8733 0.849938
0.871973 0.877938
0.88921 0.878794
0.867416 0.873182
0.882463 0.88126
0.866543 0.888035
0.881539 0.881143
0.877488 0.876488
0.893178 0.881938
0.873238 0.880935
0.88248 0.879549
0.866614 0.880908
0.86013 0.867423
0.85948 0.865819
0.877213 0.871337
0.87628 0.874572
0.880247 0.87745
0.875529 0.867812
0.882472 0.879897
0.888731 0.857572
0.86634 0.87471
0.882452 0.848218
0.875382 0.85605
0.876595 0.864128
0.876277 0.872673
0.866 0.877647
0.888064 0.869745
0.877083 0.861751
0.880225 0.871181
0.864132 0.872623
0.864151 0.874724
0.865079 0.862714
0.85791 0.873171
0.851281 0.874638
0.867184 0.877138
0.857534 0.86673
0.86672 0.852577
0.884565 0.874063
0.869299 0.877826
0.87425 0.883133
0.873116 0.88536
0.869048 0.883383
0.868079 0.866306
0.888995 0.873002
0.876442 0.869498
0.875278 0.862904
0.876506 0.866696
0.865509 0.86123
0.865656 0.875281
0.891106 0.873203
0.884257 0.877625
0.871828 0.878887
0.890857 0.874914
0.882544 0.881643
0.870994 0.892081
0.87983 0.903555
0.88811 0.880464
0.87983 0.898471
0.903198 0.881936
0.890479 0.908704
0.891648 0.891928
0.895231 0.894465
0.893819 0.895061
0.893848 0.875396
0.888882 0.882659
0.907157 0.895818
0.908704 0.895058
0.872686 0.896528
0.890029 0.89036
0.883259 0.892891
0.880528 0.892865
0.882854 0.875716
0.884907 0.882686
0.881035 0.885982
0.895856 0.88152
0.875229 0.866213
0.877295 0.870242
0.879035 0.868295
0.873601 0.892364
0.87336 0.874273
0.829322 0.844441
0.865734 0.838108
0.863059 0.86889
0.870001 0.864345
0.852199 0.850928
0.850046 0.84182
0.840379 0.851418
0.862884 0.865893
0.855629 0.847509
0.859708 0.857187
0.868157 0.847881
0.853397 0.835669
0.851597 0.831625
0.858611 0.838816
0.864215 0.867405
0.864073 0.873286
0.86511 0.859083
0.871002 0.876515
0.879037 0.884851
0.875101 0.868543
0.903302 0.871585
0.865826 0.860727
0.866569 0.869934
0.859653 0.853443
0.872544 0.865625
0.856921 0.860055
0.878444 0.863253
0.888102 0.884708
0.885219 0.890914
0.873379 0.868157
0.86838 0.873774
0.8705 0.8743
0.886323 0.893669
0.884266 0.879133
0.892978 0.884431
0.867339 0.871573
0.88006 0.88158
0.868159 0.867586
0.887384 0.861211
0.889959 0.894965
0.877822 0.882855
0.900546 0.907442
0.885163 0.895072
0.875697 0.888331
0.884064 0.895717
0.894667 0.893864
0.89723 0.898757
0.898908 0.880308
0.886575 0.878254
0.877156 0.888186
0.880971 0.874386
0.894911 0.864759
0.884482 0.881022
0.864268 0.871492
0.875666 0.867812
0.858444 0.860712
0.861331 0.865857
0.830206 0.844009
0.867115 0.857614
0.880153 0.875274
0.855404 0.874964
0.854944 0.858371
0.843597 0.853859
0.859591 0.863714
0.866822 0.868243
0.878921 0.878845
0.884498 0.878054
0.883627 0.887069
0.872197 0.866437
0.880038 0.863366
0.886484 0.874971
0.864676 0.870224
0.860224 0.872722
0.885175 0.893068
0.878812 0.89635
0.883343 0.886992
0.870198 0.895348
0.883804 0.8924
0.880829 0.898391
0.883527 0.893759
0.899488 0.885757
0.891684 0.882181
0.8542 0.867407
0.854787 0.863785
0.868864 0.870208
0.86297 0.865109
0.882628 0.870434
0.89513 0.878996
0.872954 0.875664
0.882589 0.878002
0.893894 0.88987
0.884947 0.88663
0.883017 0.889352
0.884805 0.876166
0.897074 0.900436
0.906353 0.903774
0.891678 0.900748
0.904673 0.900767
0.879457 0.888773
0.871357 0.880868
0.885458 0.87669
0.878991 0.894068
0.885388 0.894478
0.893545 0.892483
0.894042 0.874621
0.901366 0.893478
0.874015 0.882377
0.871147 0.875475
0.862525 0.873049
0.878149 0.875328
0.888827 0.885433
0.878106 0.87681
0.887217 0.892398
0.885127 0.883277
0.866296 0.884836
0.871942 0.869777
0.852841 0.85514
0.857304 0.858459
0.864649 0.852095
0.875284 0.876269
0.876765 0.866148
0.883708 0.878583
0.877465 0.863515
0.87868 0.866719
0.878184 0.851412
0.868915 0.856476
0.869412 0.857847
0.849716 0.866065
0.869669 0.877164
0.869085 0.861192
0.876785 0.866001
0.866523 0.866642
0.877148 0.87731
0.890383 0.873649
0.869747 0.873717
0.863763 0.86003
0.857717 0.858153
0.881677 0.877668
0.893439 0.89647
0.863023 0.888304
0.881241 0.879416
0.884047 0.870092
0.876294 0.872421
0.853312 0.868306
0.851096 0.872854
0.851242 0.85609
0.86364 0.864484
0.864342 0.862449
0.850057 0.864741
0.875004 0.863771
0.872162 0.87616
0.870717 0.868763
0.862903 0.875642
0.881711 0.886125
0.888455 0.88011
0.888493 0.880862
0.875658 0.880931
0.867645 0.863368
0.858174 0.871417
0.883877 0.874717
0.901361 0.882187
0.89802 0.895218
0.882946 0.890744
0.883942 0.871913
0.876239 0.88932
0.878532 0.873316
0.890077 0.889141
0.870036 0.882542
0.894592 0.894192
0.886181 0.879362
0.88821 0.87922
0.879604 0.888924
0.873029 0.876978
0.864687 0.876175
0.859455 0.869159
0.872056 0.871203
0.881772 0.884093
0.883879 0.876577
0.879801 0.864713
0.8841 0.882383
0.86264 0.845316
0.875685 0.869461
0.871935 0.882427
0.872643 0.88568
0.87466 0.869266
0.872648 0.885614
0.878351 0.883148
0.875101 0.868987
0.865925 0.879579
0.876732 0.870294
0.8624 0.879151
0.850197 0.858724
0.847227 0.858088
0.856496 0.862558
0.84359 0.837353
0.844044 0.85241
0.852355 0.86764
0.875214 0.871893
0.873512 0.875477
0.873312 0.862304
0.876429 0.865492
0.894053 0.875346
0.897325 0.897972
0.882794 0.877004
0.871796 0.87264
0.86931 0.860091
0.868268 0.858103
0.877577 0.877299
0.858297 0.848523
0.858739 0.844731
0.876889 0.870184
0.862307 0.860411
0.858936 0.844392
0.869598 0.848007
0.86523 0.86065
0.865964 0.868371
0.879962 0.885317
0.865135 0.862129
0.863368 0.848464
0.855854 0.856332
0.869444 0.866214
0.867327 0.84946
0.850413 0.855669
0.875808 0.872753
0.887819 0.873468
0.881565 0.879116
0.865307 0.871966
0.877942 0.861785
0.868686 0.871756
0.855251 0.874002
0.87841 0.872436
0.87672 0.879189
0.888734 0.881587
0.880712 0.854031
0.884004 0.886987
0.871311 0.868955
0.861358 0.865288
0.868759 0.859164
0.87123 0.880366
0.880865 0.875311
0.8656 0.865367
0.880947 0.895694
0.882537 0.875781
0.866541 0.871654
0.875915 0.875457
0.895657 0.878991
0.871451 0.877351
0.8743 0.874403
0.881342 0.892303
0.890836 0.862139
0.88179 0.880208
0.891189 0.881855
0.88514 0.892369
0.866839 0.873417
0.846684 0.855242
0.856289 0.860594
0.857365 0.855315
0.838414 0.863278
0.863561 0.864448
0.878441 0.877019
0.889674 0.876818
0.879022 0.863065
0.860006 0.86494
0.886855 0.894092
0.886089 0.890504
0.863443 0.892569
0.878407 0.884791
0.88958 0.89595
0.894225 0.89404
0.885734 0.866803
0.887447 0.880641
0.89496 0.884344
0.876867 0.880238
0.880838 0.886451
0.87113 0.873322
0.886088 0.882606
0.878101 0.869472
0.86134 0.872045
0.864862 0.851659
0.860094 0.878971
0.841042 0.860446
0.850452 0.856834
0.863344 0.856416
0.853895 0.885845
0.861497 0.881786
0.857882 0.863349
0.871954 0.865202
0.881138 0.872278
0.850626 0.856368
0.838279 0.853881
0.866966 0.879268
0.876973 0.883251
0.890907 0.896622
0.883482 0.892811
0.874942 0.898448
0.891529 0.883856
0.884753 0.858827
0.868027 0.875125
0.854068 0.880885
0.870108 0.885353
0.879564 0.878334
0.882055 0.884416
0.876265 0.854802
0.884842 0.877403
0.881728 0.875886
0.885944 0.891273
0.894416 0.856
0.883948 0.877256
0.878984 0.886317
0.859727 0.86459
0.872621 0.868413
0.892685 0.87815
0.880659 0.880622
0.87358 0.867174
0.867603 0.883728
0.888685 0.883952
0.885651 0.869701
0.88122 0.875023
0.884601 0.871025
0.876604 0.877201
0.891038 0.886461
0.896552 0.885498
0.878388 0.881725
0.880159 0.873271
0.873346 0.871154
0.879522 0.881929
0.874274 0.867297
0.866223 0.867562
0.864199 0.877259
0.87904 0.877366
0.889699 0.890228
0.88993 0.872904
0.875088 0.868593
0.874785 0.877882
0.883319 0.885662
0.887723 0.892567
0.898258 0.882846
0.860412 0.860505
0.873633 0.884829
0.870811 0.888939
0.874191 0.864527
0.84936 0.859058
0.873592 0.862192
0.86602 0.870295
0.847925 0.86288
0.848685 0.860804
0.872949 0.85869
0.874443 0.874685
0.865728 0.869102
0.854881 0.867359
0.881311 0.878553
0.875705 0.888037
0.876249 0.869945
0.877701 0.879551
0.88972 0.869955
0.890738 0.883884
0.877967 0.878308
0.874701 0.88974
0.862883 0.855287
0.878405 0.881202
0.87713 0.887367
0.874156 0.872829
0.879464 0.875544
0.864224 0.863841
0.882069 0.890251
0.890806 0.886775
0.890168 0.850853
0.895832 0.87478
0.884681 0.879985
0.892983 0.891822
0.885567 0.896349
0.88065 0.892087
0.888409 0.880159
0.883476 0.882121
0.868957 0.863825
0.866116 0.883169
0.869125 0.875958
0.873657 0.854528
0.871555 0.855333
0.883145 0.868342
0.872008 0.875065
0.893844 0.881016
0.879345 0.874923
0.880093 0.894324
0.87947 0.861216
0.890855 0.872861
0.869854 0.881663
0.885676 0.88045
0.891252 0.887529
0.877335 0.883358
0.900456 0.895499
0.898127 0.883399
0.892039 0.882534
0.883284 0.876075
0.872108 0.867766
0.870596 0.87739
0.89523 0.890936
0.882653 0.879533
0.886185 0.879574
0.892467 0.892054
0.896973 0.88763
0.899315 0.888233
0.869981 0.89055
0.878384 0.892565
0.886831 0.887536
0.882681 0.897029
0.892283 0.899526
0.887241 0.885091
0.877764 0.892002
0.894201 0.886645
0.901384 0.89374
0.87458 0.892008
0.890823 0.883565
0.88419 0.882064
0.881847 0.875948
0.881067 0.884487
0.877846 0.872584
0.880726 0.88463
0.885813 0.891733
0.88326 0.890971
0.86682 0.877633
0.878354 0.887656
0.878366 0.874384
0.882733 0.883159
0.887392 0.890257
0.86256 0.883319
0.875376 0.892735
0.881127 0.880336
0.878997 0.893271
0.878906 0.890178
0.894239 0.872378
0.882712 0.886502
0.874944 0.876266
0.851052 0.830008
0.839631 0.835562
0.832293 0.837507
0.843138 0.846795
0.831997 0.845174
0.862717 0.849512
0.869112 0.870103
0.881965 0.877631
0.885904 0.884149
0.879872 0.892392
0.857245 0.875023
0.866972 0.878717
0.889417 0.864721
0.888465 0.888314
0.873393 0.887669
0.872302 0.880709
0.881659 0.882807
0.885599 0.880294
0.883776 0.879761
0.902939 0.896866
0.884325 0.893288
0.879265 0.896853
0.894137 0.876553
0.879183 0.899092
0.874615 0.875384
0.869009 0.864213
0.868322 0.872595
0.886742 0.880093
0.888913 0.855221
0.889347 0.878836
0.884831 0.879176
0.887875 0.892828
0.881387 0.881372
0.893296 0.893713
0.892063 0.902143
0.898453 0.89161
0.877491 0.885335
0.871549 0.890676
0.865423 0.872613
0.882075 0.864013
0.876506 0.870421
0.88086 0.871094
0.871214 0.885348
0.871549 0.868697
0.879226 0.875202
0.875188 0.891565
0.892293 0.891621
0.894193 0.900188
0.892292 0.905296
0.877919 0.882203
0.89005 0.869561
0.891666 0.895969
0.900111 0.888298
0.887642 0.893956
0.895845 0.878503
0.873195 0.880286
0.878416 0.876999
0.878037 0.895926
0.871262 0.867649
0.874022 0.880589
0.872189 0.875498
0.865975 0.861986
0.870713 0.887965
0.873842 0.877915
0.878362 0.870375
0.880931 0.88041
0.864952 0.878959
0.878156 0.885663
0.881238 0.87877
0.874164 0.877665
0.895474 0.891626
0.875236 0.859624
0.873058 0.883233
0.88051 0.880077
0.87482 0.88231
0.860295 0.853912
0.864526 0.870894
0.841665 0.841455
0.856643 0.853105
0.864104 0.876446
0.882079 0.878799
0.841285 0.839335
0.858163 0.842446
0.849728 0.853232
0.857448 0.869156
0.88428 0.883054
0.864222 0.869374
0.861889 0.874386
0.865907 0.873034
0.867776 0.868823
0.870314 0.868352
0.85534 0.872911
0.867227 0.868596
0.88138 0.881256
0.877555 0.881947
0.890773 0.887824
0.879729 0.886655
0.877973 0.863369
0.864719 0.871962
0.879494 0.889608
0.88347 0.877025
0.883788 0.875681
0.865295 0.873938
0.87307 0.877915
0.880596 0.862164
0.883383 0.878027
0.889689 0.888104
0.873296 0.870178
0.866804 0.877185
0.8707 0.867904
0.866656 0.870106
0.86138 0.880079
0.880027 0.871966
0.869679 0.879333
0.862496 0.853133
0.855596 0.867971
0.871334 0.890543
0.882138 0.885197
0.866877 0.876311
0.867321 0.883863
0.877576 0.855229
0.888999 0.885112
0.889128 0.903878
0.903679 0.89639
0.86909 0.885008
0.891133 0.887782
0.897472 0.887872
0.875162 0.898193
0.887389 0.878358
0.89084 0.879752
0.888956 0.889273
0.880709 0.867048
0.874243 0.863621
0.874907 0.876443
0.887098 0.877525
0.869949 0.889538
0.886766 0.888801
0.88835 0.879651
0.88003 0.88462
0.881389 0.87762
0.873067 0.879328
0.884338 0.890273
0.877391 0.883576
0.881807 0.869834
0.892308 0.879259
0.875124 0.900439
0.887248 0.894173
0.899865 0.901432
0.878002 0.887071
0.87266 0.865794
0.880135 0.874682
0.880703 0.883852
0.872684 0.866446
0.887956 0.857425
0.874509 0.870177
0.855603 0.865398
0.879854 0.880842
0.840709 0.876259
0.870387 0.864605
0.874942 0.878482
0.870951 0.875433
0.863605 0.878731
0.871952 0.881102
0.855146 0.860338
0.847902 0.866513
0.872109 0.871658
0.863599 0.867813
0.876581 0.886272
0.883483 0.888953
0.882509 0.879733
0.891172 0.871785
0.8606 0.875587
0.878426 0.873348
0.885257 0.882587
0.877075 0.873964
0.890732 0.886919
0.903553 0.88886
0.896417 0.892022
0.903134 0.890846
0.890097 0.895031
0.877159 0.877726
0.882705 0.879396
0.880116 0.882038
0.898213 0.877806
0.87884 0.888265
0.872976 0.874215
0.871473 0.87781
0.864168 0.870592
0.865608 0.867736
0.855477 0.871201
0.848689 0.841882
0.869927 0.855204
0.879209 0.858858
0.887608 0.876606
0.881612 0.864909
0.878018 0.889522
0.899554 0.883298
0.869166 0.868414
0.89725 0.886822
0.906144 0.897623
0.886613 0.886916
0.873396 0.867696
0.886377 0.881416
0.875009 0.888361
0.88525 0.876498
0.870944 0.874832
0.867512 0.882648
0.872921 0.88806
0.904214 0.884444
0.864847 0.869843
0.880024 0.882653
0.874211 0.877876
0.87537 0.869861
0.891751 0.88309
0.888124 0.875735
0.870645 0.876806
0.869074 0.881434
0.877393 0.873152
0.876898 0.879075
0.886695 0.884432
0.895657 0.888275
0.860665 0.889541
0.889708 0.89171
0.887075 0.868915
0.876572 0.871046
0.891186 0.890175
0.89352 0.897644
0.899196 0.902171
0.895698 0.905307
0.870157 0.878058
0.871071 0.874375
0.881247 0.867303
0.860564 0.879164
0.882428 0.878738
0.877457 0.867538
0.865919 0.879596
0.879375 0.875321
0.881193 0.891
0.871563 0.883891
0.885152 0.892541
0.876877 0.878212
0.892757 0.890451
0.8543 0.881868
0.86822 0.890012
0.8611 0.875993
0.886592 0.889145
0.876465 0.886468
0.885732 0.88499
0.88334 0.885351
0.88618 0.880756
0.894305 0.880865
0.86991 0.872828
0.884864 0.883137
0.876463 0.859027
0.874276 0.88166
0.864837 0.864823
0.844003 0.845614
0.847475 0.846855
0.849175 0.85175
0.850261 0.838695
0.855678 0.844917
0.86693 0.866213
0.877026 0.87809
0.887805 0.884713
0.904617 0.900025
0.89785 0.882532
0.885475 0.900871
0.891754 0.883097
0.877327 0.879522
0.887415 0.871535
0.871568 0.860518
0.887921 0.871164
0.891583 0.879929
0.878581 0.887915
0.889087 0.86991
0.875717 0.865504
0.845491 0.854016
0.86657 0.867091
0.866907 0.872711
0.854228 0.85173
0.860385 0.838541
0.849132 0.852418
0.868796 0.870111
0.874452 0.869092
0.861448 0.863612
0.884213 0.891592
0.885716 0.879282
0.892018 0.876704
0.873524 0.859642
0.854136 0.866251
0.85725 0.832183
0.86933 0.862066
0.86065 0.849239
0.867623 0.875879
0.888746 0.899806
0.863784 0.867528
0.861292 0.869107
0.882476 0.881807
0.882521 0.87666
0.88749 0.886607
0.889191 0.867151
0.885926 0.892374
0.862978 0.881822
0.891687 0.863966
0.88 0.871972
0.893851 0.876069
0.878302 0.890139
0.857181 0.857113
0.873198 0.860543
0.881654 0.878409
0.878634 0.868459
0.859762 0.868727
0.854617 0.867634
0.889054 0.895972
0.871548 0.878597
0.876887 0.872473
0.869286 0.856973
0.882721 0.868613
0.868984 0.876966
0.888755 0.886047
0.898895 0.891985
0.879513 0.884013
0.88174 0.882632
0.872189 0.878571
0.885797 0.880873
0.89 0.877658
0.883496 0.860135
0.875634 0.866867
0.885425 0.895612
0.883059 0.892328
0.879643 0.888275
0.866401 0.886749
0.870248 0.865454
0.883769 0.865976
0.876706 0.866539
0.878578 0.87598
0.8855 0.869096
0.884166 0.857096
0.882418 0.871953
0.885037 0.860703
0.890036 0.866289
0.879278 0.890257
0.874815 0.888365
0.892496 0.893543
0.884965 0.880478
0.876991 0.887817
0.891173 0.87793
0.897398 0.89712
0.895646 0.892855
0.882583 0.894041
0.903386 0.900011
0.898162 0.886373
0.893114 0.905054
0.891708 0.880157
0.88732 0.890892
0.900159 0.871605
0.89226 0.881828
0.902574 0.893515
0.88996 0.884615
0.887069 0.897824
0.894007 0.90535
0.886269 0.893389
0.867098 0.879997
0.872014 0.874155
0.867522 0.86577
0.882246 0.878041
0.884404 0.889005
0.885261 0.889024
0.890549 0.881439
0.892987 0.900088
0.88929 0.887963
0.88375 0.886498
0.880946 0.863601
0.875397 0.876425
0.875713 0.878061
0.869475 0.880606
0.86635 0.865506
0.89687 0.879565
0.881956 0.866436
0.875967 0.877281
0.903491 0.889959
0.883544 0.872915
0.874626 0.873498
0.889753 0.893718
0.88206 0.896328
0.884342 0.886297
0.876263 0.881063
0.875513 0.882916
0.887352 0.898209
0.867232 0.861844
0.883987 0.861012
0.872291 0.883282
0.889123 0.87755
0.883497 0.896933
0.888404 0.896551
0.900712 0.900434
0.898864 0.889706
0.889066 0.883337
0.887161 0.876311
0.879943 0.881316
0.881165 0.874541
0.900181 0.886818
0.883097 0.886353
0.881528 0.887483
0.900414 0.888459
0.901208 0.893464
0.88826 0.880889
0.856671 0.868184
0.897685 0.879602
0.885638 0.885481
0.895023 0.883606
0.864731 0.863367
0.867396 0.883195
0.847601 0.856124
0.853907 0.844459
0.855294 0.852417
0.827568 0.843821
0.838555 0.837288
0.847823 0.853595
0.842219 0.841223
0.850042 0.865319
0.86323 0.853579
0.866626 0.852376
0.840269 0.861597
0.882165 0.879503
0.876556 0.885077
0.863458 0.886456
0.869158 0.890845
0.886937 0.888287
0.880587 0.881855
0.87192 0.870763
0.854959 0.856673
0.858873 0.872768
0.85916 0.844438
0.831002 0.848497
0.844558 0.865851
0.846106 0.855892
0.848436 0.833247
0.846287 0.823657
0.86306 0.841075
0.856431 0.845549
0.871157 0.867846
0.857126 0.879031
0.87281 0.877636
0.845659 0.869535
0.8897 0.897644
0.866548 0.891319
0.865795 0.896253
0.853926 0.855517
0.863269 0.852061
0.870514 0.874616
0.88327 0.873606
0.882527 0.878235
0.865811 0.872748
0.887078 0.876037
0.877196 0.876277
0.876612 0.864776
0.874642 0.873952
0.874419 0.866665
0.871715 0.877965
0.870916 0.8837
0.864732 0.839479
0.85207 0.868651
0.865169 0.866709
0.86706 0.853928
0.877502 0.863385
0.866207 0.856812
0.882904 0.875198
0.871736 0.869434
0.877929 0.870152
0.873071 0.897903
0.868165 0.869911
0.861558 0.881445
0.848126 0.830079
0.858929 0.874434
0.880674 0.871562
0.873593 0.879682
0.871183 0.876581
0.871914 0.860288
0.866347 0.863508
0.867217 0.855752
0.877191 0.873176
0.890016 0.885655
0.884319 0.890523
0.886273 0.873768
0.885517 0.888002
0.885371 0.879741
0.883487 0.887588
0.881379 0.879308
0.886267 0.879162
0.872561 0.879464
0.880446 0.886292
0.859624 0.86717
0.883606 0.868158
0.874765 0.857925
0.883922 0.891733
0.891222 0.88945
0.883086 0.899622
0.88426 0.883269
0.873847 0.883001
0.883016 0.878075
0.878768 0.873663
0.876759 0.870965
0.872057 0.881748
0.879921 0.879678
0.87772 0.87895
0.865831 0.86852
0.889826 0.875923
0.890216 0.884298
0.891921 0.877135
0.874083 0.879478
0.899177 0.880629
0.877013 0.866191
0.844032 0.846362
0.85402 0.862402
0.867352 0.859425
0.892408 0.876692
0.872875 0.875593
0.858251 0.853713
0.86236 0.864918
0.866998 0.886294
0.892277 0.869989
0.880856 0.870588
0.8648 0.872523
0.866275 0.884272
0.881179 0.871188
0.892013 0.896392
0.891909 0.897964
0.89145 0.903226
0.890678 0.896669
0.902204 0.902505
0.882835 0.88501
0.875063 0.878329
0.865484 0.878518
0.877873 0.862179
0.859066 0.858709
0.83896 0.85681
0.847666 0.878526
0.874982 0.891505
0.885718 0.882124
0.889263 0.892169
0.873568 0.880722
0.894374 0.878062
0.875396 0.877695
0.877163 0.879793
0.893681 0.886782
0.894584 0.876591
0.896774 0.887284
0.89383 0.887902
0.881772 0.883291
0.886578 0.883039
0.886633 0.898862
0.886782 0.872564
0.90026 0.891713
0.904362 0.889085
0.891307 0.88516
0.888314 0.868083
0.888748 0.882933
0.885779 0.901048
0.888781 0.890602
0.875775 0.883858
0.868695 0.891911
0.870802 0.885097
0.887265 0.881322
0.870352 0.88226
0.877217 0.870472
0.881693 0.872107
0.865809 0.877041
0.88388 0.870826
0.873568 0.862844
0.869651 0.870572
0.890647 0.889383
0.894686 0.883288
0.883243 0.88697
0.880312 0.89108
0.882796 0.890343
0.897589 0.88304
0.893677 0.883294
0.888956 0.888332
0.871914 0.901665
0.887927 0.882866
0.886739 0.88799
0.881975 0.895538
0.885792 0.874353
0.891233 0.89143
0.878719 0.888705
0.880502 0.872124
0.887852 0.873992
0.878124 0.871409
0.88152 0.888191
0.875855 0.890928
0.871533 0.872243
0.882731 0.870025
0.889403 0.877482
0.89105 0.89131
0.895882 0.890691
0.888074 0.88787
0.889287 0.891906
0.887632 0.890623
0.887407 0.888557
0.873411 0.878059
0.880324 0.885018
0.872012 0.868575
0.871391 0.874744
0.85885 0.855542
0.871476 0.861273
0.863276 0.855493
0.851798 0.861165
0.848956 0.853171
0.871539 0.854185
0.861372 0.852101
0.851383 0.856092
0.882706 0.874617
0.882197 0.881933
0.88136 0.895803
0.883344 0.867025
0.883893 0.882376
0.900183 0.894599
0.889554 0.888873
0.889496 0.897581
0.893394 0.879953
0.86565 0.884706
0.87977 0.878319
0.871739 0.880319
0.867033 0.889209
0.888487 0.887558
0.877386 0.868711
0.878059 0.886692
0.872533 0.894281
0.894784 0.881136
0.880027 0.880113
0.866478 0.882766
0.881957 0.890093
0.892581 0.894328
0.883174 0.882989
0.874561 0.872049
0.878201 0.872404
0.891686 0.882874
0.890969 0.892544
0.884596 0.89176
0.869138 0.885813
0.890474 0.888076
0.870541 0.884893
0.870551 0.872317
0.89194 0.88961
0.885107 0.900286
0.897889 0.876713
0.885501 0.875316
0.872941 0.878289
0.893735 0.880833
0.897831 0.893832
0.882854 0.880154
0.873805 0.866297
0.877583 0.879469
0.874028 0.871111
0.885951 0.879267
0.89287 0.866328
0.882298 0.8761
0.884851 0.876872
0.886285 0.883016
0.879216 0.882904
0.874589 0.869431
0.870058 0.845061
0.889222 0.881812
0.861747 0.872448
0.873289 0.867049
0.875761 0.883713
0.893383 0.880057
0.881736 0.860933
0.88692 0.878597
0.892846 0.890345
0.89062 0.872967
0.890118 0.89472
0.890426 0.888201
0.87014 0.869256
0.879432 0.893299
0.880682 0.88564
0.854461 0.862506
0.860568 0.860686
0.866461 0.856849
0.845531 0.867439
0.867618 0.86765
0.884049 0.883167
0.872284 0.886396
0.884289 0.87575
0.889125 0.880258
0.88608 0.880913
0.890578 0.888568
0.886472 0.893344
0.872569 0.882019
0.882476 0.884919
0.88774 0.880914
0.883348 0.870159
0.877985 0.878222
0.882164 0.879847
0.878699 0.881338
0.887777 0.87785
0.887864 0.884767
0.893912 0.886922
0.893559 0.900805
0.889465 0.890737
0.884509 0.896564
0.901162 0.891621
0.888364 0.899593
0.878541 0.883842
0.88062 0.874757
0.881907 0.890745
0.884855 0.888382
0.890287 0.899401
0.880789 0.87429
0.8779 0.883313
0.870925 0.867515
0.858653 0.863327
0.861619 0.847751
0.851843 0.866223
0.852195 0.861205
0.888934 0.871797
0.872408 0.870894
0.870733 0.878459
0.860342 0.871634
0.871744 0.877177
0.881352 0.882926
0.866919 0.873519
0.878331 0.891769
0.893804 0.873306
0.871713 0.881375
0.887745 0.8746
0.877857 0.880683
0.882468 0.881303
0.874969 0.875423
0.880546 0.883397
0.871181 0.882588
0.877655 0.880407
0.880803 0.884516
0.886101 0.87213
0.896582 0.877699
0.892981 0.898137
0.882835 0.871453
0.881766 0.890862
0.882951 0.888
0.895428 0.885585
0.900657 0.893201
0.907392 0.892411
0.87445 0.875274
0.872785 0.873618
0.876276 0.878469
0.8849 0.894872
0.863301 0.876172
0.864715 0.861706
0.878682 0.875173
0.881703 0.886244
0.903509 0.894982
0.886487 0.875504
0.883693 0.891197
0.887521 0.885338
0.885868 0.893879
0.878854 0.883247
0.893193 0.898269
0.875818 0.892382
0.902857 0.885091
0.887779 0.879825
0.885126 0.906814
0.868542 0.873431
0.885089 0.883187
0.877967 0.881752
0.872131 0.881567
0.879615 0.880669
0.875823 0.889229
0.872824 0.86356
0.87749 0.868681
0.888728 0.877362
0.869012 0.877797
0.8486 0.840698
0.870638 0.868135
0.878309 0.8716
0.876941 0.891938
0.876394 0.882941
0.865606 0.875779
0.885953 0.868132
0.875679 0.880791
0.869965 0.884344
0.875862 0.877619
0.888813 0.877923
0.884819 0.895655
0.878991 0.897581
0.873837 0.873195
0.893858 0.894544
0.863049 0.86674
0.857771 0.868516
0.880667 0.873447
0.87722 0.878095
0.861673 0.856623
0.861091 0.870065
0.891881 0.88274
0.880706 0.8828
0.851973 0.881962
0.873351 0.881285
0.862159 0.8683
0.874636 0.867498
0.883954 0.861544
0.879324 0.86741
0.879356 0.883295
0.876001 0.905213
0.867526 0.879291
0.875709 0.883924
0.873867 0.86526
0.867396 0.874463
0.874659 0.879572
0.880883 0.881498
0.874917 0.871486
0.868592 0.873617
0.878345 0.884676
0.8833 0.880821
0.874246 0.882408
0.885505 0.89327
0.878227 0.874868
0.863743 0.853085
0.882321 0.870579
0.866643 0.876839
0.884236 0.883213
0.874674 0.883166
0.880201 0.8911
0.892692 0.885899
0.890078 0.878743
0.888428 0.878508
0.883542 0.873652
0.873406 0.877093
0.880309 0.877707
0.879343 0.86481
0.88949 0.86932
0.885331 0.892183
0.896407 0.885337
0.882198 0.882948
0.871665 0.87107
0.885836 0.870702
0.871422 0.843046
0.89534 0.862182
0.896878 0.888927
0.886887 0.872558
0.85912 0.864396
0.883422 0.873311
0.867156 0.873392
0.877454 0.897561
0.877762 0.882609
0.875532 0.883518
0.87941 0.878955
0.879724 0.879693
0.864234 0.872587
0.867322 0.856454
0.86351 0.866435
0.85935 0.85663
0.853439 0.839941
0.865933 0.862662
0.872893 0.870907
0.86148 0.864201
0.85827 0.87578
0.878074 0.882157
0.894195 0.879292
0.876588 0.881827
0.887419 0.877627
0.875334 0.883107
0.87061 0.87376
0.86596 0.870146
0.860045 0.870228
0.878205 0.870915
0.868037 0.86817
0.868247 0.866549
0.841018 0.859637
0.846883 0.850374
0.862649 0.863832
0.878332 0.883046
0.86345 0.889902
0.869513 0.885363
0.875581 0.868355
0.88334 0.877702
0.887576 0.890409
0.882341 0.86198
0.889233 0.873587
0.864994 0.869319
0.870121 0.876407
0.875905 0.878365
0.87792 0.884941
0.885352 0.883882
0.879462 0.881108
0.890573 0.90022
0.881999 0.897247
0.897713 0.895143
0.898246 0.883874
0.885716 0.877673
0.865238 0.881327
0.881452 0.883968
0.881468 0.889507
0.892915 0.901702
0.885871 0.872717
0.870327 0.851302
0.878779 0.866649
0.885394 0.867845
0.857334 0.865938
0.86948 0.85558
0.867465 0.869169
0.874728 0.868813
0.872464 0.87728
0.860832 0.857939
0.848596 0.872785
0.846022 0.875193
0.865381 0.865079
0.885939 0.884042
0.894937 0.885055
0.891835 0.871232
0.887916 0.881507
0.882715 0.876155
0.887255 0.901864
0.888441 0.89089
0.877737 0.888246
0.877499 0.888465
0.885745 0.88266
0.899328 0.886864
0.882846 0.888639
0.896491 0.894525
0.89656 0.8846
0.886523 0.889042
0.905921 0.893827
0.903471 0.895279
0.88947 0.892503
0.887719 0.902193
0.898495 0.899328
0.891518 0.889194
0.890466 0.882696
0.900426 0.895808
0.888423 0.898533
0.887041 0.902118
0.902713 0.892353
0.874551 0.882247
0.875633 0.884231
0.868663 0.887699
0.864312 0.871286
0.868208 0.87654
0.873411 0.883064
0.88417 0.884647
0.880138 0.898411
0.906733 0.89692
0.884511 0.884347
0.865065 0.882421
0.870157 0.867022
0.867354 0.864058
0.854745 0.871908
0.897711 0.874018
0.883975 0.895488
0.87989 0.868372
0.888203 0.887769
0.881168 0.872653
0.890066 0.882715
0.873322 0.887721
0.892481 0.891256
0.887666 0.902226
0.8898 0.871308
0.892775 0.881811
0.884077 0.880265
0.868826 0.885301
0.877303 0.876876
0.88046 0.888979
0.867845 0.879435
0.87314 0.867497
0.878792 0.881406
0.879607 0.875483
0.848105 0.896432
0.881321 0.893058
0.888765 0.864571
0.884406 0.868506
0.886664 0.870592
0.889011 0.868202
0.882846 0.869172
0.889169 0.886821
0.861869 0.864769
0.874383 0.870289
0.875112 0.852171
0.858368 0.883752
0.88541 0.886201
0.861727 0.874757
0.876772 0.875242
0.853596 0.8642
0.871303 0.875479
0.864121 0.852871
0.869802 0.858876
0.855393 0.877318
0.861313 0.850728
0.868522 0.867431
0.862035 0.865971
0.856504 0.858787
0.885972 0.876595
0.867729 0.880599
0.893541 0.884784
0.891982 0.892657
0.85871 0.87247
0.854829 0.862278
0.8655 0.868105
0.888309 0.878719
0.884637 0.885287
0.889127 0.885721
0.885561 0.896043
0.886482 0.877203
0.899519 0.893436
0.889816 0.889908
0.872394 0.890686
0.877514 0.87629
0.883283 0.89607
0.880555 0.865981
0.865783 0.851139
0.824377 0.856039
0.870491 0.857343
0.860924 0.850686
0.847959 0.845859
0.846567 0.872319
0.842511 0.848821
0.857379 0.849702
0.840169 0.860991
0.872131 0.876461
0.860313 0.880358
0.882878 0.866102
0.860107 0.856164
0.857219 0.840266
0.852564 0.858517
0.854884 0.85266
0.867995 0.869861
0.889671 0.868682
0.877455 0.871176
0.880321 0.886643
0.879504 0.873475
0.878289 0.863604
0.861327 0.85146
0.864474 0.873976
0.885762 0.882517
0.898621 0.900139
0.895202 0.887808
0.887551 0.879748
0.874442 0.858264
0.877268 0.873137
0.854743 0.862786
0.858321 0.851908
0.858727 0.867574
0.889652 0.873879
0.868756 0.870101
0.874426 0.882252
0.86126 0.867299
0.875162 0.881797
0.883633 0.891838
0.883732 0.879836
0.868953 0.881823
0.876541 0.884169
0.876845 0.86188
0.87931 0.851967
0.865667 0.873583
0.883394 0.884471
0.864944 0.851424
0.873765 0.847688
0.87491 0.86241
0.85823 0.859227
0.859712 0.881593
0.886396 0.878947
0.869202 0.875915
0.877075 0.873336
0.860271 0.86621
0.878497 0.869728
0.88689 0.891268
0.889971 0.888113
0.873017 0.897919
0.893163 0.898534
0.88332 0.894646
0.872336 0.885697
0.880847 0.875649
0.857387 0.856413
0.864927 0.867838
0.859972 0.857194
0.843932 0.852438
0.862995 0.84193
0.84765 0.870451
0.864303 0.871803
0.870732 0.835998
0.870803 0.855126
0.876457 0.877157
0.886181 0.876699
0.896014 0.888708
0.880534 0.878802
0.859565 0.859801
0.880506 0.889127
0.878422 0.891361
0.871096 0.880118
0.854819 0.860209
0.86673 0.865775
0.851123 0.872982
0.887532 0.886657
0.890848 0.898212
0.895234 0.882592
0.892433 0.877275
0.896635 0.900011
0.889672 0.893693
0.884499 0.870858
0.876629 0.876129
0.891265 0.889567
0.887055 0.899129
0.872954 0.855154
0.892156 0.893939
0.888484 0.890171
0.883713 0.871957
0.874881 0.878194
0.879284 0.873826
0.879494 0.867299
0.880227 0.875839
0.862166 0.859167
0.886048 0.879768
0.892359 0.892729
0.883146 0.898588
0.872115 0.885954
0.890311 0.882553
0.879667 0.890637
0.890635 0.896224
0.880808 0.892556
0.890929 0.891573
0.881573 0.894173
0.883691 0.885522
0.890931 0.872792
0.879868 0.881796
0.891723 0.892525
0.890936 0.897504
0.890245 0.877307
0.868393 0.872381
0.88517 0.88725
0.875952 0.882249
0.883662 0.874377
0.875432 0.881808
0.883482 0.867357
0.872451 0.888529
0.882747 0.867657
0.881036 0.897096
0.874159 0.893799
0.870665 0.891289
0.863439 0.8515
0.870795 0.870503
0.86745 0.902351
0.870631 0.888433
0.879504 0.89075
0.872594 0.877153
0.848523 0.83627
0.854369 0.853986
0.859785 0.849958
0.866854 0.871868
0.877309 0.871658
0.879037 0.888178
0.885993 0.8746
0.856646 0.865982
0.882148 0.875167
0.86316 0.868408
0.881457 0.888401
0.874468 0.880497
0.879144 0.883942
0.863351 0.872691
0.879374 0.879727
0.877544 0.879928
0.868821 0.881804
0.877776 0.880963
0.869078 0.874199
0.873092 0.88609
0.86381 0.876557
0.876155 0.873335
0.880553 0.87061
0.884725 0.869541
0.884942 0.889728
0.880457 0.872247
0.868923 0.873291
0.881048 0.879358
0.869493 0.884174
0.873083 0.873275
0.900946 0.878418
0.87862 0.868949
0.867827 0.88669
0.874618 0.876168
0.870323 0.87771
0.887341 0.890515
0.887137 0.889965
0.883182 0.88586
0.878738 0.876908
0.852762 0.856244
0.858207 0.863437
0.860249 0.858528
0.871085 0.889504
0.885111 0.882965
0.860721 0.878083
0.853991 0.853315
0.848472 0.838632
0.850569 0.85201
0.849881 0.857456
0.845696 0.839245
0.856837 0.840194
0.85573 0.855721
0.854839 0.852719
0.852012 0.848746
0.862443 0.862482
0.859503 0.868114
0.865825 0.885533
0.88703 0.873919
0.872077 0.855287
0.88456 0.875278
0.874427 0.872359
0.892086 0.873531
0.868885 0.865203
0.878725 0.880556
0.886098 0.895076
0.87597 0.884346
0.877486 0.89028
0.891495 0.892209
0.903035 0.878821
0.882263 0.893708
0.886614 0.888712
0.883127 0.8819
0.87623 0.886891
0.879931 0.852496
0.867891 0.866451
0.862591 0.875936
0.861353 0.844029
0.872926 0.870675
0.878204 0.875155
0.885034 0.87367
0.872237 0.8859
0.869063 0.891484
0.893623 0.891624
0.891046 0.879053
0.889279 0.87999
0.890699 0.872496
0.873224 0.899019
0.886025 0.884016
0.879362 0.854311
0.859952 0.858612
0.853416 0.841831
0.834421 0.816199
0.839676 0.831541
0.808544 0.824959
0.818777 0.825093
0.822408 0.839427
0.820886 0.837084
0.845111 0.841277
0.845613 0.846333
0.853766 0.869986
0.870334 0.89408
0.856409 0.885098
0.876696 0.876901
0.892201 0.889711
0.906002 0.883473
0.892051 0.880521
0.885763 0.89514
0.883023 0.881271
0.877828 0.877572
0.891135 0.864909
0.890594 0.880585
0.89504 0.875991
0.879428 0.894564
0.872844 0.875745
0.886002 0.881975
0.858172 0.850364
0.863596 0.869368
0.874 0.880079
0.866103 0.868006
0.873478 0.88387
0.862123 0.881296
0.887526 0.89989
0.888429 0.88739
0.888829 0.881686
0.897301 0.877615
0.88747 0.887495
0.883939 0.883599
0.877051 0.886676
0.886427 0.872581
0.877036 0.873832
0.890272 0.877308
0.87538 0.885626
0.882662 0.875629
0.879293 0.86139
0.871316 0.863372
0.859264 0.868391
0.865208 0.877769
0.867461 0.875111
0.870214 0.865445
0.883449 0.892862
0.897268 0.87602
0.892641 0.876482
0.869947 0.886411
0.877256 0.873987
0.88638 0.877324
0.880054 0.882734
0.887324 0.888413
0.881733 0.881879
0.880962 0.883083
0.882741 0.881966
0.87772 0.877602
0.879724 0.880237
0.891229 0.90562
0.900859 0.890266
0.87901 0.890022
0.892677 0.891724
0.877138 0.889355
0.893445 0.889894
0.887144 0.88357
0.872192 0.880512
0.882338 0.887615
0.886578 0.890961
0.87781 0.869023
0.8923 0.858205
0.871896 0.879652
0.87473 0.877085
0.885345 0.883358
0.889315 0.87913
0.869295 0.880106
0.870434 0.867686
0.87294 0.868392
0.870062 0.859192
0.874563 0.872356
0.868758 0.882666
0.881487 0.87657
0.883454 0.877416
0.87063 0.859473
0.879977 0.884518
0.882109 0.889788
0.890904 0.888792
0.889026 0.882564
0.867897 0.892245
0.893942 0.876693
0.8727 0.866232
0.856115 0.86826
0.860611 0.867129
0.853645 0.866729
0.849797 0.856871
0.888808 0.886812
0.894161 0.883452
0.894528 0.895903
0.897688 0.889577
0.885732 0.882104
0.891767 0.888396
0.873151 0.875849
0.883154 0.877747
0.87314 0.881735
0.878558 0.889268
0.873513 0.889581
0.904378 0.89973
0.887998 0.894372
0.878293 0.879234
0.866641 0.880223
0.890567 0.889525
0.886803 0.898307
0.886134 0.890895
0.886116 0.896625
0.890253 0.890822
0.893249 0.889527
0.891464 0.9039
0.905934 0.898177
0.88932 0.885673
0.885593 0.881682
0.894994 0.895533
0.878314 0.886283
0.879276 0.892927
0.88888 0.886847
0.887014 0.896969
0.872146 0.869317
0.865578 0.869229
0.872809 0.875152
0.882966 0.88498
0.871917 0.891405
0.897282 0.894741
0.895625 0.905058
0.90069 0.906865
0.88778 0.894579
0.893041 0.901286
0.889539 0.889378
0.886259 0.892826
0.893423 0.882824
0.878092 0.873734
0.86316 0.866022
0.883744 0.875268
0.880063 0.880107
0.887874 0.886935
0.88152 0.891548
0.871961 0.872985
0.890435 0.88235
0.895275 0.898296
0.876133 0.896338
0.889714 0.893122
0.884567 0.885243
0.884382 0.884729
0.887584 0.886491
0.881517 0.882412
0.887098 0.89141
0.894405 0.902047
0.887282 0.896194
0.886617 0.881998
0.884374 0.892471
0.879417 0.878969
0.87295 0.877131
0.88352 0.876312
0.888083 0.885864
0.890431 0.888346
0.891015 0.892888
0.884876 0.883081
0.877064 0.886125
0.880439 0.889057
0.884046 0.888939
0.873835 0.87417
0.872451 0.862724
0.864923 0.85809
0.863701 0.877014
0.85315 0.870592
0.877175 0.888119
0.87433 0.876896
0.876732 0.876451
0.87992 0.880465
0.873695 0.875367
0.867258 0.871908
0.885438 0.887976
0.888259 0.882524
0.867586 0.890684
0.867213 0.883629
0.87932 0.867314
0.877901 0.885975
0.883817 0.87786
0.878316 0.879458
0.888488 0.886982
0.873532 0.890482
0.874164 0.862279
0.871634 0.879472
0.874296 0.870348
0.890589 0.882888
0.899588 0.892356
0.888067 0.869243
0.876641 0.885075
0.889436 0.88394
0.873387 0.871728
0.872825 0.862908
0.863559 0.8613
0.871941 0.873656
0.886293 0.881093
0.883058 0.879741
0.882537 0.880651
0.859642 0.862232
0.876593 0.891404
0.864527 0.875516
0.881475 0.868232
0.870142 0.881086
0.872283 0.890924
0.866289 0.863992
0.870811 0.867188
0.889954 0.873942
0.883489 0.863007
0.891376 0.887264
0.876664 0.890653
0.884743 0.891553
0.879911 0.873087
0.891043 0.885451
0.873174 0.884461
0.862404 0.868904
0.852845 0.850519
0.851134 0.847722
0.851911 0.858479
0.866474 0.867275
0.859455 0.886742
0.870064 0.888718
0.86658 0.860534
0.868119 0.873864
0.871003 0.870867
0.863099 0.865607
0.857563 0.861729
0.839076 0.857701
0.851506 0.864631
0.878482 0.866338
0.863986 0.87771
0.868956 0.860448
0.869349 0.853494
0.872688 0.87342
0.864076 0.889522
0.891289 0.874599
0.881295 0.884642
0.887916 0.884245
0.880941 0.881484
0.870807 0.871675
0.88912 0.878974
0.882266 0.876962
0.895411 0.894499
0.894381 0.892766
0.872024 0.886588
0.868219 0.873386
0.835815 0.860022
0.858841 0.858439
0.856338 0.852834
0.876377 0.871494
0.880251 0.869623
0.870125 0.883043
0.882566 0.86934
0.870094 0.883058
0.861257 0.869923
0.86524 0.872694
0.876716 0.866577
0.876467 0.89383
0.86723 0.871706
0.838859 0.855937
0.843814 0.844357
0.878788 0.858598
0.872893 0.859573
0.880118 0.887513
0.876465 0.874939
0.884359 0.88103
0.888865 0.891462
0.884185 0.880644
0.874166 0.870517
0.888196 0.881415
0.897197 0.881552
0.894699 0.873476
0.890167 0.887668
0.894907 0.888127
0.880225 0.879658
0.897062 0.878925
0.88196 0.895419
0.879262 0.87929
0.880247 0.876542
0.873699 0.877908
0.871026 0.890201
0.86684 0.879097
0.897248 0.894098
0.886053 0.888027
0.878776 0.889736
0.877072 0.874832
0.877669 0.848455
0.883545 0.872057
0.874264 0.873244
0.887743 0.875922
0.887647 0.882864
0.88134 0.877912
0.875433 0.890012
0.879422 0.884237
0.885012 0.873934
0.865816 0.88528
0.872464 0.881688
0.886481 0.881383
0.878059 0.865586
0.862328 0.872297
0.883902 0.88651
0.877414 0.883343
0.863248 0.849494
0.875959 0.870786
0.881835 0.885797
0.882135 0.867667
0.870437 0.870563
0.887406 0.888768
0.863437 0.860627
0.867881 0.86914
0.886559 0.885231
0.882294 0.905785
0.888335 0.883516
0.889381 0.89074
0.876682 0.887609
0.878086 0.89011
0.883387 0.888654
0.886815 0.888421
0.889666 0.896456
0.883332 0.884206
0.869617 0.880965
0.886596 0.865774
0.87477 0.881472
0.876805 0.885351
0.87913 0.888886
0.872925 0.882083
0.858974 0.865099
0.877916 0.905388
0.88837 0.894221
0.871465 0.872625
0.89075 0.870282
0.886135 0.871275
0.867614 0.883028
0.883389 0.879156
0.84917 0.868631
0.876013 0.880609
0.877994 0.876137
0.878608 0.894416
0.877116 0.876478
0.861971 0.882107
0.862559 0.865118
0.875149 0.875699
0.872765 0.8824
0.880236 0.86345
0.868585 0.874389
0.871412 0.872877
0.866031 0.855613
0.858545 0.866092
0.877065 0.855339
0.865887 0.859179
0.874799 0.864639
0.87002 0.879947
0.883681 0.880113
0.881982 0.878583
0.876369 0.891053
0.890226 0.878935
0.891097 0.891411
0.877749 0.881272
0.885655 0.887725
0.894775 0.882799
0.882793 0.893968
0.890975 0.881868
0.878932 0.892436
0.883501 0.890835
0.887696 0.885618
0.884225 0.877781
0.899896 0.885675
0.895797 0.893655
0.883365 0.884371
0.889541 0.901224
0.892415 0.900718
0.894929 0.889637
0.909717 0.903776
0.899128 0.908676
0.897881 0.891907
0.892914 0.909572
0.887456 0.893763
0.894356 0.894002
0.883847 0.897364
0.894041 0.891274
0.896314 0.88573
0.888845 0.891596
0.897808 0.875943
0.876208 0.886091
0.868783 0.880719
0.877566 0.884206
0.892801 0.874183
0.871997 0.881497
0.876303 0.897194
0.897449 0.895396
0.872687 0.85084
0.867139 0.873795
0.867171 0.864875
0.879631 0.876852
0.886543 0.873655
0.878851 0.866095
0.890462 0.886915
0.877926 0.87437
0.880951 0.874868
0.880732 0.878243
0.88186 0.873199
0.87067 0.877953
0.88734 0.878965
0.892155 0.884509
0.905553 0.88805
0.894401 0.899569
0.882013 0.879599
0.877977 0.879788
0.869123 0.872851
0.885888 0.88471
0.872393 0.87494
0.882457 0.876659
0.852842 0.864351
0.849486 0.859407
0.861269 0.862922
0.880418 0.868595
0.881165 0.878509
0.862249 0.884712
0.862105 0.864004
0.8765 0.874295
0.872266 0.863628
0.861951 0.869082
0.876733 0.874954
0.883057 0.877799
0.880735 0.869417
0.884043 0.884075
0.887557 0.873915
0.878002 0.887157
0.885452 0.89639
0.873811 0.869808
0.886978 0.879672
0.894112 0.886696
0.903833 0.882063
0.899862 0.887977
0.894744 0.89242
0.889363 0.884208
0.865743 0.876808
0.873343 0.863166
0.850177 0.856846
0.867899 0.867583
0.869728 0.864716
0.876176 0.866422
0.896377 0.878148
0.899519 0.88363
0.899225 0.894809
0.888216 0.867167
0.849977 0.862095
0.851449 0.874935
0.885141 0.878449
0.886318 0.881345
0.88836 0.896597
0.89084 0.893737
0.882874 0.870276
0.885629 0.88769
0.870169 0.884455
0.898922 0.904942
0.873846 0.861067
0.869317 0.878986
0.884249 0.878405
0.892418 0.882968
0.878187 0.886733
0.8799 0.888736
0.884968 0.881292
0.875578 0.875291
0.884533 0.863504
0.875923 0.886347
0.8928 0.881675
0.909002 0.895259
0.901297 0.882115
0.898193 0.875079
0.880578 0.879699
0.887039 0.877213
0.891553 0.883593
0.887539 0.87497
0.891612 0.883381
0.878146 0.893837
0.874782 0.871642
0.881135 0.875136
0.892011 0.870291
0.870634 0.881698
0.875666 0.87608
0.858763 0.883671
0.885231 0.88357
0.877568 0.865782
0.888488 0.871633
0.869103 0.892687
0.897543 0.892127
0.89497 0.88565
0.875112 0.880422
0.876918 0.876766
0.903048 0.897791
0.891288 0.894728
0.89418 0.881952
0.887404 0.878696
0.884094 0.88657
0.859696 0.886849
0.873589 0.884392
0.85585 0.861058
0.867271 0.87092
0.874572 0.881021
0.879915 0.851113
0.864929 0.870005
0.889503 0.881596
0.881099 0.880213
0.86438 0.865043
0.865352 0.867853
0.881483 0.876087
0.882128 0.899226
0.89372 0.88515
0.882066 0.887197
0.905741 0.901451
0.88961 0.897946
0.8832 0.883767
0.891194 0.874064
0.892593 0.88534
0.889726 0.890091
0.871569 0.88693
0.860814 0.865659
0.872912 0.885023
0.876007 0.88008
0.873445 0.867352
0.871054 0.882942
0.844122 0.856657
0.866066 0.849599
0.876062 0.868099
0.866199 0.880961
0.882374 0.871507
0.861733 0.863346
0.87155 0.864494
0.863921 0.869841
0.872751 0.881129
0.853766 0.861157
0.889636 0.885184
0.898796 0.881313
0.878211 0.868018
0.879222 0.884773
0.883174 0.876947
0.868851 0.867242
0.889861 0.884783
0.878878 0.875593
0.866588 0.869491
0.893642 0.884814
0.877608 0.882281
0.886789 0.875564
0.870224 0.883546
0.866417 0.882357
0.895818 0.892001
0.887646 0.905161
0.878545 0.884621
0.86961 0.892475
0.857043 0.864355
0.858703 0.883369
0.837877 0.854821
0.881123 0.862621
0.881452 0.886365
0.88289 0.860895
0.853807 0.860599
0.880062 0.850358
0.871569 0.871762
0.871698 0.89176
0.872141 0.887531
0.887804 0.875274
0.871157 0.878461
0.860595 0.864976
0.870306 0.86847
0.838091 0.84773
0.857085 0.862907
0.871307 0.866531
0.863757 0.878566
0.867088 0.862914
0.867601 0.880918
0.862978 0.87668
0.875424 0.887467
0.884064 0.875845
0.880238 0.859656
0.898551 0.891274
0.877744 0.875297
0.865506 0.865279
0.871783 0.863179
0.873157 0.872903
0.867577 0.879106
0.877739 0.876222
0.886374 0.882589
0.874429 0.891724
0.884955 0.888331
0.867435 0.848684
0.872134 0.859126
0.875648 0.866601
0.861855 0.871969
0.851677 0.864306
0.864508 0.865136
0.872902 0.870669
0.844712 0.853283
0.853571 0.855931
0.849719 0.876419
0.861518 0.85312
0.858627 0.846059
0.875995 0.865027
0.861097 0.862014
0.869573 0.867062
0.873683 0.873822
0.884218 0.884974
0.896794 0.890476
0.897244 0.881501
0.883162 0.871463
0.86704 0.870074
0.883722 0.895274
0.889515 0.88426
0.888438 0.885602
0.874122 0.880653
0.875735 0.865116
0.890168 0.892096
0.890838 0.890963
0.896329 0.905961
0.903323 0.900774
0.889011 0.896975
0.901251 0.895916
0.896475 0.894924
0.886155 0.891711
0.884709 0.880344
0.872046 0.881881
0.876559 0.873533
0.888654 0.892691
0.90164 0.904398
0.885617 0.895024
0.87977 0.885602
0.882219 0.880358
0.879554 0.867791
0.891981 0.87667
0.862558 0.868288
0.866681 0.864774
0.851148 0.852716
0.878503 0.867637
0.893695 0.875699
0.886655 0.874435
0.887004 0.886318
0.895252 0.897678
0.886728 0.895458
0.880157 0.890819
0.895227 0.889358
0.890279 0.896244
0.882463 0.880684
0.885814 0.880628
0.882632 0.886366
0.866009 0.861597
0.879536 0.873246
0.867135 0.871477
0.881054 0.885487
0.863102 0.861363
0.858207 0.853178
0.845666 0.86207
0.875694 0.878846
0.869965 0.882117
0.89489 0.880842
0.888974 0.880041
0.875051 0.876653
0.846014 0.846932
0.861646 0.849049
0.872997 0.876346
0.861078 0.864148
0.888804 0.877015
0.878277 0.888784
0.88556 0.881205
0.894359 0.905783
0.88872 0.878541
0.878565 0.887851
0.883748 0.879587
0.864229 0.868497
0.882662 0.886766
0.868359 0.874481
0.875039 0.873618
0.877537 0.876885
0.880339 0.88211
0.872876 0.891594
0.887449 0.875821
0.868426 0.876073
0.867532 0.874169
0.889148 0.891889
0.865519 0.87364
0.865586 0.870528
0.859778 0.871057
0.888573 0.885232
0.86528 0.895156
0.886616 0.891933
0.883478 0.887461
0.899185 0.88522
0.896499 0.877943
0.877125 0.86236
0.876561 0.867279
0.861597 0.882975
0.862261 0.886479
0.883253 0.884795
0.87849 0.89064
0.885183 0.877648
0.87011 0.865259
0.867146 0.859555
0.87765 0.880312
0.887554 0.889096
0.881702 0.893702
0.886849 0.898897
0.878554 0.890101
0.889731 0.872138
0.884212 0.881676
0.875625 0.885988
0.881894 0.874433
0.863674 0.874114
0.877502 0.854625
0.864079 0.870631
0.867992 0.873232
0.873506 0.870171
0.884661 0.883993
0.892148 0.88887
0.90293 0.899221
0.887991 0.866798
0.891195 0.874856
0.875929 0.872503
0.871491 0.878135
0.854066 0.87709
0.861278 0.856375
0.870736 0.882177
0.876897 0.889865
0.86913 0.879427
0.865604 0.854255
0.85382 0.862948
0.85474 0.879735
0.88243 0.850176
0.856422 0.866714
0.870672 0.886762
0.879367 0.877692
0.866311 0.870885
0.857468 0.86861
0.86111 0.875537
0.862255 0.867436
0.873994 0.891709
0.874607 0.860665
0.865343 0.85704
0.879807 0.85903
0.849776 0.86397
0.864746 0.862846
0.872735 0.87464
0.87168 0.868709
0.876117 0.853767
0.878309 0.86417
0.884377 0.851784
0.88517 0.879895
0.88731 0.866394
0.879588 0.885451
0.868517 0.890319
0.867157 0.868837
0.890115 0.875212
0.90171 0.866166
0.895794 0.872985
0.892981 0.885226
0.873111 0.887038
0.887806 0.889828
0.880045 0.88501
0.891937 0.876583
0.887793 0.892883
0.881912 0.888577
0.874694 0.900149
0.895025 0.891374
0.86765 0.876121
0.871985 0.873755
0.873929 0.86552
0.881412 0.889686
0.882799 0.885924
0.878903 0.88748
0.891046 0.891173
0.893885 0.888261
0.889516 0.898826
0.877994 0.886722
0.867578 0.878941
0.862653 0.8724
0.872625 0.86891
0.86921 0.866094
0.87333 0.869098
0.875658 0.878531
0.864193 0.872541
0.864693 0.862257
0.841227 0.863402
0.848336 0.870591
0.869159 0.871346
0.880454 0.864024
0.87485 0.856343
0.878221 0.86774
0.87039 0.883268
0.868936 0.852424
0.887119 0.864507
0.8754 0.865657
0.872236 0.882521
0.87511 0.871705
0.877435 0.881718
0.881543 0.880113
0.89284 0.886083
0.893163 0.889056
0.877907 0.872599
0.862932 0.875754
0.861108 0.858609
0.87954 0.859394
0.864022 0.86568
0.858848 0.863175
0.868666 0.873887
0.868555 0.846918
0.877616 0.883948
0.880219 0.89055
0.880418 0.887652
0.883828 0.88665
0.887798 0.869723
0.876169 0.88522
0.874788 0.878795
0.879723 0.881782
0.862206 0.880167
0.882272 0.874632
0.871723 0.877788
0.887576 0.889594
0.88771 0.875462
0.884188 0.876307
0.884011 0.890225
0.894735 0.879009
0.890625 0.88222
0.887219 0.885933
0.874906 0.893062
0.884106 0.886214
0.894475 0.890611
0.892373 0.886822
0.894903 0.898056
0.896681 0.902231
0.901908 0.904644
0.881253 0.891477
0.884393 0.877253
0.882675 0.890583
0.889783 0.894947
0.876489 0.867761
0.864339 0.872182
0.886161 0.891914
0.885831 0.888919
0.894122 0.878582
0.87686 0.887212
0.89112 0.876779
0.876528 0.889118
0.879097 0.882877
0.876417 0.866169
0.857846 0.858637
0.861974 0.85975
0.874969 0.879921
0.879915 0.885743
0.8939 0.879456
0.888092 0.869944
0.90781 0.885738
0.898875 0.880616
0.897454 0.897493
0.886771 0.880309
0.870864 0.875413
0.872039 0.873618
0.869369 0.887687
0.882111 0.879481
0.87963 0.873285
0.871876 0.879628
0.875047 0.880912
0.863472 0.879307
0.87127 0.889086
0.872107 0.879175
0.873187 0.871245
0.884192 0.887805
0.890641 0.886804
0.882028 0.886073
0.900787 0.894965
0.866983 0.889035
0.866847 0.864571
0.879075 0.875991
0.860964 0.863485
0.875866 0.859624
0.871783 0.865727
0.862191 0.867668
0.882406 0.867214
0.866319 0.880918
0.870797 0.882811
0.872597 0.887415
0.873251 0.881543
0.897011 0.894276
0.89745 0.883818
0.891467 0.892537
0.876389 0.860864
0.876773 0.880057
0.875862 0.868492
0.875857 0.880645
0.875371 0.864903
0.878917 0.86429
0.874959 0.862911
0.881171 0.88978
0.864558 0.854329
0.847289 0.877298
0.857732 0.892894
0.878581 0.884418
0.868605 0.861872
0.866339 0.864425
0.87644 0.86685
0.853193 0.85095
0.883568 0.869917
0.875797 0.862706
0.881663 0.867861
0.886859 0.880133
0.887304 0.884317
0.88102 0.86502
0.85501 0.860954
0.847903 0.85374
0.863759 0.874195
0.885001 0.87487
0.862178 0.866237
0.883275 0.879121
0.87788 0.862597
0.866373 0.864363
0.873172 0.862918
0.885628 0.864648
0.886249 0.878987
0.879438 0.870686
0.871604 0.862828
0.871153 0.881827
0.874469 0.867336
0.875724 0.868516
0.855003 0.871542
0.864278 0.867304
0.879752 0.879949
0.867972 0.863644
0.873478 0.871371
0.872991 0.876331
0.876578 0.875217
0.887709 0.880301
0.883465 0.866371
0.871912 0.85832
0.890302 0.869061
0.890142 0.882274
0.892998 0.876896
0.877437 0.87963
0.864361 0.870669
0.890535 0.891883
0.872287 0.875024
0.864135 0.874975
0.858751 0.875898
0.86462 0.866661
0.881055 0.875989
0.888666 0.886815
0.880189 0.8703
0.856799 0.86621
0.872162 0.852421
0.85902 0.85758
0.877265 0.885182
0.872663 0.884344
0.871395 0.870997
0.879319 0.874156
0.886944 0.884537
0.886178 0.883796
0.877112 0.893448
0.870351 0.870959
0.842321 0.834091
0.838216 0.858796
0.866476 0.846925
0.863005 0.867963
0.877419 0.877614
0.861485 0.860503
0.862314 0.858394
0.859408 0.846137
0.881795 0.870022
0.870451 0.8682
0.876838 0.876024
0.881592 0.883593
0.85249 0.866656
0.868645 0.86563
0.883454 0.872775
0.862616 0.866044
0.866629 0.863347
0.881765 0.883871
0.863919 0.882468
0.85187 0.865717
0.864768 0.883302
0.887764 0.89499
0.886817 0.897438
0.884559 0.890031
0.89462 0.895441
0.893653 0.884294
0.879519 0.881823
0.867357 0.894596
0.895949 0.893201
0.901488 0.894789
0.894199 0.903975
0.890764 0.893673
0.892388 0.883744
0.87616 0.881855
0.879545 0.893709
0.88449 0.881288
0.870057 0.860101
0.871764 0.884756
0.878174 0.882987
0.880843 0.867372
0.886608 0.884393
0.888934 0.891188
0.894628 0.880764
0.888418 0.888267
0.871426 0.877383
0.877752 0.883563
0.877901 0.852323
0.879139 0.892747
0.88602 0.885408
0.881589 0.872007
0.875838 0.883285
0.855297 0.850729
0.868107 0.873647
0.8882 0.877511
0.87919 0.879205
0.879567 0.86711
0.869107 0.874006
0.882425 0.870117
0.879027 0.878731
0.885343 0.871247
0.863783 0.881088
0.880433 0.889252
0.881422 0.891582
0.885468 0.885504
0.877442 0.882511
0.86866 0.869917
0.864416 0.8687
0.87395 0.887059
0.895969 0.905013
0.891961 0.898486
0.885988 0.900021
0.879875 0.885989
0.876437 0.869734
0.84342 0.880013
0.862372 0.886113
0.885575 0.89571
0.888564 0.891555
0.892714 0.892264
0.902175 0.906552
0.891022 0.879473
0.898456 0.900926
0.889504 0.894757
0.892697 0.888128
0.89713 0.8868
0.880287 0.877369
0.875684 0.883144
0.891852 0.879176
0.887423 0.883529
0.891588 0.870455
0.885178 0.887387
0.878194 0.881314
0.872557 0.875978
0.85389 0.868231
0.881813 0.866589
0.868567 0.888012
0.875001 0.881814
0.863648 0.875847
0.854075 0.850968
0.865104 0.870277
0.875349 0.88586
0.897452 0.885079
0.898938 0.888406
0.897385 0.895674
0.887712 0.881375
0.907182 0.894649
0.879614 0.88879
0.894399 0.894808
0.876392 0.888781
0.872367 0.879416
0.882494 0.876788
0.865148 0.872044
0.863968 0.877992
0.86604 0.871614
0.872744 0.873882
0.882695 0.887804
0.89069 0.897793
0.875197 0.895937
0.882091 0.863217
0.891266 0.891676
0.878725 0.894573
0.889815 0.895606
0.886372 0.871727
0.85375 0.844978
0.879641 0.864328
0.889231 0.879101
0.862765 0.867224
0.87286 0.879032
0.869173 0.877532
0.873324 0.876377
0.892747 0.883919
0.870272 0.877509
0.864278 0.872943
0.885696 0.882354
0.854942 0.875754
0.867828 0.879955
0.888407 0.85716
0.884158 0.87602
0.8877 0.884359
0.882386 0.880273
0.889647 0.886581
0.890375 0.894127
0.873328 0.86171
0.870971 0.87843
0.869251 0.865981
0.866357 0.871834
0.881632 0.869851
0.860672 0.859048
0.862568 0.864215
0.861498 0.861051
0.875274 0.858018
0.879465 0.867232
0.870814 0.889211
0.875391 0.878032
0.867802 0.871855
0.864491 0.871773
0.860272 0.861707
0.861469 0.85106
0.861478 0.862814
0.860655 0.860715
0.859134 0.86043
0.870343 0.879683
0.874235 0.874123
0.858118 0.860373
0.86803 0.881597
0.866262 0.849812
0.867801 0.847838
0.866497 0.8653
0.873684 0.855357
0.888316 0.87634
0.898677 0.879302
0.874131 0.884949
0.885293 0.901144
0.868616 0.885644
0.882163 0.897876
0.88175 0.891183
0.858695 0.891672
0.861989 0.876228
0.868705 0.884278
0.877631 0.846844
0.877105 0.860636
0.865198 0.876704
0.867939 0.867741
0.890673 0.886196
0.873431 0.882334
0.883207 0.877752
0.874549 0.882082
0.875067 0.878656
0.861433 0.864276
0.860955 0.881635
0.866442 0.854213
0.869862 0.878963
0.870191 0.894617
0.888283 0.893088
0.880625 0.885656
0.874842 0.890503
0.875369 0.881974
0.883228 0.889706
0.886058 0.892137
0.883761 0.89148
0.888896 0.890127
0.869154 0.889256
0.86575 0.887639
0.864686 0.872611
0.870316 0.86899
0.871267 0.874524
0.87833 0.858254
0.871081 0.859609
0.892336 0.881319
0.858327 0.873455
0.864362 0.873689
0.878195 0.883872
0.864607 0.879863
0.858338 0.870262
0.860129 0.856781
0.867633 0.861841
0.876462 0.853073
0.85728 0.851175
0.872859 0.855285
0.85921 0.862716
0.873942 0.865979
0.865405 0.878484
0.897412 0.896703
0.904578 0.880034
0.888047 0.878527
0.872759 0.864009
0.871481 0.869658
0.865274 0.881481
0.864144 0.874827
0.875227 0.866758
0.861942 0.868309
0.858088 0.853727
0.872009 0.862436
0.862118 0.871485
0.880173 0.857677
0.87164 0.855852
0.871451 0.876781
0.861927 0.873688
0.877447 0.881277
0.873401 0.882999
0.852808 0.861695
0.875254 0.877498
0.867045 0.862188
0.864878 0.856475
0.872177 0.880638
0.877065 0.873444
0.848594 0.835021
0.849877 0.830645
0.860329 0.84412
0.896071 0.900214
0.877041 0.889534
0.86719 0.873494
0.878079 0.879572
0.88133 0.884253
0.874913 0.870716
0.872748 0.875725
0.903026 0.869298
0.893363 0.87908
0.89124 0.879094
0.885863 0.886795
0.875659 0.890526
0.896707 0.897347
0.895947 0.880564
0.902712 0.895349
0.911913 0.895226
0.895238 0.897083
0.889012 0.882953
0.87671 0.875175
0.87088 0.881508
0.858369 0.866743
0.863141 0.879507
0.876517 0.863666
0.886394 0.882143
0.880359 0.870318
0.8764 0.892769
0.880945 0.884138
0.880148 0.88143
0.879557 0.87425
0.887878 0.893278
0.879643 0.879454
0.868914 0.88311
0.87257 0.86961
0.886919 0.878229
0.887021 0.866599
0.870719 0.867553
0.882308 0.88391
0.8899 0.890147
0.882697 0.879469
0.882091 0.873608
0.877259 0.87817
0.87999 0.858882
0.866038 0.861778
0.86891 0.852161
0.890528 0.875362
0.861238 0.879636
0.853723 0.862687
0.870816 0.881683
0.869371 0.877554
0.874915 0.876142
0.880218 0.858938
0.888462 0.884655
0.866717 0.887924
0.859952 0.885995
0.88557 0.880784
0.890382 0.885745
0.888466 0.887137
0.890634 0.884489
0.874208 0.882099
0.868244 0.870873
0.900014 0.899957
0.893601 0.890052
0.874122 0.856118
0.861458 0.869899
0.870464 0.869707
0.873488 0.872148
0.871767 0.896711
0.881283 0.877463
0.879488 0.885893
0.885666 0.882256
0.885361 0.890384
0.890574 0.884933
0.875093 0.875586
0.871102 0.879793
0.87811 0.876406
0.905957 0.893361
0.889392 0.893231
0.882267 0.884613
0.885101 0.886744
0.875154 0.871642
0.882082 0.881752
0.876137 0.880843
0.886185 0.89491
0.881917 0.887394
0.860962 0.871457
0.864791 0.880583
0.881678 0.89865
0.892422 0.900783
0.896758 0.888037
0.886359 0.875466
0.872347 0.878994
0.883175 0.881705
0.896116 0.899945
0.892479 0.893431
0.875843 0.874849
0.89493 0.891314
0.888214 0.884421
0.886641 0.872941
0.877949 0.867646
0.873242 0.854564
0.869603 0.860056
0.880883 0.877022
0.889119 0.890367
0.883552 0.883967
0.874774 0.872993
0.868098 0.892421
0.878784 0.889226
0.88018 0.904113
0.887076 0.875538
0.867352 0.874875
0.856465 0.875804
0.863097 0.888248
0.875477 0.897946
0.87717 0.868004
0.89544 0.894202
0.887028 0.882741
0.856156 0.855773
0.868814 0.877224
0.87108 0.854825
0.862727 0.858955
0.878899 0.884501
0.880188 0.858624
0.878014 0.846532
0.861903 0.864282
0.878411 0.872508
0.871267 0.860752
0.88077 0.883592
0.888129 0.882917
0.855668 0.863153
0.866204 0.871396
0.871069 0.884051
0.885939 0.874031
0.873848 0.892499
0.875714 0.866228
0.889694 0.872401
0.878857 0.884196
0.87136 0.877997
0.862388 0.87984
0.869123 0.894075
0.897408 0.897654
0.887237 0.900003
0.884539 0.888867
0.893705 0.891021
0.89111 0.889606
0.889797 0.88642
0.896946 0.908176
0.888062 0.879961
0.858768 0.870295
0.876394 0.884114
0.871562 0.879953
0.848854 0.845404
0.849236 0.858486
0.845958 0.860159
0.874218 0.86023
0.865579 0.876737
0.862739 0.874343
0.874874 0.880505
0.861152 0.880133
0.839823 0.85039
0.847888 0.861078
0.866579 0.865286
0.870764 0.861201
0.867465 0.871597
0.876398 0.863578
0.877669 0.894229
0.884506 0.87995
0.890968 0.859022
0.875031 0.880175
0.881124 0.890209
0.881716 0.866792
0.871432 0.860305
0.86548 0.87303
0.875973 0.860227
0.863979 0.879512
0.892828 0.888135
0.885206 0.880278
0.898197 0.886759
0.88592 0.886604
0.883648 0.882954
0.881825 0.866647
0.862569 0.850407
0.882141 0.874394
0.875241 0.877818
0.885934 0.894391
0.87641 0.892947
0.870737 0.876511
0.882898 0.86743
0.881468 0.874797
0.866 0.861971
0.875441 0.868796
0.883823 0.860908
0.892636 0.894843
0.862623 0.872514
0.873762 0.879643
0.900082 0.885346
0.869819 0.869387
0.87407 0.879341
0.872158 0.865522
0.882547 0.871913
0.881628 0.880572
0.877674 0.881399
0.879654 0.861799
0.866095 0.877733
0.871689 0.868703
0.874202 0.878806
0.893755 0.903463
0.89152 0.901358
0.886166 0.896125
0.895555 0.903049
0.88715 0.909832
0.894389 0.90395
0.894584 0.900702
0.898386 0.899431
0.894053 0.872411
0.887321 0.89277
0.860927 0.886236
0.873642 0.871931
0.878012 0.857576
0.865648 0.856051
0.885679 0.858328
0.846665 0.844301
0.840879 0.845738
0.864163 0.848475
0.867584 0.862209
0.853931 0.851082
0.823276 0.847916
0.841617 0.838234
0.871844 0.870679
0.867116 0.876638
0.865113 0.85893
0.870249 0.852844
0.88167 0.859914
0.897604 0.865305
0.86695 0.871345
0.875812 0.86859
0.861726 0.873694
0.875992 0.88671
0.881868 0.888863
0.871962 0.87379
0.867543 0.872831
0.876721 0.841479
0.864549 0.847269
0.862608 0.857527
0.872709 0.871808
0.878549 0.871228
0.880776 0.874441
0.882091 0.884663
0.892548 0.894393
0.884823 0.892339
0.889416 0.88723
0.891993 0.887603
0.881696 0.892484
0.877784 0.877218
0.900639 0.895195
0.885525 0.887409
0.901189 0.903193
0.894372 0.910782
0.873426 0.87424
0.876917 0.883444
0.881526 0.87825
0.875819 0.886008
0.879299 0.886341
0.886432 0.880405
0.890274 0.884335
0.866704 0.864119
0.872457 0.869071
0.873061 0.861285
0.874867 0.865403
0.861858 0.861675
0.856292 0.838084
0.856124 0.864934
0.85188 0.851864
0.853023 0.853316
0.878077 0.872792
0.866502 0.876561
0.884449 0.880476
0.890413 0.874205
0.883026 0.885736
0.898896 0.879439
0.875888 0.873471
0.871573 0.873986
0.86452 0.875884
0.864502 0.854264
0.873755 0.848628
0.876354 0.867937
0.849868 0.859451
0.873245 0.87672
0.880665 0.866453
0.865395 0.874974
0.867665 0.869482
0.902783 0.885403
0.895248 0.896434
0.883486 0.876561
0.882679 0.873248
0.867391 0.882939
0.887809 0.892006
0.884382 0.895933
0.879421 0.884577
0.879344 0.884023
0.881321 0.892529
0.875002 0.880276
0.881808 0.880795
0.862692 0.89057
0.87779 0.877362
0.864297 0.866784
0.873462 0.85804
0.88204 0.877476
0.875094 0.891927
0.878461 0.859265
0.865312 0.862292
0.853857 0.854854
0.86629 0.884569
0.868128 0.873512
0.869599 0.888448
0.884918 0.892571
0.896068 0.893805
0.893269 0.888124
0.887357 0.889479
0.882312 0.890245
0.882125 0.875606
0.887761 0.869691
0.868717 0.884899
0.895638 0.893927
0.886541 0.87723
0.874233 0.875702
0.884401 0.87786
0.886212 0.887181
0.889469 0.880607
0.892991 0.884667
0.877648 0.899074
0.895867 0.899329
0.863937 0.870612
0.873105 0.884509
0.890768 0.866374
0.886202 0.88685
0.893872 0.884859
0.879589 0.884331
0.88779 0.892932
0.890799 0.890772
0.887311 0.894121
0.858467 0.863752
0.885037 0.875541
0.875044 0.875505
0.880568 0.872646
0.893372 0.894867
0.881425 0.909495
0.896259 0.896874
0.899514 0.892832
0.890708 0.900728
0.879056 0.871605
0.887721 0.883461
0.892795 0.892583
0.871214 0.881913
0.876198 0.870317
0.87509 0.866383
0.854653 0.857532
0.866566 0.85971
0.854258 0.866793
0.855722 0.870576
0.878133 0.869814
0.894264 0.887553
0.877807 0.892919
0.875627 0.868666
0.883951 0.885758
0.854637 0.866197
0.877978 0.884863
0.876573 0.860388
0.868685 0.877987
0.883181 0.883544
0.890475 0.881845
0.889566 0.881751
0.881969 0.881158
0.861019 0.863581
0.865803 0.877628
0.853722 0.877143
0.865886 0.872137
0.883496 0.876447
0.878885 0.87785
0.869507 0.863333
0.844359 0.839932
0.855574 0.852157
0.842428 0.847244
0.853907 0.857431
0.861391 0.849848
0.892748 0.878604
0.881151 0.882721
0.887456 0.880003
0.886799 0.894392
0.900483 0.890815
0.906521 0.875896
0.865924 0.865761
0.887943 0.883087
0.8822 0.879298
0.883275 0.882734
0.882062 0.872701
0.87454 0.863447
0.878684 0.881514
0.874981 0.88463
0.894455 0.879996
0.898889 0.887904
0.887382 0.898295
0.885443 0.886147
0.881686 0.895946
0.883625 0.892654
0.881053 0.871681
0.873382 0.874983
0.894423 0.886306
0.890437 0.889603
0.888744 0.882899
0.877382 0.86825
0.872262 0.883905
0.891164 0.865138
0.867773 0.868797
0.876544 0.859854
0.872814 0.877498
0.881801 0.878608
0.877554 0.891206
0.884451 0.895526
0.886257 0.888795
0.862486 0.883725
0.867522 0.892555
0.899584 0.873547
0.901291 0.878528
0.881736 0.877942
0.874918 0.884668
0.876334 0.881786
0.879699 0.893239
0.875544 0.885102
0.888778 0.883448
0.878771 0.885926
0.886205 0.887304
0.88655 0.896698
0.89492 0.883508
0.875065 0.873544
0.868258 0.850149
0.877634 0.89167
0.85991 0.866598
0.874891 0.853662
0.88998 0.865684
0.871204 0.866821
0.872896 0.878358
0.876092 0.87361
0.852341 0.852198
0.865258 0.846206
0.861831 0.857165
0.85606 0.848161
0.866989 0.871635
0.870167 0.876217
0.881706 0.885026
0.874531 0.881858
0.851184 0.864476
0.875917 0.883822
0.872386 0.869692
0.874331 0.869019
0.876449 0.879469
0.872367 0.877363
0.881673 0.860112
0.882829 0.879714
0.870042 0.875591
0.889772 0.873815
0.859635 0.884353
0.867607 0.882607
0.892534 0.883423
0.880078 0.874199
0.877469 0.876786
0.873757 0.868934
0.887862 0.891453
0.880086 0.880851
0.884922 0.880007
0.884605 0.883585
0.885572 0.88737
0.884656 0.891036
0.885006 0.887263
0.887269 0.88728
0.893623 0.882064
0.88005 0.890101
0.874586 0.884236
0.882308 0.873149
0.872496 0.875356
0.880159 0.887563
0.874943 0.874733
0.863077 0.862534
0.852534 0.850891
0.86609 0.847876
0.846334 0.851726
0.853327 0.865092
0.884627 0.874699
0.873158 0.869849
0.864012 0.880272
0.863758 0.853573
0.859566 0.862808
0.86286 0.855446
0.877303 0.869874
0.875237 0.864954
0.868333 0.863944
0.848888 0.846319
0.868813 0.864393
0.861107 0.865266
0.861349 0.852332
0.862138 0.85683
0.853799 0.857027
0.884243 0.879062
0.876052 0.858497
0.866093 0.843054
0.838063 0.864128
0.885365 0.881688
0.857684 0.859475
0.853767 0.86953
0.847466 0.848245
0.875645 0.86658
0.892438 0.881697
0.886721 0.879314
0.88067 0.892179
0.887144 0.88
0.871834 0.884103
0.887422 0.882201
0.895961 0.889942
0.873952 0.885764
0.897461 0.892488
0.888806 0.892088
0.883011 0.873713
0.890544 0.882411
0.88497 0.887988
0.875857 0.878222
0.862567 0.872721
0.888018 0.870006
0.879684 0.881087
0.829821 0.867209
0.861571 0.859744
0.853957 0.854468
0.841013 0.850097
0.878524 0.882435
0.879264 0.875151
0.87411 0.868415
0.879958 0.875155
0.889843 0.872497
0.891167 0.87985
0.883673 0.868385
0.888871 0.874435
0.88312 0.881751
0.900265 0.883755
0.87808 0.893666
0.892561 0.898818
0.871698 0.879885
0.876153 0.874294
0.874219 0.89042
0.861704 0.87821
0.901675 0.891935
0.875414 0.88365
0.88856 0.870263
0.877088 0.875906
0.883515 0.883171
0.852033 0.876205
0.868452 0.860761
0.882921 0.874266
0.864906 0.861662
0.877804 0.880854
0.888239 0.877825
0.881341 0.878041
0.873669 0.890304
0.875933 0.893095
0.880286 0.869629
0.871915 0.870996
0.847189 0.857582
0.864377 0.849049
0.870373 0.858037
0.881581 0.868534
0.857585 0.862903
0.866085 0.864811
0.876601 0.872376
0.87873 0.868857
0.875909 0.868532
0.876271 0.891103
0.879875 0.893119
0.867361 0.876173
0.892438 0.893696
0.894496 0.888704
0.875509 0.888615
0.902322 0.871217
0.889405 0.872748
0.879626 0.874167
0.876035 0.862096
0.858698 0.853419
0.837689 0.866156
0.876978 0.870133
0.867088 0.870964
0.854006 0.863867
0.883602 0.88664
0.903251 0.880236
0.887634 0.887901
0.898732 0.906646
0.894425 0.89352
0.892268 0.884058
0.886183 0.895189
0.86883 0.880399
0.89221 0.883828
0.873013 0.887274
0.87475 0.863455
0.866381 0.874549
0.872774 0.866508
0.866978 0.858564
0.850654 0.846892
0.850285 0.841944
0.859936 0.853833
0.86027 0.868838
0.851752 0.874041
0.874283 0.860771
0.870087 0.867848
0.853296 0.869677
0.8578 0.865262
0.869707 0.879237
0.886175 0.873773
0.888651 0.875901
0.889349 0.87295
0.848791 0.883441
0.862067 0.873709
0.873936 0.874114
0.881395 0.877251
0.86851 0.869073
0.861308 0.865129
0.883487 0.865387
0.889864 0.8808
0.877718 0.878482
0.871577 0.865475
0.851693 0.865881
0.854341 0.87753
0.867627 0.87986
0.883889 0.869818
0.855617 0.866032
0.862218 0.863322
0.868714 0.85883
0.881584 0.857989
0.879195 0.882384
0.871756 0.894856
0.884686 0.872468
0.876542 0.857172
0.883626 0.874316
0.901811 0.875329
0.890509 0.890077
0.895023 0.884893
0.888294 0.869517
0.889052 0.883555
0.869808 0.881753
0.868519 0.89474
0.862243 0.868584
0.876922 0.872101
0.873203 0.882736
0.878741 0.888952
0.883357 0.887098
0.872159 0.872679
0.878739 0.844043
0.869458 0.869075
0.880124 0.8856
0.880815 0.881808
0.886412 0.879134
0.87152 0.887323
0.881821 0.883756
0.885167 0.89036
0.880662 0.895751
0.861558 0.874714
0.863421 0.870581
0.884989 0.867942
0.882344 0.87834
0.882431 0.873033
0.870892 0.888991
0.867653 0.855697
0.862103 0.857469
0.855585 0.855158
0.872021 0.868148
0.861142 0.871635
0.856909 0.86194
0.85495 0.86291
0.856427 0.85497
0.861455 0.84201
0.855165 0.863767
0.83673 0.85544
0.854118 0.846031
0.873515 0.874206
0.8637 0.884657
0.855332 0.874961
0.889872 0.887799
0.882001 0.899708
0.88133 0.882856
0.89377 0.89641
0.88388 0.88893
0.884248 0.885339
0.87794 0.894289
0.882151 0.881804
0.878521 0.894086
0.863688 0.884888
0.877479 0.871956
0.861574 0.870986
0.873103 0.869133
0.867435 0.867612
0.889352 0.882015
0.895452 0.899169
0.886596 0.870524
0.898208 0.890409
0.882446 0.878399
0.8751 0.87243
0.867599 0.866377
0.851431 0.862932
0.855489 0.871377
0.885589 0.880333
0.869003 0.865472
0.861163 0.853524
0.850698 0.840823
0.844202 0.856233
0.870471 0.8681
0.869038 0.888753
0.889342 0.881813
0.883512 0.87907
0.870167 0.878054
0.870764 0.847548
0.852451 0.853699
0.849623 0.837835
0.862503 0.849929
0.850203 0.862206
0.848873 0.838565
0.851455 0.837351
0.84627 0.867081
0.863563 0.845086
0.873374 0.85953
0.865992 0.87122
0.88229 0.891575
0.887913 0.884997
0.87226 0.879816
0.894201 0.889687
0.867508 0.865196
0.873635 0.86478
0.872689 0.877836
0.894792 0.895752
0.898447 0.890776
0.892307 0.869618
0.892828 0.890015
0.86941 0.871823
0.882879 0.887987
0.888654 0.879533
0.883246 0.878378
0.89305 0.889905
0.903621 0.89192
0.866956 0.874836
0.875015 0.877177
0.882016 0.868963
0.891522 0.891121
0.889257 0.89011
0.885507 0.888549
0.886583 0.874051
0.872646 0.860767
0.882645 0.885587
0.878111 0.870871
0.891303 0.871273
0.876531 0.876648
0.867697 0.874874
0.850274 0.850189
0.861644 0.852953
0.852793 0.854468
0.873474 0.857721
0.857119 0.859355
0.851654 0.850809
0.850779 0.863313
0.8743 0.865567
0.860871 0.864452
0.868061 0.863377
0.871184 0.857593
0.854097 0.861836
0.85274 0.847882
0.841487 0.838166
0.857916 0.846004
0.857642 0.872703
0.861041 0.86934
0.878062 0.880731
0.891591 0.887639
0.874671 0.871659
0.87711 0.882027
0.880547 0.872954
0.85941 0.848681
0.873043 0.874215
0.888846 0.894482
0.901034 0.892654
0.885567 0.891056
0.883051 0.888709
0.897862 0.888676
0.907624 0.895924
0.901054 0.895409
0.89261 0.878649
0.882476 0.898499
0.892639 0.891773
0.885663 0.887394
0.873765 0.882137
0.877157 0.852958
0.882476 0.866764
0.878793 0.871691
0.89492 0.884237
0.889817 0.872345
0.885041 0.888087
0.858538 0.858671
0.862781 0.86218
0.872248 0.879611
0.870988 0.859898
0.866547 0.853633
0.872751 0.860386
0.873015 0.874496
0.868409 0.874671
0.873804 0.857095
0.855056 0.85302
0.83392 0.839086
0.838026 0.843125
0.845069 0.850895
0.829994 0.845233
0.857528 0.880801
0.87097 0.875677
0.892381 0.887404
0.903751 0.893485
0.868802 0.882516
0.8784 0.88128
0.874969 0.880515
0.868258 0.873461
0.842128 0.850766
0.863843 0.847905
0.844494 0.848238
0.836592 0.836502
0.834378 0.847924
0.858443 0.857822
0.856327 0.856623
0.846572 0.845148
0.831248 0.831623
0.860669 0.85165
0.837755 0.851346
0.867497 0.872005
0.869706 0.861212
0.885338 0.867488
0.869477 0.865172
0.882022 0.872135
0.884709 0.861255
0.873843 0.887388
0.856613 0.874873
0.865914 0.874935
0.881298 0.871621
0.865101 0.874692
0.880058 0.895627
0.887747 0.889104
0.877421 0.898742
0.887118 0.87886
0.875391 0.871679
0.876943 0.876366
0.88095 0.881529
0.879748 0.894187
0.877206 0.882328
0.900101 0.902734
0.899221 0.881147
0.888718 0.876094
0.88618 0.884819
0.879834 0.871443
0.884796 0.878275
0.881889 0.87122
0.882238 0.877256
0.884631 0.876408
0.87476 0.874454
0.887116 0.890206
0.879287 0.877536
0.889781 0.88576
0.870348 0.894056
0.855583 0.85315
0.851153 0.87041
0.869323 0.873688
0.874306 0.876392
0.878071 0.878991
0.890721 0.880509
0.88846 0.885285
0.897736 0.895273
0.89247 0.892845
0.894672 0.867735
0.888484 0.893309
0.886795 0.88266
0.876253 0.873529
0.868845 0.873903
0.881789 0.878344
0.862891 0.86548
0.870731 0.86925
0.883256 0.873401
0.868034 0.859364
0.891122 0.879469
0.887118 0.876834
0.877364 0.88158
0.86581 0.879463
0.87335 0.865008
0.887462 0.872487
0.878287 0.887666
0.879344 0.860582
0.886164 0.864948
0.88418 0.866698
0.891494 0.885446
0.869709 0.880514
0.878733 0.88785
0.861264 0.882797
0.874711 0.870072
0.874446 0.884314
0.895231 0.880348
0.885921 0.887063
0.889215 0.876291
0.87632 0.888645
0.885628 0.884014
0.871545 0.871281
0.863095 0.857332
0.865991 0.887633
0.884139 0.874677
0.880858 0.874231
0.878754 0.877095
0.872385 0.873392
0.892702 0.889774
0.894627 0.892533
0.892069 0.893068
0.881552 0.881898
0.885853 0.886978
0.889321 0.893066
0.88432 0.886017
0.892372 0.896909
0.897838 0.872878
0.895577 0.891455
0.881863 0.890429
0.878818 0.887663
0.888158 0.885073
0.868664 0.872639
0.882285 0.876468
0.881156 0.884685
0.874812 0.886924
0.890879 0.901128
0.859176 0.878601
0.85573 0.8552
0.865811 0.849923
0.885954 0.86869
0.880814 0.891231
0.866561 0.870699
0.877491 0.883945
0.897579 0.885147
0.904634 0.891528
0.894724 0.891728
0.896271 0.879212
0.886734 0.8972
0.892582 0.885378
0.884483 0.873956
0.884533 0.886447
0.894844 0.891867
0.879929 0.878572
0.878017 0.903102
0.876999 0.89889
0.892161 0.890593
0.88698 0.886163
0.880466 0.900436
0.889374 0.882924
0.888202 0.874832
0.890101 0.889946
0.895131 0.884681
0.890268 0.888648
0.873621 0.880623
0.86114 0.872177
0.887813 0.89161
0.877153 0.865208
0.879447 0.865812
0.867492 0.855934
0.871118 0.874753
0.885021 0.876021
0.869466 0.862084
0.872507 0.866257
0.88586 0.883967
0.897647 0.8915
0.883421 0.879985
0.883029 0.880267
0.876366 0.872803
0.880537 0.864578
0.875434 0.872758
0.880284 0.883824
0.890679 0.882539
0.88355 0.878655
0.88127 0.888338
0.881284 0.891986
0.894174 0.892704
0.891486 0.872775
0.879445 0.883249
0.895035 0.893407
0.863597 0.866259
0.873985 0.856129
0.870078 0.868987
0.881427 0.865312
0.889331 0.87738
0.893555 0.889856
0.884921 0.888841
0.896892 0.887978
0.883892 0.886528
0.876603 0.882029
0.864385 0.879548
0.897712 0.877069
0.896889 0.883082
0.874527 0.872739
0.861802 0.867838
0.860558 0.857926
0.866428 0.862755
0.853428 0.855318
0.886758 0.879869
0.888712 0.886955
0.899635 0.863109
0.890269 0.895704
0.883893 0.8647
0.872683 0.873017
0.869812 0.894661
0.901628 0.876887
0.870047 0.888897
0.879823 0.87504
0.896203 0.883117
0.87854 0.866065
0.887151 0.869826
0.863335 0.870203
0.888563 0.882893
0.85768 0.868592
0.872441 0.872238
0.884905 0.881366
0.880384 0.857751
0.892159 0.873955
0.886983 0.899526
0.893289 0.897789
0.889151 0.881533
0.893806 0.882729
0.880657 0.883986
0.861236 0.871679
0.869269 0.852157
0.865075 0.85228
0.864446 0.850564
0.867136 0.870258
0.869539 0.870474
0.856076 0.886601
0.873372 0.881776
0.869559 0.869665
0.884577 0.883167
0.847535 0.866471
0.864621 0.859543
0.853541 0.863279
0.854003 0.861148
0.868176 0.866253
0.87901 0.88403
0.888075 0.87549
0.882002 0.88251
0.867198 0.880226
0.88079 0.872634
0.881729 0.88566
0.873436 0.870924
0.883597 0.892394
0.889215 0.891493
0.878909 0.88887
0.892478 0.861762
0.881306 0.875383
0.899707 0.869765
0.878125 0.875071
0.87994 0.875066
0.894736 0.887819
0.877393 0.87896
0.886639 0.88484
0.890163 0.877744
0.896503 0.892966
0.88488 0.880673
0.889947 0.892996
0.899541 0.884112
0.898682 0.886872
0.890205 0.88893
0.897106 0.892811
0.878601 0.879755
0.883822 0.878203
0.887523 0.886288
0.882775 0.898043
0.893803 0.883361
0.881686 0.864902
0.885527 0.888391
0.89706 0.892965
0.89052 0.883149
0.877641 0.880172
0.889481 0.879848
0.886393 0.881478
0.887228 0.897074
0.898185 0.894087
0.884848 0.899206
0.884204 0.893485
0.887144 0.904386
0.886764 0.884921
0.889389 0.890376
0.891588 0.890843
0.885237 0.88594
0.892538 0.890456
0.882019 0.872807
0.883717 0.891468
0.884371 0.880823
0.905306 0.890328
0.886809 0.897876
0.87032 0.855709
0.88576 0.884476
0.875645 0.893184
0.876747 0.875113
0.875393 0.871635
0.881176 0.879863
0.874777 0.88607
0.860796 0.872155
0.869114 0.862368
0.888138 0.884724
0.864935 0.878032
0.887519 0.881367
0.876346 0.881615
0.872922 0.890404
0.856757 0.8704
0.871779 0.873715
0.872152 0.880124
0.893693 0.881256
0.887188 0.884774
0.900103 0.876847
0.88419 0.882762
0.87227 0.884419
0.860689 0.861097
0.889228 0.870961
0.856134 0.865064
0.872667 0.855035
0.877785 0.857574
0.852462 0.853067
0.876043 0.865827
0.849689 0.876022
0.864938 0.873592
0.862251 0.865014
0.889543 0.870688
0.860784 0.853735
0.88262 0.868417
0.893436 0.87631
0.884153 0.887181
0.884375 0.884894
0.88753 0.870549
0.895541 0.879375
0.884979 0.866341
0.889786 0.882211
0.8833 0.884207
0.894872 0.884062
0.899933 0.900718
0.885097 0.891263
0.902054 0.911739
0.878862 0.88248
0.878161 0.88093
0.881012 0.86985
0.893693 0.887413
0.901031 0.894721
0.888526 0.892395
0.897355 0.882949
0.889328 0.8746
0.888045 0.876758
0.87726 0.866362
0.867226 0.876278
0.867954 0.875235
0.865929 0.876535
0.883105 0.89108
0.870236 0.883131
0.895133 0.877801
0.887455 0.887087
0.88909 0.881496
0.893906 0.901859
0.892516 0.906242
0.894728 0.891095
0.896433 0.897534
0.880466 0.875461
0.86173 0.874284
0.86488 0.881862
0.859539 0.872451
0.869955 0.865764
0.878308 0.86694
0.878908 0.874229
0.894406 0.88756
0.885553 0.891026
0.892728 0.860097
0.904106 0.872323
0.902832 0.896138
0.882306 0.887657
0.888155 0.893504
0.897574 0.888979
0.883015 0.894958
0.886574 0.887794
0.890734 0.892223
0.883121 0.881283
0.872136 0.889536
0.860876 0.88138
0.853788 0.858395
0.867196 0.865066
0.876539 0.864796
0.884898 0.871209
0.86397 0.872705
0.865048 0.856707
0.880761 0.883127
0.884025 0.889347
0.879061 0.872906
0.879024 0.884707
0.876545 0.887031
0.862776 0.887396
0.891416 0.890108
0.8978 0.880857
0.86879 0.898972
0.889605 0.892602
0.877495 0.87557
0.898277 0.884633
0.886288 0.881845
0.880881 0.874609
0.887609 0.892932
0.867409 0.862538
0.874905 0.867948
0.841237 0.870215
0.868336 0.872151
0.871699 0.873381
0.863095 0.860826
0.880512 0.880897
0.882309 0.881093
0.88109 0.872534
0.859818 0.878118
0.87352 0.892036
0.891011 0.899215
0.879556 0.886981
0.886039 0.887438
0.869657 0.878091
0.891835 0.892794
0.892961 0.886236
0.903891 0.875833
0.887145 0.874489
0.881706 0.881838
0.863582 0.870607
0.87376 0.858815
0.879541 0.899893
0.903409 0.893197
0.904766 0.888084
0.889571 0.886616
0.89387 0.89842
0.895929 0.891457
0.889692 0.889366
0.885809 0.894145
0.89452 0.883657
0.901253 0.890498
0.896958 0.884315
0.89413 0.883594
0.879523 0.890365
0.880096 0.880449
0.879697 0.872992
0.882708 0.886446
0.868918 0.866952
0.885413 0.8782
0.878584 0.874487
0.874726 0.875181
0.888757 0.871044
0.868198 0.873813
0.876541 0.873716
0.888493 0.866482
0.882433 0.893201
0.894642 0.890291
0.886689 0.875597
0.888051 0.871485
0.873254 0.872316
0.886175 0.889033
0.88534 0.882706
0.874648 0.864753
0.867088 0.872699
0.875456 0.879246
0.878551 0.874607
0.885088 0.874182
0.873502 0.886521
0.853563 0.860619
0.838882 0.868664
0.862288 0.874267
0.864427 0.867873
0.850228 0.86961
0.868161 0.877731
0.880235 0.874098
0.886495 0.874713
0.874643 0.85431
0.872412 0.860508
0.880775 0.89033
0.864345 0.875923
0.864165 0.883869
0.865594 0.872474
0.861022 0.88169
0.88044 0.881361
0.842959 0.872797
0.863864 0.869291
0.868634 0.863815
0.86529 0.881421
0.867718 0.870148
0.876053 0.872113
0.886612 0.878602
0.895306 0.894801
0.879561 0.878268
0.894483 0.888822
0.89028 0.883896
0.889748 0.90173
0.895059 0.907407
0.900252 0.90436
0.897524 0.901583
0.889159 0.894095
0.891036 0.890368
0.880558 0.887552
0.898199 0.885059
0.865987 0.878313
0.882065 0.866114
0.880622 0.882361
0.875589 0.878169
0.868236 0.871916
0.874696 0.87372
0.868524 0.877831
0.877273 0.881767
0.881925 0.87767
0.893544 0.894708
0.884415 0.873031
0.89026 0.887614
0.888021 0.891123
0.878319 0.882156
0.879012 0.895612
0.88483 0.886768
0.879452 0.862566
0.848429 0.867053
0.884517 0.873395
0.864929 0.861501
0.874829 0.871019
0.867944 0.871953
0.866455 0.87846
0.879371 0.87337
0.861853 0.86876
0.867365 0.856622
0.88182 0.889802
0.889863 0.894552
0.863037 0.869378
0.871753 0.860007
0.866962 0.863333
0.858035 0.863765
0.860963 0.873592
0.869397 0.864022
0.864051 0.851114
0.856791 0.854449
0.877962 0.872986
0.877126 0.893503
0.882188 0.888267
0.89596 0.914326
0.900888 0.889492
0.88436 0.891474
0.887964 0.88959
0.886448 0.890114
0.87934 0.889904
0.885543 0.885718
0.887651 0.894851
0.891543 0.893557
0.884667 0.875551
0.88814 0.887539
0.884216 0.875727
0.899788 0.862226
0.887194 0.878877
0.913886 0.873118
0.881893 0.874435
0.872465 0.860371
0.887849 0.886842
0.88564 0.885278
0.88673 0.894144
0.901775 0.912949
0.907143 0.8895
0.887415 0.885471
0.89247 0.888075
0.878928 0.879255
0.856309 0.878241
0.882822 0.880269
0.881773 0.875533
0.879686 0.873604
0.863521 0.894374
0.87718 0.880187
0.888173 0.882039
0.891712 0.883086
0.881343 0.880227
0.891165 0.877244
0.877366 0.872877
0.866922 0.866116
0.871694 0.888052
0.860395 0.867095
0.882876 0.888291
0.890606 0.896695
0.878801 0.885201
0.873103 0.880166
0.863521 0.870916
0.884162 0.868687
0.871873 0.870358
0.867471 0.873422
0.868443 0.863701
0.884971 0.87371
0.851379 0.855598
0.878683 0.87492
0.873547 0.886908
0.859853 0.855539
0.862822 0.874103
0.860149 0.858787
0.865666 0.861365
0.856002 0.866261
0.869141 0.861557
0.853141 0.878464
0.86493 0.874946
0.875524 0.874033
0.882657 0.878684
0.880827 0.860768
0.866284 0.869753
0.847564 0.858521
0.873802 0.852637
0.856482 0.866847
0.857257 0.862618
0.872881 0.870656
0.883053 0.882463
0.897176 0.891471
0.88743 0.890044
0.885519 0.879626
0.875702 0.883148
0.875838 0.884715
0.876549 0.888781
0.87682 0.859358
0.861064 0.867676
0.866098 0.880572
0.865365 0.86563
0.886502 0.88549
0.87435 0.888114
0.872833 0.871216
0.870398 0.880609
0.875767 0.878789
0.876659 0.867542
0.870204 0.894482
0.877491 0.881263
0.894679 0.893037
0.882299 0.895115
0.874587 0.888183
0.895541 0.893513
0.898379 0.894862
0.871925 0.874744
0.87389 0.872004
0.869088 0.876049
0.850603 0.855501
0.865821 0.871777
0.859276 0.843333
0.844945 0.856961
0.858432 0.878512
0.86774 0.856184
0.878112 0.876339
0.883557 0.872317
0.87947 0.884712
0.880534 0.873288
0.870243 0.87859
0.866565 0.880295
0.863311 0.861583
0.875481 0.870741
0.8582 0.86775
0.878123 0.871585
0.889811 0.877898
0.885306 0.881456
0.881918 0.871662
0.888022 0.868827
0.886412 0.871636
0.897379 0.884931
0.887796 0.879614
0.870729 0.875709
0.858702 0.886937
0.897626 0.900497
0.896856 0.884834
0.884991 0.87782
0.871144 0.871875
0.860043 0.86049
0.871153 0.897801
0.864057 0.874134
0.875373 0.878837
0.868373 0.862507
0.868545 0.872897
0.875161 0.882521
0.865411 0.874298
0.86904 0.88752
0.871939 0.878192
0.887629 0.883568
0.880106 0.850192
0.877313 0.856173
0.882617 0.859805
0.883467 0.886935
0.881014 0.879336
0.877401 0.890417
0.869292 0.871454
0.881506 0.885727
0.886001 0.900179
0.888476 0.884034
0.895963 0.896612
0.88485 0.884479
0.87507 0.893179
0.895021 0.893064
0.882066 0.885419
0.888287 0.889589
0.889875 0.873718
0.883551 0.890094
0.861089 0.858883
0.863067 0.873426
0.894468 0.891996
0.89408 0.891353
0.878875 0.895289
0.885103 0.878801
0.88117 0.88618
0.881795 0.877189
0.860946 0.875913
0.873287 0.886597
0.874115 0.873799
0.874187 0.873225
0.87348 0.849443
0.851519 0.859208
0.87274 0.875286
0.882038 0.869764
0.874138 0.876453
0.889793 0.896175
0.872484 0.861855
0.857086 0.862326
0.874027 0.864727
0.862112 0.865548
0.890466 0.872287
0.88303 0.881642
0.873039 0.880264
0.88575 0.870156
0.874474 0.889034
0.875257 0.892292
0.863833 0.890388
0.87863 0.888451
0.859766 0.890967
0.863442 0.868198
0.879878 0.884545
