1.36727174 0.40907686 0.53327253 0.91249993
2.75278226 0.54573490 0.26321922 0.83795789
2.24395313 0.42072911 1.06440244 0.90718632
3.11829263 0.50078960 1.97872812 0.86556905
3.47339990 0.70468792 -4.84317254 0.70951740
3.50260330 0.50655963 1.10217661 0.86220493
2.42165187 0.81680270 1.32164046 0.57691710
-2.43707841 0.91879848 3.03345132 0.39472693
4.30940396 0.87661436 2.32066662 0.48119358
-2.08132821 0.97896797 2.13299984 0.20401401
-1.58267059 0.87524400 2.02191220 0.48368165
-2.77869616 0.58317452 1.86912240 0.81234689
-3.61038302 0.46505453 1.66364600 0.88528203
3.71639396 0.39329688 2.10583492 0.91941153
-1.79995748 0.65560869 2.55252650 0.75510081
-2.69316007 0.82282095 1.79221608 0.56830069
-2.28307116 0.99462985 -0.22316786 0.10349617
-2.33473019 0.60695626 -0.93608848 0.79473524
3.06792486 0.98299863 -5.36509050 0.18361292
-2.45107118 0.95504363 4.58892803 0.29646528
4.65462170 0.85335737 2.86313125 0.52132638
-2.29257021 0.91078413 -2.76738813 0.41288286
4.57238946 0.16213209 3.08971046 0.98676906
-2.49687085 0.79795414 2.28821359 0.60271817
1.43314440 0.16301707 2.38698387 0.98662325
-1.71645156 0.74337850 2.36382368 0.66887099
4.04167552 0.81772665 1.36015025 0.57560675
-3.08629899 0.51776541 -4.88540322 0.85552263
3.69464247 0.79775166 1.81832256 0.60298614
-3.42498104 0.50379896 1.38955365 0.86382094
3.47375214 0.83200949 -4.71155265 0.55476139
-3.62511910 0.91829546 1.03420575 0.39589575
-2.81763458 0.89056048 3.20834156 0.45486486
-2.67911840 0.90889630 1.92097706 0.41702220
3.49330406 0.57344224 1.51908586 0.81924599
-1.15667159 0.27922899 1.00941543 0.96022454
-3.16117885 0.21306459 1.49777598 0.97703812
-3.51193370 0.74012703 1.04214329 0.67246708
2.98222600 0.77759461 1.42559622 0.62876595
-4.60571243 0.73976594 0.63735432 0.67286429
-3.16124858 0.33232162 -6.17693621 0.94316613
-4.20087552 0.99568506 0.37275743 0.09279689
3.29344030 0.99920973 -1.21581260 0.03974805
3.28696560 0.82302570 -3.28832478 0.56800413
4.04407821 0.78083437 1.65430044 0.62473809
3.65836660 0.41531397 1.81308812 0.90967813
4.47788140 0.93981453 3.33017865 0.34168502
4.64564595 0.84643245 2.41881219 0.53249611
-2.20327754 0.99078844 -2.50672848 0.13541888
4.14667570 0.95044054 1.86344040 0.31090639
4.79884087 0.77980902 -3.51991554 0.62601748
0.11432918 0.76540453 1.86815982 0.64354946
-4.09201656 0.58172487 2.86414611 0.81338563
3.27541283 0.51585930 2.90515308 0.85667332
4.52175005 0.47110317 -3.46810410 0.88207812
3.56084589 0.91606880 3.49969540 0.40102115
4.42623749 0.79351022 -2.36459598 0.60855692
4.41011185 0.93622399 2.69423042 0.35140381
-2.70975823 0.86321324 4.03905001 0.50483948
-2.20226586 0.63109603 -3.47436470 0.77570471
-3.09850560 0.32461439 -2.10497267 0.94584644
4.35877226 0.71029896 -2.66892310 0.70390012
-1.94114046 0.70759481 -3.20664751 0.70661842
-2.10538170 0.69757457 3.46191133 0.71651219
3.26494861 0.14132870 3.07324465 0.98996273
4.12150492 0.62849758 2.12066814 0.77781154
3.42419322 0.71969704 2.24114086 0.69428825
-0.55606272 0.24923656 1.24100702 0.96844264
-2.97661182 0.43523547 -2.73793037 0.90031666
3.14521913 0.95842223 2.94120474 0.28535385
-2.99036840 0.79377453 4.42863601 0.60821213
3.33923622 0.98495145 4.75335635 0.17283128
-4.27889278 0.88972323 1.10481401 0.45650036
3.10178776 0.36157001 1.62478104 0.93234496
-2.52187012 0.73164647 -4.84756133 0.68168427
-3.73272066 0.24304329 0.82205373 0.97001544
1.66257188 0.12241921 0.54992948 0.99247848
-3.45303380 0.46571485 -4.48480212 0.88493484
3.18943854 0.56374765 2.24736669 0.82594709
3.37979422 0.85698278 1.59989652 0.51534504
3.00473274 0.65793104 0.52354748 0.75307818
-3.19346792 0.81474376 1.20593731 0.57982119
2.74168857 0.73401154 1.57018326 0.67913700
-3.33496674 0.77647553 1.36656735 0.63014740
-3.17197454 0.62552687 -4.54884825 0.78020263
3.66320383 0.76293021 -4.17949834 0.64648085
4.04870644 0.73892920 2.85179993 0.67378307
4.36461112 0.76005226 2.49529152 0.64986196
3.65322541 0.67519067 2.64980895 0.73764325
3.83167627 0.86864600 1.57327264 0.49543326
-4.42997640 0.31310931 1.97724559 0.94971709
4.41564664 0.49663167 -4.31203701 0.86796140
4.03642239 0.82615623 -4.16626500 0.56344112
4.51357211 0.82572583 -4.79504204 0.56407167
4.57394836 0.61453319 -3.18507988 0.78889096
2.34726411 0.09329780 -2.19736832 0.99563825
-2.01749108 0.96650990 -2.81779266 0.25662934
4.65140638 0.92797194 -3.18953553 0.37265009
-2.02981751 0.86651148 3.99273292 0.49915714
5.14876806 0.23398999 -2.34215638 0.97223901
-1.93692088 0.70787979 3.76614128 0.70633293
-1.69988264 0.75626153 -3.33893879 0.65426943
-1.96906852 0.96675063 2.64439069 0.25572098
-1.68165855 0.69269528 2.80101589 0.72123037
-2.27328707 0.64701124 -3.49956574 0.76248046
1.74655350 0.27701328 -4.68733774 0.96086609
-3.61834205 0.97973323 1.34394446 0.20030676
-3.20545212 0.66350089 1.52697106 0.74817549
-3.00221194 0.95438210 1.56972730 0.29858801
3.89462457 0.82697091 -5.48739159 0.56224472
3.20047011 0.92141604 -1.37305929 0.38857751
3.17805231 0.92775849 0.97381027 0.37318118
2.23166009 0.98932000 3.18627150 0.14575986
0.67202496 0.34622659 1.17189860 0.93815092
4.34070696 0.49540370 1.47542149 0.86866286
3.27897166 0.37641961 2.04539004 0.92644928
-2.59212103 0.77571803 0.36329317 0.63107966
1.59018845 0.61016310 0.82068514 0.79227583
3.80204502 0.38853794 2.25453554 0.92143272
-2.89225947 0.71521008 1.39664840 0.69890954
2.85780180 0.43199751 0.82994419 0.90187480
-3.41677097 0.47782771 1.21964259 0.87845357
3.02791234 0.94622973 1.11465963 0.32349544
-2.71565981 0.87934615 0.36895890 0.47618311
-3.18424403 0.96875956 1.38395598 0.24800186
3.70081862 0.78476301 3.23152573 0.61979595
-2.01991576 0.81020404 -3.31574138 0.58614794
-2.61231428 0.95009766 3.39281759 0.31195262
2.63946524 0.58933847 2.73717485 0.80788623
3.17134893 0.66695285 2.90580763 0.74509993
-3.39594150 0.49558743 1.72074792 0.86855806
-1.99731809 0.56830557 2.04515825 0.82281758
-2.82272202 0.68820448 2.11915198 0.72551678
-2.26914695 0.92107513 2.46256607 0.38938490
3.89687810 0.84123432 -3.63131735 0.54067071
-1.64344375 0.24144862 -2.97945973 0.97041360
-1.07291531 0.47014194 -2.78580606 0.88259082
-1.12725950 0.80634477 -3.85849825 0.59144579
4.95192552 0.22295818 -2.90190843 0.97482801
-0.88826860 0.26381427 -4.05141030 0.96457350
4.82709900 0.74883197 2.42067405 0.66275989
-1.66107105 0.96795503 -4.21577219 0.25112360
-1.20016819 0.81856251 -2.41452394 0.57441745
-2.01451028 0.78499818 3.27598734 0.61949807
4.09605469 0.60044364 2.38976539 0.79966708
-4.81708586 0.57876241 -4.99709340 0.81549621
2.73489918 0.60835710 0.51721713 0.79366343
-2.90213645 0.35679299 0.93037568 0.93418347
-4.15531895 0.41299165 1.34587148 0.91073481
3.36130138 0.56818980 0.39349432 0.82289753
-2.69748703 0.16665804 0.19662234 0.98601476
-4.13656527 0.49803681 0.39275279 0.86715589
3.31470040 0.80040325 0.39410709 0.59946195
-4.08117479 0.12336648 0.80050622 0.99236118
-2.68616224 0.33264361 0.91022580 0.94305261
2.55680543 0.65221795 1.99056577 0.75803149
2.61578299 0.48450395 1.54023563 0.87478908
0.93189681 0.09726958 1.38276009 0.99525807
-0.73473158 0.45828018 0.75472277 0.88880778
-4.10398550 0.46781697 0.66733562 0.88382537
0.91302762 0.64773427 -0.18388780 0.76186634
1.94036252 0.88109214 -0.32067969 0.47294466
2.50384793 0.89058384 1.49012938 0.45481911
2.88903993 0.96738760 4.23973277 0.25330069
2.65899205 0.77535105 5.42916790 0.63153048
-3.75493145 0.78687061 3.71225625 0.61711801
4.03483399 0.40671226 2.87678942 0.91355631
3.70853142 0.74076988 1.73697928 0.67175888
3.42032409 0.26305088 2.12900939 0.96478196
2.65657532 0.59393576 2.32215274 0.80451247
2.91633069 0.63118022 1.86014229 0.77563621
-3.92381645 0.39095807 -4.46479802 0.92040849
-2.65794323 0.94832456 1.59428800 0.31730196
-2.39460361 0.71869871 -4.17794997 0.69532163
-1.42576474 0.87462444 2.88768357 0.48480108
-0.89108965 0.84760752 -2.51656815 0.53062368
-0.42150170 0.82732040 -2.42276512 0.56173032
-1.57549777 0.64562330 2.81679498 0.76365605
-2.01847168 0.87413071 3.18067716 0.48569075
0.10824147 0.52591185 -3.70507123 0.85053908
-0.65541576 0.65774417 2.56577343 0.75324140
4.93495718 0.93812966 2.72631350 0.34628418
-1.81943816 0.88500444 -4.44544319 0.46558258
-2.79069318 0.86996739 1.51406460 0.49310926
3.24673865 0.90675591 2.86881761 0.42165592
-3.85625979 0.88478700 -0.29739410 0.46599567
1.81040591 0.68921449 -0.96403282 0.72455737
-4.40962965 0.85394636 4.97913706 0.52036104
-5.11243223 0.73474919 -0.24041704 0.67833887
-4.59870099 0.52150554 0.47228688 0.85324789
1.95538088 0.63624381 0.39241791 0.77148806
1.99463516 0.77067985 0.36419257 0.63722254
2.80341700 0.72420425 0.77505416 0.68958553
-3.92152597 0.41618441 0.62374595 0.90928023
2.47653505 0.53361477 0.42835050 0.84572766
2.55533376 0.91430548 0.13850646 0.40502529
3.36125823 0.89800006 2.61750727 0.43999533
2.43714070 0.21805910 1.29618320 0.97593557
0.90045734 0.56507022 0.48666509 0.82504282
-4.27736578 0.16640406 0.31410594 0.98605765
1.87965035 0.65643257 0.97195332 0.75438471
1.21379819 0.27353359 -0.92820986 0.96186245
3.46610708 0.38302811 -0.23594875 0.92373669
-3.28233257 0.87119701 -0.13532446 0.49093357
3.15307291 0.88831247 -1.99078234 0.45923954
2.20025290 0.89639803 3.15350416 0.44325002
3.82638267 0.64928983 2.85836293 0.76054107
3.49386323 0.76020979 2.47929643 0.64967767
2.73177676 0.10230641 1.95877486 0.99475293
2.81148970 0.74752562 1.96897836 0.66423298
-3.63550644 0.84312869 2.04049074 0.53771184
-3.90211653 0.07900176 1.14972218 0.99687448
-1.55120548 0.92000300 0.93085430 0.39191133
3.51499187 0.76282897 0.73178527 0.64660031
-1.70817005 0.80899426 3.34622320 0.58781654
-0.54781407 0.82171385 -2.60291782 0.56990030
-1.04653363 0.62044298 -3.00449762 0.78425156
-1.72681680 0.45419748 -3.78203906 0.89090103
-2.10948372 0.84171610 2.07572711 0.53992037
-1.55420565 0.84794576 2.77901449 0.53008300
-2.62609945 0.80584733 2.17219509 0.59212337
4.72466348 0.84986932 2.27640871 0.52699349
-2.31786129 0.58497711 2.04948052 0.81104980
4.05532941 0.91454800 1.11514726 0.40447738
-3.09876771 0.85768962 1.23680354 0.51416778
-3.61049849 0.94700804 -5.45498561 0.32120986
-3.10825875 0.34168953 -0.51966839 0.93981289
3.02595172 0.95342747 2.36863756 0.30162238
-3.90889468 0.29234548 -4.95804768 0.95631277
1.62595928 0.86506918 1.00447690 0.50165258
-4.30308558 0.41870660 0.67602359 0.90812157
2.89660738 0.73121989 1.18400699 0.68214183
2.43447345 0.41607751 0.55243109 0.90932915
2.60116420 0.63449862 0.39747947 0.77292400
1.51909771 0.59839998 0.42466557 0.80119752
3.39308984 0.45505524 0.98027809 0.89046321
-2.90704462 0.52886162 1.68596086 0.84870807
-3.22228313 0.91135229 1.29567971 0.41162725
2.33302967 0.83802226 -0.17306496 0.54563605
3.77570933 0.52735734 -0.55920376 0.84964360
2.45151921 0.51456617 1.24513599 0.85745068
2.32932145 0.75228340 0.02828421 0.65883965
1.83375657 0.37723748 0.33137523 0.92611656
-3.97574064 0.80603132 -1.06021455 0.59187288
3.02678529 0.99546324 2.61465682 0.09514691
2.87539834 0.85153873 1.08287695 0.52429171
3.67371520 0.93349122 2.69905821 0.35860024
-1.66572600 0.60109162 3.38655603 0.79918012
3.39973668 0.86276953 -4.00618917 0.50559741
-3.29039858 0.63936405 2.05449284 0.76890416
-2.90367345 0.99784186 2.97073841 0.06566301
-2.70347202 0.94247573 3.44144748 0.33427457
-2.31783541 0.84817129 3.23787675 0.52972206
-1.17864506 0.66263714 3.15036988 0.74894060
-1.11739561 0.60345880 3.41051130 0.79739418
-0.13922425 0.51311974 -3.68761391 0.85831703
-0.78310946 0.87177352 -2.61827260 0.48990910
-1.35770464 0.48773799 2.39240229 0.87299007
4.63837826 0.83732555 2.82684310 0.54670461
5.01594585 0.91147268 2.21008981 0.41136062
-1.55082291 0.45732749 2.53970445 0.88929835
-1.91311854 0.70230960 -3.06848378 0.71187163
-2.08453552 0.38701076 -4.25618271 0.92207520
4.08770293 0.45948626 -4.20149782 0.88818488
3.55865929 0.94370491 1.56082263 0.33078852
-3.71511655 0.95472723 1.40602094 0.29748264
2.97765419 0.38201128 0.91460689 0.92415766
-3.31048709 0.61021826 0.81380182 0.79223335
2.33227657 0.64286774 0.63708374 0.76597720
-4.05522767 0.15758498 0.79697036 0.98750543
2.10785003 0.50556015 0.90068027 0.86279136
-3.73944888 0.88571461 1.54361785 0.46423014
3.23363250 0.94736375 0.75394509 0.32015922
2.34260535 0.73423827 0.92185610 0.67889186
2.91037215 0.27772154 0.94461114 0.96066162
3.82586143 0.89323029 2.46826041 0.44959944
4.08754175 0.92710402 0.95514549 0.37480412
3.11093877 0.74354638 0.99765845 0.66868437
-3.30838662 0.71962932 1.88912898 0.69435844
2.72713823 0.90810689 0.20878626 0.41873843
3.12672626 0.82116784 0.93959113 0.57068676
-3.33942967 0.36046919 0.40204253 0.93277112
-4.34466431 0.94221172 -4.86265937 0.33501801
-3.89875782 0.88462171 -0.81556681 0.46630937
-4.13059608 0.65815585 -1.21762246 0.75288171
3.11285586 0.90378781 -1.71949686 0.42798084
3.70056623 0.51800652 1.89168665 0.85537667
3.98056797 0.65306534 1.84652675 0.75730157
-2.94177113 0.92125998 1.53224231 0.38894735
-2.83140722 0.74476803 2.18405468 0.66732345
-2.75846970 0.85526986 1.68093731 0.51818286
-2.57708357 0.92647783 1.49571456 0.37634935
-1.67154779 0.75970748 -3.91850188 0.65026498
-1.57544141 0.85469825 -3.03545856 0.51912513
-2.13581390 0.62662291 3.23277807 0.77932261
4.88216002 0.64733923 2.95915667 0.76220202
-1.37397255 0.73650475 -3.37136583 0.67643237
-2.44099005 0.53085383 2.64640744 0.84746340
-2.09344292 0.78987226 -3.55292724 0.61327140
-1.10332178 0.87977830 -3.61573057 0.47538420
-2.18852578 0.62392413 2.47042832 0.78148492
4.31212422 0.82557831 3.23792436 0.56428756
-1.99309513 0.80001725 -3.13066463 0.59997699
4.00203053 0.74278533 3.02389331 0.66952965
1.75614117 0.24455598 2.24367809 0.96963517
-3.55815383 0.87948278 1.78267527 0.47593072
3.36625985 0.94472703 0.06566743 0.32785795
-3.57464852 0.72482256 2.16357324 0.68893560
-3.13125175 0.70302594 1.52034228 0.71116421
2.63028707 0.47777989 -4.62944116 0.87847958
2.56987882 0.81359098 0.91970246 0.58143763
1.91807490 0.86333450 -0.13370101 0.50463209
3.33190257 0.72827990 1.43669702 0.68527979
3.37916500 0.92206666 -5.46263840 0.38703111
3.64811562 0.39671815 1.51128124 0.91794047
-3.28565990 0.46453950 1.36139217 0.88555240
2.79854214 0.73306483 1.17263697 0.68015877
3.58180252 0.79703926 1.33074012 0.60392749
-2.03394224 0.44640635 1.93515564 0.89483036
-2.99019715 0.87336686 2.98896014 0.48706296
-3.28596313 0.54444991 1.12802968 0.83879335
3.37977043 0.91030203 0.01001132 0.41394471
3.59384386 0.45749940 -5.37349515 0.88920993
2.86885065 0.91054055 1.16558702 0.41341978
1.73233275 0.50288162 0.98659781 0.86435529
2.38848874 0.68287398 1.07192562 0.73053619
3.27361705 0.25893118 -4.86885494 0.96589577
-1.67710805 0.45728624 0.60155049 0.88931957
-3.04438251 0.45018238 1.39969067 0.89293663
3.56521047 0.67085992 2.14188490 0.74158409
-2.75345601 0.75871182 2.23639390 0.65142641
-2.66476782 0.90322943 2.19337578 0.42915800
-2.00548470 0.65516085 1.58963705 0.75548942
4.64519551 0.58682300 2.58472506 0.80971524
3.84403226 0.91365577 -2.39510447 0.40648879
4.03926766 0.80042838 2.40852806 0.59942840
4.32376269 0.58338112 -2.93142444 0.81219854
-2.16546087 0.84210021 3.16236852 0.53932109
-1.56879258 0.51987192 3.69884379 0.85424422
-1.48840829 0.42288846 4.29798617 0.90618174
-1.16059192 0.65855414 3.53389566 0.75253335
-1.57445041 0.86402965 -3.13128594 0.50344093
4.65887013 0.84808473 -3.86293467 0.52986063
-1.92916130 0.90928501 -4.19420513 0.41617397
-3.26011693 0.77846984 1.90193081 0.62768202
3.50027076 0.43660599 1.37800787 0.89965282
3.02685368 0.96529011 -1.91169949 0.26118003
2.89186483 0.27896171 2.16090359 0.96030222
-1.79050416 0.42139910 2.74487567 0.90687530
3.04379750 0.31236285 1.55724248 0.94996287
-3.32734218 0.59636992 -4.69844307 0.80270973
3.62524144 0.74105640 1.55279224 0.67144278
-3.40272663 0.69918416 1.06832878 0.71494161
2.62856026 0.70154897 -5.42092512 0.71262124
2.63456139 0.63713509 1.08272002 0.77075215
2.89691812 0.61171728 1.66032445 0.79107646
-4.22769834 0.89758642 0.48518854 0.44083854
-3.31604620 0.78054530 0.26465276 0.62509923
2.56156559 0.54417542 1.79496117 0.83897146
-3.16771748 0.51446768 1.75786350 0.85750977
2.01620421 0.36574346 1.23103725 0.93071570
4.23405825 0.80394602 -4.97477516 0.59470227
-2.90972494 0.81988873 1.33777796 0.57252290
-3.01400093 0.65106724 0.58207510 0.75902006
-4.56456802 0.69059022 0.64380092 0.72324625
4.67843080 0.30668808 2.11398206 0.95181007
-3.53865825 0.52358164 1.48583655 0.85197551
-1.15757617 0.58222620 0.83084226 0.81302684
-0.91612168 0.78818029 1.37694049 0.61544442
-1.68238525 0.91051941 2.55323756 0.41346633
3.12312730 0.48554624 2.09853431 0.87421098
-2.18973464 0.83390005 1.55763119 0.55191550
-0.26927441 0.38961992 1.97684635 0.92097574
4.67370281 0.91918888 0.64370624 0.39381697
4.58099431 0.67749868 3.04326000 0.73552399
3.30287455 0.93668434 -1.71279495 0.35017488
-1.80209477 0.81854790 2.77880213 0.57443828
-1.07017270 0.53565438 -2.48861510 0.84443732
-1.90748198 0.38102166 3.32310727 0.92456611
0.32145170 0.59740335 3.43671752 0.80194092
-1.27883653 0.99085869 4.84582503 0.13490387
-1.84721503 0.85034725 -2.77666394 0.52622197
-1.90801675 0.80685000 -3.53787651 0.59075637
-2.18920289 0.90774660 -4.30292871 0.41951891
-1.45991475 0.25136091 1.08653585 0.96789343
3.27606271 0.50541547 0.96319424 0.86287612
3.21633086 0.84984703 1.76111105 0.52702943
-3.05554137 0.84677662 1.85682894 0.53194864
3.43848873 0.88048626 1.75521585 0.47407167
2.50615630 0.57848259 2.26433773 0.81569473
3.63257862 0.48450208 2.02039704 0.87479011
-3.51770621 0.74530360 1.12731620 0.66672524
3.56624192 0.83707048 1.70390690 0.54709506
-2.96529702 0.94307120 -0.21307838 0.33259092
-2.56515613 0.99797796 3.45575944 0.06356086
-2.67216543 0.87691921 1.29550944 0.48063780
-3.44106366 0.21797187 1.43845014 0.97595505
3.53311746 0.76293752 2.11599852 0.64647222
3.37476406 0.97084665 2.58458537 0.23970143
2.63827859 0.86250604 0.69273153 0.50604677
1.91945267 0.82529733 3.14531820 0.56469843
-4.06703451 0.86457270 1.66853268 0.50250776
-3.65228559 0.97865556 1.53064999 0.20550740
3.12565350 0.49316955 0.51289048 0.86993321
-3.73050499 0.26128858 1.11499442 0.96526073
-2.37292615 0.69378552 1.93081067 0.72018168
-3.19145968 0.45470713 1.98816156 0.89064102
6.09388635 0.65229489 0.97530712 0.75796528
-0.45023730 0.38774775 -4.07559871 0.92176552
-0.32312204 0.58941154 1.34979396 0.80783293
0.71570726 0.57759684 2.30776811 0.81632217
2.18664584 0.69975915 -3.16874261 0.71437885
2.69082455 0.43322249 -1.57359186 0.90128701
-0.72792027 0.80904117 3.74490051 0.58775198
2.97233509 0.67415999 -2.17112425 0.73858534
2.96817385 0.56090898 4.33302570 0.82787748
-1.85067005 0.73482193 3.28299841 0.67826008
-0.73413741 0.78041406 4.06117692 0.62526306
-0.28474613 0.74112052 3.01090247 0.67137201
-2.24895680 0.23358325 4.03472165 0.97233681
-1.78313456 0.67779965 3.47825288 0.73524665
-1.78812509 0.77908481 -2.92213700 0.62691854
3.07854912 0.66330206 -0.29417389 0.74835177
-2.64394654 0.98455300 0.97029086 0.17508682
4.15773424 0.85449068 1.05800604 0.51946673
3.63418681 0.74946930 2.07796640 0.66203910
2.42640424 0.67540565 1.25309652 0.73744641
-4.38509976 0.59066092 0.77706563 0.80691987
-3.17959309 0.50560374 1.31864188 0.86276582
-2.55655249 0.88298520 0.94589268 0.46940082
-2.95347023 0.81539584 1.39741948 0.57890381
-2.30178372 0.93186714 2.17271279 0.36279971
3.91122573 0.69214385 2.04066503 0.72175958
-3.00917293 0.83447104 1.47017982 0.55105180
5.44815444 0.05416706 2.47748547 0.99853189
-3.02475112 0.60098854 1.76772313 0.79925764
3.85881080 0.55060296 2.35433613 0.83476726
2.78937333 0.84694475 2.47893102 0.53168091
3.17135880 0.81635870 2.64490700 0.57754522
2.31289569 0.99395596 1.59953000 0.10977953
-4.10919164 0.99984089 0.04884602 0.01783821
1.79720654 0.90769567 2.40987182 0.41962909
2.54098259 0.92858814 0.29478979 0.37111194
2.85590548 0.53170510 1.05336924 0.84692956
-2.97929226 0.51776138 1.15752427 0.85552507
5.13621350 0.30767470 2.12384611 0.95149161
-2.11232779 0.58524107 1.58147916 0.81085935
-0.68107264 0.79009368 0.96555262 0.61298611
-1.06743056 0.89831691 0.51846955 0.43934808
-0.77808251 0.68083522 1.32119917 0.73243662
-0.09457094 0.78399324 1.76356553 0.62076936
-1.82253132 0.88189118 2.92564427 0.47145303
-2.77257087 0.45207953 -2.74850442 0.89197763
4.73613197 0.92452823 -2.47577759 0.38111358
-1.97969348 0.44221036 -3.01965642 0.89691137
0.66698031 0.17623287 4.25213211 0.98434850
-1.24048212 0.66888572 -3.56012983 0.74336525
1.04432664 0.38445687 2.82182702 0.92314295
-1.03613680 0.25826937 2.72041208 0.96607294
5.77000779 0.32370745 3.33786047 0.94615722
-2.31530666 0.17347443 3.29075687 0.98483837
4.27932656 0.82258952 2.53632155 0.56863563
-1.66559604 0.64612476 3.87448350 0.76323181
3.99290769 0.94885374 0.45597268 0.31571599
-3.10378345 0.75858312 1.76658559 0.65157628
-2.51383274 0.39280682 -4.02140104 0.91962101
2.91266727 0.79538817 0.88022990 0.60610037
3.40775328 0.83280306 0.34755890 0.55356938
-3.70467988 0.68330250 -0.59134426 0.73013540
-2.54178735 0.94585489 -5.14271821 0.32458978
-2.82528690 0.72803179 2.45157474 0.68554337
-2.70107693 0.64642997 -4.83742345 0.76297332
-1.53276174 0.92437962 -0.21141497 0.38147388
-2.49361076 0.79741209 1.38013887 0.60343513
-1.40956431 0.62511315 2.55232107 0.78053414
-2.08287244 0.49901074 -4.26695817 0.86659580
-2.31243021 0.25764627 2.08160031 0.96623931
-2.82480882 0.69917996 -3.90702681 0.71494572
4.30231401 0.63851556 2.98334087 0.76960891
3.77088487 0.99026493 3.03568286 0.13919540
2.78830584 0.97861233 1.28650237 0.20571318
3.74538695 0.73143599 3.09446225 0.68191011
3.05328375 0.92339759 2.24126778 0.38384489
3.78454848 0.36432349 0.90128892 0.93127246
-1.85887560 0.90701624 2.69437925 0.42109564
-0.84175945 0.81255023 1.59759061 0.58289118
-1.28188404 0.56850611 1.91831655 0.82267904
-2.33059513 0.74354134 1.73167603 0.66868997
3.82188719 0.84151607 2.22286233 0.54023209
-2.49817580 0.53369977 -4.10693213 0.84567402
0.61123401 0.09151520 1.97460627 0.99580368
-0.82285516 0.39936810 2.48902684 0.91679066
-2.02086091 0.51673279 -3.44014570 0.85614673
-1.13125794 0.90604158 -1.45117633 0.42318867
-1.43507495 0.69232942 3.80091572 0.72158158
-1.85097780 0.22581237 4.24246757 0.97417081
-1.06734874 0.82311547 2.70321600 0.56787403
-2.20153004 0.70527035 -3.60306246 0.70893846
-1.72745340 0.76529880 2.51962633 0.64367518
-1.44381073 0.22225172 2.91579126 0.97498932
-3.25312726 0.93797401 -1.59808577 0.34670559
-1.97949427 0.97526440 3.02918110 0.22104152
-2.46939148 0.86365585 -2.92784107 0.50408191
-2.29064749 0.83629100 1.62758705 0.54828584
3.31102690 0.51874545 -4.41144653 0.85492875
3.50353736 0.54758814 1.99811754 0.83674801
-1.41882024 0.29313732 1.45819841 0.95607035
-2.48039562 0.92510723 1.18189378 0.37970595
-3.36454154 0.29888456 -0.19185886 0.95428928
-1.05788626 0.44829250 0.90530734 0.89388692
-0.76164741 0.45872799 0.74253911 0.88857675
-2.20046636 0.81373338 -4.71429489 0.58123832
-2.88156385 0.64087272 1.61809118 0.76764715
-1.41395383 0.74912275 1.97594202 0.66243120
-1.27419703 0.80341526 2.97348609 0.59541911
-2.42374794 0.69325065 2.85446903 0.72069656
4.22558605 0.61789692 3.02027094 0.78625912
-2.37687391 0.86805043 2.56368532 0.49647603
-1.87041020 0.73221783 2.49495901 0.68107052
-3.04322190 0.74620292 3.05514172 0.66571856
2.76574294 0.61882814 1.90630205 0.78552641
3.29587155 0.44176856 2.51510620 0.89712905
3.74300321 0.74576443 2.04566081 0.66620973
-3.13251443 0.56036984 1.51268328 0.82824250
4.09933381 0.60376938 2.95651100 0.79715904
5.56671985 0.39803883 2.49878414 0.91736857
3.67729267 0.31798287 1.82339975 0.94809646
3.11987286 0.60310672 1.80244270 0.79766051
-2.50905348 0.52180866 2.20358215 0.85306255
3.69106159 0.70154566 2.06756204 0.71262451
-2.56828320 0.76133356 2.17020108 0.64836040
-4.22773422 0.68055922 2.45289537 0.73269308
2.38629855 0.20851833 2.57804971 0.97801846
-0.66901078 0.72694968 2.97776010 0.68669074
-1.62027401 0.92360201 -3.63220294 0.38335274
-1.44713503 0.99321203 3.86623089 0.11631794
-0.82290824 0.84407625 -2.84507801 0.53622316
-2.02083205 0.70931178 3.15956142 0.70489488
4.02216036 0.67266911 -2.71581910 0.73994343
-1.75122408 0.64000590 3.33578658 0.76836999
-2.60020599 0.62545070 3.77561785 0.78026369
-1.42582747 0.94949657 3.70794750 0.31377740
-2.68382130 0.59563747 -3.27471178 0.80325338
2.68875142 0.98887365 -3.37102211 0.14875784
-1.85021413 0.49056938 1.76922893 0.87140214
-2.20690911 0.75379024 2.30973642 0.65711511
4.03196454 0.53048143 2.10711476 0.84769656
-2.62934353 0.58272442 1.30331222 0.81266983
-4.19133274 0.38218186 -5.21364696 0.92408713
-3.82248757 0.23369579 -5.01754063 0.97230976
-2.02218589 0.81633042 0.75799887 0.57758519
-2.72561758 0.80884532 2.46776519 0.58802146
3.77227677 0.90017341 -4.07746290 0.43553166
3.58847894 0.35358358 1.99296483 0.93540294
-2.42978657 0.56999572 1.16435984 0.82164766
-3.48015948 0.58321282 1.51897075 0.81231940
4.23561995 0.62539465 1.67889331 0.78030861
3.93625338 0.70043311 1.40493681 0.71371805
3.81966224 0.87568882 -0.11033880 0.48287586
-1.96586708 0.67924361 2.16435040 0.73391288
-2.75703523 0.66815910 2.80259796 0.74401842
3.87367921 0.67174597 -3.63873064 0.74078158
4.14234653 0.77208517 2.67993795 0.63551907
4.25550438 0.64695721 -3.26342489 0.76252631
-2.68517000 0.65587139 -3.70927734 0.75487265
3.68431418 0.67833265 2.82717307 0.73475494
-2.94441160 0.62138541 -4.97184570 0.78350505
-2.11237405 0.82614624 1.79023750 0.56345575
3.94295466 0.60965699 -2.97986545 0.79266535
3.69268489 0.70389341 2.68075760 0.71030561
-2.85601375 0.57644041 2.55452072 0.81713919
-3.32595429 0.32535932 1.75908865 0.94559046
-0.05027530 0.57281733 2.04084766 0.81968305
-0.56597370 0.83853527 3.76433734 0.54484731
-0.95048130 0.99496441 2.07930085 0.10022889
-0.85912542 0.86213099 -4.17701786 0.50668546
-1.09959382 0.93587455 3.52647996 0.35233339
-2.18782455 0.75155666 -2.81841034 0.65966854
-0.54681342 0.33643069 3.60369632 0.94170823
-2.87631652 0.53480228 3.23458534 0.84497723
4.51954972 0.52774143 3.52525440 0.84940507
4.76371640 0.39347803 3.26916087 0.91933402
-2.71394368 0.61684856 -1.58328479 0.78708186
-3.19316397 0.98999598 0.79338518 0.14109554
-3.44120229 0.68423168 0.91391074 0.72926471
-3.66000800 0.47126994 2.13598407 0.88198903
-2.68353382 0.63342427 1.53288927 0.77380469
2.39650240 0.53338643 -5.78662190 0.84587169
-2.80858345 0.72864447 -4.97580485 0.68489213
-2.43764378 0.74556866 1.45731072 0.66642882
4.15568202 0.91418809 1.54491392 0.40529019
-1.77086680 0.71395696 1.14816761 0.70018958
4.39462753 0.63418591 -5.07072399 0.77318060
3.93061551 0.68487506 1.60223015 0.72866052
4.16954197 0.68141556 0.85680625 0.73189674
-3.45415693 0.76713800 2.84497889 0.64148211
-2.29079160 0.24917885 1.62225247 0.96845748
4.14994715 0.80244622 0.58592147 0.59672444
-2.41558060 0.89219155 -0.22650386 0.45165721
-2.47033063 0.97120347 1.71251790 0.23825159
-2.32345480 0.55017844 1.57607605 0.83504712
5.19353858 0.82531583 1.72717133 0.56467139
5.05706297 0.87829001 3.07802164 0.47812829
-3.12509025 0.23651851 -3.26996771 0.97162698
-2.97842667 0.80822327 -2.33130819 0.58887617
-3.23576675 0.97295078 2.19662581 0.23101252
-2.84406771 0.63942522 2.03699337 0.76885330
3.21120987 0.93162935 0.62134871 0.36340991
-2.64492989 0.48025916 -3.19415742 0.87712664
-3.18111637 0.43934968 -3.34565086 0.89831612
2.83234765 0.85587191 -3.63467266 0.51718785
-3.37426407 0.33898819 2.24348597 0.94079063
-2.47242051 0.52531264 2.75169301 0.85090929
-1.69052475 0.79969716 -1.74707054 0.60040358
3.85499503 0.77805107 1.94499814 0.62820103
-1.50763326 0.61229614 -3.63285531 0.79062851
-3.79066427 0.56144798 -2.95046345 0.82751204
-1.91350369 0.70087297 3.96062433 0.71328611
-1.38961157 0.61828142 3.55901876 0.78595679
-2.07606629 0.94127171 1.84934791 0.33765007
-0.83418746 0.63968719 4.09982364 0.76863535
-1.46264017 0.24297005 -2.33236915 0.97003379
2.94606139 0.33475378 3.58696512 0.94230563
3.00743987 0.97892891 4.12774035 0.20420135
-2.96442079 0.86438698 -0.49966016 0.50282716
-3.52865677 0.97974746 -1.55784291 0.20023717
-3.05988213 0.88398029 1.24828097 0.46752418
-3.39507654 0.45475319 0.60776436 0.89061750
0.66352655 0.09701198 -4.74341361 0.99528321
-1.99217720 0.86827702 2.49501108 0.49607964
-2.66079061 0.86044476 -3.85330181 0.50954374
4.30983821 0.62185324 1.49238462 0.78313380
1.41004686 0.16391927 2.56515388 0.98647376
4.77281708 0.09997487 2.46910198 0.99498996
-2.38023181 0.26222605 1.53713571 0.96500648
-3.07013008 0.77834119 2.14495348 0.62784154
1.77915341 0.17093900 1.86631434 0.98528161
3.77893763 0.60146692 1.47915611 0.79889770
-1.16322810 0.78104493 1.92273392 0.62447483
-2.41102993 0.89585916 1.55106916 0.44433812
-2.53637421 0.95303271 2.15969671 0.30286739
4.82478385 0.81535236 -2.99468583 0.57896505
-1.06858654 0.93922372 4.04811139 0.34330569
4.39308936 0.41553940 4.01306331 0.90957518
3.34711709 0.85991546 2.69463906 0.51043649
-3.69436073 0.82396047 3.49836797 0.56664729
-3.17660678 0.70297058 1.86764464 0.71121893
-2.95042024 0.98866596 0.60851501 0.15013200
-1.70507842 0.23533235 5.23192104 0.97191496
-3.28838183 0.90047348 2.89706699 0.43491092
-3.14548663 0.28030788 3.67333790 0.95991015
-2.17481782 0.67254595 2.45871176 0.74005537
4.13676603 0.76153473 1.96479108 0.64812411
-1.89536204 0.84235422 2.35240128 0.53892427
-3.56769769 0.90318305 1.43135014 0.42925561
-0.28267786 0.49961498 -3.66629012 0.86624758
-1.50293220 0.67192348 -3.41577597 0.74062057
-1.30246164 0.85832883 3.22006052 0.51310002
-0.75059252 0.89145893 -2.36201000 0.45310151
3.74794038 0.63556865 -2.46523735 0.77204435
-0.71237875 0.49358988 -2.74497328 0.86969479
4.51587444 0.53327348 -3.23315820 0.84594290
-1.97624090 0.81688412 -2.29705920 0.57680182
-3.92594926 0.76463048 -3.93995461 0.64446895
2.74928192 0.92184830 0.42488131 0.38755091
3.10006100 0.89671633 1.14552255 0.44260572
3.61233281 0.70975634 1.56166651 0.70444726
3.15235686 0.74510470 2.09013850 0.66694751
-2.82938040 0.47859855 1.70984985 0.87803384
-2.23246742 0.44622122 2.17932918 0.89492269
-2.10096838 0.93717789 -3.03821181 0.34885184
4.71951145 0.68793594 2.86458720 0.72577141
3.35991750 0.55873746 2.50086666 0.82934459
3.46501671 0.38583989 2.04953817 0.92256576
-3.16080529 0.52613582 1.64319442 0.85040055
2.59596256 0.43811367 2.18302485 0.89891958
-2.08642530 0.40512394 1.81517565 0.91426178
4.53748106 0.37419137 2.06072094 0.92735151
-0.28443120 0.20599542 -3.99012098 0.97855296
-2.68093761 0.91901930 3.67032149 0.39421253
4.98916703 0.83961791 -2.91718157 0.54317747
-1.12667282 0.94480469 3.05369531 0.32763408
-1.40717825 0.76120541 4.10135308 0.64851085
-3.10941771 0.63256708 4.36257911 0.77450558
-2.31667287 0.80400818 4.13799461 0.59461824
-2.49026277 0.66069404 4.58337658 0.75065530
2.55061993 0.91006059 2.77555558 0.41447524
-3.85733827 0.75844226 3.66792945 0.65174023
-2.75949883 0.44016772 -2.76639027 0.89791557
3.77172862 0.58238500 -3.48735259 0.81291310
-2.71808621 0.89897975 -3.63372970 0.43799019
3.93706972 0.77051892 2.66310906 0.63741713
4.22811769 0.85418132 2.64448617 0.51997527
-3.29196735 0.62969798 1.88639648 0.77684004
3.22229953 0.81514862 2.69361314 0.57925187
-3.23846791 0.48077105 -3.68406788 0.87684616
-2.22900169 0.55362556 2.77058693 0.83276572
-1.93413308 0.29949039 -3.16289171 0.95409932
-1.41139584 0.68135969 -4.17527557 0.73194875
3.37902586 0.42572475 -1.84047505 0.90485271
2.16611205 0.55605754 -2.51386006 0.83114380
3.53307142 0.81541357 3.32258272 0.57887884
-2.74764144 0.56873887 -1.38494373 0.82251815
-3.51258408 0.99903120 -4.45303574 0.04400747
2.59284655 0.85924410 1.12750110 0.51156581
-3.55199465 0.22597189 1.37744083 0.97413382
2.87174300 0.47565462 1.26372430 0.87963213
-2.51683981 0.82258262 2.80146921 0.56864561
-2.01865314 0.66585390 2.38786463 0.74608216
-2.91130835 0.67669431 2.11837303 0.73626409
3.85338049 0.90664361 1.07274775 0.42189734
-2.92907614 0.68804399 2.12417513 0.72566898
2.33118374 0.84685842 -3.71655483 0.53181840
2.84792027 0.74674324 1.37409391 0.66511242
2.90452214 0.57400877 1.64981704 0.81884915
-3.15934536 0.47770771 1.79824240 0.87851883
-1.13212714 0.72918974 1.85685569 0.68431157
3.54886838 0.68189880 2.83340335 0.73144653
-2.25981823 0.99638659 -2.09978723 0.08493384
5.09091347 0.94402478 -3.91414679 0.32987454
-1.79282333 0.76419877 -3.85909541 0.64498080
-1.91362312 0.90490962 -3.28571761 0.42560378
-0.65926621 0.90127836 3.87509061 0.43324049
-1.62783839 0.83819059 -3.10293185 0.54537743
-1.89331899 0.81250142 -2.54158551 0.58295921
-2.12117919 0.89556631 -3.65136809 0.44492807
-3.02466357 0.68086746 2.13756057 0.73240665
-3.75483499 0.37461367 1.50027677 0.92718099
-2.26833061 0.66209300 -2.43847634 0.74942168
3.46976641 0.94800664 3.16200735 0.31825054
-2.96379106 0.46164498 -4.15766173 0.88706477
-4.08509285 0.37734870 -4.23538181 0.92607125
-2.83482830 0.82179520 1.35741264 0.56978299
3.20461594 0.65332798 1.59735134 0.75707499
2.83433359 0.04081493 1.82047609 0.99916672
3.90459918 0.54753070 2.05704892 0.83678559
4.70544435 0.50970090 -4.08989922 0.86035167
-1.11404114 0.85659893 -4.47573178 0.51598282
4.27010853 0.93391457 -3.73108236 0.35749626
-3.09818574 0.91047599 -1.44989885 0.41356192
-2.76653629 0.60334335 -1.14249844 0.79748153
-3.72190608 0.94232143 -2.26966185 0.33470932
2.38178281 0.79464065 -2.50100848 0.60708009
2.52766795 0.92092848 3.80524638 0.38973162
2.48577164 0.84194419 -4.71256183 0.53956462
-4.18670043 0.99999938 1.65667016 0.00111653
-2.82710205 0.96016461 1.95474264 0.27943499
-2.35158858 0.99381171 0.10989673 0.11107780
2.99821020 0.90489655 0.69151748 0.42563157
2.45718478 0.78122062 -0.44424947 0.62425503
-3.26244310 0.54568866 1.06387107 0.83798800
-3.05761890 0.55000102 1.68544983 0.83516398
3.20739276 0.86435451 2.99195372 0.50288297
-3.21670811 0.82946071 -4.37838168 0.55856506
3.86462885 0.63595754 2.39653165 0.77172405
-1.53011700 0.34214495 2.00580715 0.93964719
-2.93569685 0.73966284 1.96671269 0.67297762
4.13884799 0.61299919 2.29037180 0.79008354
4.94521235 0.68128754 2.62582860 0.73201591
-1.32206264 0.89373981 3.79700757 0.44858572
-0.69343349 0.76112451 2.79913680 0.64860580
4.68936366 0.54654157 3.31599916 0.83743198
-0.11108178 0.95911187 1.72305685 0.28302724
-0.64159872 0.90254228 -4.01968547 0.43060124
-0.77402947 0.59310668 3.43497966 0.80512388
3.19487820 0.48614438 2.50146108 0.87387851
-3.36262620 0.39111971 -4.15968425 0.92033981
-2.58758161 0.35143656 2.59517637 0.93621170
3.61771969 0.29652593 -3.53082835 0.95502480
-3.08370823 0.84268057 -2.58635971 0.53841383
-1.77299780 0.36591819 -3.36174884 0.93064702
3.09526748 0.05404055 -2.89156354 0.99853874
-2.57057860 0.51659126 -3.00681772 0.85623213
-2.54467147 0.67498893 -3.78848414 0.73782785
-1.10351293 0.35139559 -4.23529529 0.93622708
-0.87637762 0.59559393 1.98600951 0.80328567
5.15238683 0.76349385 -3.77904243 0.64581510
5.20109877 0.73986684 2.74342059 0.67275334
4.07298753 0.94078650 -3.27963363 0.33899964
2.92637809 0.86346803 -3.01290285 0.50440358
2.38230022 0.63401379 3.99860719 0.77332174
2.52643460 0.52508211 4.00968128 0.85105157
-3.50430535 0.71674706 3.26666659 0.69733325
1.90738659 0.78137590 2.50823601 0.62406066
2.47050799 0.70636685 1.00591816 0.70784594
2.80752630 0.82078308 1.74691898 0.57123999
4.46604610 0.64217665 1.20601770 0.76655669
-2.11495028 0.99787933 -0.10055133 0.06509108
-2.94091026 0.67088271 0.61551474 0.74156348
-2.58173321 0.85007236 -5.52866609 0.52666591
-3.35685414 0.78375017 0.73277068 0.62107622
-2.68536693 0.58824124 2.06433765 0.80868551
-3.46379134 0.46009278 2.05540025 0.88787084
-2.44630650 0.76779165 2.09861250 0.64069961
-2.42913108 0.47135867 2.45947170 0.88194161
-2.30798259 0.88240509 2.34680878 0.47049044
-2.95127473 0.99979641 2.27197405 0.02017758
-2.25412437 0.75407804 2.66377150 0.65678483
0.44094740 0.33797511 2.90023653 0.94115505
-1.94642965 0.90370888 -3.21717220 0.42814747
3.95179807 0.14167856 1.73792353 0.98991272
-0.77140475 0.61957040 3.51784582 0.78494109
-0.72041878 0.87767136 3.51755190 0.47926297
-0.70197393 0.81939678 1.36534474 0.57322675
-0.70724148 0.80602203 -5.59835092 0.59188553
-1.75718983 0.96578254 0.86977166 0.25935320
-1.25295985 0.34596597 2.11910936 0.93824706
-1.38388219 0.80965166 2.37448170 0.58691072
1.24570463 0.28631358 2.13380476 0.95813597
-3.00974610 0.78184230 1.94499140 0.62347623
-2.08944110 0.95414936 1.20191141 0.29933091
-1.94772120 0.96436831 -2.95961575 0.26456333
3.41612534 0.97790250 -3.93797946 0.20906146
4.89605397 0.80254728 2.95581626 0.59658852
-1.50417032 0.54093539 1.91065008 0.84106415
-3.66557756 0.49185579 2.44590377 0.87067668
2.63191700 0.29976908 1.81034406 0.95401179
-2.34524572 0.96667824 2.47925660 0.25599448
-3.20586539 0.61045099 3.10690523 0.79205403
1.82189178 0.85641675 -2.96662411 0.51628514
1.85093919 0.62937426 3.02949901 0.77710234
-3.94047277 0.81907735 2.39471264 0.57368310
-3.08515240 0.88417012 -4.54470825 0.46716507
-3.49867459 0.71695070 1.85225002 0.69712387
-3.32850471 0.70459760 -5.15385166 0.70960709
-3.17618277 0.68196576 1.92548125 0.73138410
-3.77875785 0.92470488 1.16046381 0.38068477
2.96151630 0.77743439 1.74490522 0.62896404
-4.01557614 0.92319911 0.77794354 0.38432200
2.98355191 0.94651182 1.02855519 0.32266914
2.89830005 0.58942004 1.13956725 0.80782673
3.60249631 0.81311216 2.85074066 0.58210704
-2.29417902 0.70984587 -4.88503151 0.70435704
-3.41916117 0.67580161 1.51944628 0.73708356
-2.97696809 0.88584045 1.61376083 0.46398998
3.38685692 0.70518562 2.04151128 0.70902273
-3.42472202 0.93687122 0.48543540 0.34967458
-2.49994539 0.70308350 3.30636111 0.71110730
-3.18439849 0.90445096 2.25606276 0.42657762
-2.57198236 0.91854097 -3.08686897 0.39532579
1.43359233 0.46616311 -3.90601962 0.88469879
1.47899371 0.43160031 2.76221079 0.90206495
-2.01317084 0.59599311 2.51963185 0.80298955
-1.02153740 0.83637179 3.58541533 0.54816260
-1.34529216 0.75498441 3.85839518 0.65574274
5.11039989 0.81461531 2.76838873 0.58000164
-1.53251585 0.64881597 2.66015420 0.76094536
1.01521977 0.34876352 2.97301589 0.93721076
-4.70105002 0.33838733 1.76554500 0.94100691
-2.21243381 0.64169472 2.23952475 0.76696016
4.37845384 0.89796155 2.92478854 0.44007392
-2.49301615 0.62252359 2.73857414 0.78260103
-2.25486080 0.80254954 -3.71759963 0.59658549
3.74552633 0.92845225 2.49516895 0.37145177
-2.87829578 0.79972566 2.15399795 0.60036562
-1.85527306 0.81293851 2.72482757 0.58234953
3.35622765 0.92938714 1.74318559 0.36910641
3.63359639 0.91019868 3.41784615 0.41417189
-2.72712463 0.87110125 2.74790837 0.49110346
-3.13128914 0.70434888 1.27330044 0.70985396
-4.57190807 0.98946820 0.63725106 0.14475038
-3.75861394 0.98071949 2.65878717 0.19542080
-2.72849603 0.66898570 1.02710917 0.74327527
2.90766942 0.53767546 -4.75084014 0.84315188
2.69088750 0.66144314 -4.85130193 0.74999531
-3.37708164 0.75207925 2.62554397 0.65907268
-2.81294512 0.56276980 1.73385755 0.82661366
3.19505518 0.83079002 1.85517882 0.55658597
-3.80099467 0.72307728 2.04056023 0.69076715
2.79957652 0.78396761 0.59846031 0.62080173
-5.16070451 0.58616701 1.29109160 0.81019025
-3.67869809 0.74618703 2.19723995 0.66573637
1.22800590 0.17080014 2.10872386 0.98530569
-2.97618098 0.57565340 1.79759923 0.81769381
-3.72124412 0.61901105 1.41677355 0.78538228
-2.85129253 0.92527901 1.35014213 0.37928717
3.82671747 0.91489867 0.97165005 0.40368358
-2.20478708 0.54591041 0.95702315 0.83784356
-2.57857450 0.25762209 1.13894939 0.96624576
4.12221538 0.16806651 2.38784484 0.98577566
3.68875968 0.18537217 2.70401737 0.98266839
4.43560739 0.64996615 1.56862791 0.75996316
-2.10605838 0.99196215 2.33104255 0.12653493
-1.67981213 0.93846931 3.23657131 0.34536264
-1.31884037 0.90451257 3.27379614 0.42644695
-1.47702725 0.89688725 2.57360408 0.44225927
-0.53474782 0.53575383 1.76669015 0.84437423
1.49909888 0.50591649 1.66310839 0.86258246
1.26779139 0.54918743 1.12314520 0.83569921
4.56058400 0.68422265 -6.01742519 0.72927318
-2.12783682 0.47021562 2.77015973 0.88255157
3.74880982 0.58049492 2.35480155 0.81426387
-2.44964239 0.66297912 2.29089537 0.74863788
2.80283074 0.22543185 1.94574704 0.97425894
1.83784204 0.44525302 2.39638827 0.89540480
4.98883053 0.50729647 3.18713680 0.86177160
-2.12382031 0.94386155 -2.33547762 0.33034131
4.18223531 0.60505643 3.52693000 0.79618259
3.58663291 0.69342563 2.35575587 0.72052820
0.48036915 0.35437833 -5.01482178 0.93510213
-4.10004477 0.75701633 -4.42503951 0.65339596
1.87788265 0.26326836 1.84240160 0.96472264
-2.96613008 0.89694339 1.32429127 0.44214540
4.69792608 0.04195471 -4.67874154 0.99911951
-2.48182164 0.49023814 2.06186836 0.87158853
-3.44716028 0.46041644 1.52019112 0.88770305
-3.96883432 0.54860584 0.98026152 0.83608112
-2.97076158 0.79477940 1.60243543 0.60689843
-2.76889065 0.75343132 2.49664851 0.65752661
3.51073694 0.96566114 1.75802755 0.25980484
-3.38934664 0.82464636 -0.32141367 0.56564864
3.16341559 0.82399173 1.52051055 0.56660183
-3.14873055 0.87284658 1.82985567 0.48799473
2.63246492 0.54815771 1.96103642 0.83637499
-3.77632702 0.36482936 1.79313303 0.93107440
-2.48652714 0.40063947 1.48522928 0.91623579
-1.12125046 0.65981653 0.69534055 0.75142674
2.94420713 0.44722950 0.06462225 0.89441924
-2.80236207 0.27235681 0.95587242 0.96219632
3.51809725 0.25914801 1.83409793 0.96583762
4.47841362 0.78060473 1.41248214 0.62502500
5.63786116 0.26300817 -5.07659146 0.96479361
5.23850226 0.58055768 0.81563770 0.81421912
-2.21197297 0.41900706 0.68398398 0.90798297
-2.22780210 0.32082893 1.34104547 0.94713716
-1.08196281 0.73851098 1.05145651 0.67424145
0.27103173 0.38690196 1.08950811 0.92212085
0.30206161 0.69826398 1.59171580 0.71584036
-2.97180445 0.43165480 1.33675824 0.90203888
-2.65427786 0.41381709 1.04402749 0.91036005
4.28652087 0.73657353 -4.07759895 0.67635748
-1.70648055 0.88875522 -4.28174426 0.45838210
-2.48913807 0.26345184 1.03804521 0.96467255
-3.14875112 0.60934641 1.79005109 0.79290412
3.51289107 0.47771643 -3.72578223 0.87851409
4.59970664 0.42910253 2.90888628 0.90325579
-2.10329892 0.64784249 3.63540858 0.76177432
4.83548885 0.66979531 2.69580421 0.74254578
-2.56004428 0.61651822 -4.53613559 0.78734064
3.21173172 0.69554885 0.80067040 0.71847881
-1.03239205 0.78846441 0.47819188 0.61508037
-1.99113102 0.81369988 1.84562239 0.58128522
3.93626549 0.85386088 1.22329525 0.52050129
4.19738075 0.51191426 1.49156779 0.85903655
3.43386679 0.62052636 1.85891699 0.78418559
-3.21929552 0.81112936 0.97803112 0.58486679
-3.06589754 0.63314068 -4.61693319 0.77403674
4.49874775 0.76817897 2.11418318 0.64023517
4.33223531 0.63870377 2.62642845 0.76945272
3.79398822 0.51261108 3.30087564 0.85862092
-1.66523762 0.32364843 -4.18010071 0.94617741
-3.27882625 0.85729004 1.99606234 0.51483374
-2.92531464 0.82785679 1.38220952 0.56093952
-4.51736248 0.52532400 2.04479408 0.85090228
2.54059708 0.78805283 1.80484765 0.61560762
-2.31898538 0.61712843 1.41192672 0.78686244
-2.03798175 0.86389604 0.97959651 0.50367016
-0.90671652 0.42224763 0.41100652 0.90648052
4.14712112 0.33509372 0.14465430 0.94218480
-3.22466716 0.49391703 0.02535418 0.86950904
-1.31422291 0.50313015 -5.94195446 0.86421065
0.12356573 0.72520829 1.25337531 0.68852955
-0.29152100 0.89851200 1.62274744 0.43894895
-1.10853571 0.83176887 -5.73740799 0.55512209
3.32837887 0.46514759 -5.91523726 0.88523315
5.21596781 0.37692699 -5.75563045 0.92624297
1.75643897 0.38855393 1.10181242 0.92142598
5.12314654 0.31287893 1.01426860 0.94979302
5.08029084 0.69519830 0.99063205 0.71881801
1.57101216 0.39596838 1.33763771 0.91826415
2.77890089 0.80995072 -5.40328205 0.58649794
-2.98097643 0.98396286 2.85580403 0.17837347
-2.68126954 0.88214098 2.05691389 0.47098544
-2.94679197 0.68072609 2.79537104 0.73253805
-2.47443358 0.94520841 2.30090943 0.32646756
4.32696689 0.83868707 3.27835087 0.54461363
-2.82005447 0.83961979 2.02023600 0.54317457
-1.72099819 0.95732931 2.63981084 0.28899931
-2.22916307 0.87189286 2.23279325 0.48969669
4.65310526 0.33910854 -4.90204779 0.94074726
-0.93736101 0.78997633 -5.40322162 0.61313734
-2.16005577 0.54294817 -4.06249039 0.83976621
3.03514307 0.92396240 0.95059609 0.38248331
-3.33970332 0.38616371 -4.60993507 0.92243026
3.00146049 0.94583126 1.57846211 0.32465863
3.04478497 0.70368286 1.02587819 0.71051420
-3.73876088 0.97055626 1.75353839 0.24087455
3.43474285 0.73904328 -3.64145910 0.67365795
4.23724946 0.90342204 2.46255461 0.42875240
-2.69254627 0.91948539 2.60336566 0.39312417
2.50973151 0.37668475 -4.76316242 0.92634151
2.92856839 0.77492898 1.10802896 0.63204832
-2.98892743 0.81431897 -4.11701561 0.58041762
3.26317767 0.76184090 0.92550311 0.64776419
2.86008074 0.52323952 0.85016932 0.85218566
2.77525856 0.25621432 1.32051666 0.96662000
4.47875570 0.16336168 -5.41685391 0.98656625
-1.63040200 0.23678150 0.37800013 0.97156293
1.99939846 0.60266058 0.89184860 0.79799763
3.13524621 0.48809360 1.30087660 0.87279129
-3.25750595 0.18069674 0.67224809 0.98353886
-4.41584079 0.30774818 0.68836278 0.95146784
-0.80443594 0.77305956 0.91624835 0.63433344
4.18092301 0.40057305 0.20186455 0.91626483
3.17094163 0.73635297 0.43536796 0.67659760
2.05691201 0.41572499 0.73896884 0.90949037
2.35722903 0.31824169 0.61032169 0.94800961
2.84955895 0.37486528 -5.55453347 0.92707929
1.01287808 0.68427516 0.71303942 0.72922390
-2.97760583 0.37753156 1.31106501 0.92599672
-3.08351785 0.83249586 0.97576871 0.55403127
3.71731606 0.66541219 1.67004674 0.74647614
3.66736448 0.99885836 1.37840392 0.04777002
-2.27629375 0.63569768 2.53725652 0.77193812
-2.94524443 0.67461018 2.69036756 0.73817417
3.84860859 0.55476304 -3.45433806 0.83200839
-2.60253713 0.50223588 2.17508318 0.86473066
-2.19047445 0.72714149 2.10485427 0.68648762
-1.83298145 0.74149262 -3.12613726 0.67096102
-0.79540556 0.69368435 1.82588698 0.72027913
2.27762990 0.24525437 -4.39410275 0.96945876
1.79473465 0.20986782 2.33967895 0.97772977
-2.54027323 0.62691508 2.35601044 0.77908759
2.84473347 0.68277114 2.06239433 0.73063231
2.76189534 0.91062545 2.04595197 0.41323273
2.92931320 0.97531118 -5.03312211 0.22083501
3.13068481 0.83644333 1.73262457 0.54805342
3.71440888 0.61013997 2.12019352 0.79229364
-2.57648929 0.66659982 2.17895148 0.74541577
4.04061544 0.22881050 2.25794630 0.97347098
-4.30195422 0.34496034 -4.62100058 0.93861726
-3.81332349 0.40552658 -4.96241743 0.91408325
-2.98755522 0.57798644 1.83727290 0.81604637
-1.13715032 0.25714638 1.07435627 0.96637246
-1.50593402 0.50394140 1.22756540 0.86373785
4.53082489 0.72725499 2.27538876 0.68636738
-3.90901724 0.61966554 1.35499507 0.78486599
3.12522220 0.84812630 2.03483438 0.52979410
-4.14381713 0.97619385 0.45102981 0.21689989
2.00093796 0.46503507 1.25417085 0.88529226
2.10085335 0.39984667 0.30420068 0.91658204
-0.00677739 0.33805797 0.68506020 0.94112529
-3.78482464 0.48556841 1.30091860 0.87419867
2.65251333 0.83246684 -0.01871019 0.55407487
-3.37714475 0.56073412 0.30157784 0.82799592
1.11058837 0.33219155 1.38103050 0.94321195
-1.45344255 0.18543026 1.25638322 0.98265743
-1.35072600 0.42185434 0.65641125 0.90666362
-1.04784763 0.86587257 0.84600554 0.50026462
-1.56089741 0.82326198 2.93315670 0.56766161
-2.94258481 0.54278760 1.96568425 0.83987000
4.16934636 0.53329361 1.80187783 0.84593022
-2.01822669 0.71845082 1.97458715 0.69557776
3.66060203 0.63407352 2.62240384 0.77327276
-1.29041580 0.88227792 3.53524002 0.47072887
-2.21804581 0.76350600 2.84538622 0.64580073
4.42297166 0.82635643 2.65860077 0.56314745
-1.23763004 0.89725400 1.60957480 0.44151474
0.40461129 0.68237397 1.18814752 0.73100326
-0.23040623 0.88786419 0.64773555 0.46010561
0.11171707 0.36079952 1.84874697 0.93264340
-1.62620877 0.57111541 2.44020759 0.82086977
-2.59298312 0.72975162 3.25178221 0.68371234
2.64723285 0.80569074 2.15913351 0.59233642
-3.12562871 0.71537365 2.16919487 0.69874211
3.37028207 0.72270847 1.87150591 0.69115300
2.48128640 0.09709567 1.57102864 0.99527505
-0.21691078 0.44754329 1.76583126 0.89426227
0.06465749 0.25381633 -5.02123851 0.96725243
-3.67830309 0.88359247 1.24519092 0.46825671
3.16473266 0.39126855 1.09507928 0.92027655
3.49253289 0.62726160 2.50681312 0.77880863
-3.64823736 0.53402422 1.45327870 0.84546918
-3.38605726 0.34365687 1.49385004 0.93909528
-2.82890011 0.49729579 1.26867128 0.86758106
-3.77256336 0.17109583 0.70938950 0.98525439
-4.73914380 0.81116909 1.74431611 0.58481168
1.68052074 0.77969671 1.08544938 0.62615736
2.15043210 0.22350570 1.14386246 0.97470262
4.16011819 0.38915059 1.39832074 0.92117415
2.72423903 0.42894770 1.00415038 0.90332933
-0.11964731 0.66997657 1.96130322 0.74238225
0.41050516 0.73408446 1.20892481 0.67905817
0.67873001 0.45802753 1.29551656 0.88893801
4.25364189 0.32861877 1.60958758 0.94446265
2.41309778 0.34960594 -4.32842018 0.93689684
-1.95507607 0.28020739 0.80771989 0.95993949
0.58394369 0.56193540 1.04632776 0.82718112
0.01975629 0.76382851 0.97920716 0.64541925
-1.22893758 0.73690188 1.72437964 0.67599972
-1.97357226 0.10080118 -3.83930110 0.99490659
1.22353088 0.26942361 2.66239596 0.96302176
3.85060465 0.81951596 1.64027624 0.57305637
3.30426772 0.93060590 1.76183653 0.36602276
4.59358297 0.29772495 -3.13966321 0.95465169
4.72404311 0.57204760 3.47284612 0.82022042
4.58949882 0.88436144 -3.02975754 0.46680278
-0.77141529 0.93753158 2.48622535 0.34790018
-0.42056363 0.89360892 2.26339079 0.44884640
0.30470625 0.70555668 1.17201571 0.70865349
-2.02439013 0.17101714 -4.61139508 0.98526805
3.63255488 0.68046544 -3.74208410 0.73278017
-3.18013643 0.91710899 1.83802329 0.39863656
-3.84133983 0.66336280 1.40878171 0.74829793
-3.89430631 0.86549784 0.41405250 0.50091266
-2.59608022 0.05880802 1.43505574 0.99826931
-2.91288928 0.68608378 2.00689482 0.72752255
-2.23574341 0.78501804 -1.14224550 0.61947291
2.06567107 0.49267314 5.08103335 0.87021444
-4.46682805 0.58580087 -0.70159066 0.81045502
-4.39464147 0.80048311 0.51461940 0.59935532
-3.02641900 0.86556304 2.29032084 0.50079998
2.92852681 0.74192293 1.53888701 0.67048518
-3.84046945 0.64293004 -5.09744799 0.76592491
-2.35785529 0.83770950 0.51736541 0.54611609
4.06636457 0.30584305 0.87931816 0.95208195
-4.07830961 0.65835049 -4.87844285 0.75271152
1.58080775 0.95481130 1.90379459 0.29721267
-4.15710593 0.77986784 -4.83882633 0.62594421
3.41231302 0.59434347 0.05014754 0.80421131
-6.25094335 0.27247799 1.49086136 0.96216202
0.11817355 0.37041105 1.25963517 0.92886794
-5.14519555 0.50171124 1.62639738 0.86503516
-4.41685803 0.33438331 1.28686166 0.94243716
-2.92746231 0.12723940 1.32244692 0.99187204
1.05016905 0.36232100 -4.30760593 0.93205337
-0.78993660 0.45026455 1.36601887 0.89289520
-0.14608799 0.43051404 0.82439851 0.90258388
-0.46581188 0.39812490 0.64774718 0.91733122
0.93642134 0.56627901 2.12641403 0.82421362
2.73215951 0.08501149 1.77139140 0.99637997
4.18184054 0.04482550 1.47465119 0.99899483
3.24623013 0.60879515 1.23553836 0.79332746
2.81969060 0.54021247 1.62260704 0.84152866
3.73339679 0.49522442 2.69919659 0.86876508
-2.01569005 0.48921144 2.83172872 0.87216522
-2.24654265 0.73635027 2.40972136 0.67660053
-0.48445901 0.70918735 -4.85471962 0.70502007
3.04801851 0.35566189 1.72447501 0.93461469
-0.61263650 0.45095360 1.65679646 0.89254739
-3.25677818 0.18326426 1.80727519 0.98306369
-2.78247752 0.43223092 1.69420557 0.90176296
-2.98482049 0.51584949 0.55908074 0.85667923
-3.56564144 0.50011524 0.78407202 0.86595886
2.49492023 0.72279294 -5.78639470 0.69106467
3.17606783 0.61358006 0.73580439 0.78963251
3.42160613 0.69839683 1.69344845 0.71571074
-2.61829903 0.93654639 -1.68325713 0.35054365
-3.89333759 0.99640497 0.81855756 0.08471797
-3.83378256 0.83464471 3.13758875 0.55078872
-4.19830392 0.28987234 3.19384173 0.95706532
-2.61161771 0.52666608 -4.99881761 0.85007226
2.19098830 0.92669833 0.89679309 0.37580607
-0.51349926 0.03597099 0.85270841 0.99935283
4.02665511 0.25960570 1.12769341 0.96571470
1.62387771 0.59723521 -0.18288790 0.80206615
0.63632833 0.74450378 -5.31204449 0.66761824
1.75465011 0.66935263 3.40083954 0.74294485
2.15964164 0.57663017 0.54297795 0.81700529
2.84274773 0.32915807 0.77405566 0.94427484
1.90354454 0.52901695 1.14964220 0.84861126
-3.70737886 0.79062308 1.43638217 0.61230315
-5.37800568 0.41798289 1.82903709 0.90845490
1.92173418 0.35697442 -5.52364435 0.93411416
-2.19645484 0.24160036 1.78664775 0.97037584
3.94358209 0.18738710 2.11869732 0.98228615
-0.51373376 0.38877084 1.42153821 0.92133448
-0.00914548 0.75128132 1.63339566 0.65998210
0.60863159 0.67023432 1.70462204 0.74214955
-0.51854096 0.56450213 2.21707172 0.82543161
-3.73305263 0.07490074 1.55659819 0.99719099
1.72031121 0.21125040 0.80717899 0.97743198
-3.40724936 0.58008456 1.65193130 0.81455626
-3.64216568 0.76829224 -4.80188102 0.64009924
-3.07277607 0.76289091 2.25626726 0.64652723
4.56686231 0.50769230 2.71530059 0.86153846
-2.04910498 0.26148071 2.84372141 0.96520870
3.73304163 0.66262441 2.03578284 0.74895186
-2.55387480 0.31049579 2.51853069 0.95057475
-1.23083818 0.69798846 -4.82387468 0.71610900
-3.73089077 0.63645355 -4.67782818 0.77131503
2.97889015 0.60004460 1.69792262 0.79996654
-2.57070960 0.87647391 3.22770410 0.48144935
4.89991695 0.35292814 1.16121259 0.93565043
-1.29197623 0.13437049 0.38992061 0.99093116
-4.12296665 0.25909855 0.59514724 0.96585089
3.30602479 0.70330891 1.75099770 0.71088436
-3.50802679 0.96309755 1.82207690 0.26915259
3.39719677 0.92506125 -1.82190801 0.37981796
-4.13690532 0.83502356 4.01741064 0.55021418
-3.95417634 0.82523043 -2.61558482 0.56479619
-3.45422660 0.71264586 1.92446264 0.70152397
0.69892266 0.13315151 1.12775562 0.99109569
2.70658636 0.52089223 1.07058684 0.85362245
0.65699681 0.29421103 1.89640246 0.95574048
-3.62752048 0.54528670 1.49539588 0.83824962
0.40299075 0.74760151 -6.07311933 0.66414756
-3.37034295 0.27579052 1.48174664 0.96121776
0.19175581 0.35944265 1.27549610 0.93316718
1.20571811 0.53432269 0.67894988 0.84528058
-4.54504632 0.91085134 1.10084115 0.41273459
1.35310708 0.92978275 1.52562718 0.36810872
-4.41996298 0.66037564 1.95447891 0.75093543
2.51504761 0.50890040 1.41266630 0.86082541
-3.19717237 0.41389596 1.60787695 0.91032419
-5.29126471 0.52460178 1.89661632 0.85134774
-0.55710310 0.89104429 1.02356857 0.45391638
-0.38556285 0.57048434 2.25759651 0.82130848
1.06720454 0.68033373 1.69302112 0.73290246
-0.38424016 0.19649084 -4.81048078 0.98050566
-0.96052035 0.31989006 1.99081813 0.94745467
-3.44357828 0.37581559 1.77627777 0.92669447
2.41752283 0.21838180 2.37818755 0.97586341
-3.56753783 0.74511880 2.32817540 0.66693176
3.21864432 0.73814395 1.44662439 0.67464324
4.32800034 0.74265746 2.43718933 0.66967148
-2.32375713 0.56789898 3.14013251 0.82309826
0.30398488 0.42218557 3.00998893 0.90650943
-2.31620387 0.26786539 2.51446752 0.96345635
4.26413684 0.80013726 0.54703620 0.59981694
-2.66188606 0.91758406 -5.30554242 0.39754180
4.15572879 0.58550411 1.40120142 0.81066944
-2.02222883 0.76646778 -4.17423738 0.64228276
3.42411002 0.67698902 1.31113945 0.73599311
-3.28124682 0.46365846 1.59926305 0.88601401
4.00217383 0.91605410 0.90839775 0.40105472
2.98424929 0.70358766 1.37755117 0.71060848
2.49354637 0.99441498 0.57390482 0.10554076
-3.88642599 0.67850450 -2.37022824 0.73459624
-3.34306376 0.68310073 -1.66789847 0.73032417
-4.01867202 0.78783953 3.58708357 0.61588057
-4.80148861 0.66767879 2.48085184 0.74444948
-4.21806829 0.56885040 2.40501750 0.82244101
-3.29853211 0.66489818 1.09042684 0.74693401
4.06156603 0.63610257 1.17546480 0.77160451
-4.40329233 0.53863689 0.85640938 0.84253801
-5.03934020 0.52689480 -6.17771149 0.84993051
-4.36009863 0.85754577 0.15282475 0.51440766
2.13610933 0.93584486 0.30239404 0.35241226
2.34376292 0.40243086 1.15080950 0.91545038
1.13063291 0.92003059 1.45462863 0.39184654
-0.00448926 0.78842794 1.43424896 0.61512713
1.42462471 0.19422624 2.09861097 0.98095676
-2.11659692 0.51926452 -4.18179793 0.85461357
3.74310789 0.50288946 1.62205286 0.86435073
1.46706563 0.17436043 1.78965881 0.98468190
-0.57647225 0.57058294 0.97889125 0.82123998
0.28032659 0.20391672 1.81873785 0.97898824
3.06015032 0.19377682 2.08689827 0.98104564
-1.84822351 0.40891311 1.96500278 0.91257332
-3.27012644 0.32631186 1.73982718 0.94526217
3.51934952 0.68119161 2.32469456 0.73210517
2.22605743 0.03616818 2.10747126 0.99934572
1.93214692 0.83522174 -3.50413375 0.54991330
-2.52688177 0.67485380 2.05068886 0.73795145
-3.56797281 0.68334168 2.59943951 0.73009873
3.97143679 0.73135720 -2.83327663 0.68199461
4.83098981 0.14293942 -3.74421938 0.98973144
3.87416755 0.38626035 2.83881306 0.92238980
4.12626351 0.95095427 -5.51519813 0.30933151
-1.85937450 0.90749533 1.27781003 0.42006217
4.41073287 0.75209699 1.52059245 0.65905244
3.32382755 0.23292874 1.80470437 0.97249380
3.09737283 0.62354953 0.85410098 0.78178385
3.12095099 0.67925955 0.48452769 0.73389813
3.50783222 0.96225830 2.01631393 0.27213776
2.99923852 0.79292112 1.17816101 0.60932429
2.80623351 0.64208780 2.19912554 0.76663111
2.66217062 0.87176953 -2.64653716 0.48991620
2.57409854 0.93157009 3.42348771 0.36356177
-3.94821727 0.65790014 2.28522058 0.75310517
-3.27947342 0.68049061 2.22472608 0.73275680
-3.05702317 0.76288049 1.96820791 0.64653952
-2.68709046 0.75902557 2.26796968 0.65106082
2.81948886 0.60981583 0.98724860 0.79254316
-3.66786482 0.52494278 1.29954304 0.85113752
-4.48262418 0.55813078 0.88905962 0.82975300
-2.91567868 0.19043024 1.17551598 0.98170073
2.44075412 0.78226761 1.19900555 0.62294252
-4.93121712 0.96993477 3.74812055 0.24336503
2.09017892 0.53992246 2.20300275 0.84171476
3.19489940 0.74399984 1.53639653 0.66817979
4.66274194 0.57505768 1.36139632 0.81811287
4.27467773 0.39915746 1.98153114 0.91688239
0.06440299 0.68223847 1.24538093 0.73112972
-1.09163950 0.45409665 0.69476838 0.89095243
-0.96850308 0.54667633 -5.43735538 0.83734401
0.64687731 0.47491375 1.58004476 0.88003235
-3.30871012 0.38096372 1.99013009 0.92458999
-2.89978256 0.41184383 -5.03480544 0.91125444
-1.72057631 0.51506123 -3.83338552 0.85715339
-2.86152531 0.65536915 2.01285861 0.75530873
-3.73576854 0.31862705 1.62832857 0.94788016
-3.26492947 0.80843421 1.57011686 0.58858655
3.42040080 0.42803953 2.61805704 0.90376001
1.87907554 0.02458987 2.29297567 0.99969762
5.00554814 0.69402271 3.68845194 0.71995311
2.40649024 0.55869793 3.71301789 0.82937122
3.76657559 0.85523683 3.32804744 0.51823736
-1.29597314 0.74218673 -4.82688784 0.67019315
4.06897682 0.92707775 1.92537369 0.37486911
-2.82066912 0.88301328 1.89905340 0.46934801
4.26524219 0.75213722 2.29899936 0.65900653
3.39586297 0.93604648 1.08604832 0.35187638
-3.40134106 0.71901609 1.88475370 0.69499342
3.20153597 0.95587429 -4.71509784 0.29377601
-3.84394781 0.70742100 2.04049983 0.70679242
3.02609164 0.98007848 1.63432686 0.19861059
-4.57028713 0.91658322 0.74712317 0.39984396
3.46039116 0.26524860 1.01662822 0.96418006
-3.43923101 0.67231622 1.61860557 0.74026408
2.72965674 0.75790941 1.60867048 0.65235981
2.52472370 0.12593583 1.75916275 0.99203839
3.07200650 0.54724335 2.33479152 0.83697355
-3.19949472 0.85538430 1.90656303 0.51799392
3.80838481 0.65675315 1.17253468 0.75410563
-3.25805861 0.77840509 1.49707390 0.62776231
-2.56323727 0.44820624 1.29086378 0.89393018
-4.61364590 0.95224294 1.52311280 0.30534144
1.92402281 0.95262268 0.32791077 0.30415460
0.59623637 0.50577317 1.53645237 0.86266651
-4.04201767 0.71774355 2.55434714 0.69630754
-2.20205142 0.24014397 2.05757732 0.97073728
-2.66545713 0.51751211 2.26315999 0.85567588
2.88314213 0.08209804 1.51354393 0.99662426
-3.78466195 0.38518464 -5.17596455 0.92283953
-0.54190288 0.42544691 0.72108000 0.90498338
1.26602673 0.24299155 0.85328387 0.97002840
-1.57188680 0.65748535 2.03453215 0.75346733
-1.87561393 0.61167584 -4.93809656 0.79110851
4.01492572 0.68709007 1.31604270 0.72657225
3.69285921 0.61756298 -4.28358648 0.78652143
3.68255188 0.88685291 -0.39185872 0.46205186
3.93688597 0.78896447 1.82094162 0.61443883
3.27794992 0.80513823 -4.40925668 0.59308720
2.97758950 0.65117654 2.81712280 0.75892629
-2.74714179 0.33306409 3.41059422 0.94290419
5.70811697 0.84992313 3.22299674 0.52690670
5.13057694 0.67737902 3.33082517 0.73563419
4.41856349 0.63072030 3.27814462 0.77601025
3.64274172 0.98702441 3.41145223 0.16057026
3.43762516 0.85615723 -1.53307744 0.51671539
3.37704456 0.55070754 -1.46617837 0.83469827
2.92869607 0.84004517 -4.93975968 0.54251647
2.73738143 0.99196986 3.67214197 0.12647446
2.58355098 0.92271478 1.27888681 0.38548338
2.35374630 0.75324254 -4.47261205 0.65774287
-3.88559394 0.23976576 2.43157849 0.97083077
-3.58648159 0.91998963 2.33795654 0.39194269
-0.32970544 0.57519234 0.86583067 0.81801820
-2.85874417 0.53773310 1.47662614 0.84311512
-3.44915417 0.75964488 1.05437198 0.65033811
3.48166017 0.86425521 2.08932433 0.50305360
3.25710688 0.77122079 2.44659325 0.63656775
3.11964989 0.61099296 1.73437090 0.79163603
-2.94625763 0.55424197 0.67451967 0.83235559
2.00513142 0.69716713 1.11540655 0.71690864
2.17355870 0.88207096 0.68402020 0.47111658
-4.39914660 0.77173110 0.68063812 0.63594899
1.90262203 0.49512602 1.41309234 0.86882117
-3.52376181 0.32962983 0.76206769 0.94411025
-3.64265618 0.66655789 2.05159979 0.74545327
5.84037253 0.16238379 2.57832479 0.98672768
2.48680855 0.41339609 2.13272391 0.91055130
-2.51769269 0.14908193 1.90274053 0.98882485
-3.80844906 0.67025695 1.61163449 0.74212911
-1.68617763 0.91835108 0.98069747 0.39576671
3.32328174 0.34695730 0.94277165 0.93788093
-0.42761316 0.27740651 1.03622073 0.96075264
-1.69626679 0.48029528 1.92813212 0.87710686
-3.25656589 0.70103098 1.52340197 0.71313082
3.47460692 0.91284985 1.29919965 0.40829542
3.80071147 0.85265413 -4.80534615 0.52247578
4.03644622 0.77838363 1.03770566 0.62778892
3.92670766 0.71245377 1.90644075 0.70171905
3.12956371 0.74104753 2.11643711 0.67145257
3.50831182 0.94058657 1.06535645 0.33955397
-1.78571031 0.81395306 2.98114329 0.58093065
-2.30291674 0.70039898 -3.58750043 0.71375155
-2.21515343 0.91000788 -3.55529206 0.41459096
3.57542398 0.91772974 -1.45535679 0.39720539
-2.38209893 0.72053108 -0.88162362 0.69342264
3.80316945 0.58896584 4.75017976 0.80815793
3.44837916 0.76380498 4.52174166 0.64544709
-1.85491115 0.60824767 3.23352063 0.79374729
2.45678391 0.78704810 -4.43257297 0.61689164
-3.65688710 0.90112479 1.65463622 0.43355982
2.89022529 0.83903631 2.17267205 0.54407543
2.26546158 0.29145608 1.95978604 0.95658421
-2.57436419 0.38261310 2.29728844 0.92390866
-0.66078567 0.71457535 1.76722914 0.69955848
-0.91046074 0.74862957 -5.74092754 0.66298852
3.31952323 0.32613737 1.19983589 0.94532239
-3.45662656 0.41987290 1.89294183 0.90758291
1.91215503 0.69734743 1.36567314 0.71673325
-0.32451874 0.64840466 1.04758785 0.76129586
-5.32684099 0.82235629 0.07855568 0.56897287
-4.53619576 0.71632759 0.73821349 0.69776413
2.02290905 0.60710143 0.95592152 0.79462435
-4.39972247 0.91318245 0.22424965 0.40755099
1.38689644 0.89318406 2.28276910 0.44969127
2.54846820 0.71506178 -2.66535622 0.69906126
2.43364873 0.38015660 1.96701482 0.92492214
-3.74187631 0.27892850 2.30250457 0.96031187
-5.01361496 0.43390037 1.59336510 0.90096086
-0.81958497 0.39438876 1.79216534 0.91894369
-2.48358700 0.78814138 -4.50353052 0.61549424
4.23636038 0.86479537 0.86977532 0.50212445
-0.13830476 0.27863999 1.55750854 0.96039562
-3.49586625 0.25628642 1.80438204 0.96660088
1.38605993 0.63330479 1.06105173 0.77390247
-3.59641108 0.66001293 1.84646951 0.75125424
3.77258421 0.71149736 -4.13441509 0.70268877
-2.56633050 0.66746220 1.11977864 0.74464368
3.66626404 0.63950329 1.43468108 0.76878836
3.14392211 0.82506617 1.71903529 0.56503612
3.60162761 0.72088957 1.97087954 0.69304995
-2.41759879 0.74529479 -2.68651422 0.66673508
-1.70823420 0.95478262 3.94299349 0.29730482
4.75326874 0.98399066 -1.46228334 0.17822003
-2.35208531 0.94283961 -0.31472712 0.33324687
3.82993686 0.91713255 -2.22159583 0.39858233
3.19563524 0.93394308 2.51432801 0.35742178
2.47491391 0.74248248 -5.39006904 0.66986549
3.63612650 0.87796678 -4.39493531 0.47872155
-2.66689431 0.67769235 1.70693508 0.73534555
3.73261171 0.82685731 2.54792499 0.56241176
2.17896477 0.17223755 2.51684580 0.98505544
2.13195842 0.63362097 2.12349845 0.77364363
1.30177992 0.37151125 1.46247193 0.92842845
0.43815382 0.51342101 2.13736001 0.85813686
-2.68383420 0.75425357 1.50593866 0.65658324
-0.31217996 0.06067247 0.80221764 0.99815773
2.47617620 0.20845268 0.90627548 0.97803245
2.47944046 0.60986049 0.68220637 0.79250879
-4.07327227 0.58958025 0.64086794 0.80770980
1.64703959 0.94763508 0.38180359 0.31935522
-4.10269325 0.76758896 -0.08389057 0.64094242
2.25559961 0.96305922 0.09015496 0.26928969
2.06076481 0.90438515 1.36637970 0.42671712
1.98283622 0.94150063 -6.14152178 0.33701122
1.92750573 0.90546374 0.47930218 0.42442362
2.44881946 0.46143165 1.74932475 0.88717576
4.55493807 0.31589512 2.67038376 0.94879411
0.60127067 0.41589703 2.52487418 0.90941171
-3.03133187 0.44719513 1.91668680 0.89443642
3.85009368 0.89185800 1.64497602 0.45231550
-2.43709700 0.64573309 -4.27304148 0.76356321
-1.47476177 0.69462493 1.35757544 0.71937209
3.31768777 0.65284817 1.96744247 0.75748879
-4.19900221 0.74208434 2.27100211 0.67030652
1.84841846 0.37805195 1.33096801 0.92578438
2.33680393 0.72636624 0.94775046 0.68730785
-3.00162887 0.95170640 2.43322116 0.30700966
2.89148167 0.70438521 2.16034026 0.70981792
3.13371945 0.73631853 1.96502833 0.67663507
-2.57966521 0.84986504 2.91437833 0.52700040
3.14142930 0.89759362 -1.04580731 0.44082387
-2.79785120 0.86612013 -2.36166759 0.49983589
-2.80426495 0.54132554 5.14941217 0.84081310
4.63907444 0.49872470 0.66238047 0.86676045
3.75491039 0.93863138 -5.07212476 0.34492193
-2.94260332 0.94715060 1.00960537 0.32078924
-3.29190336 0.80038724 2.21262957 0.59948334
-2.59338900 0.86852606 1.05007229 0.49564350
-4.47570713 0.75819487 -4.61759497 0.65202802
1.37793055 0.35648537 3.04337724 0.93430091
1.88004285 0.89936695 -3.49158809 0.43719456
1.78354648 0.54144980 2.22863648 0.84073308
2.52741021 0.74614666 -4.38660377 0.66578162
1.19940343 0.08761407 1.94981603 0.99615449
-1.85289357 0.61019223 1.58493956 0.79225339
4.38623329 0.42969364 1.52153544 0.90297474
2.04766774 0.62766079 1.00084425 0.77848695
-4.49535629 0.45822278 0.73984009 0.88883738
-4.94422189 0.50275873 0.37346314 0.86442678
-4.72062696 0.80772397 0.27422071 0.58956084
2.05762116 0.61363040 -0.49124900 0.78959340
-4.05532010 0.59859452 0.14691893 0.80105218
2.56847649 0.54570135 0.45379975 0.83797973
1.96699890 0.66889116 0.57774093 0.74336036
-4.91552887 0.91678380 -0.27507533 0.39938386
-3.99331345 0.65423784 -4.53314679 0.75628886
2.12762167 0.76261782 1.39755108 0.64684933
-2.37920835 0.62750514 1.94967232 0.77861242
-3.82452491 0.51972013 0.99344711 0.85433657
-1.53424699 0.69908318 0.87272357 0.71504035
3.49408170 0.51643618 1.32325424 0.85632568
2.95462365 0.72682005 0.83459451 0.68682794
2.25463811 0.87043854 0.47456764 0.49227710
-4.05184039 0.96455316 2.51278710 0.26388863
-2.74479212 0.40200361 2.25372156 0.91563808
-3.49290351 0.72106154 2.67203912 0.69287102
2.86115390 0.49180122 2.90289556 0.87070751
2.91878198 0.91721633 2.89388024 0.39838952
-2.97250008 0.91300612 -4.73416691 0.40794586
3.88974915 0.89722546 1.11750535 0.44157273
3.23338180 0.34314106 -0.09982320 0.93928388
-2.87878037 0.66459878 -0.53305292 0.74720042
-3.02594074 0.93747632 -1.08655948 0.34804906
-2.33187114 0.86807661 -0.10674688 0.49643026
-2.64131766 0.93333467 -0.35862595 0.35900750
-2.89757923 0.95911445 1.81564391 0.28301849
2.89860348 0.95278643 -4.23409244 0.30364126
-2.64809985 0.60389211 2.12960983 0.79706607
2.15251300 0.59665100 1.17257266 0.80250083
0.25368316 0.72115639 -4.00925166 0.69277230
3.60119377 0.57658609 2.68065321 0.81703640
2.97503128 0.29091004 2.07619879 0.95675041
2.40443916 0.40083440 -4.39140418 0.91615052
-4.43347696 0.73634357 0.42317839 0.67660783
0.89414247 0.17646235 0.50200491 0.98430739
-2.95205029 0.59829485 1.11735896 0.80127603
2.68481311 0.46625984 1.30914962 0.88464782
1.90819080 0.62203159 1.04955389 0.78299215
3.20207252 0.89439366 0.28879504 0.44728065
-3.05646241 0.43555909 0.08510265 0.90016014
0.92934746 0.37243451 -0.31519502 0.92805848
1.75955611 0.43506434 -0.07394482 0.90039937
2.68546177 0.79375891 0.36056646 0.60823251
-5.61014271 0.59884838 -5.87215512 0.80086242
2.32286109 0.42795172 0.87118292 0.90380159
-4.84392042 0.34823309 0.90206730 0.93740798
0.72764171 0.43442862 -4.85869735 0.90070626
-3.75598608 0.39931727 1.34127750 0.91681281
2.12917154 0.47263418 -4.96187288 0.88125872
-3.28748475 0.73816310 0.85031524 0.67462230
-3.84621488 0.69847812 1.64931880 0.71563141
-3.44113124 0.85030771 1.31389736 0.52628585
-3.43129390 0.80017224 1.46995099 0.59977028
-3.00399558 0.84209416 1.97508233 0.53933053
-2.48758519 0.62658919 1.13454274 0.77934972
-2.33657637 0.82748819 2.44359183 0.56148313
-2.90879684 0.45724705 2.64798237 0.88933972
4.43261729 0.78454155 -3.57030083 0.62007625
-2.51729928 0.81930125 -4.62274328 0.57336329
-2.58702869 0.55087160 -0.08515516 0.83459001
-2.67828757 0.68431781 -0.74044663 0.72918388
3.86915342 0.62695932 -0.20266752 0.77905200
-2.22226875 0.93730798 0.75269013 0.34850216
-2.19120671 0.99132133 3.88348674 0.13146111
3.49610178 0.93450146 1.50249415 0.35595931
-2.67446554 0.77038296 1.87900295 0.63758144
-2.94264302 0.61770920 -3.78081627 0.78640660
-2.25643558 0.71679947 3.16674830 0.69727937
-2.58541004 0.75522143 -4.37707331 0.65546975
4.90304431 0.39441116 1.92373207 0.91893408
-2.86435268 0.73774689 1.86313201 0.67507742
3.03949715 0.90035959 2.02229897 0.43514666
3.16298476 0.67084868 1.35533858 0.74159426
-3.88584860 0.59319402 0.57697503 0.80505954
3.35523795 0.50081351 -0.86033834 0.86555521
3.63439763 0.81484889 -5.08078545 0.57967343
4.50396467 0.82189609 1.79807072 0.56963745
2.81134032 0.84862649 0.94914816 0.52899251
-1.43694634 0.34394201 1.55611772 0.93899089
-0.24361677 0.39261898 1.44718280 0.91970122
0.02081902 0.69123406 1.11998226 0.72263094
2.00351879 0.82801342 1.25539268 0.56070828
1.61462806 0.92335165 0.78870654 0.38395537
-6.18859299 0.47189111 0.69855618 0.88165684
1.86632999 0.35487808 0.35245164 0.93491259
3.10988587 0.27367849 -4.62567175 0.96182123
2.53834303 0.48428331 2.04158258 0.87491124
2.89646098 0.52524096 1.29346004 0.85095354
3.71503523 0.65402486 -5.55085453 0.75647306
3.11618443 0.62787933 0.21203773 0.77831070
3.70113171 0.55145125 0.58818479 0.83420712
-2.55121527 0.91002810 -5.36924939 0.41454656
-2.23026301 0.90172242 0.62430532 0.43231549
4.19503958 0.78496847 2.45488152 0.61953571
3.67947700 0.83048399 0.69305687 0.55704250
-3.25935722 0.99539553 1.83672443 0.09585265
-3.36125802 0.60480068 2.39407463 0.79637688
-2.35395027 0.66369208 2.28527920 0.74800590
4.18878115 0.87422842 2.14123873 0.48551484
3.67345823 0.99251988 -0.74196479 0.12208315
-2.75442231 0.89330579 -1.61017640 0.44944941
-2.75995674 0.75739833 -0.78254920 0.65295312
-1.48521402 0.85678209 -1.00225129 0.51567864
-1.58265842 0.64864202 3.68610466 0.76109364
4.21961338 0.86066650 2.80917810 0.50916910
4.22229876 0.93980921 2.43902868 0.34169966
-1.91859925 0.73124640 2.94996550 0.68211341
-2.02411540 0.50345046 3.09561533 0.86402409
-2.24808647 0.77797034 1.85878283 0.62830101
4.30696517 0.75482965 1.84525500 0.65592087
4.21104542 0.51726996 1.97369532 0.85582229
4.29838439 0.79082064 1.90264469 0.61204797
-2.51681331 0.75054630 1.27381738 0.66081786
-3.35537159 0.89737841 0.67428434 0.44126182
-3.45110229 0.81827109 0.60808353 0.57483251
-3.03232947 0.88046205 2.77795174 0.47411664
4.54942979 0.66616870 1.01330536 0.74580109
2.79320242 0.52993332 0.65422443 0.84803931
-1.94560696 0.85707868 0.61790243 0.51518554
-4.34568296 0.39832730 2.46809759 0.91724335
1.30632774 0.39579902 1.01669240 0.91833716
-4.45035826 0.69568625 1.66081183 0.71834576
1.58663812 0.98282540 2.45083313 0.18453789
