0.48671443 0.46462323 2.81726392 0.88550847
0.33368523 0.62451529 1.85926946 0.78101259
-0.54716805 0.72134811 3.91283096 0.69257267
0.07350298 0.49152118 1.69021929 0.87086562
1.87869401 0.87018355 3.17204221 0.49272771
2.14710823 0.61775471 3.26120716 0.78637085
0.96378223 0.66787915 2.28231265 0.74426974
1.74588180 0.75149439 2.81190251 0.65973948
0.56326595 0.72598777 2.08374879 0.68770762
0.57706030 0.83601568 -4.07691099 0.54870555
0.87609365 0.67623288 2.78873049 0.73668792
0.97986873 0.54939789 2.83473800 0.83556087
1.14930803 0.89541115 -3.03448029 0.44524025
1.11445750 0.73826822 2.42566546 0.67450726
1.49799357 0.46938051 1.85182960 0.88299600
1.18376905 0.51840123 2.94994314 0.85513751
3.53318182 0.71517619 2.07748868 0.69894422
1.25268723 0.91010021 2.52979152 0.41438823
1.69836198 0.84671740 -0.04737255 0.53204289
0.76369421 0.98660761 -0.26260077 0.16311166
1.00236962 0.62374244 2.07875524 0.78162995
0.23160444 0.72105361 -4.20679386 0.69287928
0.91636914 0.81135408 1.86764233 0.58455501
1.59525197 0.93962665 0.28052228 0.34220134
0.61139460 0.78805159 2.01578657 0.61560921
0.66554044 0.84428222 2.18714953 0.53589881
0.28903409 0.80326336 1.77295124 0.59562403
0.12462513 0.63813835 -4.01323457 0.76992172
0.51408009 0.59574330 2.57669244 0.80317490
0.44301511 0.55897280 -3.99408814 0.82918599
1.19903618 0.71115373 -3.16360690 0.70303653
0.74721462 0.76476541 -3.71552052 0.64430883
0.55796622 0.38809879 -4.17045735 0.92161778
0.38428068 0.79250509 1.94119839 0.60986529
0.66961240 0.62571483 2.07756895 0.78005189
0.30498765 0.73736733 1.26435634 0.67549199
0.58507822 0.65728610 2.23757634 0.75364115
0.98904775 0.68944245 1.85096569 0.72434046
1.01609037 0.09253638 1.50409321 0.99570930
1.41454683 0.76252305 2.52490597 0.64696105
1.19930808 0.90148219 3.15134170 0.43281620
1.43301054 0.94525919 -2.93825065 0.32632050
0.84444604 0.65687507 2.60236704 0.75399943
1.59199227 0.63457674 2.73929614 0.77285986
1.06818324 0.82563996 2.56006690 0.56419735
0.56572229 0.75523008 -4.41931465 0.65545979
1.12813838 0.93881584 2.36524952 0.34441954
0.62602848 0.69283694 2.11550702 0.72109429
0.70553557 0.89685825 -3.68398277 0.44231807
1.10625903 0.85388469 2.22254002 0.52046223
0.16913954 0.95086493 2.36023985 0.30960603
0.38013262 0.73019159 2.17033637 0.68324244
0.97400484 0.44268711 2.47550790 0.89667615
-0.75932029 0.87906934 2.86760792 0.47669392
-0.93907983 0.34734847 3.62563698 0.93773613
0.97988560 0.87143508 2.78393775 0.49051086
0.90464636 0.77554417 2.07459905 0.63129331
0.54958054 0.73347336 1.61046739 0.67971820
0.96229414 0.49528668 2.15627082 0.86872959
1.08848806 0.81389643 -3.92876320 0.58100999
1.05128815 0.42630784 -3.98463170 0.90457815
-0.24507674 0.84484203 1.23686387 0.53501583
0.00745847 0.78805408 -4.97159064 0.61560602
0.63297155 0.88241681 2.91175448 0.47046846
1.75163592 0.97068049 3.27065024 0.24037342
0.90283298 0.70762199 3.01621585 0.70659120
0.95818319 0.73075020 2.11975407 0.68264496
1.55703672 0.76038744 2.98144666 0.64946974
1.44527669 0.63634244 -3.63928010 0.77140670
0.51408775 0.62081838 -4.14610433 0.78395442
1.51693241 0.92950077 -3.46064369 0.36882018
1.17417795 0.86362567 2.43090282 0.50413362
0.18215200 0.80503162 1.99686765 0.59323191
1.57988580 0.74119674 3.01498062 0.67128786
1.64697375 0.64950832 1.99575753 0.76035449
-0.14369039 0.75280388 -4.83936031 0.65824488
-0.26149041 0.90128235 1.63006003 0.43323218
-0.27903038 0.67955492 1.25354764 0.73362464
0.34344918 0.79158880 -1.11684769 0.61105415
1.10260249 0.80149258 2.43587591 0.59800472
1.10481037 0.76792324 2.32909185 0.64054187
0.81652633 0.58645482 3.37731942 0.80998194
0.42834805 0.80669428 2.39577564 0.59096899
1.38644588 0.29645856 2.82832689 0.95504572
0.46272836 0.46902608 2.29429092 0.88318431
0.14614500 0.60504563 2.15714851 0.79619079
-0.09135152 0.60787777 1.82108534 0.79403061
0.45627025 0.87648795 2.44497373 0.48142381
1.69131339 0.47077743 2.51065264 0.88225201
0.34369737 0.78920246 2.00651533 0.61413311
-0.22784944 0.75621279 1.36746895 0.65432577
1.03708394 0.77833654 2.71583801 0.62784729
4.56007382 0.15417058 2.04127992 0.98804425
0.49642549 0.81694895 -4.48424883 0.57670999
0.14512567 0.81787323 1.59934557 0.57539845
-0.45690360 0.55163840 1.48380694 0.83408338
0.60606497 0.64602290 1.94569857 0.76331803
0.91774615 0.76403567 2.64194510 0.64517400
2.53242447 0.90744764 0.56743191 0.42016519
0.36628417 0.21142431 1.95517660 0.97739437
-0.59673695 0.78886610 1.40247151 0.61456512
-0.61898195 0.57223666 -5.66625739 0.82008853
-1.15033763 0.88761503 -2.92898310 0.46058610
0.06270097 0.48302139 -4.44331253 0.87560855
1.12840479 0.54299601 2.13304465 0.83973528
1.14754647 0.63198411 3.04865975 0.77498134
-0.24825612 0.64829766 1.04378804 0.76138699
0.64914878 0.62770098 1.90323123 0.77845455
0.66236962 0.79180536 2.34772857 0.61077350
-0.10786092 0.82428307 1.68244147 0.56617791
0.40680461 0.58175105 1.99570173 0.81336690
1.03568669 0.53979269 2.19278273 0.84179799
0.12400765 0.51914043 1.97455837 0.85468896
0.63445339 0.65642035 2.27787839 0.75439534
0.27236626 0.63737576 1.81852077 0.77055314
-0.25515482 0.74934955 1.21490635 0.66217464
0.61352388 0.39412785 2.35965987 0.91905562
0.41791162 0.72497215 2.16948142 0.68877818
-0.66503252 0.51631043 1.32337654 0.85640151
-0.18617349 0.67598980 1.71558923 0.73691098
0.24530150 0.06427312 -4.36111737 0.99793235
0.47051256 0.45011584 2.05245222 0.89297017
0.74578822 0.65531517 2.24526870 0.75535556
0.38252847 0.78955778 2.09861741 0.61367623
-0.80875998 0.85387960 0.70610118 0.52047059
-1.05124912 0.76682293 0.58329980 0.64185870
-2.70599962 0.09546923 0.18169396 0.99543238
0.31645209 0.78221443 -4.72592712 0.62300930
0.84483329 0.73272542 2.61615454 0.68052440
0.40495867 0.13214258 3.00609455 0.99123072
0.36084995 0.47893980 1.91394507 0.87784775
-0.33609819 0.70935315 -4.81776237 0.70485325
0.19516240 0.76279004 1.88090903 0.64664623
-0.46419205 0.71640030 1.66952946 0.69768948
0.29313765 0.56271275 2.28052017 0.82665250
1.06268773 0.81582383 2.58541832 0.57830051
0.28968435 0.82498800 1.70878235 0.56515024
1.75694154 0.72064581 2.68184445 0.69330341
0.44506279 0.77052879 1.78079508 0.63740519
-0.12147415 0.83688751 1.66286278 0.54737491
-0.13525289 0.82060391 1.06331819 0.57149735
-0.56095089 0.42318473 -4.80161635 0.90604342
-0.28878839 0.34877402 1.34114388 0.93720685
-1.17806282 0.36272053 1.59320245 0.93189796
0.11151015 0.80331415 1.66881093 0.59555552
-0.38574990 0.58640076 -4.96650822 0.81002108
-0.42386731 0.91612801 0.71018212 0.40088586
-0.61366418 0.97213225 -4.26734366 0.23443312
-0.97761920 0.83831691 0.59093495 0.54518323
-0.41585038 0.78076827 -5.17982852 0.62482070
-0.78113822 0.92516370 1.54439875 0.37956835
0.31040479 0.77954423 1.87985887 0.62634718
0.08442588 0.79230728 1.76945391 0.61012226
0.16594553 0.73724128 1.67341821 0.67562956
0.55433434 0.56913548 1.45157092 0.82224376
0.09336802 0.62937042 1.05173127 0.77710545
-0.00879187 0.70157382 -4.25239277 0.71259678
0.59226040 0.53884687 2.25113892 0.84240373
0.68854692 0.66696504 -4.50405502 0.74508901
0.31320186 0.66702119 -4.42377405 0.74503875
0.32856038 0.42241220 2.10553776 0.90640384
-0.06283834 0.33510698 2.11456175 0.94218008
-0.07497773 0.57271035 1.50515807 0.81975780
-0.87099240 0.44158683 1.15363153 0.89721852
-0.93086712 0.73930250 0.73457509 0.67337346
-0.16235496 0.73321235 0.91335813 0.67999974
0.25888364 0.78411155 1.81126400 0.62061992
-0.30070240 0.75455096 1.72400422 0.65624146
-0.50379948 0.80166083 1.80181662 0.59777915
0.64984653 0.67573653 2.43625996 0.73714323
-0.03231250 0.70034674 1.12667784 0.71380281
-0.33533251 0.53245273 1.02087137 0.84645974
-0.18858900 0.83227339 0.85370106 0.55436541
-0.18221988 0.68689637 1.18981248 0.72675538
0.18026540 0.59742473 0.93184707 0.80192499
-0.96654704 0.79233693 -4.80089239 0.61008375
0.08215745 0.55273945 1.80631837 0.83335413
-0.35431658 0.65665451 1.34801590 0.75419152
-0.20749663 0.54823179 -4.68654587 0.83632643
0.22035358 0.53430619 1.91020727 0.84529101
0.70752150 0.86442408 2.60161700 0.50276338
0.32764740 0.71178992 1.86506866 0.70239242
0.29095195 0.42516057 2.13161979 0.90511794
-0.60003580 0.82863473 0.84107624 0.55978968
-0.45298080 0.66561953 1.23552082 0.74629126
-0.14938557 0.42935501 -4.20376646 0.90313580
-0.02925642 0.81205498 1.63941104 0.58358094
0.44003000 0.42260701 1.09663315 0.90631304
0.54392839 0.69485589 -4.45181043 0.71914900
0.23745299 0.60724251 2.10618918 0.79451654
0.86904114 0.49500804 2.43136629 0.86888840
-0.32249231 0.87413734 3.39204760 0.48567881
-0.01358475 0.55261982 1.56390379 0.83343346
0.77810029 0.52694745 2.23782175 0.84989787
0.16219294 0.75688622 -4.94995163 0.65354666
0.23748127 0.85992691 1.23709000 0.51041720
-1.60897487 0.84904800 0.28981641 0.52831572
-0.47960760 0.69364193 1.61001528 0.72031998
-0.55595048 0.45504627 1.26699114 0.89046779
-0.36134073 0.68875807 1.45971011 0.72499125
-0.28583816 0.50118433 2.15013362 0.86534055
-0.13956366 0.73543672 -4.97753052 0.67759341
-0.38077411 0.84267205 0.49376023 0.53842717
-0.04913914 0.85634020 1.57196683 0.51641211
-0.68652316 0.81651358 0.87593143 0.57732623
3.47637356 0.24980892 0.34925431 0.96829515
0.62983303 0.56163310 1.73452959 0.82738640
-0.19329296 0.65597967 0.87899783 0.75477856
-0.96091185 0.66904446 0.77382501 0.74322238
-0.73062461 0.56463808 1.41943078 0.82533862
-0.88768966 0.61774857 -5.40064166 0.78637568
1.14450469 0.33814099 1.02265335 0.94109546
0.60791367 0.75923164 1.67138817 0.65082050
0.21519299 0.99951203 -3.06894879 0.03123611
0.27777000 0.78124354 -1.81854010 0.62422634
0.33311697 0.80651483 2.10122493 0.59121386
0.45293278 0.86458179 1.73028662 0.50249212
0.92572691 0.79320736 3.05786369 0.60895162
0.73693344 0.62959296 2.26262397 0.77692516
0.30388972 0.99231878 2.29010437 0.12370707
-0.11249863 0.94233018 1.41791497 0.33468469
0.11772136 0.85043178 1.57377310 0.52608535
0.03703719 0.65347872 -4.94650551 0.75694489
-0.14100629 0.61534186 1.53196093 0.78826036
0.41251084 0.66553308 1.82098883 0.74636835
0.22468095 0.74568581 -4.37577386 0.66629773
-1.20797632 0.48802494 0.39832654 0.87282968
-0.27771960 0.65571859 1.31398062 0.75500538
-0.71972438 0.77741609 1.01970643 0.62898666
-1.04839727 0.68519871 0.48235670 0.72835618
-1.01831375 0.49533375 0.48587216 0.86870275
0.04710624 0.71673007 1.34018763 0.69735071
-0.31780607 0.85414819 1.34484165 0.52002968
0.20770350 0.78365298 1.60638659 0.62119885
-0.85145565 0.64621393 1.19319463 0.76315631
-0.75226375 0.75633971 1.11084051 0.65417906
0.21578400 0.78271948 1.97812218 0.62237466
0.33246301 0.92198968 1.56264894 0.38721445
0.21626761 0.81181270 4.62143180 0.58391793
0.08449640 0.93567186 -4.04988405 0.35287133
1.35592862 0.82761434 2.99846419 0.56129717
0.73386747 0.50937133 2.98003453 0.86054683
0.58648395 0.84499060 2.01716071 0.53478115
0.80142021 0.57612928 2.88365933 0.81735859
1.65643316 0.59354086 -2.92077358 0.80480386
0.00651284 0.87642625 2.03032326 0.48153612
-0.49883658 0.88324062 1.61904492 0.46892004
-0.38449508 0.83184251 -4.32518869 0.55501174
-0.63194144 0.69688611 -5.07035456 0.71718181
-0.09745730 0.69641156 1.77256372 0.71764262
0.58392133 0.76035214 1.68365782 0.64951107
-0.11857087 0.53461706 -5.23195375 0.84509443
-0.27023710 0.70450480 1.13159967 0.70969923
-1.08851460 0.70972494 0.78107049 0.70447889
-0.91695962 0.59772586 0.67680200 0.80170056
-0.58281351 0.60259142 0.72866828 0.79804986
-0.78630254 0.40100032 1.06490518 0.91607791
-0.02452010 0.71232841 1.69779868 0.70184630
-0.46836953 0.60707096 1.24340928 0.79464763
-2.20907449 0.31650111 1.29433256 0.94859214
0.35084635 0.62392250 1.77556078 0.78148622
0.88128975 0.77009401 2.89421113 0.63793042
0.51861996 0.66113350 4.74967072 0.75026828
0.58565919 0.76588053 2.09622109 0.64298291
1.61222087 0.37474863 3.05195333 0.92712646
0.34271182 0.64604183 -4.22217585 0.76330201
0.75560524 0.61939400 2.24002814 0.78508030
1.52715167 0.23033877 3.11908051 0.97311050
1.22576225 0.17684352 2.44029553 0.98423898
0.26489950 0.63466432 1.94151705 0.77278794
0.35570627 0.67383930 2.09215563 0.73887793
-0.46061345 0.67046978 -5.02010118 0.74193684
-1.30000252 0.96924589 0.04988081 0.24609430
0.22849903 0.54180718 2.50289084 0.84050281
0.50227993 0.78420396 1.76923699 0.62050314
0.46241902 0.77978592 2.10106631 0.62604626
-0.02560314 0.65529912 1.40716857 0.75536949
-0.07077801 0.77095500 1.32611601 0.63688962
-1.09024383 0.78107813 -6.02911987 0.62443331
-1.56358806 0.58429732 -0.05377093 0.81153967
-0.60465264 0.67978293 0.88963540 0.73341337
0.14949802 0.63504041 -4.73185233 0.77247892
-1.08245539 0.50448297 0.58146515 0.86342164
2.05155385 0.60342407 0.81030242 0.79742046
0.61412457 0.23142654 2.30493476 0.97285238
0.49162571 0.75923566 1.98677505 0.65081580
0.68939779 0.81270336 1.59833922 0.58267766
1.20795490 0.71542664 2.96945007 0.69868785
-0.23601910 0.81317699 1.03745017 0.58201648
0.01649611 0.90893173 -4.59439115 0.41694496
1.36981535 0.64378557 2.87485627 0.76520594
0.47060851 0.55916379 -3.94466306 0.82905721
0.78585604 0.57009474 2.37961145 0.82157896
0.38246413 0.77870480 2.29321899 0.62739050
0.33346596 0.79947612 1.52638824 0.60069787
0.40908991 0.73185201 1.80337096 0.68146360
-0.25631940 0.96558257 1.41692881 0.26009671
1.00298848 0.63057507 2.48521463 0.77612826
1.08868506 0.41518698 -4.22556204 0.90973610
-0.23765599 0.70989664 1.50206233 0.70430587
0.15694582 0.79976447 1.69877195 0.60031391
-0.62013724 0.70000322 0.90607270 0.71413969
-0.53547621 0.82690490 0.69496781 0.56234179
-0.18379773 0.26115999 0.27193802 0.96529553
0.86250458 0.44136176 1.15358360 0.89732926
0.26525479 0.56713136 1.47380668 0.82362736
-0.16396603 0.58661287 1.64514073 0.80986748
-1.38380586 0.27897111 0.92391015 0.96029949
-0.58205362 0.74914964 0.98778775 0.66240080
0.32201805 0.86632812 1.21222719 0.49947531
0.73036891 0.40833121 2.52731412 0.91283384
0.56209553 0.87439300 2.04284296 0.48521839
0.72051869 0.78380488 1.63241953 0.62100717
0.01759107 0.86057086 1.46726075 0.50933074
1.05610006 0.70408392 -3.74889251 0.71011677
0.50679232 0.75776308 2.18596969 0.65252978
-0.25132588 0.93944619 -5.30295396 0.34269646
0.85767722 0.46385283 2.90294313 0.88591227
1.23744283 0.98743639 1.27004082 0.15801702
0.40345116 0.64561604 2.05961233 0.76366218
0.40534035 0.68062918 1.95441899 0.73262809
2.05758581 0.54009162 1.11528361 0.84160623
0.43791895 0.56374097 1.72993319 0.82595164
0.56755603 0.74262103 2.08032822 0.66971188
0.36412470 0.67163157 2.04421104 0.74088531
-0.61199598 0.67344340 1.53658408 0.73923879
0.66699935 0.94601764 -5.72382834 0.32411514
0.37477399 0.93945977 -1.37119850 0.34265922
0.86631147 0.63273980 2.25826205 0.77436448
0.40198293 0.64677016 1.33480177 0.76268497
-0.00895296 0.74847408 1.25987459 0.66316405
-0.48393677 0.67399280 1.04063087 0.73873791
-0.97591352 0.69243661 -6.02409118 0.72147872
-0.01681970 0.33418089 1.57094748 0.94250896
0.12202075 0.82943793 1.67129611 0.55859888
0.46410591 0.64102689 2.35285886 0.76751842
0.28677447 0.79224228 -4.44147916 0.61020666
-0.09035642 0.72261749 1.13895855 0.69124812
1.29049886 0.70567265 -3.04473019 0.70853801
1.15109788 0.58936267 -3.67167833 0.80786858
0.74606164 0.57661429 -3.68669924 0.81701650
1.58195813 0.64174642 3.46034205 0.76691690
0.87663354 0.88238057 -3.53847236 0.47053642
1.20163464 0.81577676 2.49484312 0.57836690
1.00399180 0.67146749 -3.83327039 0.74103401
0.70381997 0.68309774 -3.99819482 0.73032697
-0.01835919 0.94029495 1.87512835 0.34036069
0.13095399 0.79988993 2.30218738 0.60014673
0.77969153 0.82593847 1.93656594 0.56376027
0.16172948 0.86056316 2.02650559 0.50934374
1.18669873 0.84425806 2.82911920 0.53593686
0.43503155 0.94693923 5.73802284 0.32141266
0.61475422 0.88109875 1.34706881 0.47293233
0.77492996 0.78846713 2.03227425 0.61507690
-0.45759572 0.74508990 1.70301969 0.66696404
-0.75038727 0.45139294 0.91300304 0.89232529
0.93557630 0.58281754 -0.97540578 0.81260305
-0.40043901 0.69236040 0.59106159 0.72155185
0.03231520 0.81120066 1.31397721 0.58476789
-0.34817136 0.64012428 1.71897386 0.76827137
-0.47187473 0.83563280 1.36844287 0.54928847
0.12448106 0.65466161 1.84336850 0.75592207
0.38567153 0.77212462 2.71506941 0.63547114
1.09995707 0.79063162 2.26241238 0.61229212
1.53174410 0.80857711 -3.69835195 0.58839022
1.33701675 0.84518258 2.45460372 0.53447769
0.83868875 0.83729236 -3.72049250 0.54675543
1.57832290 0.63612317 2.76538198 0.77158753
1.30632274 0.64633546 2.85836024 0.76305338
-0.13367001 0.17886759 1.96922238 0.98387316
-0.72498536 0.76624789 1.84546123 0.64254507
-0.09288588 0.90708921 -1.58594771 0.42093844
0.24689462 0.99127119 0.80082064 0.13183864
1.38526803 0.59522684 0.19277625 0.80355772
1.30279149 0.81314112 2.88738294 0.58206659
0.07568378 0.80790278 1.77263468 0.58931578
0.28055282 0.83222542 0.05662828 0.55443743
0.43549221 0.81680506 1.85140824 0.57691376
-0.08570506 0.73438496 1.52909853 0.67873319
-1.46944963 0.70194361 0.36128072 0.71223253
-1.28283120 0.51377738 -0.00238540 0.85792354
-0.27200953 0.57294130 0.85119851 0.81959641
-1.26828575 0.82004291 1.10380414 0.57230205
0.26740954 0.69345420 1.83143020 0.72050071
-0.26129199 0.18046689 1.80567526 0.98358106
0.03320165 0.89436826 3.70939859 0.44733143
-0.62501074 0.59257003 -5.67190417 0.80551894
-0.75176292 0.71820605 0.56561379 0.69583049
1.07649817 0.51047264 1.66506180 0.85989399
0.82351288 0.72057644 2.19500360 0.69337551
0.35442187 0.80370182 1.99234974 0.59503225
1.65918742 0.66547554 2.42981143 0.74641966
-3.30474325 0.37636610 -4.23679686 0.92647102
-2.88836197 0.61809013 1.88815654 0.78610724
0.44519951 0.43614533 2.10610950 0.89987624
1.03698011 0.81058716 2.56633487 0.58561801
1.15761528 0.83146942 2.71911946 0.55557052
0.89891239 0.99015096 1.28142703 0.14000381
1.06075094 0.97296285 -0.77130830 0.23096167
0.82176938 0.78002131 1.86943530 0.62575295
0.64056288 0.96295718 1.63950393 0.26965434
0.99146622 0.43412648 1.52186062 0.90085193
-0.52471131 0.75540159 -5.41785743 0.65526211
-0.59783583 0.65681713 0.94749507 0.75404990
-0.16864838 0.64968206 1.47484453 0.76020604
0.01852025 0.69847253 1.34640677 0.71563687
0.23048630 0.51281108 1.94141299 0.85850148
2.52788899 0.47677532 1.33321817 0.87902520
0.22364094 0.74182203 1.69018213 0.67059681
0.43442960 0.68863807 -4.28228334 0.72510524
0.54226524 0.75318571 2.25445546 0.65780793
0.66810243 0.77371429 -4.63940772 0.63353468
0.74337602 0.60116892 -4.54663316 0.79912198
0.74494786 0.29609606 2.17498245 0.95515817
0.71093761 0.75182998 2.47179924 0.65935702
1.09729286 0.72339147 2.28739735 0.69043811
-3.97537525 0.73693099 1.14136147 0.67596798
-3.11753001 0.24857693 -4.58651100 0.96861216
0.20908662 0.65088053 1.37464816 0.75918017
0.72309895 0.66030562 2.16283975 0.75099700
1.28915989 0.66131119 3.25786003 0.75011166
0.45466033 0.89374722 5.32405108 0.44857096
1.00615256 0.64631898 2.52611225 0.76306734
-0.40841954 0.35755428 1.57149924 0.93389236
0.18128888 0.48951782 2.08345175 0.87199329
-0.22486474 0.73358011 1.07931226 0.67960299
0.02459880 0.64536537 -4.44006431 0.76387403
-0.46272620 0.63366763 -4.93075826 0.77360542
0.08352150 0.59513828 1.21772378 0.80362331
1.02830460 0.41137058 0.95464758 0.91146818
-0.01222187 0.69661998 1.56888432 0.71744031
-0.27049246 0.71313418 0.68818422 0.70102756
0.51907902 0.88863137 1.80002395 0.45862217
-2.48604863 0.63713430 2.18772237 0.77075280
0.88773636 0.62126154 2.08699966 0.78360328
0.76718632 0.78406769 2.20824741 0.62067532
0.66751614 0.76049752 -4.33761785 0.64934084
0.54371549 0.68837642 2.00120687 0.72535364
0.58746103 0.69962626 2.12714920 0.71450899
0.80898376 0.75158060 2.19014937 0.65964127
2.01909192 0.52615851 1.26628224 0.85038652
-2.97886750 0.68721679 -4.30683360 0.72645240
0.67726424 0.39235198 2.04416799 0.91981516
0.55230847 0.73078189 2.05072441 0.68261103
1.25216607 0.54403519 -3.96568938 0.83906240
0.36762173 0.59124341 1.53818631 0.80649317
0.63876161 0.55186291 -3.55643226 0.83393485
0.55080639 0.78653367 2.26794363 0.61754739
0.28363223 0.73718805 1.99382984 0.67568764
0.79152310 0.38208767 2.20396229 0.92412608
-0.29816556 0.70988870 1.72112953 0.70431387
-0.50682187 0.71104859 0.75072145 0.70314287
-0.65447957 0.63527470 0.75312802 0.77228625
-0.68719199 0.54437634 -4.69206316 0.83884111
-0.40075363 0.68540621 -5.36683273 0.72816092
-0.31083773 0.52129633 1.21721789 0.85337573
1.23177663 0.79053850 2.98413830 0.61241235
5.66766378 0.34768617 3.60095860 0.93761097
1.14074931 0.72815862 -3.39635237 0.68540865
1.16186039 0.69604369 2.29919821 0.71799943
0.42072489 0.91677103 1.91452375 0.39941316
0.44880807 0.88561782 2.36920829 0.46441476
0.93219997 0.73390125 2.07631391 0.67925618
0.70662819 0.31448851 2.24533926 0.94926128
-3.15132664 0.72831915 1.46195292 0.68523807
0.44950623 0.54756925 1.55821129 0.83676037
0.08582544 0.88874254 -4.99445261 0.45840669
1.36654675 0.89264361 0.19012253 0.45076312
0.57075635 0.82587360 2.55797290 0.56385530
0.56773104 0.69338046 2.47971965 0.72057167
0.63325691 0.80508027 2.14902829 0.59316588
0.17413161 0.71432194 -4.00174687 0.69981724
0.08105286 0.85952193 1.19749429 0.51109887
0.53685837 0.82488843 -4.11136469 0.56529557
-0.04263781 0.99608130 -0.98587754 0.08844232
0.10980402 0.76759587 1.77879798 0.64093415
-0.10677090 0.66494869 1.55650123 0.74688904
0.33674529 0.67032161 0.75917268 0.74207071
1.01162944 0.45254004 -4.47414798 0.89174409
0.67880641 0.81286621 -3.97812987 0.58245045
4.77533055 0.40039177 2.13286593 0.91634406
0.45303081 0.70532255 -4.06359961 0.70888652
0.57714314 0.52602640 2.76060224 0.85046824
-0.86532448 0.73925923 -2.72723132 0.67342096
-0.03222741 0.81739579 1.67314079 0.57607649
1.28604515 0.66907406 2.58809740 0.74319574
1.18568508 0.62630258 3.11319988 0.77958007
1.66232400 0.40328139 -3.77893068 0.91507602
-5.46229567 0.70420511 1.86654947 0.70999660
0.60619138 0.56230783 1.56175362 0.82692799
0.46265280 0.66372619 1.98574153 0.74797563
1.05538948 0.95153170 2.04569566 0.30755068
-0.50874245 0.69857833 -4.89674784 0.71553359
0.75438967 0.58945760 2.71236854 0.80779932
-0.01372997 0.85413305 4.44801408 0.52005455
0.93888978 0.87955445 2.29002637 0.47579825
0.73224277 0.61666810 2.40330119 0.78722325
0.07119813 0.74888332 1.87960104 0.66270187
-0.13757121 0.81737072 1.50543576 0.57611206
0.33095459 0.42398684 -4.29811117 0.90566835
-0.73519516 0.68673578 -4.89214059 0.72690712
0.06947512 0.93055734 1.73372876 0.36614619
1.00331089 0.84859521 -3.76174221 0.52904269
0.31222538 0.80438150 -4.89446145 0.59411313
1.21103925 0.79485848 -4.03080467 0.60679486
0.37820995 0.75051537 2.12323573 0.66085300
0.60434253 0.69341392 2.12022449 0.72053948
0.59528001 0.80230221 2.88987867 0.59691805
0.19773599 0.68864456 2.13664830 0.72509907
0.88728133 0.64931982 -3.98066941 0.76051547
0.57585429 0.73678772 2.04595048 0.67612414
1.66399415 0.63289734 3.15520065 0.77423572
0.98474653 0.89175201 1.99001029 0.45252442
1.28903507 0.84404202 2.78451514 0.53627704
1.05738471 0.79457566 -3.34028718 0.60716515
2.00338996 0.62723293 -3.00471078 0.77883172
0.62816678 0.68233602 2.83391631 0.73103868
0.82067809 0.87454035 2.26092424 0.48495275
1.48086769 0.68571912 -3.25614325 0.72786626
0.97270722 0.91331475 2.04150550 0.40725444
0.48976353 0.80709440 2.10993319 0.59042242
0.87914525 0.93782987 2.14117523 0.34709529
-0.67182662 0.56556088 0.99903899 0.82470655
1.25483318 0.63940847 -3.34446567 0.76886722
0.01673022 0.62351030 -4.88415035 0.78181514
0.40332026 0.59677189 1.76591305 0.80241094
1.18848309 0.66004173 2.89062967 0.75122894
0.42527417 0.83110206 -4.18970114 0.55611991
1.41048862 0.68241149 2.68081877 0.73096823
0.72395473 0.53259638 2.01040279 0.84636936
0.42140878 0.65520783 1.91589403 0.75544867
0.68059572 0.54954572 2.24107697 0.83546365
1.93639215 0.63269636 3.47992082 0.77439998
1.21815046 0.78836389 2.59583832 0.61520921
0.64519958 0.59357020 1.25716235 0.80478221
0.51298712 0.74589273 2.10619758 0.66606609
1.79747263 0.82883437 -3.53536004 0.55949405
1.69769244 0.82797553 2.92091483 0.56076423
1.10138060 0.71412094 2.25622796 0.70002234
0.88923521 0.53354483 3.02018545 0.84577179
0.94220360 0.85285559 -3.70576747 0.52214686
0.34255469 0.67956636 -4.95827372 0.73361405
0.25442112 0.84721709 5.31163754 0.53124683
0.54591083 0.80960535 2.31033897 0.58697460
0.39364195 0.98068051 -5.30071965 0.19561632
0.46746365 0.75690718 2.04049305 0.65352239
1.12738757 0.70627042 2.00792671 0.70794216
0.50458101 0.98924242 0.38638874 0.14628542
-0.27239510 0.75989775 1.98008877 0.65004262
0.65339231 0.76900710 1.72915756 0.63924024
2.20075669 0.62840663 -3.04543268 0.77788502
3.80405977 0.53769869 -4.23831656 0.84313707
0.54831582 0.55376176 2.67975372 0.83267515
-0.16231695 0.76417553 1.45654965 0.64500834
-0.75285225 0.78904946 0.85983358 0.61432967
0.79449424 0.69514772 2.82018621 0.71886692
1.64995859 0.84001869 3.03364569 0.54255747
2.23637339 0.78935456 3.33997171 0.61393761
0.98601479 0.43478675 -3.91978064 0.90053344
3.02273585 0.71656547 1.84937338 0.69751984
1.66352836 0.60710894 -3.36275108 0.79461861
1.10281388 0.63010929 -3.58005023 0.77650646
0.61851279 0.82347271 2.47006701 0.56735588
1.06986654 0.62169490 -3.57327935 0.78325950
1.38654466 0.85731853 3.16379104 0.51478631
1.23243432 0.95477823 0.07283009 0.29731892
0.56395542 0.78714574 1.97028496 0.61676704
0.07502062 0.72016444 5.14609515 0.69380342
0.21564520 0.92571463 -2.61942220 0.37822271
1.39218448 0.67263178 0.00563156 0.73997736
1.64897927 0.54906071 0.39700691 0.83578247
1.43007202 0.78751859 -0.45004810 0.61629090
0.38217824 0.70392635 2.48725623 0.71027297
-0.15886883 0.37456809 -4.20340624 0.92719941
0.66937736 0.76842635 2.41306353 0.63993824
1.95465691 0.83570622 0.14005723 0.54917676
