-134.427
-159.912
-173.571
-178.422
-138.771
-190.801
-231.62
-191.921
-153.274
-181.753
-181.627
-189.625
-139.402
-148.498
-128.784
-190.043
-180.057
-169.97
-178.953
-150.669
-184.989
-163.595
-185.317
-185.298
-131.564
-182.67
-172.569
-208.317
-206.848
-180.829
-202.05
-190.907
-176.053
-173.549
-127.641
-163.837
-179.526
-129.653
-164.545
-195.074
-105.599
-183.188
-162.926
-162.359
-177.048
-154.866
-178.051
-148.605
-145.502
-205.535
-117.675
-165.736
-178.526
-129.883
-178.921
-198.064
-195.838
-199.74
-185.813
-139.387
-171.982
-202.359
-183.57
-158.674
-151.964
-193.833
-168.016
-212.79
-178.036
-186.96
-164.413
-199.931
-178.251
-153.872
-155.221
-204.321
-143.595
-186.197
-166.11
-176.339
-185.916
-202.381
-164.1
-178.222
-163.38
-161.437
-186.971
-202.923
-205.101
-197.748
-206.817
-169.301
-161.527
-161.405
-160.06
-183.935
-155.676
-174.938
-193.995
-199.855
-150.923
-163.958
-165.071
-173.976
-166.678
-184.805
-181.38
-172.002
-196.429
-167.211
-183.38
-171.002
-180.496
-186.161
-201.157
-184.206
-202.679
-181.534
-171.716
-172.666
-196.812
-203.798
-117.827
-188.335
-157.994
-210.41
-199.437
-153.22
-129.814
-163.05
-166.28
-174.544
-182.251
-192.011
-179.354
-181.379
-145.657
-205.058
-197.679
-136.076
-181.021
-190.665
-136.02
-176.611
-153.6
-184.198
-202.678
-159.781
-223.756
-166.857
-172.411
-182.023
-185.109
-163.038
-169.89
-202.909
-201.54
-180.685
-196.115
-168.981
-181.092
-197.176
-204.592
-153.329
-175.581
-171.987
-157.927
-128.087
-152.025
-170.961
-191.93
-171.867
-163.454
-211.903
-185.685
-172.111
-150.403
-193.148
-188.82
-206.459
-158.378
-164.348
-167.665
-164.546
-186.816
-188.376
-160.319
-178.54
-164.663
-170.758
-143.474
-182.734
-183.572
-170.221
-183.839
-202.668
-137.198
-144.824
-159.382
-187.641
-157.213
-153.61
-161.663
-180.429
-199.789
-136.523
-216.061
-165.561
-194.659
-135.811
-171.83
-166.399
-197.41
-165.671
-154.215
-201.873
-168.563
-160.543
-179.401
-151.309
-155.705
-208.638
-153.353
-156.95
-174.668
-190.503
-156.726
-165.71
-203.26
-163.547
-174.574
-145.409
-155.878
-153.036
-148.107
-147.443
-161.661
-173.98
-167.055
-163.752
-189.355
-176.352
-211.97
-146.424
-163.318
-211.012
-184.635
-146.791
-207.321
-209.192
-163.962
-155.206
-153.944
-183.279
-189.486
-166.186
-163.751
-139.97
-161.304
-196.916
-143.361
-182.29
-153.062
-191.991
-180.415
-151.956
-156.122
-178.299
-166.692
-198.066
-150.723
-165.828
-150.177
-149.592
-184.684
-188.086
-155.908
-190.101
-151.64
-119.554
-142.687
-165.342
-144.994
-152.493
-164.364
-204.33
-160.502
-188.77
-174.178
-186.001
-187.928
-170.683
-164.272
-180.686
-186.849
-188.654
-148.805
-177.762
-168.696
-158.748
-175.892
-190.562
-184.325
-186.608
-195.934
-186.726
-184.539
-203.63
-158.902
-177.578
-188.224
-176.77
-206.952
-184.884
-158.1
-180.323
-173.283
-175.613
-165.786
-180.95
-176.05
-170.076
-154.308
-167.292
-147.933
-154.84
-155.443
-145.882
-165.762
-133.676
-172.685
-171.862
-179.679
-171.002
-162.721
-197.226
-158.21
-150.7
-163.009
-180.651
-186.538
-141.686
-176.619
-168.843
-171.368
-216.521
-147.715
-136.153
-203.912
-173.226
-161.375
-167.648
-170.866
-189.451
-159.55
-178.81
-160.469
-188.675
-193.549
-162.117
-161.061
-138.682
-195.591
-210.558
-186.015
-197.465
-161.032
-159.143
-138.696
-189.086
-157.438
-153.571
-209.432
-171.298
-184.597
-139.946
-178.973
-166.964
-177.371
-173.611
-157.212
-152.107
-183.71
-184.962
-116.527
-171.158
-180.034
-194.76
-162.772
-212.425
-182.08
-187.351
-186.422
-176.103
-144.957
-167.714
-160.936
-186.902
-146.339
-216.881
-172.525
-176.799
-170.705
-184.77
-204.242
-193.533
-195.09
-195.95
-194.17
-154.742
-201.813
-165.691
-205.039
-188.011
-175.266
-144.297
-164.579
-174.252
-171.768
-154.455
-164.659
-186.939
-186.863
-167.141
-187.782
-185.999
-136.559
-175.534
-185.567
-159.179
-135.89
-186.075
-183.168
-148.692
-195.619
-137.05
-167.401
-150.272
-173.175
-149.961
-153.429
-179.483
-169.257
-142.537
-144.097
-127.819
-167.698
-192.168
-174.352
-160.216
-190.103
-170.959
-164.027
-178.888
-166.434
-177.63
-168.939
-175.289
-202.054
-184.487
-154.03
-176.224
-186.036
-168.884
-166.843
-160.74
-180.389
-180.915
-121.859
-207.074
-189.256
-170.853
-148.016
-138.239
-171.552
-155.413
-167.062
-144.423
-172.958
-148.054
-167.599
-170.991
-178.693
-190.465
-199.873
-180.181
-193.829
-172.154
-161.108
-189.788
-138.152
-174.771
-158.482
-145.131
-190.14
-174.449
-180.356
-156.935
-195.847
-153.443
-199.723
-147.254
-183.195
-178.176
-194.702
-143.114
-185.594
-190.108
-164.738
-168.893
-169.67
-181.03
-180.163
-181.091
-185.699
-165.764
-180.556
-139.326
-150.871
-112.039
-188.747
-174.663
-190.948
-171.669
-159.753
-179.673
-192.299
-184.463
-177.194
-169.772
-158.624
-171.63
-219.753
-165.76
-195.98
-155.893
-197.88
-163.473
-214.127
-168.634
-185.281
-157.615
-149.698
-176.015
-194.303
-180.732
-175.071
-190.086
-199.197
-206.058
-180.351
-172.5
-203.054
-145.831
-195.711
-181.457
-192.732
-193.629
-172.641
-159.314
-126.198
-200.545
-160.131
-164.726
-177.038
-142.05
-149.344
-178.763
-159.094
-177.078
-139.115
-185.634
-196.515
-220.306
-169.325
-157.133
-156.875
-144.598
-162.104
-207.099
-188.725
-169.554
-140.268
-210.265
-158.912
-172.4
-159.903
-183.284
-138.635
-149.279
-190.636
-162.806
-192.174
-138.839
-174.184
-160.32
-166.266
-204.426
-170.79
-192.878
-186.607
-189.198
-159.046
-184.933
-195.82
-162.878
-156.841
-187.04
-206.253
-159.864
-203.931
-197.925
-172.415
-160.921
-190.526
-190.566
-123.522
-165.982
-189.488
-201.077
-166.365
-183.27
-162.351
-167.423
-141.169
-197.258
-159.646
-164.043
-151.73
-194.862
-148.618
-154.604
-171.801
-130.627
-159.107
-193.843
-165.059
-174.871
-174.768
-158.363
-172.206
-180.463
-172.952
-137.245
-183.089
-190.811
-146.986
-168.124
-171.587
-194.115
-182.06
-183.659
-198.93
-176.398
-152.25
-158.235
-185.933
-186.516
-166.204
-180.253
-177.679
-132.738
-149.157
-180.455
-126.206
-163.08
-156.79
-199.462
-153.308
-209.925
-182.659
-172.156
-170.633
-220.44
-207.654
-176.888
-177.668
-165.809
-179.622
-163.283
-193.903
-190.601
-176.536
-168.142
-183.795
-127.375
-179.303
-191.346
-177.179
-144.739
-171.589
-177.77
-169.596
-153.382
-150.515
-158.235
-117.331
-191.931
-150.434
-153.599
-185.712
-160.19
-164.057
-225.012
-184.807
-197.071
-169.547
-182.831
-182.418
-153.115
-173.662
-172.595
-185.721
-178.233
-163.851
-158.267
-200.987
-163.092
-172.061
-198.419
-187.903
-171.122
-170.403
-157.728
-200.893
-172.104
-148.935
-164.133
-196.444
-196.863
-180.342
-156.926
-165.627
-186.809
-159.834
-187.023
-184.447
-192.616
-149.089
-180.788
-177.279
-149.639
-203.648
-153.467
-130.373
-171.034
-168.403
-162.685
-153.455
-143.659
-188.161
-215.094
-179.857
-150.082
-197.547
-164.154
-154.886
-163.388
-142.934
-175.154
-150.54
-190.057
-202.124
-190.651
-177.015
-183.266
-139.257
-187.078
-187.461
-163.101
-170.825
-178.073
-155.575
-199.219
-201.086
-196.939
-176.637
-177.673
-131.107
-158.137
-176.805
-136.855
-185.1
-161.837
-184.938
-167.655
-163.857
-155.711
-186.514
-191.5
-167.562
-176.16
-181.003
-181.681
-144.542
-161.201
-160.024
-153.706
-154.289
-161.63
-149.942
-188.924
-158.786
-199.942
-178.893
-179.462
-172.504
-201.383
-168.584
-153.449
-192.804
-204.531
-146.867
-165.509
-137.498
-170.974
-189.511
-190.948
-177.01
-180.649
-201.16
-179.935
-185.498
-199.608
-183.285
-174.777
-167.683
-166.108
-179.962
-159.446
-184.667
-170.606
-189.438
-177.727
-193.796
-157.233
-173.05
-159.862
-147.701
-209.94
-199.191
-159.233
-179.546
-164.941
-164.892
-170.774
-182.557
-172.819
-164.034
-168.317
-147.463
-168.529
-176.253
-146.457
-180.734
-201.259
-182.635
-167.209
-164.519
-155.075
-136.895
-195.848
-149.88
-216.255
-193.72
-177.884
-174.787
-127.396
-147.059
-168.093
-182.032
-193.237
-126.298
-184.166
-121.222
-164.924
-180.63
-188.302
-168.682
-186.228
-189.278
-145.703
-151.727
-186.467
-172.34
-160.239
-174.3
-143.637
-139.46
-227.801
-151.2
-172.258
-164.307
-164.231
-158.847
-153.87
-195.448
-151.15
-194.014
-172.303
-166.037
-206.367
-164.698
-183.067
-178.146
-168.768
-178.075
-201.38
-201.333
-173.608
-190.472
-154.247
-219.997
-156.771
-185.589
-191.112
-170.9
-173.185
-145.568
-154.706
-172.739
-163.222
-205.441
-183.702
-157.701
-172.959
-167.712
-210.531
-142.87
-186.041
-133.644
-145.789
-129.637
-168.774
-198.105
-195.301
-192.729
-155.803
-189.169
-181.964
-172.152
-216.959
-169.161
-175.865
-122.221
-162.327
-156.164
-132.877
-195.338
-136.783
-163.058
-169.991
-203.415
-202.454
-165.081
-186.668
-139.732
-155.184
-165.052
-175.943
-195.738
-150.38
-139.982
-145.339
-179.26
-116.312
-192.964
-156.831
-181.373
-183.169
-142.624
-206.214
-150.455
-143.578
-158.744
-160.862
-188.519
-160.405
-160.129
-159.832
-155.972
-181.274
-153.925
-165.144
-193.881
-169.801
-149.816
-159.141
-125.831
-141.062
-163.01
-144.197
-194.212
-154.658
-153.914
-169.97
-205.782
-161.061
-161.707
-183.051
-178.531
-181.546
-190.031
-201.868
-167.202
-136.861
-174.434
-173.714
-165.759
-188.949
-166.858
-182.492
-167.122
-130.666
-170.391
-182.803
-144.16
-136.246
-221.018
-160.069
-192.485
-208.423
-149.847
-173.643
-203.957
-162.909
-194.909
-179.389
-164.019
-175.021
-177.173
-180.332
-148.294
-174.146
-218.792
-180.135
-180.318
-137.321
-199.214
-138.243
-171.188
-186.437
-185.364
-192.078
-162.788
-189.359
-168.18
-162.699
-134.534
-154.049
-160.965
-172.551
-202.499
-182.467
-192.911
-196.403
-180.344
-156.062
-189.516
-187.338
-192.206
-171.04
-189.618
-175.243
-180.358
-190.732
-186.825
-161.95
-185.615
-179.633
-175.869
-166.657
-182.324
-163.5
-173.467
-178.024
-173.311
-166.742
-192.675
-158.557
-158.096
-158.83
-172.849
-152.477
-190.257
-171.013
-179.921
-182.606
-188.838
-154.047
-173.327
-145.274
-150.536
-152.866
-159.254
-170.311
-154.162
-163.769
-185.192
-141.687
-158.022
-136.322
-193.264
-152.175
-158.414
-163.114
-178.264
-166.096
-171.365
-202.066
-173.399
-139.065
-172.144
-178.628
-171.734
-117.484
-170.74
-163.96
-145.421
-201.124
-203.268
-176.727
-163.046
-147.039
-180.669
-176.921
-139.785
-179.665
-220.763
-162.223
-169.872
-154.432
-155.761
-188.732
-147.985
-174.867
-153.461
-168.744
-183.312
-183.38
-170.46
-177.124
-153.523
-189.92
-148.622
-193.774
-151.007
-152.699
-176.023
-175.933
-153.886
-210.501
-161.282
-197.413
-151.519
-177.394
-144.262
-184.442
-161.5
-206.624
-173.429
-141.633
-166.736
-173.144
-161.516
-189.073
-167.222
-201.394
-193.607
-214.594
-158.435
-151.186
-160.566
-205.646
-167.039
-150.163
-193.724
-138.622
-215.327
-149.79
-247.398
-206.717
-159.204
-178.882
-194.677
-208.775
-177.311
-172.654
-126.359
-193.888
-146.807
-175.446
-160.744
-174.329
-186.956
-180.738
-165.023
-186.349
-206.768
-176.594
-157.981
-162.055
-191.738
-174.34
-162.38
-184.566
-177.633
-188.304
-182.462
-170.388
-186.074
-205.303
-160.627
-231.185
-136.464
-169.971
-179.78
-161.874
-170.682
-181.151
-129.878
-172.223
-164.992
-180.815
-122.482
-132.605
-159.072
-158.838
-173.361
-182.868
-204.062
-163.78
-151.063
-150.881
-192.886
-171.525
-195.673
-130.168
-193.335
-151.208
-197.27
-184.229
-187.697
-160.62
-154.78
-154.945
-159.841
-159.145
-188.515
-148.975
-156.506
-178.519
-141.645
-201.933
-167.953
-178.972
-181.098
-194.3
-146.825
-171.552
-172.442
-215.549
-153.325
-168.345
-164.069
-160.916
-168.393
-159.349
-171.784
-173.24
-180.262
-204.798
-146.229
-172.206
-159.841
-136.766
-189.101
-187.688
-206.88
-184.423
-194.303
-153.021
-163.679
-181.014
-152.625
-169.037
-177.534
-177.646
-192.029
-167.602
-193.25
-138.558
-146.508
-166.734
-204.736
-194.941
-160.018
-168.37
-152.331
-189.065
-157.133
-166.456
-181.706
-186.61
-188.731
-143.6
-169.968
-174.478
-164.054
-156.318
-139.098
-185.168
-171.276
-171.925
-195.321
-181.781
-152.352
-167.264
-153.089
-161.94
-193.306
-167.645
-155.46
-222.914
-201.862
-173.193
-179.04
-145.887
-167.257
-201.305
-178.886
-163.038
-171.998
-195.316
-172.416
-186.731
-173.448
-179.219
-125.752
-171.653
-162.136
-164.306
-159.242
-171.72
-107.632
-153.164
-173.621
-165.426
-174.731
-193.524
-170.691
-146.665
-154.846
-190.743
-191.674
-170.811
-178.561
-194.442
-174.068
-186.443
-191.225
-182.033
-169.908
-139.451
-175.479
-162.244
-222.296
-162.345
-161.566
-140.727
-189.716
-159.264
-159.712
-192.41
-183.363
-184.089
-209.862
-173.915
-156.602
-171.177
-201.386
-171.898
-122.053
-180.616
-190.092
-171.136
-157.495
-185.711
-130.879
-150.583
-147.866
-154.847
-192.558
-199.755
-156.852
-141.038
-153.097
-186.731
-155.917
-138.598
-194.927
-161.627
-235.528
-201.569
-180.871
-197.156
-163.741
-177.083
-150.213
-191.95
-169.159
-181.563
-153.712
-202.338
-170.903
-163.137
-181.126
-171.508
-149.997
-186.316
-171.767
-122.637
-148.482
-205.908
-189.565
-139.532
-158.895
-150.717
-169.904
-178.671
-169.267
-194.141
-181.634
-159.193
-142.103
-214.56
-174.382
-169.675
-148.484
-133.526
-150.182
-176.895
-206.87
-200.143
-188.827
-173.099
-194.489
-206.479
-159.478
-128.786
-137.295
-172.497
-174.712
-157.122
-126.755
-182.919
-151.218
-137.225
-165.444
-192.193
-166.541
-146.013
-168.029
-163.984
-199.541
-166.738
-163.17
-193.62
-207.502
-183.897
-175.003
-205.55
-217.494
-167.368
-162.684
-142.076
-160.641
-208.002
-165.236
-182.701
-155.474
-197.895
-178.22
-155.894
-163.88
-204.675
-149.677
-180.405
-167.913
-175.619
-162.548
-156.931
-179.115
-196.428
-193.871
-164.882
-132.544
-178.964
-154.116
-163.032
-124.133
-115.178
-129.817
-187.418
-210.105
-137.94
-175.795
-156.295
-191.673
-175.811
-194.143
-218.473
-203.676
-178.717
-161.811
-210.607
-220.19
-178.373
-173.378
-166.574
-140.756
-164.575
-185.496
-144.517
-192.351
-196.841
-158.319
-168.937
-179.689
-131.287
-159.706
-141.832
-136.04
-165.129
-176.245
-150.904
-183.398
-170.501
-181.822
-174.795
-191.526
-170.773
-188.551
-166.853
-202.944
-162.309
-176.645
-216.956
-208.14
-208.402
-160.238
-191.087
-131.559
-202.456
-180.546
-166.939
-185.052
-162.964
-186.278
-142.803
-198.33
-181.083
-220.105
-183.095
-181.481
-146.442
-134.801
-174.954
-185.575
-181.418
-163.629
-150.566
-176.059
-171.314
-187.436
-177.578
-161.923
-139.445
-185.144
-139.76
-145.462
-132.955
-212.418
-172.096
-163.189
-156.305
-189.281
-161.837
-125.148
-163.635
-177.441
-202.343
-181.391
-206.654
-190.009
-184.367
-142.24
-196.37
-151.762
-152.114
-143.315
-189.207
-157.514
-167.252
-193.359
-158.441
-140.969
-174.169
-145.241
-169.327
-113.221
-168.094
-247.018
-176.651
-182.166
-193.01
-145.883
-193.456
-167.845
-133.894
-165.56
-163.656
-191.614
-174.521
-180.51
-192.316
-175.906
-160.343
-144.441
-148.756
-136.43
-181.912
-173.941
-175.346
-200.674
-156.56
-212.575
-188.407
-178.958
-151.177
-202.967
-188.929
-149.471
-189.167
-192.981
-178.343
-124.976
-194.713
-172.023
-182.521
-184.105
-173.052
-169.218
-211.774
-175.158
-186.377
-192.086
-183.273
-213.416
-182.338
-167.366
-178.87
-177.109
-173.309
-170.433
-204.604
-184.609
-151.444
-184.546
-181.939
-157.952
-187.077
-164.766
-176.588
-170.219
-172.052
-187.365
-157.233
-199.044
-189.488
-151.677
-164.496
-158.038
-173.303
-137.154
-135.753
-165.795
-172.787
-175.092
-135.216
-137.149
-143.934
-173.941
-193.13
-175.14
-166.188
-147.38
-192.429
-164.603
-197.636
-148.189
-129.056
-156.628
-138.372
-204.412
-140.779
-160.958
-153.789
-169.867
-152.98
-138.269
-184.031
-150.773
-169.294
-147.73
-170.354
-104.832
-175.655
-168.526
-154.256
-187.194
-197.848
-193.626
-145.752
-161.504
-149.355
-167.31
-193.617
-167.494
-168.807
-159.219
-153.555
-161.224
-146.894
-178.121
-160.662
-171.068
-159.398
-159.025
-145.483
-190.294
-169.544
-179.557
-174.103
-153.567
-153.532
-192.7
-191.177
-125.72
-157.859
-201.899
-146.898
-177.161
-151.633
-186.84
-175.055
-160.066
-175.123
-180.771
-155.454
-167.165
-125.01
-155.463
-146.064
-189.649
-182.527
-173.833
-202.222
-150.958
-148.429
-155.992
-195.582
-153.177
-186.187
-203.18
-150.739
-184.169
-204.42
-181.428
-199.279
-166.715
-129.784
-167.278
-185.643
-137.081
-176.237
-169.634
-195.018
-157.71
-163.483
-192.428
-155.018
-155.558
-171.504
-152.463
-179.708
-175.935
-169.946
-153.574
-161.917
-212.207
-156.554
-169.519
-147.534
-172.847
-215.474
-180.51
-191.219
-163.952
-215.076
-173.514
-153.221
-182.938
-164.961
-173.795
-166.579
-204.888
-153.945
-177.178
-149.356
-189.097
-171.113
-178.672
-198.519
-140.067
-185.814
-172.809
-168.778
-186.565
-173.083
-177.037
-156.043
-180.224
-148.609
-168.33
-130.722
-207.401
-136.847
-174.692
-151.516
-187.988
-193.065
-227.7
-147.34
-142.93
-137.717
-204.234
-162.664
-203.377
-163.328
-187.266
-197.39
-176.658
-164.347
-177.722
-160.989
-175.358
-197.634
-134.794
-177.9
-173.041
-206.159
-170.852
-207.349
-199.565
-176.837
-207.258
-185.396
-162.51
-154.062
-134.291
-184.646
-225.511
-160.514
-189.16
-159.683
-202.096
-193.485
-181.25
-166.296
-163.946
-156.628
-163.297
-187.696
-173.593
-172.814
-203.434
-172.598
-128.527
-180.144
-155.538
-172.445
-180.781
-145.42
-127.284
-167.889
-183.28
-177.868
-146.409
-193.416
-170.099
-128.889
-163.872
-168.726
-190.598
-219.548
-139.433
-189.734
-168.657
-164.556
-138.456
-183.256
-158.642
-198.964
-161.198
-219.981
-192.629
-150.308
-182.755
-173.788
-136.102
-170.432
-161.599
-157.385
-211.174
-163.738
-178.516
-180.671
-184.169
-148.271
-179.466
-186.051
-162.319
-162.191
-157.724
-194.275
-188.431
-201.681
-169.727
-177.417
-119.688
-193.491
-167.998
-182.364
-150.694
-175.832
-146.842
-182.014
-160.329
-160.307
-149.705
-184.493
-194.559
-156.761
-192.616
-165.327
-188.244
-171.93
-161.868
-139.102
-179.654
-183.287
-171.877
-191.879
-170.802
-177.181
-129.212
-123.24
-154.256
-193.912
-149.832
-173.522
-200.629
-180.981
-176.484
-169.557
-159.361
-187.939
-165.067
-164.019
-203.742
-190.531
-173.071
-185.034
-185.59
-168.535
-195.066
-201.968
-145.036
-185.273
-154.982
-194.039
-156.36
-157.052
-156.915
-162.93
-133.371
-173.602
-159.554
-183.055
-199.596
-154.536
-150.122
-177.342
-183.438
-146.147
-154.885
-152.984
-179.899
-190.636
-171.45
-153.781
-185.671
-196.944
-188.151
-185.28
-179.17
-161.063
-203.666
-177.553
-173.264
-167.307
-162.136
-151.686
-189.725
-164.327
-158.536
-146.934
-211.997
-188.626
-182.527
-156.607
-193.318
-162.767
-184.843
-147.336
-154.419
-149.31
-202.078
-159.376
-206.245
-163.182
-209.106
-192.115
-147.568
-165.71
-150.857
-169.205
-138.598
-129.442
-148.276
-155.222
-170.583
-185.817
-169.208
-194.069
-169.162
-165.22
-186.579
-178.768
-189.813
-156.94
-174.842
-185.745
-175.799
-154.248
-161.243
-193.723
-146.506
-166.721
-168.861
-206.652
-160.341
-171.334
-172.575
-128.804
-178.705
-195.211
-195.043
-208.912
-211.641
-165.908
-183.61
-143.766
-234.067
-173.791
-111.569
-147.268
-161.882
-171.765
-188.267
-177.587
-165.031
-202.719
-169.645
-138.894
-207.488
-153.841
-172.16
-146.389
-176.081
-195.64
-193.596
-162.63
-187.718
-168.946
-160.062
-127.866
-167.155
-161.701
-154.425
-158.537
-191.126
-153.977
-150.488
-196.369
-158.325
-136.191
-193.774
-172.534
-131.836
-171.854
-160.501
-156.274
-178.579
-204.007
-143.414
-181.596
-174.052
-180.744
-185.081
-152.346
-181.875
-174.701
-166.447
-130.262
-171.535
-205.638
-149.611
-195.986
-156.353
-170.739
-159.041
-191.56
-187.509
-160.977
-155.676
-181.503
-141.031
-154.858
-170.056
-145.222
-218.703
-157.065
-180.488
-174.215
-180.553
-203.436
-142.079
-138.799
-197.814
-163.367
-199.634
-151.598
-151.944
-215.028
-174.989
-168.418
-169.875
-196.292
-147.158
-172.398
-218.308
-158.759
-163.102
-193.161
-146.723
-180.96
-190.534
-199.087
-168.828
-181.852
-180.382
-165.955
-182.351
-196.858
-172.428
-195.055
-166.838
-163.989
-197.394
-132.688
-159.772
-198.432
-160.41
-184.494
-196.516
-165.585
-159.214
-195.062
-186.992
-187.735
-181.207
-195.694
-199.448
-178.349
-176.851
-128.463
-159.723
-190.117
-194.15
-197.438
-150.616
-145.343
-196.144
-207.363
-170.563
-165.74
-188.382
-177.814
-181.943
-147.111
-173.811
-159.656
-171.162
-180.512
-184.878
-202.559
-187.727
-176.154
-173.197
-169.98
-177.241
-198.197
-159.838
-186.276
-154.707
-181.671
-164.25
-200.81
-185.517
-130.953
-178.525
-205.637
-183.585
-132.169
-199.4
-190.189
-195.403
-148.918
-155.559
-145.163
-176.652
-174.585
-154.225
-170.936
-180.259
-193.654
-171.956
-127.584
-203.958
-166.867
-164.438
-189.245
-191.183
-140.418
-205.959
-176.536
-147.467
-188.258
-139.253
-145.335
-170.109
-158.383
-201.354
-190.559
-139.169
-186.483
-162.269
-148.54
-184.057
-162.142
-172.901
-164.986
-183.437
-211.412
-155.187
-164.445
-155.741
-206.338
-166.731
-164.797
-168.131
-170.985
-174.845
-149.044
-157.379
-134.59
-113.732
-189.568
-181.257
-184.9
-177.712
-180.375
-172.089
-194.104
-162.539
-160.715
-128.534
-163.344
-176.478
-172.663
-164.425
-218.368
-182.856
-153.225
-173.261
-183.898
-190.181
-155.014
-190.51
-138.993
-170.134
-143.144
-155.88
-170.993
-159.602
-161.566
-164.31
-172.973
-183.501
-134.417
-181.233
-201.336
-183.524
-145.075
-147.525
-130.788
-157.842
-201.193
-186.823
-152.834
-168.584
-170.793
-200.254
-191.805
-192.926
-153.706
-182.906
-151.095
-183.918
-177.493
-198.694
-165.662
-155.531
-195.93
-154.734
-163.078
-125.594
-166.178
-220.105
-195.101
-173.642
-169.175
-195.035
-194.929
-142.13
-128.976
-183.791
-138.213
-173.112
-201.118
-175.665
-192.483
-182.834
-164.419
-177.115
-142.85
-184.352
-172.544
-175.657
-220.84
-166.865
-191.194
-157.136
-167.419
-191.376
-168.138
-165.688
-151.636
-190.865
-189.737
-172.126
-151.638
-189.791
-178.729
-157.784
-192.713
-166.333
-168.873
-202.531
-151.671
-214.997
-202.502
-183.613
-207.999
-155.061
-181.765
-182.026
-161.612
-111.35
-169.738
-179.026
-165.016
-189.742
-166.682
-131.859
-201.854
-140.314
-153.692
-170.224
-219.588
-208.271
-178.235
-196.618
-179.172
-148.23
-133.1
-150.126
-181.284
-167.304
-207.135
-169.394
-155.027
-179.054
-156.977
-196.88
-157.172
-208.155
-176.783
-162.759
-172.686
-204.918
-144.925
-156.246
-144.296
-198.135
-159.458
-143.818
-186.621
-162.832
-179.324
-157.554
-178.133
-212.446
-133.01
-167.612
-180.55
-164.749
-159.71
-171.378
-159.218
-166.162
-165.295
-168.573
-180.606
-184.031
-177.794
-190.132
-204.345
-169.947
-149.759
-153.936
-178.795
-147.062
-180.221
-181.381
-175.934
-173.199
-197.428
-203.902
-222.457
-195.744
-184.295
-195.929
-217.218
-190.916
-169.417
-168.608
-153.96
-170.998
-185.755
-159.306
-134.906
-166.865
-162.33
-166.525
-145.002
-160.425
-192.244
-189.481
-194.599
-164.611
-200.824
-166.89
-136.287
-163.377
-181.196
-184.17
-169.254
-173.734
-184.319
-176.795
-181.875
-166.25
-178.734
-184.411
-166.678
-138.932
-143.089
-192.567
-167.217
-159.378
-192.066
-152.777
-190.435
-186.563
-195.238
-182.407
-149.531
-177.148
-145.337
-180.927
-144.516
-211.223
-180.032
-147.544
-168.881
-199.167
-184.681
-163.565
-172.11
-182.565
-173.075
-144.625
-161.263
-178.32
-175.936
-179.033
-214.901
-165.095
-161.916
-200.342
-171.434
-184.279
-178.483
-172.946
-143.16
-172.013
-179.688
-193.766
-184.003
-205.663
-179.736
-194.973
-205.423
-205.749
-184.896
-185.296
-161.986
-176.769
-171.354
-186.095
-161.889
-145.682
-157.815
-196.985
-214.751
-177.595
-193.557
-162.225
-170.479
-173.736
-218.803
-171.807
-161.288
-183.05
-133.045
-213.841
-158.318
-202.104
-155.441
-212.958
-185.571
-202.764
-155.434
-192.594
-189.474
-186.831
-144.627
-173.29
-173.097
-172.12
-173.404
-126.498
-155.947
-193.485
-168.402
-185.455
-191.722
-191.745
-166.514
-179.182
-186.61
-178.92
-188.351
-189.568
-170.1
-187.392
-165.772
-139.297
-176.654
-154.427
-145.997
-174.04
-163.093
-199.404
-159.683
-195.723
-170.288
-184.572
-183.218
-159.95
-179.966
-168.703
-153.4
-153.467
-138.719
-187.222
-179.236
-202.788
-165.59
-153.812
-148.733
-143.59
-143.746
-144.631
-176.725
-213.559
-190.814
-116.15
-180.508
-174.585
-145.57
-160.607
-210.624
-184.454
-205.173
-195.067
-184.542
-166.093
-158.07
-150.583
-183.672
-128.879
-200.739
-204.311
-168.248
-167.145
-160.394
-205.625
-169.34
-152.487
-192.532
-209.081
-173.089
-216.432
-145.035
-151.689
-183.969
-159.383
-182.227
-182.809
-163.494
-149.714
-170.039
-164.61
-171.566
-133.682
-151.416
-177.66
-172.021
-144.963
-184.589
-180.862
-173.466
-181.783
-195.344
-171.517
-147.995
-191.343
-189.194
-159.973
-199.622
-206.604
-184.921
-146.196
-141.659
-192.908
-175.376
-192.547
-151.994
-165.661
-147.472
-198.643
-177.801
-171.753
-183.539
-153.309
-173.508
-142.975
-197.06
-184.316
-141.45
-154.62
-132.752
-137.649
-163.228
-166.65
-177.225
-148.855
-168.211
-128.358
-183.755
-160.177
-199.461
-178.31
-162.306
-179.73
-150.405
-183.602
-160.401
-157.328
-151.171
-163.638
-160.053
-216.177
-207.366
-152.082
-180.2
-156.465
-178.856
-165.153
-179.019
-135.838
-149.167
-180.693
-161.603
-174.265
-127.531
-155.94
-177.008
-174.091
-170.895
-189.787
-181.648
-137.381
-189.63
-185.904
-196.337
-134.668
-204.846
-173.895
-182.844
-186.065
-152.218
-147.143
-173.041
-166.099
-166.551
-176.6
-134.942
-179.602
-168.22
-186.339
-140.921
-215.284
-197.731
-172.736
-141.244
-189.013
-140.102
-174.756
-195.516
-187.276
-176.048
-192.424
-185.337
-134.75
-147.508
-194.572
-146.015
-164.345
-170.028
-176.813
-192.408
-167.033
-155.102
-167.516
-175.669
-190.451
-167.521
-151.016
-168.333
-181.343
-153.512
-219.84
-186.759
-170.3
-175.164
-165.695
-154.129
-159.58
-184.237
-188.9
-186.028
-137.125
-182.556
-172.896
-169.854
-146.555
-163.602
-165.544
-165.22
-194.079
-171.51
-178.781
-154.471
-185.842
-145.959
-134.474
-195.954
-182.955
-137.562
-169.548
-192.98
-197.035
-178.556
-173.435
-202.028
-179.327
-177.189
-185.212
-146.916
-155.199
-172.547
-176.039
-170.295
-161.966
-171.164
-158.726
-180.875
-186.459
-154.94
-169.66
-171.73
-182.33
-180.052
-169.94
-194.161
-171.344
-165.622
-212.549
-170.62
-174.897
-174.781
-194.676
-199.913
-172.636
-157.499
-163.968
-193.709
-178.508
-157.019
-161.753
-219.779
-174.486
-165.97
-136.519
-157.869
-210.385
-151.03
-140.971
-172.055
-166.439
-196.364
-168.993
-185.931
-165.915
-178.273
-174.083
-189.573
-196.249
-174.887
-206.124
-186.7
-165.17
-158.607
-186.586
-155.148
-159.494
-130.29
-180.024
-178.207
-182.665
-211.398
-199.219
-205.987
-167.734
-175.135
-167.319
-177.755
-163.147
-162.616
-140.931
-202.666
-149.477
-166.256
-164.189
-189.577
-173.545
-190.504
-187.627
-187.36
-183.466
-163.662
-175.296
-166.556
-172.692
-183.788
-160.898
-156.127
-160.881
-156.909
-117.191
-201.44
-172.675
-180.505
-153.575
-166.622
-139.764
-169.01
-150.992
-165.549
-156.042
-174.116
-169.728
-176.032
-155.812
-194.37
-165.759
-202.721
-180.267
-174.047
-167.862
-173.407
-196.32
-191.891
-174.717
-150.229
-161.269
-171.65
-172.618
-162.99
-184.6
-181.664
-187.448
-194.55
-152.375
-188.017
-143.228
-170.28
-168.315
-134.995
-158.369
-162.88
-185.239
-146.526
-148.162
-166.6
-154.9
-161.655
-178.899
-208.149
-203.018
-171.583
-164.965
-150.294
-145.556
-180.01
-174.992
-176.252
-210.745
-168.19
-178.297
-215.236
-193.925
-158.241
-135.662
-172.42
-178.259
-186.804
-130.315
-171.201
-173.667
-166.695
-149.493
-168.675
-166.206
-190.12
-149.031
-175.638
-148.84
-208.712
-162.561
-200.947
-174.169
-137.952
-231.027
-160.882
-122.863
-161.388
-193.102
-170.925
-169.436
-178.208
-160.453
-174.016
-177.502
-163.252
-162.779
-193.526
-179.54
-191.888
-156.685
-170.213
-220.338
-157.163
-194.066
-165.57
-191.294
-160.631
-156.665
-188.548
-134.045
-176.985
-176.778
-128.995
-179.187
-152.75
-189.815
-196.712
-135.537
-178.643
-190.517
-190.41
-179.86
-183.886
-203.181
-160.811
-161.404
-124.322
-172.602
-141.61
-179.543
-185.962
-190.983
-187.531
-183.297
-178.295
-211.564
-179.952
-168.942
-172.167
-193.001
-179.615
-192.09
-174.241
-191.161
-164.497
-152.37
-170.518
-164.624
-184.92
-190.894
-180.801
-189.392
-180.948
-175.25
-191.961
-174.134
-150.407
-197.191
-145.084
-147.765
-147.898
-193.422
-188.718
-136.243
-174.049
-182.195
-146.195
-159.325
-169.231
-186.22
-187.935
-144.296
-162.667
-169.405
-172.84
-170.055
-172.02
-165.973
-183.106
-159.524
-160.029
-144.667
-142.843
-206.7
-192.988
-165.17
-161.716
-193.62
-197.874
-181.401
-188.416
-211.299
-161.475
-119.583
-189.673
-142.539
-145.033
-140.705
-154.01
-184.226
-194.939
-157.53
-156.802
-214.363
-160.195
-176.016
-185.539
-150.244
-164.056
-159.662
-170.058
-156.62
-167.142
-161.775
-186.061
-160.717
-171.136
-198.572
-185.623
-145.9
-183.876
-142.706
-176.478
-159.187
-181.527
-177.398
-164.654
-124.918
-157.229
-183.334
-181.394
-150.505
-191.772
-203.555
-165.644
-145.183
-127.906
-183.757
-198.966
-161.646
-190.707
-157.868
-173.022
-175.442
-178.219
-163.694
-187.02
-197.993
-128.392
-169.34
-203.565
-179.466
-172.159
-180.819
-163.331
-184.762
-180.078
-181.149
-135.284
-183.453
-208.759
-177.969
-171.246
-168.333
-190.93
-169.818
-186.067
-176.777
-187.865
-154.824
-179.152
-149.245
-177.942
-170.47
-186.138
-177.821
-210.197
-172.25
-180.554
-171.714
-163.578
-188.262
-191.402
-199.697
-164.623
-182.541
-177.683
-185.668
-172.166
-183.427
-178.034
-171.932
-201.323
-153.255
-170.042
-161.581
-169.348
-176.42
-168.021
-175.97
-158.934
-146.668
-197.115
-152.445
-184.106
-160.209
-148.968
-159.602
-177.725
-166.284
-171.622
-171.342
-192.473
-191.749
-154.54
-159.025
-217.636
-158.127
-130.554
-177.741
-149.851
-170.212
-166.486
-155.567
-178.828
-183.603
-151.312
-178.768
-180.577
-179.649
-177.757
-154.899
-169.414
-159.747
-205.819
-176.604
-183.404
-164.126
-160.574
-141.998
-188.452
-154.638
-164.706
-125.192
-164.686
-191.621
-155.216
-178.7
-167.256
-112.697
-147.385
-181.677
-143.272
-144.875
-212.902
-147.858
-153.362
-188.791
-182.41
-193.389
-149.011
-168.82
-152.865
-134.326
-158.265
-168.088
-193.606
-153.847
-174.902
-148.744
-208.011
-174.968
-136.674
-192.324
-154.077
-186.814
-192.873
-174.711
-184.316
-175.953
-192.651
-154.691
-147.193
-180.737
-182.413
-177.422
-169.688
-163.543
-154.778
-175.831
-191.49
-170.288
-179.418
-157.835
-184.336
-173.829
-210.893
-173.668
-146.629
-198.541
-155.079
-195.132
-188.178
-159.033
-157.387
-196.425
-211.09
-177.612
-201.251
-194.099
-189.92
-153.054
-160.904
-197.709
-182.703
-185.145
-171.15
-136.324
-189.328
-179.208
-189.027
-198.128
-159.92
-172.056
-157.209
-140.758
-176.746
-170.562
-167.461
-163.143
-137.823
-198.308
-165.573
-146.98
-164.286
-161.624
-167.613
-183.056
-199.28
-164.071
-137.211
-164.676
-175.925
-186.081
-161.129
-161.19
-177.628
-170.878
-143.956
-171.4
-141.133
-151.613
-173.228
-195.281
-129.479
-170.344
-151.93
-173.869
-168.71
-176.306
-184.493
-156.212
-170.842
-163.696
-170.454
-186.588
-219.956
-166.594
-176.127
-177.333
-175.497
-118.411
-180.396
-164.481
-173.519
-202.102
-118.154
-167.973
-157.035
-175.923
-224.853
-177.141
-197.987
-205.69
-182.918
-174.591
-176.297
-159.634
-200.058
-125.253
-169.306
-163.183
-135.496
-160.468
-186.076
-185.027
-154.525
-185.263
-202.588
-144.274
-207.322
-169.015
-185.5
-176.522
-167.314
-155.071
-173.908
-156.52
-152.667
-156.424
-124.022
-186.409
-153.175
-178.218
-187.609
-171.293
-167.214
-208.81
-167.542
-143.533
-154.27
-155.58
-149.99
-187.99
-209.725
-176.431
-172.081
-188.367
-157.558
-170.497
-131.714
-139.81
-170.557
-162.33
-211.497
-172.042
-167.989
-169.078
-191.637
-156.622
-185.293
-161.087
-148.881
-152.778
-175.305
-170.93
-180.114
-136.147
-185.47
-144.264
-190.637
-152.379
-176.722
-143.437
-148.64
-160.071
-176.458
-201.175
-150.137
-136.198
-192.969
-168.097
-156.376
-171.616
-153.329
-157.205
-165.729
-179.745
-170.502
-167.42
-173.113
-144.119
-150.91
-117.038
-115.395
-181.369
-173.445
-193.624
-187.067
-153.15
-146.788
-159.715
-178.159
-199.106
-155.514
-181.884
-158.669
-159.961
-171.646
-145.593
-167.128
-158.181
-146.01
-177.585
-171.954
-180.128
-192.148
-180.521
-194.611
-147.89
-176.354
-161.595
-147.097
-178.796
-160.992
-166.737
-171.494
-199.427
-164.376
-200.498
-180.319
-141.775
-189.003
-158.152
-185.437
-168.505
-131.472
-191.351
-163.271
-151.059
-165.448
-199.705
-193.398
-196.298
-190.532
-194.711
-167.779
-191.828
-154.992
-186.936
-156.859
-209.931
-178.865
-189.82
-170.987
-163.363
-141.807
-180.146
-184.977
-198.442
-139.006
-138.637
-217.342
-206.152
-160.32
-196.548
-186.509
-177.097
-203.979
-178.623
-159.631
-190.592
-176.651
-132.36
-187.863
-165.965
-169.346
-152.579
-171.421
-175.344
-164.455
-184.73
-170.158
-176.794
-209.108
-154.639
-115.667
-177.494
-171.684
-174.602
-184.359
-196.155
-190.603
-167.478
-178.643
-144.314
-173.454
-190.958
-189.337
-202.977
-203.768
-159.348
-174.172
-138.374
-179.482
-171.387
-203.112
-191.712
-140.737
-147.527
-177.054
-156.053
-128.733
-168.076
-163.469
-158.1
-169.668
-157.001
-237.566
-145.134
-210.551
-172.006
-172.825
-177.31
-192.397
-122.583
-158.891
-202.394
-185.388
-163.646
-173.386
-167.397
-171.438
-211.451
-191.989
-146.748
-204.641
-141.8
-183.276
-206.355
-181.556
-198.967
-176.765
-155.893
-165.117
-181.518
-176.892
-154.943
-187.445
-170.468
-156.825
-174.056
-193.621
-184.334
-161.923
-168.98
-154.278
-153.252
-188.251
-141.866
-162.041
-189.761
-170.287
-181.53
-168.704
-199.96
-105.543
-149.81
-157.195
-179.048
-161.109
-149.95
-196.408
-139.093
-187.543
-175.02
-185.995
-172.734
-206.224
-200.357
-171.437
-159.556
-156.373
-172.927
-167.459
-191.746
-197.367
-175.347
-199.802
-152.519
-184.826
-165.197
-189.24
-150.193
-107.327
-130.215
-179.16
-185.595
-155.716
-186.13
-152.416
-147.984
-165.551
-142.969
-193.356
-181.388
-192.319
-197.678
-181.415
-173.636
-170.641
-153.998
-196.057
-199.096
-168.001
-191.82
-177.62
-184.411
-166.47
-192.504
-193.226
-163.807
-133.924
-142.015
-162.214
-172.304
-157.405
-148.175
-175.717
-187.308
-180.695
-207.477
-149.302
-165.927
-194.88
-155.479
-167.97
-137.133
-224.733
-163.711
-205.703
-190.392
-188.958
-137.473
-172.54
-193.77
-182.748
-170.313
-164.356
-136.929
-171.334
-224.162
-136.65
-172.252
-197.92
-182.388
-165.943
-173.996
-151.768
-203.396
-188.097
-184.543
-154.294
-191.026
-185.663
-153.312
-147.477
-187.269
-148.617
-184.165
-168.775
-172.243
-162.315
-213.003
-154.184
-144.541
-183.656
-179.517
-196.374
-157.188
-184.603
-169.008
-189.466
-196.748
-175.583
-182.177
-197.603
-172.461
-157.362
-177.928
-193.676
-166.368
-143.083
-215.098
-163.706
-181.199
-169.75
-151.525
-184.924
-223.821
-181.998
-161.462
-178.998
-162.223
-183.257
-164.358
-179.558
-187.089
-188.551
-134.399
-186.892
-152.909
-176.856
-206.722
-190.557
-181.997
-166.131
-131.375
-141.343
-170.227
-175.028
-173.931
-150.227
-169.173
-175.675
-211.142
-196.376
-207.479
-185.967
-178.198
-172.308
-159.25
-183.411
-166.176
-149.553
-153.159
-174.057
-184.768
-140.467
-132.394
-160.972
-202.101
-178.021
-169.824
-150.925
-147.903
-199.9
-232.398
-152.42
-165.074
-166.135
-167.086
-175.595
-177.385
-156.254
-165.332
-158.069
-164.816
-174.388
-128.518
-176.797
-156.538
-146.93
-184.574
-198.887
-154.116
-170.97
-175.607
-166.095
-185.057
-169.194
-140.061
-143.916
-192.873
-214.886
-194.277
-166.814
-168.333
-164.118
-173.927
-141.643
-182.051
-147.691
-198.531
-168.849
-180.649
-180.365
-187.023
-186.697
-203.369
-168.382
-191.262
-168.698
-168.861
-151.131
-175.205
-174.515
-145.092
-178.411
-141.333
-186.423
-186.691
-187.847
-224.712
-153.46
-148.535
-159.242
-212.392
-180.758
-168.306
-157.568
-186.785
-181.5
-207.209
-150.645
-187.562
-168.615
-218.119
-159.401
-190.019
-166.083
-215.162
-184.739
-184.857
-213.894
-169.717
-171.652
-172.216
-189.822
-170.485
-183.554
-169.264
-160.747
-171.024
-172.926
-177.458
-176.441
-172.339
-174.137
-174.195
-140.776
-153.326
-205.734
-159.072
-184.464
-174.036
-185.493
-197.455
-146.07
-143.392
-156.541
-139.473
-146.819
-210.283
-156.768
-198.406
-185.072
-120.4
-152.323
-152.924
-132.002
-186.659
-183.261
-162.237
-141.338
-137.49
-158.996
-137.703
-177.326
-188.248
-194.063
-198.937
-182.396
-151.518
-189.463
-178.874
-165.838
-169.494
-125.186
-177.78
-169.303
-161.999
-173.259
-157.692
-211.879
-148.904
-180.653
-175.035
-158.105
-150.997
-192.98
-152.829
-132.894
-186.961
-194.672
-155.935
-160.996
-205.813
-152.419
-161.728
-201.433
-141.838
-189.324
-180.517
-194.331
-148.452
-157.224
-175.147
-172.863
-180.715
-182.163
-137.618
-165.324
-153.579
-199.904
-175.444
-131.355
-162.581
-198.074
-191.42
-173.902
-204.908
-186.022
-167.015
-180.424
-139.013
-189.378
-237.402
-153.469
-165.635
-175.181
-134.677
-147.102
-154.86
-165.277
-160
-174.643
-186.098
-190.801
-149.495
-153.437
-170.243
-178.133
-213.021
-173.083
-175.015
-140.466
-183.715
-193.552
-182.878
-156.523
-138.705
-111.82
-141.041
-197.056
-171.231
-160.018
-166.326
-176.803
-203.895
-159.181
-161.118
-176.459
-202.713
-179.49
-170.465
-154.502
-146.009
-177.452
-135.062
-194.623
-193.919
-191.221
-142.48
-186.355
-170.671
-161.796
-155.34
-194.827
-180.51
-143.666
-169.296
-172.158
-182.218
-193.891
-151.755
-182.287
-173.215
-161.994
-159.806
-155.981
-165.983
-187.075
-238.338
-185.815
-176.514
-192.213
-177.717
-142.256
-148.265
-157.685
-196.058
-170.627
-157.443
-166.732
-195.29
-161.372
-187.276
-203.955
-195.373
-219.306
-141.125
-167.038
-156.722
-175.471
-175.08
-190.531
-173.959
-167.152
-172.869
-188.708
-159.844
-180.246
-192.487
-176.302
-118.64
-216.557
-190.115
-181.978
-141.311
-196.273
-184.101
-166.181
-180.485
-185.812
-142.947
-180.473
-137.456
-162.442
-152.091
-149.511
-200.417
-169.113
-169.845
-184.386
-200.193
-172.326
-176.361
-160.043
-174.917
-154.972
-163.953
-196.596
-175.637
-144.739
-184.371
-204.086
-205.292
-160.347
-131.185
-160.784
-182.842
-210.541
-171.82
-156.944
-164.029
-155.448
-166.569
-159.591
-180.422
-177.108
-205.157
-208.488
-181.134
-207.947
-176.172
-152.421
-177.852
-173.903
-146.499
-204.128
-155.763
-174.314
-190.303
-175.944
-191.961
-163.569
-179.999
-147.14
-182.228
-190.936
-195.326
-171.5
-177.675
-161.235
-155.177
-167.659
-159.755
-164.869
-150.329
-173.799
-136.516
-177.779
-163.042
-177.287
-163.333
-178.093
-144.639
-183.691
-171.805
-196.626
-192.247
-132.694
-129.726
-141.122
-174.574
-177.191
-163.809
-162.9
-191.911
-163.568
-174.233
-188.661
-192.034
-167.307
-186.959
-160.326
-114.413
-161.194
-170.291
-153.796
-180.796
-166.449
-182.917
-180.476
-166.928
-163.299
-135.886
-200.46
-163.871
-174.144
-187.959
-178.125
-175.378
-170.188
-199.743
-216.478
-199.632
-201.971
-171.721
-174.813
-201.888
-198.344
-156.219
-175.27
-159.041
-202.289
-184.455
-175.815
-185.758
-170.751
-154.504
-138.137
-136.284
-170.991
-180.306
-185.826
-189.454
-179.437
-198.246
-177.56
-177.714
-144.108
-192.994
-177.522
-191.277
-206.971
-132.149
-196.278
-186.82
-208.769
-177.194
-189.276
-145.018
-168.916
-162.695
-186.962
-146.109
-187.672
-195.946
-165.733
-146.833
-176.763
-162.56
-147.679
-198.323
-184.696
-162.495
-174.936
-146.161
-178.257
-200.819
-167.594
-170.975
-177.06
-183.715
-152.927
-177.701
-140.372
-145.947
-167.9
-154.389
-148.541
-177.485
-183.663
-166.297
-212.215
-169.413
-156.516
-158.579
-148.54
-214.082
-168.993
-195.223
-193.4
-119.692
-151.507
-178.735
-157.093
-207.556
-159.344
-171.88
-200.968
-178.751
-178.599
-211.853
-178.629
-190.382
-150.163
-126.51
-170.431
-162.768
-158.406
-197.719
-163.086
-158.291
-219.762
-178.919
-171.62
-184.153
-150.039
-185.02
-173.217
-179.538
-173.707
-168.739
-176.658
-175.783
-130.303
-169.232
-196.376
-177.69
-201.458
-155.357
-166.111
-174.364
-152.13
-150.619
-172.534
-191.701
-179.058
-190.239
-125.815
-176.077
-197.23
-156.051
-190.145
-175.965
-161.008
-166.219
-180.977
-190.7
-148.178
-184.715
-172.521
-154.827
-195.967
-165.842
-185.238
-173.429
-154.321
-193.23
-204.131
-184.316
-163.941
-146.525
-147.68
-155.525
-143.24
-170.07
-181.425
-178.554
-198.745
-158.793
-183.614
-147.662
-206.709
-113.449
-170.001
-169.1
-157.621
-191.959
-189.374
-212.27
-160.546
-177.637
-115.346
-206.656
-171.502
-178.065
-192.642
-177.66
-158.383
-165.301
-182.476
-155.465
-156.327
-219.155
-186.223
-181.365
-149.928
-142.141
-194.35
-166.84
-154.586
-161.997
-202.884
-133.378
-192.568
-139.933
-159.427
-179.13
-163.724
-193.735
-176.264
-185.26
-192.614
-179.145
-223.032
-165.952
-124.128
-200.79
-155.505
-174.161
-192.647
-170.164
-172.609
-177.793
-140.739
-174.632
-165.054
-201.327
-156.889
-215.77
-176.524
-185.182
-195.579
-211.834
-153.381
-173.156
-187.989
-188.149
-175.466
-208.36
-177.691
-146.466
-146.362
-197.796
-169.66
-252.947
-159.023
-166.484
-185.52
-143.904
-118.994
-179.341
-181.756
-220.213
-172.59
-180.406
-195.353
-170.268
-151.785
-196.249
-217.478
-156.838
-179.771
-196.609
-140.206
-181.221
-167.888
-146.097
-160.566
-169.954
-172.391
-182.238
-153.584
-147.735
-189.102
-148.371
-157.592
-183.391
-162.57
-195.102
-126.285
-159.968
-158.978
-153.559
-186.22
-178.516
-156.969
-146.045
-183.962
-175.614
-143.463
-185.37
-161.462
-165.334
-189.835
-197.711
-122.963
-161.305
-182.401
-160.72
-175.576
-156.208
-157.113
-143.987
-166.401
-165.653
-156.839
-174.505
-186.642
-172.81
-178.653
-182.529
-164.958
-200.538
-156.037
-187.508
-178.891
-171.864
-165.846
-192.276
-166.322
-162.892
-148.33
-169.241
-215.086
-151.985
-164.176
-138.751
-181.383
-223.705
-155.208
-153.446
-165.404
-176.348
-149.873
-149.867
-177.221
-186.647
-163.645
-144.901
-153.778
-163.911
-181.939
-170.501
-195.051
-157.101
-206.975
-157.614
-174.169
-199.557
-167.298
-192.761
-160.895
-195.344
-203.211
-139.555
-174.1
-162.786
-195.762
-201.474
-186.269
-185.18
-167.371
-152.693
-197.858
-170.669
-169.003
-178.566
-146.19
-195.224
-116.146
-188.349
-188.408
-163.48
-215.329
-177.757
-209.987
-175.212
-167.973
-192.745
-227.419
-181.312
-179.66
-196.247
-188.417
-171.064
-208.327
-168.395
-163.745
-157.011
-172.803
-171.939
-125.092
-189.308
-129.638
-163.872
-134.228
-208.432
-164.135
-163.442
-162.869
-143.337
-181.541
-177.616
-162.072
-202.56
-166.475
-189.974
-160.559
-175.292
-199.712
-166.404
-179.685
-183.194
-197.287
-190.907
-155.781
-180.137
-160.197
-189.17
-180.448
-176.173
-133.369
-176.032
-204.564
-153.555
-146.953
-174.47
-172.196
-183.531
-161.295
-194.059
-192.354
-181.098
-153.622
-157.37
-176.775
-145.079
-204.77
-173.246
-174.554
-170.926
-152.594
-172.693
-179.761
-141.927
-175.322
-153.176
-174.787
-151.815
-198.491
-185.352
-169.664
-166.06
-159.565
-180.26
-161.796
-168.231
-159.207
-216.782
-191.327
-164.665
-156.141
-182.446
-178.256
-167.252
-159.599
-189.849
-186.17
-181.038
-144.191
-172.901
-153.36
-173.752
-195.806
-159.163
-171.978
-155.817
-189.024
-165.167
-185.886
-180.695
-189.797
-151.608
-170.681
-168.948
-185.574
-182.399
-169.863
-180.266
-195.446
-189.421
-188.993
-166.59
-202.881
-128.922
-175.462
-147.493
-171.844
-178.127
-168.671
-147.47
-145.303
-185.533
-137.664
-191.424
-180.061
-159.976
-192.189
-145.486
-189.514
-184.851
-159.065
-157.519
-173.445
-204.676
-203.222
-180.003
-183.202
-156.423
-199.586
-133.669
-192.371
-156.403
-192.265
-202.52
-153.564
-149.914
-177.313
-182.912
-195.424
-221.931
-181.065
-181.204
-161.958
-168.77
-203.031
-173.966
-144.148
-170.41
-174.875
-175.025
-176.003
-158.109
-143.999
-158.55
-182.814
-180.464
-195.985
-188.747
-157.057
-154.666
-146.188
-160.946
-170.65
-192.234
-180.265
-183.098
-156.021
-171.632
-167.843
-160.634
-144.815
-167.069
-192.565
-180.369
-188.245
-195.712
-177.524
-188.362
-149.518
-127.198
-152.118
-189.49
-141.652
-169.134
-195.961
-158.646
-191.647
-165.813
-154.581
-198.6
-201.175
-182.292
-179.939
-176.553
-215.717
-168.674
-163.724
-181.308
-173.625
-194.547
-184.175
-151.826
-180.046
-175.666
-175.647
-144.076
-174.438
-154.042
-209.311
-170.438
-171.297
-137.28
-204.885
-192.942
-118.146
-176.613
-181.494
-156.235
-147.689
-148.481
-139.011
-161.464
-120.253
-187.525
-155.794
-181.891
-185.742
-145.596
-132.451
-201.69
-177.5
-133.71
-183.806
-180.182
-208.401
-167.696
-181.935
-193.077
-157.186
-190.517
-152.797
-185.374
-203.209
-163.304
-235.239
-185.994
-176.854
-154.576
-184.46
-152.839
-132.815
-167.308
-149.402
-198.074
-173.751
-141.374
-219.546
-224.718
-143.698
-192.851
-159.902
-184.112
-193.66
-145.783
-174.814
-167.905
-185.103
-151.216
-141.024
-221.836
-134.147
-151.524
-159.573
-181.08
-182.273
-157.132
-174.655
-160.352
-189.493
-153.625
-156.201
-146.087
-144.661
-133.273
-150.683
-179.052
-175.166
-178.305
-191.875
-159.996
-145.665
-166.574
-185.025
-174.712
-183.071
-220.182
-168.651
-176.462
-165.377
-168.274
-172.21
-170.004
-183.458
-149.863
-182.466
-190.67
-160.308
-211.427
-188.818
-156.509
-152.496
-222.955
-160.923
-145.453
-203.612
-151.417
-170.238
-156.622
-186.154
-160.521
-178.475
-157.884
-169.386
-179.488
-193.621
-199.139
-134.778
-181.788
-153.415
-122.825
-170.174
-156.984
-185.115
-176.152
-183.142
-198.629
-192.739
-186.074
-154.548
-179.951
-178.573
-191.201
-150.394
-165.462
-182.143
-197.393
-186.093
-196.119
-150.323
