0.27679 -0.0219593
0.275306 -0.0168951
0.276546 0.00719806
0.276224 0.003671
0.272699 -0.0039012
0.295121 0.00571418
0.287704 -0.00269351
0.273399 0.0113481
0.280915 0.00484949
0.244078 -0.00539841
0.283616 0.00273093
0.294241 0.00331539
0.277318 -0.0271747
0.27115 0.00575122
0.300926 -0.0121363
0.270762 -0.0204146
0.297982 -0.00855279
0.29624 -0.0315893
0.292464 0.00554459
0.275626 0.00962613
0.258983 -0.00559122
0.250206 0.0218653
0.276626 0.0279237
0.263619 0.0252023
0.26956 -0.0324755
0.23289 0.0115436
0.280645 -0.00179113
0.26441 -0.00155636
0.274249 -0.00344118
0.25713 0.0324896
0.27668 0.00268145
0.272878 0.0154937
0.283882 -0.0122726
0.291721 0.00637975
0.265883 -0.00626906
0.244127 -0.00269459
0.269071 -0.0174325
0.281911 0.0372022
0.253608 -0.000284857
0.272566 0.0213984
0.282091 0.010873
0.265989 0.0238295
0.275876 -0.0187416
0.296933 0.0095374
0.265714 -0.0205292
0.260392 -0.00514118
0.265621 -0.000651428
0.27065 -0.00619249
0.28148 -0.00242369
0.25293 -0.00216211
0.24339 0.0119091
0.266872 0.0130171
0.255383 0.00297032
0.277246 0.00323506
0.268208 0.00102511
0.26425 -0.0132685
0.251519 -0.00822917
0.258512 -0.0163647
0.256108 -0.0197444
0.245681 0.0169247
0.262451 0.0119177
0.28232 -0.0122093
0.260011 0.0090512
0.285795 -0.0109591
0.281508 -0.00915823
0.246215 -0.00274573
0.283616 0.0230382
0.277821 0.010149
0.271855 -0.00704738
0.273966 0.0170837
0.237285 0.00599356
0.257867 0.0101592
0.255993 -0.01007
0.271781 -0.0110821
0.271762 0.00261961
0.265664 -0.00355894
0.267094 -0.00655246
0.280061 -0.0271616
0.253138 0.00614369
0.266281 -0.00120357
0.275775 0.0123567
0.280382 0.015007
0.265053 0.00726411
0.257505 0.00761406
0.297586 0.0205835
0.300247 -0.0251923
0.26157 0.0282832
0.280729 0.00759149
0.270837 0.0122781
0.242733 0.00472264
0.252978 0.0144294
0.261527 -0.0215694
0.261004 0.00181167
0.275969 0.0235406
0.273487 0.00591595
0.278941 -0.00429895
0.286488 -0.0136379
0.264489 -0.0022091
0.280559 0.0152797
0.27455 0.00188369
0.241626 -0.00793343
0.272239 -0.0392614
0.259134 0.0230065
0.266822 -0.00467847
0.246028 -0.00208373
0.268633 -0.0117315
0.286157 -0.0179144
0.263002 -0.00143642
0.24557 -0.00521688
0.264172 0.0186664
0.228353 0.00189753
0.275549 -0.0140773
0.271321 -0.0140162
0.290805 0.00828596
0.275692 0.00955041
0.28316 0.0183089
0.277061 -0.000391923
0.280838 -0.0183907
0.287607 0.0235638
0.263677 -0.0344143
0.287221 -0.000875097
0.268418 0.00108497
0.246049 0.0248636
0.267473 0.0171478
0.265592 0.0347271
0.264118 0.0110319
0.267022 -0.00422312
0.269537 0.0276728
0.291586 0.00148318
0.284609 0.000310397
0.272332 -0.00408196
0.293297 -0.0217874
0.262649 0.00739186
0.273517 -0.00689702
0.291663 0.0113662
0.294683 0.0280761
0.264367 -0.0123365
0.278241 0.00252156
0.287669 0.00264007
0.25558 0.00402321
0.278397 0.00179268
0.293223 -0.00270439
0.287288 -0.0224425
0.265014 0.000373943
0.264535 -0.0026444
0.275093 0.016454
0.253119 0.0202596
0.30485 -0.00513581
0.260833 0.00440282
0.274613 -0.0151016
0.270427 0.0121228
0.274369 0.0258965
0.29398 0.00768776
0.252722 0.00670224
0.285852 -0.0228318
0.284829 -0.00617388
0.269482 0.0128329
0.27407 -0.0116494
0.271843 -0.0248579
0.280478 0.0322719
0.266834 -0.00616794
0.298228 -0.0124269
0.276278 0.00419666
0.257057 0.0293369
0.2776 0.0151842
0.272891 0.00981533
0.303266 0.0197948
0.29131 0.0241746
0.277522 0.0168709
0.248383 0.0303586
0.281938 -0.00772217
0.283332 0.0181703
0.276651 -0.0359469
0.256974 -0.010538
0.264935 0.0131979
0.250038 -0.0265354
0.24957 -0.000929885
0.270694 -0.0094599
0.265991 -0.0137408
0.247872 -0.00164074
0.259845 -0.0284626
0.292366 -0.000100484
0.26989 0.0068869
0.285643 -0.00166957
0.284267 0.0140353
0.279699 -0.00691736
0.278355 0.0238449
0.2608 -0.00311214
0.257837 -0.0118349
0.285583 0.0250638
0.245364 0.00339849
0.274813 0.0383894
0.284925 -0.0123394
0.283288 0.00840358
0.28549 0.00944723
0.297756 0.0115628
0.262035 -0.0138947
0.237667 -0.00049288
0.266341 0.0120035
0.233922 -0.00810146
0.260043 -0.00520194
0.262961 -0.00656844
0.270211 -0.00813827
0.293602 0.0130233
0.252464 -0.021442
0.298745 -0.0146503
0.254542 0.0132736
0.295756 -0.0301247
0.257678 -0.00632619
0.249299 -0.0151392
0.293534 -0.0199236
0.261839 -0.0109819
0.258662 0.0130595
0.284287 0.0168603
0.277776 0.00672184
0.27698 0.0159128
0.256657 0.00320716
0.269899 -0.00408032
0.278128 -0.000741096
0.259404 -0.0123053
0.24875 0.0145575
0.265676 -0.00931806
0.280163 0.00086672
0.263531 -0.0239745
0.275061 -0.0142094
0.300628 -0.00771617
0.264674 0.00861301
0.270405 0.020557
0.251419 -0.00375068
0.27988 0.0234192
0.266536 -0.00165853
0.276497 -0.016481
0.26919 -0.00317806
0.261604 -0.000844504
0.235948 0.0197829
0.249807 -0.00802855
0.246684 0.0133853
0.272502 0.0237743
0.243067 0.000282861
0.250619 0.0366814
0.257859 -0.00904293
0.286217 -0.0096865
0.271275 -0.0195844
0.288735 -0.0136943
0.257328 -0.00455359
0.280471 0.0188683
0.264415 0.0233242
0.278851 0.0228118
0.236541 0.0110563
0.260139 -0.00535892
0.263114 -0.02681
0.268945 -0.0144187
0.262332 -0.0125454
0.275085 -0.00899641
0.279196 -0.0190234
0.285658 0.00899009
0.26408 0.0023772
0.259108 -0.0260034
0.257427 -0.020312
0.248729 -0.00232516
0.286795 -0.0123423
0.273539 0.0335595
0.269401 0.0189218
0.299524 -0.00635715
0.268539 -0.0109615
0.234524 0.00147984
0.27829 0.0164393
0.262194 0.00901254
0.279106 0.0201136
0.280592 -0.00790641
0.27576 -0.0161132
0.264138 -0.0260873
0.268663 0.00332599
0.262062 -0.00263143
0.262378 0.0173663
0.294284 0.00830855
0.26714 -0.0207584
0.319393 0.0130776
0.275452 -0.0210941
0.300622 0.00824524
0.258929 0.0228543
0.267884 0.0375853
0.300997 0.00344403
0.282367 0.00193346
0.282584 0.0111513
0.250067 0.0138875
0.269111 -0.0092965
0.258662 0.0043402
0.296548 -0.01473
0.299915 -0.00337093
0.2744 -0.0113858
0.273578 0.012046
0.266785 0.00721131
0.250093 -0.0079242
0.249803 0.00287654
0.280576 -0.0169585
0.280207 0.0218352
0.264747 0.00151717
0.243989 0.00733476
0.26683 -0.00616822
0.266933 -0.000828874
0.255808 0.0093004
0.265378 -0.0281066
0.266129 0.000915132
0.278663 0.00327839
0.288168 -0.00121364
0.235889 -0.00199826
0.269632 -0.00338306
0.278549 0.0220047
0.270538 -0.0263697
0.288881 -0.00344691
0.269102 0.0151241
0.24709 0.0148097
0.273188 0.00209703
0.279989 0.00602133
0.252565 -0.0280233
0.279955 -0.00383389
0.261232 -0.0198086
0.259195 0.0231448
0.279021 -0.00370862
0.29706 0.00655238
0.273384 0.0107326
0.263668 -1.4759e-05
0.306634 -0.00187504
0.284899 0.00822602
0.260898 -0.0253897
0.250766 0.00818457
0.280825 0.00636656
0.278537 -0.00196444
0.257098 0.00426138
0.295959 0.0359089
0.291377 -0.00583082
0.263362 -0.00378205
0.294274 0.0355663
0.258368 -0.0134934
0.263786 0.0107294
0.273247 0.000787245
0.272764 0.0278291
0.265403 0.0207934
0.252699 -0.0206883
0.290352 -0.0381959
0.27907 -0.0114293
0.279918 0.00267926
0.258735 -0.0131789
0.2789 0.00275202
0.264891 0.0246187
0.238078 0.0314405
0.291033 -0.0290909
0.261493 0.00825289
0.261011 0.00972542
0.27483 -0.0111355
0.283195 -0.00554656
0.233605 -0.0154437
0.274425 0.0328129
0.257135 0.00230523
0.272615 0.00683364
0.275291 -0.00205743
0.2653 0.00248762
0.286685 -0.00384433
0.269296 -0.0133057
0.280665 0.00646807
0.273293 0.003251
0.26136 -0.0233853
0.271867 0.00738317
0.271131 0.00639071
0.289751 -0.0132397
0.284849 0.0138645
0.281761 0.037205
0.274592 0.0230191
0.25082 -0.0165038
0.267918 0.0222998
0.278129 -0.0117446
0.293056 -0.00238376
0.260423 0.00386873
0.27025 -0.0158829
0.280078 -0.00717641
0.270878 -0.0116415
0.289629 -0.00547109
0.294029 0.0241287
0.26629 -0.0438619
0.249182 0.011585
0.261048 0.00674312
0.243248 0.0126262
0.248178 -0.00684913
0.280991 0.00891676
0.273288 0.014178
0.298526 0.000458879
0.305476 -0.0146691
0.270862 -0.0224919
0.269833 -0.014246
0.232345 0.015263
0.281865 -0.00458311
0.271325 -0.00895054
0.280738 0.00794886
0.30035 0.00438855
0.268296 -0.0276662
0.309599 -0.00115294
0.249093 0.00718141
0.244207 0.00255737
0.256819 -0.0194771
0.266726 0.00652925
0.245208 -0.0242497
0.293862 -0.00110461
0.23642 -0.025556
0.282769 -0.00860118
0.300544 -0.0180828
0.296506 0.0185209
0.273647 0.0350198
0.265156 -0.0143649
0.264908 0.0016437
0.296001 -0.0121133
0.29166 -0.000949138
0.282784 -0.0147932
0.285724 -0.00652755
0.262435 0.0332349
0.271428 0.00565704
0.298696 0.0409331
0.264627 0.0108283
0.263256 -0.0223771
0.285619 0.00070396
0.267021 -0.0186535
0.257591 -0.0203569
0.283754 -0.0149636
0.268574 -0.00983101
0.278155 0.0395743
0.279588 -0.00926756
0.27274 0.0138506
0.280232 0.0194424
0.256393 -0.0123271
0.260148 0.0253172
0.290897 0.00883058
0.257549 -0.00024809
0.282907 -0.0127962
0.281087 0.00113196
0.275622 0.00674073
0.296245 -0.00796848
0.252852 -0.00881009
0.281307 0.0241257
0.26962 0.00990809
0.283073 -0.00505651
0.305929 -0.000198566
0.280789 -0.000511908
0.269569 -0.0197594
0.260779 0.0118991
0.264978 0.0259221
0.250098 0.00875803
0.282181 -0.0110831
0.25813 -0.000194043
0.283682 0.0268384
0.277994 0.013764
0.288595 -0.000447989
0.249024 0.00230464
0.289404 0.0216981
0.278555 0.000879918
0.278302 0.013211
0.278545 0.017117
0.277042 0.00834444
0.268359 -0.0302783
0.280097 0.00643521
0.256145 0.00042631
0.265851 -0.00414806
0.252833 -0.004841
0.250766 0.00405889
0.249371 0.0136218
0.278555 -0.0119416
0.26668 -0.0113564
0.286977 -0.0182817
0.249143 -0.00210517
0.258029 0.00968966
0.290348 0.00312573
0.277411 -0.00358627
0.269092 -0.0176146
0.241107 0.00151761
0.265612 0.0169827
0.278332 0.0103094
0.265764 0.0168711
0.260386 0.00352212
0.279822 -0.00285354
0.266635 0.00966121
0.273822 -0.00857584
0.271102 -0.00104545
0.255583 -0.00063433
0.291717 -0.0021003
0.272942 -0.00307232
0.235407 0.00866358
0.268441 0.0146887
0.299998 -0.0183625
0.274438 -0.00745523
0.260912 -0.0086484
0.266153 0.00972189
0.264427 0.0312617
0.256451 -0.00824317
0.270484 0.00174053
0.252034 -0.00160402
0.296205 0.0230562
0.281909 0.0162184
0.284859 0.00771378
0.287348 -0.00445056
0.275655 -0.00532863
0.268235 -0.000955909
0.270732 -0.0265053
0.258599 0.00688067
0.286608 -0.0111403
0.265727 -0.00887084
0.252362 0.028352
0.279536 -0.00592883
0.284711 0.015919
0.306144 -0.0299445
0.277698 -0.00716723
0.298229 -0.0129469
0.266561 -0.0113955
0.278435 0.00237434
0.253647 0.020176
0.261401 0.00582951
0.250392 -0.00215838
0.268627 0.01478
0.265864 0.024183
0.284076 -0.00749466
0.289991 -0.00928715
0.274198 0.0221048
0.253616 -0.0101717
0.267068 -0.0126575
0.264673 0.00783977
0.254103 0.022742
0.269252 -0.0112803
0.267811 -0.0406282
0.282265 -0.0151464
0.261299 -0.0173633
0.285822 -0.015146
0.255712 -0.00194789
0.304696 0.00467337
0.262854 0.0312714
0.260778 0.0178355
0.253143 0.0241218
0.274978 0.00563086
0.276817 -0.00523174
0.299746 -0.0302056
0.246108 -0.00626665
0.266531 -0.012572
0.25555 0.0282874
0.261815 0.00835585
0.263544 -0.00898831
0.269834 0.00246418
0.284449 0.0173691
0.268739 0.0191114
0.272654 -0.00548777
0.266521 0.00584374
0.268677 -0.0178005
0.256573 -0.0364178
0.257221 0.00172769
0.285226 -0.00647488
0.280024 0.00252177
0.276962 -0.0141481
0.252177 -0.0153964
0.24038 -0.00318356
0.271531 -0.00081282
0.271109 -0.0162147
0.290969 0.0213523
0.240986 -0.00193875
0.291766 -0.0187934
0.241403 0.0152487
0.27013 -0.0244453
0.267694 -0.0108506
0.289508 0.00698315
0.290487 0.0137832
0.257589 -0.0228709
0.276572 0.0272142
0.281307 -0.0127649
0.296114 0.000680263
0.26746 -0.0186346
0.277898 0.00593848
0.300636 0.0137805
0.285664 -0.0058467
0.274766 -0.0116065
0.293298 -0.0244438
0.285449 0.000643614
0.289288 -0.0193526
0.274095 0.00240617
0.269081 -0.00740402
0.262655 0.0194112
0.298319 0.00372355
0.274917 -0.0122873
0.240325 -0.00205887
0.28544 -0.00333086
0.28359 0.0333469
0.290107 0.0094844
0.254375 -0.00440549
0.251991 -0.0129023
0.244122 -0.00643717
0.267221 -0.0104778
0.289072 -0.00615259
0.258552 0.0257019
0.292419 -0.0112674
0.288744 0.00447244
0.269505 0.0366309
0.251888 0.00413472
0.264536 0.0156062
0.257131 -0.0147492
0.283443 0.0201241
0.261614 0.0199673
0.278966 -0.00847559
0.260109 -0.00488432
0.280505 -0.0154971
0.283275 -0.0332287
0.261228 0.00307582
0.288459 0.0258626
0.268425 -0.01122
0.269015 -0.0173405
0.263382 0.00239021
0.267145 0.0171298
0.238472 -0.0219841
0.297905 -0.00885588
0.263818 -0.0179428
0.290353 -0.0133245
0.292038 -0.0102115
0.26328 -0.0034428
0.285134 0.0107147
0.255001 0.00967934
0.262087 0.0145446
0.258667 -0.0243814
0.25932 -0.023036
0.262641 -0.0295509
0.275536 -0.00759747
0.291593 0.0170465
0.29121 0.000506921
0.30068 0.0307502
0.250791 0.00693083
0.249319 -0.000911385
0.282719 -0.0222449
0.255714 0.0392427
0.287002 0.010283
0.258044 0.0191583
0.269691 0.0125824
0.250565 -0.00371697
0.28568 0.0188215
0.259377 -0.00788383
0.263576 0.00586315
0.254564 0.0135102
0.267961 -0.00648644
0.28667 -0.012853
0.267235 0.00655601
0.260035 -0.0329946
0.273555 -0.0258096
0.27069 0.00384546
0.27285 -0.00393432
0.260183 0.0279895
0.278207 0.0169107
0.278287 0.011015
0.26972 0.000966457
0.260857 -0.0119264
0.275917 0.00760443
0.284838 0.024605
0.267798 0.00900235
0.276493 0.0132986
0.282292 -0.00364531
0.256007 0.00785216
0.256173 0.00890573
0.291992 -0.00463529
0.252302 0.020829
0.298341 0.0141762
0.262901 -0.0184829
0.285485 0.00432629
0.277185 -0.00892768
0.283259 -0.0217245
0.297676 0.0202357
0.276887 0.0147038
0.253291 -0.00969201
0.261054 -0.00293664
0.280305 0.0339457
0.263403 -0.00767183
0.259369 -0.00624624
0.277286 -0.0104315
0.283634 -0.0191476
0.280719 0.00156643
0.290461 0.00238215
0.300312 0.00238899
0.258514 0.0171124
0.268909 -0.00404638
0.277668 -0.00433274
0.287064 -0.0099239
0.260477 -0.0026662
0.276866 0.00164843
0.289179 0.00485294
0.265576 0.026398
0.273992 0.0099945
0.273828 -0.00435806
0.296818 -0.0147891
0.267857 -0.00166903
0.281133 0.0159058
0.221672 6.90599e-05
0.294012 0.00107463
0.256665 0.0105352
0.261868 -0.0116228
0.295356 -0.00823643
0.291046 -0.00703258
0.265813 -0.00785629
0.270532 0.00295098
0.27008 0.0149526
0.269432 0.00783847
0.265601 0.0033746
0.276881 0.0139813
0.289764 -0.024385
0.282737 0.00506304
0.281632 -0.0235246
0.279052 -0.0192059
0.261289 -0.0268866
0.282008 -0.00998281
0.250392 -0.0186133
0.248989 0.0394859
0.257468 0.0044786
0.268891 -0.0171912
0.274637 0.0264553
0.268042 0.00603884
0.269746 0.0323071
0.253363 0.00885117
0.246049 0.0171894
0.288679 -0.0201014
0.284662 -0.0337533
0.260694 0.00522247
0.268365 0.016564
0.272031 -0.00915533
0.246578 0.0171663
0.289155 0.00510868
0.249797 0.00320974
0.271154 -0.0123562
0.267044 0.0081944
0.23381 0.0156512
0.274786 -0.0111966
0.305371 -0.0129377
0.266848 0.0120488
0.273265 -0.0033852
0.268158 -0.0124564
0.28377 0.00233058
0.288172 0.0119646
0.26913 0.0291859
0.319908 0.000618392
0.243607 0.00994337
0.275787 -0.0110456
0.267058 -0.00694081
0.277714 0.0028661
0.266477 0.000732806
0.281064 -0.0120056
0.287698 0.00987544
0.260372 -0.00933514
0.27147 -0.0105991
0.272537 -0.0125405
0.262432 0.00468263
0.297429 -0.0116275
0.253828 -0.00857841
0.268889 0.00559037
0.259969 0.0254726
0.279572 -0.00701605
0.266616 0.00159163
0.258495 -0.00489695
0.296005 -0.013359
0.261665 0.01312
0.263433 -0.00454767
0.263346 0.010895
0.287057 0.00878419
0.266843 -0.0202094
0.269594 -0.000176612
0.264363 -0.0209071
0.272445 -0.00149871
0.271634 0.00195755
0.274204 -0.0268166
0.262004 0.016317
0.264157 0.0184978
0.293695 0.00319577
0.261544 0.00908948
0.310815 -0.0255286
0.268074 -0.00913055
0.274894 0.0113888
0.264734 0.00498839
0.266734 0.000891224
0.274603 -0.013079
0.251708 0.000213744
0.2811 -0.0429364
0.2716 0.0124606
0.284987 0.0208907
0.276984 -0.00416099
0.273173 -0.0153888
0.281826 0.0192656
0.278773 0.00699305
0.27889 -0.0183319
0.277689 -0.00450664
0.264293 0.0175551
0.272182 0.00765749
0.287625 0.00219589
0.289536 0.00927767
0.27852 0.0286731
0.265728 -0.00157755
0.292823 -0.00079095
0.274164 0.024434
0.283792 0.0105413
0.280834 -0.03054
0.28761 0.0247943
0.243785 -0.0082805
0.288169 -0.0141477
0.269555 -0.0124388
0.277935 -0.0370605
0.26719 0.0114349
0.26881 0.0318786
0.262062 -0.0018376
0.271244 0.00910699
0.289421 -0.0359501
0.256489 0.00125011
0.274297 -0.00946285
0.281887 -0.0226284
0.266922 0.0277166
0.270927 -0.000967101
0.261615 0.00508782
0.260383 0.00693492
0.266936 -0.00120169
0.268274 0.00272349
0.268461 0.0101282
0.2782 0.00603385
0.248913 -0.0132483
0.276872 0.0219481
0.278609 0.00172615
0.246805 -0.00258748
0.291662 -0.00342207
0.281779 -0.0102489
0.243834 -0.0100353
0.247637 0.00451721
0.292485 -0.020691
0.260722 0.00160548
0.269373 -0.0279951
0.26224 -0.0241505
0.2833 0.00631806
0.288006 -0.0259316
0.264624 -0.0599166
0.282838 0.000199529
0.262213 0.0177728
0.25054 -0.0261394
0.267868 -0.00687028
0.255364 -0.026146
0.2765 -0.00637534
0.265633 -0.00719232
0.279216 0.00672615
0.266665 0.0274344
0.247322 0.0131939
0.284255 -0.0112271
0.271211 -0.00126587
0.273165 0.0181378
0.259362 0.00275092
0.268967 -0.00945445
0.279336 0.0206621
0.283916 -0.00698389
0.266274 -0.0334731
0.259059 -0.00666319
0.256964 0.0205565
0.280092 -0.011447
0.291783 0.0146768
0.266444 0.0123535
0.249613 0.00892376
0.288251 0.0116075
0.283071 0.00772282
0.258193 -0.00624651
0.269406 -0.0112408
0.273767 0.000469226
0.31133 0.0215989
0.27167 -0.0111159
0.267506 0.0439008
0.278521 -0.0183863
0.265568 -0.0055515
0.24575 -0.00131972
0.237281 0.0133617
0.264138 0.0135393
0.264206 0.00205134
0.279623 0.0107637
0.251436 0.011509
0.264971 0.0412554
0.30586 -0.000244746
0.300908 0.00691706
0.27317 -0.00678924
0.282898 0.00110743
0.25694 -0.0103021
0.269928 0.022309
0.277813 0.0151653
0.281818 -0.00221529
0.278142 0.0107004
0.279132 0.025014
0.298454 0.0125547
0.269471 0.0127329
0.268049 -0.0342215
0.283169 -0.0154665
0.288505 0.00594886
0.283068 -0.0309768
0.276054 0.00832633
0.278122 -0.017435
0.247272 -0.00230005
0.281223 0.0107774
0.289361 0.021441
0.285051 -0.0162973
0.244703 -0.000330949
0.286291 0.00618993
0.268982 0.0311893
0.26942 0.00830349
0.274636 -0.0136118
0.278227 0.00161405
0.291092 0.00593183
0.264785 -0.0370777
0.257514 0.0187266
0.295416 0.0389236
0.275857 0.00336922
0.289613 0.00832767
0.257346 -0.00313463
0.281209 0.00436849
0.286268 0.0267266
0.277101 0.00945028
0.249883 0.0233329
0.292504 0.000845517
0.264141 -0.0181772
0.283996 -0.00837241
0.273045 -0.0329934
0.270383 0.0037637
0.291597 0.0112709
0.303316 -0.0192842
0.27046 -0.00681068
0.281305 -0.0155811
0.301624 0.00851311
0.289283 -0.0215135
0.255283 -0.00146027
0.265095 -0.00353887
0.271068 0.00726269
0.276777 0.00895513
0.270398 -0.013229
0.260435 0.00730064
0.243183 -0.00576906
0.2791 -0.00342167
0.235734 -0.0059645
0.286913 -0.0057925
0.271641 -0.00457756
0.272968 0.00915885
0.297583 0.00101429
0.286906 -0.0118071
0.288791 -0.0174028
0.234132 0.00759418
0.273509 0.000436468
0.284593 0.0100402
0.290062 -0.0221585
0.272472 -0.00549044
0.292629 0.00719295
0.272372 0.000741295
0.27183 0.00553741
0.282056 0.017707
0.270972 -0.00203579
0.26721 0.0128212
0.260378 -0.0157512
0.267902 0.00856643
0.266024 0.0403128
0.287394 -0.0192129
0.266783 -0.000665862
0.274435 0.00508089
0.278759 -0.00421236
0.272054 -0.00830765
0.249196 -0.0148919
0.258051 -0.00541105
0.275459 0.0118088
0.262692 0.00879645
0.299243 0.0069657
0.261804 0.0147086
0.267339 0.0240168
0.241318 0.0114538
0.254745 0.00752145
0.263681 -0.00967721
0.288826 -0.0185885
0.263001 0.00500562
0.288341 -0.00569876
0.272556 -0.0114425
0.236825 -0.0155402
0.286812 0.0253403
0.274766 0.00237993
0.265012 -0.0139306
0.290339 0.0122009
0.260008 0.0012179
0.29078 0.023569
0.275352 -0.0109157
0.292267 -0.00593671
0.254284 -0.00386141
0.252733 0.00591996
0.286497 -0.0029297
0.301487 -0.00199214
0.3074 0.00557955
0.250083 0.0479087
0.286969 -0.00352106
0.284917 0.000804906
0.290161 0.000977834
0.238877 -0.0229952
0.249197 -0.0053151
0.277333 0.00781969
0.278276 0.00098694
0.251833 0.00511815
0.240995 -0.0293239
0.241855 -0.000739501
0.252309 0.0122794
0.265606 0.00277024
0.267301 0.0082273
0.23468 -0.0121038
0.284556 -0.00972024
0.263891 0.00382862
0.260506 0.0113335
0.274656 0.0114486
0.274522 -0.00736131
0.270966 -0.00675466
0.249374 -0.0215081
0.271232 -0.00597252
0.27058 0.00429779
0.26805 -0.0240944
0.293541 0.0189107
0.255964 -0.0168612
0.280108 0.00190563
0.253243 -0.0076589
0.281445 -0.0114033
0.307407 0.00365758
0.276113 0.00724907
0.270774 0.00136184
0.266904 0.00127786
0.264822 0.000600971
0.277637 -0.00560755
0.268747 -0.0210736
0.247976 0.00361045
0.289558 -0.0246907
0.256967 0.0377548
0.268643 -0.00160422
0.292516 0.0222824
0.296263 -0.00678331
0.272695 -0.00728683
0.289322 0.0122244
0.298327 -0.00524276
0.26585 -0.00187063
0.263062 0.0164528
0.291128 -0.00824312
0.287374 0.00471785
0.292328 0.00839551
0.268082 0.0116063
0.288773 -0.00491976
0.27616 0.00802617
0.267472 0.00249713
0.289399 -0.00198741
0.283634 0.025474
0.241829 0.0180731
0.277251 -0.00724983
0.27105 0.00112638
0.284872 -0.0334465
0.243827 -0.00873789
0.270023 0.0104186
0.258682 -0.00375655
0.287548 -0.00937679
0.290654 -0.0064294
0.281876 0.0133757
0.293621 -0.0214889
0.284159 -0.00991208
0.272013 -0.0140637
0.266316 0.0132748
0.269194 0.00701139
0.270906 0.0102548
0.268398 0.0129821
0.273466 -0.0320044
0.263222 0.00014145
0.253119 0.0102019
0.242926 -0.0109167
0.25763 0.00923913
0.27534 -0.0399215
0.254318 -0.00249578
0.284345 -0.00701139
0.271936 0.00841111
0.277491 -0.0201313
0.27759 0.0235632
0.273742 -0.000788851
0.265996 0.0291429
0.31036 0.011455
0.298201 0.0145933
0.274797 0.0103368
0.304425 -0.00429999
0.285791 0.00416764
0.254156 0.0237768
0.28719 -0.0171988
0.280554 0.0122308
0.279283 -0.0114163
0.280094 -0.00411786
0.297369 -0.000178382
0.278049 0.0141745
0.271316 0.0146349
0.267156 -0.00912147
0.284966 -0.0113582
0.281632 -0.0174127
0.260008 -0.00832346
0.28105 -0.00926573
0.275167 -0.0107528
0.271175 -0.0139128
0.2935 -0.0207143
0.292347 -0.012881
0.257341 -0.0128514
0.247141 -0.0131847
0.276952 0.00287263
0.29245 0.0130528
0.269106 -0.0186883
0.282309 0.0107178
0.297227 0.0137984
0.275123 -0.0223237
0.278974 -0.00233997
0.258609 0.0100624
0.278326 -0.0241428
0.265577 0.0124786
0.258872 -0.00774817
0.271619 -0.000445364
0.272785 -0.0141237
0.27222 -0.00287302
0.28695 -0.00433025
0.250655 -0.0259142
0.265759 -0.0249282
0.284102 0.0064582
0.278389 0.0303444
0.263897 -0.00305837
0.283298 0.0142429
0.29935 -0.00601603
0.277357 0.0135474
0.278261 0.000616483
0.285679 0.0101134
0.261676 -0.00176233
0.263422 -0.0262365
0.281733 0.0291721
0.248969 0.00825188
0.27125 -0.00140385
0.237717 -0.0110146
0.254509 0.0223078
0.263288 0.00233035
0.273889 0.0120111
0.272993 -0.0266462
0.25878 -0.0276298
0.277009 0.0141305
0.267865 0.00698407
0.276139 0.00400379
0.281194 -0.0012548
0.273756 -0.00259311
0.260102 0.00481968
0.242215 0.000851985
0.233671 0.00120959
0.265035 -0.0177433
0.302916 -0.0051917
0.272627 0.00370698
0.269961 0.0164518
0.27681 0.0122407
0.29322 -0.00815041
0.256074 -0.0070033
0.309058 -0.0196128
0.295767 -0.00935744
0.298582 0.0181209
0.273729 -0.00845165
0.251104 0.00825819
0.277175 0.0105413
0.237615 -0.00583217
0.277301 0.0151742
0.269411 0.0163403
0.273913 0.00679574
0.279274 -0.00171991
0.283483 -0.00524794
0.261318 0.00223326
0.253612 -0.00388938
0.297892 -0.0103713
0.285666 -0.0211178
0.288531 0.0265224
0.274408 -0.00411496
0.259913 0.010802
0.25614 -0.0208413
0.224745 0.00287604
0.247552 0.00161779
0.279784 -0.0243733
0.278705 -0.0196635
0.267531 -0.0238865
0.273927 0.00795385
0.26696 0.0156691
0.261915 0.00365184
0.260829 0.00969562
0.276446 -0.00686934
0.275424 -0.00937065
0.277809 -0.0222759
0.256458 0.00913212
0.257925 -0.0172158
0.253544 0.0226439
0.268631 0.00832033
0.28723 -0.00750356
0.287962 -0.000819293
0.291725 0.0261831
0.268063 -0.0224606
0.255165 0.0095551
0.249102 -0.00923069
0.244634 0.0179471
0.24888 -0.00484974
0.28462 0.00348978
0.276144 -0.0051814
0.278079 -0.00546451
0.263095 -0.000641439
0.279306 -0.000588229
0.287532 -0.0232297
0.297864 0.00900193
0.278918 0.00647318
0.266262 0.0286758
0.260534 -0.00416559
0.274159 -0.0167091
0.263898 0.0165043
0.275485 -0.0095464
0.272051 -0.0166472
0.267142 0.00740835
0.275252 0.00161783
0.257882 0.0323551
0.28159 0.00403416
0.265658 -0.0213035
0.265508 0.0296523
0.28417 0.0118581
0.273785 -0.00195086
0.268452 -0.0128188
0.273874 0.00165679
0.253766 0.00282741
0.284262 0.00125036
0.27528 -0.0142837
0.261211 0.0278713
0.266764 0.0199122
0.269255 0.009671
0.26969 0.0122964
0.293292 -0.00225366
0.283167 0.00400397
0.262945 -0.00358293
0.269254 0.0117555
0.268818 -0.00996111
0.270316 -0.0117809
0.28283 -0.00405046
0.261673 0.00721399
0.238668 0.0243611
0.238275 -0.00318129
0.253386 -0.00519584
0.260058 -0.0108494
0.276515 -0.0163415
0.24874 0.0430666
0.272916 0.00246733
0.259055 0.0135127
0.258184 0.0125841
0.270629 -0.0101124
0.286514 -0.0174011
0.271878 -0.0256714
0.257029 -0.0359074
0.289201 -0.0135033
0.276575 -0.0024876
0.292955 0.00746482
0.291226 0.041561
0.257044 -0.0102986
0.268433 0.0332679
0.263791 -0.0262066
0.277832 0.00603984
0.258779 -0.0183088
0.278357 0.0128382
0.285534 -0.00343457
0.263518 -0.0149475
0.252815 -0.0307905
0.271718 0.00199127
0.28306 -0.00273157
0.246186 -0.0037454
0.250699 -0.0062849
0.282387 -0.00111178
0.270439 -0.00127695
0.272676 0.0175912
0.263361 -0.00903563
0.262752 0.0166236
0.257543 -0.0155756
0.264393 0.0248594
0.278984 -0.0346416
0.258718 -0.0173482
0.253017 0.0285949
0.258111 0.0028705
0.25337 0.00662061
0.292032 0.0219306
0.280579 -0.0087592
0.273223 -0.0304296
0.280897 -0.0213682
0.256917 -0.00570794
0.265717 -0.00402554
0.26116 0.0141884
0.281152 0.00142141
0.273267 -0.0183367
0.275968 0.000512574
0.257436 -0.000364834
0.287159 0.0234271
0.278945 -0.0149312
0.242677 0.00562806
0.258279 -0.0178778
0.258666 0.0191127
0.274634 0.00425979
0.277982 -0.015614
0.284398 0.0144773
0.300084 0.000556349
0.252385 -0.00994899
0.281189 -0.0154084
0.281923 -0.0147979
0.267155 0.0138039
0.279325 -0.0240877
0.311807 0.00914335
0.279618 -0.00439744
0.276382 0.00184373
0.252178 0.00165336
0.272031 0.0127292
0.297065 -0.010469
0.250331 0.0132682
0.273744 0.00761412
0.246165 0.00520996
0.26213 -0.00660646
0.264317 -0.0223181
0.299978 0.0168604
0.265187 0.00694841
0.273194 -0.00401502
0.281232 -0.0138466
0.287236 -0.020701
0.295794 0.0212111
0.261656 0.0192085
0.263745 0.00338509
0.274233 -0.0207016
0.261713 0.0156151
0.24477 -0.000632559
0.262343 -0.0021946
0.267668 0.00960918
0.259941 -0.0246232
0.268355 -0.0111701
0.295685 0.00950592
0.282179 0.0112365
0.251028 -0.0203188
0.265008 0.00727602
0.273961 -0.00683281
0.275396 0.00185372
0.27756 -0.0139184
0.289997 0.00433833
0.267745 0.0181965
0.275176 -0.00373757
0.236317 -0.0118221
0.285891 -0.0148078
0.269884 -0.0109565
0.272584 -0.01106
0.276695 0.00530976
0.259333 0.00338247
0.235229 0.0123747
0.268944 0.0131699
0.270799 0.00869206
0.263023 -0.00851248
0.226015 0.00705805
0.279139 -0.00222013
0.259596 0.00205074
0.282166 -0.0355094
0.254065 0.010314
0.271854 0.0325229
0.272953 0.000240751
0.282801 0.00158648
0.261071 0.0158985
0.271456 0.0351624
0.258378 0.00264886
0.27364 -0.00542104
0.243919 0.0176317
0.267956 -0.0268024
0.256307 -0.00472295
0.253782 -0.00732882
0.279035 -0.0161268
0.25898 0.00685513
0.276104 -0.0039089
0.261564 0.000738235
0.285188 -0.0272755
0.274099 0.0141191
0.286169 0.00403184
0.266546 -0.00490856
0.266417 0.00134031
0.262455 -0.0212433
0.258149 -0.010415
0.228125 -0.0134368
0.27271 -0.0141545
0.301172 -0.00578474
0.290897 -0.0120098
0.26068 -0.000621139
0.275121 0.0179257
0.246683 0.00171131
0.282472 -0.00390594
0.2485 -0.0222762
0.26834 -0.00919377
0.250909 0.0149662
0.264329 -0.00455283
0.262718 -0.0201876
0.278726 0.0062793
0.274781 -0.0189582
0.263088 0.0145927
0.269112 0.0058409
0.271364 -0.000766198
0.244213 -0.0291734
0.262087 0.0051603
0.251527 0.00604462
0.279437 0.0183981
0.285871 0.00220177
0.268605 0.0145212
0.289693 -0.0350464
0.283208 -0.0013083
0.252294 0.00379207
0.24166 -0.0174813
0.273519 0.0346374
0.282137 0.00244719
0.252354 -0.00248015
0.261625 0.00357704
0.268405 -0.0109235
0.265997 0.0159294
0.244988 0.00844971
0.269672 -0.00752733
0.272437 0.0134521
0.259756 0.0177327
0.269906 0.0181067
0.289957 0.00188827
0.241291 0.0237097
0.282366 0.0261294
0.270172 -0.00729316
0.267395 -0.0224387
0.26338 -0.0011148
0.29498 0.00477723
0.267702 -0.0283749
0.26889 0.000664037
0.280247 0.0169758
0.268666 0.0194761
0.265979 -0.0055062
0.266689 -0.0220334
0.276579 0.0210249
0.254043 -0.012792
0.276454 -0.00498019
0.269174 0.00345154
0.250621 0.00485034
0.253491 -0.0118005
0.255655 -0.00744766
0.259809 0.0097697
0.264705 -0.00102553
0.297675 -0.0130218
0.247601 -0.000778107
0.270722 0.0139498
0.284904 -0.0317224
0.262508 0.00434613
0.281353 -0.00945335
0.258788 0.00410303
0.250797 -0.0141996
0.273954 -0.00825391
0.244502 -0.0317244
0.292224 0.0108183
0.279682 0.0191266
0.280381 0.0102682
0.26137 0.00849592
0.286582 0.0172472
0.252763 -0.00805104
0.247218 -0.00745693
0.256944 0.00788792
0.278243 -0.000694194
0.276106 -0.000338932
0.253 0.0144126
0.272755 -0.0166464
0.303144 -0.00780957
0.268795 -0.00910776
0.287836 0.0254656
0.260398 -0.0170132
0.287346 -0.0108068
0.249564 -0.00131806
0.278858 0.00974316
0.268185 0.00704885
0.263676 0.00992994
0.277486 0.0145295
0.270232 -0.00872951
0.287936 0.010905
0.274909 0.00622407
0.276535 -0.0200258
0.269617 0.0101779
0.260043 -0.00363522
0.242653 -0.0131571
0.269963 0.0119032
0.276449 0.0191717
0.266793 -0.00623643
0.283399 0.00403709
0.267013 0.00640271
0.277848 0.00927193
0.279474 0.0127978
0.255601 -0.0191377
0.240963 0.00244898
0.241133 -0.015765
0.221687 -0.0350905
0.281061 -0.00075432
0.284937 -0.0196651
0.277499 0.00196485
0.295385 -0.0146891
0.228708 0.00248601
0.253573 0.00981434
0.254575 -0.00279568
0.26331 -0.00595768
0.27411 0.00934495
0.245994 -0.0107847
0.27666 0.00380765
0.291278 0.00745917
0.266221 0.012644
0.275177 0.0149733
0.283393 0.0125717
0.284462 -0.00826391
0.267131 0.00446257
0.288685 0.0386286
0.27396 -0.00853977
0.269365 0.0371291
0.260864 0.0162332
0.257397 0.00941983
0.291746 0.00734039
0.255617 0.00744142
0.289959 -0.00271073
0.290087 0.002215
0.286097 0.0155975
0.286876 0.011536
0.321118 0.0105741
0.268665 -0.0236158
0.265808 -0.000199636
0.264258 -0.00226317
0.253003 -0.00744723
0.263148 -0.020685
0.271194 0.0187781
0.263308 0.0146723
0.248384 0.0192265
0.289395 0.0148227
0.303515 -0.0148955
0.273154 0.0120499
0.248857 0.0203121
0.286377 -0.0108284
0.290443 0.0152038
0.268402 0.007045
0.267554 -0.0055787
0.273404 -0.00408579
0.270221 -0.00738943
0.27932 -0.0114246
0.246452 -0.0179503
0.267203 -0.0212499
0.25605 0.0103012
0.2784 0.0191156
0.268868 0.00811785
0.286718 0.0140892
0.253401 -0.0104354
0.267287 -0.00842704
0.257427 -0.0287579
0.272484 0.0187423
0.25982 0.000983999
0.2648 -0.0117021
0.280236 0.00374217
0.267617 -0.00766071
0.325473 0.00456238
0.251185 0.0183654
0.285123 -0.0306088
0.269496 0.0099949
0.280594 -0.0109793
0.269389 -0.00884768
0.277086 -0.0225749
0.274025 0.0158394
0.265891 -0.00637349
0.260953 -0.0101221
0.276272 -0.00780848
0.262428 -0.000550933
0.241238 -0.00332058
0.264933 0.0211478
0.249874 -0.00662038
0.251382 0.00889779
0.27265 -0.0173135
0.253705 -0.0119625
0.246195 0.0162131
0.246295 0.00788696
0.235655 -0.0101031
0.287777 -0.0188505
0.281112 -0.0249665
0.280571 0.0101045
0.2975 -0.00963765
0.272945 0.00993357
0.273687 0.029659
0.243742 -0.0145865
0.271485 -0.00230462
0.277612 0.0129809
0.259921 -0.00458188
0.259891 0.00623866
0.235162 0.00884941
0.294105 -0.00239384
0.266939 0.0116834
0.274733 -0.00288183
0.246788 -0.00809706
0.27986 -0.00524911
0.26422 -0.0105029
0.267997 -0.0177466
0.278593 0.00156841
0.258082 -0.0194486
0.27538 -0.0131593
0.269154 0.0039313
0.288061 -0.0148124
0.279411 -0.00133449
0.272287 -0.00826096
0.260252 -0.00364386
0.282204 -0.0182246
0.242262 -0.00293473
0.293745 -0.00337945
0.316809 0.0228409
0.301549 -0.00230662
0.265478 0.00838404
0.262748 0.00201206
0.24892 0.0095344
0.27942 0.0180095
0.229983 -0.0201874
0.275898 -0.0108441
0.279527 0.00252972
0.282114 -0.00675408
0.262438 -0.00193867
0.264422 0.000827468
0.288031 0.00402572
0.279061 0.0183225
0.279024 -0.00652751
0.271898 -0.00203367
0.271295 -0.0134607
0.265945 -0.0130974
0.286271 -0.00580144
0.293694 -0.0141168
0.270139 0.00198969
0.259807 -0.0195809
0.25765 -0.011382
0.268244 -0.00553712
0.26793 -0.00797497
0.282762 -0.00503224
0.290312 -0.00217316
0.276111 -0.00618917
0.293056 -0.000299315
0.276606 -0.00802764
0.280458 0.000217727
0.274979 -0.00307526
0.271598 0.00278452
0.26813 0.00543752
0.277978 0.00238501
0.2613 -0.00666639
0.284067 0.00559147
0.273146 -0.0135051
0.290406 -0.020416
0.266377 0.00223215
0.261194 0.0238526
0.27466 -0.00213052
0.303634 -0.0325245
0.247845 -0.0345186
0.235994 0.0153164
0.263543 0.00152367
0.246432 -0.0132118
0.263367 0.00600759
0.274934 -0.00333851
0.284636 -0.00941614
0.242035 0.0283593
0.277751 0.00628808
0.255349 -0.0363054
0.287402 0.00299797
0.291152 -0.000744633
0.26131 -0.0119789
0.281276 -0.0119645
0.245763 -0.000476705
0.268633 -0.0207464
0.26544 -0.00303808
0.267068 0.00948387
0.282328 -0.0281444
0.256722 0.0165889
0.265382 -0.0113495
0.276048 0.0260082
0.291868 -0.00811745
0.247479 0.00499454
0.26146 0.00426219
0.289093 0.00567055
0.261691 0.0188401
0.286371 0.00610108
0.285179 0.0103385
0.302947 -0.0120822
0.245925 -0.0106871
0.268119 0.013139
0.287408 -0.00967475
0.25314 0.0164324
0.265945 0.00530311
0.292564 -0.00317507
0.271689 -0.00292198
0.286235 0.00786887
0.264738 -0.0458989
0.278621 -0.0117522
0.273164 0.0247647
0.282014 -0.0182576
0.255182 -0.00316451
0.272836 -0.0273753
0.286667 -0.00119938
0.268123 0.00493675
0.25654 -0.00286505
0.242652 0.0243595
0.267725 -0.0162749
0.282243 0.00242067
0.266625 0.00896366
0.302998 0.0108769
0.290551 -0.0390303
0.281682 -0.0104781
0.251521 0.01948
0.26433 -0.0215896
0.252075 0.0170221
0.267247 0.00683539
0.246397 -0.0127025
0.262845 0.0141652
0.267318 -0.00395659
0.268372 0.000634589
0.256489 0.00472003
0.265354 -0.0112389
0.27146 0.00138343
0.249459 -0.0240005
0.270127 -0.0220534
0.289663 -0.0142861
0.280901 -0.0279164
0.242719 -0.0192945
0.26543 0.0219871
0.261639 0.0109078
0.269741 0.0024963
0.267864 -0.0229528
0.281727 -0.00562383
0.265963 0.0276771
0.256345 0.0102231
0.271072 0.004624
0.268546 0.00869901
0.264753 -0.00939725
0.279831 -0.00120938
0.271595 0.0106581
0.281443 -0.00514795
0.28342 -0.0182493
0.315461 -0.0103071
0.25963 0.0113274
0.238348 -0.000935471
0.2916 -0.0430688
0.267315 -0.00403857
0.288278 -0.00781721
0.285329 -0.0263229
0.276261 -0.0178624
0.296877 0.00773475
0.261851 0.00315132
0.27947 -0.0136816
0.291055 0.00115642
0.271161 0.0214716
0.284996 0.0094046
0.276151 -0.0157309
0.262766 0.0155099
0.261896 -0.0139122
0.26368 0.0213767
0.264496 -0.00470113
0.266097 -0.0245285
0.280343 0.00649886
0.283056 -0.00941598
0.269031 0.000650521
0.287596 0.02017
0.270351 -0.0208683
0.270103 0.00370384
0.279558 -0.00394173
0.24751 0.00313816
0.250726 0.0125987
0.282854 0.00792646
0.23592 0.00493573
0.273109 -0.00050048
0.272639 -0.0132751
0.255333 0.00620125
0.272993 0.0165215
0.249662 0.000379656
0.263644 0.000791909
0.262315 -0.014088
0.254104 -0.00163061
0.269595 -0.0158574
0.255219 -0.0222674
0.303472 -0.0211872
0.268158 -0.0116051
0.266827 0.00556409
0.277093 -0.0170945
0.255126 0.0329769
0.261994 -0.00133591
0.302806 -0.00225954
0.278158 -0.0216483
0.282708 -0.0158125
0.249096 0.008375
0.282631 -0.00589127
0.272107 -0.0153762
0.257929 -0.0331021
0.273955 0.0128189
0.273603 -0.016262
0.296352 -0.00380662
0.256549 0.00117052
0.25694 0.00471907
0.277248 -0.0181631
0.271111 0.006469
0.276047 0.00161072
0.279763 0.00750249
0.260563 0.0130827
0.25874 0.000520571
0.2874 0.00884335
0.280598 -0.00987127
0.277209 0.0107272
0.258478 0.00414546
0.271127 -0.0232331
0.27326 0.00627305
0.290224 -0.0185855
0.2731 0.00823988
0.263752 -0.024938
0.241246 -0.00353116
0.271457 0.0190571
0.268412 -0.00232339
0.297151 -9.10829e-05
0.243001 -0.0190493
0.256709 -0.00905067
0.249132 0.00767961
0.274615 -0.0185509
0.256781 0.0175831
0.255528 0.0250166
0.281771 -0.0252187
0.282966 0.0117618
0.28349 0.0119681
0.254611 -0.0402626
0.277544 0.021164
0.265976 -0.00924567
0.266844 0.0115865
0.237179 0.0029767
0.295633 0.010878
0.26647 -0.00462044
0.278582 0.0067493
0.280162 -0.00115605
0.274447 -0.0103962
0.285319 0.0175716
0.263681 -0.0212752
0.269989 -0.0343681
0.247146 -0.00344663
0.261451 -0.0078897
0.278716 0.0248773
0.277282 0.0262372
0.243437 -0.00140468
0.264314 -0.0126101
0.261659 0.000373946
0.274733 0.0264526
0.262091 0.0057845
0.284837 0.0092311
0.276981 0.0224464
0.28825 -0.00110213
0.248902 -0.0275048
0.290819 -0.0120261
0.270555 0.000587811
0.278166 -0.0170892
0.271702 -0.00723804
0.267669 0.00291331
0.260568 0.0295173
0.283274 -0.0297642
0.253673 -0.00593133
0.258381 -0.00514557
0.2697 4.83761e-05
0.271742 -0.0149934
0.285563 0.0121619
0.280393 -0.011258
0.281444 0.00584898
0.256287 -0.00975796
0.267518 0.0261755
0.262763 -0.00726154
0.290976 -0.00328056
0.28486 -0.00547772
0.29427 -0.0350936
0.265259 0.0100213
0.274539 0.00488129
0.261588 -0.00692102
0.27494 -0.0139324
0.257721 -0.00232564
0.281378 -0.00932386
0.247399 -0.0290052
0.277206 -0.0103872
0.280222 -0.0131348
0.26579 0.00022055
0.277585 0.000198935
0.268563 -0.008429
0.268912 -0.00501471
0.279651 0.016676
0.243763 0.0321403
0.249269 0.00748859
0.252038 -0.0459161
0.26608 0.00122337
0.265814 0.00529108
0.283995 0.00187645
0.280145 -0.0121638
0.27037 0.00988274
0.285685 0.0196112
0.269374 -0.0131994
0.272794 -0.0164433
0.264565 0.0325406
0.277758 -0.000667743
0.231556 -0.0295613
0.298927 0.00692136
0.293175 0.0233854
0.274745 0.0151281
0.279327 -0.00854362
0.285511 0.00193237
0.298602 -0.00097246
0.258229 -0.0461749
0.289734 0.00511415
0.282737 0.00655647
0.281631 -0.0197456
0.246879 0.000940995
0.24922 0.0173303
0.303039 0.012151
0.279323 0.00473911
0.265913 0.0141505
0.274155 0.00486777
0.277056 -0.0250382
0.275524 -0.0206308
0.271336 0.0165983
0.305456 -0.0149417
0.286063 -0.0280477
0.263753 0.0102163
0.266462 -0.000398963
0.284743 -0.021478
0.265416 0.0179486
0.286037 0.014856
0.266567 -0.00247038
0.293074 -0.0115915
0.272465 0.00250223
0.278068 -0.00133193
0.272612 0.0173696
0.249717 -0.0316587
0.252925 0.00160552
0.279939 0.00531915
0.26909 0.0139541
0.265621 -0.00483857
0.268641 -0.00116671
0.27057 0.00967527
0.266571 -0.000230852
0.237918 0.00314285
0.244165 0.00947341
0.24803 -0.0178417
0.255769 -0.00786643
0.26687 0.0288947
0.286981 -0.00386037
0.250172 0.000529486
0.285481 -0.0132283
0.277483 -0.00439918
0.299172 -0.00244431
0.259165 0.0069124
0.273195 0.00299469
0.255508 -0.0109029
0.254022 -0.00937325
0.231994 -0.00415622
0.25758 -0.00173697
0.28677 0.00887032
0.26555 0.00155797
0.270631 -0.0120061
0.272418 0.0183807
0.293675 -0.00939923
0.259221 -0.0160233
0.265598 0.00490718
0.26514 -0.00675685
0.282305 -0.0199571
0.267652 -0.0146475
0.273753 -0.0122192
0.287367 0.019682
0.25296 -0.00486985
0.275441 -0.00129408
0.27086 0.0188407
0.259348 0.0144492
0.264977 0.0195577
0.26407 0.00366688
0.280671 0.015772
0.293564 0.0214446
0.293878 -0.0238438
0.272816 0.00387828
0.277245 0.0136458
0.261807 0.0185992
0.279182 0.0152325
0.286738 -0.000454759
0.26084 0.00333419
0.265972 -0.0159909
0.245343 0.0140173
0.264815 0.0260234
0.269358 -0.00804802
0.26042 -0.0193697
0.293665 0.0145487
0.277658 -0.012147
0.279524 -0.00402485
0.264728 0.013567
0.317453 -0.00252498
0.288868 0.00725397
0.283451 0.00369869
0.249669 0.0126535
0.280334 -0.0112869
0.244362 0.00710772
0.280838 0.0163468
0.288218 0.00284041
0.273894 0.0043727
0.262964 0.0117348
0.252083 -0.00362605
0.258495 0.00364119
0.258741 0.0147701
0.275063 -0.00744511
0.280365 0.00767978
0.278643 -0.0134136
0.284205 0.00448312
0.294868 -9.96395e-05
0.257619 0.026218
0.279391 0.00414425
0.265277 0.0253184
0.280232 0.00275566
0.258573 0.00142413
0.273542 -0.0248085
0.237071 0.00167983
0.272862 0.0344969
0.283931 -0.0065576
0.285512 0.0121963
0.251206 0.0151732
0.28204 0.0274643
0.282947 0.0170469
0.254604 0.00280565
0.276925 0.0102017
0.24569 -0.0059891
0.264391 0.0272354
0.285316 0.00938929
0.266049 0.00215794
0.29118 0.00693908
0.272503 0.0415176
0.26997 0.00736048
0.272375 -0.0267893
0.265795 0.00622692
0.250963 0.0236013
0.286599 0.0058068
0.28313 -0.0204358
0.273765 0.0174975
0.263048 -0.0195382
0.296567 0.000513411
0.265459 -0.00060742
0.260576 0.0396789
0.264878 0.0101803
0.287806 0.00118459
0.263672 0.0268479
0.28189 -0.0195354
0.273356 0.00373456
0.246377 0.0200151
0.291781 -0.0100951
0.274938 -0.0107469
0.261872 0.0169544
0.269824 0.0257176
0.250813 0.0166527
0.253828 0.00806924
0.283171 -0.0125172
0.29382 -0.0333548
0.247446 0.00897461
0.265492 0.00149987
0.277164 0.0295868
0.251413 0.00838031
0.269038 0.00131786
0.264534 -0.00661885
0.270084 0.00789869
0.266559 0.029408
0.265669 0.000893312
0.27693 -0.00323105
0.288503 0.00430206
0.275381 0.00929439
0.29867 -0.00831079
0.301581 -0.00585923
0.236435 0.0109858
0.263673 0.00853504
0.24207 -0.0169412
0.269026 0.0138678
0.272756 0.0082223
0.275446 0.00935094
0.277266 0.00395564
0.296255 -0.01823
0.262467 -0.00335947
0.286166 -0.0047191
0.268325 0.00142697
0.270134 -0.018766
0.252378 0.0158847
0.265405 0.00934828
0.273771 -0.0012482
0.26738 0.00742423
0.290454 -0.002433
0.273545 -0.00565917
0.272719 -0.011207
0.260866 -0.017913
0.268129 0.0015461
0.293638 0.0108305
0.265738 0.0261164
0.266595 -0.0271052
0.303067 -0.0176279
0.305924 -0.0167681
0.289826 -0.00842093
0.274782 -0.0173874
0.273207 0.0121778
0.235769 0.00393995
0.266868 0.021603
0.268865 -0.0105134
0.245007 -0.00568972
0.239187 -0.000149148
0.284986 -0.00376645
0.280862 -0.0112795
0.279005 0.0140571
0.257402 0.0133375
0.27269 0.00635985
0.276562 -0.00268655
0.264559 -0.0241982
0.263389 -0.0296955
0.266218 -0.0127729
0.300436 -0.0102036
0.289136 -0.0130458
0.273137 0.000283465
0.268196 0.000425633
0.2595 -0.00787658
0.270196 -0.00813226
0.286522 0.00594286
0.23636 -0.0147396
0.280235 -0.0133378
0.267335 -0.00621109
0.264628 -0.011778
0.277807 0.039596
0.262324 0.0149032
0.262562 -0.00929153
0.275424 0.0320407
0.291589 0.00207679
0.272008 0.0134218
0.266042 0.00328945
0.306784 -0.00531556
0.299503 -0.00575011
0.266619 0.0437349
0.29786 -0.0121974
0.272951 -0.00638712
0.268261 -0.0136458
0.263179 -0.0393815
0.264413 -0.00553093
0.257759 -0.0103615
0.299076 0.0106915
0.285587 0.0160142
0.255067 0.000179977
0.266621 0.00577085
0.281757 -0.0101144
0.253778 -0.0068397
0.27933 -0.0136669
0.285981 -0.00204595
0.286672 -0.00790786
0.276642 0.0154213
0.251646 -0.00339651
0.271394 0.0280104
0.275971 0.0319806
0.252144 0.0253673
0.299807 -0.00108569
0.274174 0.0061949
0.256397 0.00793373
0.285504 -0.0101887
0.287599 0.0123935
0.296865 -0.00707161
0.292886 -0.0162102
0.277109 0.0302521
0.267969 0.0104548
0.257967 -0.00630794
0.280056 0.00544764
0.285207 0.0191132
0.244507 0.00338785
0.243807 -0.00308642
0.282958 0.0282393
0.279253 0.00727876
0.275673 0.0162719
0.254792 0.00621791
0.258115 -0.00977782
0.242642 -0.00498138
0.275557 -0.0128199
0.2677 -0.0148085
0.278337 -0.00479515
0.264019 -0.00419753
0.276214 -0.00755733
0.274237 -0.023495
0.273794 -0.00246952
0.264459 -0.0114561
0.258704 0.0019246
0.291503 -0.0112838
0.262845 0.0108922
0.280317 -0.00874228
0.275055 0.00237503
0.24035 0.00886735
0.251778 -0.00555008
0.292976 0.0226653
0.279554 -0.0178623
0.258594 0.00768272
0.261273 -0.00839806
0.258524 -0.00546723
0.289685 0.00238489
0.280906 -0.017953
0.25519 0.00754022
0.266024 0.00310588
0.288313 0.0121311
0.256132 0.00790216
0.246648 0.00199621
0.272314 -0.00102035
0.249749 -0.0111485
0.264584 -0.00108734
0.273117 -0.000288694
0.271322 -0.00770079
0.272102 0.00261936
0.270455 -0.00596214
0.286537 0.0166638
0.261808 0.00212636
0.273891 0.0246481
0.236528 0.0305108
0.258276 -0.00203033
0.277269 0.00110592
0.27998 0.0108139
0.28345 -0.0110886
0.246854 -0.00644937
0.289731 0.0111717
0.234863 0.00192981
0.26851 0.00921564
0.295912 0.0126872
0.296905 -0.00857032
0.295614 -0.00760496
0.249863 -0.00100868
0.262109 0.00329942
0.24067 -0.00293767
0.281739 0.0128489
0.271564 0.017622
0.264347 0.00307641
0.273793 0.00355718
0.254233 -0.000112941
0.285645 0.010369
0.271412 -0.0246381
0.277084 0.00453291
0.270175 0.00969594
0.249749 0.00838737
0.272577 0.00970533
0.244293 -0.0181484
0.282629 0.00176773
0.283215 0.0136452
0.234064 0.00104419
0.294309 0.00458334
0.259593 0.0210338
0.258213 0.0136585
0.263667 -0.024669
0.258963 -0.00927647
0.27169 -0.00788741
0.24749 0.0160816
0.272102 -0.00892608
0.267815 -0.0267493
0.301153 0.0209772
0.287604 -0.00165355
0.238102 -0.00375924
0.303726 0.0351057
0.276257 -0.00331653
0.271841 -0.0154364
0.29256 0.0234664
0.287639 -0.0223706
0.265015 0.00848032
0.268844 -0.00414243
0.272086 0.00517452
0.274515 0.0246131
0.264864 -0.0115393
0.285235 -0.00819298
0.301632 -0.0050605
0.291771 -0.0161157
0.236745 -0.0152199
0.27072 0.0294604
0.287733 -0.00104896
0.265803 0.0174481
0.26984 -0.0157748
0.250974 0.0111429
0.243131 -0.000432057
0.253203 -0.0249335
0.256665 0.0131475
0.283352 -0.00656885
0.285835 0.00249004
0.254918 0.0296339
0.283531 0.00312146
0.278404 0.015789
0.293733 0.024802
0.287527 -0.000619544
0.278709 0.00848252
0.274691 0.0140642
0.289673 -0.00576999
0.259053 0.0161349
0.285071 -0.0142254
0.281182 -0.000639585
0.251721 -0.0203022
0.295165 -0.0126933
0.271745 0.0214638
0.29045 0.00963393
0.312388 0.0216447
0.292611 0.0270087
0.281413 -0.0119439
0.257154 0.00245045
0.250055 0.00929182
0.272911 -0.006171
0.291554 0.0120987
0.276187 -0.00987504
0.292641 -0.00461953
0.257846 0.0270006
0.273484 -0.0233182
0.295955 -0.0196014
0.269482 0.031017
0.259565 0.0173341
0.269111 0.0195292
0.322912 -0.00422967
0.260117 0.0268791
0.284085 0.00690913
0.298493 -0.000180086
0.270629 -0.0079766
0.278469 0.0172552
0.25588 -0.000128111
0.287784 0.00685448
0.261209 -0.0232255
0.267358 0.0240241
0.25687 -0.0163284
0.318425 -0.015148
0.280715 0.00848531
0.286023 -0.00311678
0.263591 0.0200961
0.275613 0.0110725
0.278897 0.019745
0.28668 0.0161544
0.253051 0.0120784
0.277678 0.00551071
0.29202 -0.0030275
0.279709 0.0128208
0.270682 -0.0104882
0.282004 -0.000506725
0.28353 -0.00288656
0.271655 -0.00509967
0.284217 -0.00500434
0.273066 -0.0115337
0.253292 -0.000716127
0.26867 -0.00939297
0.243656 -0.00446259
0.272406 -0.0179835
0.286787 -0.0152767
0.260032 0.0215065
0.28361 -0.0215617
0.273673 0.0318039
0.275525 0.0141126
0.289843 -0.00495433
0.280541 -0.0131089
0.287369 0.016259
0.255864 -0.00333649
0.273121 0.0227163
0.239414 0.00423308
0.280003 0.0143377
0.264291 -0.0133216
0.272045 -0.0102809
0.281992 -0.00477676
0.281406 0.0158799
0.264892 -0.0107158
0.246486 0.0202011
0.305827 -0.00749287
0.296279 0.0206085
0.264113 -0.00544155
0.260262 0.0378307
0.265909 0.0109974
0.286014 -0.0228907
0.288211 -0.0170854
0.288017 -0.00613614
0.276692 -0.00557436
0.262054 0.0128225
0.26538 0.014799
0.278391 -0.00415694
0.277363 0.00699868
0.240165 -0.0086608
0.28996 0.00178745
0.277518 -0.0135286
0.256831 0.00740385
0.265863 0.00127836
0.290472 0.0156191
0.282319 0.00996231
0.277284 -0.0083305
0.272789 -0.0124303
0.264221 -0.0115391
0.247858 -0.0146417
0.29029 -0.00121707
0.230095 0.00357263
0.262682 0.0152173
0.281136 -0.0150844
0.259179 -0.00597072
0.28986 0.00727972
0.275268 0.0110802
0.274577 -0.0159874
0.303327 -0.00270454
0.290132 -0.0153037
0.261087 -0.0250633
0.287247 -0.00417551
0.2591 -0.00721872
0.267084 -0.00858249
0.268256 0.00719028
0.290146 -0.0130829
0.258381 -0.00706917
0.275216 0.019764
0.290126 0.00224278
0.273194 0.0195345
0.267818 -0.0139738
0.259626 0.00699783
0.265005 -0.0116776
0.279978 0.0212926
0.254739 0.00635591
0.272102 -0.0261063
0.28257 0.0105554
0.290888 -0.00436929
0.280402 -0.00462632
0.277593 0.0147409
0.291611 0.0152072
0.27995 -0.0272073
0.251957 -0.000467811
0.273209 0.00474118
0.269939 -0.00571914
0.245549 -0.0110907
0.256815 -0.00274229
0.277672 -0.000855029
0.240672 -0.0135762
0.259467 0.01427
0.281944 0.0334747
0.270442 0.00966395
0.300786 0.00299021
0.287879 -0.00446608
0.293696 -0.00501691
0.259346 0.00279264
0.283721 -0.00881751
0.251182 -0.00139661
0.277932 -0.0225192
0.253971 0.00883792
0.251716 0.0218538
0.287662 -0.00133587
0.27142 0.00485519
0.254709 0.0282142
0.2855 0.00650242
0.275903 -0.0103133
0.260355 0.00062054
0.25698 0.0123978
0.253833 -0.0162956
0.268793 0.00237008
0.277709 0.0255587
0.282848 0.0154988
0.261273 0.00139527
0.282806 -0.0136241
0.255722 0.0161703
0.27959 -0.0253256
0.252999 -0.00103605
0.303609 0.00966057
0.277303 -0.00577792
0.281567 -0.0226825
0.301482 0.00522673
0.272586 -0.00439414
0.277157 -0.00543915
0.256732 -0.00739459
0.249763 0.0128319
0.289264 -0.0100325
0.262709 0.0139208
0.282547 -0.0435161
0.277124 -0.00577656
0.251 0.0312627
0.243856 -0.00077823
0.272251 0.00563838
0.26365 -0.0189392
0.239061 0.0034962
0.289361 -0.021893
0.241174 -0.0046198
0.275198 0.0072505
0.249096 0.000504729
0.275812 -0.0215604
0.28799 -0.0117948
0.287582 0.00605937
0.291492 0.00724994
0.282401 -0.0052965
0.265577 -0.0156993
0.260435 0.00933555
0.260638 -0.0365103
0.29528 0.00204043
0.266901 0.0204832
0.293491 -0.00937072
0.268835 0.0215177
0.265607 0.0310758
0.292191 -0.00775366
0.273865 -0.00289629
0.273784 -0.0105057
0.25928 -0.0213946
0.253798 0.00947798
0.26102 -0.00183579
0.243331 0.0147777
0.276822 0.0068143
0.280213 -0.0104733
0.288761 -0.00480147
0.269365 0.027774
0.284141 0.000827315
0.264006 -0.0215868
0.280981 -0.008771
0.277529 0.0101091
0.274383 0.00423773
0.256127 0.00430016
0.268381 -0.00960843
0.268579 -0.00753236
0.261445 0.00477706
0.256337 0.0150874
0.298178 -0.0107927
0.273888 0.022522
0.313935 0.00585918
0.288569 0.000156716
0.269419 0.0139575
0.243923 -0.0118051
0.2711 0.0120578
0.26115 -0.0120273
0.264003 0.0192106
0.245548 -0.0213673
0.273347 0.00373419
0.30572 -0.0105541
0.272668 0.0347079
0.27553 0.001885
0.254272 0.00664799
0.266047 -0.0112734
0.269149 0.00682152
0.29203 0.0246024
0.297609 -0.00585386
0.277399 0.0139157
0.268604 -0.0549007
0.266426 -0.0154337
0.255481 0.00924731
0.27253 -0.0170761
0.272459 -0.00369088
0.276538 -0.00358495
0.2867 0.0171616
0.27338 -0.00895842
0.274863 0.0111455
0.288592 0.0243964
0.275003 0.0153084
0.273029 -0.0114563
0.284004 0.00917404
0.286017 -0.00213299
0.291516 -0.00523896
0.261236 -0.0015698
0.280778 -0.00383779
0.217789 0.0126764
0.274861 0.00168247
0.266571 -0.0174965
0.253337 0.00535696
0.280797 0.0124324
0.250542 0.040461
0.251484 0.0129468
0.259263 -0.00218801
0.256363 0.0168398
0.273257 0.001874
0.276265 -0.0137134
0.283849 0.0348614
0.240976 0.0125242
0.278234 0.00900021
0.269626 0.000991476
0.284881 -0.0144518
0.264674 0.00807862
0.24902 -0.000499129
0.280986 -0.00368176
0.278294 -0.0125876
0.253703 0.00715494
0.260986 -0.0197691
0.281514 0.0110898
0.265476 0.00311401
0.273147 0.00862515
0.257185 0.00379216
0.275131 0.00986121
0.285761 0.00346364
0.285428 -0.0212307
0.241627 -0.0162643
0.264688 -0.00107601
0.269315 0.0136574
0.256514 0.00619668
0.270366 -0.0117391
0.260673 0.0241827
0.2724 -0.00784077
0.234697 -0.00220163
0.281259 -0.0102338
0.278086 0.00398129
0.275208 -0.00692785
0.264175 0.00220101
0.284285 -0.00391638
0.292574 -0.0157704
0.285713 0.00601874
0.24498 -0.01844
0.273054 0.0159824
0.297781 0.0140635
0.283258 -0.0124285
0.260449 -0.00604654
0.261589 0.00387447
0.286081 -0.00350533
0.284497 -0.0200705
0.249215 0.0147658
0.268795 0.027311
0.277601 -0.0152501
0.269671 0.0098675
0.255357 -0.0223147
0.239216 0.00646458
0.283088 0.0158583
0.264778 0.00449307
0.267537 0.0119901
0.27509 0.00509322
0.281358 -0.00669964
0.264552 0.0253099
0.274618 0.00708123
0.26125 0.0133996
0.27161 0.0268673
0.26746 -0.0122558
0.257862 0.00639814
0.272876 0.000976529
0.280591 0.0146078
0.265183 -0.00646246
0.300689 -0.00527534
0.270936 -0.00277321
0.291798 -0.00390108
0.253369 0.00161906
0.282751 0.0104169
0.264455 -0.0116792
0.241691 0.00541765
0.295305 0.0476768
0.253914 -0.0016818
0.274671 -0.000587727
0.259472 -0.0170777
0.276614 0.0237511
0.28766 -0.0108828
0.256955 0.0073771
0.272911 -0.0222225
0.278098 -0.00265953
0.282456 -0.0180283
0.277964 -0.00538608
0.287163 -0.00462455
0.278849 -0.00716073
0.278265 -0.014315
0.26786 0.0102918
0.27362 -0.00885268
0.298366 -0.00547867
0.284019 -0.0138193
0.275416 0.00485849
0.272164 -0.00721716
0.262823 -0.0245851
0.250074 0.00358673
0.298399 -0.00693485
0.270699 -0.00519331
0.247026 -0.0022169
0.251624 0.0164053
0.249361 -0.00521263
0.261485 0.0146169
0.274912 -0.0268379
0.244588 0.00207661
0.26599 -0.0222183
0.263153 0.00973941
0.273238 0.00253889
0.26795 0.0209617
0.269257 0.0214317
0.283468 0.0171721
0.286857 0.0211582
0.283559 -0.00435918
0.256931 -0.016376
0.27728 -0.00344579
0.281241 -0.00724762
0.247912 -0.00576363
0.272455 -0.0122836
0.288188 -0.0260699
0.262416 0.0201135
0.252645 0.00665512
0.280532 0.000656058
0.238311 0.00343927
0.296074 -0.0121519
0.274794 0.00927918
0.284591 0.0027144
0.309237 -0.0199403
0.254718 -0.00890494
0.253259 0.0412763
0.257132 -0.000430343
0.254988 0.0259213
0.270364 0.0159682
0.2592 -0.0338544
0.259017 -0.0221319
0.288574 0.00598533
0.263908 -0.0485793
0.252204 0.0072063
0.268522 -0.00368937
0.277164 -0.00895317
0.270934 0.0119978
0.277836 -0.017127
0.278059 0.00304018
0.277037 0.0029443
0.276627 0.0157139
0.265636 -0.00146115
0.270566 0.00993279
0.272702 0.0248127
0.287713 0.00504159
0.281007 -0.0180085
0.283392 -0.0210932
0.277537 0.000993734
0.244766 0.00108606
0.276475 0.00890059
0.259735 -0.0135231
0.281893 -0.0253481
0.285866 -0.00160541
0.259444 0.00182166
0.287093 -0.016422
0.263058 -0.00319519
0.273947 -0.00352897
0.294421 -0.0235218
0.261757 -0.0132947
0.266945 -0.00521296
0.294018 0.00316195
0.275905 0.0115783
0.27971 0.00705026
0.266453 0.0154147
0.264269 0.00593581
0.286791 -0.00792058
0.295122 0.0148454
0.270876 -0.00352714
0.255826 0.0145708
0.260344 0.0072628
0.269591 0.00892661
0.259953 0.000771025
0.261911 -0.0313227
0.267586 0.0160193
0.282478 0.00113395
0.259362 -0.00369614
0.26687 0.0119775
0.292363 0.000689746
0.278887 0.0019735
0.266093 0.00889124
0.257265 0.0126806
0.260748 -0.0104835
0.270073 -0.0143809
0.285426 -0.00456774
0.26704 -0.0329134
0.280185 -0.0137538
0.268103 -7.33709e-05
0.252022 0.0144893
0.28539 0.00356163
0.265546 0.00993193
0.263019 -0.0171603
0.285951 0.00456667
0.292324 -0.0177381
0.292095 0.0134702
0.274585 -0.00413248
0.29279 0.0066995
0.264632 0.0156446
0.293367 0.00593902
0.26048 0.0349853
0.2831 0.000655932
0.258891 -0.00407386
0.284846 -0.0223977
0.255154 0.0282356
0.258083 -0.00642962
0.284381 0.0194182
0.293809 0.00284259
0.28469 0.00265188
0.278634 0.0176718
0.249684 -0.0168214
0.252656 0.0140166
0.257281 0.00409401
0.28672 -0.00618473
0.274342 0.00549347
0.270704 -0.0150314
0.2863 0.0194717
0.261038 0.0168444
0.277518 -0.0331805
0.274506 -0.0295513
0.302741 -0.0152525
0.286893 0.0112651
0.265851 0.010226
0.296164 0.00637283
0.278443 -0.0101588
0.262836 0.00785988
0.293532 0.0325503
0.252877 0.0128936
0.266137 0.00891004
0.287112 -0.0219694
0.270403 -0.0414369
0.273861 -0.0118599
0.263824 -0.0370063
0.254948 0.00521029
0.28168 -0.00376139
0.282069 0.0250743
0.275515 -0.0121339
0.254782 0.0115989
0.257091 0.000777783
0.271784 0.0222065
0.256948 0.00532557
0.247676 0.0105507
0.265527 -0.00440634
0.267121 0.00293319
0.24728 -0.0106546
0.26085 0.00693017
0.266369 -0.0016619
0.244344 0.00510818
0.281425 -0.0141581
0.281 0.0255922
0.278266 -0.00352965
0.290598 -0.00991299
0.262297 0.00776413
0.284223 0.00555403
0.292766 0.0079678
0.272505 -0.00485174
0.272863 0.00390878
0.280709 -0.00703038
0.278549 0.00734461
0.294415 0.0335087
0.264191 0.00379235
0.271302 -0.00326084
0.272168 0.00837578
0.291112 -0.0107028
0.247918 -0.0222191
0.263708 0.017988
0.288054 0.0133419
0.28285 0.00752481
0.27872 -0.00484637
0.261066 0.0274768
0.272946 0.0187155
0.296922 -0.000417913
0.284865 -0.0164141
0.273003 0.0160369
0.287046 -0.00226791
0.286334 0.00310015
0.27983 -0.0277538
0.263831 -0.00585721
0.263094 -0.00925703
0.281809 -0.00830383
0.267595 0.00159001
0.280382 -0.0253387
0.300386 0.0197875
0.271544 -0.00419177
0.26135 -0.00853986
0.242451 -0.00757546
0.25582 0.0152355
0.262355 -0.00699515
0.250573 -0.00281207
0.269624 0.0157626
0.319272 -0.00622677
0.2957 -0.0276841
0.26162 -0.0189236
0.272805 0.0179618
0.285711 -0.0192088
0.273168 0.00492526
0.264829 0.00273549
0.281374 -7.68354e-05
0.310293 0.00049931
0.257977 -0.0135142
0.276839 -0.00137877
0.272636 0.0186086
0.249536 0.00211219
0.27565 -0.00822551
0.273205 -0.0246637
0.252302 0.0132955
0.292312 -0.00348042
0.263163 0.0268553
0.292319 -0.0165249
0.293985 -0.0137639
0.275466 -0.0206914
0.269671 -0.00250558
0.298388 -0.0100627
0.253044 -0.0268954
0.258706 -0.0269537
0.289484 -0.00496613
0.274181 -0.000937549
0.281359 -0.00304638
0.28599 -0.01459
0.26752 0.00740465
0.244935 0.00239854
0.278399 -0.0178583
0.275679 -0.0117547
0.26797 0.017307
0.263867 -0.0314802
0.296587 0.000970914
0.263765 0.0193227
0.287194 0.0042552
0.288613 -0.00365628
0.280374 0.0198417
0.268158 0.0225486
0.279552 0.000431386
0.26002 0.022555
0.273258 0.00366042
0.246008 0.0137529
0.286727 -0.021698
0.280333 -0.0197367
0.309129 0.00413895
0.272641 -0.00736672
0.257899 -0.0240027
0.2699 -0.0310932
0.301656 -0.0186653
0.266931 -0.00578768
0.247761 -0.0130146
0.26749 -0.00824336
0.257707 -0.0178589
0.271151 -0.00771754
0.275089 -0.0222746
0.268242 0.00476029
0.308663 0.00976983
0.250308 -0.0251691
0.283651 -0.0078614
0.270408 -0.0113944
0.286197 0.0180179
0.271165 -0.0101843
0.29091 -0.00162606
0.288573 0.0111171
0.256019 0.0125044
0.286392 -0.012211
0.277696 -0.0114219
0.269957 -0.0100969
0.271265 -0.0214212
0.268746 -0.00219526
0.236773 0.0126384
0.267313 -0.00692265
0.235816 -0.0166451
0.253737 -0.011978
0.306449 0.010224
0.285764 -0.00116851
0.258378 -0.01635
0.271904 -0.0116512
0.251222 0.00732806
0.253632 0.0259147
0.280023 -0.0196532
0.300322 0.0225132
0.254617 -0.0305197
0.270252 -0.0111627
0.251083 0.0102673
0.246608 -0.0150812
0.238321 0.0127555
0.253179 0.0205379
0.273602 -0.0101935
0.294304 -0.0115917
0.271224 0.00887892
0.278637 0.00179189
0.271271 -0.0256616
0.264628 0.0339293
0.264855 0.00214053
0.276614 -0.00036515
0.267509 -0.0165021
0.283375 -0.0115568
0.279152 -0.0143228
0.281683 -0.00638793
0.294136 0.0162902
0.277177 0.00420278
0.275384 -0.020258
0.249271 -0.00102111
0.258211 0.0106196
0.279594 0.0105469
0.253445 0.00651715
0.261616 -0.0118252
0.257403 0.0179576
0.261993 -0.0321179
0.284333 -0.0218318
0.271489 0.0177438
0.276859 0.00405646
0.264566 -0.0180619
0.279754 0.0121055
0.289287 0.0106694
0.263357 0.00802049
0.231744 -0.00548108
0.28277 0.0205043
0.282562 -0.0139255
0.277348 -0.0235481
0.256477 0.0111934
0.271448 0.00671786
0.253217 -0.0216732
0.23572 -0.00353068
0.26793 -0.00611765
0.273544 0.00913189
0.280479 0.00394458
0.252915 0.0111003
0.271692 0.0031192
0.280198 -0.00881263
0.266024 0.0199973
0.281695 -0.0215359
0.287289 0.00782338
0.264991 -0.0333708
0.288538 -0.00502441
0.301597 0.0249607
0.283268 -0.00661177
0.273992 -0.0242022
0.286713 0.00854332
0.260757 -0.00574159
0.271713 -0.0225205
0.267548 0.021289
0.282394 -0.00371377
0.288635 -0.00660388
0.281576 -0.00596223
0.269213 0.0275724
0.274214 0.0321926
0.26772 -0.00407131
0.258821 -0.0155541
0.256754 0.0113869
0.265487 -0.00559448
0.286527 -0.0158265
0.263758 0.00362996
0.282956 -0.0141545
0.274477 0.027924
0.274673 0.0101697
0.305386 -0.0211019
0.298356 -0.00266436
0.274547 0.00113544
0.276249 -0.00486302
0.283085 -0.00479274
0.26803 -0.00834076
0.278731 0.0188473
0.263074 -0.000888669
0.253859 -0.00367018
0.277135 -0.00104772
0.272208 -0.00166047
0.257649 -0.0267056
0.242307 0.000753037
0.275952 -0.00480536
0.259927 0.0147838
0.276543 -0.00560873
0.25162 0.0040081
0.27648 0.0129038
0.277207 0.00313437
0.25598 0.00247328
0.247859 0.0098253
0.267651 0.0125273
0.293947 0.00566297
0.288765 -0.015925
0.265851 0.00673522
0.257539 0.00960788
0.273987 -0.0127943
0.253986 -0.000781404
0.28009 -0.00795967
0.252236 0.00522854
0.257232 0.00556206
0.266146 -0.0198398
0.240546 0.002457
0.269102 0.0079555
0.255236 -0.0276426
0.267912 0.0244628
0.255372 0.00299691
0.263978 -0.0208647
0.252599 -0.0304189
0.269055 0.0338297
0.286967 -0.0086783
0.261138 0.0377461
0.235554 0.0135744
0.297281 -0.017826
0.291007 -0.00301866
0.264536 0.0172323
0.283992 0.00112118
0.270399 0.00155914
0.273803 -0.00622155
0.270886 -0.0117236
0.261001 0.00298916
0.271528 0.026461
0.286934 -0.0283012
0.280525 0.00876675
0.27153 0.033462
0.29692 0.0228852
0.247646 0.00654573
0.262158 0.00568063
0.289968 0.00136594
0.26356 -0.03202
0.250849 0.0373205
0.270089 0.0271859
0.312648 -0.0365821
0.270245 -0.0225163
0.251118 0.000104635
0.280607 -0.00379891
0.264845 -0.0131353
0.249033 0.00543587
0.288145 -0.0121322
0.274909 0.00816563
0.301092 -0.0151562
0.280128 0.000199888
0.264666 -0.0242282
0.253574 -0.00642744
0.290929 -0.00460084
0.249887 0.012074
0.252625 0.0334821
0.24995 0.0337264
0.274627 -0.0117597
0.265216 0.00892005
0.302136 -0.019023
0.255418 0.0306393
0.253894 0.0184949
0.287161 -0.00302223
0.282089 -0.0164598
0.259014 0.0216751
0.271496 -0.0186915
0.278218 0.0167726
0.266643 0.0158522
0.289312 -0.00190226
0.272652 -0.0148364
0.241499 -0.000274053
0.264423 -0.00227845
0.305342 -0.00592086
0.261707 0.0150878
0.282676 0.0226307
0.273997 -0.00402789
0.271511 0.0148802
0.261375 0.015548
0.288847 0.0153787
0.254879 -0.0117235
0.279457 0.000683357
0.291405 0.0149245
0.293886 0.0041935
0.297589 -0.00727912
0.266437 -0.0184452
0.296412 0.00322762
0.26709 -0.0163766
0.274116 0.00101609
0.276207 -0.00503126
0.286667 -0.0188082
0.278178 -0.00644011
0.284917 0.00559448
0.269392 -0.00159418
0.223019 -0.0206966
0.254683 -0.0151097
0.235898 -0.00286482
0.255464 0.0133998
0.249332 -0.00832467
0.26864 0.042065
0.278532 0.025997
0.282743 0.0304364
0.279259 0.0010624
0.260499 0.00826377
0.298242 -0.0258127
0.283286 -0.0185945
0.272667 0.000884766
0.293448 -0.0037429
0.278404 0.00893425
0.274414 -0.0247687
0.259028 -0.0228388
0.273259 0.0121828
0.30395 0.0029305
0.289342 -0.00326318
0.286247 0.00736733
0.247122 -0.00620553
0.284559 0.00125002
0.282579 -0.0118951
0.253802 0.0112898
0.288678 0.00658951
0.275555 0.0075431
0.274367 -0.0159469
0.304192 0.00725738
0.278403 0.00189283
0.301664 -0.0121779
0.258875 -0.00940045
0.286992 0.0255467
0.245848 -0.0248968
0.257006 -0.00952179
0.258496 -0.00827141
0.284736 -0.0115683
0.266955 0.026573
0.260342 -0.00622828
0.253349 0.016629
0.254619 0.00559291
0.260392 0.00258398
0.271919 0.00506705
0.281111 -0.0153997
0.283053 0.0194201
0.271071 0.0101572
0.245323 -0.00912449
0.251083 0.0158874
0.29448 -0.024305
0.28985 0.00891821
0.287084 -0.0328337
0.297677 -0.00254876
0.292734 0.00630469
0.277353 0.00268019
0.298308 -0.00261941
0.257674 -0.00671032
0.285919 -0.00335111
0.27949 0.0087542
0.230933 -0.0138755
0.267615 -0.0363018
0.278082 -0.0129862
0.29952 0.0150672
0.28184 0.0288057
0.257215 -0.0226864
0.271882 -7.36754e-05
0.253562 0.00101284
0.270343 -0.0153832
0.268634 -0.0118344
0.273935 0.000556401
0.277842 0.00305476
0.26273 -0.00197955
0.27564 -0.0143645
0.261613 -0.0059639
0.254402 0.00122379
0.270854 -0.0142535
0.289156 0.00786823
0.274838 0.022114
0.25984 -0.0026081
0.275823 0.00314085
0.266043 -0.00918482
0.273273 -0.0073875
0.265303 0.00109292
0.281657 0.00175213
0.289773 -0.0312838
0.274336 0.0315127
0.28589 -0.00259023
0.277635 -0.0109422
0.233823 -0.0118632
0.300906 0.029442
0.279002 -0.00893739
0.279759 -0.000961686
0.243963 -0.00350717
0.278615 0.0214351
0.282847 0.0284678
0.272499 0.0106598
0.285632 -0.0028244
0.277481 0.0166276
0.273838 -0.0286196
0.279071 0.010815
0.290455 0.0211664
0.278135 0.00241731
0.279863 -0.00386619
0.282142 -0.00424967
0.278438 -0.00976442
0.285897 -0.0217581
0.271555 -0.00175997
0.261022 0.00973919
0.248759 -0.00487504
0.281413 -0.0076057
0.288416 0.00689281
0.257313 0.0176461
0.277281 0.00224829
0.273846 0.000983282
0.28561 -0.0255015
0.246266 -0.0100603
0.282184 -0.0221237
0.267593 -0.0197825
0.260617 -0.0017378
0.267564 0.0160947
0.262743 0.00421022
0.254588 -0.01012
0.275563 0.00606928
0.280015 0.0314428
0.248134 -0.00785225
0.242711 0.00590029
0.245176 -0.00981783
0.274775 0.012281
0.29941 -0.0184581
0.27714 -0.00748693
0.26814 -0.00493346
0.265831 -0.0271638
0.288704 -0.0210029
0.276866 -0.00991428
0.280045 -0.0193218
0.291183 -0.00193718
0.294058 -0.0280984
0.261348 -0.00105892
0.289247 -0.00636976
0.261294 -0.00546261
0.271202 0.0102848
0.278286 0.0404592
0.245642 0.0260836
0.289227 -0.00773655
0.269989 0.00882935
0.24691 0.0254364
0.235329 -0.00794054
0.270023 -0.0195389
0.274999 -0.0230904
0.27828 -0.0233731
0.258831 -0.00155873
0.267883 -0.00954407
0.265381 0.010295
0.266136 -0.00342349
0.286597 0.0148014
0.264618 0.00969802
0.253338 0.0112862
0.253231 0.0129774
0.280553 -0.00212573
0.244678 0.00501466
0.277176 0.000282101
0.27721 0.00351915
0.288414 0.00681154
0.283518 -0.0118431
0.2607 -0.0129252
0.270305 -0.0105405
0.284916 -0.0218279
0.264093 0.0239398
0.262561 0.0151748
0.264513 0.00884325
0.265729 0.00077358
0.269235 -0.0081867
0.301912 -1.31212e-05
0.2541 0.0135898
0.263289 -0.0218504
0.294492 0.00938078
0.285857 0.0229592
0.264095 -0.000858162
0.273268 -0.00391358
0.268038 0.00103139
0.289886 -0.019347
0.282608 -0.00958639
0.273127 0.0292084
0.26595 -0.0132014
0.294793 -0.00754289
0.261286 0.0191802
0.272519 0.011061
0.283593 -0.00414805
0.267605 0.00135238
0.297399 -0.00334525
0.245809 -0.00848778
0.261262 -0.00412817
0.250561 0.00246009
0.256098 0.00518381
0.252843 0.0276798
0.279495 0.0138076
0.276054 0.0082855
0.286156 -0.0104909
0.261114 -0.00651207
0.280558 -0.0193092
0.254876 0.00967514
0.266246 -0.0134171
0.286052 0.0080546
0.278844 0.00380392
0.273615 -0.0166703
0.24979 0.00906035
0.25823 0.0107629
0.270758 -0.0207657
0.288065 -0.0207857
0.301052 -0.0150484
0.304082 0.0118172
0.266259 0.0113806
0.283296 -0.00830996
0.269858 0.0182712
0.277711 0.0203635
0.298472 0.0123268
0.262842 -0.0151655
0.250675 -0.00194179
0.272393 -0.0129589
0.258205 -0.00299853
0.284319 0.000651277
0.27706 0.00655062
0.312063 -0.0298056
0.279121 0.00993327
0.280274 0.00780661
0.241418 -0.0237984
0.277666 0.000162095
0.301481 0.00954974
0.263278 -0.0102315
0.262072 0.0319326
0.256246 -0.00369721
0.286864 -0.0165161
0.273165 -0.0303451
0.262844 -0.0124506
0.24938 0.0218105
0.254205 0.0311141
0.274384 -0.0134962
0.278916 -0.00607292
0.249704 -0.0212546
0.272563 0.00323228
0.257292 0.00413303
0.275672 0.0327874
0.281123 0.00401625
0.254786 -0.0158061
0.279637 -0.0056103
0.27567 0.0128785
0.250935 -0.000517195
0.275405 0.00748869
0.273588 -0.014928
0.273456 0.0212722
0.262422 0.00515114
0.265534 0.00509519
0.271833 0.02227
0.25002 -0.00333809
0.287474 -0.014986
0.280008 0.0232971
0.274857 0.0169678
0.261084 0.0124813
0.264512 -0.00455652
0.277633 0.000518523
0.256603 0.0140304
0.299392 -0.00143413
0.253172 0.00212086
0.267349 0.00373002
0.238678 -0.0176296
0.256805 0.00585065
0.281449 0.0429813
0.246393 -0.0030098
0.27634 0.00191349
0.285183 0.00185391
0.247364 0.00528907
0.277745 -0.00606823
0.284596 -0.0169004
0.264041 0.0328386
0.268087 -0.0136086
0.276564 0.00587178
0.253377 0.00119729
0.282743 0.00269892
0.260835 -0.0142281
0.27174 0.00553964
0.273979 -0.0210105
0.279709 -0.0168255
0.26695 -0.0116162
0.25436 0.0200918
0.293102 -0.00837625
0.301413 0.015428
0.284486 -0.00293535
0.293415 -0.0243269
0.260719 0.00128932
0.274465 0.0250604
0.242477 -0.0262134
0.270773 0.0181781
0.290239 -0.00237204
0.260723 0.0120474
0.281822 0.00640668
0.279772 -0.0105046
0.289967 0.00374766
0.263724 0.000846833
0.283407 -0.0154755
0.247181 0.0110432
0.287767 -0.0185193
0.279865 0.000710489
0.257995 0.0138424
0.278656 -0.0165836
0.259927 0.0196056
0.26883 -0.00946711
0.270347 -0.00448725
0.264457 0.00747472
0.300543 -0.0163551
0.251723 -0.0349391
0.264188 0.0151014
0.287566 -0.00712339
0.243435 -0.00259989
0.282394 -0.0130308
0.28184 -0.00667028
0.270125 0.0250994
0.267455 -0.0170364
0.244489 -0.0137595
0.283794 0.0267541
0.251207 -0.0108448
0.279149 0.0145624
0.273369 0.00257217
0.26102 -0.0115754
0.275075 -0.0137575
0.280005 -0.00365365
0.269242 -0.0109983
0.270825 -0.00801338
0.281575 -0.017577
0.264407 0.00593359
0.252607 0.00152762
0.266709 -0.0121672
0.28253 0.0218909
0.253662 -0.00839914
0.268709 -0.0179065
0.268943 0.00299851
0.280229 -0.00473198
0.303129 0.00664873
0.279131 -0.0330015
0.247364 0.004991
0.266465 -0.00118662
0.249055 0.00531693
0.246128 -0.0166754
0.271686 -0.0185749
0.292923 0.0174237
0.257911 0.000675879
0.253354 0.0163282
0.268128 -0.0104734
0.266639 0.0202385
0.252825 -0.00255951
0.272641 0.020315
0.27662 -0.00659364
0.261109 0.00920327
0.286356 0.0166963
0.255946 0.0241291
0.273355 -0.00528188
0.288488 -0.00776694
0.265399 0.00580952
0.279481 -0.00480927
0.250342 -0.00812239
0.30268 0.00157023
0.309511 -0.00778022
0.256656 -0.00796573
0.267147 0.00524689
0.269716 0.0071904
0.2685 -0.00590731
0.276794 -0.0305457
0.259824 0.00507844
0.278476 0.00561343
0.27091 0.000806743
0.283109 0.0235975
0.240741 0.0126944
0.276288 0.00426869
0.28285 -0.00326218
0.27509 0.0236847
0.298925 0.0149175
0.269323 0.00561923
0.268844 0.0105637
0.262519 -0.0119528
0.26843 -0.0320414
0.256115 -0.0203788
0.263814 0.0210143
0.27007 -0.000469226
0.276684 -0.0205011
0.289071 0.00871424
0.245456 0.0158779
0.250425 -0.00127671
0.276798 0.0168651
0.269731 -0.0115526
0.265965 -0.0138421
0.260322 0.01134
0.267273 0.00663961
0.266772 -0.0215532
0.268269 -0.0232492
0.274244 -0.00298973
0.294999 0.0323182
0.251858 0.00223425
0.267495 0.0172027
0.293224 0.0324058
0.261475 -0.0164703
0.274713 0.0158408
0.249771 -0.00297022
0.290042 0.0283087
0.282754 0.00209757
0.27519 -0.0202586
0.263376 -0.0183507
0.277835 -0.0112394
0.281261 0.0105272
0.251075 -0.00316731
0.272145 -0.0248894
0.261898 0.0206422
0.267022 -0.00284536
0.262487 0.0186042
0.279946 -0.00864543
0.287003 0.0199719
0.248443 0.0107988
0.286474 -0.00301872
0.267165 0.00884956
0.269348 -0.0240583
0.259688 0.0126861
0.300495 -0.00401505
0.279889 -0.013651
0.284811 0.00278626
0.269438 0.00546539
0.25388 0.00414521
0.267627 -0.00239523
0.287127 -0.00714875
0.246527 -0.0240872
0.264335 -0.0148151
0.267676 0.0126452
0.29412 0.0210499
0.262809 0.0194537
0.263996 0.00633981
0.278429 0.02055
0.308715 -0.0224333
0.292215 -0.00499052
0.287096 -0.0132281
0.309908 0.0248811
0.275166 -0.0018257
0.272397 0.00142875
0.2704 0.0318052
0.284479 -0.0203405
0.296614 -0.00787187
0.253199 0.0143085
0.273179 0.0141233
0.273593 -0.0166351
0.27281 0.0161492
0.267356 0.0272549
0.321177 0.0157868
0.275447 0.0110436
0.272966 0.00180456
0.278466 0.000123387
0.286605 0.0104588
0.256333 -0.0102099
0.295298 0.00299815
0.279034 -0.00237778
0.269622 0.000566539
0.254367 -0.00300208
0.262098 -0.00765934
0.283023 0.011517
0.264284 0.0141596
0.280101 0.0133902
0.286147 0.00137115
0.275178 -0.0162984
0.254432 -0.00711236
0.258172 -0.0128803
0.257982 -0.0162068
0.274832 0.0293613
0.287263 0.00483278
0.286444 0.000813822
0.267769 0.0201149
0.268327 0.010047
0.262401 -0.00219953
0.247814 0.00259766
0.270736 0.00392803
0.281641 0.0117047
0.262385 0.0266234
0.29135 0.000285624
0.232775 -0.00198368
0.289306 0.00870885
0.262085 -0.010579
0.285105 0.00416679
0.273409 0.0116605
0.288805 0.0105128
0.283784 0.0157524
0.257957 0.0110692
0.273092 -0.0118294
0.286211 0.010153
0.282545 -0.00389384
0.259235 -0.0195866
0.305201 -0.0156731
0.28227 -0.0248475
0.256883 0.00256225
0.285309 -0.0143952
0.296394 0.00410893
0.292416 0.0119246
0.279732 0.0214807
0.253944 -0.010439
0.280907 0.00235213
0.287082 0.0312179
0.250404 -0.00697107
0.30096 0.0181264
0.281764 5.62542e-05
0.287867 0.00801395
0.264773 -0.0286756
0.253303 0.0135417
0.248975 -0.00997505
0.255255 -0.0040687
0.272023 -0.00370572
0.285807 -0.00738164
0.271236 -0.0254545
0.283694 -0.0161332
0.276865 0.00376149
0.271983 -0.0182287
0.274554 -0.0260271
0.282163 0.0108378
0.294821 0.00877859
0.269534 0.00810954
0.276219 0.00115625
0.26431 -0.0267775
0.281119 -0.0221672
0.275522 -0.00160999
0.278482 -0.00873056
0.270183 -0.00998854
0.277108 -0.0229349
0.259176 -0.00241836
0.247626 -0.0181414
0.272735 -0.0145973
0.282267 -0.012681
0.29707 -0.000982043
0.25605 0.0176251
0.252233 -0.0159711
0.277139 0.0015095
0.263317 0.0119044
0.275883 -0.00186467
0.269996 0.00672624
0.265919 -0.0129651
0.285648 0.0337889
0.262821 -0.0158398
0.266676 -0.00209326
0.283541 -0.00528802
0.284071 0.0081193
0.277509 0.00270259
0.27632 0.00448506
0.248467 -0.0115002
0.277858 0.00838627
0.263904 -0.0247775
0.243153 -0.0150633
0.272516 0.0116743
0.281131 0.0214112
0.258995 -0.0111113
0.28165 0.0062498
0.300005 -0.0166428
0.259646 0.00934731
0.29409 0.0091716
0.266538 -0.00584379
0.250216 -0.00105907
0.292081 0.0261633
0.250026 0.00780982
0.24658 0.0142453
0.278019 -0.0144897
0.256038 0.00399333
0.290907 0.0113085
0.292092 -0.0104632
0.252958 0.0256933
0.286428 -0.0305783
0.271128 -0.0391793
0.286297 -0.0102234
0.28451 -0.00677907
0.276797 0.0120029
0.26329 0.0297663
0.29468 -0.0436082
0.267214 -0.00247522
0.295486 -0.00118841
0.300796 -0.00543707
0.248396 -0.0145518
0.268321 0.0110686
0.28713 -0.0166743
0.271125 0.0181702
0.29171 -0.00760478
0.275633 0.00288586
0.26527 0.00267423
0.260408 0.00824955
0.301397 -0.00187638
0.272113 0.00456334
0.263123 0.00536403
0.255478 -0.0124872
0.24435 -0.00777352
0.281249 -0.0129031
0.258299 -0.00958943
0.264972 -0.00976879
0.279928 0.000522344
0.310023 0.0111774
0.247879 -0.0173701
0.282813 -0.0214361
0.283883 0.00203436
0.277426 -0.000646718
0.235824 -0.021747
0.257275 0.00294045
0.275801 -0.00600448
0.270121 -0.0117521
0.294413 0.00422343
0.272159 -0.00062067
0.278046 0.00448227
0.281265 0.0356945
0.279335 -0.00494419
0.252162 0.01609
0.271009 -0.0226831
0.267721 0.00421538
0.253303 -0.0156347
0.27182 0.050806
0.289317 -0.013634
0.246429 -0.00984263
0.263729 -0.00493835
0.292096 -0.0266406
0.270723 -0.0249932
0.278804 0.00999909
0.284528 0.00366795
0.273357 -0.00468995
0.264382 0.0195041
0.313901 -0.0234671
0.278681 -0.00873451
0.260334 -0.0256285
0.265054 0.00347606
0.277854 0.00694227
0.273698 -0.00807946
0.259355 0.00633742
0.256684 -0.024821
0.251638 -0.00839484
0.267246 -0.00326978
0.280401 -0.0237079
0.272032 0.012401
0.275243 0.000536146
0.25376 0.00625566
0.272353 -0.0123495
0.287518 0.0158071
0.253392 0.0131789
0.295117 -0.01793
0.284798 0.0111714
0.286722 0.0175518
0.249452 -0.00889473
0.270893 0.00491179
0.260967 0.00472727
0.252175 0.00348123
0.272928 -0.00805108
0.261235 -0.00582943
0.270623 -0.0304862
0.264557 0.00689364
0.259646 0.00644186
0.267337 -0.0148053
0.257183 0.024304
0.275648 0.0220643
0.271708 0.0193645
0.285053 0.00112962
0.294668 -0.00163024
0.299 0.00760346
0.284556 -0.00833249
0.269995 -0.00790308
0.264184 -0.0024635
0.273819 0.00597138
0.262814 0.0114256
0.281761 -0.00807473
0.262158 -0.0150097
0.293142 -0.00335614
0.258821 -0.0157869
0.270201 -0.0132455
0.258831 -0.00932175
0.260466 -0.0171387
0.247036 0.0140632
0.285728 -0.014012
0.267236 0.0331569
0.257448 -0.0235544
0.282849 0.0124294
0.250129 0.0222985
0.260054 0.00227848
0.278437 0.0162583
0.25185 0.021871
0.273395 0.0210428
0.267675 0.0182517
0.280512 -0.00255204
0.283404 -0.0030019
0.289407 -0.0100632
0.260659 0.0265227
0.256035 -0.0106949
0.269019 -0.00793409
0.279036 0.00478917
0.27018 -0.0323397
0.275125 -0.00286702
0.260816 0.0191722
0.273916 -0.00024736
0.272874 0.0320067
0.263293 -0.00143992
0.275349 -0.0222276
0.265513 -0.000557861
0.28661 0.0100763
0.269884 -0.0114627
0.297944 -0.0161146
0.285085 -0.00573886
0.248629 0.015054
0.279102 0.00157885
0.278665 -0.00742016
0.258526 8.26907e-06
0.277715 0.00334595
0.249806 0.00546258
0.261927 -0.019829
0.274735 0.00362389
0.316695 -0.0309693
0.281608 -0.00203948
0.27363 0.019767
0.276455 -0.0216866
0.291257 0.00306817
0.239833 -0.00908652
0.283994 0.00388684
0.256667 -0.0193423
0.252766 -0.00104948
0.264253 0.0194029
0.282218 0.00423716
0.278729 -0.0186411
0.262884 0.0139186
0.246345 0.00916605
0.25513 0.0094862
0.270416 0.0251922
0.277125 0.0222224
0.294647 -0.00862912
0.285044 0.00855574
0.282745 0.00279583
0.260529 -0.00361693
0.295662 0.0218237
0.282214 -0.0102832
0.236806 -0.00707958
0.268978 -0.0105318
0.263623 0.0206054
0.287844 -0.0116592
0.245888 0.0236801
0.270831 -0.0182888
0.250303 0.0197584
0.275308 -0.0067362
0.278477 -0.0113578
0.271167 -0.00336763
0.229499 -0.00275252
0.290414 0.00289248
0.292705 -0.0329986
0.267557 -0.00427512
0.260549 -0.00139839
0.262881 -0.000102863
0.277594 0.00903948
0.265517 0.037746
0.287204 -0.0192289
0.283507 -0.0201499
0.29745 -0.0195342
0.248131 0.0277368
0.241037 -0.0123567
0.269411 0.0115543
0.281828 0.010355
0.260794 0.00256243
0.261172 -0.00978838
0.273622 0.00694211
0.256975 -0.00016046
0.280284 -0.00396453
0.265175 -0.000611114
0.275844 0.0022035
0.282552 -0.0375706
0.262141 0.0121928
0.226937 0.00572445
0.241494 0.00933748
0.279634 0.00490411
0.279298 -0.016753
0.269289 0.00524055
0.277533 -0.0229792
0.264742 -0.00739285
0.239987 -0.00275009
0.227909 -0.0105072
0.278601 -0.0227483
0.260603 0.0150955
0.268735 -0.0200144
0.282245 0.00184917
0.233613 0.00215405
0.26133 0.00799345
0.289486 0.0402658
0.267669 0.0148373
0.270336 0.00938735
0.262691 -0.00603972
0.265449 -0.0259512
0.283587 0.000187689
0.258596 -0.00406815
0.280836 0.00894841
0.291496 0.000681278
0.289637 -0.0141437
0.316855 0.0243854
0.265235 0.00279875
0.270627 0.0112988
0.241414 -0.00268322
0.267904 0.0334605
0.262792 0.00372149
0.255687 0.0050718
0.27282 0.00111998
0.245763 -0.00427152
0.275121 0.00665118
0.252558 -0.0273199
0.277619 0.0274796
0.242567 -0.00649356
0.27655 0.0197628
0.288571 -0.0176128
0.252751 -0.0250457
0.264158 -0.0123177
0.293382 -0.0204177
0.263164 0.00760375
0.274561 0.0160498
0.270418 -0.0141088
0.282661 -0.0129609
0.26058 -0.00300296
0.280844 -0.0181366
0.285904 0.00158983
0.283921 0.00739612
0.278481 0.00360648
0.249828 0.000193818
0.256662 -0.0030194
0.279382 -0.016595
0.282207 0.00363142
0.302863 0.00323012
0.264805 0.0010199
0.276062 -0.00342055
0.278156 0.000718954
0.279954 0.00431691
0.264479 -0.00615452
0.260384 0.0046585
0.252897 -0.0158412
0.268243 -0.00561228
0.245587 0.00473872
0.28846 -0.00237474
0.30514 0.0331253
0.25395 -0.00747872
0.292063 -0.00912299
0.26554 -0.00787236
0.258796 0.0274321
0.273239 0.00413257
0.274121 -0.0234774
0.269127 -0.0248813
0.274309 0.00425319
0.276678 -0.0245874
0.272879 -0.00777369
0.281693 -0.0199271
0.273732 -0.0123504
0.264767 -0.0107739
0.300631 0.00307606
0.275992 -0.0122688
0.269828 0.00587837
0.279423 -0.00594474
0.246055 0.00480977
0.255544 -0.0122332
0.289785 -0.00288194
0.282182 0.00457466
0.295838 -0.00892423
0.263099 0.0214008
0.266994 -0.0135076
0.28806 -0.0105053
0.278823 -0.00556153
0.250719 -0.00984293
0.289254 0.0459591
0.271335 0.0134075
0.274781 0.00397609
0.267403 -0.00435458
0.269259 0.0192876
0.280498 -0.00140677
0.274752 0.0152411
0.254827 -0.00214066
0.289961 0.0147933
0.288376 -0.00631423
0.288659 -0.00730829
0.272499 -0.0255732
0.272574 0.0110405
0.264944 -0.0164553
0.254454 -0.0149469
0.283699 -0.0295067
0.285333 -0.00243463
0.261266 -0.00855388
0.268058 -0.00880555
0.26034 -0.00546829
0.276288 -0.00953007
0.275148 0.00716321
0.263378 -0.00821803
0.286614 0.00161742
0.256085 -0.018586
0.261485 -0.00428623
0.290663 0.018268
0.267948 -0.00534885
0.280738 -0.00899142
0.281331 0.00391943
0.296604 0.000376391
0.239255 -0.0271943
0.273614 0.0321857
0.287896 -0.0343619
0.286652 0.0095733
0.285802 -0.0194939
0.271971 -0.00889398
0.257245 0.00935892
0.288544 0.028191
0.245073 -0.0107517
0.268315 -0.0111333
0.287382 -0.00972134
0.258811 -0.000632089
0.280114 0.0186382
0.297313 0.0181944
0.273521 0.0146504
0.273565 0.00569397
0.29603 0.0237166
0.255811 -0.00412386
0.281534 0.0127231
0.266201 0.002723
0.288301 -0.00306203
0.247548 0.033374
0.262507 -0.00917017
0.274361 0.00336898
0.275701 -0.0163199
0.249966 -0.00141669
0.289548 -0.032825
0.298482 0.048778
0.276509 0.00948837
0.264055 0.0137005
0.27103 0.00937522
0.293673 -0.00586027
0.261432 0.00514585
0.294856 -0.00522769
0.27791 -0.0294938
0.285682 0.0108156
0.281755 0.00751742
0.270437 -0.0229803
0.263615 0.00989529
0.258637 0.0245023
0.269696 -0.0151835
0.285796 0.00406205
0.294861 0.012196
0.271382 0.00422937
0.284549 0.00373254
0.272285 0.0141238
0.256455 0.000235597
0.280067 0.0112411
0.251124 0.0353762
0.270513 -0.00901674
0.257236 -0.00119874
0.263288 -0.00786853
0.267416 -0.0212297
0.276678 -0.0137178
0.278585 -0.0174683
0.234844 0.0213803
0.27486 -0.0138676
0.266083 0.0173235
0.276584 0.0151652
0.279002 -0.0293614
0.240203 -0.00490288
0.266802 -0.0212511
0.276236 -0.0235571
0.273657 0.00490049
0.253744 -0.00743225
0.276517 0.0508105
0.267016 0.00245868
0.23218 0.00926831
0.276761 0.0186606
0.261676 0.00332515
0.234909 0.0203844
0.272849 0.00012362
0.280527 0.00772976
0.264093 0.00524948
0.274375 0.00125682
0.260817 0.0101859
0.274942 0.000290917
0.294305 0.0185329
0.29074 -0.00340667
0.278621 -0.00543284
0.279627 -0.000738542
0.274226 0.0012319
0.252281 -0.0181017
0.297972 0.00130172
0.266408 0.00378095
0.249882 0.00356654
0.290233 -0.0217601
0.274155 -0.00571285
0.26972 0.00891173
0.281039 -0.0209256
0.270046 -0.00652869
0.286088 0.00408032
0.287545 0.0213419
0.289391 -0.00687247
0.279317 0.0235241
0.251523 -0.00262128
0.260202 0.000361603
0.298643 0.0227582
0.282928 -0.0012258
0.26278 0.0297472
0.264811 0.0135653
0.248439 0.0159128
0.286669 -0.00608424
0.274061 -0.00746869
0.273193 0.0171939
0.282573 -0.0130071
0.253204 -0.0157553
0.277127 0.0176799
0.256347 -0.00543044
0.296381 -0.00334287
0.255581 -0.0146487
0.250295 -0.0421482
0.263525 0.00830927
0.27369 -0.00414716
0.250204 -0.000108308
0.250354 -0.0155349
0.285267 0.0103844
0.258355 -0.00910166
0.268326 -0.00623622
0.263934 -0.00770756
0.264503 0.00671197
0.26883 0.00392971
0.271264 0.0115409
0.265471 -0.0081901
0.264861 0.000379808
0.259365 -0.00298802
0.2734 0.00788434
0.285187 0.0117024
0.254265 0.00686949
0.272777 0.00222129
0.255806 -0.0257788
0.296481 0.00730611
0.257748 -0.00367108
0.254494 0.00667135
0.268289 0.000449402
0.255725 0.0239131
0.268243 0.0104557
0.269803 -0.0200827
0.275582 -0.0118123
0.271159 0.00997853
0.281658 -0.00401955
0.266426 -0.0151616
0.277878 -0.0197849
0.268948 0.00251658
0.278756 0.000195158
0.245337 -0.0303785
0.27297 -0.00665834
0.279994 -0.00807907
0.277858 0.0454134
0.245276 0.000814749
0.29214 -0.0223035
0.277978 -0.0433844
0.273177 -0.0056796
0.255586 -0.00121298
0.279554 0.0109473
0.242557 -0.00722989
0.258657 0.00493605
0.299126 0.0130732
0.270371 0.000398663
0.283025 0.0304321
0.27051 0.00199642
0.277125 -0.0275853
0.297482 0.00697914
0.267634 0.0201172
0.290659 -0.0228446
0.262009 0.00572408
0.268633 -0.0150413
0.260459 -0.0059219
0.279408 -0.0144109
0.248753 0.0312862
0.268942 0.0120015
0.276621 0.00401318
0.28068 -0.00743189
0.285045 -0.0102401
0.253486 -0.0158307
0.297055 -0.00673029
0.269211 -0.000882758
0.293531 -0.0245832
0.271045 -0.00100185
0.270454 -0.0168914
0.29961 0.00249154
0.267122 0.00700128
0.257954 -0.0125861
0.270596 0.0022877
0.287037 -0.00536683
0.257063 0.0165286
0.292297 0.00931377
0.281359 0.00511144
0.293284 0.0138131
0.256645 -0.0147509
0.257401 -0.00788165
0.248219 -0.00884364
0.276002 0.0214142
0.272775 -0.00367328
0.25609 0.0120309
0.267123 0.016362
0.270503 0.0155002
0.272404 0.0324814
0.260618 -0.0116881
0.273297 -0.0154035
0.260978 0.000627168
0.265526 -0.0122511
0.252514 0.0142345
0.29504 0.00736297
0.280423 -0.0237914
0.265421 0.010086
0.292846 -0.0187312
0.251769 -0.00196583
0.279596 -0.00423487
0.27384 -0.029035
0.249832 -0.0109317
0.277566 -0.00475278
0.28702 -0.00524501
0.27789 0.0137458
0.299282 -0.0157105
0.275935 -0.00671718
0.253594 0.0147355
0.303245 0.00291949
0.281015 0.0154061
0.258403 -0.0170571
0.27222 -0.0145432
0.262443 0.00361238
0.263554 0.0069456
0.282667 -0.0105755
0.266889 0.00794483
0.257515 -0.020567
0.275332 0.0075879
0.245149 0.0180255
0.276878 -0.00513389
0.283716 0.0163388
0.286074 -0.0332695
0.261357 0.00202496
0.27685 0.0126781
0.262107 0.0121354
0.266846 0.00683458
0.279808 0.00800028
0.276106 0.00766248
0.246215 -0.0145068
0.245244 -0.0154037
0.286891 0.00245224
0.250872 -0.03341
0.264214 0.00513951
0.277663 0.00620311
0.276557 -0.00673279
0.258128 0.00335346
0.267175 0.0105524
0.236674 0.00343251
0.25163 -0.00707228
0.255071 -0.0193155
0.270088 -0.00698284
0.286389 0.00929017
0.260043 0.00885123
0.269156 -0.00590182
0.244833 0.00888223
0.2516 -0.0102414
0.258143 0.0167085
0.247489 -0.00697355
0.281033 0.00855264
0.260679 -0.0241661
0.281274 0.0118323
0.283224 0.0141344
0.258162 -0.00243316
0.219629 -0.000722462
0.301725 -0.00375008
0.24709 0.0129409
0.285933 0.00110744
0.259915 0.0186911
0.265582 0.0126984
0.27465 -0.00179972
0.301797 -0.0016904
0.288236 0.0025918
0.286009 0.0141468
0.251732 -0.00800359
0.279105 0.00672078
0.258384 -0.0067255
0.302924 -0.030595
0.267002 -0.0102894
0.275131 0.0172709
0.250621 -0.000510995
0.274577 0.034846
0.28055 -0.0079715
0.262988 -0.0185529
0.268821 0.0434967
0.282758 0.0067501
0.259418 0.0167676
0.285315 -1.91624e-05
0.278137 0.0157336
0.286646 -0.0132674
0.306842 0.00726792
0.309481 0.0113778
0.256867 -0.0161147
0.282562 -0.00389505
0.291189 0.00410153
0.256694 0.00788331
0.263732 -0.0206679
0.295274 -0.000672893
0.25427 -0.0252214
0.253701 -0.0138462
0.292879 0.00993656
0.247855 -0.00138942
0.287553 0.0115442
0.263571 0.0250142
0.259411 0.000684625
0.262232 0.00446377
0.271605 0.00549643
0.281583 -0.00529167
0.255363 0.0406386
0.277692 0.00485413
0.289561 0.00139902
0.266941 0.00991247
0.295168 0.000420229
0.29413 -0.00277468
0.272043 0.00569957
0.280545 -0.0131387
0.278322 0.0129095
0.239127 0.00154865
0.234025 -0.00877944
0.273224 0.00420702
0.27463 -0.0120783
0.270949 0.00264605
0.305537 0.014091
0.277963 0.00432932
0.285848 0.00974881
0.284049 -0.00388504
0.268982 0.00149787
0.267966 0.00958918
0.312699 -0.00832892
0.291362 -0.0182822
0.27491 -0.0285713
0.271873 0.0318726
0.286299 -0.032268
0.271853 0.0111366
0.302015 -0.0224043
0.251787 -0.0426562
0.257005 0.0281393
0.264987 0.0178531
0.264729 0.00962243
0.271925 0.00646937
0.278855 -0.0125511
0.283214 0.00926471
0.290719 -0.0228275
0.279257 0.00390614
0.283098 0.0282378
0.285004 -0.00164583
0.284206 -0.0135575
0.256279 -0.000546061
0.267408 -0.00662834
0.276952 0.00512698
0.264601 0.00430202
0.262072 0.0199841
0.261242 -0.00248006
0.28472 -0.00984614
0.283971 -0.0022748
0.302054 -0.0176352
0.275839 0.0204363
0.274885 -0.00395151
0.273995 0.00273637
0.256096 -0.00306133
0.274784 0.00492232
0.28635 -0.000337016
0.269496 -0.0106407
0.276397 0.0179326
0.268928 -0.0224006
0.261327 -0.0109057
0.28309 -0.0037892
0.268803 0.00145197
0.273912 -0.00903906
0.278742 -0.0114366
0.289978 -0.0230145
0.244302 0.0124019
0.264482 0.0148985
0.285667 0.00338065
0.241386 -0.00652045
0.274026 -0.00221153
0.280813 -0.010136
0.279433 0.00755769
0.244479 -0.0149405
0.279113 0.0253319
0.301193 0.00225212
0.275592 -0.0217489
0.276388 -0.019419
0.28095 0.0209718
0.270888 -0.0302175
0.252327 -0.0402166
0.281032 0.00394111
0.271633 -0.0209136
0.271199 0.00443763
0.272419 0.0119699
0.248398 -0.0108747
0.258448 0.0306024
0.291613 0.00768935
0.27645 -0.0124998
0.292302 0.00346738
0.247016 0.00224263
0.254327 -0.0096256
0.2608 -0.0254944
0.280699 -0.00540073
0.25865 -0.035008
0.275873 -0.0151092
0.283764 -0.00665427
0.273766 0.00713987
0.261845 0.0147616
0.260068 -0.0230071
0.266186 0.0201827
0.28956 -0.000618488
0.276094 -0.00370486
0.262449 0.0117235
0.278597 0.00835004
0.275855 0.0231449
0.270542 -0.0128972
0.265917 0.00237537
0.283914 0.0179642
0.289062 -0.0126203
0.299691 0.0249708
0.26504 0.00173169
0.261071 -0.00395172
0.247486 0.0194596
0.262882 0.0156396
0.286055 -0.00923603
0.255864 0.00762703
0.274877 -0.000932574
0.269582 -0.0104277
0.286966 -0.0266161
0.295245 0.0200341
0.263558 -0.000724646
0.263921 0.00107874
0.257396 0.000903874
0.271417 0.00368967
0.287398 -0.0225668
0.286825 0.0236102
0.248879 0.0153545
0.263939 -0.0170612
0.276369 -0.00723914
0.273698 -0.0156726
0.280781 -0.00686439
0.265646 -0.00783609
0.284362 0.00980631
0.249341 0.00979266
0.261391 0.00621065
0.257782 -0.0108797
0.263543 -0.00293731
0.270947 0.0328473
0.261806 0.00534315
0.275799 0.014757
0.272422 0.0126531
0.273565 -0.00421713
0.281625 -0.0250408
0.249911 -0.00158911
0.274909 0.00825466
0.264984 -0.028413
0.272234 -0.0209426
0.266583 -0.00121014
0.254651 0.0160998
0.249185 0.00965342
0.286628 -0.00472904
0.277822 -0.0169147
0.265362 -0.00717486
0.260593 -0.00296485
0.251909 0.00453575
0.252217 0.0204072
0.281255 0.0155443
0.268041 -0.00570236
0.29263 -0.0142499
0.28151 -0.0141817
0.246835 0.0255804
0.293707 -0.00600451
0.275683 -0.0312244
0.265906 -0.0229481
0.277941 0.0134579
0.274908 0.000211164
0.247826 -0.0433622
0.287172 0.00654428
0.262565 -0.00373303
0.297313 0.0295796
0.251719 -0.0243804
0.269725 0.02961
0.266895 0.0195955
0.261696 -0.0120395
0.246994 0.0128447
0.265751 0.0056047
0.283216 -0.00505048
0.285641 0.00722826
0.260875 0.00111941
0.277579 0.0178109
0.264738 0.00805887
0.273772 -0.00591218
0.262464 0.0191769
0.281375 -0.00591087
0.298273 -0.00730841
0.28611 -0.00645748
0.291084 0.0232854
0.27983 -0.010365
0.267197 -0.00406999
0.287628 0.0144998
0.258166 -0.0122021
0.263113 -0.00545715
0.277806 0.00782258
0.294836 0.00347746
0.26244 0.0177588
0.281931 0.0188105
0.261989 -0.0165696
0.273279 2.75619e-05
0.240505 -0.000927212
0.260701 -0.0176232
0.273387 0.0447603
0.287041 0.02658
0.267289 -0.0108599
0.259814 -0.00663857
0.271284 -0.0196701
0.269525 -0.0188046
0.285733 0.0287191
0.275872 0.00507406
0.279147 0.00899593
0.259085 0.000165456
0.288504 -0.000998884
0.252387 0.0224765
0.271989 -0.00609681
0.258481 0.0282214
0.259883 -0.0126758
0.25845 0.00674997
0.273552 -0.00769365
0.260709 0.00199982
0.272132 -0.00424574
0.271259 -0.021028
0.256128 -0.00900483
0.284964 -0.00433102
0.276166 0.0479931
0.257082 0.000332375
0.264329 0.00911776
0.276483 0.00423872
0.282992 0.05315
0.318477 -0.0016789
0.25363 -0.000812379
0.279004 0.00178977
0.283631 -0.0111451
0.285256 0.0187141
0.282919 0.0145862
0.296743 -0.0325994
0.242218 -0.0291933
0.273876 -0.00724245
0.264194 -0.011997
0.253203 0.00801737
0.283044 -0.0148256
0.276235 -0.0118222
0.27452 -0.0249543
0.304168 -0.00735945
0.268208 -0.00517756
0.261279 -0.0107842
0.273852 0.0182637
0.276254 -0.0157401
0.262867 -0.00875044
0.288143 -0.00870225
0.273417 0.00455435
0.287903 0.00231658
0.251231 0.0158603
0.25502 0.0150775
0.290876 -0.00307057
0.295282 -0.00383439
0.265142 -0.00307181
0.259179 -0.00149427
0.29703 0.00110195
0.28996 0.00707771
0.264208 -0.00820617
0.274885 -0.0257445
0.267526 -0.00544428
0.281393 0.00150387
0.291839 -0.00866381
0.278146 0.00195928
0.305523 0.00672445
0.267454 0.0133305
0.281942 0.00651753
0.29496 -0.0183417
0.264806 -0.00457691
0.286762 -0.0036041
0.256826 -0.024082
0.277697 -0.0032424
0.267331 0.0149743
0.27696 -0.00588709
0.300523 0.00852206
0.270676 0.00595012
0.291558 -0.00485962
0.291207 0.00804875
0.249331 0.0161332
0.287397 0.00448887
0.271009 0.00425004
0.287613 0.00173525
0.260705 -0.0231051
0.283452 0.0122041
0.269061 -0.0199147
0.26477 0.00574944
0.265619 -0.000790366
0.285217 -0.000249797
0.27314 0.00528132
0.28322 -0.00142658
0.276338 -0.00207753
0.283648 0.0198061
0.268465 0.021448
0.283652 0.00746637
0.24788 0.0360296
0.254632 0.00491915
0.276244 -0.0126158
0.246946 0.00329406
0.261864 -0.00277683
0.283379 0.000782999
0.262481 -0.00861416
0.291476 -0.0110267
0.292499 0.0144431
0.288469 0.0237339
0.286404 -0.0203932
0.299586 0.00438654
0.27916 0.00190484
0.255024 0.0213038
0.25731 0.0103046
0.263438 -0.00870712
0.269131 0.0104502
0.268477 0.00553727
0.266566 0.00719381
0.290803 -0.00412456
0.283238 0.00281756
0.278119 -0.00907984
0.27851 -0.0143033
0.276786 0.000183083
0.271124 0.0260998
0.274498 -0.013494
0.261986 0.00921344
0.30273 -0.0125836
0.25619 0.00131693
0.264168 0.00445873
0.29197 -0.024367
0.256999 0.00174133
0.235481 0.0121772
0.28091 -0.00657477
0.2591 -0.011525
0.271833 -0.0242769
0.248455 -0.013338
0.272088 -0.0133777
0.272594 -0.00141133
0.275673 0.0148917
0.271329 -0.00336592
0.298417 0.00488795
0.299626 -0.0219551
0.255424 -0.0100446
0.270218 -0.00313113
0.272817 -0.00470109
0.303873 0.00713763
0.257234 0.0360896
0.259733 0.0131572
0.281321 -0.000839112
0.262626 0.0146106
0.250366 -0.00603906
0.247428 -0.0170968
0.272593 -0.00561481
0.292468 0.0167405
0.2515 0.00943417
0.269984 -0.00337047
0.298888 0.00904967
0.269386 0.0127491
0.276695 0.0202743
0.25499 0.0342691
0.256568 -0.00739979
0.278329 -0.00533655
0.256953 0.00344923
0.273066 0.0111554
0.259735 -0.000541183
0.287673 0.0165157
0.249103 0.00335566
0.279696 -0.0202092
0.287251 -0.00390928
0.30143 0.0160201
0.271636 0.0018898
0.258656 -0.0189751
0.256358 0.00883366
0.266492 -0.0182413
0.26361 -0.00460285
0.270726 -0.0064859
0.29086 -0.0148845
0.285924 -0.0276153
0.289892 -0.0156455
0.292951 -0.0145223
0.255878 0.0278901
0.298033 0.00551604
0.243114 -0.027835
0.265883 -0.0179031
0.271347 0.0136469
0.268131 -0.00867596
0.270145 -0.00489791
0.270892 0.0141169
0.276981 -0.00914156
0.22787 0.0079462
0.250665 -0.004138
0.26852 0.00747525
0.293059 0.00832352
0.271321 0.00603955
0.297936 -0.0389017
0.270949 -0.027454
0.265615 -0.0104419
0.268537 0.0272429
0.254969 -0.00326831
0.272575 -0.0221489
0.285927 0.00995714
0.268494 0.00171654
0.26669 -0.00313178
0.275748 0.0048664
0.280766 0.00664438
0.27187 -0.0130393
0.276633 0.0213518
0.27424 -0.0448281
0.267274 0.0278658
0.275224 0.010492
0.27571 0.0100384
0.277988 -0.0266802
0.271193 -0.0179829
0.277049 0.0221072
0.255365 0.0133554
0.267713 -0.00783927
0.273887 -0.00279091
0.272789 0.0264095
0.254309 -0.00835943
0.282189 -0.0121604
0.269291 -0.0270184
0.264191 0.0134718
0.271303 0.0049362
0.276337 -0.0276662
0.304674 0.00588802
0.271588 -0.0132835
0.271263 -0.00961518
0.268596 0.0168801
0.290892 0.0072337
0.26915 0.00452076
0.260388 0.00225923
0.252627 0.0187724
0.289676 0.00723275
0.263202 0.0141468
0.287988 0.016851
0.269343 0.0227104
0.279331 0.000909518
0.281299 0.00647349
0.280079 -0.00210367
0.292496 -0.00804217
0.26731 -0.0161392
0.3123 -0.00928311
0.265155 0.00573614
0.245622 -0.0115284
0.270496 0.0127044
0.249202 -0.00843702
0.28195 -0.010787
0.267172 0.0259533
0.281107 -0.00355895
0.256778 -0.0208147
0.288445 0.00980839
0.271855 -0.00408527
0.275557 -0.0113127
0.251811 -0.0103333
0.305275 0.0134641
0.275451 0.0217722
0.283226 0.00516295
0.283528 -0.00194055
0.23749 -0.000215997
0.255093 0.0046121
0.273958 0.000157601
0.282708 0.0215126
0.264852 -0.0127164
0.235908 0.00228526
0.293298 -0.000515505
0.284466 -0.003452
0.264796 0.00961375
0.295305 -0.0104205
0.269011 -0.00256494
0.261745 -0.00264949
0.25573 -0.00388001
0.261729 0.0154329
0.246147 0.0231065
0.285639 -0.00604983
0.26625 0.0157166
0.288654 -0.00529404
0.256937 0.00254398
0.251906 -0.00317383
0.277864 0.0132457
0.277152 0.027042
0.287909 0.0153469
0.253744 -0.0118373
0.267099 0.0152789
0.287687 0.00179869
0.289752 0.00277773
0.257368 -0.00109014
0.270613 0.0264675
0.267336 0.00764477
0.281521 0.00483081
0.306018 -0.00487453
0.262523 0.0230055
0.265008 0.00577029
0.282237 0.00616059
0.29267 0.00228426
0.290521 -0.0201727
0.257242 0.00411261
0.280626 -0.0198484
0.264813 0.0162711
0.270161 -0.00841107
0.28715 0.00564759
0.293031 -0.0161778
0.279356 0.00355273
0.269281 0.00783429
0.253975 -0.0214276
0.254136 0.00954399
0.264103 -0.00746339
0.277407 -0.0167724
0.257865 -0.00423769
0.274913 0.010018
0.27146 -6.60609e-05
0.285159 -0.00888155
0.229621 -0.0099876
0.309489 -0.00261802
0.258616 -0.0116567
0.275724 0.0153088
0.285503 -0.0127643
0.29052 -0.00384607
0.22776 -0.0164014
0.295694 -0.0121174
0.273617 1.84687e-05
0.252504 0.00219477
0.28232 -0.00559236
0.290385 -0.00132684
0.317594 0.019339
0.261523 0.00962025
0.288395 0.015642
0.262681 0.0151155
0.256981 0.020295
0.276218 0.0255744
0.259331 -0.0185115
0.260855 -0.0064082
0.272316 0.00445553
0.282193 0.0055933
0.278043 -0.00130975
0.249831 0.00375022
0.268041 -0.00180765
0.272146 -0.00356889
0.237456 0.00781135
0.271139 0.033645
0.245752 0.00765731
0.257812 0.0275502
0.255761 -0.00388577
0.291607 0.0200121
0.285262 0.000826238
0.266922 -0.00544514
0.291051 0.0167759
0.27253 -0.00803283
0.271368 0.00583402
0.255254 0.0252866
0.289306 -0.00316525
0.26865 -0.0273722
0.285558 -0.0101553
0.283623 -0.0192193
0.279977 -0.0202019
0.284668 0.00735641
0.269014 0.0329606
0.260523 0.0131008
0.270105 0.0187995
0.257922 -0.00253502
0.289611 -0.0187062
0.280912 -0.00106973
0.235833 -0.00555894
0.262661 0.00184883
0.276954 0.00936825
0.263733 -0.000857336
0.290796 -0.0395383
0.294579 -0.00147811
0.257118 -0.00497488
0.301714 -0.00721282
0.265279 -0.00100296
0.26544 0.0194445
0.26651 0.0355098
0.284017 -0.00306001
0.286401 0.0154358
0.277971 0.0131631
0.273671 -0.00340215
0.262879 0.012971
0.275945 0.0271037
0.261837 0.00464086
0.253751 -0.00145452
0.299137 -0.00502369
0.303293 0.00200428
0.288419 -0.0142632
0.282568 -0.00285013
0.268978 -0.0105405
0.258317 0.00151453
0.269139 0.00237303
0.268033 0.0162311
0.275918 0.0042031
0.276969 0.00584018
0.250828 0.00253981
0.288085 0.0160951
0.284963 -0.00466876
0.240598 -0.00576389
0.294339 0.00392343
0.272303 -0.0134334
0.283572 0.00625172
0.263263 -0.00854419
0.239907 -0.0236594
0.277399 0.00659555
0.273703 -0.00169664
0.230271 -0.0354496
0.259418 -0.00193553
0.27761 0.0160878
0.318313 0.0194304
0.283392 0.0124084
0.283095 -0.00192753
0.267597 0.00174058
0.267458 0.0119846
0.303378 -0.0273097
0.301482 0.0135054
0.303393 -0.0305869
0.255698 0.00183027
0.267685 0.0078511
0.281703 -0.00342252
0.265656 0.00173934
0.270439 -0.00541819
0.280559 -0.00250677
0.290881 -0.00404938
0.276524 -0.023696
0.260273 -0.0163976
0.29417 0.0180394
0.277135 -0.00801966
0.279479 -0.0135036
0.265613 -0.00382895
0.268112 0.0207035
0.287891 0.0179302
0.27113 0.00288127
0.303899 -0.0269932
0.293911 -0.0187549
0.276454 0.00458237
0.266313 0.0125676
0.257278 0.0108155
0.262077 -0.0114625
0.262007 -0.00940634
0.262085 -0.0365792
0.266667 0.0285993
0.278513 0.0191374
0.2844 0.0176357
0.287015 -0.00099665
0.26966 -0.0059763
0.273482 -0.0049831
0.284127 0.00798493
0.260367 0.00329056
0.272852 0.0208355
0.286269 -0.00415967
0.265928 -0.00243743
0.300755 0.00375266
0.269446 -0.00833221
0.271971 0.0113375
0.26822 0.0152337
0.272876 -0.0151383
0.261673 -0.00781689
0.288464 -0.0196931
0.289669 0.0151866
0.286755 0.015472
0.259779 -0.0105865
0.282511 0.0114059
0.291609 -0.0225533
0.247929 0.00101673
0.267283 -0.0190247
0.283813 -0.0157809
0.256223 -0.00513285
0.269371 0.0114593
0.293098 0.0186777
0.26007 -0.00569158
0.322646 -0.0154845
0.266957 0.00217753
0.266277 0.0100452
0.246424 -0.00926391
0.278373 0.000481404
0.254232 -0.00892916
0.2569 -0.012322
0.278723 -0.00860052
0.265754 0.023101
0.278667 -0.00550968
0.268183 -0.00173855
0.294241 -0.0219423
0.28203 -0.0148098
0.28537 -0.0108555
0.263028 0.030677
0.270777 -0.00227356
0.266737 0.000750942
0.269882 0.0108513
0.255226 0.00371613
0.254141 0.00607907
0.278398 0.000323752
0.271799 -0.000995831
0.265875 0.00330486
0.28932 0.00695296
0.285587 0.017603
0.27656 -0.0147832
0.25447 0.00373932
0.270251 -0.00546631
0.260354 -0.000902389
0.27564 0.00360168
0.268799 0.0169976
0.288561 -0.00603584
0.266316 0.0223611
0.285951 -0.0255496
0.25376 0.0126443
0.259968 0.000651546
0.266858 0.00723236
0.278693 0.00265708
0.258045 0.00470063
0.264223 0.0214005
0.261063 -0.00868349
0.263759 0.00769028
0.283368 0.0331629
0.299851 0.0264634
0.260363 -0.0235659
0.272115 0.022613
0.285326 -0.0209098
0.285993 0.0197175
0.280665 -0.0242364
0.279843 0.00648611
0.28764 0.00155998
0.271767 -0.00559371
0.273574 0.0213674
0.266548 -0.00183157
0.25926 -0.00756922
0.23989 0.0426816
0.252256 -0.00892636
0.282201 -0.0240166
0.269438 -0.0253163
