-3.07571943 0.73303822 -6.15198273 0.68018745
-5.36314325 0.77227593 -3.14937893 0.63528725
4.94442333 0.92287947 -3.67681669 0.38508893
3.76613732 0.42475232 2.38030637 0.90530960
-4.50647701 0.90789604 1.71568772 0.41919540
-4.84829445 0.70756564 -3.78063838 0.70664763
3.04142856 0.37669611 -6.04530556 0.92633689
1.11409623 0.77146676 6.12475199 0.63626963
2.45960652 0.63656152 -5.59566744 0.77122593
-4.19650524 0.95084450 -4.32433044 0.30966875
-6.20618070 0.41682936 4.66461330 0.90898476
-4.20399097 0.70371594 -2.15936948 0.71048144
-4.33615016 0.75384026 -2.54177989 0.65705773
1.11860346 0.44527303 4.06379960 0.89539485
5.30292286 0.92970369 -3.50740032 0.36830837
-3.87250008 0.58801974 3.28660236 0.80884658
-4.01109934 0.65241171 4.83628023 0.75786474
1.15145040 0.79065092 3.06575673 0.61226720
-5.10185110 0.73152624 2.95957234 0.68181329
0.82767060 0.85359373 5.97449941 0.52093929
0.82942445 0.88258390 5.97015969 0.47015493
-4.82491387 0.83603069 0.85109676 0.54868269
-0.82409374 0.06727329 -4.00054101 0.99773459
-2.99744511 0.85800078 3.77960692 0.51364838
3.09507139 0.47545220 3.24321822 0.87974156
-3.54086743 0.34810037 -1.92406569 0.93745727
-4.70247285 0.39718340 -3.41533599 0.91773926
-3.10953087 0.22761376 3.62413253 0.97375150
2.32924692 0.36235069 -0.99109346 0.93204183
0.82307551 0.08816625 3.95017431 0.99610577
0.02574347 0.84473243 0.45825615 0.53518886
-5.63549033 0.93739592 4.82693803 0.34826555
1.04025551 0.78058421 1.41676182 0.62505063
-6.05016027 0.67389295 -5.19855326 0.73882900
0.52477938 0.33757876 -4.33937808 0.94129729
3.08117551 0.62263719 -3.60837125 0.78251066
2.42995207 0.66938230 -2.33088995 0.74291812
-0.84817227 0.76840895 -2.48683396 0.63995913
-5.20536338 0.93178231 2.01132239 0.36301754
2.07751915 0.74457783 -1.55424291 0.66753566
2.96435444 0.28575307 4.89781991 0.95830328
-4.32065467 0.86552778 5.50315911 0.50086092
5.97639662 0.71976613 1.37337240 0.69421662
5.54727237 0.77328396 -6.18273596 0.63405987
-5.44155341 0.51426779 6.27743267 0.85762966
1.00230235 0.87499640 1.63540729 0.48412942
0.87783898 0.84749386 -5.31411870 0.53080520
3.57293489 0.20336928 1.99488221 0.97910211
0.67801113 0.55927693 3.11676028 0.82898089
-0.50838123 0.62227815 5.12438817 0.78279621
1.36388870 0.56303063 -2.90998449 0.82643603
-2.83516653 0.49939500 4.82225290 0.86637442
-1.72138781 0.36924561 5.15072424 0.92933184
-5.50600043 0.39832571 -0.21968669 0.91724404
-5.88543191 0.76516258 1.54558484 0.64383711
4.87573560 0.91692928 5.61854514 0.39904974
-4.08767957 0.23862066 0.40467043 0.97111286
-5.64463402 0.42896376 -5.26374906 0.90332170
-3.66158689 0.36711745 -4.69409934 0.93017460
5.50384313 0.81223049 1.48393348 0.58333664
2.78917036 0.37270095 -1.76715959 0.92795151
-6.25021192 0.82984373 4.60019243 0.55799586
-5.42078146 0.90876786 3.29748371 0.41730203
-4.91858190 0.83537569 4.96040359 0.54967941
-0.54781420 0.62517396 5.27477023 0.78048544
0.29169994 0.28801353 -0.14119683 0.95762634
1.04035893 0.84608655 1.64000155 0.53304555
0.67856808 0.78021198 0.69960775 0.62551520
1.95526808 0.53999820 0.77012773 0.84166617
2.90700264 0.61493873 -0.21277816 0.78857489
3.84756937 0.76377429 1.56336397 0.64548341
-2.96009240 0.86468209 -6.04197977 0.50231950
5.43858873 0.86126593 -5.02906645 0.50815450
-0.36578179 0.85549727 2.96331175 0.51780732
-3.04864854 0.18537450 4.57482224 0.98266795
5.89539805 0.71219558 1.87240324 0.70198109
0.92594585 0.32583233 -0.75216389 0.94542757
-5.39674043 0.51400198 6.24227605 0.85778900
-4.19509953 0.72626680 0.15868817 0.68741293
-5.43639272 0.71635629 -0.20155359 0.69773467
5.47479796 0.29894722 0.65003651 0.95426965
-4.30682321 0.48357772 -5.57601564 0.87530143
6.24173638 0.38688302 0.97150180 0.92212880
3.91909734 0.90024429 -4.65167582 0.43538514
-1.58377526 0.85633193 -3.42330500 0.51642582
3.22233005 0.40628171 -4.74113352 0.91374787
1.70024562 0.77703075 4.84886929 0.62946264
0.76586873 0.56460985 1.81589719 0.82535793
-1.57002873 0.43038639 0.08123648 0.90264476
1.87583662 0.53876486 -0.32369926 0.84245618
1.22464779 0.97622494 1.57756881 0.21675992
2.96991265 0.16506652 -2.04772801 0.98628244
-2.08392229 0.66782971 -3.60495693 0.74431410
3.44195197 0.95092680 3.89506855 0.30941592
-2.67398067 0.98984283 -0.00039663 0.14216600
-2.64495892 0.95535819 0.64376897 0.29545004
2.94300967 0.86189604 -5.84584357 0.50708501
2.82758956 0.78618193 -4.36710573 0.61799513
3.10671904 0.89687492 3.45136721 0.44228427
-5.33845339 0.48431129 -4.92054641 0.87489575
-0.20765804 0.47516649 6.02056805 0.87989591
-2.02615524 0.24046517 6.04701525 0.97065777
3.32516450 0.59389063 0.20606572 0.80454578
3.20659758 0.91109025 -0.58305708 0.41220692
3.66855897 0.76469546 -3.47479054 0.64439185
1.48854135 0.94917461 -4.54165933 0.31474998
3.68433622 0.65170308 5.68656637 0.75847419
4.65406038 0.52614290 -0.47257050 0.85039617
3.95620251 0.69848637 6.21940261 0.71562335
-2.24985856 0.09372267 -6.18726512 0.99559834
4.15841331 0.79409450 -2.06846582 0.60779431
-5.49645204 0.71360816 -2.32973702 0.70054507
-4.40237438 0.36560108 4.80848591 0.93077164
-5.75428259 0.70362508 4.98619437 0.71057142
-4.42075642 0.76612938 0.27629787 0.64268637
2.00718615 0.41710202 -5.17777683 0.90885967
-0.79321268 0.31442130 2.28660460 0.94928354
0.26445485 0.89268855 -3.96381516 0.45067411
-5.42402738 0.96651583 0.92065494 0.25660701
-0.57900343 0.53839157 -1.03023008 0.84269479
-1.90130129 0.18943969 4.49422206 0.98189236
-2.36297753 0.86492608 4.46660709 0.50189928
4.36571301 0.75031993 4.66253602 0.66107489
-0.21441132 0.68802882 -2.73478127 0.72568336
-1.17044735 0.90767718 5.07879813 0.41966909
5.97980089 0.91899122 -0.83158190 0.39427800
2.27718939 0.77389735 -6.26484930 0.63331105
1.52956838 0.23210141 -4.68612024 0.97269159
1.57547748 0.46801417 2.06985560 0.88372096
0.63717497 0.26877991 2.18239714 0.96320162
3.39244088 0.56797468 2.70701470 0.82304603
-2.30000038 0.70213869 -2.58899190 0.71204021
-2.86660032 0.65185072 1.45287187 0.75834730
3.11147681 0.99702494 -0.47169640 0.07707965
-4.84878044 0.14963831 3.11468960 0.98874080
-3.90634119 0.57310720 3.44306497 0.81948041
-4.76080026 0.46507569 2.40072178 0.88527092
1.68846639 0.80225311 -3.81226167 0.59698404
1.18336747 0.77925817 5.93599587 0.62670304
2.49068311 0.65926121 1.20569117 0.75191400
-4.92495565 0.54380918 2.24652557 0.83920890
2.46171151 0.91320052 -2.73297351 0.40751051
-3.34637637 0.70644721 3.81831712 0.70776573
4.61943554 0.96199578 5.62901047 0.27306432
