3.32562364 1.87450747
1.42269348 0.23193879
-0.00628004 0.83595582
-1.78441197 -5.03168307
-1.70235909 2.47201631
-0.91541273 0.86129138
-1.23378807 1.03694192
0.03083274 1.98501299
0.30099416 1.85176369
0.21761126 1.95926983
-0.04757655 2.55648419
-0.23047439 -3.61347774
-0.18115163 1.66902483
-0.88322784 -5.33691201
0.18392157 -5.16440523
0.31005622 1.40406274
-4.49497146 0.31612088
-0.33910577 0.88921657
-1.14429512 1.32108844
-0.22804404 1.14598337
0.00539691 1.01619697
-0.67859837 1.35045120
0.65862685 -3.96441166
-0.16519507 2.02369877
-0.55216940 -4.01174835
0.03776068 1.89162658
0.86331722 -4.66815142
0.83233558 2.03075055
2.59996724 0.96663889
-2.69020277 -4.32768045
-3.29596677 1.57077761
-2.54677882 -4.25542617
-3.05988735 1.50443292
2.45109606 2.25414195
-0.64010309 1.68529932
-2.26781003 1.39765317
-0.44109006 0.16228235
-1.24084898 -0.12018749
-2.51843694 0.01803675
-1.09697486 0.89443060
-0.10805887 1.83276649
-0.07506773 4.22927519
0.99357839 3.08938506
0.89201153 -4.16642293
0.17655256 1.22795617
0.49525964 1.35866342
-0.01653943 1.60776338
-0.08177299 1.47597111
1.36672350 1.16560578
-0.73878777 0.52610713
-0.64431788 0.44006202
-0.42217523 1.18052958
1.60481580 1.40837929
-1.22460804 0.76321664
-0.36793619 -4.58350367
-0.58998334 1.81759073
-0.20894531 1.07226822
-0.43243568 1.75992568
1.06647310 -0.38086161
0.39794268 1.72063814
0.27034187 1.45061503
-0.12817751 0.48296172
-3.19294529 1.57069423
-2.81464972 1.24296103
3.35478937 1.27118958
2.12498527 0.34582998
3.54724037 0.08391700
-1.13138117 0.12050385
-0.39727530 1.69696907
-1.24630874 0.38549627
-0.20167199 -5.38972138
0.50155545 0.51073355
0.69564181 1.83139203
-5.50528299 -4.71297132
-4.39039760 2.44740887
0.71532434 2.62398209
1.42458778 2.41125857
0.51102146 2.11612622
0.71980013 0.87133721
0.46570043 0.31249627
0.08980367 0.38299563
0.83380432 -0.15660676
-0.10968057 -0.67604883
0.15265367 1.14929942
1.16334362 2.45566416
-2.71988382 2.00847422
0.11654562 -4.66223424
-0.28487758 -5.31417889
-0.01129754 -5.98031828
0.31097656 2.32247575
-0.10688129 4.18390317
-0.92375185 -5.12112620
-1.42090760 1.26998425
-2.14240254 2.41690706
4.41376203 0.32207510
2.69630524 0.48269126
1.70366823 0.91082498
1.76380809 0.84961625
-4.58460979 0.95738544
0.60776696 1.82776432
0.85888211 2.06244857
0.80757112 1.20858185
-1.04256250 0.16578771
0.60335943 -0.44235360
0.41524379 -4.39072033
2.81822109 1.53234068
3.06470081 -4.00675071
-2.59932919 -3.81237630
2.80452354 3.93539715
-3.80230668 -2.83493619
-0.29208690 4.43877328
0.13506470 4.22875183
-5.34955888 4.18166081
-0.48113106 -1.90138851
1.08758134 -0.52908252
-1.34646089 0.66722949
5.12634528 0.54774827
0.81140185 0.11439234
-0.51051798 1.19577577
-0.93721620 -2.37116904
0.12656732 -2.76504352
0.16796237 4.12733530
-0.24217625 -2.35852833
-0.61939667 1.07584242
-1.01960934 -0.09603574
-2.68184038 1.22691583
1.69871944 1.07873801
1.82572897 0.54027569
1.16389891 0.59998297
1.62400767 -0.20840374
2.50076392 1.30492314
1.99076902 0.47231899
3.65500069 -4.72779437
-0.03477509 -4.64696928
-5.58001956 1.15129189
6.14812417 1.42029133
0.97244708 1.28360377
-0.99001027 1.68172354
3.65704034 1.02157407
2.12923943 -2.27661586
-2.85865941 4.46900045
4.23905254 3.46758437
-0.32275846 3.93415889
-0.82237009 -1.62784950
3.98213893 4.52945442
4.66180598 -0.97714199
0.70320729 -0.82797395
-0.68218204 1.92965599
-0.94772686 -5.83162518
6.12230856 -1.15349565
-0.64226965 -2.05167486
-0.97923265 -2.96235959
-0.85962521 2.87260821
-0.09557130 4.44406534
-0.32161778 3.58243952
-1.02616620 0.41774096
0.07445215 1.26658900
0.52468148 1.20023724
1.98667983 1.21123839
-5.71412755 0.88633278
1.66975560 -5.48117128
2.68470248 0.40073050
2.81421296 1.58433190
-3.56084330 1.17150759
2.90856015 1.09725897
-2.39144815 2.29400986
-2.55114940 2.75936748
4.14135956 1.94748544
0.58898696 1.90094024
3.31205170 2.29670623
2.51103256 -2.83103621
-3.64002078 4.51698322
-3.56437537 -1.96409861
-0.73753290 0.56844575
-0.24063145 3.39123776
0.28109755 5.64014469
0.66779483 -1.32234868
0.09684835 4.48769037
1.79035552 0.76726219
-0.90414479 1.54483186
-0.48537913 0.49413500
-1.73012479 -0.01439319
-1.41555166 0.31265767
-0.33079746 3.00462437
-0.09013761 2.73427725
0.01358908 4.05591809
-0.91555160 4.30409025
-1.13662067 0.57724037
-0.66414017 -4.04218563
-1.31262290 -2.65732329
1.12590987 6.13861105
1.90442363 -0.24698198
-5.28894512 -1.32770250
1.44512803 1.72815506
0.99103719 2.49829963
0.06368181 1.55480572
1.55147717 0.23949607
2.08000049 1.64302748
-2.93030323 1.86143336
4.51172830 1.98728795
-2.57651346 1.97108675
3.06042615 0.24752787
1.81068609 2.94029752
-3.92150260 3.42749294
-1.14709056 6.07093610
-1.85584273 0.05035302
-1.52148637 -0.49308443
-0.11073056 1.01220352
-0.55362881 1.22353665
-1.16695649 3.20510234
0.76300631 -3.93137112
0.41995252 -4.79039044
-1.09017984 3.18431226
5.58000666 2.14553384
4.54859549 -3.70413927
-2.04994210 2.53532793
0.27364165 -3.67072319
-0.52162355 3.58613547
1.19589859 3.20563359
1.42463366 -4.42222575
2.07138516 -5.43020415
-1.68965669 -0.08263212
-4.67335700 -2.81399140
-4.02348301 -0.01831564
1.38850995 4.72353377
0.67459779 1.55573263
0.29526285 2.31590331
0.47936051 2.06728282
0.74846562 2.66098101
1.14271788 1.89598093
2.99901318 1.63909261
3.61534463 1.96159133
-2.82694019 2.49679603
2.01080697 1.82833437
-5.10021631 3.60066642
-4.57249182 3.04866497
-0.24937329 0.94745328
-0.53798386 0.91516153
-0.07882732 5.56571257
0.91208665 -0.70799045
1.09192190 5.28775692
1.00476541 4.39127515
-5.96467348 2.38564167
0.37069785 -4.88816779
-3.24875636 -1.13356013
4.67975753 2.16051121
4.40814365 2.55946239
3.85367426 -3.83852061
5.06566253 -3.15242725
-0.60091391 3.68258568
1.02272479 3.29803515
-3.81324578 2.64113271
3.10453565 1.62915664
-3.58167411 2.22644855
-4.03070044 -2.72580286
2.94280713 1.26990081
4.02144851 2.74853457
-2.73346380 1.70873695
-0.68081013 -3.90176655
1.09303082 -3.83780898
1.09159063 3.09074165
0.82578464 2.51760361
3.66266751 1.16071486
-2.22991853 -4.73802866
-2.81690693 1.33875798
-4.55095365 1.45031474
-4.75877447 2.59498934
-5.03924276 2.07855925
0.21799385 1.12007879
0.38277005 2.05920109
-4.00916583 3.98411030
-4.97761781 0.14741747
1.27739456 -0.12547488
1.53151629 0.03042027
1.09646983 0.40666739
3.32076505 2.23835441
-2.31990818 2.41260936
3.98814009 1.68080422
6.17363735 2.53281008
0.19563209 2.43290988
-0.64606150 -3.26219050
-0.71931515 -1.80146091
-0.48544892 2.10577241
-2.55535831 2.22533367
-2.29059330 2.69628456
-2.90016641 2.10692477
-3.65008690 1.57849067
3.58558750 1.91784463
-2.57409435 2.25457967
-1.88067012 2.49080071
-1.59462974 2.67871975
1.04820097 2.24409909
1.49977286 2.84728162
1.65391075 2.99267103
-4.49628937 6.08828756
-3.77293075 0.97491432
3.21379893 -0.40000880
1.92152193 0.42117870
-5.15824450 1.46585371
0.21403037 0.98068731
-0.74129622 0.74651058
-0.47054671 1.36321228
1.41435420 2.44627059
-4.85564279 1.56952804
1.60951644 0.94437191
0.87312940 -0.22065376
-5.15493623 -0.25070039
5.66885038 1.38009205
3.68103385 0.44086804
-2.39388964 -0.06975956
4.01676350 -0.56014651
6.13315588 1.91035689
4.85575556 2.98242920
5.63619999 -4.05794671
5.05303861 1.44698037
-2.32484422 2.52081564
-2.07234283 2.50132719
3.99355714 2.29915743
-4.05553817 2.12669117
-1.78225676 2.86238244
-2.56070572 2.30239094
-2.08471416 2.18371000
-1.72272317 2.66239815
0.51728239 1.56284794
0.89504553 2.32058942
-5.19312224 1.92230033
0.78666634 0.26428056
-3.52937159 1.33569437
-3.95544828 0.06832132
1.10754813 0.45160434
-0.18199936 -4.48130388
-0.08445399 1.10936975
-0.35849889 0.88507940
-0.53257364 1.83595533
-5.10163375 2.98836105
0.52615835 2.38490520
-5.99402856 2.05673892
-0.45941400 3.94359417
-1.23917026 0.85971982
-1.44398492 0.72876043
4.95485059 0.93343507
5.15498625 0.13058311
-1.91157427 0.78511452
-1.84089037 3.23349978
-1.13504141 -5.49728680
-0.22647206 0.89014805
-2.07399718 1.56985646
3.95401225 2.91737418
-3.06296630 2.41087490
3.87789304 1.02437013
2.71328086 1.87810474
-3.92216131 1.78201860
4.24671473 2.02174475
-1.76649521 3.13065926
-1.34090258 1.35063037
-1.45931694 0.98998283
-0.49225528 1.07526410
-4.35852916 1.31237810
-3.45521858 1.27543302
-2.78313923 -0.66764220
1.87480563 0.57067649
1.44106152 1.26308940
0.71160018 1.40701865
6.17104445 0.77371998
0.25877866 -5.27248350
0.78434618 0.66696480
1.41699790 1.32468956
2.12203519 2.77647626
1.63210491 2.65974593
1.42700958 -2.89135165
3.41507464 2.22967957
-0.95950540 1.46307984
-1.63309850 2.14443652
-2.53543117 1.74225310
-2.71735644 2.29720112
3.80955449 2.08886035
4.59696727 -1.06252629
5.03435774 3.99874411
-1.94003629 4.33312129
-3.15507244 -4.27825597
-2.01335680 2.03608034
-3.00320577 2.85600225
-2.56316668 2.35597817
3.65117810 0.69310991
-3.51917070 1.43233833
-2.63462021 1.16267320
-3.36907410 1.97728703
-1.67214198 1.97864433
0.05234310 1.99248305
-2.93634154 0.95402019
-2.24742668 -0.05392789
-2.21701742 -0.41000892
-4.94892127 -0.22192572
-0.40696065 1.75019300
1.72160987 -1.83422354
-5.56924876 2.72206002
0.79622912 3.86799764
1.54361318 0.63467656
1.68737658 0.90787988
1.65038164 2.94468683
1.92663665 2.04997712
3.49723651 2.12656591
-2.56903839 2.05656168
-1.54701841 2.22831014
-1.10129246 3.19031943
3.72665945 1.83136814
3.55921469 2.48798173
3.47853420 2.17281520
-2.03631776 -3.57424876
-1.92179868 2.95923899
-2.23309321 2.98241340
-2.05736190 2.37606847
-2.87472804 2.33037422
3.44331905 1.43943891
-2.85376071 1.27476184
-2.93428357 1.50806169
-1.73740659 2.71428342
-2.40496501 2.03067732
3.16345410 1.44441742
3.57710288 2.94495917
-3.61536631 1.02689759
3.65014484 1.05848361
-0.84536968 0.05377578
-2.19683797 -4.86693814
-3.72074018 1.01917019
3.06078765 0.85663280
3.56903046 -0.17465927
-3.56410716 1.84128790
-0.26109294 2.28517641
-4.09603971 0.48392201
-3.45988688 1.39996942
3.85936771 -3.13559275
-4.20024258 -4.46180311
-4.12570320 1.31239104
-2.50141401 1.79150413
4.34336227 2.72503772
4.52771908 2.44814376
3.25452637 1.89156178
3.73143811 2.35329264
3.69549155 2.05164495
4.47685903 -3.73830994
-2.11461019 2.57760124
3.64469499 2.39136677
3.05985689 -4.02349701
4.00210537 2.22949093
4.48224964 2.25267664
3.78157207 -3.90836825
-3.03129026 1.86379288
1.51193644 3.35383081
-1.48443574 3.50395053
-1.87886400 2.05273751
-1.50537511 -2.94105662
2.96337488 1.52002294
-3.24594628 1.62989596
3.07963945 0.38776652
3.19077992 1.73768977
5.21791493 0.60989448
-3.60793841 0.62995155
3.76855533 -4.37277400
-2.63831643 -4.43384133
-3.56501485 1.33915600
-4.11639088 -5.91178740
3.50380826 0.66223766
3.70313590 1.67532977
1.63908823 2.42699725
-4.23493251 1.30728786
-2.51100293 3.10543761
4.25441584 3.17744694
3.22790959 2.37069779
3.33366613 1.87434830
3.60292137 1.26053951
-3.72384570 0.90117404
-1.53260317 -3.63843381
-0.93380225 2.52090897
-2.47250895 2.52414058
2.57095869 1.46903811
-3.11377127 1.81710580
3.59304719 2.03527306
3.15562052 1.78019710
2.34130362 3.52799204
1.48652330 3.02593540
3.68982695 -3.33111967
-2.13594628 2.35849050
-2.55162702 2.25772462
3.21143279 1.87876854
2.62891980 1.51822653
4.11639455 2.84410186
3.80183208 2.90995775
3.48121029 1.62733345
-3.36485430 1.86554753
-5.02619226 2.17254822
2.70796860 1.77483742
2.18448427 -4.76538152
-3.23817116 1.19304533
-3.84857739 1.12568845
-3.63003680 0.58081172
1.92570055 -0.11041995
2.06923759 1.10132475
2.63443990 1.95687216
-2.38646846 3.15371280
3.06537028 2.19366411
3.27615206 1.27739583
2.21330155 1.27034614
3.04251214 -5.24058030
4.08129898 1.99711142
3.16884307 2.42798174
-2.66656789 1.66224484
-2.95940083 1.75995277
3.24539015 1.73033204
3.21527584 -4.70910736
-2.74926910 -3.77550947
-2.03585730 -3.12487502
2.79024154 -3.46598508
-3.54398267 1.83900532
4.11911905 2.88423214
-3.75324527 3.20312656
3.66984613 2.24012650
-3.21723505 1.59282276
-2.46668709 2.33914502
-2.60253999 1.90876087
-3.30224691 1.82607040
2.99291708 1.23472647
-2.99397902 1.79349831
-2.88192252 1.55800999
2.30883893 1.25039744
-3.94599691 0.46627416
-4.13713806 -0.07016798
2.69525929 -0.60800617
-4.59017472 0.04150707
0.32048759 -0.04643125
-4.46568823 0.20392069
-1.44073812 -0.66552339
2.17450793 1.17164284
2.97272770 1.23867480
-4.41842367 -5.00419348
2.73557283 -5.67133383
2.53052862 -4.54093452
-3.12909777 -4.99359027
-2.22912913 1.31712199
-1.98162796 -4.04498471
2.98789758 -4.54378188
-3.07141321 -3.66317704
-2.00470226 2.77688933
-2.38127935 2.68363882
-3.28325412 4.33292028
-3.40636484 3.35221373
4.14667997 1.79844757
-2.73570047 1.14518216
-3.39374561 1.06687683
-2.02010453 -5.00555475
-1.98757196 2.39740559
4.09702439 2.32485784
-3.60655502 2.17399914
3.45132909 1.28146126
2.93747878 1.09557310
-2.80869240 1.88038541
-3.66397175 -6.15937868
-4.29073864 0.69079410
-5.48016925 -0.25561046
2.60389130 0.22919824
-4.56745707 -0.28077390
1.09225602 -0.64413668
0.87090156 -0.40110204
2.57499854 0.21827810
1.34910971 1.94984719
1.77656094 2.21956351
2.04493523 -5.09702097
2.29426409 1.65594745
2.59634465 1.78389070
-3.30512048 1.74979160
3.96896359 1.82053629
-3.10441173 2.03160617
-2.97181351 -4.30027899
3.56181883 2.38372725
4.02483187 2.62489371
-1.43298286 3.17322739
4.89354988 3.71196677
-1.21461260 -3.95212191
-4.58673336 0.79607827
3.14834422 -3.63257649
3.05113301 -4.70436597
3.49111899 1.46322705
-2.14452957 2.22155199
-2.68642914 2.92953626
-2.39296434 -1.70020011
1.91668903 6.13947237
2.48756751 1.65865736
-2.77089339 2.00270769
3.77947271 2.12178862
3.20255485 1.52908362
2.22125468 -5.37741719
-2.84999237 0.92850910
-5.01727834 0.34933898
2.91083156 1.67212343
-2.99344797 1.10403922
2.71395291 0.46503996
-3.64012672 0.78301841
4.11271487 1.72787067
-3.77140802 0.53939908
-3.29522022 1.52381219
2.59953081 2.02294879
3.56991847 1.79996359
-2.67081512 2.34411424
2.90686719 1.07395704
-3.95100335 0.30680695
3.37974424 2.01060584
-2.98379192 2.16601671
-1.43247617 2.88548515
2.55871551 -2.66844402
-2.04309331 2.18013055
-3.48319109 1.84301043
4.42392594 2.54052016
-3.75155619 1.71957500
3.24270858 1.27007163
-2.66606061 -4.38291871
2.43014270 3.22567782
-2.06649092 2.94850735
3.20610291 2.64272491
-2.76514506 1.79928970
-1.77699964 2.32141919
-3.18942632 2.42517018
3.58031339 1.90349217
3.27765577 -4.26295213
-2.54353184 -4.19725532
-3.62183430 0.84610486
1.93374369 2.11506366
-1.41265366 -0.38863092
3.14475970 -1.59304689
3.58320738 -1.09830614
4.40255012 -0.32901429
3.34353761 -0.93659095
4.26718407 -2.63953343
3.53004832 0.89461346
3.60936490 1.48412338
-3.75015039 1.19959611
2.39042159 1.26708033
-2.93168925 1.04934410
2.77357277 2.07830718
0.27742117 -0.80016443
0.04172015 4.50857856
2.59618235 -3.90181278
3.62204265 2.60512630
-4.80049900 2.52804413
-1.77488785 -4.05937788
-2.65151700 -4.26269749
3.69224259 2.52963673
3.82678293 1.45233844
3.59087894 3.16063857
-1.58678828 3.24225327
-2.51893503 2.46583460
-1.81072496 3.80849025
-1.24860774 3.17042312
4.79464176 -3.14517379
-2.04865260 2.78774736
4.18906411 2.28882030
-0.99746671 -5.21370097
-3.01936928 2.00299363
-3.23248683 1.34232726
-3.11409038 0.84757172
-2.96264899 0.05577599
3.99522396 -1.06254645
-3.17528530 -1.04448122
-2.42963083 -0.68464585
-1.63970552 0.53652476
-3.74354318 0.44192313
-3.30116808 1.96304948
3.44387288 0.99501320
3.26645288 1.36702860
2.98558137 0.77144252
2.71193898 2.38080833
0.80497398 -0.55712093
1.74097863 -0.37164439
1.21935312 -3.27565553
3.90444540 -3.21572159
-2.49548276 -4.74632507
-1.36596883 2.97721586
4.26513116 2.37988225
4.02352188 2.82970479
-2.58663274 2.05055777
3.57044812 1.26372610
-3.22686314 -4.96256008
-3.76021727 2.30246551
-3.30445560 2.02670219
3.16917653 2.08415607
-0.91936539 1.03588074
-1.29469589 3.11999575
3.31153306 2.07008587
3.60420871 1.81424784
-3.45011799 0.36810915
2.56554847 1.52056589
4.47477238 0.30862656
-3.33772548 0.43036738
4.93575816 0.15034145
3.57413072 -1.10653470
-2.63855572 0.07396893
-2.93288718 -0.14706348
-3.24967095 0.09701853
-3.84274248 -4.96366128
-3.52310108 1.22632347
-3.30465652 1.57349949
2.75663284 1.79486726
2.10526767 3.55109708
0.63901937 5.13412588
1.22605213 -1.06523794
-3.38080971 1.41287542
3.29131338 1.94585829
3.47729635 2.12436174
-2.80180488 2.30494476
-2.62103214 2.52669070
-1.89822636 2.40497169
-2.76926291 3.08933265
2.90182315 1.77328304
-3.84473047 3.86224406
0.20714889 2.44978126
-2.60093278 1.20030378
-2.80194159 2.29682564
-3.63049287 1.62982115
-0.62956233 1.48154266
3.96703192 2.17454279
-1.96353039 0.92015533
-3.59803407 0.43399127
2.88517061 1.80041291
-2.19655699 -0.95045933
-1.26567622 0.78969830
-1.97383250 -0.88568204
-0.21912403 -1.10268136
-5.85564978 -0.59785771
1.13037201 -0.30297250
2.53428161 -0.88042217
-3.51191452 -4.56863580
-3.52249741 1.74240978
2.88102274 -4.53411706
1.60329414 3.57787816
2.33107123 4.45530548
-0.49601669 -1.93967314
-3.99421006 3.63843120
3.54951184 2.68434213
-4.52016399 2.31629997
3.76743397 1.73437177
-2.39074985 2.56223576
-2.91935706 -3.33736379
-2.53148158 -4.11451537
-2.91890679 1.12234130
-3.08623225 2.23914662
-4.31359708 0.36611470
5.39538700 0.68402273
5.53384631 1.51854727
5.95473875 1.68315888
-0.83360706 1.43143664
-0.19993634 -4.81808906
-2.30588894 1.64945474
-2.73044794 2.10831569
3.43612005 2.06791127
3.44850306 1.33735507
-3.40849050 -2.06828590
5.22644616 0.62151139
2.72855983 0.48309209
6.05880121 1.03274917
0.07470680 -1.82160683
-5.51323095 -1.19145618
2.41606100 -1.39872677
3.58351588 -3.64455199
-2.56942903 2.14670136
1.95139201 -3.44980787
1.35133249 2.75522240
-5.37615044 4.74522605
-4.97953353 3.19067433
2.29055503 3.70586642
-3.00885332 2.03573098
1.92687702 3.12599437
2.87632267 1.62920354
-3.18404183 0.68156812
-2.89328726 1.84954082
3.88356474 2.02721719
4.22991868 1.89979783
-2.98581987 -3.54654440
-4.92876135 0.56976908
-0.66216386 -1.12518850
-1.07938391 0.17821983
-1.39923800 -1.93213635
5.37664680 0.43150060
5.21153506 -5.26616836
-2.67766827 1.85967497
3.67770751 1.13414005
3.10573738 1.29294304
-3.29956314 -0.01900282
-2.96163272 -0.52200233
3.88949264 0.34402231
-1.11670939 0.46625395
4.85593508 1.02789021
0.06413709 -1.03385731
0.96634211 -0.73213523
1.26290796 -0.79526183
1.77148152 -3.71724962
-3.31761900 -5.35666515
-4.50681027 3.61488100
0.23975526 3.66119325
1.21911712 3.03664674
-3.38152142 1.64172691
-4.13976176 1.31166923
2.25020826 0.59307491
3.42864699 1.77310843
-2.22155116 -3.98109827
3.36235360 1.99266585
3.10519005 1.43186003
3.10623285 2.11885628
-3.35427621 1.51456346
3.87046643 1.95153007
-2.62427584 2.18294791
-1.69069416 -0.93074706
-1.83826482 -0.20520972
-0.95847997 -0.21844843
-0.54438163 -5.74145980
-0.39216640 6.11713845
-3.06696020 1.95117978
-3.11508737 -1.36657393
-2.81363695 1.16714845
3.79495577 0.13674145
-3.11245759 0.99571337
-2.77898544 1.13532895
-2.48314283 -0.45027226
-2.12833402 0.16434251
-2.63220243 1.89398410
-2.02222902 2.06153109
3.94370510 2.64568608
0.89598750 -4.27042386
-5.62231389 1.65683521
2.49073275 3.71299031
2.55030301 3.14456692
-4.00674987 1.85966471
3.53439382 -3.75438713
2.71417607 -5.07946454
-2.85636519 1.13426736
3.00230731 1.38386189
3.20066004 1.10864324
3.00033169 1.51856571
-2.74330877 2.42951270
-2.05568493 -3.78357521
-2.60842934 1.36840644
-1.64396767 0.45613058
-2.41317489 1.74472413
-1.33709093 -5.26054986
-0.45730941 -5.14302648
-0.33035894 1.07712517
-0.97207532 0.00545871
-1.03446779 3.93041966
-5.06799175 -3.20643727
1.49442833 -3.25881366
-3.62120854 0.66239894
1.65267717 0.16136221
-3.92055408 0.83444009
-2.56985840 1.70940876
-1.33837902 -0.31941041
-1.98650116 2.08711672
2.56482756 2.34255156
4.69344885 1.57435603
3.32157853 2.24550628
-0.89923703 -4.13975333
0.44767937 2.41685790
-4.12274758 2.70456601
2.11802179 -2.39538271
0.96010828 2.74427765
0.79739368 2.75989690
-4.32868859 0.70203334
-1.80366391 2.67970718
-3.27864121 1.54228338
3.83285261 1.15152530
1.36230333 2.61180347
-4.04399212 3.55534773
-6.13022314 5.05572292
-0.77717431 3.39142180
-0.28300661 -1.98785613
-1.78513096 4.05990201
-0.47152786 1.63319944
0.12850303 1.48493483
-0.52484684 -4.85682210
-0.81366551 -5.88291754
-2.92361323 -4.46222700
-3.48214349 -2.02820719
-4.43312503 3.57096000
-4.10078091 3.65590005
2.27541067 4.13955249
2.45403942 0.75902826
-0.95691546 -4.07947575
1.32386105 0.92994954
0.23660675 0.75530698
-0.91806240 0.89935233
6.22066175 -4.44080647
0.49106077 -3.95779247
-0.63007700 2.17703057
0.43540572 -3.89937595
1.50652422 -4.34861762
1.46262506 -2.20855078
1.07910708 -4.43336344
-3.34358232 2.03877379
-3.14607054 1.75452577
4.23806489 1.96920944
-3.50526214 2.50821317
3.25247652 0.86587811
1.23117673 2.55431821
-2.41480320 -3.47029284
2.20842617 3.91434255
1.66174416 3.16936726
0.17662289 -1.74908689
-0.73110861 3.18924358
-0.09733984 -4.64056943
0.38890179 1.02133598
-0.82741418 -5.02775391
3.56019484 -4.43844325
4.34938099 2.58803525
2.71840427 3.54173421
1.01512646 3.22691858
2.37597770 -2.56554130
-3.46187566 4.16263280
1.65022115 -0.45577316
0.93785185 1.53837849
2.22427905 0.71228979
-0.02102162 6.21005620
0.21309440 2.16226571
-0.71725658 -5.14510611
0.93160208 1.92581615
0.35432784 1.28688118
0.19971519 -4.46075743
0.30393172 1.99701650
0.96399037 3.37930680
1.01340161 -2.73679057
3.37727979 2.46416161
4.09351897 1.80367795
-2.58053100 2.55913957
-2.02426458 2.43969108
0.92842054 1.53704442
0.46705960 1.73053115
0.91636682 1.86820411
1.31411405 -3.86211968
0.11420338 1.71995801
0.92999997 2.53884283
0.43080083 2.35075526
1.11442612 2.10724301
1.22646330 1.17498200
-0.98872217 0.57607803
-1.12472926 0.74915200
0.18801249 2.34221721
2.10833640 3.11551948
1.42666165 -3.13263909
1.19544595 -1.50820782
3.56237750 -0.83342382
-1.89816134 0.37387625
-0.03550286 1.54811491
-0.60041413 0.67113027
-0.46826784 -2.20401506
-0.87659182 3.02984331
0.04770962 -3.90440695
0.38394726 1.99918329
0.70523908 -4.22456436
1.14001660 -5.11126010
1.30794988 2.69719710
-0.10413358 -4.73381204
-1.77642741 3.16512705
-1.89899264 1.06079258
-2.32582392 1.90712499
-3.26796092 -4.23670258
0.84269089 0.95554386
0.38135836 2.33666690
0.82511916 -4.40612481
0.01061802 2.54030307
0.22291809 1.97421554
0.08951681 -4.50114576
0.30461872 -1.42659580
-0.06054017 1.47512311
0.84291313 2.26176740
0.53696764 1.53230390
0.34951346 -2.42215319
-0.39456886 1.91499276
-0.39127530 1.76594604
0.95636065 1.57098453
-0.08610684 1.74140742
1.72481161 0.38445933
-1.46123477 -0.89817106
-0.55596738 0.59964280
-0.01142074 1.08189051
-0.51916573 0.80333298
2.03756291 -0.34277517
0.49245931 -1.51326932
0.30571521 1.77998316
-0.45287813 1.21461019
-0.88394680 2.73086918
0.85493237 2.40316242
0.12248927 1.97174879
-1.08780454 1.89860101
-2.98988728 -3.37445855
2.60364328 1.85847923
1.58082820 -3.99074756
-2.87634062 1.74913150
0.78033819 2.53410959
0.37527716 1.98335558
-0.53861301 1.24718286
-2.75894906 2.91951439
0.57343962 1.25611193
0.87464044 2.13182074
-0.58286136 0.97200619
-1.07423175 -4.68507841
0.23579858 -3.86108788
-0.30265017 1.49392019
-0.43613461 -2.65222745
0.76656668 3.07000686
-0.40269250 1.41954032
-6.22774353 1.78327174
0.26597996 1.40591014
1.48995765 -0.67380319
-1.20735202 1.26958719
-0.59536184 0.60774047
-1.26900397 0.32962339
-0.33162589 -0.04566807
1.66437634 0.82036816
-0.02116088 1.66101158
0.47049906 1.69906725
-1.32229076 3.11354264
-1.58694069 1.77163214
-0.07362594 1.52590709
-6.08078680 1.84954379
-1.07120010 -4.88295006
3.94590714 2.71105577
-2.84899544 1.03684423
-2.76884371 -4.59689894
