0.0956389 0.375841
0.0695735 0.430627
0.093453 0.482085
0.185197 0.417729
0.0424112 0.398312
0.134781 0.383657
0.0382259 0.383796
0.0672167 0.420158
0.0832127 0.332782
0.191261 0.389199
0.130332 0.377849
0.039436 0.330849
0.112834 0.378766
0.152753 0.358461
0.0916642 0.320862
0.10691 0.41874
0.164109 0.420145
0.0652727 0.39666
0.123856 0.434811
0.0419688 0.379118
0.115391 0.357839
0.152185 0.351169
0.134947 0.438867
0.174704 0.380686
0.0952675 0.371851
0.0826153 0.410575
0.103793 0.369991
0.0735399 0.423295
0.0560866 0.400354
0.11622 0.310841
0.0891898 0.300553
0.0384369 0.323685
0.0126302 0.311413
0.0231032 0.338304
0.044929 0.306201
0.0640463 0.365769
0.00990747 0.364104
0.0924711 0.394222
0.0213606 0.43965
0.0946749 0.374279
0.0490963 0.380547
0.0649771 0.465326
0.0947644 0.366134
0.1403 0.311463
0.156042 0.407676
0.173904 0.411639
0.135172 0.377914
0.110716 0.368003
0.0684285 0.357368
0.0984294 0.429639
0.0577495 0.457993
0.0450857 0.411244
0.0198865 0.411849
0.063675 0.411966
0.0320084 0.388607
0.0784111 0.376077
0.117855 0.404714
0.112787 0.441913
0.2643 0.392125
0.204975 0.373939
0.262776 0.379572
0.324152 0.338956
0.156356 0.351168
0.136952 0.400037
0.0603091 0.425814
0.166773 0.346213
0.112928 0.36559
0.137457 0.367839
0.204242 0.375556
0.189818 0.392144
0.184225 0.373468
0.175977 0.40143
0.152942 0.397909
0.114332 0.364831
0.176545 0.323339
0.130039 0.358386
0.0446388 0.284727
0.0261738 0.308324
0.0371104 0.302144
0.078934 0.262067
0.0463325 0.177939
0.0543821 0.169531
0.0589076 0.238534
0.0287557 0.229638
0.0601915 0.284732
0.130046 0.337905
0.155372 0.401374
0.0296631 0.390693
0.0752546 0.397187
0.0993994 0.384098
0.0873709 0.422411
0.106328 0.410764
0.0849829 0.365214
0.125407 0.400149
0.12282 0.374452
0.0958981 0.270106
0.0131704 0.299478
0.0943287 0.330466
0.0680688 0.331062
0.152368 0.380434
0.0222913 0.345131
0.0844787 0.314081
0.0564677 0.288272
0.0821132 0.35272
0.0649233 0.3326
0.038116 0.408467
0.0683568 0.395527
0.0588959 0.387091
0.0836565 0.40932
0.0888329 0.348078
0.0491108 0.282978
0.0901033 0.309796
0.0782966 0.346991
0.150347 0.381349
0.060855 0.392298
0.0392554 0.3956
0.0472447 0.403181
0.108259 0.429046
0.0909723 0.416069
0.0618656 0.379774
0.12858 0.398105
0.164059 0.442696
0.0991019 0.329
0.184591 0.322008
0.218484 0.29827
0.0737874 0.240004
0.0537449 0.285527
0.113103 0.300126
0.154375 0.360032
0.0381837 0.399115
0.0484014 0.34947
0.0704472 0.3883
0.0855486 0.337109
0.10681 0.351392
0.175615 0.363537
0.0904311 0.329287
0.0691571 0.344474
0.194162 0.368559
0.124179 0.405203
0.119382 0.399216
0.145846 0.387003
0.124991 0.324064
0.160399 0.444186
0.103846 0.381555
0.217962 0.410839
0.16565 0.338322
0.212376 0.378328
0.126349 0.425021
0.141693 0.36472
0.21845 0.357255
0.0636965 0.344912
0.0924158 0.329001
0.0533871 0.282233
0.101844 0.378191
0.0865683 0.328985
0.0985652 0.34168
0.06161 0.325062
0.139807 0.403176
0.0621727 0.324769
0.0519452 0.385208
0.160124 0.389468
0.17142 0.310375
0.182066 0.312082
0.141361 0.361941
0.0781071 0.346673
0.103222 0.323516
0.109582 0.353022
0.165363 0.386864
0.0825338 0.276776
0.0564519 0.263717
0.212561 0.226839
0.123827 0.287453
0.173868 0.244921
0.205768 0.280396
0.1813 0.291415
0.12667 0.302133
0.106172 0.252475
0.10387 0.226486
0.159423 0.304162
0.173614 0.269456
0.164483 0.32632
0.0905663 0.30738
0.044066 0.400895
0.143794 0.361732
0.243544 0.2593
0.239789 0.355881
0.198509 0.347375
0.0763323 0.320268
0.119713 0.292656
0.104083 0.387606
0.0501214 0.395401
0.0553346 0.36709
0.18273 0.363321
0.0615894 0.444723
0.0964229 0.435902
0.0766623 0.475272
0.124737 0.408147
0.174822 0.433128
0.180416 0.443435
0.157897 0.370133
0.193078 0.412182
0.0431208 0.358156
0.0340795 0.363984
0.0961346 0.352064
0.0559511 0.350949
0.129722 0.417653
0.0708167 0.351771
0.238887 0.393743
0.267265 0.430532
0.214915 0.396414
0.0937639 0.389682
0.2286 0.439918
0.148223 0.42543
0.185419 0.36921
0.155888 0.407832
0.110545 0.358226
0.0914713 0.32032
0.0146736 0.416984
0.054862 0.415013
0.213986 0.407592
0.20979 0.413701
0.16636 0.406318
0.0676421 0.387336
0.0424527 0.379487
0.0554482 0.363767
0.136649 0.32014
0.0659901 0.312884
0.106103 0.358553
0.0770379 0.384734
0.0344703 0.336091
0.0528523 0.394998
0.204229 0.391288
0.124721 0.443097
0.181915 0.384955
0.108489 0.360471
0.149724 0.279419
0.225136 0.40206
0.26288 0.429587
0.100703 0.376366
0.00187778 0.428291
0.0973585 0.378043
0.0610976 0.391965
0.0558344 0.272405
0.140727 0.298072
0.0908332 0.379486
0.0511807 0.290869
0.0994472 0.440097
0.068308 0.329238
0.0305881 0.34052
0.162496 0.370919
0.198458 0.334596
0.205986 0.336306
0.231515 0.306826
0.106734 0.319394
0.0987109 0.328027
0.105587 0.370939
0.0759345 0.373668
0.0563062 0.376471
0.0618116 0.283318
0.0717623 0.333519
0.0341871 0.303804
0.0814127 0.341079
0.0751752 0.345463
0.0651952 0.353131
0.0893327 0.33207
0.0353433 0.358623
0.11588 0.401226
0.0637501 0.430208
0.0788425 0.381954
0.0812659 0.344705
0.0289321 0.261975
0.117195 0.286403
0.0538883 0.294523
0.0237598 0.23047
0.122877 0.205182
0.0621842 0.35963
0.0176291 0.347979
0.102884 0.422113
0.0214608 0.408178
0.0497281 0.395966
0.0179458 0.341049
0.0921657 0.385814
0.0616568 0.437357
0.1299 0.461051
0.219369 0.339669
0.131871 0.429281
0.217073 0.417849
0.119741 0.39678
0.142335 0.43518
0.0941999 0.388693
0.0741051 0.405939
0.0581877 0.456775
0.0810803 0.463619
0.0533564 0.401789
0.0822537 0.335837
0.111698 0.446323
0.182978 0.432026
0.0911574 0.465584
0.0491027 0.436719
0.0689095 0.402738
0.158538 0.417606
0.086363 0.451216
0.159842 0.436008
0.129558 0.402847
0.0720262 0.389737
0.0633109 0.348656
0.0768689 0.262679
0.0694369 0.25082
0.0404562 0.308026
0.135379 0.342355
0.113925 0.283307
0.0915843 0.314599
0.121236 0.303703
0.118142 0.349943
0.197205 0.370773
0.0879227 0.418598
0.096981 0.350189
0.124585 0.421765
0.10165 0.400758
0.148799 0.33911
0.0618184 0.434177
0.145133 0.447999
0.11407 0.34503
0.225362 0.406516
0.0701698 0.395234
0.131224 0.41172
0.0811772 0.411082
0.0460657 0.382472
0.0574227 0.3994
0.075445 0.429104
0.103677 0.410676
0.0753167 0.435832
0.0526956 0.455336
0.0825393 0.443002
0.117736 0.415766
0.103204 0.377308
0.145843 0.389297
0.11238 0.403997
0.185364 0.33749
0.152359 0.393071
0.192662 0.354955
0.0882259 0.4238
0.188922 0.374317
0.130271 0.36307
0.0855579 0.415179
0.090918 0.397288
0.220637 0.474532
0.17958 0.405615
0.0976288 0.417555
0.22012 0.476409
0.188428 0.446048
0.0936556 0.46755
0.158407 0.446556
0.0476375 0.390833
0.162936 0.470411
0.169595 0.411598
0.200238 0.359901
0.106052 0.293503
0.105937 0.318923
0.120637 0.370312
0.0813984 0.414086
0.0624252 0.381375
0.0159337 0.449876
0.020637 0.452673
0.0432181 0.401496
0.0971414 0.358524
0.0700346 0.348503
0.0728579 0.35965
0.0587216 0.404318
0.0754824 0.397396
0.0765685 0.447709
0.0420282 0.399785
0.114217 0.355275
0.0585663 0.372925
0.0592311 0.381411
0.124139 0.370562
0.142329 0.329795
0.11832 0.318116
0.058362 0.355366
0.098451 0.329879
0.115877 0.338065
0.0617015 0.457902
0.0998713 0.397008
0.145459 0.423988
0.167833 0.406714
0.0921384 0.377754
0.082212 0.383043
0.123158 0.404418
0.142839 0.357373
0.0908014 0.391284
0.0127614 0.358396
0.0718931 0.465755
0.0711412 0.429555
0.0418117 0.456756
0.147177 0.436196
0.124954 0.450168
0.13769 0.431641
0.130207 0.479954
0.101012 0.441283
0.19757 0.49705
0.230445 0.429674
0.183794 0.487023
0.204789 0.426768
0.139986 0.422116
0.0699911 0.410797
0.0536181 0.44134
0.0611621 0.418768
0.0747925 0.427745
0.083774 0.421053
0.0974443 0.312644
0.0476294 0.309609
0.0514433 0.321641
0.0665875 0.409487
0.0679503 0.400608
0.0464437 0.441266
0.0668991 0.420156
0.114963 0.449792
0.0713634 0.348406
0.0850877 0.387715
0.103137 0.405101
0.19469 0.40409
0.244673 0.421146
0.0382183 0.403199
0.162036 0.366025
0.0751013 0.376332
0.0516195 0.418004
0.158044 0.433492
0.0863419 0.463147
0.163199 0.432735
0.174851 0.411406
0.107248 0.440205
0.0915651 0.458316
0.0883139 0.333496
0.216111 0.3409
0.137749 0.312844
0.114797 0.351519
0.0991205 0.376851
0.0668934 0.396235
0.0851057 0.384893
0.13372 0.42993
0.0813365 0.382608
0.0883828 0.345513
0.238083 0.332142
0.090185 0.343195
0.0965968 0.356929
0.0904496 0.337294
0.0578641 0.329341
0.0713196 0.40809
0.124761 0.34566
0.090855 0.391254
0.015106 0.331797
0.0777197 0.438633
0.101857 0.418528
0.0856981 0.385451
0.0393382 0.437895
0.076998 0.406152
0.0106857 0.388252
0.0515763 0.346418
0.161007 0.318109
0.0184856 0.313015
0.165383 0.367908
0.0724828 0.386831
0.140035 0.352488
0.100767 0.399581
0.224369 0.382557
0.156704 0.440128
0.0412879 0.43584
0.136862 0.449574
0.125611 0.429084
0.183322 0.435435
0.150829 0.379285
0.164655 0.386261
0.200478 0.359128
0.147475 0.413197
0.229468 0.395729
0.140531 0.414897
0.103537 0.337537
0.122056 0.363657
0.0523755 0.370736
0.0779045 0.389424
0.061217 0.273237
0.0547572 0.385611
0.062917 0.330752
0.0275218 0.351897
0.0781532 0.370807
0.0631415 0.470764
0.0433281 0.319062
0.153691 0.222694
0.134736 0.244806
0.271039 0.33246
0.176117 0.361907
0.272864 0.421615
0.32768 0.420638
0.266461 0.466398
0.270568 0.457881
0.284011 0.393231
0.150266 0.419943
0.214569 0.373647
0.162974 0.373224
0.162891 0.416323
0.171827 0.406635
0.183581 0.342974
0.156217 0.389459
0.0961738 0.332066
0.107637 0.380062
0.200223 0.397402
0.122739 0.391118
0.139855 0.435752
0.0836036 0.412966
0.0581107 0.429385
0.0641747 0.439734
0.110632 0.459132
0.0353384 0.483365
0.11465 0.409284
0.115301 0.369479
0.129949 0.442473
0.0884483 0.430867
0.135642 0.492864
0.134683 0.427429
0.109951 0.406266
0.12673 0.444389
0.0129654 0.337502
0.0498226 0.366569
0.068258 0.371001
0.137479 0.318852
0.0932892 0.4037
0.0407954 0.356684
0.182036 0.301499
0.203307 0.304146
0.143959 0.274644
0.164521 0.22707
0.140845 0.379476
0.100601 0.344384
0.159874 0.301136
0.107304 0.274563
0.0507231 0.275839
0.0914801 0.286804
0.106216 0.261107
0.0589515 0.310508
0.0951811 0.317704
0.0501745 0.308688
0.0490384 0.340052
0.144319 0.30248
0.123637 0.36345
0.171792 0.291558
0.0780738 0.287758
0.0220348 0.313847
0.0769954 0.344148
0.126248 0.284496
0.167486 0.391112
0.123465 0.315918
0.147525 0.272885
0.138954 0.352048
0.197969 0.361492
0.162488 0.319324
0.128275 0.30071
0.0914566 0.231182
0.134447 0.275399
0.0959025 0.389404
0.101848 0.385208
0.0579227 0.375146
0.170032 0.422881
0.152413 0.416657
0.167097 0.461992
0.0594376 0.374237
0.0556079 0.3448
0.145426 0.395058
0.106602 0.370925
0.126005 0.372984
0.0751317 0.390302
0.0713547 0.409356
0.0802679 0.40272
0.135466 0.42413
0.0475397 0.342482
0.0296683 0.354795
0.123675 0.422248
0.177642 0.439672
0.0501633 0.403572
0.132313 0.416319
0.159751 0.443742
0.056946 0.451957
0.0535717 0.476198
0.116361 0.432747
0.118343 0.422898
0.0544493 0.410394
0.0497655 0.427725
0.0814449 0.419275
0.218491 0.328215
0.031766 0.384768
0.0229835 0.382713
0.0961303 0.343859
0.0661417 0.363031
0.114658 0.395421
0.0662152 0.391588
0.0613925 0.33254
0.0355762 0.322726
0.0910381 0.318681
0.114109 0.377409
0.193803 0.442394
0.165072 0.376887
0.0564471 0.403572
0.0093599 0.423611
0.11596 0.35761
0.0610704 0.417211
0.0419089 0.417869
0.0322676 0.383201
0.0734687 0.373335
0.107192 0.351526
0.0719903 0.301573
0.10389 0.336976
0.184914 0.386498
0.0536151 0.469286
0.190558 0.375195
0.137013 0.341669
0.130818 0.323045
0.143249 0.3041
0.121983 0.347836
0.0874994 0.359921
0.134412 0.392814
0.174459 0.314991
0.225863 0.417518
0.244147 0.457736
0.155632 0.403759
0.226935 0.448281
0.234328 0.41882
0.178313 0.335661
0.137704 0.347216
0.142694 0.385018
0.168839 0.349216
0.11342 0.318354
0.0398384 0.337615
0.0817014 0.391687
0.0635561 0.366894
0.0518003 0.41064
0.052396 0.372511
0.106784 0.361426
0.166902 0.410617
0.161773 0.481235
0.183788 0.423716
0.0666427 0.42055
0.0401044 0.377237
0.278496 0.451579
0.191204 0.354313
0.373223 0.389215
0.219605 0.442717
0.14038 0.401187
0.271373 0.447467
0.120844 0.455645
0.141995 0.345978
0.218288 0.288927
0.202038 0.302208
0.0580694 0.347626
0.0578923 0.31501
0.0657298 0.343052
0.073489 0.307074
0.117033 0.375757
0.146261 0.276478
0.232888 0.282252
0.162136 0.367145
0.178333 0.340224
0.088004 0.308317
0.16483 0.219039
0.161828 0.293392
0.143185 0.296948
0.110655 0.298881
0.0520244 0.305487
0.0446935 0.310279
0.119538 0.356985
0.0307498 0.2776
0.109635 0.252942
0.174769 0.310167
0.208325 0.241396
0.130914 0.420629
0.118438 0.307074
0.15443 0.237753
0.106425 0.407322
0.129617 0.353948
0.0939654 0.314743
0.0706219 0.322455
0.124767 0.328286
0.0683524 0.293873
0.0277411 0.349967
0.107942 0.38771
0.0722937 0.417402
0.136437 0.407243
0.11408 0.406998
0.0387065 0.409956
0.100804 0.479527
0.0672889 0.405028
0.150369 0.399103
0.0827537 0.416384
0.0383606 0.362906
0.133221 0.359086
0.119619 0.355424
0.113069 0.325099
0.0482884 0.432312
0.0468763 0.389288
0.049799 0.383376
0.0739222 0.425503
0.0976274 0.406637
0.0946576 0.384227
0.0278176 0.473719
0.0696135 0.443289
0.0506018 0.448732
0.148036 0.336468
0.129041 0.365512
0.089899 0.339512
0.172458 0.316437
0.156798 0.377653
0.226817 0.323697
0.137096 0.385136
0.0676081 0.367989
0.186994 0.423188
0.216555 0.458019
0.169968 0.453158
0.17538 0.430525
0.232445 0.382953
0.151739 0.372832
0.217914 0.345898
0.145639 0.373413
0.149113 0.450014
0.106305 0.388529
0.167525 0.462359
0.13704 0.444766
0.130755 0.391663
0.240752 0.368872
0.16051 0.388108
0.235774 0.371866
0.208552 0.410069
0.221518 0.361444
0.152057 0.369455
0.0831169 0.366447
0.020617 0.348321
0.150454 0.323061
0.0645594 0.323403
0.115235 0.333252
0.110077 0.366725
0.109528 0.372948
0.176964 0.327014
0.210496 0.38428
0.222248 0.336157
0.153738 0.418124
0.187134 0.355724
0.192215 0.342645
0.157669 0.400934
0.162483 0.413859
0.0626887 0.400896
0.0768799 0.378195
0.184062 0.360001
0.145533 0.415143
0.0441783 0.47563
0.0332229 0.415232
0.118971 0.377516
0.074415 0.350364
0.0319781 0.36444
0.140313 0.424292
0.144749 0.383269
0.131978 0.443487
0.153447 0.480723
0.161171 0.361583
0.073582 0.407449
0.0811915 0.441337
0.0525357 0.422642
0.0666264 0.392513
0.0303116 0.388117
0.0179731 0.364372
0.112517 0.362192
0.0243962 0.413975
0.0345127 0.403574
0.0628479 0.382549
0.0250773 0.373655
0.107779 0.385343
0.0837866 0.336124
0.17737 0.400878
0.120776 0.442395
0.12527 0.39592
0.186051 0.389273
0.150647 0.370299
0.122984 0.428318
0.0399167 0.437046
0.0873809 0.393027
0.0319112 0.35253
0.0427221 0.400692
0.0076972 0.373012
0.0593389 0.354271
0.0609507 0.370295
0.0843711 0.315289
0.115775 0.332288
0.0961692 0.385237
0.0888929 0.441196
0.0316137 0.327716
0.0961391 0.339157
0.0954066 0.40082
0.0655221 0.402708
0.0183406 0.360731
0.103828 0.39187
0.150544 0.331418
0.131679 0.392519
0.0247233 0.343359
0.0533219 0.345483
0.0724033 0.360732
0.195672 0.352453
0.107087 0.433345
0.121067 0.404962
0.106494 0.402155
0.109901 0.404498
0.109497 0.390098
0.10594 0.324813
0.191882 0.332773
0.220368 0.269703
0.0971925 0.363127
0.137151 0.391198
0.203648 0.380405
0.12487 0.40717
0.0913265 0.354298
0.136315 0.424209
0.21885 0.281026
0.119055 0.377804
0.0466232 0.381855
0.16541 0.351413
0.139116 0.344229
0.0744486 0.339581
0.264534 0.277012
0.176235 0.291711
0.222524 0.257013
0.0958263 0.264089
0.109332 0.290343
0.100757 0.352058
0.107336 0.28565
0.0531127 0.356315
0.0449869 0.282236
0.0424468 0.374053
0.0705053 0.332699
0.0642059 0.373357
0.059162 0.317994
0.048965 0.316145
0.077982 0.410249
0.0287957 0.422847
0.0548139 0.431945
0.06677 0.391961
0.242183 0.410822
0.173053 0.427494
0.125326 0.354853
0.124945 0.463862
0.196807 0.36377
0.226359 0.400917
0.209531 0.37235
0.227553 0.38547
0.208609 0.398041
0.164595 0.421404
0.158424 0.423476
0.13901 0.336496
0.128989 0.445303
0.104354 0.416955
0.0384773 0.347484
0.194636 0.306598
0.187669 0.395495
0.121482 0.308786
0.0846474 0.33951
0.0261297 0.371689
0.114441 0.360586
0.163791 0.322205
0.171971 0.320837
0.154798 0.234948
0.124913 0.33246
0.089838 0.322686
0.0990261 0.333836
0.109275 0.340594
0.166075 0.296875
0.198095 0.306566
0.11163 0.376173
0.0829638 0.324915
0.138 0.393517
0.204489 0.318029
0.141576 0.366233
0.058647 0.404782
0.0548785 0.388657
0.0663571 0.380345
0.0897166 0.41279
0.0313264 0.39543
0.0700211 0.294271
0.120177 0.385024
0.131516 0.333004
0.145742 0.293201
0.092665 0.341077
0.0974595 0.324116
0.152152 0.412181
0.103597 0.396786
0.083965 0.330553
0.171923 0.287556
0.177947 0.302694
0.151875 0.307679
0.0627968 0.317037
0.0869302 0.276545
0.0669412 0.360302
0.163321 0.35183
0.225733 0.34814
0.101852 0.406585
0.0818566 0.388506
0.0885129 0.392737
0.047927 0.425504
0.0888026 0.38047
0.0440701 0.382372
0.049868 0.369324
0.118259 0.408486
0.123672 0.394382
0.00961732 0.42576
0.0789241 0.435195
0.0786361 0.437874
0.0331717 0.359391
0.153376 0.38454
0.150546 0.377198
0.0860088 0.415762
0.17861 0.470955
0.138073 0.415206
0.0695821 0.321218
0.106858 0.37887
0.0388244 0.377666
0.0214347 0.382329
0.0492568 0.332836
0.0442544 0.315863
0.14864 0.312981
0.107598 0.413619
0.0514742 0.408698
0.128015 0.409523
0.0940098 0.391408
0.0809141 0.384857
0.112542 0.427271
0.0995133 0.373777
0.146749 0.343784
0.221127 0.456069
0.0827352 0.40298
0.0376755 0.403206
0.0793394 0.36982
0.085336 0.408456
0.172502 0.381541
0.0716775 0.393498
0.10516 0.382581
0.0825456 0.337063
0.0876584 0.388654
0.0392787 0.471098
0.068639 0.408462
0.105177 0.407923
0.0579026 0.407064
0.0245538 0.360214
0.0314827 0.299546
0.0778381 0.257399
0.157939 0.287871
0.0936569 0.269618
0.101585 0.21927
0.0112338 0.351415
0.0721212 0.293258
0.0474849 0.321146
0.0644656 0.339757
0.132916 0.201084
0.076853 0.207977
0.0305806 0.17302
0.101123 0.133975
0.0845426 0.189654
0.0832898 0.179656
0.0386443 0.269973
0.00792378 0.238432
0.0874495 0.216604
0.0386301 0.216436
0.0334246 0.282732
0.104869 0.239809
0.204204 0.230414
0.170813 0.186035
0.0364523 0.188257
0.0895625 0.19959
0.0796134 0.195014
0.0748635 0.194596
0.127949 0.0871775
0.0522116 0.166365
0.00762215 0.30485
0.0175598 0.323968
0.128877 0.197918
0.169152 0.274823
0.0485745 0.287528
0.0627184 0.330149
0.0751584 0.316269
0.0415321 0.335337
0.0143819 0.406517
0.131504 0.315558
0.161459 0.422582
0.110775 0.36418
0.146833 0.310179
0.148472 0.318283
0.137717 0.388993
0.243408 0.417022
0.187547 0.327335
0.201203 0.364102
0.177596 0.384033
0.109617 0.406343
0.0270058 0.396728
0.0314442 0.436974
0.0466818 0.436768
0.0874815 0.425267
0.05195 0.394848
0.058227 0.372897
0.0201494 0.398403
0.126313 0.455846
0.161923 0.440311
0.11535 0.487188
0.17424 0.437128
0.0829965 0.38103
0.149177 0.427834
0.214366 0.436224
0.07767 0.440297
0.1603 0.386913
0.23635 0.368596
0.0586633 0.347206
0.0433845 0.417838
0.0892246 0.387599
0.262969 0.445916
0.289416 0.482403
0.112257 0.438814
0.183073 0.427943
0.171504 0.388548
0.074391 0.384972
0.121762 0.390163
0.0844922 0.329768
0.0927425 0.254049
0.0613131 0.366201
0.0341437 0.377146
0.095726 0.391051
0.121615 0.358449
0.136018 0.339653
0.0800175 0.388523
0.109993 0.425811
0.171457 0.410405
0.152665 0.35576
0.170857 0.330763
0.100005 0.263668
0.115561 0.305396
0.230462 0.290282
0.115068 0.216536
0.199048 0.262997
0.169509 0.299787
0.154696 0.246532
0.126771 0.359434
0.0770184 0.296185
0.144964 0.304664
0.0652351 0.333536
0.142664 0.308228
0.0372227 0.324064
0.147895 0.333363
0.0331184 0.355147
0.230142 0.278073
0.132824 0.299366
0.22838 0.358171
0.155136 0.357921
0.215766 0.385166
0.181567 0.342758
0.0980263 0.353235
0.0729925 0.369143
0.0804455 0.309779
0.058731 0.322524
0.0457337 0.37215
0.0133379 0.327638
0.041668 0.302488
0.0969159 0.354917
0.124752 0.336367
0.143021 0.396857
0.258535 0.388775
0.163507 0.436274
0.09477 0.400743
0.12546 0.376968
0.0236028 0.390879
0.116655 0.378478
0.138255 0.382462
0.17869 0.400198
0.199251 0.377369
0.0367748 0.32655
0.109884 0.2367
0.0923119 0.251202
0.102411 0.300606
0.102667 0.344024
0.11278 0.310954
0.121532 0.329428
0.066284 0.315254
0.0768503 0.33057
0.164579 0.301721
0.180298 0.336605
0.103656 0.313903
0.151804 0.322572
0.181414 0.326531
0.163256 0.242734
0.119102 0.218939
0.102027 0.339328
0.061322 0.306656
0.0633507 0.257202
0.0325044 0.289913
0.0224329 0.278964
0.121333 0.334916
0.119955 0.35831
0.194409 0.358515
0.250243 0.436243
0.161535 0.437412
0.152511 0.443876
0.150389 0.423539
0.120225 0.35164
0.249323 0.384444
0.121943 0.3802
0.118511 0.388605
0.061233 0.411893
0.0780418 0.432755
0.0704828 0.35284
0.16031 0.43071
0.148707 0.418161
0.13007 0.391046
0.0887921 0.325926
0.0232001 0.381992
0.0804616 0.386824
0.118163 0.449129
0.0583881 0.430905
0.0190418 0.446894
0.00614039 0.386143
0.0292504 0.383139
0.0441315 0.353391
0.148843 0.35977
0.233693 0.359812
0.14939 0.364942
0.210283 0.371485
0.207761 0.376814
0.229566 0.396564
0.209091 0.449301
0.292522 0.398418
0.202098 0.398773
0.241608 0.350104
0.145697 0.342189
0.112244 0.401771
0.204071 0.425957
0.216991 0.480922
0.193752 0.459946
0.0677066 0.450185
0.128205 0.463707
0.241058 0.418216
0.161113 0.370503
0.21436 0.41022
0.229717 0.439707
0.152258 0.401193
0.0720143 0.389359
0.0402217 0.40641
0.0832029 0.427916
0.0718673 0.451158
0.0793806 0.424285
0.16246 0.395573
0.0798274 0.455809
0.05439 0.374246
0.0373511 0.365674
0.114692 0.417703
0.176848 0.453941
0.164832 0.388815
0.209357 0.417803
0.108701 0.3511
0.116912 0.367317
0.058256 0.3652
0.0960631 0.42804
0.0489874 0.472221
0.0761856 0.444873
0.0555736 0.372194
0.184721 0.417919
0.118455 0.339596
0.137826 0.359779
0.211432 0.402
0.162122 0.418953
0.157767 0.420139
0.15056 0.411075
0.235329 0.397116
0.151546 0.402575
0.286499 0.345372
0.301731 0.456231
0.260785 0.413779
0.285925 0.428714
0.186367 0.461808
0.144386 0.443602
0.0614279 0.444146
0.14409 0.457787
0.062602 0.467954
0.134367 0.449184
0.218397 0.376857
0.0848156 0.412844
0.150293 0.41614
0.104535 0.436003
0.0211198 0.41017
0.106692 0.457229
0.0602006 0.38638
0.0751416 0.397403
0.073703 0.355807
0.0760877 0.409372
0.0583732 0.415123
0.0659833 0.427918
0.0631076 0.388168
0.0841249 0.311112
0.089371 0.443924
0.113318 0.422887
0.0686218 0.440279
0.0209324 0.372165
0.0814782 0.389553
0.0858571 0.358308
0.107836 0.409418
0.164626 0.380957
0.10963 0.456683
0.118677 0.406917
0.0504627 0.368242
0.0928333 0.425278
0.0615715 0.408892
0.10043 0.404304
0.0688924 0.360783
0.213568 0.38844
0.183697 0.351264
0.121353 0.409456
0.109006 0.397969
0.0901174 0.351315
0.0856703 0.295894
0.0714636 0.313769
0.12032 0.355619
0.0550156 0.371803
0.0135535 0.316048
0.0780308 0.355555
0.149662 0.307481
0.100658 0.313274
0.103713 0.338749
0.16356 0.390792
0.132883 0.34489
0.0706281 0.413574
0.0774335 0.384188
0.123654 0.390845
0.14798 0.412174
0.0920433 0.327003
0.116945 0.353428
0.10956 0.326049
0.0995446 0.392313
0.0589265 0.327224
0.116484 0.357826
0.15286 0.265665
0.135219 0.36617
0.0278452 0.371655
0.057886 0.407077
0.0533767 0.415397
0.0859851 0.444461
0.0318981 0.40884
0.0840808 0.42975
0.162007 0.442029
0.0443456 0.389004
0.177939 0.451402
0.128958 0.37848
0.183574 0.421475
0.114949 0.37921
0.0594504 0.388419
0.101823 0.386386
0.116229 0.330661
0.138276 0.348112
0.0697394 0.379943
0.159726 0.373209
0.167047 0.349091
0.0936585 0.348688
0.148804 0.408372
0.0435432 0.368886
0.107576 0.408491
0.148135 0.376091
0.0545332 0.342005
0.0162662 0.352558
0.0489481 0.414133
0.127985 0.411537
0.0721886 0.36025
0.0373019 0.382114
0.0575921 0.487014
0.16628 0.458638
0.0567711 0.432278
0.0858749 0.344386
0.207361 0.386114
0.230262 0.388504
0.242015 0.421699
0.226075 0.410655
0.257365 0.3944
0.147474 0.324156
0.0545531 0.428725
0.0809234 0.408199
0.0194725 0.434858
0.0555365 0.336272
0.0196385 0.467075
0.107418 0.46701
0.153033 0.468047
0.279595 0.425129
0.309081 0.398672
0.289782 0.40455
0.215836 0.401388
0.216537 0.31636
0.255529 0.409248
0.174835 0.332471
0.260852 0.373175
0.29824 0.351048
0.220251 0.405239
0.211106 0.44699
0.25765 0.412811
0.180765 0.382991
0.190065 0.468147
0.138442 0.413293
0.119835 0.460941
0.229923 0.403715
0.142562 0.374708
0.145337 0.440608
0.167504 0.370183
0.17089 0.404344
0.183968 0.427708
0.141669 0.375053
0.0687823 0.394628
0.119295 0.467909
0.113121 0.354389
0.160516 0.391098
0.0490133 0.408031
0.050144 0.371896
0.0467323 0.443397
0.106977 0.342114
0.103763 0.43497
0.088946 0.437612
0.121621 0.404598
0.136194 0.412691
0.127045 0.349756
0.136183 0.433748
0.166685 0.417158
0.195075 0.454584
0.161439 0.454155
0.204713 0.380342
0.170876 0.454826
0.246904 0.456526
0.210064 0.367793
0.203767 0.429867
0.238329 0.314138
0.144703 0.365114
0.162442 0.42661
0.0971439 0.415515
0.0265659 0.415091
0.0717875 0.399621
0.0287099 0.448377
0.0730221 0.382052
0.0402959 0.410286
0.0322087 0.401211
0.0270539 0.399933
0.0177583 0.47086
0.041655 0.442144
0.0405317 0.385036
0.147583 0.379814
0.108791 0.367578
0.0785769 0.402651
0.0530424 0.383501
0.0784022 0.407775
0.126203 0.352075
0.0364647 0.336147
0.0830081 0.328097
0.0462673 0.298657
0.0732074 0.242157
0.0581499 0.248258
0.206691 0.260495
0.110822 0.235646
0.0515702 0.253997
0.0654565 0.304966
0.0938583 0.270653
0.0750373 0.277577
0.0690756 0.253985
0.11224 0.310037
0.0446013 0.346898
0.0734683 0.405947
0.0405635 0.311897
0.018712 0.3199
0.120881 0.343428
0.1152 0.367688
0.170525 0.41971
0.0935705 0.316146
0.0532917 0.26533
0.0861963 0.290017
0.097838 0.273386
0.0952114 0.2514
0.035802 0.268231
0.106592 0.275668
0.133445 0.371928
0.0957082 0.329277
0.0982209 0.350624
0.102323 0.344381
0.199673 0.342563
0.233836 0.341908
0.202772 0.341116
0.199748 0.274135
0.199733 0.299246
0.228994 0.356952
0.250752 0.407879
0.169441 0.280806
0.215325 0.356863
0.122088 0.332719
0.126398 0.374921
0.0772124 0.332067
0.0471427 0.324645
0.0790527 0.27624
0.139003 0.294196
0.244063 0.262961
0.0769943 0.273552
0.164417 0.299151
0.221046 0.295214
0.0282977 0.291829
0.149874 0.426432
0.103816 0.43264
0.0351063 0.422985
0.13113 0.376103
0.123492 0.340857
0.0144674 0.43023
0.0767544 0.407079
0.0639267 0.383289
0.0346617 0.408239
0.02994 0.402997
0.0475927 0.408844
0.0226483 0.387969
0.0554457 0.413375
0.0800082 0.370627
0.0430367 0.423362
0.0846227 0.371244
0.0852458 0.37941
0.0512001 0.39239
0.0750498 0.342905
0.0695044 0.345183
0.0771433 0.375507
0.106155 0.399421
0.0312909 0.452664
0.0580952 0.399086
0.0638889 0.44033
0.0745214 0.398048
0.0585615 0.454993
0.0405053 0.364386
0.0718557 0.338165
0.077729 0.411814
0.116512 0.395394
0.0223757 0.401581
0.0983418 0.459449
0.117694 0.396466
0.181995 0.378819
0.186403 0.3657
0.161015 0.375785
0.176366 0.34985
0.157129 0.290884
0.157506 0.312003
0.160841 0.361315
0.163036 0.372447
0.225818 0.401061
0.116979 0.366662
0.0776963 0.365889
0.159204 0.403332
0.0776972 0.357485
0.0822787 0.408451
0.190056 0.397814
0.139358 0.357084
0.0827012 0.408068
0.0616912 0.42471
0.113426 0.386364
0.0948709 0.335387
0.0216408 0.379051
0.0417893 0.40362
0.0396142 0.451188
0.125884 0.437981
0.165582 0.415727
0.0895952 0.430548
0.0108296 0.346568
0.13117 0.333739
0.0210664 0.382725
0.113017 0.396117
0.0790441 0.354113
0.057043 0.432809
0.0972565 0.406226
0.121154 0.380448
0.119365 0.381216
0.0905088 0.424565
0.108637 0.391936
0.155106 0.438208
0.0878609 0.406332
0.13189 0.380559
0.0904215 0.415065
0.114115 0.386248
0.127924 0.358268
0.121393 0.34103
0.144051 0.284859
0.147397 0.365553
0.139435 0.341091
0.17708 0.376654
0.107115 0.37491
0.140283 0.393607
0.0901396 0.421276
0.0491837 0.435734
0.0706426 0.288394
0.133565 0.393372
0.13581 0.387361
0.0961127 0.444418
0.225143 0.421893
0.114317 0.396589
0.204563 0.367703
0.247785 0.327497
0.236145 0.408561
0.119425 0.395468
0.258477 0.351946
0.127454 0.354932
0.0642142 0.298406
0.0700877 0.330482
0.105236 0.254012
0.0388639 0.25123
0.0831547 0.311933
0.0311813 0.251036
0.0824073 0.341267
0.0400899 0.380951
0.136771 0.345532
0.167829 0.39016
0.166023 0.413658
0.128387 0.326455
0.119592 0.386429
0.110868 0.43974
0.129362 0.396945
0.0170905 0.402891
0.112127 0.321495
0.0943857 0.294728
0.151665 0.327481
0.0414182 0.352275
0.0882034 0.335065
0.0607247 0.35227
0.0739819 0.353816
0.105935 0.342714
0.190867 0.39152
0.169405 0.305992
0.120076 0.359475
0.191492 0.330014
0.179764 0.264653
0.0870904 0.302287
0.20127 0.341417
0.210215 0.33194
0.104116 0.389143
0.100736 0.353438
0.0365371 0.388868
0.116937 0.394385
0.0547065 0.476053
0.0758623 0.339232
0.139602 0.384111
0.127731 0.380907
0.0357777 0.430917
0.0966391 0.334192
0.109614 0.286822
0.120221 0.272988
0.133878 0.348744
0.102856 0.380812
0.0870749 0.353398
0.0906537 0.294948
0.154165 0.359526
0.194705 0.353556
0.0430519 0.424359
0.0558085 0.335826
0.0415274 0.3399
0.0984679 0.279071
0.116732 0.444838
0.0375646 0.339675
0.0746555 0.48652
0.0811258 0.469026
0.0567314 0.381569
0.0597902 0.464694
0.0430182 0.410816
0.0865356 0.343356
0.0645424 0.370627
0.106545 0.328041
0.0556957 0.265189
0.101492 0.305221
0.0864503 0.272774
0.14222 0.311356
0.165874 0.353765
0.0652526 0.334727
0.0643372 0.380172
0.0842709 0.370985
0.0598221 0.451162
0.0714729 0.397458
0.0702899 0.344046
0.114852 0.410354
0.15702 0.418807
0.13236 0.34381
0.0477569 0.358788
0.147046 0.381738
0.134297 0.339867
0.104927 0.303443
0.0324025 0.313197
0.102367 0.412387
0.15867 0.352155
0.0822673 0.421479
0.093771 0.318968
0.0844093 0.394512
0.0937818 0.260904
0.029171 0.337647
0.030877 0.42615
0.0657623 0.373075
0.0841053 0.400715
0.0631741 0.408403
0.0509096 0.36103
0.0902706 0.37362
0.0215274 0.347944
0.0315535 0.273892
0.0503916 0.302179
0.0654745 0.270461
0.123734 0.342362
0.103789 0.322375
0.0052411 0.352695
0.079135 0.26712
0.0436026 0.266878
0.0992497 0.350901
0.0911968 0.309207
0.0298439 0.256501
0.145607 0.33848
0.11575 0.340427
0.139136 0.324578
0.0820247 0.365202
0.137721 0.406187
0.0790734 0.438911
0.101355 0.399965
0.0332454 0.433963
0.117484 0.489615
0.0643191 0.48747
0.0617822 0.46312
0.00868938 0.446848
0.102976 0.357961
0.0836315 0.428615
0.0234085 0.442282
0.1424 0.464687
0.0908641 0.453291
0.0923288 0.426124
0.0854835 0.421004
0.0783681 0.397806
0.122878 0.37848
0.0726654 0.381091
0.173405 0.354416
0.0864697 0.354476
0.060064 0.378305
0.141245 0.416351
0.145889 0.399231
0.163523 0.380043
0.19865 0.359194
0.185419 0.371904
0.0491937 0.358819
0.150991 0.344147
0.0895072 0.336482
0.0907533 0.362001
0.0434228 0.372043
0.109443 0.431847
0.105671 0.42376
0.0883696 0.431566
0.0314254 0.371763
0.233675 0.364589
0.150448 0.423841
0.0436992 0.416677
0.0630954 0.44059
0.125379 0.406339
0.0581217 0.405574
0.0879807 0.487452
0.109617 0.408681
0.139759 0.433178
0.051843 0.394416
0.0851231 0.354047
0.0908958 0.268796
0.173509 0.253009
0.195416 0.317218
0.211109 0.338768
0.0886635 0.367513
0.0977452 0.327432
0.0782299 0.424192
0.161183 0.359036
0.110628 0.293495
0.161956 0.340621
0.0420387 0.33511
0.0371595 0.409545
0.135242 0.423972
0.0837121 0.414974
0.042415 0.392267
0.152946 0.399251
0.0921884 0.451243
0.214396 0.414068
0.0774994 0.345794
0.13273 0.346094
0.0432556 0.369833
0.121621 0.343445
0.15109 0.407541
0.105197 0.337915
0.0631583 0.370603
0.121513 0.410357
0.0435728 0.433733
0.0508944 0.437155
0.128334 0.379328
0.102507 0.485858
0.202243 0.423401
0.123379 0.415945
0.19536 0.393287
0.155861 0.379381
0.0371861 0.360393
0.0492462 0.404292
0.0738748 0.382032
0.0363933 0.383072
0.0857111 0.377162
0.158994 0.388447
0.169501 0.3323
0.185319 0.376896
0.148421 0.369793
0.218822 0.365027
0.181195 0.391316
0.213688 0.36715
0.129614 0.386779
0.215123 0.4518
0.0848636 0.440574
0.14406 0.41927
0.144617 0.367977
0.112133 0.433993
0.0896707 0.424549
0.091278 0.325924
0.113155 0.383517
0.102873 0.336431
0.0301793 0.378313
0.01919 0.451059
0.162558 0.454225
0.0453552 0.411309
0.0455282 0.399254
0.0870604 0.403994
0.0863771 0.427527
0.040859 0.431623
0.0534012 0.460778
0.056979 0.364403
0.106284 0.482195
0.0476252 0.421643
0.106872 0.464419
0.0842256 0.468312
0.0476378 0.411835
0.174297 0.358386
0.153459 0.384703
0.0670297 0.357679
0.134668 0.4314
0.183691 0.439662
0.178151 0.368633
0.137809 0.459424
0.0571592 0.374719
0.115078 0.420356
0.0982351 0.407641
0.0843413 0.379624
0.157368 0.416364
0.157215 0.370957
0.133433 0.451403
0.1566 0.431304
0.229785 0.400064
0.276026 0.356672
0.221563 0.443296
0.286289 0.332005
0.26468 0.424104
0.22911 0.375562
0.14645 0.394502
0.16969 0.403728
0.192968 0.410652
0.129494 0.368852
0.149589 0.405155
0.177467 0.437481
0.174377 0.50872
0.113225 0.421394
0.0925876 0.376042
0.179192 0.354169
0.0410212 0.455624
0.105119 0.439924
0.101288 0.439638
0.0932294 0.352954
0.0962504 0.421962
0.13092 0.398408
0.13876 0.433822
0.0743873 0.387626
0.129902 0.44519
0.192735 0.425064
0.142295 0.343031
0.166348 0.368485
0.197718 0.435057
0.0710617 0.361612
0.1225 0.337781
0.141316 0.365257
0.0656199 0.398211
0.150417 0.341545
0.0453796 0.448816
0.105072 0.442525
0.033907 0.45082
0.0364519 0.422094
0.0304997 0.400924
0.0699188 0.428778
0.106103 0.372175
0.150818 0.386614
0.0835486 0.326748
0.0766164 0.330195
0.108715 0.37501
0.113999 0.338819
0.126344 0.369529
0.0745712 0.349996
0.0683392 0.3218
0.0997096 0.392195
0.0705724 0.417115
0.113274 0.430764
0.0661629 0.391064
0.0270811 0.349125
0.0824305 0.463589
0.0970743 0.43552
0.0108124 0.352635
0.097997 0.406516
0.164126 0.356494
0.156007 0.346971
0.0906576 0.404117
0.11812 0.430637
0.203821 0.392196
0.0657757 0.429436
0.100113 0.459007
0.0507109 0.463839
0.0827312 0.434645
0.0655986 0.401324
0.063906 0.427269
0.0553319 0.41592
0.0506032 0.393578
0.0277367 0.37495
0.0486097 0.379018
0.055801 0.425836
0.0656687 0.415565
0.09387 0.423768
0.0334031 0.440798
0.0404784 0.392541
0.0316486 0.387743
0.0978314 0.437998
0.0971037 0.361067
0.0865333 0.329049
0.123333 0.379473
0.14032 0.362659
0.0329419 0.380339
0.0930679 0.373404
0.0994048 0.451157
0.0762187 0.37694
0.107824 0.391469
0.085321 0.317515
0.0486694 0.360439
0.0209757 0.349107
0.15752 0.295463
0.0762484 0.311849
0.0410623 0.245128
0.101828 0.276979
0.0572667 0.309258
0.0364921 0.212568
0.0909356 0.203578
0.0695287 0.13081
0.118901 0.187738
0.19345 0.247456
0.208796 0.330614
0.168317 0.265239
0.111616 0.303132
0.143104 0.334161
0.0819867 0.356308
0.0626477 0.259314
0.0831083 0.347755
0.0934768 0.293552
0.0465296 0.359972
0.0261287 0.379782
0.0310306 0.393366
0.0510053 0.363727
0.0235225 0.359938
0.0475978 0.313259
0.0415014 0.281988
0.0526044 0.289228
0.120482 0.314991
0.083215 0.344108
0.0836333 0.274592
0.0683623 0.362226
0.074203 0.379865
0.185057 0.341815
0.281868 0.323957
0.185328 0.394211
0.118695 0.37588
0.138694 0.40013
0.136988 0.425194
0.100941 0.411035
0.174411 0.369518
0.221263 0.375347
0.254142 0.34681
0.236798 0.367127
0.179633 0.366011
0.0775759 0.404556
0.128647 0.364285
0.107991 0.445576
0.151945 0.3971
0.0945295 0.453301
0.0469587 0.453106
0.0725338 0.433149
0.105538 0.403729
0.103274 0.427576
0.134536 0.416763
0.0836879 0.3893
0.0884907 0.377207
0.0569003 0.366341
0.0621834 0.345898
0.0561345 0.373105
0.0445033 0.312052
0.0386735 0.299518
0.0320483 0.329665
0.107793 0.364177
0.104448 0.293401
0.0705494 0.338119
0.196905 0.35732
0.212016 0.366114
0.0503038 0.300991
0.171399 0.225317
0.177039 0.314022
0.0978355 0.344176
0.11808 0.354781
0.122825 0.403201
0.119658 0.378228
0.0172578 0.343162
0.0184371 0.408331
0.0880421 0.383453
0.195436 0.359598
0.0176837 0.364013
0.0767836 0.354702
0.155062 0.362529
0.135965 0.412354
0.158369 0.459966
0.118915 0.376689
0.17998 0.398832
0.050383 0.357761
0.0620975 0.414924
0.140835 0.415377
0.0380168 0.397535
0.116268 0.322647
0.0914411 0.256106
0.0286519 0.296356
0.134692 0.152016
0.0105636 0.142343
0.0648609 0.192287
0.117665 0.175431
0.096989 0.198322
0.127612 0.24222
0.0889377 0.232898
0.063762 0.283894
0.0891903 0.3559
0.128106 0.354563
0.102956 0.30436
0.0848069 0.374376
0.128427 0.393982
0.0745358 0.38198
0.217427 0.395395
0.198245 0.377603
0.0901139 0.31904
0.0766087 0.395196
0.0742983 0.366744
0.0338918 0.323655
0.0523622 0.413234
0.198141 0.358853
0.200458 0.37259
0.0933055 0.315032
0.0651552 0.442621
0.0812385 0.431584
0.117169 0.492244
0.227508 0.447027
0.137592 0.436587
0.102108 0.423745
0.0241627 0.429595
0.0989806 0.419272
0.083257 0.447509
0.227177 0.369713
0.14316 0.401414
0.209083 0.373946
0.115004 0.43708
0.236238 0.452773
0.188458 0.312604
0.166969 0.305044
0.104146 0.342894
0.0808137 0.422767
0.0653467 0.393446
0.101804 0.423811
0.0944955 0.306188
0.106824 0.244542
0.0693121 0.363555
0.023605 0.244936
0.0552547 0.383989
0.0492333 0.425315
0.0841663 0.3924
0.151549 0.373143
0.0983431 0.374967
0.063991 0.391911
0.164694 0.367623
0.116549 0.424874
0.172066 0.434415
0.0806237 0.408763
0.0664788 0.383058
0.111469 0.427064
0.112265 0.406479
0.158506 0.45701
0.00811507 0.435686
0.0949254 0.373036
0.0192944 0.452303
0.0137737 0.384054
0.152669 0.463921
0.163575 0.380734
0.0941559 0.424702
0.135377 0.401773
0.0420502 0.347758
0.0299851 0.323987
0.0648775 0.313086
0.0678619 0.368992
0.118351 0.346365
0.110289 0.348009
0.15361 0.44027
0.14209 0.39136
0.177919 0.402561
0.0940147 0.339471
0.182867 0.376952
0.0823432 0.373671
0.14729 0.413521
0.147134 0.395895
0.0598632 0.404613
0.0457334 0.313638
0.100779 0.374266
0.0968382 0.370007
0.0998599 0.349734
0.127659 0.33763
0.116765 0.39904
0.0989522 0.401085
0.156854 0.34477
0.156332 0.326588
0.268992 0.326403
0.22201 0.350213
0.261272 0.365937
0.228797 0.39395
0.310139 0.443822
0.211347 0.361514
0.242193 0.440396
0.267714 0.428297
0.27802 0.456012
0.268742 0.415304
0.144367 0.419901
0.2324 0.435548
0.178246 0.358418
0.230902 0.339846
0.173593 0.331454
0.233936 0.339454
0.13969 0.364793
0.110059 0.359467
0.108977 0.31787
0.0513319 0.384977
0.186856 0.418237
0.148907 0.397759
0.112122 0.370445
0.051963 0.326309
0.105233 0.395872
0.0822211 0.355224
0.165942 0.327832
0.0840858 0.3436
0.0905094 0.352798
0.174101 0.384364
0.0812115 0.38387
0.0960196 0.419069
0.0871506 0.333289
0.0253756 0.395481
0.081571 0.341109
0.0774556 0.272844
0.0175876 0.258103
0.130752 0.347511
0.0368939 0.345761
0.0219359 0.267953
0.038879 0.409995
0.0284396 0.413046
0.067707 0.351987
0.156901 0.408636
0.140154 0.400419
0.219005 0.382445
0.12081 0.409277
0.122825 0.406418
0.116523 0.365521
0.142173 0.372888
0.141389 0.3654
0.128817 0.36603
0.0936639 0.427082
0.122583 0.365641
0.0522436 0.354366
0.0651121 0.371001
0.0876263 0.438115
0.119038 0.393761
0.105364 0.420159
0.0428321 0.407458
0.0963935 0.392082
0.0833107 0.420797
0.0660861 0.362376
0.195267 0.332298
0.187308 0.454443
0.0803376 0.422335
0.153924 0.383562
0.148986 0.417226
0.17648 0.38448
0.0619845 0.431831
0.122146 0.384508
0.0936173 0.428027
0.0593997 0.378509
0.0145423 0.448633
0.0404313 0.368933
0.107136 0.415076
0.0669491 0.433253
0.0807269 0.413045
0.116755 0.428363
0.0618101 0.482302
0.106925 0.433725
0.216785 0.420858
0.139182 0.405371
0.124557 0.398483
0.047128 0.403091
0.0875903 0.419321
0.0293864 0.416604
0.0758788 0.449064
0.0746422 0.403895
0.0804832 0.413425
0.178796 0.458001
0.216993 0.386152
0.0258338 0.425587
0.139271 0.430068
0.125319 0.413663
0.127126 0.381566
0.0861167 0.432079
0.108714 0.369769
0.161568 0.339477
0.123345 0.34899
0.17155 0.416224
0.199378 0.311779
0.216368 0.396902
0.14385 0.408626
0.232048 0.373675
0.246665 0.415137
0.236893 0.414753
0.243516 0.402845
0.212565 0.424419
0.221277 0.36885
0.219808 0.44468
0.319295 0.459442
0.332308 0.396478
0.225133 0.426446
0.260388 0.456276
0.128412 0.405332
0.251151 0.462765
0.154454 0.440422
0.161657 0.46099
0.14485 0.445976
0.156925 0.455637
0.126999 0.449409
0.1263 0.400756
0.168677 0.412262
0.145371 0.440439
0.121583 0.398686
0.0770437 0.444666
0.0780632 0.429534
0.0156331 0.387426
0.0861329 0.444164
0.0988499 0.414135
0.0887888 0.45983
0.182876 0.486921
0.141484 0.395626
0.111975 0.37023
0.161092 0.371216
0.0858874 0.414855
0.177912 0.401171
0.0429091 0.381225
0.109102 0.409332
0.13342 0.37062
0.110615 0.343885
0.133235 0.415272
0.128213 0.450754
0.042273 0.37629
0.144963 0.409525
0.0621707 0.456905
0.00747387 0.396024
0.0411298 0.437049
0.136639 0.423832
0.125618 0.365041
0.0452607 0.248122
0.078478 0.409642
0.126672 0.383664
0.0497602 0.416061
0.0869792 0.325463
0.119102 0.370833
0.025191 0.295631
0.118384 0.279236
0.0620263 0.355381
0.119973 0.415914
0.03907 0.430643
0.0296466 0.417069
0.059804 0.430485
0.0778028 0.409879
0.133179 0.404621
0.0931284 0.407232
0.100487 0.328971
0.144063 0.305654
0.146916 0.32208
0.149951 0.299366
0.020863 0.282498
0.0856925 0.343387
0.0674425 0.25224
0.152282 0.283093
0.184808 0.291927
0.208391 0.378554
0.095147 0.406172
0.0473624 0.37016
0.170339 0.296815
0.0398517 0.352317
0.0650023 0.343058
0.0808678 0.367872
0.147154 0.423486
0.0148876 0.37714
0.0237704 0.358598
0.0929181 0.370784
0.123548 0.354433
0.235214 0.366404
0.234206 0.38
0.137436 0.383508
0.188142 0.377902
0.204468 0.362306
0.162981 0.407228
0.211216 0.367924
0.155723 0.449572
0.194288 0.394189
0.195416 0.406629
0.320018 0.435441
0.190956 0.37501
0.187893 0.397914
0.285041 0.395697
0.22798 0.343644
0.220465 0.3944
0.147911 0.404161
0.224859 0.387789
0.231714 0.418051
0.303093 0.346828
0.166499 0.340071
0.162025 0.35864
0.0764182 0.297139
0.10427 0.306013
0.132804 0.375153
0.113635 0.388664
0.0881854 0.451289
0.223121 0.450704
0.0984625 0.327969
0.153432 0.338008
0.113735 0.301782
0.135184 0.342442
0.108184 0.334196
0.112751 0.38087
0.0883906 0.36655
0.0189708 0.430187
0.0598993 0.351621
0.0472884 0.302985
0.1017 0.334982
0.149058 0.371755
0.0903546 0.369345
0.119464 0.416341
0.120075 0.375756
0.130234 0.468542
0.171734 0.467153
0.165462 0.423021
0.157105 0.460113
0.191838 0.498686
0.262756 0.426001
0.163359 0.399043
0.199085 0.419925
0.15508 0.512938
0.0986344 0.444248
0.141758 0.44283
0.130848 0.382421
0.0696877 0.270732
0.16885 0.247652
0.250436 0.216385
0.161056 0.168935
0.178812 0.233176
0.294544 0.225125
0.201658 0.309835
0.206647 0.341892
0.15757 0.402355
0.0363565 0.346772
0.126954 0.354502
0.126561 0.324282
0.149579 0.436999
0.0875562 0.386091
0.106536 0.392736
0.0513216 0.398097
0.135365 0.440107
0.0524402 0.418555
0.159548 0.424757
0.100833 0.440413
0.209388 0.351675
0.123327 0.441998
0.0383204 0.352724
0.0985766 0.388508
0.252195 0.389853
0.193323 0.377468
0.183671 0.420381
0.163291 0.391161
0.200891 0.351127
0.126804 0.337539
0.148632 0.379031
0.0771652 0.382771
0.127286 0.365396
0.0304862 0.452148
0.0435818 0.398179
0.0900482 0.360882
0.0452894 0.389225
0.0867532 0.354229
0.0723834 0.448308
0.167823 0.416229
0.105401 0.449937
0.175495 0.448987
0.112202 0.453957
0.21238 0.367642
0.160572 0.38228
0.12258 0.342565
0.238197 0.302739
0.171202 0.278944
0.175619 0.285918
0.239296 0.352996
0.119528 0.275773
0.0637557 0.282447
0.162743 0.336511
0.118259 0.325031
0.0732704 0.308825
0.15955 0.219157
0.197086 0.335532
0.260658 0.301524
0.161989 0.386525
0.11797 0.288108
0.128133 0.355262
0.0978779 0.306426
0.134401 0.26113
0.112158 0.295626
0.171826 0.275421
0.22489 0.261897
0.0721508 0.282206
0.0784494 0.196534
0.130847 0.188877
0.105203 0.277702
0.11261 0.207548
0.0559481 0.28444
0.0608164 0.296088
0.160866 0.350028
0.143179 0.30804
0.0940092 0.256528
0.109066 0.26182
0.0177544 0.343942
0.132285 0.301979
0.0967837 0.324092
0.123601 0.39493
0.190403 0.333451
0.120839 0.370049
0.0863215 0.457272
0.106145 0.426791
0.142736 0.376866
0.0272712 0.391125
0.106262 0.418932
0.0591741 0.392473
0.140767 0.422306
0.0965615 0.393045
0.0603057 0.427373
0.118625 0.427329
0.0789143 0.462341
0.0492223 0.27131
0.0385437 0.385175
0.025878 0.299032
0.106466 0.275928
0.0979097 0.276074
0.0398769 0.403556
0.158917 0.388716
0.0990928 0.28394
0.070915 0.314866
0.0889926 0.361565
0.19363 0.291574
0.183361 0.403512
0.221237 0.365396
0.219421 0.33588
0.137808 0.26167
0.0959697 0.270453
0.0953449 0.370732
0.0268103 0.329952
0.161468 0.3831
0.165104 0.295703
0.035195 0.330182
0.0304345 0.375123
0.0608734 0.358156
0.0188877 0.400165
0.0680762 0.364439
0.0573658 0.314813
0.0870297 0.344799
0.0252397 0.290574
0.064299 0.252286
0.130465 0.291955
0.115739 0.285495
0.0665644 0.238369
0.117786 0.253714
0.137967 0.311449
0.0818474 0.336551
0.0890231 0.326043
0.0469011 0.413334
0.128583 0.350447
0.11923 0.383218
0.0467504 0.423583
0.061778 0.373444
0.0583088 0.397967
0.0628845 0.293012
0.0494304 0.340504
0.0984445 0.453406
0.0918694 0.453279
0.107996 0.412946
0.0930648 0.338283
0.0741335 0.395663
0.0916494 0.325854
0.0735944 0.369459
0.0503577 0.358563
0.148493 0.352589
0.102741 0.330454
0.165969 0.299064
0.168292 0.256179
0.164032 0.265568
0.120748 0.266268
0.136638 0.320677
0.148354 0.336821
0.123233 0.379039
0.17973 0.312862
0.148549 0.282395
0.150335 0.279147
0.0339915 0.295488
0.114982 0.314963
0.230592 0.320375
0.239853 0.348163
0.192909 0.315481
0.0532802 0.313127
0.137266 0.353355
0.113408 0.340949
0.138635 0.301515
0.129301 0.310741
0.130998 0.29459
0.187536 0.380438
0.134802 0.335059
0.179012 0.335599
0.333223 0.423496
0.203795 0.390724
0.232178 0.45748
0.264582 0.432082
0.267988 0.363244
0.252803 0.370806
0.183695 0.417424
0.182262 0.379178
0.216449 0.413931
0.185335 0.445538
0.226541 0.417705
0.148917 0.450591
0.240495 0.419279
0.0493739 0.410254
0.0648026 0.372662
0.00982961 0.359696
0.0518997 0.361487
0.0900154 0.424588
0.0979805 0.375774
0.0950992 0.388124
0.16352 0.424709
0.132008 0.442612
0.057537 0.42941
0.0921894 0.424338
0.0721195 0.395813
0.0278027 0.435951
0.0820874 0.45486
0.0841099 0.381603
0.0777723 0.391201
0.0293321 0.434367
0.0676558 0.446019
0.0629291 0.348547
0.0646998 0.38595
0.0550394 0.465493
0.12561 0.424603
0.193829 0.428217
0.140481 0.424721
0.0807235 0.41174
0.163358 0.436397
0.11022 0.409241
0.123017 0.394265
0.0783699 0.412608
0.145512 0.378487
0.0837651 0.367277
0.0991434 0.298039
0.162659 0.399984
0.0374534 0.366246
0.0998323 0.416287
0.0519025 0.392175
0.126505 0.371455
0.187019 0.321949
0.167111 0.357829
0.260715 0.333454
0.265466 0.361839
0.229792 0.478945
0.231254 0.415367
0.174122 0.396402
0.165773 0.455719
0.0985279 0.453339
0.104135 0.394603
0.117784 0.446616
0.215949 0.400177
0.220848 0.415612
0.160605 0.411918
0.227989 0.352004
0.085425 0.336912
0.145283 0.358412
0.0554351 0.420696
0.115407 0.328934
0.11306 0.323327
0.17561 0.372921
0.0463347 0.433925
0.0668202 0.434017
0.0385645 0.42447
0.154833 0.325873
0.124522 0.446279
0.178593 0.333405
0.162958 0.434571
0.119292 0.414891
0.129808 0.414638
0.211012 0.373035
0.190464 0.359455
0.138444 0.392234
0.137179 0.308687
0.115139 0.307042
0.0981563 0.358997
0.119354 0.347019
0.108161 0.353802
0.15072 0.385865
0.0737889 0.363993
0.0720818 0.392449
0.187993 0.39318
0.21972 0.318701
0.183087 0.34207
0.0799362 0.322801
0.0416449 0.326517
0.0540081 0.326556
0.0836081 0.358374
0.0781305 0.357905
0.0731136 0.296714
0.134407 0.317047
0.212937 0.193954
0.247 0.274666
0.253596 0.271588
0.146791 0.303252
0.0845429 0.328374
0.00698981 0.322138
0.192362 0.32454
0.166843 0.328769
0.133264 0.265181
0.136726 0.299889
0.0623467 0.374248
0.118543 0.330362
0.140371 0.340813
0.13269 0.392082
0.143475 0.372468
0.110517 0.423069
0.0666416 0.358361
0.0351594 0.403112
0.0145543 0.352298
0.129905 0.315905
0.18906 0.310423
0.258185 0.359338
0.176579 0.365564
0.181508 0.367011
0.25225 0.45357
0.249516 0.422604
0.231806 0.356295
0.216668 0.345452
0.0837361 0.316148
0.137344 0.329788
0.205452 0.339252
0.218199 0.36148
0.176941 0.307458
0.0843946 0.305941
0.201904 0.303256
0.157712 0.320513
0.141745 0.307978
0.1535 0.378488
0.134049 0.375995
0.122309 0.384461
0.0673227 0.377478
0.162346 0.351032
0.201364 0.429558
0.157159 0.441587
0.152396 0.410582
0.14977 0.462733
0.105157 0.407453
0.138253 0.336235
0.111861 0.31487
0.135628 0.314298
0.128773 0.354874
0.024962 0.363254
0.0856144 0.435553
0.135415 0.41721
0.12954 0.390403
0.118186 0.417377
0.0609734 0.420679
0.171643 0.354862
0.0636541 0.44791
0.0777223 0.34242
0.141386 0.402486
0.129951 0.380617
0.0948913 0.317191
0.177063 0.40511
0.197318 0.375407
0.230523 0.316498
0.160554 0.310186
0.110797 0.346075
0.121129 0.387405
0.175433 0.415587
0.0752124 0.380592
0.00977871 0.408605
0.1198 0.350555
0.0762281 0.37013
0.0401443 0.351451
0.127881 0.353437
0.193022 0.34923
0.14056 0.310266
0.0633189 0.42163
0.0971562 0.38876
0.176457 0.457549
0.123276 0.39526
0.0594121 0.324137
0.0930625 0.358665
0.0420009 0.374668
0.0842719 0.401398
0.158873 0.37871
0.244103 0.432833
0.175815 0.339136
0.206466 0.36367
0.153149 0.312234
0.0681773 0.316749
0.068424 0.324142
0.086643 0.395632
0.015505 0.396527
0.0587479 0.371119
0.107537 0.425186
0.106443 0.396035
0.181629 0.442342
0.20584 0.379696
0.203052 0.410433
0.173487 0.437219
0.284139 0.336236
0.160404 0.379022
0.216106 0.483275
0.132183 0.475362
0.175328 0.451566
0.162552 0.436525
0.0792404 0.375393
0.0585976 0.367238
0.0530348 0.372714
0.0736354 0.365415
0.0744997 0.346928
0.0491651 0.341413
0.151993 0.32462
0.15871 0.400944
0.219016 0.300504
0.167123 0.29141
0.215002 0.306254
0.152944 0.346652
0.130165 0.408746
0.101644 0.417094
0.210369 0.367794
0.218836 0.414548
0.27136 0.369044
0.200832 0.31591
0.208091 0.271635
0.239611 0.285088
0.108331 0.33084
0.0632749 0.339604
0.131311 0.431581
0.0695917 0.318697
0.0654512 0.31887
0.018955 0.3079
0.0804314 0.293281
0.148955 0.250038
0.136963 0.290931
0.140888 0.265585
0.162645 0.383819
0.176613 0.398386
0.196574 0.341474
0.0583748 0.32288
0.216369 0.297949
0.0815865 0.344751
0.0434662 0.431515
0.113109 0.398485
0.104171 0.479585
0.0470983 0.446937
0.0848634 0.408493
0.0307026 0.452691
0.07919 0.391743
0.0417955 0.420571
0.120474 0.377628
0.0819376 0.38904
0.108825 0.416555
0.0732959 0.384154
0.0675868 0.425097
0.126189 0.403511
0.134692 0.427544
0.189295 0.37054
0.100151 0.436747
0.167197 0.361391
0.172507 0.39222
0.126133 0.369774
0.115527 0.452571
0.161359 0.422439
0.176162 0.430651
0.20965 0.393135
0.145484 0.405204
0.110577 0.447545
0.0168998 0.388666
0.122879 0.370608
0.154129 0.399984
0.146302 0.365174
0.0950129 0.359604
0.244821 0.328126
0.230256 0.310341
0.0823244 0.333329
0.0868612 0.28415
0.0800529 0.351162
0.0883277 0.299389
0.108419 0.311957
0.0701086 0.250738
0.17173 0.27605
0.134117 0.355687
0.0888692 0.428377
0.0574 0.404203
0.072314 0.405278
0.0533822 0.332652
0.108324 0.387306
0.0825717 0.434
0.159645 0.368714
0.0575056 0.382354
0.0624531 0.320389
0.0198929 0.315721
0.044679 0.376955
0.105219 0.38764
0.0924785 0.390533
0.105348 0.424932
0.0769065 0.402465
0.0771231 0.435543
0.0682013 0.410164
0.0657602 0.413103
0.112164 0.386786
0.100407 0.431254
0.0876373 0.3868
0.131853 0.409494
0.159294 0.392101
0.216355 0.391758
0.271644 0.470235
0.196734 0.361056
0.180941 0.413616
0.150685 0.392229
0.120802 0.350768
0.182434 0.360854
0.247639 0.443357
0.269744 0.445404
0.123285 0.44976
0.0968265 0.431508
0.0896093 0.408453
0.040249 0.362017
0.104538 0.453673
0.054965 0.413245
0.092531 0.382392
0.138845 0.39992
0.0912152 0.404648
0.169009 0.412928
0.130465 0.413551
0.0598771 0.451457
0.0280788 0.412271
0.0453722 0.360312
0.0772217 0.292829
0.146265 0.242357
0.106678 0.365429
0.100915 0.383155
0.16708 0.389863
0.0972945 0.354
0.0530122 0.212899
0.108424 0.265842
0.0625215 0.342936
0.117103 0.352379
0.120486 0.299377
0.13599 0.297748
0.131444 0.276443
0.143689 0.281461
0.218242 0.242374
0.165248 0.245916
0.0869058 0.131664
0.143296 0.262025
0.0532628 0.271091
0.110795 0.28531
0.126079 0.319251
0.140265 0.338635
0.136537 0.267053
0.0866805 0.385082
0.221523 0.395339
0.213303 0.37171
0.249875 0.313649
0.150207 0.355387
0.106969 0.345342
0.115703 0.297669
0.210512 0.237424
0.161344 0.259734
0.0654189 0.281072
0.0816907 0.271468
0.103168 0.245618
0.133139 0.230841
0.0945661 0.279328
0.0518449 0.269415
0.0323463 0.28875
0.0953775 0.298775
0.0640554 0.220246
0.0545488 0.211646
0.0673937 0.23217
0.139133 0.269027
0.0153371 0.260742
0.0932466 0.276284
0.175454 0.229657
0.167077 0.179423
0.0734641 0.273962
0.0808843 0.301988
0.036041 0.324039
0.0717737 0.327888
0.0365651 0.344127
0.111265 0.399122
0.124032 0.37703
0.169701 0.3968
0.167468 0.366547
0.150363 0.386586
0.111606 0.417891
0.167477 0.402472
0.135408 0.383224
0.163493 0.424896
0.205516 0.411597
0.212145 0.40137
0.193552 0.411923
0.130976 0.350684
0.103801 0.308946
0.0976577 0.363226
0.1616 0.379035
0.0687764 0.398092
0.0646353 0.34607
0.10962 0.395833
0.11114 0.324491
0.150823 0.403114
0.101469 0.406045
0.162048 0.343352
0.0756288 0.355407
0.0419747 0.385404
0.0906909 0.326871
0.0336888 0.309178
0.0441892 0.32951
0.0793588 0.239169
0.148773 0.337253
0.021535 0.271075
0.0821771 0.268055
0.0138345 0.408552
0.0301419 0.362153
0.122224 0.379518
0.133833 0.431729
0.185085 0.360161
0.0999444 0.351671
0.121524 0.370116
0.169005 0.408736
0.147843 0.432456
0.0783637 0.379337
0.0240179 0.378934
0.0393133 0.465089
0.0882128 0.430125
0.100389 0.397228
0.154153 0.455806
0.0539846 0.387608
0.0547183 0.384912
0.175147 0.417888
0.100923 0.366071
0.0748452 0.431953
0.188082 0.451194
0.112343 0.410173
0.126922 0.467716
0.07544 0.422285
0.0925665 0.465154
0.112472 0.415119
0.141282 0.420124
0.199421 0.392992
0.108533 0.418501
0.124498 0.38627
0.16677 0.271589
0.175754 0.305562
0.0467214 0.30432
0.0165327 0.3239
0.0496391 0.452049
0.141015 0.357291
0.0965526 0.335979
0.10499 0.365714
0.140257 0.397982
0.10566 0.359129
0.0778569 0.395662
0.150495 0.302813
0.132729 0.396424
0.169398 0.388258
0.151905 0.400571
0.101222 0.378343
0.147915 0.340475
0.142 0.394365
0.105347 0.379257
0.133572 0.320155
0.144984 0.279411
0.0645802 0.290308
0.0531373 0.372966
0.0540186 0.357374
0.070765 0.307113
0.0616239 0.274454
0.103359 0.298473
0.138039 0.330048
0.0197463 0.273067
0.0980761 0.319851
0.156233 0.335369
0.0668354 0.314597
0.151821 0.291052
0.0801164 0.322737
0.0661689 0.376856
0.0818735 0.371791
0.143968 0.406199
0.0843218 0.320689
0.0154322 0.405704
0.0837604 0.386834
0.0460625 0.369917
0.0647104 0.325376
0.0787972 0.352258
0.101165 0.404626
0.059184 0.361316
0.0560328 0.441029
0.0392563 0.41926
0.134603 0.446943
0.108068 0.40316
0.117766 0.307222
0.0937173 0.378635
0.0347922 0.45592
0.119709 0.366599
0.0758321 0.326937
0.0606172 0.368624
0.0421293 0.393858
0.137484 0.379204
0.183827 0.412555
0.1902 0.433055
0.0994081 0.395655
0.144368 0.397349
0.135057 0.391777
0.164734 0.355329
0.0815527 0.36625
0.0253023 0.370473
0.216417 0.278014
0.137998 0.262008
0.157415 0.278738
0.100076 0.389199
0.104727 0.417662
0.107763 0.441687
0.11679 0.38123
0.152308 0.411226
0.0667706 0.472568
0.0369241 0.434816
0.0834278 0.436317
0.148366 0.412452
0.0819657 0.451959
0.0899524 0.415193
0.0444911 0.410816
0.118252 0.403293
0.116477 0.395676
0.0631438 0.41107
0.0269713 0.434161
0.168609 0.40255
0.0961206 0.464025
0.123119 0.443836
0.165393 0.400247
0.167642 0.422692
0.102764 0.385748
0.0910256 0.394525
0.220315 0.434071
0.24313 0.479694
0.213076 0.428867
0.222197 0.38318
0.184785 0.371177
0.150889 0.374999
0.0902244 0.382918
0.029695 0.400417
0.0145161 0.448778
0.0572679 0.308176
0.0764962 0.384724
0.0821035 0.394303
0.046768 0.378638
0.0303588 0.402412
0.0487327 0.447735
0.0506777 0.37106
0.0851881 0.374658
0.0424968 0.365005
0.0970528 0.423392
0.12126 0.352848
0.110218 0.357709
0.0456357 0.33605
0.180668 0.346658
0.104775 0.365468
0.0825313 0.446189
0.0779002 0.378378
0.0765322 0.411602
0.0434552 0.423128
0.0924461 0.474114
0.106964 0.424068
0.127083 0.396418
0.103931 0.434911
0.200836 0.446536
0.0679213 0.417284
0.0436222 0.402614
0.0581027 0.411283
0.0289336 0.424287
0.0271014 0.405665
0.0678674 0.393166
0.0944256 0.441556
0.0411971 0.476571
0.0451033 0.431813
0.092104 0.356038
0.106689 0.443767
0.0757148 0.420886
0.189707 0.419476
0.184084 0.383074
0.113238 0.390428
0.162002 0.412514
0.0255431 0.415803
0.0269864 0.380693
0.218258 0.369755
0.157355 0.380893
0.16755 0.375251
0.119031 0.461561
0.167882 0.453738
0.12375 0.412503
0.1352 0.410025
0.09894 0.453349
0.146253 0.404348
0.132712 0.412573
0.260501 0.435204
0.167179 0.421848
0.186179 0.440309
0.192723 0.45295
0.198163 0.522774
0.219097 0.472091
0.180568 0.371105
0.20939 0.312154
0.170614 0.342893
0.209532 0.394205
0.287843 0.472399
0.234443 0.429275
0.178645 0.420031
0.101544 0.425736
0.206246 0.363404
0.198284 0.439636
0.245259 0.394175
0.229122 0.418041
0.213083 0.387032
0.171703 0.390304
0.176096 0.406312
0.178317 0.397057
0.205443 0.401918
0.188757 0.450751
0.226329 0.388596
0.238743 0.403438
0.353932 0.449854
0.27243 0.426734
0.316729 0.424219
0.240086 0.391888
0.143155 0.377801
0.200499 0.436189
0.115759 0.46962
0.123535 0.464602
0.145098 0.413608
0.177384 0.382544
0.0903959 0.429097
0.159386 0.429412
0.130271 0.385914
0.0600536 0.393739
0.0997628 0.428292
0.097686 0.388219
0.0644681 0.421552
0.0265731 0.384083
0.0948546 0.401854
0.127097 0.337774
0.10468 0.315092
0.0677355 0.347739
0.171227 0.381525
0.131609 0.338303
0.0731127 0.362087
0.129228 0.397494
0.100459 0.382917
0.110496 0.447925
0.180005 0.410208
0.150099 0.441622
0.176852 0.407426
0.191612 0.392955
0.0672303 0.395155
0.00617784 0.420944
0.0242676 0.345546
0.105207 0.372267
0.00944515 0.327105
0.0677845 0.347715
0.097812 0.445611
0.0184952 0.390877
0.139405 0.358305
0.11749 0.347428
0.111906 0.28794
0.211821 0.382852
0.150062 0.293628
0.06141 0.352013
0.118613 0.233518
0.0820213 0.266124
0.0382508 0.298818
0.0725098 0.365363
0.140642 0.310556
0.115463 0.322272
0.121376 0.379208
0.0982162 0.309305
0.0523548 0.3106
0.0957288 0.350601
0.0578176 0.396257
0.0506566 0.382837
0.125815 0.391768
0.112383 0.373953
0.050711 0.387782
0.109039 0.30057
0.133954 0.397906
0.192588 0.410257
0.0603113 0.400109
0.23995 0.409593
0.128943 0.324247
0.1772 0.257858
0.0874839 0.214092
0.139721 0.190399
0.112472 0.229418
0.0811499 0.299335
0.0352967 0.264469
0.0821577 0.250998
0.131203 0.231592
0.0223352 0.222026
0.0248272 0.190213
0.0835034 0.193454
0.059637 0.255927
0.10105 0.241976
0.0284404 0.240394
0.0264582 0.254434
0.0205722 0.3299
0.0382898 0.242927
0.0689464 0.23968
0.134579 0.256309
0.0447462 0.255746
0.104753 0.215919
0.0629088 0.279557
0.0482775 0.228062
0.141488 0.238518
0.0458232 0.221928
0.134183 0.207838
0.0451141 0.208301
0.0606514 0.238083
0.0701545 0.308767
0.105126 0.34964
0.0246408 0.377219
0.168549 0.405733
0.101978 0.369481
0.0960663 0.323117
0.11174 0.370232
0.091613 0.345606
0.104333 0.252578
0.136824 0.253756
0.0765579 0.275928
0.191919 0.269167
0.0841152 0.218406
0.0785861 0.237435
0.0306484 0.210814
0.0961006 0.243928
0.231671 0.209169
0.175491 0.294157
0.166091 0.238218
0.058998 0.298419
0.079688 0.283788
0.0916435 0.307913
0.140982 0.298621
0.0426505 0.292206
0.0875454 0.239659
0.0707963 0.270246
0.117849 0.233162
0.258339 0.323688
0.144482 0.306471
0.110586 0.352682
0.105201 0.3048
0.137853 0.333329
0.0775295 0.333684
0.0682668 0.32782
0.130659 0.359561
0.149084 0.321976
0.101986 0.417944
0.121134 0.40312
0.0644629 0.415448
0.105623 0.334644
0.095784 0.352246
0.0967464 0.309579
0.144898 0.375244
0.121529 0.39303
0.130281 0.363675
0.112187 0.372613
0.150021 0.470973
0.193635 0.376395
0.105561 0.391221
0.14161 0.42898
0.0953836 0.399464
0.176085 0.432046
0.230447 0.410223
0.14185 0.440139
0.121582 0.391236
0.117233 0.408442
0.172597 0.401838
0.0926433 0.348293
0.110154 0.329991
0.108915 0.338639
0.0843258 0.38803
0.105487 0.396224
0.120844 0.374335
0.110749 0.278898
0.108291 0.269393
0.12594 0.401043
0.185977 0.353638
0.0139805 0.367187
0.0385995 0.377514
0.0741523 0.294762
0.0676162 0.264101
0.0618973 0.28185
0.0598351 0.328516
0.0214084 0.311555
0.10629 0.368495
0.0977734 0.352094
0.0991264 0.330482
0.018779 0.403853
0.12106 0.496756
0.108672 0.393926
0.0731263 0.422652
0.121788 0.438329
0.127693 0.389011
0.140532 0.405671
0.238687 0.472945
0.224722 0.414838
0.157892 0.365766
0.0795353 0.426584
0.0490169 0.417718
0.0928062 0.414158
0.150808 0.37195
0.17328 0.36085
0.159368 0.445324
0.186129 0.439366
0.175062 0.410543
0.131213 0.343309
0.137666 0.421062
0.0955408 0.330752
0.217054 0.316905
0.186108 0.300443
0.0724164 0.28782
0.0328199 0.253032
0.0791035 0.278133
0.0252839 0.26465
0.0659195 0.398934
0.0829898 0.433465
0.0917251 0.411336
0.232721 0.315567
0.239436 0.313318
0.138477 0.279586
0.145398 0.300816
0.040182 0.280309
0.102935 0.319772
0.0675373 0.3611
0.0131956 0.202909
0.166745 0.368568
0.103863 0.319184
0.0539422 0.363781
0.0810463 0.381517
0.0862471 0.397814
0.144509 0.360866
0.160066 0.38582
0.119322 0.397683
0.145717 0.339546
0.0396631 0.324192
0.0413467 0.423848
0.0854688 0.423009
0.111947 0.383067
0.0877865 0.339427
0.0336433 0.428446
0.0619359 0.326809
0.0161714 0.308964
0.0510821 0.320099
0.0534282 0.428878
0.11406 0.399219
0.0845612 0.368198
0.0515655 0.381099
0.0847717 0.329862
0.0567077 0.329478
0.169179 0.304904
0.0744825 0.355357
0.155134 0.349753
0.135148 0.365317
0.137273 0.336537
0.101662 0.413765
0.138426 0.384876
0.041234 0.328132
0.0859599 0.36074
0.0280038 0.365802
0.0702223 0.313209
0.0620799 0.369202
0.128231 0.381881
0.175159 0.382524
0.215836 0.425523
0.185913 0.374725
0.186749 0.38134
0.256478 0.349696
0.246358 0.357663
0.208362 0.343515
0.143889 0.283416
0.166132 0.377671
0.179644 0.370646
0.145566 0.412098
0.20644 0.364225
0.170199 0.394782
0.15677 0.394426
0.121123 0.465209
0.142717 0.421306
0.157194 0.345225
0.0584229 0.415894
0.0906758 0.41727
0.00475807 0.377825
0.0974999 0.410194
0.0218912 0.369726
0.0847412 0.309524
0.251522 0.327007
0.153896 0.183858
0.193156 0.273161
0.0131336 0.285462
0.0951153 0.320876
0.177531 0.278048
0.224455 0.292876
0.16354 0.307453
0.207406 0.321435
0.0916717 0.349582
0.109179 0.376141
0.0914157 0.420932
0.049117 0.394258
0.0323189 0.40646
0.107905 0.438733
0.0907015 0.419446
0.0508706 0.407448
0.078025 0.488713
0.139306 0.440189
0.179837 0.406978
0.100703 0.375665
0.118385 0.367038
0.0451238 0.311621
0.051726 0.34961
0.0770669 0.232859
0.0677692 0.344103
0.0735194 0.400798
0.240407 0.350793
0.223492 0.330485
0.142016 0.334661
0.151089 0.337523
0.08527 0.324124
0.0246188 0.347836
0.0616882 0.320745
0.0581383 0.362359
0.0825303 0.328319
0.131889 0.29375
0.205964 0.367427
0.100123 0.39228
0.130586 0.369967
0.170627 0.370221
0.12777 0.369702
0.181025 0.280742
0.231162 0.419036
0.270677 0.403353
0.21777 0.334668
0.230172 0.33875
0.191992 0.319078
0.20858 0.369139
0.166706 0.398139
0.218305 0.43633
0.130237 0.367491
0.130877 0.383631
0.100573 0.399902
0.159121 0.380746
0.16414 0.384254
0.0804352 0.407933
0.134516 0.378736
0.0573927 0.319155
0.120489 0.326757
0.0120277 0.349229
0.176767 0.417061
0.0500726 0.434959
0.230347 0.374352
0.112957 0.32039
0.0801965 0.303212
0.147265 0.38068
0.140732 0.393991
0.0808318 0.424894
0.0721687 0.417031
0.0794546 0.437656
0.0597058 0.389448
0.122257 0.482959
0.013679 0.44097
0.0853506 0.429368
0.110986 0.453786
0.0641543 0.430411
0.0733086 0.380052
0.0998108 0.327648
0.12235 0.372402
0.102545 0.414024
0.119001 0.426184
0.156004 0.418823
0.151563 0.424078
0.236149 0.405524
0.0742097 0.38895
0.0821007 0.383138
0.120969 0.317524
0.194276 0.373879
0.104442 0.448855
0.0482201 0.408006
0.103056 0.328312
0.131413 0.391162
0.0195552 0.470634
0.0615091 0.423013
0.166069 0.424831
0.0793853 0.467199
0.0566526 0.427942
0.0179682 0.38164
0.0561896 0.435001
0.0827287 0.369681
0.0505937 0.428566
0.0144615 0.421895
0.095613 0.379379
0.0768845 0.360888
0.0309684 0.289815
0.0952181 0.269254
0.0282631 0.251863
0.089433 0.34542
0.110968 0.336609
0.0630867 0.256882
0.132721 0.200117
0.057382 0.225761
0.113846 0.163022
0.174408 0.304614
0.134009 0.342405
0.164096 0.281486
0.209332 0.252756
0.0724765 0.210889
0.20191 0.29675
0.123467 0.299309
0.0976658 0.376054
0.130411 0.403482
0.116898 0.421599
0.199286 0.404397
0.180617 0.374794
0.165985 0.430288
0.113236 0.374974
0.160259 0.358789
0.102294 0.440057
0.110706 0.38696
0.0890557 0.382171
0.0317186 0.454633
0.0826197 0.337945
0.107633 0.356779
0.112933 0.369825
0.0654608 0.32655
0.1959 0.339165
0.13336 0.291581
0.10001 0.261718
0.0587188 0.320896
0.112052 0.219331
0.18778 0.303748
0.172185 0.332065
0.0479447 0.262118
0.132665 0.339871
0.24786 0.307324
0.0941759 0.32025
0.00690027 0.299971
0.0233752 0.31517
0.138898 0.293575
0.115825 0.317449
0.14256 0.330966
0.156357 0.286274
0.115758 0.363699
0.0795715 0.403721
0.0280993 0.428149
0.0605836 0.441018
0.0885049 0.386233
0.108968 0.415553
0.122759 0.426683
0.165214 0.348917
0.0407294 0.337517
0.0850032 0.354337
0.0304989 0.399354
0.100762 0.456942
0.119706 0.427875
0.145449 0.459577
0.115568 0.394392
0.0308327 0.405495
0.114838 0.388573
0.0945479 0.495437
0.206596 0.447153
0.0669098 0.451997
0.0896971 0.427407
0.027174 0.401399
0.025826 0.422977
0.101367 0.346835
0.140953 0.362538
0.0873347 0.408136
0.12666 0.384281
0.114122 0.435925
0.0638162 0.439323
0.0914681 0.401215
0.112783 0.409321
0.0963241 0.383448
0.0567965 0.395334
0.100169 0.34054
0.0780744 0.40133
0.0341794 0.419866
0.0792539 0.42818
0.0701584 0.361865
0.0371477 0.367338
0.0571156 0.470457
0.0473781 0.437917
0.0823872 0.446015
0.0429734 0.459636
0.054186 0.408498
0.0830362 0.43732
0.107959 0.4439
0.207165 0.395159
0.120542 0.433109
0.121395 0.396484
0.199795 0.358528
0.100482 0.400854
0.0653146 0.387168
0.119084 0.411713
0.131456 0.420922
0.0448858 0.422691
0.124551 0.436834
0.115614 0.43401
0.012446 0.406885
0.0284281 0.458087
0.11137 0.399391
0.0631385 0.455214
0.0550618 0.43095
0.116515 0.373394
0.116728 0.412404
0.124324 0.42165
0.096777 0.360052
0.1183 0.330177
0.117655 0.332672
0.104211 0.324505
0.0416192 0.368487
0.0736849 0.3785
0.0944791 0.320678
0.0371247 0.37737
0.0202501 0.264875
0.0545942 0.228277
0.139511 0.211687
0.115237 0.282545
0.0924178 0.301489
0.146489 0.223531
0.142903 0.314511
0.0675208 0.273334
0.0916091 0.349157
0.130448 0.339005
0.0428361 0.299928
0.0585657 0.282858
0.100916 0.286518
0.180619 0.277082
0.0867156 0.259955
0.0562279 0.314982
0.0421526 0.331407
0.156828 0.305
0.273737 0.271506
0.137947 0.322622
0.1029 0.375301
0.0759225 0.243911
0.0613654 0.288747
0.0294976 0.242278
0.114319 0.404952
0.0402664 0.317116
0.182014 0.31523
0.170838 0.31398
0.143596 0.302925
0.153589 0.337339
0.237612 0.343518
0.247943 0.248093
0.285589 0.316134
0.122004 0.261194
0.111192 0.348955
0.162498 0.356334
0.185915 0.316583
0.121629 0.344833
0.13272 0.355837
0.0990066 0.423249
0.115212 0.410429
0.119714 0.377246
0.0324961 0.339274
0.12023 0.459103
0.0959493 0.424634
0.0460516 0.396263
0.0463808 0.386388
0.0362078 0.403278
0.0965677 0.420938
0.0375635 0.440297
0.00477939 0.453819
0.0586304 0.410422
0.118311 0.381993
0.0790336 0.370203
0.0471712 0.408076
0.113841 0.440946
0.0698461 0.446078
0.0615884 0.392877
0.0387262 0.356653
0.0902375 0.336544
0.0550489 0.364925
0.256681 0.300101
0.0574454 0.294933
0.0830493 0.259334
0.0234839 0.316915
0.0742907 0.322573
0.160335 0.303823
0.232146 0.258034
0.297255 0.385448
0.203618 0.389111
0.180144 0.351028
0.133737 0.27826
0.111984 0.413094
0.12932 0.293005
0.136034 0.405235
0.135255 0.345204
0.132339 0.384846
0.0712485 0.333176
0.0997842 0.405229
0.107112 0.416751
0.187367 0.362823
0.0815994 0.358712
0.15782 0.431102
0.18289 0.415396
0.0770747 0.411096
0.124651 0.38265
0.0961182 0.429602
0.0989869 0.477029
0.180649 0.417357
0.189546 0.363952
0.17348 0.313193
0.197925 0.351292
0.240372 0.34971
0.0901077 0.404232
0.198941 0.370578
0.177494 0.332928
0.281979 0.402424
0.124432 0.355283
0.18128 0.348607
0.226966 0.436763
0.175443 0.378898
0.10396 0.346205
0.119532 0.332313
0.138882 0.256367
0.138073 0.301905
0.0373239 0.383519
0.115152 0.397332
0.11012 0.447757
0.0665648 0.41437
0.239789 0.429766
0.149796 0.340665
0.288051 0.389486
0.224281 0.414008
0.267766 0.419493
0.322234 0.390787
0.216581 0.435283
0.194666 0.413549
0.115079 0.399153
0.0747569 0.413293
0.112742 0.44577
0.155199 0.314209
0.182662 0.38019
0.172246 0.365014
0.0988568 0.336763
0.246344 0.388561
0.115833 0.364229
0.0914146 0.290855
0.0747513 0.390642
0.0611719 0.4425
0.0573613 0.430725
0.0406336 0.444453
0.103198 0.430864
0.15388 0.341001
0.0618569 0.389482
0.0776804 0.386946
0.0922603 0.403728
0.0780609 0.309364
0.0834591 0.379993
0.120405 0.355105
0.116638 0.372369
0.159667 0.316103
0.0805903 0.390035
0.108568 0.393151
0.0700803 0.307142
0.130136 0.426075
0.05893 0.451746
0.0910821 0.427669
0.11948 0.408344
0.0334434 0.350961
0.024537 0.411026
0.0654535 0.423964
0.0761255 0.380429
0.118283 0.398861
0.0481193 0.386684
0.124238 0.285772
0.148747 0.326872
0.0672841 0.439648
0.113551 0.391545
0.0209826 0.356473
0.0500134 0.371033
0.0955333 0.394668
0.211076 0.426356
0.194579 0.410933
0.102043 0.397945
0.196222 0.439838
0.115736 0.453821
0.0770134 0.422049
0.14237 0.441083
0.254361 0.411247
0.233029 0.476721
0.124395 0.40477
0.147136 0.371212
0.148471 0.339164
0.153423 0.321123
0.148703 0.379376
0.186887 0.384655
0.140213 0.324799
0.094111 0.31022
0.126275 0.413414
0.0775492 0.387067
0.164586 0.384952
0.155576 0.412194
0.130988 0.331547
0.132524 0.402159
0.115345 0.384694
0.217873 0.462953
0.23102 0.324609
0.126186 0.286599
0.129268 0.282931
0.231126 0.401381
0.193452 0.361456
0.0827373 0.384583
0.0948136 0.305263
0.0381634 0.388991
0.00840692 0.392219
0.0945168 0.265371
0.103285 0.296111
0.180749 0.37261
0.145523 0.443694
0.14204 0.371084
0.0236818 0.382234
0.198626 0.415648
0.170389 0.415794
0.12508 0.402183
0.115174 0.407561
0.0665302 0.464204
0.0272566 0.365592
0.102292 0.415767
0.151885 0.427502
0.18274 0.399991
0.125531 0.407641
0.1694 0.371224
0.16722 0.441652
0.14768 0.448282
0.188921 0.405998
0.260674 0.408251
0.197578 0.403001
0.2144 0.462198
0.210376 0.42793
0.0662847 0.409599
0.0114622 0.443838
0.0377869 0.423793
0.208688 0.360797
0.141451 0.347431
0.24278 0.355183
0.213305 0.376138
0.266502 0.363383
0.185256 0.390842
0.153619 0.312566
0.176193 0.363365
0.117804 0.36742
0.0935116 0.408955
0.0749085 0.428884
0.182028 0.409767
0.196359 0.424001
0.176322 0.429618
0.158427 0.432409
0.131678 0.457927
0.198397 0.395493
0.0970414 0.333276
0.100723 0.391793
0.092072 0.355672
0.0421373 0.480498
0.0604832 0.378592
0.0433328 0.407057
0.00927748 0.420168
0.139431 0.366143
0.195629 0.399095
0.150547 0.406682
0.0625113 0.36976
0.0924795 0.336749
0.0881495 0.410971
0.156385 0.397343
0.0686207 0.422249
0.229559 0.391876
0.199509 0.376017
0.162746 0.374793
0.0826027 0.340226
0.0725572 0.436551
0.0253087 0.421042
0.144719 0.368694
0.22929 0.399284
0.132326 0.409232
0.165058 0.398074
0.194112 0.410042
0.105816 0.306246
0.107359 0.346154
0.0473432 0.333577
0.106388 0.452763
0.0966827 0.414258
0.0801904 0.347762
0.0807302 0.306127
0.104065 0.363108
0.0634767 0.335094
0.160709 0.361316
0.0215263 0.369757
0.117839 0.43436
0.0755435 0.333056
0.0388913 0.39236
0.080522 0.41447
0.0143222 0.428512
0.0300742 0.383254
0.0426215 0.412178
0.113233 0.407148
0.0991846 0.407419
0.122175 0.436926
0.1347 0.400823
0.23044 0.508107
0.118427 0.409404
0.232975 0.374713
0.209699 0.443476
0.205042 0.3453
0.234827 0.449676
0.233934 0.444451
0.286222 0.42137
0.315923 0.448771
0.214531 0.416381
0.212142 0.419184
0.175016 0.402475
0.091166 0.392789
0.21054 0.389167
0.193053 0.342274
0.191708 0.358599
0.0888378 0.350417
0.0981716 0.330564
0.103188 0.347677
0.180095 0.352783
0.165014 0.265137
0.129259 0.285662
0.0575278 0.316361
0.14945 0.323078
0.0931813 0.347842
0.108455 0.380456
0.209836 0.319305
0.143085 0.358444
0.140755 0.335472
0.1936 0.389716
0.219728 0.416607
0.184943 0.368641
0.205283 0.351947
0.157251 0.420728
0.0860048 0.361253
0.12568 0.415366
0.186273 0.366943
0.122416 0.38429
0.172375 0.424762
0.176648 0.28756
0.107328 0.417713
0.153766 0.387131
0.219845 0.316829
0.104789 0.446489
0.132232 0.401625
0.15827 0.414891
0.144505 0.449878
0.183275 0.471357
0.148938 0.466247
0.227568 0.439095
0.256858 0.430362
0.0511362 0.411549
0.140083 0.427134
0.221547 0.430949
0.206412 0.430649
0.208562 0.376353
0.245268 0.408971
0.254842 0.364417
0.11677 0.408504
0.162046 0.370337
0.058437 0.363785
0.10495 0.374517
0.0907026 0.30208
0.0505267 0.312129
0.0454233 0.208412
0.118896 0.307031
0.125316 0.297822
0.0830844 0.250329
0.132387 0.298473
0.131529 0.41052
0.039753 0.37995
0.107965 0.370202
0.150512 0.370654
0.118771 0.288433
0.0155922 0.263292
0.107493 0.309047
0.0699922 0.399982
0.202597 0.35154
0.190836 0.267392
0.0836347 0.339734
0.14012 0.264947
0.124813 0.287257
0.0454065 0.363136
0.0587025 0.316956
0.164852 0.313503
0.0382116 0.312482
0.0560049 0.354579
0.139018 0.284026
0.135895 0.300538
0.101393 0.410367
0.152432 0.40088
0.0420762 0.413114
0.0961046 0.393402
0.184713 0.412603
0.0854063 0.336426
0.0632623 0.322576
0.0816593 0.398115
0.171213 0.392443
0.163093 0.422959
0.144468 0.415862
0.0529151 0.403766
0.174633 0.375325
0.0985272 0.377033
0.115194 0.34916
0.174513 0.364857
0.115147 0.305116
0.199051 0.341576
0.228363 0.440674
0.20708 0.413416
0.189364 0.405577
0.179477 0.383257
0.107328 0.295445
0.081314 0.329536
0.0558187 0.409758
0.195795 0.377068
0.196955 0.347833
0.105315 0.384122
0.118869 0.279947
0.213713 0.339763
0.166502 0.380508
0.287811 0.330536
0.183051 0.360592
0.0834091 0.416935
0.137782 0.421819
0.109503 0.421621
0.110793 0.426815
0.176506 0.391589
0.115825 0.316155
0.134086 0.403549
0.0643369 0.286708
0.109215 0.384155
0.114513 0.395467
0.0371585 0.340006
0.067557 0.406616
0.0921852 0.404331
0.112108 0.33777
0.0807084 0.372261
0.112028 0.324418
0.0571945 0.376624
0.120392 0.33296
0.156639 0.395998
0.0541144 0.344204
0.107425 0.431862
0.0842889 0.325543
0.113637 0.331641
0.0409165 0.307488
0.0412006 0.285744
0.131466 0.354429
0.106272 0.415292
0.0629661 0.313978
0.0423252 0.375559
0.108417 0.275304
0.117152 0.285168
0.0825188 0.247767
0.106413 0.199868
0.0508209 0.263642
0.0929069 0.315909
0.0784373 0.28808
0.0792768 0.32694
0.0165425 0.36063
0.0613454 0.342771
0.0591498 0.394566
0.032449 0.387427
0.0941731 0.368352
0.0944941 0.401763
0.192181 0.329911
0.191522 0.402733
0.203886 0.366241
0.213597 0.37928
0.122001 0.34671
0.0698337 0.338632
0.032973 0.372937
0.087678 0.442949
0.0530654 0.3917
0.0943902 0.395001
0.0526646 0.408296
0.0868147 0.384085
0.118285 0.414414
0.0896381 0.401725
0.0467497 0.323602
0.127415 0.358365
0.16546 0.433089
0.0908327 0.376689
0.105122 0.365726
0.123732 0.374978
0.163165 0.401594
0.191984 0.39371
0.199057 0.424218
0.0682216 0.377182
0.142478 0.353022
0.0557717 0.385722
0.0562355 0.384227
0.112205 0.354272
0.0454042 0.39755
0.119123 0.366962
0.0347652 0.325362
0.212453 0.35301
0.0877964 0.316881
0.0945847 0.37547
0.0291775 0.347105
0.0842694 0.329434
0.188886 0.286926
0.0971143 0.289144
0.15396 0.255995
0.109768 0.281528
0.139556 0.204393
0.0548505 0.188073
0.0448107 0.312692
0.0830495 0.261955
0.0435638 0.233593
0.0491471 0.323958
0.0338603 0.307057
0.0489221 0.331749
0.130319 0.355372
0.219154 0.442332
0.268664 0.401322
0.146216 0.406148
0.138508 0.36345
0.0740927 0.40117
0.0868029 0.4776
0.00555956 0.438026
0.119466 0.413408
0.0236384 0.410987
0.0508304 0.475788
0.0172221 0.388186
0.122327 0.382837
0.0768206 0.335576
0.102354 0.358134
0.0780115 0.369748
0.103629 0.350706
0.0902965 0.420372
0.0749492 0.467898
0.0555998 0.419412
0.144361 0.426393
0.109644 0.380866
0.187336 0.360422
0.0865274 0.340941
0.102497 0.364701
0.0788679 0.355265
0.0767349 0.30407
0.158089 0.384971
0.0578956 0.341211
0.104058 0.252658
0.118935 0.246509
0.175606 0.261624
0.0822215 0.315664
0.0718311 0.321484
0.133264 0.303364
0.181066 0.270509
0.0799967 0.298761
0.101857 0.163269
0.148744 0.278022
0.114185 0.251209
0.157017 0.24775
0.120427 0.328089
0.0420816 0.325046
0.0365978 0.244058
0.104035 0.267455
0.131038 0.267823
0.157907 0.320259
0.0512459 0.254898
0.177826 0.239817
0.0469479 0.262179
0.0247909 0.187379
0.0778113 0.264278
0.0874281 0.292214
0.0139457 0.226995
0.104131 0.305919
0.192487 0.251752
0.0926624 0.274003
0.142233 0.267974
0.0905978 0.256158
0.149548 0.392278
0.142648 0.366136
0.0577182 0.297686
0.0835606 0.288988
0.0352245 0.316292
0.0948778 0.341862
0.0538315 0.282099
0.174248 0.353238
0.0879129 0.354866
0.200222 0.331725
0.0998267 0.264411
0.0352901 0.274921
0.0382933 0.269907
0.0691545 0.315522
0.116467 0.381589
0.0991998 0.319552
0.115993 0.313252
0.0667595 0.274767
0.16644 0.27633
0.157925 0.27045
0.129039 0.316109
0.191607 0.396892
0.123641 0.395391
0.145393 0.36839
0.174111 0.357861
0.158208 0.365742
0.153413 0.311085
0.103046 0.369341
0.0611671 0.453518
0.0276944 0.383846
0.0754323 0.40683
0.0576399 0.430779
0.0680539 0.443816
0.179986 0.415568
0.149916 0.426502
0.190238 0.423672
0.194391 0.440787
0.184474 0.351726
0.175383 0.357653
0.0598592 0.433717
0.004655 0.442873
0.0526887 0.436368
0.0387461 0.44213
0.0828183 0.503956
0.09392 0.505453
0.0128906 0.452939
0.0776512 0.466967
0.0323435 0.442878
0.0172135 0.417077
0.16377 0.33728
0.120348 0.38865
0.185885 0.415898
0.0663536 0.391473
0.0986585 0.339459
0.030397 0.352042
0.0513862 0.307934
0.0420251 0.412516
0.0320645 0.335942
0.0907853 0.377905
0.129424 0.430812
0.135659 0.414411
0.170575 0.478714
0.156683 0.398814
0.16345 0.411317
0.235285 0.41537
0.177595 0.466233
0.207599 0.31519
0.218553 0.425233
0.154736 0.321959
0.136277 0.422025
0.123825 0.390503
0.32891 0.44307
0.278956 0.397126
0.282157 0.411074
0.258911 0.408767
0.169159 0.339492
0.0803213 0.428219
0.0734522 0.32383
0.0361665 0.324751
0.0636432 0.345733
0.031664 0.29466
0.00492019 0.394762
0.0883665 0.340468
0.0739131 0.296667
0.0471631 0.278288
0.0908468 0.309884
0.0427097 0.333821
0.0220663 0.356
0.00945248 0.319917
0.0513634 0.305204
0.0133208 0.328624
0.00724125 0.311592
0.0526686 0.310271
0.0653583 0.396561
0.0398095 0.348724
0.0740948 0.319856
0.121621 0.348472
0.163038 0.324261
0.0980944 0.331142
0.165663 0.318994
0.22142 0.347148
0.262266 0.370196
0.253239 0.350101
0.239673 0.391911
0.229031 0.363618
0.158368 0.394404
0.079145 0.31388
0.0686983 0.350211
0.0358763 0.330969
0.113102 0.393255
0.0890893 0.390188
0.141821 0.425041
0.0727492 0.383497
0.11818 0.357451
0.0608153 0.446713
0.06485 0.429939
0.0779983 0.369634
0.158885 0.298926
0.181895 0.393772
0.0914554 0.454183
0.12708 0.384235
0.0854735 0.313164
0.109152 0.345421
0.111661 0.372197
0.0866722 0.326614
0.143895 0.397996
0.100207 0.369505
0.0945006 0.302579
0.0479201 0.349878
0.0344009 0.368963
0.103056 0.413246
0.0610419 0.347004
0.0936253 0.340625
0.042396 0.333075
0.115093 0.255162
0.0467345 0.292731
0.0225075 0.265271
0.09316 0.307841
0.0315159 0.274021
0.072851 0.249522
0.0978278 0.227255
0.120991 0.334871
0.101091 0.304205
0.152937 0.325407
0.172692 0.325432
0.107487 0.338337
0.150868 0.224066
0.0491261 0.299026
0.0920668 0.342608
0.0615358 0.326275
0.079748 0.307055
0.0312012 0.359545
0.0894375 0.359724
0.0657744 0.379836
0.11545 0.295723
0.0480563 0.405171
0.123733 0.402687
0.102063 0.36441
0.174926 0.328309
0.0862214 0.33549
0.109125 0.366012
0.130464 0.413535
0.192696 0.446619
0.176832 0.33714
0.102067 0.359327
0.169886 0.348007
0.203418 0.326668
0.195246 0.425272
0.296793 0.460612
0.184549 0.44746
0.0747832 0.411522
0.166964 0.349432
0.233331 0.34302
0.145948 0.34244
0.216101 0.440769
0.273356 0.389972
0.128946 0.410924
0.121329 0.379447
0.060762 0.378513
0.0872513 0.430318
0.0438538 0.344915
0.0488692 0.364308
0.0452562 0.36758
0.0451176 0.356132
0.0413439 0.424622
0.15964 0.402367
0.14234 0.401386
0.0789694 0.378047
0.139548 0.389046
0.082409 0.465923
0.139838 0.446883
0.178957 0.415178
0.0641781 0.361486
0.109045 0.432829
0.126009 0.407906
0.0869808 0.397474
0.0966955 0.354252
0.154702 0.419918
0.0681724 0.465198
0.139996 0.413959
0.060432 0.457663
0.0924395 0.407711
0.0687737 0.390914
0.0564039 0.335046
0.149031 0.371642
0.109358 0.387625
0.103841 0.379555
0.125926 0.381231
0.111168 0.361602
0.127441 0.408156
0.110027 0.355328
0.084525 0.366646
0.203187 0.350506
0.147325 0.235706
0.106556 0.356006
0.203514 0.37628
0.156193 0.254135
0.0921354 0.272853
0.141643 0.350476
0.101831 0.280148
0.123439 0.303229
0.125653 0.209528
0.220178 0.250953
0.216952 0.282678
0.0681557 0.257861
0.107867 0.188338
0.134772 0.290995
0.0901475 0.261203
0.113562 0.296096
0.121566 0.220675
0.180708 0.228696
0.153558 0.211718
0.126789 0.144078
0.178802 0.211161
0.116893 0.208986
0.0732808 0.193658
0.0891844 0.172437
0.151618 0.220576
0.136449 0.258614
0.111865 0.275239
0.0497928 0.284796
0.105392 0.279656
0.1022 0.421821
0.114614 0.321339
0.172409 0.433138
0.0154001 0.362332
0.0374997 0.436701
0.0442006 0.442962
0.104253 0.374424
0.040861 0.313719
0.114392 0.23449
0.0664915 0.254377
0.131352 0.317665
0.0828881 0.31659
0.13116 0.330339
0.022221 0.285533
0.0323577 0.382209
0.0272469 0.368842
0.0644825 0.25814
0.159369 0.285397
0.105543 0.28327
0.078745 0.216242
0.194451 0.339469
0.145194 0.32586
0.0530832 0.360199
0.0378884 0.328539
0.0593771 0.341805
0.113358 0.384933
0.0741646 0.371391
0.142918 0.290932
0.138588 0.349552
0.213452 0.306983
0.106577 0.399458
0.118053 0.446317
0.225859 0.393861
0.136952 0.389833
0.122011 0.374352
0.129477 0.370917
0.121392 0.365104
0.110426 0.361028
0.0494727 0.264863
0.0452179 0.291705
0.14195 0.351019
0.0700263 0.438053
0.0206088 0.355952
0.0611616 0.358453
0.0613392 0.256001
0.054225 0.340613
0.17033 0.346151
0.105992 0.329063
0.0627965 0.393233
0.0241071 0.40835
0.0711444 0.440323
0.0816287 0.414929
0.0610599 0.450088
0.151887 0.478271
0.195891 0.459941
0.213843 0.462338
0.144301 0.383926
0.140835 0.398018
0.13769 0.382214
0.174896 0.44353
0.170933 0.426077
0.191347 0.379167
0.190005 0.370983
0.174358 0.381469
0.26481 0.463741
0.124257 0.42356
0.0990316 0.469659
0.0576469 0.403166
0.123578 0.393425
0.107653 0.397168
0.162854 0.326122
0.202041 0.446185
0.0561983 0.42715
0.264311 0.39751
0.13934 0.37907
0.114535 0.405049
0.124601 0.317563
0.148717 0.438004
0.215958 0.370001
0.136003 0.311903
0.267622 0.337541
0.0794782 0.420198
0.10483 0.367796
0.16337 0.382952
0.145888 0.355604
0.117158 0.336438
0.0352308 0.301581
0.0805968 0.347919
0.0865182 0.345826
0.0935025 0.310433
0.132211 0.37118
0.148205 0.375576
0.188807 0.33912
0.184109 0.409734
0.193977 0.428961
0.208069 0.387257
0.125167 0.442544
0.0140435 0.394555
0.155241 0.412741
0.102564 0.3761
0.0423767 0.423397
0.0279023 0.377078
0.108897 0.328983
0.16048 0.273651
0.122069 0.286343
0.124895 0.337946
0.0824231 0.374868
0.140131 0.366006
0.138385 0.347775
0.101649 0.371276
0.112239 0.40518
0.0634173 0.415292
0.0462102 0.343603
0.0800769 0.360459
0.127676 0.328796
0.147795 0.380448
0.210794 0.379801
0.146521 0.388134
0.138721 0.38871
0.17174 0.49864
0.207333 0.471434
0.181586 0.389704
0.128085 0.37337
0.121999 0.390207
0.0949137 0.420408
0.144542 0.448083
0.0992036 0.417194
0.178707 0.369872
0.174685 0.435726
0.213457 0.449595
0.106697 0.462919
0.12402 0.382569
0.1508 0.412325
0.126179 0.456448
0.0832164 0.429948
0.154215 0.362873
0.12361 0.309112
0.145594 0.345687
0.17769 0.289469
0.0324206 0.384615
0.0342566 0.303224
0.191541 0.362698
0.219134 0.349681
0.23686 0.366286
0.0828267 0.290538
0.155061 0.239538
0.104127 0.253381
0.145104 0.264811
0.143729 0.191844
0.141878 0.335001
0.050255 0.284838
0.0205966 0.255786
0.150008 0.330063
0.169711 0.306374
0.237558 0.328385
0.202316 0.328536
0.0702974 0.340437
0.103898 0.323981
0.12787 0.373445
0.106786 0.348775
0.10309 0.441716
0.0237358 0.397977
0.0394291 0.323547
0.0985956 0.34094
0.00860403 0.371481
0.0523228 0.367581
0.0538587 0.35572
0.0796513 0.352424
0.0635486 0.395725
0.0443005 0.334441
0.0207874 0.358687
0.0845373 0.348995
0.0654077 0.37109
0.0564694 0.408431
0.0587427 0.367594
0.211615 0.415983
0.139237 0.36099
0.161999 0.344804
0.144246 0.323779
0.0130713 0.379774
0.0902501 0.334445
0.11419 0.381362
0.101797 0.44633
0.129106 0.418587
0.109313 0.407993
0.106506 0.399275
0.21357 0.347867
0.141328 0.319722
0.0893269 0.274502
0.0780593 0.368949
0.0941727 0.356437
0.0954492 0.378904
0.122542 0.370283
0.0211847 0.302328
0.0753847 0.429891
0.128313 0.309213
0.117417 0.387894
0.0931086 0.380192
0.0762001 0.461485
0.125204 0.407718
0.129724 0.451049
0.0592042 0.381133
0.0959148 0.348178
0.0687616 0.416582
0.112029 0.323274
0.0139908 0.333298
0.0771365 0.274883
0.181158 0.234595
0.16392 0.263834
0.0746632 0.292361
0.166896 0.265876
0.147859 0.34578
0.0624756 0.336923
0.0456328 0.261682
0.0910208 0.31122
0.0273335 0.393989
0.108455 0.357951
0.124652 0.331278
0.0338836 0.375661
0.0622074 0.364669
0.0856384 0.359624
0.152584 0.397844
0.111736 0.370442
0.107549 0.312603
0.055999 0.308511
0.0975976 0.33813
0.0884724 0.448256
0.0787975 0.392067
0.117048 0.419234
0.0542732 0.439401
0.0519927 0.374836
0.0665284 0.360403
0.0516755 0.425999
0.0343083 0.443053
0.0845682 0.384998
0.0353047 0.429557
0.051953 0.412337
0.0517342 0.248795
0.0314387 0.35991
0.0547013 0.309635
0.0420241 0.297594
0.102309 0.358089
0.209447 0.290901
0.168948 0.290656
0.0759741 0.338145
0.0923255 0.320478
0.0939639 0.391593
0.190024 0.446426
0.1355 0.399077
0.00093298 0.408325
0.0445302 0.406668
0.134296 0.380699
0.12441 0.301852
0.0952801 0.381205
0.0564174 0.355039
0.0778912 0.378405
0.0355749 0.37634
0.0508745 0.368877
0.0962957 0.367328
0.105094 0.362967
0.0830768 0.329516
0.122647 0.286988
0.0912561 0.338029
0.102869 0.275884
0.141737 0.249519
0.126587 0.257043
0.080751 0.377911
0.0917499 0.268208
0.118879 0.2492
0.142832 0.370117
0.0809722 0.327684
0.13822 0.274652
0.159568 0.243775
0.174893 0.300432
0.146228 0.313553
0.202188 0.280336
0.258205 0.272748
0.159918 0.273858
0.218534 0.304295
0.119586 0.308096
0.165256 0.240884
0.186652 0.269471
0.113891 0.329235
0.123953 0.28647
0.136658 0.22608
0.0803621 0.220461
0.191444 0.273888
0.123784 0.28816
0.0853016 0.21309
0.0773539 0.132963
0.00978311 0.15377
0.0957572 0.204582
0.154653 0.152591
0.130474 0.0878237
0.159887 0.15197
0.149337 0.153928
0.110992 0.128819
0.125698 0.255238
0.0767686 0.259082
0.143765 0.252818
0.16011 0.286181
0.0671983 0.253992
0.174486 0.237545
0.143916 0.245517
0.141377 0.289689
0.148546 0.26885
0.118397 0.27054
0.0633201 0.342324
0.0711519 0.276912
0.0639779 0.415422
0.0521564 0.321487
0.119733 0.359176
0.191879 0.358925
0.124939 0.338456
0.136911 0.384875
0.102725 0.366466
0.22734 0.452064
0.128139 0.431168
0.219863 0.375531
0.169131 0.36614
0.229764 0.402472
0.122645 0.350258
0.173742 0.362365
0.0242731 0.378131
0.125572 0.391716
0.0632894 0.46087
0.0701521 0.427179
0.0830855 0.414751
0.106785 0.42415
0.0439301 0.449025
0.133937 0.426092
0.103911 0.396909
0.059882 0.342285
0.0795271 0.370144
0.125444 0.415906
0.0967422 0.390828
0.0818607 0.512526
0.104772 0.472756
0.0328738 0.453672
0.0418629 0.384651
0.122605 0.42307
0.147156 0.365952
0.162989 0.43257
0.106725 0.32088
0.165746 0.394215
0.157443 0.377459
0.189994 0.384817
0.124277 0.349508
0.149702 0.365937
0.184378 0.441214
0.136447 0.397268
0.0736661 0.435183
0.0731659 0.452034
0.0416041 0.402075
0.0519051 0.412542
0.111754 0.412693
0.0941421 0.43781
0.0708765 0.398836
0.230407 0.459865
0.218002 0.391928
0.261771 0.402958
0.302704 0.411589
0.29054 0.342269
0.21689 0.379069
0.162086 0.290076
0.115784 0.347402
0.0966713 0.363821
0.0792005 0.366669
0.0928118 0.377367
0.0365924 0.447441
0.0632201 0.410071
0.129296 0.352779
0.0451828 0.383498
0.082361 0.325429
0.116392 0.394111
0.0684378 0.369798
0.0545603 0.391349
0.165638 0.331849
0.0812041 0.447434
0.154352 0.360076
0.0981476 0.414594
0.111671 0.394963
0.124052 0.405896
0.0750829 0.40406
0.120787 0.395932
0.049237 0.441108
0.0874729 0.471855
0.0352954 0.425811
0.115936 0.374393
0.0846769 0.420743
0.181415 0.394359
0.197941 0.381101
0.145487 0.341101
0.0565973 0.395201
0.118401 0.344559
0.114426 0.393969
0.0545022 0.331291
0.10442 0.353586
0.0610285 0.375013
0.196631 0.32461
0.0281143 0.354322
0.138337 0.386641
0.187643 0.412752
0.225132 0.409275
0.128348 0.40615
0.0942207 0.420366
0.131875 0.362286
0.179611 0.366406
0.277806 0.292044
0.187995 0.380701
0.0949457 0.367785
0.146808 0.345165
0.0828123 0.392062
0.0898073 0.390362
0.0799502 0.438382
0.0381536 0.486035
0.0622691 0.468425
0.10893 0.339155
0.132532 0.387826
0.153712 0.392607
0.159707 0.37875
0.101032 0.329131
0.241478 0.325841
0.155307 0.372113
0.195274 0.424998
0.120034 0.303805
0.186898 0.395061
0.122504 0.446937
0.118414 0.476529
0.0998769 0.452233
0.125065 0.427035
0.139013 0.454764
0.0772383 0.419212
0.0796103 0.422061
0.0851755 0.390323
0.0495627 0.336941
0.070986 0.311901
0.134829 0.30763
0.111766 0.342639
0.103067 0.328699
0.103702 0.362325
0.111592 0.359252
0.077617 0.366209
0.0813316 0.371705
0.0451743 0.366569
0.0874063 0.294193
0.0754038 0.264225
0.112772 0.286033
0.184296 0.297487
0.0595189 0.272961
0.0454165 0.301532
0.0614835 0.311385
0.0405509 0.361589
0.0284094 0.307908
0.0636488 0.390097
0.185017 0.354194
0.156644 0.290865
0.0692856 0.318643
0.0759077 0.2799
0.0831055 0.293234
0.0371328 0.313223
0.0514889 0.237934
0.0352333 0.246405
0.120498 0.28533
0.191333 0.310449
0.0611015 0.31792
0.161074 0.341654
0.0668575 0.331749
0.138735 0.343355
0.0405869 0.3475
0.0790254 0.363851
0.160696 0.370569
0.13496 0.346309
0.0611792 0.422207
0.0467638 0.351109
0.123447 0.375979
0.127259 0.337166
0.0214224 0.309098
0.0014216 0.331052
0.0987407 0.326728
0.118651 0.350186
0.034285 0.410386
0.148681 0.340018
0.0642006 0.294092
0.113951 0.321045
0.0335524 0.424168
0.0927153 0.419307
0.0794868 0.37967
0.119452 0.462133
0.166391 0.403466
0.144744 0.363638
0.100727 0.331233
0.110035 0.393312
0.0807987 0.421348
0.0148315 0.357963
0.0858192 0.370387
0.106063 0.423741
0.0912545 0.409272
0.106605 0.40084
0.157875 0.470992
0.0618043 0.396182
0.112436 0.420443
0.0478661 0.395555
0.0952388 0.412276
0.103952 0.439754
0.108233 0.418542
0.158558 0.421457
0.1349 0.423748
0.110568 0.416956
0.141229 0.436201
0.0874617 0.45625
0.247079 0.456527
0.163718 0.404438
0.17145 0.398837
0.0966535 0.42806
0.143874 0.4253
0.120515 0.404517
0.138604 0.44306
0.154461 0.399987
0.193884 0.415651
0.104809 0.429282
0.1403 0.421181
0.118038 0.384476
0.0847047 0.345647
0.103693 0.341174
0.234517 0.398295
0.107656 0.432975
0.166057 0.384402
0.0740078 0.340248
0.0592288 0.250817
0.0681441 0.311806
0.0994442 0.25282
0.116693 0.240911
0.127436 0.23538
0.148068 0.195607
0.142645 0.228903
0.0521332 0.282733
0.126225 0.27626
0.108323 0.336838
0.121605 0.429343
0.157649 0.41089
0.11157 0.368095
0.197666 0.416065
0.207061 0.378669
0.197719 0.389713
0.178814 0.364792
0.0871143 0.4283
0.140205 0.405728
0.180979 0.411684
0.0892664 0.371757
0.125571 0.381359
0.0317402 0.349067
0.101196 0.443837
0.0911582 0.443305
0.118998 0.428209
0.0418163 0.402047
0.0210108 0.427086
0.128031 0.438112
0.254985 0.378644
0.201084 0.390895
0.189152 0.410853
0.0814207 0.460065
0.0412917 0.444037
0.0421542 0.407386
0.0478938 0.442785
0.096466 0.335792
0.0236042 0.38002
0.0380306 0.443978
0.0489394 0.333867
0.0663676 0.425605
0.00881246 0.389457
0.0510486 0.358546
0.0648635 0.35378
0.0484948 0.384181
0.101502 0.387702
0.109772 0.378956
0.171145 0.360106
0.0842487 0.336621
0.163822 0.336494
0.17217 0.264182
0.0886567 0.318913
0.0393516 0.271076
0.00835116 0.363185
0.0719982 0.306747
0.104357 0.315195
0.0892258 0.306977
0.0400375 0.36375
0.0778489 0.295715
0.120674 0.383168
0.210511 0.400438
0.209015 0.41792
0.195688 0.379028
0.219789 0.390349
0.133224 0.412101
0.116379 0.442092
0.10882 0.458843
0.0370584 0.444103
0.095166 0.365885
0.0874613 0.372364
0.0958972 0.462031
0.0688575 0.418567
0.0494027 0.363338
0.0345801 0.329871
0.0779502 0.358493
0.0718511 0.284971
0.10474 0.254552
0.195451 0.282998
0.205988 0.317096
0.125826 0.374128
0.12845 0.418742
0.132889 0.433337
0.0930115 0.430705
0.143899 0.367278
0.08882 0.404776
0.121557 0.409086
0.108032 0.368743
0.146564 0.362176
0.0594207 0.321719
0.100398 0.334363
0.144856 0.379582
0.077482 0.333763
0.207542 0.296088
0.124525 0.311324
0.13241 0.313663
0.14829 0.321094
0.2201 0.305851
0.212936 0.393677
0.160693 0.394759
0.161569 0.365457
0.17128 0.386827
0.133648 0.317892
0.0261381 0.362041
0.0521923 0.36152
0.0522391 0.374869
0.142582 0.34205
0.0482976 0.309129
0.0677598 0.334373
0.164456 0.391977
0.187199 0.358302
0.158157 0.339997
0.0486331 0.400952
0.145795 0.391716
