-315.298
-318.022
-334.997
-335.782
-311.741
-319.545
-331.476
-325.188
-333.733
-310.21
-343.409
-323.901
-328.433
-347.451
-310.962
-326.4
-348.893
-343.441
-306.068
-307.034
-305.6
-317.884
-321.966
-314.192
-314.599
-322.843
-347.354
-343.49
-309.712
-333.721
-319.619
-306.834
-303.361
-348.666
-352.876
-338.366
-337.362
-325.857
-322.332
-338.296
-321.139
-343.992
-337.458
-333.6
-342.211
-325.556
-309.329
-327.506
-336.032
-318.126
-330.598
-315.98
-334.187
-336.899
-318.537
-320.005
-332.908
-330.18
-322.03
-332.558
-323.377
-317.017
-341.461
-336.891
-325.903
-329.29
-316.957
-318.118
-325.589
-332.262
-324.375
-310.864
-321.671
-345.405
-360.157
-326.625
-308.863
-335.407
-337.985
-322.057
-329.159
-322.833
-320.888
-339.706
-327.434
-312.336
-328.311
-321.994
-311.968
-326.152
-305.532
-317.156
-336.335
-320.699
-324.345
-346.567
-338.146
-320.233
-312.556
-317.186
-315.865
-308.403
-328.026
-331.046
-336.963
-313.118
-317.671
-317.613
-323.058
-321.551
-336.96
-351.346
-337.096
-343.526
-319.251
-308.812
-326.561
-328.28
-295.241
-326.409
-291.666
-310.831
-340.311
-320.325
-329.114
-329.406
-319.805
-325.303
-327.442
-329.175
-314.021
-353.544
-326.054
-349.042
-313.316
-328.666
-320.399
-322.854
-322.433
-318.586
-325.459
-341.498
-317.958
-318.955
-320.542
-314.758
-323.167
-324.292
-330.79
-324.509
-302.627
-308.642
-322.713
-333.271
-316.261
-336.497
-329.996
-343.23
-315.126
-324.313
-302.498
-322.524
-332.989
-347.917
-329.543
-298.397
-329.354
-339.993
-338.461
-307.85
-333.679
-314.716
-327.62
-319.029
-328.726
-327.204
-334.839
-321.525
-318.661
-332.628
-316.482
-325.085
-327.083
-308.325
-318.652
-308.594
-305.912
-321.189
-340.373
-323.675
-320.394
-301.965
-310.064
-339.031
-328.288
-333.318
-349.293
-336.501
-332.428
-347.939
-344.74
-328.679
-313.234
-341.135
-314.875
-306.691
-320.403
-323.772
-302.563
-313.276
-336.717
-317.97
-321.543
-296.461
-296.902
-317.101
-317.787
-333.432
-332.689
-331.73
-320.856
-317.619
-323.096
-330.102
-310.959
-329.404
-329.523
-333.023
-314.683
-347.939
-323.06
-318.892
-325.077
-315.975
-331.011
-316.195
-344.906
-319.206
-343.06
-305.439
-339.307
-322.762
-339.378
-337.755
-332.375
-347.186
-323.519
-334.047
-318.954
-329.154
-350.181
-313.668
-345.534
-327.767
-342.114
-329.398
-313.877
-326.791
-298.611
-335.652
-341.537
-327.876
-338.295
-318.483
-296.288
-312.076
-314.483
-321.118
-331.781
-338.094
-327.761
-317.657
-311.645
-332.662
-329.026
-320.005
-339.308
-327.901
-327.658
-335.375
-352.39
-326.201
-320.113
-316.59
-332.547
-332.436
-331.534
-332.302
-304.562
-343.033
-333.139
-311.75
-318.432
-345.937
-337.853
-313.236
-323.611
-317.639
-324.641
-299.704
-319.308
-316.054
-334.897
-318.425
-316.003
-334.55
-342.642
-327.335
-318.327
-331.055
-326.617
-343.656
-320.236
-314.419
-326.61
-329.75
-327.94
-321.577
-314.139
-316.881
-327.224
-323.417
-310.493
-331.024
-319.876
-321.647
-325.061
-324.83
-323.444
-339.926
-317.637
-334.055
-320.795
-323.193
-333.209
-334.188
-299.162
-340.197
-321.773
-318.196
-318.845
-329.513
-322.707
-331.284
-326.392
-326.232
-327.84
-333.327
-305.947
-329.495
-333.613
-313.795
-350.736
-323.77
-318.035
-322.164
-325.684
-313.075
-314.134
-303.434
-301.838
-335.051
-324.58
-323.359
-326.148
-317.016
-323.851
-355.424
-327.228
-331.191
-331.15
-313.807
-333.989
-292.807
-318.734
-316.763
-302.327
-327.932
-326.819
-316.263
-307.988
-300.325
-312.014
-293.136
-318.195
-311.85
-323.198
-326.023
-328.045
-316.871
-338.724
-320.594
-318.592
-323.345
-346.146
-320.011
-317.105
-328.924
-339.849
-322.748
-337.54
-333.037
-332.122
-314.76
-332.236
-343.395
-321.135
-333.669
-337.162
-306.713
-328.66
-320.91
-331.999
-324.4
-320.391
-337.46
-318.483
-339.647
-346.063
-332.033
-318.594
-317.67
-313.456
-329.565
-328.224
-320.81
-311.065
-322.008
-316.491
-320.952
-335.939
-318.313
-339.148
-316.767
-322.955
-321.539
-316.85
-327.883
-334.042
-330.092
-321.008
-323.562
-340.398
-316.315
-341.908
-331.801
-307.023
-326.913
-339.783
-340.7
-338.924
-345.196
-322.648
-333.268
-311.418
-328.859
-321.173
-299.235
-300.006
-317.698
-320.274
-333.079
-316.046
-328.813
-306.335
-319.331
-309.489
-329.398
-309.39
-311.683
-333.418
-330.901
-310.395
-319.537
-331.374
-323.539
-314.194
-329.29
-318.637
-324.602
-336.151
-329.334
-337.719
-315.033
-316.938
-315.5
-325.861
-308.925
-313.94
-300.312
-334.677
-327.085
-318.892
-327.457
-334.789
-326.894
-348.489
-331.116
-361.695
-335.073
-332.783
-319.507
-342.135
-334.942
-342.995
-337.599
-298.816
-319.305
-312.625
-323.69
-317.004
-326.696
-311.33
-336.723
-307.491
-307.209
-315.266
-310.666
-299.636
-337.428
-341.109
-301.619
-349.325
-333.929
-325.561
-337.939
-353.874
-308.919
-315.682
-312.784
-321.096
-334.689
-298.85
-303.468
-308.597
-319.006
-312.496
-297.713
-318.538
-316.097
-313.727
-309.584
-333.243
-327.117
-332.592
-351.937
-340.495
-319.974
-329.968
-303.834
-306.899
-300.576
-303.082
-314.13
-318.384
-304.649
-308.983
-309.936
-314.633
-317.381
-315.267
-313.515
-288.346
-327.088
-317.433
-333.99
-337.217
-329.293
-313.617
-341.296
-329.178
-332.237
-329.923
-321.807
-332.378
-323.838
-308.387
-312.213
-330.281
-335.005
-333.541
-324.08
-321.868
-324.589
-324.256
-344.591
-350.511
-335.434
-334.677
-316.559
-305.807
-326.746
-326.954
-320.22
-331.537
-327.404
-330.288
-327.807
-329.167
-325.624
-316.175
-325.99
-342.37
-325.15
-328.519
-324.164
-326.013
-356.091
-330.167
-345.526
-345.67
-332.951
-330.691
-340.458
-321.376
-321.045
-327.947
-324.896
-310.062
-326.906
-323.629
-327.21
-323.502
-326.87
-327.636
-315.898
-320.126
-331.039
-323.204
-328.57
-328.104
-350.448
-338.893
-332.826
-346.087
-323.384
-336.711
-319.011
-331.575
-324.636
-310.724
-320.807
-337.553
-336.617
-318.868
-319.04
-322.835
-302.938
-296.326
-307.361
-340.369
-322.313
-339.21
-328.796
-325.741
-314.829
-324.768
-309.371
-335.822
-322.072
-302.444
-326.771
-336.729
-355.202
-344.984
-338.718
-336.274
-326.857
-341.19
-329.373
-314.609
-325.915
-339.041
-324.201
-323.386
-339.979
-339.052
-335.309
-315.726
-329.663
-333.315
-308.934
-314.467
-306.286
-319.719
-313.165
-344.648
-322.639
-340.669
-314.69
-327.651
-323.584
-344.316
-328.722
-321.788
-280.025
-300.903
-314.118
-317.183
-315.98
-319.621
-327.421
-329.177
-327.543
-314.132
-312.786
-302.267
-323.958
-307.978
-293.216
-317.83
-318.09
-313.25
-306.401
-313.278
-332.245
-334.91
-315.276
-307.003
-298.718
-323.838
-331.099
-329.573
-310.629
-331.625
-308.815
-318.711
-301.076
-314.699
-299.007
-282.853
-310.708
-304.436
-335.348
-309.337
-327.881
-319.37
-297.146
-299.862
-315.291
-306.356
-321.622
-306.853
-317.014
-302.142
-299.339
-342.48
-342.677
-324.725
-331.4
-330.184
-336.861
-338.943
-322.469
-346.267
-321.426
-318.876
-320.719
-327.406
-319.241
-315.204
-318.103
-352.567
-322.939
-348.822
-316.216
-346.004
-304.369
-303.701
-322.247
-338.817
-335.674
-330.089
-352.659
-337.637
-320.631
-329.324
-342.173
-329.485
-309.873
-321.096
-303.723
-338.669
-298.745
-331.625
-293.155
-327.599
-328.036
-342.331
-331.848
-318.44
-358.416
-329.692
-350.424
-343.947
-316.555
-326.538
-317.957
-316.161
-320.337
-324.702
-315.486
-348.211
-330.742
-332.369
-327.24
-325.73
-312.21
-336.26
-347.7
-333.503
-329.689
-309.054
-323.923
-338.616
-327.318
-305.549
-342.695
-325.187
-332.961
-347.219
-343.767
-336.765
-328.747
-329.76
-318.785
-320.248
-317.634
-289.857
-319.39
-322.798
-343.425
-316.692
-312.694
-329.96
-313.947
-341.132
-322.961
-308.09
-311.923
-326.692
-308.918
-309.943
-314.061
-316.347
-319.153
-306.453
-306.011
-303.464
-299.04
-306.19
-308.019
-320.257
-345.953
-291.093
-313.094
-328.989
-317.274
-320.493
-347.915
-342.082
-317.66
-335.459
-335.746
-316.193
-343.526
-325.107
-340.429
-331.792
-339.288
-317.864
-300.907
-311.361
-326.2
-326.727
-299.278
-326.656
-331.688
-331.996
-333.267
-307.374
-309.135
-349.689
-325.497
-335.28
-305.324
-307.069
-313.069
-321.599
-328.461
-322.16
-335.11
-302.294
-342.296
-359.424
-348.129
-355.679
-325.735
-308.811
-336.711
-335.755
-319.007
-313.695
-314.696
-330.476
-350.571
-320.752
-322.532
-337.305
-334.267
-334.174
-335.315
-327.579
-331.563
-338.763
-303.046
-321.07
-310.855
-291.832
-334.741
-322.586
-320.624
-332.036
-340.75
-341.957
-344.622
-348.241
-327.332
-322.468
-329.295
-315.297
-322.881
-307.676
-332.233
-333.839
-321.652
-323.77
-318.464
-316.243
-319.716
-328.259
-325.79
-333.826
-332.84
-323.995
-331.457
-350.98
-308.25
-310.57
-339.599
-339.574
-326.853
-337.725
-329.803
-331.971
-327.377
-335.652
-340.868
-330.395
-318.286
-323.703
-324.091
-327.21
-312.243
-326.757
-322.951
-326.355
-327.958
-333.167
-335.618
-328.431
-346.085
-319.129
-320.125
-336.744
-316.582
-310.14
-302.866
-330.352
-319.648
-315.738
-322.861
-321.645
-329.701
-318.156
-334.157
-348.473
-334.362
-323.655
-321.118
-346.327
-318.265
-335.81
-338.258
-324.199
-319.578
-324.22
-333.79
-331.63
-339.983
-317.298
-343.93
-339.816
-337.059
-345.454
-322.798
-320.786
-333.808
-307.214
-329.732
-330.468
-335.003
-329.377
-329.327
-326.963
-322.356
-297.235
-322.257
-316.833
-304.42
-307.663
-315.834
-331.073
-298.291
-321.25
-325.282
-327.728
-306.627
-321.522
-321.86
-335.954
-334.935
-335.43
-321.749
-333.376
-321.135
-323.958
-323.184
-311.374
-336.306
-341.055
-298.479
-338.198
-335.04
-339.741
-342.076
-329.152
-307.947
-323.494
-313.108
-339.648
-323.528
-339.893
-346.276
-331.474
-309.315
-335.674
-330.14
-343.757
-333.642
-344.882
-340.734
-338.027
-337.876
-333.899
-343.634
-323.079
-330.639
-343.083
-325.095
-327.435
-340.604
-329.838
-333.196
-326.78
-326.769
-319.688
-313.221
-319.611
-327.893
-335.448
-340.372
-340.904
-331.438
-316.012
-314.26
-333.979
-346.123
-326.859
-315.208
-327.377
-328.971
-312.467
-350.449
-343.152
-310.29
-309.98
-321.223
-317.465
-317.015
-325.033
-341.565
-312.638
-349.08
-338.153
-324.881
-321.973
-349.212
-327.128
-336.708
-322.727
-340.816
-339.881
-326.231
-346.027
-333.661
-340.552
-345.245
-332.404
-327.616
-317.62
-320.594
-320.542
-334.634
-329.739
-319.285
-312.531
-321.012
-333.859
-338.45
-332.528
-327.848
-326.645
-319.699
-312.205
-305.075
-317.499
-361.301
-326.684
-323.519
-314.485
-315.716
-313.736
-316.723
-317.448
-325.639
-311.105
-312.559
-299.89
-303.549
-307.622
-322.966
-301.096
-318.494
-314.188
-312.945
-338.52
-330.152
-324.534
-320.226
-319.695
-338.782
-340.271
-315.93
-326.581
-315.278
-310.53
-321.517
-340.739
-339.464
-319.003
-315.838
-315.12
-316.328
-305.183
-324.303
-326.269
-326.559
-324.361
-337.215
-332.516
-308.692
-330.361
-335.101
-301.803
-313.783
-333.356
-333.179
-333.391
-337.175
-325.563
-307.768
-331.749
-326.989
-337.329
-328.432
-339.636
-314.154
-309.599
-321.907
-317.768
-322.039
-322.184
-322.551
-320.671
-306.782
-309.124
-307.075
-317.168
-339.464
-318.703
-332.246
-325.439
-324.215
-320.518
-312.9
-324.649
-329.291
-315.227
-315.417
-331.095
-341.865
-306.471
-306.969
-298.855
-321.575
-325.271
-311.707
-327.706
-330.645
-322.616
-324.769
-330.314
-336.354
-334.573
-329.58
-333.861
-325.485
-320.829
-329.398
-307.659
-294.918
-309.975
-319.693
-297.233
-336.864
-321.706
-332.697
-324.429
-330.116
-313.466
-336.963
-328.495
-332.976
-331.395
-304.632
-345.526
-330.903
-319.055
-329.829
-316.463
-318.844
-324.444
-308.434
-327.185
-327.89
-321.719
-332.682
-313.997
-340.703
-314.923
-318.582
-314.063
-290.537
-318.939
-309.858
-296.854
-323.576
-309.916
-325.762
-297.104
-317.996
-322.669
-314.412
-327.364
-318.975
-314.233
-303.847
-319.094
-301.461
-312.029
-299.248
-322.81
-326.869
-325.169
-319.653
-338.37
-321.184
-308.045
-301.301
-329.057
-329.458
-326.946
-322.699
-308.175
-318.637
-292.849
-311.407
-333.863
-337.892
-335.6
-323.536
-321.061
-325.245
-310.625
-327.502
-339.261
-341.832
-303.833
-325.238
-321.856
-344.758
-321.406
-334.567
-294.27
-334.784
-329.812
-305.599
-311.035
-333.899
-318.683
-331.996
-344.877
-344.251
-324.37
-337.523
-329.878
-308.39
-341.173
-328.333
-303.012
-337.385
-324.45
-301.273
-286.205
-319.597
-321.049
-315.67
-327.609
-350.493
-338.359
-333.625
-345.697
-345.311
-328.095
-323.909
-312.069
-327.267
-311.388
-325.087
-312.271
-307.377
-299.491
-330.521
-335.336
-330.665
-347.547
-330.757
-304.933
-334.28
-335.036
-328.112
-338.657
-333.818
-341.31
-317.721
-312.343
-284.666
-316.057
-312.445
-309.882
-312.078
-306.776
-316.057
-327.121
-344.294
-333.696
-324.645
-335.669
-337.455
-332.652
-322.052
-335.66
-334.361
-335.218
-344.635
-336.259
-323.862
-328.712
-338.039
-337.711
-313.834
-338.773
-330.999
-331.655
-346.762
-327.767
-324.332
-340.219
-310.872
-305.248
-354.874
-329.389
-318.334
-324.25
-320.965
-340.851
-318.574
-340.468
-331.181
-349.878
-316.177
-302.598
-313.015
-306.685
-312.205
-334.043
-305.315
-330.405
-323.839
-330.007
-322.138
-336.092
-335.021
-310.98
-322.562
-331.113
-308.412
-302.68
-312.955
-325.87
-331.841
-334.185
-344.497
-317.67
-311.518
-302.674
-320.096
-323.288
-320.239
-309.252
-345.362
-318.791
-320.776
-322.327
-321.264
-316.841
-341.02
-340.816
-332.924
-346.256
-342.078
-324.754
-331.615
-313.824
-347.106
-348.404
-328.5
-310.026
-314.686
-321.662
-321.171
-337.242
-331.087
-314.739
-333.262
-313.253
-331.712
-316.279
-307.053
-303.448
-293.551
-302.384
-296.553
-309.214
-323.65
-300.984
-325.434
-297.455
-317.726
-309.174
-314.571
-302.672
-280.648
-314.703
-341.941
-331.71
-321.671
-326.653
-315.882
-295.019
-333.93
-332.163
-330.667
-328.968
-344.493
-301.545
-334.305
-314.998
-295.2
-311.112
-306.297
-307.197
-320.74
-349.45
-299.928
-307.759
-324.417
-333.419
-336.987
-316.461
-309.537
-304.534
-332.136
-310.501
-330.036
-319.335
-334.103
-343.041
-336.126
-344.939
-312.275
-332.907
-323.927
-316.042
-329.378
-323.992
-314.912
-308.965
-329.216
-347.345
-314.602
-324.884
-325.183
-316.568
-304.732
-319.989
-323.647
-325.099
-330.552
-334.998
-327.724
-309.714
-318.632
-341.065
-318.123
-336.587
-350.725
-343.995
-338.76
-308.902
-331.871
-337.692
-315.199
-307.767
-340.163
-315.53
-318.746
-312.619
-292.497
-318.891
-330.598
-336.17
-348.09
-330.195
-323.479
-340.203
-341.804
-323.939
-331.811
-316.933
-304.921
-331.431
-342.931
-348.858
-326.223
-324.875
-338.122
-330.87
-310.51
-330.428
-316.759
-306.971
-307.096
-301.503
-308.026
-325.567
-302.947
-314.61
-315.74
-304.555
-337.07
-321.475
-321.582
-318.018
-313.585
-302.209
-324.931
-313.698
-321.707
-304.649
-318.63
-314.946
-313.83
-310.652
-310.368
-296.785
-330.694
-313.435
-305.906
-329.417
-321.474
-320.324
-312.605
-332.048
-317.706
-355.411
-321.401
-329.092
-338.803
-330.459
-336.702
-313.745
-302.012
-313.182
-334.754
-315.684
-334.459
-300.035
-314.416
-313.327
-337.297
-330.539
-343.963
-323.776
-346.382
-340.6
-343.07
-325.216
-313.41
-336.232
-337.682
-346.568
-360.266
-344.415
-336.982
-326.163
-341.164
-313.362
-313.929
-312.914
-308.912
-318.313
-306.71
-335.255
-315.836
-317.821
-331.245
-289.998
-320.112
-325.954
-314.81
-308.85
-298.79
-323.964
-311.129
-298.77
-309.436
-310.098
-315.697
-322.272
-312.635
-305.805
-313.961
-319.106
-311.088
-311.646
-314.004
-326.542
-321.139
-329.715
-310.268
-323.967
-321.469
-311.189
-310.598
-321.889
-314.97
-322.676
-346.735
-351.079
-325.383
-330.454
-341.589
-324.604
-322.455
-335.531
-314.549
-344.672
-341.611
-324.299
-321.402
-338.551
-324.064
-320.486
-345.342
-347.995
-323.376
-338.726
-346.341
-307.521
-325.88
-340.24
-324.071
-320.488
-353.732
-318.293
-325.69
-328.155
-318.27
-316.013
-328.042
-333.808
-329.004
-328.422
-344.347
-342.902
-344.409
-349.393
-330.28
-340.015
-312.069
-311.435
-292.714
-307.714
-302.929
-313.414
-307.201
-295.329
-326.846
-338.366
-340.345
-337.364
-348.09
-345.409
-320.969
-318.278
-309.708
-307.778
-314.956
-326.228
-326.213
-308.55
-321.972
-340.268
-331.561
-317.557
-337.101
-338.042
-331.897
-316.796
-328.187
-339.362
-305.133
-338.973
-334.869
-341.338
-322.535
-307.58
-327.172
-325.551
-303.331
-311.879
-329.396
-308.568
-325.297
-328.557
-317.492
-322.657
-315.279
-326.423
-336.773
-321.84
-317.305
-311.314
-312.464
-310.87
-307.245
-321.035
-332.508
-311.548
-330.548
-323.286
-306.802
-320.95
-303.045
-322.358
-323.086
-347.785
-317.573
-320.076
-326.785
-300.078
-308.374
-308.255
-299.048
-325.736
-319.392
-312.334
-321.288
-323.94
-316.649
-342.651
-319.053
-324.707
-324.422
-345.908
-360.087
-342.419
-347.805
-336.154
-333.126
-319.907
-316.528
-319.367
-350.574
-340.381
-351.749
-299.696
-329.175
-315.885
-353.061
-314.44
-321.388
-323.77
-335.14
-326.025
-344.411
-316.495
-315.81
-316.579
-300.853
-337.884
-317.703
-320.371
-317.575
-304.114
-312.748
-340.711
-339.068
-350.883
-318.825
-314.995
-330.196
-312.624
-334.017
-343.168
-326.873
-317.593
-343.696
-310.531
-324.816
-325.822
-322.035
-307.372
-322.276
-319.922
-323.153
-345.387
-346.15
-328.48
-332.684
-322.727
-341.139
-300.271
-311.146
-338.046
-327.038
-332.576
-309.388
-315.263
-335.068
-340.673
-330.023
-338.086
-318.503
-317.182
-337.988
-331.526
-338.352
-325.925
-310.747
-335.54
-325.334
-324.074
-322.522
-323.417
-327.275
-319.975
-298.192
-309.474
-303.262
-330.48
-308.444
-319.196
-306.016
-306.297
-314.308
-317.812
-305.549
-339.942
-321.55
-350.553
-345.004
-308.936
-314.007
-310.701
-329.206
-325.383
-322.366
-332.032
-328.519
-301.278
-321.073
-292.864
-305.223
-315.159
-305.812
-320.697
-309.127
-325.722
-318.615
-320.435
-323.042
-306.762
-300.157
-319.095
-325.048
-330.592
-309.018
-301.541
-309.812
-328.154
-319.03
-312.826
-330.797
-313.415
-323.447
-298.352
-316.859
-326.163
-317.839
-318.462
-307.153
-301.56
-320.501
-299.942
-322.071
-308.185
-316.829
-308.649
-321.269
-313.648
-328.859
-320.788
-300.678
-314.101
-310.995
-317.328
-305.778
-291.655
-317.248
-303.146
-313.417
-322.645
-309.052
-328.372
-299.51
-307.399
-319.827
-318.518
-315.824
-338.025
-318.151
-322.189
-334.968
-353.421
-342.169
-318.616
-333.361
-333.115
-320.497
-357.062
-320.673
-336.366
-316.108
-329.223
-335.066
-349.588
-312.45
-336.252
-325.243
-328.998
-307.596
-308.958
-330.153
-300.846
-304.436
-308.726
-326.104
-330.339
-332.191
-323.383
-326.566
-342
-311.948
-309.28
-304.986
-325.292
-311.255
-282.848
-315.848
-303.455
-328.681
-327.738
-310.614
-333.269
-333.429
-316.085
-334.113
-315.844
-330.624
-326.105
-325.167
-321.477
-314.952
-344.795
-323.435
-330.739
-320.398
-337.606
-326.785
-331.598
-347.456
-327.281
-326.492
-326.883
-318.405
-317.789
-313.164
-301.113
-312.865
-316.738
-295.5
-315.65
-323.999
-301.026
-305.555
-312.025
-329.017
-319.992
-305.315
-327.829
-320.425
-334.362
-310.819
-325.462
-321.685
-334.047
-315.663
-335.666
-347.692
-313.379
-323.093
-324.942
-312.52
-304.196
-314.338
-301.433
-307.467
-308.692
-326.721
-340.894
-335.379
-313.212
-319.675
-326.141
-357.769
-326.466
-313.935
-312.824
-323.996
-335.537
-333.176
-349.174
-336.484
-338.513
-336.344
-317.075
-326.607
-339.767
-335.816
-321.058
-307.314
-327.482
-307.9
-308.314
-314.566
-326.586
-316.693
-312.426
-308.639
-334.124
-327.652
-339.389
-310.571
-308.393
-322.034
-333.671
-329.117
-348.531
-330.812
-302.865
-321.063
-312.999
-328.212
-303.427
-315.875
-314.822
-311.308
-299.862
-292.692
-314.785
-323.494
-324.434
-340.182
-333.974
-364.648
-357.458
-323.174
-317.891
-327.395
-325.279
-332.838
-332.748
-321.834
-330.453
-328.749
-325.637
-350.567
-322.043
-330.575
-318.587
-299.413
-331.207
-334.392
-333.012
-308.061
-323.993
-312.005
-295.272
-334.815
-337.01
-323.564
-313.992
-336.826
-340.763
-328.385
-325.391
-335.228
-349.045
-310.37
-337.787
-327.599
-333.579
-322.424
-332.858
-314.887
-317.758
-341.712
-332.638
-341.984
-342.116
-310.039
-327.023
-352.423
-332.694
-312.084
-310.341
-318.537
-335.31
-327.623
-320.279
-341.825
-355.638
-329.018
-348.023
-344.488
-329.055
-314.332
-318.479
-334.396
-318.666
-309.988
-336.03
-319.822
-334.65
-321.458
-317.462
-294.786
-326.478
-321.729
-329.53
-316.626
-337.895
-344.103
-324.816
-334.926
-341.384
-331.999
-322.251
-317.063
-306.401
-325.865
-305.268
-322.318
-317.644
-314.762
-312.451
-307.662
-309.635
-308.425
-311.348
-314.709
-301.971
-291.124
-307.291
-313.117
-333.378
-329.294
-300.529
-316.8
-323.365
-329.028
-333.862
-321.569
-303.926
-312.331
-315.105
-328.285
-311.172
-313.019
-310.955
-316.857
-342.883
-333.52
-315.693
-318.939
-327.659
-328.744
-311.326
-312.281
-307.558
-320.799
-316.536
-312.655
-327.552
-318.646
-325.381
-335.644
-342.478
-311.118
-334.581
-332.745
-326.957
-326.523
-295.992
-322.571
-328.703
-323.749
-334.762
-352.425
-318.695
-351.708
-330.266
-329.29
-344.375
-334.285
-341.676
-346.823
-334.793
-325.817
-316.9
-331.91
-319.467
-310.602
-317.937
-313.237
-336.128
-326.357
-320.855
-304.546
-315.71
-332.391
-326.351
-327.997
-324.163
-324.07
-321.597
-317.669
-339.259
-348.003
-333.512
-314.974
-305.399
-302.882
-313.885
-321.197
-333.54
-338.503
-319.341
-300.38
-316.527
-311.717
-351.055
-320.729
-332.104
-321.757
-306.039
-312.821
-313.509
-320.254
-310.26
-327.662
-337.124
-325.811
-312.923
-309.123
-310.355
-323.073
-322.799
-341.452
-327.879
-315.673
-304.493
-330.041
-306.103
-315.275
-315.204
-323.303
-289.372
-306.009
-331.743
-321.815
-307.57
-290.843
-312.165
-315.103
-315.13
-329.765
-307.567
-326.064
-304.352
-333.938
-327.061
-319.617
-303.448
-335.946
-335.58
-340.435
-323.62
-331.95
-325.362
-316.54
-341.238
-309.318
-313.559
-297.677
-312.777
-322.311
-312.355
-327.215
-318.464
-304.291
-323.213
-306.377
-315.207
-340.761
-336.062
-331.89
-336.089
-333.371
-328.455
-319.64
-313.888
-347.249
-320.331
-341.31
-334.537
-321.054
-314.497
-328.436
-329.866
-316.924
-333.621
-337.151
-318.196
-320.323
-346.616
-316.577
-309.992
-311.334
-313.361
-329.055
-291.489
-328.436
-324.238
-317.728
-304.573
-325.128
-327.713
-328.18
-311.762
-331.92
-325.124
-333.437
-319.917
-351.737
-334.399
-347.288
-340.324
-299.101
-299.942
-328.315
-329.913
-309.787
-316.955
-341.847
-333.101
-314.265
-324.674
-333.197
-308.635
-319.189
-325.115
-333.756
-323.97
-333.503
-321.885
-310.668
-323.223
-314.327
-332.915
-319.109
-328.061
-308.871
-323.502
-299.26
-324.324
-339.677
-323.869
-328.548
-309.005
-320.934
-306.083
-323.909
-311.424
-340.234
-328.965
-329.331
-331.969
-341.242
-331.45
-319.608
-341.626
-332.874
-344.092
-340.426
-316.775
-331.845
-338.549
-337.345
-324.575
-340.747
-328.139
-333.189
-331.548
-326.934
-327.925
-330.868
-341.54
-321.688
-344.547
-298.756
-303.009
-310.541
-348.651
-309.09
-325.647
-328.447
-313.216
-317.593
-324.151
-305.337
-343.553
-334.633
-323.809
-308.194
-315.223
-307.984
-335.934
-333.909
-332.232
-333.534
-312.264
-339.554
-310.069
-332.745
-338.505
-310.542
-311.358
-325.11
-319.738
-334.653
-328.283
-299.771
-318.533
-312.331
-324.363
-316.825
-317.805
-318.932
-336.617
-325.936
-326.815
-321.157
-322.628
-300.92
-304.14
-311.515
-325.781
-328.363
-322.784
-331.5
-352.267
-293.615
-324.822
-344.894
-316.946
-293.458
-326.073
-321.463
-318.28
-333.341
-322.861
-311.005
-315.46
-324.943
-322.27
-318.979
-339.598
-330.819
-346.943
-331.954
-332.548
-318.69
-316.545
-330.626
-296.264
-305.652
-314
-320.251
-322.951
-328.462
-321.238
-331.834
-332.258
-322.006
-325.022
-354.269
-346.463
-322.214
-325.613
-315.279
-334.004
-323.057
-327.716
-323.437
-314.463
-340.004
-306.695
-313.79
-329.476
-299.345
-296.1
-315.769
-314.632
-323.065
-321.013
-308.097
-326.464
-324.312
-321.035
-320.857
-313.686
-329.973
-348.873
-311.92
-332.427
-335.866
-324.398
-309.259
-326.176
-306.884
-315.238
-329.117
-308.679
-312.96
-317.034
-302.932
-307.355
-302.178
-318.657
-333.376
-335.909
-318.249
-319.145
-339.906
-325.791
-318.637
-324.529
-312.671
-320.59
-306.828
-325.041
-319.248
-299.226
-305.238
-319.597
-355.024
-328.744
-333.073
-325.734
-325.809
-312.094
-328.862
-336.305
-323.969
-321.922
-316.203
-301.631
-315.923
-320.488
-312.283
-309.929
-337.505
-312.535
-341.529
-293.932
-294.671
-332.692
-323.75
-313.282
-313.716
-338.244
-331.859
-334.024
-314.332
-326.654
-322.563
-343.348
-341.576
-334.558
-340.926
-336.428
-322.017
-333.773
-344.389
-324.505
-330.828
-328.208
-323.221
-328.265
-298.662
-310.613
-321.227
-322.406
-303.373
-315.712
-313.184
-319.113
-318.527
-314.738
-316.792
-311.515
-310.175
-304.085
-311.262
-298.958
-319.352
-290.936
-323.444
-322.193
-330.826
-326.411
-319.522
-341.169
-334.565
-318.651
-324.745
-326.866
-321.093
-337.879
-325.973
-309.468
-324.164
-352.306
-319.406
-326.945
-340.357
-327.78
-310.823
-310.681
-340.94
-339.894
-332.813
-324.404
-315.827
-317.331
-309.505
-313.925
-316.22
-338.562
-317.023
-311.958
-290.834
-319.723
-340.55
-346.262
-333.976
-327.445
-321.788
-340.567
-323.226
-316.716
-344.997
-321.166
-340.271
-332.609
-336.702
-317.461
-329.072
-330.528
-304.152
-325.678
-337.618
-321.807
-293.156
-344.763
-329.079
-322.225
-330.514
-320.132
-314.467
-334.549
-324.512
-328.155
-335.083
-333.785
-331.708
-325.968
-316.31
-331.755
-314.275
-317.434
-330.728
-345.89
-324.145
-318.572
-319.278
-315.584
-346.444
-333.293
-331.868
-339.335
-326.892
-322.047
-343.519
-324.854
-334.626
-317.758
-338.876
-330.543
-333.508
-330.435
-342.382
-330.842
-325.932
-334.78
-327.114
-315.79
-314.699
-319.055
-346.486
-348.795
-320.451
-325.571
-319.416
-332.939
-315.481
-332.566
-335.329
-328.746
-346.577
-328.326
-312.723
-312.915
-347.693
-336.351
-329.544
-328.759
-319.337
-310.677
-310.773
-319.242
-308.911
-309.008
-314.708
-326.95
-310.733
-333.721
-333.9
-309.963
-297.494
-330.542
-309.657
-334.021
-332.637
-330.126
-336.362
-337.159
-335.191
-309.557
-322.889
-357.376
-343.349
-325.207
-320.889
-324.135
-335.183
-331.047
-310.502
-319.435
-313.59
-310.772
-309.699
-305.785
-291.498
-312.82
-324.644
-310.639
-347.532
-325.308
-341.955
-309.072
-316.694
-333.466
-337.434
-330.397
-330.42
-344.379
-328.778
-327.159
-330.35
-335.839
-336.106
-326.355
-325.332
-332.417
-338.352
-311.156
-346.697
-317.037
-303.624
-331.06
-342.826
-315.587
-301.953
-296.296
-324.804
-320.48
-351.733
-320.751
-303.433
-315.236
-307.547
-305.644
-305.514
-323.828
-310.376
-336.869
-319.114
-325.601
-302.293
-347.177
-335.712
-314.741
-320.187
-342.404
-303.404
-306.84
-300.413
-303.573
-319.441
-333.301
-317.811
-334.417
-319.678
-307.273
-327.769
-309.347
-282.097
-326.608
-323.948
-333.451
-332.228
-326.86
-301.273
-322.215
-334.82
-316.271
-322.905
-316.092
-332.67
-350.668
-320.226
-328.209
-334.359
-318.864
-325.246
-307.565
-314.776
-319.133
-333.998
-319.32
-334.324
-327.074
-335.028
-313.047
-327.564
-316.467
-326.582
-331.605
-330.514
-319.694
-348.72
-314.622
-319.249
-316.539
-339.954
-333.72
-338.046
-329.26
-327.253
-325.673
-324.893
-325.067
-327.874
-362.893
-321.003
-313.97
-322.466
-329.077
-317.517
-308.598
-323.268
-323.013
-337.234
-314.211
-323.426
-318.754
-297.1
-338.581
-331.525
-306.946
-330.582
-321.675
-291.401
-320.413
-307.901
-294.044
-333.063
-300.131
-304.068
-313.878
-294.473
-314.662
-317.76
-298.254
-326.639
-334.255
-330.028
-321.738
-341.323
-331.473
-338.787
-339.365
-323.621
-311.803
-314.996
-320.253
-299.345
-324.168
-344.187
-304.711
-301.59
-316.651
-306.887
-304.279
-283.879
-319.9
-320.431
-310.21
-309.957
-306.314
-317.941
-295.851
-306.642
-325.971
-319.225
-327.293
-325.868
-334.306
-314.253
-324.04
-313.297
-320.848
-329.371
-295.836
-315.72
-326.395
-323.984
-309.704
-313.423
-316.903
-322.636
-311.226
-322.33
-326.439
-325.488
-327.264
-313
-309.839
-317.928
-314.064
-304.232
-323.266
-319.449
-319.271
-302.354
-332.109
-336.554
-313.83
-327.492
-310.408
-339.466
-356.141
-334.763
-323.452
-313.991
-324.875
-324.238
-315.263
-307.637
-325.689
-320.385
-315.047
-299.658
-307.984
-300.116
-311.896
-309.986
-340.321
-309.696
-320.401
-302.225
-299.674
-309.585
-307.262
-308.3
-312.308
-318.245
-323.103
-334.436
-307.792
-326.429
-326.375
-310.349
-326.37
-303.119
-313.508
-332.95
-339.992
-343.576
-326.377
-339.612
-336.217
-315.094
-317.344
-316.113
-344.076
-325.792
-315.132
-312.652
-309.88
-324.663
-306.166
-330.399
-312.468
-303.378
-314.685
-311.15
-300.389
-305.266
-321.259
-318.946
-311.519
-328.796
-321.916
-330.64
-324.34
-322.586
-315.607
-321.269
-325.12
-325.117
-345.798
-320.812
-338.726
-335.311
-306.863
-324.971
-328.794
-337.942
-336.147
-313.881
-302.249
-295.708
-335.379
-323.798
-336.495
-319.118
-313.063
-329.253
-346.093
-295.155
-302.732
-330.859
-309.433
-305.595
-320.035
-323.021
-322.175
-329.247
-321.648
-319.462
-328.621
-319.456
-310.67
-322.482
-323.546
-333.287
-302.135
-327.396
-322.033
-316.651
-325.358
-323.205
-341.511
-315.777
-329.432
-320.013
-335.789
-335.009
-322.23
-328.834
-332.875
-343.563
-339.914
-329.374
-340.481
-333.115
-361.362
-332.931
-348.404
-318.49
-336.696
-327.042
-315.251
-345.375
-327.791
-315.202
-319.269
-323.306
-303.587
-310.359
-314.672
-331.044
-330.82
-337.398
-320.454
-311.662
-327.347
-324.456
-314.547
-331.436
-301.308
-316.698
-322.875
-319.387
-306.088
-347.606
-311.731
-315.696
-302.196
-312.532
-316.109
-315.075
-311.758
-327.173
-313.984
-315.098
-318.624
-330.336
-327.948
-333.377
-341.409
-314.233
-324.52
-325.368
-346.411
-338.585
-337.535
-323.742
-316.573
-354.793
-333.189
-328.804
-326.155
-324.86
-312.726
-302.355
-323.824
-305.534
-320.837
-325.908
-318.09
-341.202
-334.42
-342.584
-312.891
-344.474
-332.41
-325.645
-308.944
-327.661
-318.957
-349.263
-323.353
-339.142
-328.005
-341.81
-338.104
-317.786
-327.261
-321.865
-330.259
-332.679
-327.778
-323.808
-340.282
-329.418
-307.164
-328.846
-330.883
-332.217
-334.477
-326.48
-334.585
-326.551
-327
-332.918
-326.091
-315.077
-327.393
-316.376
-324.827
-315.347
-324.283
-330.652
-323.14
-326.676
-324.781
-310.443
-327.77
-336.364
-331.079
-337.921
-325.666
-351.174
-315.904
-302.349
-311.688
-326.307
-323.756
-313.061
-333.194
-339.951
-310.832
-330.509
-331.079
-326.894
-325.933
-305.148
-311.333
-313.086
-336.939
-340.635
-315.62
-328.894
-336.746
-324.811
-343.357
-327.778
-342.556
-307.477
-318.531
-330.137
-327.21
-353
-333.099
-341.848
-341.574
-327.466
-345.462
-344.375
-321.379
-335.836
-324.422
-324.959
-305.376
-342.179
-328.233
-325.637
-303.387
-319.222
-336.039
-332.786
-325.189
-313.311
-337.544
-326.936
-333.57
-302.636
-318.934
-328.922
-333.179
-325.075
-334.029
-326.81
-336.97
-331.048
-336.311
-326.723
-312.161
-331.511
-319.115
-336.339
-330.842
-322.461
-322.213
-301.805
-314.916
-306.749
-316.439
-310.462
-324.561
-327.871
-322.621
-306.634
-309.448
-330.092
-324.714
-331.706
-326.849
-329.231
-315.666
-316.362
-326.204
-307.103
-326.909
-331.376
-310.097
-331.03
-344.542
-335.937
-326.147
-326.072
-320.331
-321.806
-349.318
-329.18
-326.098
-318.791
-291.654
-311.737
-330.108
-299.232
-319.449
-322.367
-306.208
-312.544
-299.852
-317.66
-311.547
-305.972
-330.826
-328.079
-308.66
-297.319
-322.558
-308.229
-325.706
-313.384
-320.508
-307.819
-321.942
-318.99
-331.419
-323.629
-328.949
-319.814
-336.245
-334.18
-315.676
-331.256
-343.929
-343.165
-327.768
-320.569
-341.908
-338.364
-339.806
-334.182
-312.816
-320.618
-350.16
-322.511
-310.372
-346.187
-329.879
-316.289
-337.173
-341.71
-310.138
-324.622
-341.527
-313.223
-320.058
-336.431
-315.226
-320.518
-321.215
-335.843
-330.686
-316.23
-315.554
-320.526
-349.423
-324.033
-339.837
-330.947
-319.798
-339.785
-345.067
-351.238
-334.027
-314.287
-310.624
-334.007
-335.723
-313.033
-313.22
-323.539
-317.93
-335.779
-324.816
-334.921
-334.518
-312.054
-312.961
-317.258
-313.991
-322.65
-297.535
-319.112
-310.796
-314.515
-321.454
-316.605
-317.17
-316.409
-312.988
-310.084
-322.255
-325.434
-315.122
-302.645
-304.158
-321.95
-316.685
-327.27
-316.861
-328.335
-324.182
-315.739
-309.187
-312.474
-312.192
-326.836
-332.834
-316.836
-308.636
-311.607
-317
-328.481
-331.534
-329.756
-309.966
-327.947
-332.659
-311.642
-331.815
-336.239
-330.22
-337.367
-317.874
-321.708
-333.599
-333.632
-314.744
-320.984
-319.424
-328.808
-312.819
-336.249
-315.83
-324.087
-341.202
-332.449
-314.963
-314.3
-319.379
-344.408
-352.086
-329.913
-322.869
-325.834
-320.045
-338.316
-323.317
-340.456
-314.825
-335.653
-314.157
-303.679
-313.137
-310.801
-325.167
-305.972
-327.606
-336.045
-319.737
-328.401
-316.39
-314.186
-314.776
-305.264
-289.662
-297.771
-291.655
-321.922
-299.127
-330.076
-344.915
-347.611
-325.953
-337.241
-338.253
-335.812
-334.783
-330.539
-338.765
-339.061
-343.315
-317.93
-326.41
-319.634
-296.44
-293.477
-300.421
-316.429
-326.733
-349.745
-337.741
-324.335
-335.277
-330.347
-301.768
-299.937
-304.955
-313.18
-309.944
-347.101
-326.697
-313.982
-336.628
-323.028
-332.606
-326.478
-322.26
-323.488
-332.56
-326.75
-323.482
-320.132
-314.845
-309.658
-317.198
-329.05
-334.071
-338.755
-312.946
-337.692
-335.243
-329.584
-347.476
-326.466
-328.16
-331.541
-322.69
-334.096
-310.292
-316.437
-317.676
-317.815
-305.067
-317.452
-301.754
-319.094
-343.174
-340.833
-349.172
-342.718
-326.01
-318.036
-327.61
-334.805
-323.934
-359.527
-327.186
-334.813
-328.186
-313.239
-333.081
-331.453
-302.432
-315.518
-316.52
-328.589
-328.29
-327.478
-328.842
-325.977
-339.838
-307.868
-318.922
-333.04
-314.579
-327.729
-325.886
-332.283
-325.687
-343.885
-335.289
-321.136
-329.401
-330.207
-298.111
-298.048
-317.834
-335.924
-290.669
-321.168
-300.968
-321.714
-309.501
-335.674
-328.452
-319.873
-323.423
-308.309
-316.919
-325.606
-310.444
-313.625
-315.732
-327.453
-344.627
-335.738
-319.558
-308.058
-317.627
-330.021
-330.279
-318.305
-311.995
-317.964
-299.308
-318.39
-312.759
-316.009
-303.571
-311.851
-320.908
-313.623
-290.767
-314.753
-306.627
-322.921
-315.593
-312.501
-317.773
-301.738
-309.302
-302.87
-320.68
-313.266
-322.19
-291.74
-316.709
-325.281
-318.202
-325.832
-297.205
-298.2
-316.773
-326.301
-301.643
-302.157
-325.562
-305.039
-319.457
-334.896
-317.671
-315.531
-326.325
-330.593
-326.794
-334.571
-327.254
-317.071
-321.729
-329.72
-343.981
-343.516
-352.432
-335.885
-329.919
-318.043
-341.172
-323.441
-343.417
-340.506
-337.481
-333.759
-336.497
-329.796
-327.94
-314.026
-323.617
-340.804
-305.553
-328.638
-323.858
-356.94
-320.218
-345.096
-331.504
-312.165
-307.4
-309.341
-317.296
-341.309
-331.587
-320.572
-345.198
-344.85
-326.563
-323.079
-317.356
-333.124
-315.217
-319.958
-340.939
-345.426
-335.446
-325.918
-325.932
-332.669
-330.258
-331.878
-326.496
-329.082
-351.406
-318.472
-300.121
-320.62
-313.004
-333.05
-315.429
-316.205
-306.921
-322.028
-316.171
-326.917
-328.651
-346.581
-309.69
-323.739
-346.664
-342.805
-340.895
-318.472
-335.882
-320.483
-323.652
-331.812
-308.931
-328.937
-322.729
-335.465
-324.68
-320.567
-341.297
-315.117
-311.439
-315.361
-321.173
-331.835
-341.029
-330.433
-346.836
-329.874
-326.283
-325.174
-328.414
-320.132
-330.867
-315.298
-336.9
-330.407
-333.738
-314.026
-311.617
-317.148
-324.476
-320.658
-325.381
-329.171
-331.107
-338.552
-324.564
-320.296
-318.998
-347.271
-343.29
-321.306
-322.755
-337.393
-307.486
-329.287
-313.477
-325.392
-343.031
-323.574
-335.858
-312.446
-315.863
-309.278
-319.1
-300.428
-317.079
-335.571
-330.2
-338.146
-312.46
-320.205
-334.909
-343.5
-317.897
-331.338
-343.383
-344.708
-312.443
-297.497
-317.483
-323.205
-320.028
-320.693
-318.707
-332.958
-314.943
-318.415
-312.661
-328.02
-310.763
-324.062
-309.235
-297.702
-322.177
-313.854
-318.696
-327.092
-309.141
-322.336
-325.086
-313.195
-329.536
-329.89
-304.336
-334.303
-323.432
-335.396
-316.747
-323.436
-331.881
-314.46
-334.403
-330.221
-331.405
-329.494
-334.401
-347.308
-325.675
-334.821
-315.988
-352.573
-332.76
-342.062
-331.65
-329.681
-329.399
-361.455
-344.129
-322.005
-327.367
-331.187
-322.646
-305.726
-305.148
-300.27
-303.594
-323.223
-309.232
-316.077
-298.703
-315.996
-307.441
-331.534
-317.131
-307.639
-326.077
-326.214
-323.267
-340.382
-332.914
-330.016
-319.148
-317.984
-342.043
-323.129
-310.382
-332.131
-333.21
-332.506
-326.397
-337.293
-335.196
-333.802
-330.55
-342.304
-346.797
-346.344
-340.136
-350.72
-333.058
-340.782
-323.026
-323.515
-336.81
-334.091
-346.413
-343.34
-356.015
-311.281
-314.475
-325.536
-303.473
-303.544
-337.417
-314.955
-319.596
-302.48
-319.245
-333.876
-308.637
-333.979
-330.774
-328.815
-323.433
-352.934
-319.203
-321.23
-327.556
-331.167
-318.836
-309.664
-338.696
-329.174
-337.752
-300.493
-325.354
-312.847
-307.498
-320.732
-317.54
-319.772
-320.842
-329.167
-305.856
-337.79
-313.936
-303.604
-331.747
-314.814
-329.47
-323.345
-348.981
-319.205
-334.495
-340.498
-331.632
-314.712
-296.282
-329.831
-317.906
-329.58
-332.142
-324.133
-329.742
-326.213
-321.2
-328.516
-313.968
-323.312
-321.641
-321.896
-324.713
-322.807
-315.084
-323.895
-311.202
-311.024
-352.255
-334.993
-343.816
-317.318
-329.742
-331.479
-327.77
-333.712
-331.104
-332.034
-320.784
-316.611
-316.339
-334.234
-309.268
-321.191
-306.548
-325.153
-315.869
-299.337
-322.505
-323.385
-316.511
-319.972
-327.08
-339.09
-321.176
-311.417
-315.019
-321.002
-324.385
-323.729
-304.446
-339.847
-334.19
-322.857
-316.159
-315.894
-318.248
-335.62
-324.723
-324.086
-313.483
-330.856
-334.681
-328.275
-341.526
-321.107
-308.897
-343.718
-322.214
-328.362
-319.688
-328.702
-358.612
-325.309
-327.726
-318.406
-328.067
-331.021
-308.479
-337.27
-314.125
-322.243
-325.37
-331.656
-312.903
-302.974
-306.014
-305.289
-314.158
-316.801
-315.946
-337.964
-332.098
-308.342
-303.564
-327.622
-343.214
-313.1
-328.933
-332.656
-346.009
-332.755
-322.787
-325.528
-326.431
-316.881
-310.746
-312.029
-330.284
-327.283
-328.277
-328.039
-333.432
-321.689
-334.491
-340.818
-315.835
-324.58
-326.469
-310.221
-340.448
-341.147
-342.817
-327.521
-340.099
-303.303
-351.571
-335.455
-340.678
-322.17
-318.71
-322.442
-310.963
-332.059
-329.153
-316.758
-317.184
-321.605
-318.112
-309.107
-325.969
-316.068
-303.259
-318.429
-314.168
-334.975
-321.614
-322.466
-325.673
-319.733
-312.778
-334.11
-342.343
-325.3
-313.132
-311.737
-311.584
-313.957
-333.782
-318.224
-336.174
-323.066
-307.157
-317.98
-299.846
-317.688
-311.549
-334.886
-313.573
-319.291
-328.34
-341.604
-325.68
-292.359
-326.352
-319.485
-324.375
-338.088
-314.884
-294.727
-319.318
-317.751
-318.671
-316.381
-307.713
-294.842
-333.274
-305.287
-317.755
-327.304
-334.613
-341.934
-338.204
-329.537
-322.932
-327.787
-323.606
-332.677
-320.027
-319.006
-319.149
-322.061
-313.505
-350.382
-328.011
-316.356
-343.986
-330.149
-324.795
-311.33
-336.048
-332.939
-365.983
-335.099
-325.653
-306.19
-331.158
-321.717
-331.993
-340.613
-349.082
-314.663
-317.783
-319.263
-340.376
-354.603
-321.418
-325.848
-332.366
-325.267
-329.308
-303.899
-311.795
-314.698
-321.995
-319.877
-347.558
-332.206
-349.255
-327.956
-302.61
-335.928
-318.38
-334.119
-323.662
-326.988
-333.458
-330.451
-312.098
-319.086
-295.796
-309.09
-308.763
-330.482
-340.572
-308.731
-341.497
-343.929
-311.331
-315.748
-304.498
-328.655
-318.714
-308.168
-319.682
-307.694
-309.773
-296.194
-311.28
-291.209
-281.005
-316.649
-320.658
-319.204
-323.747
-334.809
-360.657
-327.249
-325.16
-337.89
-348.967
-350.712
-338.085
-327.967
-323.145
-315.168
-345.009
-315.566
-350.205
-327.934
-349.063
-342.316
-334.247
-305.012
-326.64
-317.397
-333.222
-317.203
-330.387
-308.752
-331.329
-320.135
-308.161
-343.248
-329.436
-328.616
-356.811
-345.67
-330.969
-344.251
-338.328
-323.186
-368.505
-349.658
-317.466
-321.927
-308.517
-323.295
-331.753
-344.929
-333.257
-311.259
-309.85
-309.239
-331.719
-335.18
-339.557
-328.32
-344.377
-323.612
-319.657
-335.457
-332.079
-305.967
-341.306
-318.676
-319.357
-335.558
-342.974
-332.707
-328.368
-317.668
-303.917
-314.167
-338.256
-313.821
-338.062
-316.048
-339.013
-302.973
-300.762
-317.435
-313.94
-330.384
-337.337
-318.669
-337.132
-305.367
-306.377
-320.638
-320.351
-311.639
-322.509
-303.624
-318.399
-307.206
-342.332
-319.019
-320.637
-329.758
-317.198
-326.008
-299.046
-301.861
-307.915
-311.518
-304.555
-325.418
-304.082
-313.72
-330.292
-312.938
-315.854
-330.567
-328.964
-347.1
-346.453
-322.592
-332.077
-310.145
-318.712
-313.014
-310.955
-339.572
-329.333
-322.941
-319.271
-315.777
-311.542
-305.466
-298.663
-300.818
-316.692
-299.514
-325.983
-315.696
-314.68
-311.812
-292.367
-297.271
-308.98
-313.297
-325.59
-323.735
-306.84
-292.624
-289.067
-314.429
-308.26
-314.612
-321.306
-320.334
-341.481
-334.012
-348.541
-332.27
-341.561
-323.68
-338.608
-341.801
-346.541
-347.413
-317.803
-327.019
-313.313
-341.848
-332.087
-321.467
-328.778
-321.844
-310.689
-321.757
-323.631
-319.315
-330.7
-330.484
-314.18
-301.089
-316.862
-306.878
-306.52
-305.839
-307.034
-287.789
-310.944
-304.943
-323.754
-318.374
-319.743
-324.904
-340.084
-340.878
-340.384
-321.244
-336.845
-320.517
-326.291
-306.057
-304.551
-322.081
-328.082
-336.882
-333.674
-327.386
-311.09
-302.805
-323.985
-326.342
-315.572
-321.305
-321.743
-312.918
-319.389
-317.045
-311.782
-326.416
-313.092
-291.423
-312.331
-314.925
-309.02
-318.968
-341.606
-308.988
-317.064
-357.729
-317.116
-340.055
-336.246
-330.457
-333.952
-328.899
-329.083
-342.511
-338.06
-344.58
-319.75
-314.386
-332.361
-339.714
-343.866
-308.646
-317.171
-325.419
-327.862
-316.814
-321.411
-307.669
-322.496
-322.741
-326.578
-323.12
-349.213
-308.835
-327.174
-328.887
-329.756
-326.266
-350.484
-338.295
-343.426
-315.961
-330.22
-305.928
-310.438
-321.454
-330.111
-327.996
-327.584
-373.097
-326.042
-305.983
-335.583
-337.723
-319.795
-330.912
-340.622
-323.53
-320.692
-310.165
-306.685
-316.998
-311.43
-311.781
-329.504
-308.275
-316.147
-304.283
-312.216
-312.487
-325.685
-316.192
-299.086
-296.189
-309.156
-302.464
-308.257
-339.891
-321.89
-337.8
-273.924
-311.504
-336.463
-334.993
-351.314
-335.984
-343.341
-336.201
-325.015
-336.132
-359.533
-325.123
-329.691
-330.079
-318.802
-308.5
-298.094
-322.092
-294.473
-322.439
-326.17
-317.195
-319.732
-321.504
-320.911
-344.551
-332.109
-308.93
-338.504
-348.849
-333.158
-329.739
-348.279
-330.206
-324.931
-318.249
-303.97
-313.189
-334.408
-321.726
-328.197
-331.831
-312.406
-326.819
-328.939
-326.101
-314.161
-329.643
-305.113
-338.127
-343.641
-310.698
-329.922
-309.738
-322.769
-332.976
-323.219
-324.316
-316.362
-318.981
-324.342
-326.079
-337.029
-302.492
-309.898
-314.248
-311.389
-306.46
-331.543
-315.042
-332.65
-316.894
-340.611
-312.94
-326.877
-332.366
-320.114
-321.782
-321.692
-307.691
-322.834
-313.676
-320.346
-318.631
-326.209
-313.745
-321.608
-328.758
-321.424
-318.15
-325.38
-316.555
-316.849
-301.317
-318.272
-321.389
-319.661
-322.985
-331.154
-327.303
-320.81
-323.275
-313.353
-339.275
-341.715
-327.692
-331.096
-321.357
-330.556
-339.866
-327.826
-330.139
-320.345
-335.377
-326.457
-306.355
-317.596
-325.546
-334.621
-329.908
-331.657
-321.645
-298.624
-335.053
-328.009
-323.139
-330.582
-311.632
-342.824
-320.107
-339.202
-341.464
-337.922
-308.594
-309.579
-329.108
-315.108
-309.288
-326.675
-330.378
-332.55
-325.608
-320.333
-326.995
-296.032
-306.411
-319.067
-330.307
-319.616
-327.63
-329.601
-333.588
-344.353
-346.306
-332.471
-336.821
-325.567
-325.907
-313.79
-312.769
-326.058
-336.704
-330.193
-311.813
-327.662
-330.091
-303.87
-329.829
-326.223
-332.238
-342.33
-320.897
-336.996
-338.765
-324.449
-310.568
-331.341
-335.534
-315.573
-306.969
-328.581
-342.071
-329.735
-312.124
-306.77
-345.31
-328.636
-332.063
-358.622
-347.449
-343.743
-321.635
-317.052
-308.906
-313.558
-306.69
-320.134
-319.195
-336.831
-319.258
-343.844
-319.654
-324.284
-306.381
-312.172
-329.236
-312.621
-329.596
-333.229
-324.045
-337.128
-335.046
-321.765
-306.276
-318.331
-341.738
-300.971
-310.549
-313.321
-329.311
-316.884
-331.9
-350.067
-342.369
-337.521
-339.394
-329.589
-327.317
-335.909
-327.512
-335.919
-315.101
-309.493
-297.784
-311.966
-320.384
-325.336
-333.365
-327.363
-326.696
-334.316
-344.076
-316.801
-319.173
-319.929
-336.844
-335.484
-347.79
-315.654
-319.292
-351.697
-333.976
-340.416
-311.893
-324.712
-314.685
-329.979
-307.986
-311.72
-324.664
-316.89
-314.009
-354.872
-315.447
-331.876
-319.587
-329.676
-333.73
-321.835
-331.85
-320.603
-316.304
-300.032
-313.169
-301.365
-329.396
-328.153
-339.801
-306.319
-317.387
-323.447
-330.638
-327.562
-331.536
-327.022
-346.314
-315.492
-328.536
-328.922
-319.1
-307.026
-308.87
-303.538
-334.144
-338.818
-325.308
-320.703
-314.487
-331.899
-295.276
-311.293
-336.053
-310.492
-321.959
-331.499
-357.975
-309.257
-323.816
-338
-333.722
-321.584
-322.627
-317.974
-324.015
-317.679
-352.506
-324.239
-330.004
-330.248
-339.152
-319.781
-316.33
-326.839
-322.171
-317.086
-312.661
-304.331
-310.251
-303.658
-312.808
-326.453
-332.482
-325.652
-333.79
-309.94
-309.882
-312.5
-304.817
-315.04
-305.755
-307.225
-321.484
-318.599
-322.466
-339.383
-330.142
-323.789
-314.697
-314.244
-303.033
-326.816
-318.063
-329.107
-327.965
