0.839531 0.864813
0.8249 0.808046
0.834324 0.880582
0.877636 0.892307
0.903592 0.932255
0.874578 0.856932
0.861797 0.866971
0.866472 0.880396
0.816392 0.818894
0.867857 0.878977
0.889723 0.855111
0.798525 0.823073
0.796029 0.823533
0.877888 0.863094
0.910995 0.889071
0.871709 0.878303
0.923726 0.85543
0.93648 0.915981
0.912213 0.896411
0.877088 0.862529
0.780947 0.795883
0.842936 0.799378
0.820599 0.807913
0.790276 0.822719
0.862798 0.855708
0.851353 0.882041
0.781587 0.834215
0.890699 0.849266
0.86949 0.872736
0.823224 0.825641
0.872273 0.887597
0.872286 0.881725
0.843857 0.812993
0.885032 0.895401
0.856552 0.849197
0.86882 0.897887
0.865894 0.855418
0.854589 0.875173
0.854355 0.868765
0.876229 0.893045
0.854576 0.892342
0.863048 0.87653
0.887804 0.91187
0.786526 0.829223
0.839979 0.859072
0.841953 0.887189
0.826927 0.785712
0.886654 0.88023
0.84352 0.85791
0.803531 0.821541
0.838648 0.792673
0.846581 0.834394
0.867189 0.850707
0.824828 0.875013
0.765859 0.699338
0.85723 0.881116
0.852886 0.827621
0.8343 0.855284
0.829361 0.836622
0.865443 0.870241
0.826997 0.849782
0.882457 0.86978
0.808966 0.835327
0.88673 0.77471
0.830472 0.809471
0.876572 0.839522
0.859359 0.890745
0.866528 0.897869
0.848544 0.861459
0.850119 0.859731
0.885822 0.865519
0.864537 0.879021
0.835823 0.843154
0.848285 0.833519
0.882373 0.872428
0.814232 0.845193
0.792989 0.807336
0.871394 0.894546
0.878354 0.873507
0.855218 0.826933
0.783741 0.78402
0.86227 0.905405
0.787982 0.851162
0.784496 0.748015
0.722928 0.815815
0.914645 0.864908
0.888498 0.90379
0.87732 0.895546
0.868581 0.912224
0.84481 0.868499
0.862366 0.833132
0.842155 0.835987
0.836551 0.910363
0.865875 0.850069
0.806424 0.871339
0.847566 0.889565
0.852607 0.819395
0.771845 0.825985
0.844157 0.875947
0.866859 0.82318
0.890183 0.889761
0.898186 0.857342
0.908746 0.903082
0.922994 0.902655
0.857147 0.811174
0.88261 0.851391
0.874288 0.860159
0.811723 0.858894
0.890032 0.895465
0.822497 0.840558
0.811421 0.814826
0.894313 0.869237
0.890292 0.881769
0.853204 0.806809
0.822963 0.836034
0.812578 0.835669
0.823507 0.825873
0.799897 0.854799
0.886983 0.832215
0.865081 0.891633
0.821851 0.839902
0.800148 0.815155
0.788976 0.802145
0.835926 0.805018
0.859571 0.781954
0.814302 0.770835
0.903916 0.87641
0.854378 0.841747
0.765873 0.855007
0.834667 0.920069
0.820437 0.770413
0.869984 0.895598
0.863043 0.875726
0.871327 0.866338
0.891757 0.893406
0.87524 0.865089
0.86659 0.865995
0.852955 0.835592
0.907934 0.87124
0.890336 0.89772
0.838551 0.850773
0.873702 0.87764
0.838027 0.840214
0.829339 0.807991
0.854515 0.825488
0.856083 0.872183
0.832172 0.825426
0.826121 0.875916
0.872068 0.87722
0.86938 0.790684
0.82883 0.82403
0.837738 0.847197
0.901938 0.885506
0.870353 0.816651
0.820873 0.821491
0.852787 0.80937
0.871367 0.881982
0.786079 0.847978
0.861935 0.856946
0.827001 0.777829
0.885128 0.893294
0.821539 0.822779
0.812438 0.802442
0.798203 0.784428
0.781903 0.857387
0.901175 0.842788
0.856432 0.783059
0.901536 0.893116
0.841538 0.856394
0.784152 0.734385
0.801017 0.859847
0.886533 0.861379
0.88246 0.865234
0.849002 0.854891
0.815049 0.841773
0.892469 0.897163
0.883854 0.868163
0.874592 0.866906
0.845369 0.853585
0.938634 0.901189
0.907453 0.897034
0.840608 0.87448
0.873537 0.859042
0.814729 0.810529
0.89965 0.876834
0.849562 0.84288
0.873942 0.855981
0.889826 0.866477
0.767689 0.842782
0.864518 0.863013
0.8139 0.878994
0.843599 0.834693
0.850928 0.882205
0.772309 0.876366
0.809717 0.789596
0.867794 0.872176
0.877622 0.862514
0.825228 0.865754
0.825157 0.841645
0.886705 0.901334
0.856047 0.861404
0.910723 0.927051
0.808275 0.774602
0.794902 0.807381
0.798894 0.781341
0.864832 0.837654
0.797996 0.840267
0.841179 0.854873
0.863337 0.853619
0.836731 0.862193
0.904919 0.887979
0.824142 0.876333
0.830994 0.867399
0.824079 0.721033
0.800202 0.831024
0.863019 0.873643
0.869498 0.894408
0.857617 0.861483
0.841836 0.863096
0.711405 0.824502
0.859845 0.80958
0.793074 0.848684
0.844384 0.861179
0.901859 0.908636
0.902585 0.905694
0.895957 0.852568
0.879116 0.906562
0.883467 0.868562
0.828118 0.87686
0.908146 0.900854
0.820802 0.849973
0.817671 0.795326
0.868 0.859256
0.804015 0.780611
0.825204 0.873343
0.651017 0.735831
0.847637 0.843208
0.915082 0.854541
0.795445 0.793239
0.877428 0.852858
0.857659 0.855214
0.844483 0.848418
0.839901 0.866291
0.897522 0.844207
0.832771 0.837013
0.904065 0.830822
0.812513 0.822433
0.832137 0.798782
0.885171 0.792293
0.857191 0.873264
0.832704 0.810293
0.835978 0.87011
0.823091 0.835654
0.897656 0.881712
0.846099 0.811336
0.87557 0.847105
0.863509 0.820519
0.882139 0.870277
0.885112 0.842304
0.873 0.883354
0.831143 0.877952
0.916434 0.911124
0.904223 0.829188
0.912223 0.924594
0.836323 0.832493
0.807353 0.79595
0.867118 0.811693
0.896663 0.892706
0.875484 0.882391
0.860096 0.88991
0.84776 0.830596
0.906156 0.91781
0.869178 0.833968
0.850058 0.820294
0.857071 0.803415
0.899415 0.893327
0.852886 0.776742
0.754102 0.80452
0.76916 0.888671
0.800189 0.897282
0.811736 0.867901
0.88775 0.907499
0.854002 0.864753
0.866653 0.880957
0.872155 0.878214
0.880584 0.875208
0.825155 0.84198
0.862741 0.860353
0.840824 0.796631
0.762774 0.808067
0.712424 0.715332
0.737792 0.829617
0.764793 0.77833
0.808615 0.796835
0.788425 0.839054
0.876948 0.908176
0.836624 0.855737
0.753483 0.843963
0.739305 0.82375
0.725764 0.828458
0.878125 0.792745
0.812958 0.774336
0.846215 0.908814
0.868182 0.852998
0.843861 0.820886
0.871094 0.853631
0.870835 0.875754
0.807313 0.78313
0.800103 0.807479
0.819919 0.828142
0.814907 0.806162
0.822599 0.819575
0.794328 0.861255
0.793541 0.878168
0.881723 0.830076
0.906611 0.897566
0.88282 0.871997
0.919906 0.940093
0.859593 0.876487
0.851609 0.812555
0.839517 0.85868
0.854574 0.813126
0.838908 0.857651
0.905911 0.904518
0.851577 0.815671
0.903372 0.912983
0.853225 0.853856
0.859595 0.860385
0.854563 0.875596
0.887579 0.81069
0.847026 0.822222
0.827192 0.830384
0.868422 0.769624
0.843923 0.888833
0.840151 0.848667
0.842132 0.844827
0.805384 0.786107
0.873628 0.903176
0.832927 0.862654
0.852497 0.853582
0.89228 0.887813
0.856503 0.881235
0.830255 0.83737
0.901194 0.870242
0.872147 0.891944
0.89781 0.845762
0.822662 0.842306
0.864211 0.897179
0.889996 0.860721
0.881075 0.910975
0.849192 0.874654
0.838993 0.881395
0.860405 0.858258
0.84758 0.804594
0.898401 0.873584
0.888253 0.883821
0.889843 0.907788
0.879404 0.885058
0.878475 0.886496
0.878796 0.878494
0.888639 0.793795
0.84633 0.842489
0.808896 0.875438
0.793654 0.839509
0.892943 0.862737
0.896538 0.889868
0.859732 0.872967
0.879158 0.874677
0.868242 0.873603
0.814552 0.839756
0.785306 0.832564
0.877193 0.813199
0.881769 0.857103
0.854506 0.869731
0.83412 0.823831
0.853457 0.873379
0.860915 0.889055
0.850491 0.85553
0.82579 0.842524
0.864858 0.911603
0.834326 0.849039
0.852284 0.857539
0.783685 0.834469
0.805586 0.837544
0.821296 0.809689
0.883835 0.869913
0.843941 0.859499
0.836823 0.877903
0.901975 0.859694
0.788792 0.864138
0.818072 0.8326
0.846567 0.896759
0.915155 0.920345
0.831681 0.876072
0.866982 0.877192
0.868234 0.896922
0.85477 0.879599
0.855922 0.86697
0.846989 0.865693
0.863428 0.837139
0.849696 0.870088
0.826682 0.859543
0.797983 0.811324
0.855227 0.863946
0.859223 0.832113
0.760551 0.828113
0.846513 0.87523
0.892856 0.910784
0.864752 0.871149
0.930084 0.927161
0.837515 0.865171
0.902232 0.871429
0.704748 0.792353
0.843769 0.838334
0.792573 0.831852
0.794134 0.857577
0.85809 0.852812
0.844454 0.841013
0.892998 0.868052
0.835372 0.832295
0.893637 0.894474
0.875835 0.861062
0.863698 0.890037
0.844 0.832612
0.845392 0.823363
0.859399 0.866728
0.832467 0.802608
0.823838 0.868633
0.813918 0.850515
0.82106 0.83053
0.782495 0.836008
0.886055 0.908866
0.872959 0.880796
0.904399 0.890284
0.864549 0.87593
0.910874 0.925453
0.839622 0.850097
0.806199 0.839852
0.908883 0.860837
0.873298 0.909895
0.886608 0.862445
0.85439 0.825358
0.764522 0.768829
0.854142 0.850361
0.816184 0.889744
0.81084 0.865102
0.854429 0.838623
0.868096 0.893859
0.871989 0.820261
0.855744 0.852804
0.887306 0.874956
0.859423 0.822771
0.900514 0.905734
0.841991 0.868232
0.838238 0.815323
0.794522 0.836275
0.839161 0.824829
0.845021 0.839392
0.847989 0.872635
0.885832 0.86607
0.872157 0.867501
0.837271 0.858545
0.790223 0.83272
0.854897 0.854426
0.813704 0.847148
0.879682 0.897525
0.892581 0.930978
0.889606 0.799841
0.827871 0.812927
0.90899 0.871354
0.883121 0.878699
0.900164 0.894244
0.904545 0.87837
0.870299 0.868152
0.845221 0.862188
0.862591 0.8833
0.910416 0.889759
0.880452 0.846998
0.841065 0.912306
0.854624 0.867531
0.855183 0.819113
0.860192 0.858528
0.801482 0.83128
0.894696 0.886364
0.798026 0.776623
0.845529 0.852162
0.819779 0.815745
0.80593 0.732749
0.855924 0.850654
0.832685 0.838171
0.819529 0.852435
0.875606 0.864338
0.872176 0.832443
0.864892 0.853839
0.853749 0.864412
0.848323 0.842092
0.870063 0.883187
0.843419 0.723263
0.880607 0.862476
0.871527 0.828229
0.845465 0.891811
0.890223 0.844376
0.866495 0.846162
0.884357 0.855203
0.860294 0.892263
0.821871 0.881477
0.912325 0.906747
0.896881 0.879625
0.885924 0.865625
0.906766 0.88022
0.897991 0.87842
0.903858 0.89247
0.771803 0.788873
0.847454 0.833568
0.832923 0.8766
0.87049 0.821686
0.721908 0.816051
0.771473 0.830534
0.837859 0.767657
0.774733 0.785174
0.77795 0.812189
0.819111 0.825583
0.745532 0.857965
0.814045 0.783625
0.854139 0.862728
0.867311 0.863504
0.940912 0.92405
0.904888 0.822218
0.854115 0.843872
0.842117 0.883468
0.899972 0.847243
0.868053 0.843312
0.874608 0.862438
0.873421 0.864519
0.890033 0.895005
0.914346 0.915565
0.88981 0.879163
0.851073 0.841422
0.878666 0.876319
0.850836 0.839146
0.876192 0.874043
0.903755 0.894141
0.786765 0.794282
0.838377 0.832992
0.888715 0.873098
0.851395 0.799948
0.896367 0.893848
0.875964 0.888701
0.833639 0.86894
0.858931 0.86467
0.866789 0.89143
0.861751 0.898961
0.869525 0.915206
0.887833 0.874051
0.884413 0.841775
0.835095 0.900275
0.862753 0.795281
0.866674 0.832901
0.837031 0.864805
0.883456 0.868176
0.84563 0.86241
0.73031 0.752477
0.834543 0.739891
0.908343 0.735942
0.760993 0.743005
0.877724 0.778977
0.872407 0.892418
0.876431 0.862089
0.885775 0.804921
0.859051 0.830553
0.845917 0.781289
0.847835 0.866094
0.896734 0.853617
0.849598 0.838043
0.826895 0.817657
0.875537 0.844788
0.906516 0.870236
0.870991 0.853922
0.832845 0.824997
0.856739 0.901553
0.852763 0.88063
0.743152 0.874675
0.812765 0.793543
0.777902 0.813005
0.749141 0.719061
0.88915 0.866568
0.833304 0.818626
0.823343 0.785986
0.846135 0.863882
0.837945 0.874781
0.855949 0.874751
0.867216 0.853522
0.866099 0.84213
0.853166 0.875304
0.838384 0.828586
0.886755 0.882306
0.791165 0.808234
0.857034 0.880548
0.898135 0.90512
0.777747 0.833873
0.848406 0.856544
0.872417 0.851349
0.824126 0.859244
0.912908 0.928964
0.882899 0.897473
0.909606 0.858164
0.8784 0.827142
0.848751 0.867109
0.853742 0.841661
0.866924 0.874006
0.883595 0.854288
0.871774 0.857694
0.869997 0.870605
0.865353 0.882436
0.811802 0.814332
0.796076 0.781446
0.890422 0.82192
0.883262 0.867325
0.792126 0.815418
0.787417 0.833128
0.858763 0.873353
0.865506 0.834558
0.913572 0.887699
0.905265 0.891069
0.8856 0.920973
0.781391 0.811218
0.802773 0.862266
0.823857 0.806159
0.81239 0.851072
0.863489 0.887529
0.829116 0.824493
0.897767 0.856491
0.871329 0.874876
0.895474 0.90522
0.832978 0.81795
0.802929 0.810782
0.770777 0.791271
0.841442 0.845357
0.881245 0.888346
0.828738 0.851695
0.861941 0.825317
0.885829 0.877968
0.882337 0.902814
0.876641 0.822281
0.818328 0.854162
0.892981 0.901784
0.878057 0.876339
0.839688 0.831569
0.892311 0.824999
0.817259 0.823735
0.810918 0.831292
0.863957 0.84378
0.873654 0.86391
0.912879 0.875094
0.8992 0.882424
0.857291 0.824248
0.798432 0.793962
0.776918 0.830999
0.814958 0.758401
0.868819 0.900325
0.896875 0.909465
0.762488 0.779227
0.775634 0.793533
0.904612 0.909821
0.866508 0.859491
0.849735 0.873761
0.843439 0.862871
0.843483 0.824138
0.797023 0.791793
0.797865 0.801369
0.819665 0.866702
0.784833 0.781493
0.852869 0.876792
0.888442 0.89606
0.876956 0.873273
0.852979 0.850516
0.894831 0.876274
0.895265 0.879952
0.865265 0.866121
0.899799 0.916001
0.812862 0.834483
0.815954 0.817074
0.862275 0.850269
0.846818 0.829455
0.90646 0.896796
0.852461 0.871423
0.799947 0.825212
0.860141 0.882156
0.788567 0.818217
0.855044 0.849989
0.861552 0.852195
0.900352 0.917401
0.874493 0.892572
0.876729 0.819943
0.815767 0.814126
0.866273 0.860746
0.836352 0.832453
0.8616 0.885794
0.912346 0.895179
0.915312 0.916263
0.878406 0.867196
0.832277 0.858384
0.786553 0.724386
0.847554 0.862524
0.854125 0.875246
0.852488 0.818154
0.773154 0.756091
0.799542 0.779341
0.805351 0.758163
0.849238 0.824179
0.87885 0.906149
0.782968 0.84775
0.863269 0.865882
0.822792 0.790508
0.838056 0.885027
0.827056 0.827139
0.87092 0.864426
0.904569 0.926233
0.84325 0.823692
0.780287 0.883168
0.848163 0.898482
0.864176 0.86652
0.894734 0.900806
0.876663 0.874619
0.799226 0.876532
0.848483 0.8137
0.891722 0.892377
0.887828 0.887068
0.883749 0.789067
0.865189 0.893132
0.817436 0.86153
0.782865 0.844128
0.824757 0.764416
0.80534 0.798591
0.893624 0.884803
0.855804 0.882591
0.859102 0.873058
0.898952 0.92979
0.887919 0.881694
0.832063 0.810109
0.796756 0.83811
0.825722 0.854675
0.832994 0.834324
0.778875 0.804122
0.83879 0.854491
0.811518 0.824766
0.843542 0.849886
0.851891 0.870259
0.830931 0.868335
0.887045 0.880551
0.873949 0.853533
0.821763 0.793639
0.805474 0.824358
0.874734 0.86206
0.848387 0.854766
0.829228 0.86359
0.766917 0.800772
0.798978 0.785327
0.861936 0.898414
0.840265 0.825804
0.841878 0.830758
0.860876 0.86873
0.797928 0.806828
0.868796 0.865891
0.880765 0.882913
0.830931 0.846426
0.806936 0.837663
0.832564 0.836039
0.818198 0.846772
0.870778 0.84382
0.852519 0.854935
0.764392 0.80019
0.718728 0.771266
0.841865 0.823177
0.846587 0.793303
0.918065 0.885202
0.817955 0.865037
0.832562 0.825969
0.851453 0.827791
0.837797 0.779832
0.801802 0.868754
0.778109 0.825832
0.844209 0.813086
0.832909 0.892393
0.831485 0.877303
0.86016 0.850047
0.885747 0.804683
0.819279 0.860384
0.833083 0.829226
0.774412 0.839341
0.811251 0.852249
0.884468 0.883855
0.857403 0.874452
0.922701 0.922756
0.895134 0.906268
0.788094 0.849951
0.813733 0.864311
0.843194 0.868783
0.900933 0.894776
0.889178 0.876153
0.754985 0.798543
0.784258 0.76674
0.8934 0.849815
0.88293 0.886171
0.843541 0.83505
0.843814 0.839424
0.893255 0.919905
0.863492 0.848295
0.909832 0.892109
0.878971 0.860602
0.865838 0.866231
0.813801 0.818538
0.831035 0.845287
0.857411 0.854277
0.877549 0.93039
0.908571 0.913533
0.904893 0.894993
0.86922 0.841017
0.91263 0.906434
0.870473 0.85102
0.859094 0.872152
0.861628 0.861681
0.87675 0.856702
0.855068 0.833917
0.757787 0.86094
0.767156 0.694625
0.796272 0.802023
0.809292 0.824824
0.884083 0.882228
0.866224 0.868935
0.871405 0.805555
0.852162 0.789305
0.887687 0.850384
0.905677 0.842729
0.885048 0.900813
0.800109 0.794283
0.898448 0.893436
0.848263 0.845575
0.842343 0.840196
0.849482 0.854501
0.839884 0.780645
0.798432 0.842582
0.837676 0.764129
0.87444 0.892298
0.839516 0.854767
0.866434 0.859246
0.93014 0.93123
0.850475 0.857127
0.906994 0.933828
0.913793 0.904223
0.89586 0.883121
0.82273 0.849549
0.827115 0.869095
0.821438 0.839629
0.897056 0.86982
0.862195 0.836752
0.919868 0.905373
0.910962 0.909289
0.893993 0.853401
0.888075 0.898537
0.863346 0.878436
0.922412 0.910298
0.802721 0.85249
0.863639 0.877423
0.879279 0.835405
0.887582 0.868335
0.878212 0.867359
0.858659 0.841952
0.867518 0.80156
0.837983 0.858219
0.826285 0.8226
0.866631 0.805398
0.840356 0.871552
0.861663 0.857013
0.842192 0.858344
0.837655 0.832368
0.819291 0.851987
0.860985 0.891564
0.857903 0.844271
0.877268 0.820676
0.869279 0.791225
0.81684 0.80684
0.848814 0.856008
0.829358 0.82193
0.829164 0.819963
0.891033 0.854017
0.876093 0.83854
0.905439 0.854988
0.874445 0.84382
0.91653 0.895833
0.886301 0.870213
0.875894 0.874581
0.837618 0.789744
0.868601 0.834547
0.864102 0.867807
0.894925 0.892851
0.852767 0.853412
0.917268 0.895652
0.866523 0.832966
0.861144 0.88855
0.895439 0.893863
0.821682 0.806733
0.825184 0.853387
0.82638 0.720655
0.784818 0.790031
0.900179 0.892705
0.892035 0.884698
0.888601 0.880763
0.856197 0.869616
0.884192 0.828569
0.846302 0.857519
0.797297 0.787911
0.884255 0.854697
0.908587 0.864968
0.831632 0.818111
0.841299 0.795558
0.860451 0.85733
0.888038 0.786946
0.780992 0.764744
0.829992 0.813024
0.884754 0.876447
0.851294 0.845414
0.893055 0.883395
0.860028 0.792939
0.793974 0.816397
0.885439 0.872226
0.883369 0.886808
0.855874 0.840411
0.885782 0.805308
0.828324 0.822765
0.850576 0.844178
0.80282 0.77329
0.81303 0.810224
0.817888 0.853144
0.808737 0.833147
0.757249 0.829559
0.857568 0.845853
0.896264 0.905167
0.772419 0.826857
0.858026 0.865806
0.84024 0.866659
0.862915 0.852574
0.824887 0.850244
0.813404 0.851947
0.86754 0.870386
0.881836 0.845508
0.811326 0.836077
0.849929 0.856894
0.833104 0.832394
0.857774 0.875841
0.875548 0.886073
0.900957 0.893487
0.794643 0.846945
0.847462 0.835796
0.793113 0.827847
0.88167 0.819372
0.749854 0.815748
0.86454 0.787128
0.905925 0.872481
0.824595 0.842456
0.875409 0.809049
0.892199 0.786426
0.771346 0.822791
0.790553 0.778625
0.854331 0.830919
0.833936 0.840422
0.879353 0.827933
0.901045 0.919158
0.831789 0.839486
0.849458 0.85168
0.829458 0.855072
0.876561 0.925014
0.906828 0.908388
0.886158 0.883255
0.852411 0.899176
0.85811 0.829983
0.866075 0.830586
0.761562 0.791921
0.804097 0.848121
0.87519 0.878465
0.835978 0.82431
0.836659 0.861006
0.842849 0.877964
0.909314 0.883595
0.925746 0.907171
0.857575 0.819313
0.762949 0.705938
0.847231 0.879927
0.888567 0.837747
0.838178 0.854717
0.875287 0.869047
0.911643 0.890729
0.762267 0.816598
0.764191 0.814816
0.849328 0.841991
0.870137 0.899591
0.800972 0.878502
0.80065 0.776016
0.864049 0.810624
0.865315 0.790986
0.803192 0.835198
0.879911 0.902923
0.848774 0.800669
0.838887 0.831986
0.871481 0.85463
0.908674 0.861941
0.875138 0.852819
0.798749 0.797826
0.757357 0.754742
0.772434 0.779774
0.828047 0.715367
0.839046 0.760838
0.792449 0.81171
0.883718 0.884566
0.853608 0.83786
0.783861 0.858114
0.839 0.863341
0.828497 0.842109
0.89763 0.862855
0.772966 0.755927
0.832817 0.846607
0.876427 0.836473
0.794018 0.838138
0.851999 0.899916
0.792449 0.810297
0.924757 0.921786
0.889664 0.89917
0.822447 0.876703
0.884714 0.84762
0.879569 0.815993
0.894681 0.872289
0.87971 0.875431
0.832207 0.81301
0.849858 0.866637
0.886108 0.868938
0.898944 0.891674
0.872088 0.882468
0.863708 0.8581
0.809284 0.79272
0.817439 0.851167
0.878348 0.876541
0.873243 0.855559
0.928199 0.896684
0.797031 0.881827
0.890715 0.819993
0.867256 0.855451
0.916663 0.893515
0.87062 0.85529
0.820807 0.848542
0.874393 0.843884
0.839335 0.870097
0.825141 0.782204
0.848125 0.803943
0.832381 0.844222
0.846133 0.869651
0.767834 0.88584
0.86975 0.853488
0.844717 0.854343
0.84611 0.813936
0.871416 0.817166
0.839628 0.87205
0.867759 0.878455
0.833366 0.834171
0.85144 0.782998
0.898489 0.844449
0.905892 0.846213
0.846141 0.881748
0.863476 0.89777
0.806833 0.763239
0.80644 0.815572
0.884998 0.882996
0.889864 0.869285
0.795149 0.835706
0.860259 0.877562
0.854658 0.830351
0.891434 0.921807
0.828445 0.830568
0.840307 0.810958
0.874743 0.850821
0.866996 0.878046
0.864519 0.793655
0.878602 0.859293
0.789281 0.772275
0.884717 0.857159
0.870876 0.886266
0.894188 0.888759
0.852317 0.876963
0.884456 0.901119
0.907485 0.885841
0.861249 0.813632
0.768801 0.890805
0.840099 0.85081
0.905372 0.85885
0.865746 0.860303
0.861893 0.828134
0.80445 0.616379
0.812531 0.797231
0.845065 0.829689
0.886771 0.881307
0.837073 0.825967
0.825792 0.830931
0.851641 0.876476
0.886339 0.863591
0.851777 0.852545
0.824265 0.832033
0.816938 0.805239
0.796881 0.868467
0.899805 0.871845
0.811257 0.799677
0.898784 0.879393
0.810012 0.828378
0.878474 0.906915
0.862018 0.835548
0.893067 0.893315
0.868043 0.864646
0.882092 0.867752
0.8536 0.891124
0.884224 0.867644
0.887356 0.888772
0.888094 0.872448
0.886595 0.88297
0.8611 0.883911
0.84753 0.840318
0.868264 0.869657
0.815821 0.816034
0.854147 0.844231
0.83126 0.870554
0.830409 0.84412
0.893518 0.847024
0.827459 0.885136
0.857061 0.886461
0.823324 0.846509
0.84652 0.804812
0.782136 0.842458
0.883173 0.87315
0.887164 0.841943
0.871526 0.873289
0.802214 0.805801
0.830813 0.847513
0.828001 0.869248
0.897253 0.907915
0.845141 0.874648
0.862718 0.886082
0.789573 0.783956
0.857844 0.882799
0.793169 0.821469
0.836759 0.881469
0.782653 0.818879
0.775115 0.859664
0.892456 0.888973
0.86476 0.862939
0.903306 0.880687
0.822303 0.853935
0.877724 0.854317
0.76953 0.80938
0.82341 0.78664
0.733815 0.782098
0.798876 0.800796
0.825643 0.780775
0.890896 0.873034
0.820912 0.840487
0.847367 0.802581
0.836668 0.821515
0.897779 0.877972
0.863651 0.917612
0.850391 0.891032
0.861364 0.846834
0.883398 0.852383
0.84349 0.878203
0.906609 0.869108
0.871311 0.907427
0.852991 0.881442
0.852372 0.853423
0.875118 0.874187
0.820383 0.811924
0.819618 0.845588
0.898818 0.884709
0.905142 0.881801
0.739684 0.832077
0.819292 0.805548
0.850324 0.835006
0.825454 0.839798
0.83807 0.832024
0.880736 0.877914
0.895772 0.897736
0.795063 0.874513
0.870501 0.855366
0.87462 0.801445
0.771472 0.796367
0.897191 0.858254
0.87543 0.846047
0.817216 0.798627
0.887649 0.894644
0.923229 0.916509
0.806516 0.807894
0.852797 0.87006
0.873307 0.846181
0.811555 0.832556
0.830787 0.759554
0.866022 0.867468
0.902649 0.880828
0.863102 0.842405
0.875024 0.896042
0.899602 0.86615
0.879503 0.880965
0.812994 0.836016
0.849741 0.814604
0.76937 0.773873
0.868052 0.837751
0.826581 0.81979
0.791764 0.856438
0.748045 0.856784
0.755891 0.736742
0.855062 0.84086
0.754592 0.806268
0.895036 0.86018
0.829631 0.86324
0.840382 0.845302
0.777507 0.833217
0.838208 0.86746
0.795562 0.777964
0.85863 0.880229
0.83341 0.861147
0.858339 0.875068
0.79 0.858245
0.833532 0.820786
0.880373 0.857766
0.861841 0.866269
0.882481 0.88309
0.855149 0.81485
0.834991 0.847787
0.831801 0.854903
0.813532 0.825429
0.898698 0.877126
0.743723 0.794408
0.885747 0.870861
0.891327 0.885486
0.859582 0.847184
0.813611 0.815463
0.843731 0.871535
0.877081 0.893429
0.861769 0.810198
0.813678 0.826737
0.889811 0.893955
0.888078 0.919948
0.926104 0.884181
0.896882 0.913558
0.895062 0.890781
0.824816 0.840617
0.876547 0.858195
0.839144 0.789074
0.808481 0.867554
0.906733 0.891801
0.887627 0.88113
0.854092 0.799041
0.812889 0.829136
0.881877 0.874554
0.882048 0.876474
0.878884 0.892173
0.866794 0.855967
0.84819 0.86298
0.833956 0.802517
0.825829 0.824228
0.847893 0.866882
0.774485 0.78779
0.797995 0.832596
0.881573 0.894858
0.915019 0.883785
0.894246 0.870022
0.805281 0.750637
0.847061 0.844232
0.852148 0.845974
0.85745 0.805095
0.858954 0.831393
0.87168 0.850731
0.813003 0.773036
0.859976 0.839633
0.885578 0.891226
0.910257 0.878122
0.820746 0.890244
0.886654 0.860739
0.843852 0.804979
0.825407 0.878948
0.848087 0.865234
0.869594 0.880134
0.837267 0.80452
0.864824 0.86851
0.844149 0.843735
0.826964 0.863993
0.843257 0.835712
0.869062 0.863956
0.845368 0.863981
0.886581 0.872746
0.904084 0.89837
0.898677 0.876053
0.886815 0.863752
0.877118 0.899411
0.847308 0.841508
0.786094 0.765127
0.830567 0.822144
0.85758 0.827671
0.774745 0.775492
0.842288 0.846269
0.826262 0.828425
0.897377 0.921786
0.816105 0.775869
0.859987 0.884125
0.879685 0.871155
0.80157 0.839536
0.755179 0.825547
0.885684 0.879584
0.86856 0.830657
0.851925 0.846481
0.862441 0.853537
0.820736 0.898151
0.878324 0.888913
0.905134 0.908887
0.887164 0.836712
0.902001 0.894397
0.838987 0.858078
0.792563 0.802745
0.870968 0.893452
0.838255 0.835286
0.904316 0.884637
0.850407 0.846812
0.851566 0.854552
0.920819 0.93835
0.922126 0.87628
0.854926 0.889015
0.859692 0.825155
0.826797 0.859329
0.866116 0.871036
0.84766 0.872133
0.902061 0.873579
0.798217 0.76132
0.917282 0.904778
0.895063 0.879652
0.915522 0.893641
0.83061 0.847682
0.853278 0.890083
0.876445 0.837144
0.858181 0.841475
0.887246 0.887478
0.857842 0.896207
0.854044 0.862334
0.884137 0.87832
0.808953 0.823751
0.805875 0.820116
0.869801 0.827325
0.750997 0.797619
0.8243 0.821383
0.814601 0.798387
0.852514 0.848579
0.89906 0.830448
0.910484 0.891464
0.873905 0.888965
0.866809 0.852724
0.866065 0.894309
0.884918 0.8692
0.835575 0.807425
0.821202 0.807888
0.846267 0.874164
0.870893 0.868749
0.745237 0.793971
0.809119 0.795365
0.841069 0.849175
0.910579 0.923408
0.884072 0.911512
0.845747 0.821813
0.871452 0.848645
0.883001 0.891334
0.919363 0.917999
0.893622 0.885417
0.869828 0.834603
0.892472 0.869333
0.802679 0.827957
0.90677 0.885552
0.829405 0.761947
0.89128 0.877957
0.834473 0.884253
0.837186 0.817184
0.801413 0.797946
0.832517 0.860259
0.883717 0.870593
0.839312 0.855014
0.839431 0.746217
0.782481 0.745999
0.826842 0.873141
0.893219 0.84379
0.88308 0.904257
0.802289 0.805432
0.814898 0.849347
0.831954 0.889414
0.834808 0.803659
0.901161 0.858243
0.853752 0.813149
0.8466 0.860168
0.872726 0.867485
0.815024 0.801399
0.841161 0.827886
0.798103 0.716212
0.809347 0.822733
0.872154 0.811987
0.855713 0.864035
0.81198 0.861103
0.856306 0.866946
0.855415 0.82764
0.849874 0.859879
0.89319 0.813763
0.889251 0.886905
0.865293 0.871331
0.84457 0.788345
0.870948 0.856391
0.788483 0.85121
0.853909 0.832617
0.811384 0.788505
0.875965 0.844586
0.822764 0.829282
0.862494 0.907095
0.909477 0.892682
0.81566 0.838728
0.831427 0.768593
0.824278 0.817617
0.850284 0.821509
0.872382 0.903766
0.870607 0.87877
0.883105 0.878137
0.879623 0.893536
0.839721 0.853391
0.854936 0.861644
0.861526 0.844771
0.871993 0.834611
0.889649 0.872089
0.864126 0.896249
0.862667 0.898287
0.799417 0.745923
0.809108 0.794861
0.835684 0.826445
0.830956 0.690953
0.78557 0.758026
0.812587 0.873018
0.771813 0.803624
0.831677 0.859705
0.836647 0.836531
0.813723 0.784117
0.856284 0.798719
0.842202 0.800779
0.879428 0.839331
0.812042 0.801062
0.800647 0.846205
0.838995 0.896634
0.854693 0.82083
0.838652 0.737998
0.843817 0.759238
0.784213 0.751041
0.758703 0.832242
0.803673 0.755222
0.881256 0.84952
0.849353 0.912081
0.829151 0.833526
0.874493 0.838501
0.875152 0.829222
0.912418 0.863518
0.7529 0.755946
0.759265 0.722878
0.82146 0.799704
0.899259 0.852586
0.859868 0.864792
0.885404 0.876657
0.880521 0.899464
0.83958 0.89031
0.897945 0.906328
0.859907 0.842003
0.853833 0.850964
0.86503 0.850001
0.754354 0.815237
0.852324 0.864641
0.895082 0.88794
0.831961 0.83739
0.817713 0.866821
0.816679 0.781799
0.777342 0.794037
0.823289 0.907205
0.887986 0.895485
0.851634 0.890872
0.846614 0.817796
0.908364 0.88489
0.873432 0.866008
0.875788 0.899585
0.850739 0.850943
0.83434 0.864372
0.781355 0.783914
0.888368 0.824892
0.886683 0.89246
0.842804 0.86264
0.873555 0.888277
0.872545 0.883659
0.87369 0.889088
0.875655 0.856954
0.851897 0.828792
0.885471 0.887618
0.877101 0.846863
0.880784 0.851841
0.853227 0.892289
0.880745 0.909048
0.862789 0.863509
0.861484 0.863562
0.868092 0.891331
0.882365 0.880999
0.807274 0.830171
0.887703 0.83855
0.833015 0.804157
0.827927 0.83274
0.807883 0.858824
0.85379 0.84869
0.848899 0.870028
0.84954 0.854597
0.941776 0.912055
0.844305 0.840243
0.837188 0.831776
0.838563 0.84573
0.871845 0.855798
0.88615 0.831246
0.854941 0.835492
0.796105 0.870242
0.853241 0.853078
0.850331 0.829247
0.8878 0.832206
0.85242 0.838537
0.862563 0.812322
0.804064 0.772524
0.836086 0.858293
0.896077 0.876691
0.80101 0.85433
0.857252 0.864423
0.8592 0.877566
0.80406 0.824105
0.900493 0.905203
0.892042 0.891385
0.816139 0.842424
0.795587 0.828504
0.837591 0.846483
0.764603 0.720871
0.761114 0.801441
0.785574 0.778719
0.84093 0.811336
0.879368 0.826437
0.751009 0.76608
0.809607 0.819717
0.853509 0.859971
0.820067 0.822293
0.667456 0.752271
0.843407 0.857275
0.83172 0.871593
0.841026 0.87764
0.854095 0.861681
0.810887 0.827249
0.803224 0.767283
0.801868 0.866862
0.863177 0.875425
0.819258 0.815359
0.840952 0.867854
0.852127 0.89084
0.811954 0.78963
0.848305 0.808916
0.783731 0.801931
0.839001 0.816217
0.870884 0.811265
0.853133 0.794885
0.804681 0.768094
0.835717 0.729859
0.786386 0.862404
0.818864 0.820808
0.859764 0.824853
0.890082 0.863261
0.851084 0.81086
0.844229 0.828629
0.878389 0.835553
0.887381 0.849868
0.879058 0.874074
0.839889 0.868716
0.792603 0.851112
0.703837 0.791611
0.868113 0.860879
0.834905 0.874798
0.846119 0.862448
0.756978 0.825036
0.807786 0.841513
0.80914 0.869461
0.864283 0.824887
0.871291 0.883379
0.868987 0.911498
0.820246 0.847354
0.928358 0.887045
0.819239 0.828881
0.857508 0.862072
0.847501 0.864079
0.874081 0.808579
0.851226 0.833996
0.819715 0.849775
0.888378 0.835577
0.830615 0.788717
0.793658 0.810602
0.816984 0.675613
0.863233 0.870889
0.840378 0.843629
0.872915 0.921592
0.828533 0.850237
0.851022 0.801216
0.789465 0.857067
0.850383 0.860688
0.826491 0.828037
0.796569 0.839423
0.824211 0.793956
0.858501 0.873721
0.833928 0.86671
0.887412 0.877915
0.827281 0.827067
0.842256 0.872403
0.871827 0.838023
0.846034 0.825531
0.876319 0.888895
0.876403 0.860231
0.80899 0.859443
0.860985 0.913494
0.829239 0.830071
0.899917 0.887552
0.841865 0.841969
0.894872 0.878992
0.908032 0.896953
0.820182 0.839345
0.813945 0.782879
0.924578 0.838829
0.885276 0.843331
0.909918 0.900904
0.868447 0.849179
0.833988 0.856843
0.843728 0.862224
0.812973 0.796889
0.8513 0.863686
0.835127 0.7967
0.86943 0.836052
0.865562 0.829376
0.862096 0.777781
0.83076 0.817735
0.867099 0.85463
0.794994 0.856705
0.832742 0.851162
0.907268 0.923731
0.790917 0.870356
0.858321 0.865355
0.897518 0.917594
0.834712 0.847043
0.836149 0.898414
0.851444 0.832358
0.8498 0.830924
0.771863 0.858
0.871103 0.875969
0.89837 0.837746
0.862683 0.81025
0.889857 0.871262
0.857634 0.857373
0.850882 0.852393
0.860783 0.847605
0.827555 0.858155
0.86161 0.867848
0.87437 0.883314
0.85777 0.856141
0.890557 0.885965
0.895434 0.851785
0.83385 0.854639
0.883884 0.833977
0.889027 0.858744
0.852428 0.869483
0.869704 0.870006
0.828681 0.833775
0.861639 0.86862
0.875037 0.887648
0.928945 0.890922
0.832928 0.833111
0.80807 0.790305
0.834173 0.796163
0.803402 0.815027
0.781853 0.802106
0.852322 0.843123
0.888637 0.824762
0.845437 0.862479
0.880772 0.826146
0.879026 0.82455
0.865036 0.87381
0.893679 0.912382
0.865414 0.90647
0.873128 0.856707
0.85899 0.809942
0.870251 0.828503
0.801566 0.891938
0.851577 0.847071
0.823869 0.825812
0.891613 0.879438
0.870903 0.896837
0.847778 0.887587
0.915037 0.89687
0.808867 0.796504
0.8022 0.799432
0.873539 0.883969
0.812269 0.841234
0.87674 0.88402
0.859776 0.8534
0.820985 0.814167
0.807683 0.794008
0.843773 0.785805
0.873342 0.845172
0.905469 0.92761
0.858061 0.874542
0.790809 0.786195
0.852956 0.801357
0.863588 0.876395
0.82199 0.787726
0.685615 0.781301
0.814336 0.859797
0.800357 0.831013
0.83229 0.823566
0.836225 0.869754
0.863734 0.909535
0.852364 0.863039
0.853011 0.867562
0.785319 0.810577
0.839014 0.84661
0.889626 0.895597
0.839684 0.868016
0.795386 0.838853
0.822357 0.81896
0.751077 0.800497
0.836742 0.863369
0.913943 0.897453
0.870269 0.885786
0.839368 0.82509
0.843145 0.853374
0.789773 0.741203
0.788812 0.800322
0.864662 0.888561
0.856296 0.873828
0.911144 0.857266
0.891844 0.813954
0.84562 0.713766
0.867277 0.795093
0.848438 0.873845
0.908247 0.907417
0.875862 0.9158
0.884719 0.857357
0.837717 0.830127
0.802618 0.829648
0.881151 0.903133
0.861576 0.889209
0.873265 0.896608
0.850314 0.831854
0.849468 0.849608
0.770117 0.812546
0.841402 0.885003
0.841821 0.833691
0.849766 0.876705
0.804273 0.839394
0.827723 0.86185
0.794982 0.824812
0.830052 0.840285
0.859063 0.86273
0.872149 0.864926
0.829438 0.851663
0.861867 0.837305
0.898899 0.884915
0.83224 0.818629
0.797546 0.849391
0.85679 0.849623
0.84401 0.816319
0.864983 0.872578
0.794544 0.856253
0.845478 0.802459
0.821671 0.799701
0.849039 0.885863
0.846959 0.839443
0.89611 0.864776
0.834256 0.879713
0.839624 0.803268
0.88398 0.818004
0.850556 0.876625
0.82722 0.839322
0.890201 0.875893
0.865288 0.867032
0.861514 0.879137
0.854748 0.886815
0.869759 0.861567
0.88168 0.876554
0.836957 0.868172
0.833674 0.861914
0.840862 0.83029
0.912216 0.872238
0.87983 0.897477
0.81513 0.86408
0.88598 0.906709
0.887973 0.870977
0.812373 0.849614
0.774903 0.807856
0.791312 0.815285
0.878796 0.834095
0.865569 0.889697
0.897165 0.861578
0.861521 0.762225
0.919917 0.894151
0.800828 0.793007
0.823425 0.807883
0.882763 0.89578
0.822615 0.813485
0.831254 0.886638
0.889985 0.891004
0.833299 0.851787
0.87179 0.878526
0.882665 0.876859
0.864136 0.904648
0.777278 0.773055
0.772548 0.865022
0.820806 0.793737
0.866789 0.856732
0.865664 0.839342
0.869325 0.813986
0.852329 0.859742
0.848139 0.83497
0.828735 0.804221
0.85518 0.778844
0.856968 0.838458
0.757354 0.820777
0.792447 0.899344
0.85473 0.792024
0.868238 0.860394
0.864427 0.817242
0.858841 0.851042
0.811168 0.875381
0.766217 0.835511
0.773532 0.869296
0.895744 0.874171
0.887169 0.879921
0.850103 0.842617
0.858835 0.858981
0.882655 0.942278
0.87767 0.875033
0.872879 0.833799
0.846931 0.849824
0.846439 0.827052
0.823053 0.776783
0.858153 0.872513
0.82938 0.866683
0.831183 0.794251
0.920717 0.896511
0.855871 0.864608
0.880822 0.858456
0.862455 0.858663
0.815869 0.772812
0.812375 0.801347
0.872021 0.879266
0.810405 0.732851
0.853938 0.866186
0.886819 0.880064
0.820663 0.770629
0.855227 0.844271
0.860869 0.811529
0.878806 0.831608
0.857161 0.876549
0.794055 0.855304
0.844143 0.822467
0.870378 0.850324
0.850724 0.887141
0.831923 0.802996
0.867457 0.792814
0.839109 0.766834
0.802418 0.815553
0.880275 0.863635
0.864661 0.838161
0.904367 0.85194
0.857086 0.851391
0.864191 0.799597
0.832751 0.878329
0.839834 0.822425
0.871388 0.867842
0.828331 0.832391
0.85197 0.884608
0.831999 0.827663
0.890478 0.844356
0.870335 0.847838
0.870454 0.883759
0.827632 0.886752
0.820641 0.87473
0.865362 0.856435
0.88295 0.878434
0.84049 0.881138
0.875319 0.820516
0.89021 0.899732
0.860394 0.827837
0.840612 0.818989
0.82847 0.822657
0.901918 0.744226
0.819314 0.78157
0.879409 0.879818
0.892867 0.895733
0.902225 0.904172
0.849045 0.850395
0.855019 0.868716
0.845233 0.799761
0.774781 0.794663
0.80622 0.824849
0.835803 0.859629
0.857746 0.825241
0.817849 0.877582
0.811176 0.820995
0.629488 0.748923
0.777498 0.797972
0.718875 0.848286
0.75675 0.827184
0.79241 0.831691
0.803571 0.771669
0.849952 0.841455
0.90809 0.884007
0.884052 0.84016
0.906521 0.902069
0.919036 0.896918
0.888751 0.86802
0.834372 0.794005
0.850922 0.887241
0.824721 0.883698
0.87831 0.847776
0.861117 0.840295
0.865506 0.862267
0.862961 0.860379
0.895487 0.831661
0.857109 0.809926
0.863568 0.857937
0.856458 0.866638
0.89292 0.873249
0.862333 0.860362
0.841748 0.794659
0.852621 0.822927
0.867097 0.841043
0.803785 0.821294
0.87841 0.883705
0.849853 0.83096
0.862675 0.876815
0.89444 0.895819
0.848702 0.899053
0.836342 0.840452
0.79386 0.847851
0.736684 0.790571
0.774273 0.836712
0.877468 0.809353
0.862507 0.862684
0.889896 0.831608
0.876913 0.796777
0.858837 0.899706
0.840502 0.854492
0.863844 0.872036
0.837523 0.874661
0.854867 0.831141
0.857983 0.855791
0.865703 0.892396
0.857032 0.85802
0.858311 0.87399
0.847366 0.88041
0.83112 0.871232
0.866008 0.85373
0.852076 0.86673
0.829831 0.871529
0.749629 0.787813
0.899694 0.917169
0.900967 0.875543
0.882172 0.854068
0.849588 0.867117
0.894227 0.892356
0.868436 0.864291
0.866174 0.849555
0.870991 0.893461
0.879905 0.883205
0.866347 0.791922
0.871785 0.860092
0.83954 0.795619
0.790943 0.821144
0.800318 0.849984
0.747139 0.787598
0.827921 0.914699
0.827862 0.820065
0.800204 0.812397
0.879481 0.830055
0.85255 0.863724
0.802943 0.827623
0.895458 0.846875
0.805191 0.844648
0.885215 0.873578
0.83357 0.836491
0.866721 0.871464
0.804604 0.843329
0.837782 0.843567
0.825947 0.839646
0.865307 0.75206
0.829573 0.849617
0.870024 0.904868
0.802713 0.810735
0.797462 0.791866
0.851327 0.822761
0.862464 0.856302
0.852786 0.843494
0.866709 0.81875
0.837922 0.822707
0.85048 0.821619
0.811136 0.845674
0.813982 0.861754
0.87809 0.892956
0.862734 0.8997
0.844539 0.779254
0.901797 0.879898
0.869071 0.893212
0.81973 0.810411
0.766584 0.842459
0.852343 0.879714
0.846621 0.860254
0.856521 0.842425
0.903843 0.873881
0.883861 0.900863
0.856439 0.836811
0.88005 0.869007
0.807659 0.846857
0.819238 0.858128
0.873522 0.849702
0.828864 0.83163
0.827271 0.81993
0.867986 0.862186
0.741071 0.714138
0.911013 0.867409
0.915546 0.916445
0.873332 0.875413
0.873471 0.884497
0.857321 0.810789
0.846064 0.865018
0.875709 0.892655
0.91103 0.890141
0.859968 0.841159
0.854546 0.786
0.859568 0.816676
0.890441 0.850465
0.869242 0.882127
0.878525 0.873651
0.872535 0.830933
0.880269 0.877632
0.839665 0.845974
0.832487 0.835063
0.886214 0.866106
0.861718 0.857419
0.90834 0.897848
0.902686 0.89588
0.888412 0.870298
0.87944 0.875175
0.772071 0.770693
0.873381 0.898238
0.819814 0.871612
0.859406 0.902102
0.822152 0.861458
0.788878 0.839879
0.832385 0.838542
0.82895 0.772301
0.914777 0.913382
0.889534 0.873844
0.906708 0.898627
0.886069 0.901858
0.848656 0.864989
0.885983 0.905908
0.917888 0.885233
0.840737 0.861341
0.879972 0.878957
0.874065 0.859899
0.848844 0.826605
0.873793 0.881234
0.907866 0.870069
0.879943 0.835214
0.878643 0.878066
0.88458 0.888614
0.830726 0.835146
0.796546 0.757984
0.823859 0.895752
0.821388 0.840812
0.85647 0.706493
0.840367 0.850864
0.845438 0.841615
0.910471 0.901795
0.847776 0.837593
0.859879 0.836539
0.863553 0.87711
0.845553 0.838032
0.847229 0.88447
0.898384 0.881208
0.906499 0.92374
0.834196 0.831563
0.892076 0.880121
0.796949 0.829242
0.83803 0.868769
0.845876 0.867029
0.829939 0.827663
0.863037 0.764859
0.866183 0.83408
0.814776 0.834393
0.851572 0.865846
0.88356 0.868533
0.893322 0.841711
0.814385 0.85437
0.868943 0.866759
0.825589 0.832913
0.863871 0.881001
0.921454 0.927146
0.892292 0.88338
0.874537 0.861535
0.863898 0.845286
0.875509 0.912557
0.849617 0.873472
0.873685 0.814342
0.786968 0.829825
0.776845 0.879896
0.902252 0.912372
0.86273 0.883155
0.829102 0.849246
0.877116 0.891823
0.840427 0.869246
0.832179 0.77933
0.840747 0.836749
0.906596 0.864544
0.871564 0.883651
0.876535 0.900589
0.849521 0.869024
0.845612 0.799183
0.84644 0.838383
0.85144 0.776628
0.889828 0.915773
0.879514 0.888256
0.897842 0.861796
0.860314 0.858972
0.824161 0.846398
0.773931 0.839283
0.823258 0.805561
0.836903 0.880886
0.897246 0.841442
0.742485 0.672815
0.830928 0.832752
0.811777 0.80477
0.861432 0.843861
0.848042 0.820858
0.824099 0.836323
0.776312 0.820116
0.852373 0.840993
0.881532 0.882194
0.774595 0.811452
0.842227 0.869613
0.849292 0.863295
0.883126 0.86732
0.837091 0.804644
0.833734 0.869315
0.865812 0.894201
0.897272 0.869482
0.83041 0.876802
0.882872 0.892617
0.881828 0.855049
0.847184 0.831791
0.806129 0.843003
0.816423 0.854066
0.818011 0.8258
0.799036 0.837954
0.787317 0.81721
0.854622 0.867191
0.826525 0.778266
0.740471 0.764789
0.860167 0.872764
0.791834 0.842411
0.872427 0.834874
0.852945 0.824458
0.868503 0.878235
0.787472 0.791708
0.830425 0.891666
0.885931 0.846312
0.799192 0.848562
0.767192 0.797662
0.837898 0.878361
0.800109 0.792659
0.869009 0.888487
0.864768 0.897097
0.864322 0.87764
0.827744 0.858202
0.874871 0.842414
0.860098 0.838515
0.866435 0.882253
0.849865 0.85726
0.891986 0.876375
0.898641 0.887283
0.887103 0.868384
0.86081 0.897584
0.742566 0.831015
0.776203 0.852504
0.875507 0.869602
0.850631 0.840764
0.826678 0.879981
0.826729 0.840636
0.833823 0.842072
0.841809 0.853058
0.87093 0.804262
0.823677 0.840607
0.858388 0.881384
0.890087 0.873151
0.890133 0.881266
0.890405 0.871366
0.862863 0.856724
0.849472 0.852168
0.813159 0.832906
0.778117 0.804273
0.840181 0.825174
0.820371 0.85982
0.882252 0.849467
0.856397 0.827238
0.858818 0.893934
0.839721 0.896105
0.862674 0.881099
0.859708 0.897442
0.902609 0.886493
0.800351 0.785225
0.914637 0.898612
0.893282 0.872714
0.886794 0.888528
0.849364 0.82747
0.86183 0.876536
0.739973 0.777546
0.814618 0.79444
0.73122 0.774466
0.852067 0.867908
0.874007 0.892732
0.860621 0.772653
0.77938 0.80001
0.827089 0.840196
0.83139 0.775776
0.827824 0.810587
0.828337 0.83881
0.863143 0.845207
0.900066 0.898744
0.83804 0.835073
0.873277 0.858266
0.907069 0.88704
0.737809 0.802311
0.644891 0.765053
0.767869 0.701297
0.810862 0.75033
0.829998 0.816337
0.866487 0.792387
0.892721 0.857737
0.836362 0.846069
0.824517 0.850734
0.872643 0.862903
0.799553 0.825432
0.85342 0.817388
0.793054 0.81534
0.87032 0.892877
0.842538 0.854065
0.913069 0.882575
0.893889 0.901225
0.86619 0.875203
0.873426 0.897241
0.825643 0.8814
0.891602 0.858829
0.856119 0.875251
0.899295 0.8983
0.895486 0.89311
0.880275 0.90859
0.808502 0.851826
0.900748 0.892515
0.865124 0.852851
0.840676 0.856486
0.863812 0.888755
0.849781 0.830802
0.695771 0.824927
0.801876 0.812322
0.83682 0.833262
0.861967 0.784667
0.803466 0.766618
0.879114 0.907068
0.82777 0.866864
0.817161 0.807054
0.838638 0.839472
0.865063 0.855597
0.927788 0.914583
0.872207 0.907027
0.890068 0.90372
0.84723 0.842614
0.778553 0.868807
0.844743 0.865883
0.844107 0.836176
0.816901 0.859297
0.890165 0.898607
0.866793 0.866479
0.841301 0.831757
0.873373 0.872033
0.868831 0.808487
0.917676 0.92206
0.862601 0.875775
0.77317 0.826819
0.891146 0.861239
0.865348 0.842072
0.883105 0.86897
0.896023 0.858419
0.873569 0.83232
0.829671 0.853902
0.823015 0.824751
0.766998 0.8641
0.851873 0.839223
0.880531 0.822431
0.887361 0.804657
0.904164 0.878424
0.905776 0.877318
0.890277 0.9044
0.832451 0.911966
0.844653 0.777528
0.832606 0.867743
0.758827 0.838641
0.870128 0.860107
0.85898 0.803899
0.88364 0.880299
0.785528 0.873406
0.847095 0.831856
0.825292 0.746219
0.683355 0.669896
0.682454 0.845857
0.742714 0.847038
0.850961 0.88795
0.91672 0.898721
0.843616 0.815545
0.873076 0.853312
0.837196 0.757057
0.838244 0.809318
0.798828 0.80259
0.826196 0.827066
0.856218 0.844139
0.834182 0.847179
0.89099 0.873365
0.888555 0.873124
0.848742 0.843842
0.841707 0.861273
0.894529 0.858506
0.858015 0.8587
0.865996 0.886624
0.897139 0.888949
0.869094 0.863163
0.806994 0.811921
0.796391 0.863997
0.842645 0.799335
0.831922 0.822786
0.816917 0.791187
0.848371 0.825101
0.88085 0.824952
0.693493 0.755696
0.830579 0.856703
0.837399 0.841709
0.858837 0.853826
0.834723 0.832011
0.884652 0.863772
0.908678 0.841593
0.834043 0.869349
0.90481 0.887902
0.838274 0.793635
0.860717 0.836373
0.859128 0.842633
0.852411 0.898759
0.87982 0.870037
0.876362 0.880181
0.902966 0.888074
0.879639 0.858302
0.830277 0.804276
0.718568 0.839669
0.84941 0.880569
0.894459 0.881904
0.834672 0.832852
0.871457 0.873522
0.870279 0.834281
0.861991 0.914856
0.870039 0.872229
0.882468 0.878755
0.840464 0.849225
0.897351 0.874031
0.811239 0.838097
0.819866 0.881381
0.863816 0.875119
0.871635 0.914604
0.870062 0.878209
0.817411 0.837988
0.843401 0.871104
0.803032 0.77805
0.856397 0.86325
0.805953 0.84256
0.808041 0.857418
0.76216 0.751005
0.802673 0.816256
0.863386 0.841615
0.829359 0.865869
0.895813 0.871767
0.855085 0.890884
0.846475 0.81108
0.750395 0.77075
0.748393 0.820004
0.81808 0.881222
0.871105 0.87764
0.891988 0.898169
0.836051 0.736701
0.842881 0.786724
0.875345 0.830534
0.815643 0.874219
0.893657 0.895151
0.882292 0.859534
0.846915 0.846296
0.850175 0.875599
0.857485 0.830569
0.891285 0.855822
0.806067 0.801045
0.878533 0.877065
0.865275 0.842154
0.857156 0.857898
0.881436 0.884305
0.869128 0.829467
0.818898 0.834625
0.837568 0.842975
0.793746 0.875449
0.852413 0.903955
0.841908 0.813163
0.83687 0.787345
0.797328 0.792664
0.856209 0.86383
0.863174 0.858598
0.749099 0.75529
0.786368 0.787806
0.864427 0.868348
0.866624 0.864911
0.86599 0.86682
0.806432 0.803321
0.807338 0.880991
0.834675 0.809838
0.778408 0.808341
0.862685 0.844043
0.859558 0.854029
0.863328 0.872385
0.874018 0.865304
0.765111 0.768488
0.804932 0.831594
0.776318 0.773946
0.723554 0.853494
0.826529 0.862578
0.897409 0.902574
0.867805 0.868165
0.896895 0.86743
0.858685 0.876346
0.87961 0.869059
0.882268 0.865138
0.851054 0.894141
0.874507 0.909338
0.881842 0.871662
0.863131 0.892136
0.893995 0.862327
0.897934 0.847228
0.888323 0.856221
0.875353 0.917808
0.839272 0.833062
0.798884 0.857388
0.78694 0.739772
0.788866 0.821406
0.809795 0.848374
0.746534 0.734159
0.895246 0.873697
0.847534 0.855276
0.880053 0.886744
0.868186 0.854766
0.854533 0.888986
0.830923 0.885746
0.857208 0.870942
0.871588 0.869027
0.851719 0.803416
0.842924 0.890768
0.895668 0.860313
0.873271 0.836391
0.886555 0.877124
0.906796 0.90176
0.895114 0.908452
0.822128 0.85871
0.854032 0.830641
0.839769 0.82116
0.797753 0.814385
0.862663 0.832974
0.777065 0.819955
0.869154 0.865007
0.779936 0.847416
0.791442 0.768334
0.890557 0.869368
0.912482 0.874252
0.786007 0.831954
0.856671 0.835657
0.819933 0.845345
0.926559 0.873339
0.788474 0.822959
0.873618 0.82624
0.839028 0.845202
0.880794 0.847349
0.880835 0.831938
0.836641 0.805134
0.838112 0.857356
0.817359 0.864471
0.842008 0.84813
0.892149 0.9086
0.87459 0.884138
0.760454 0.799632
0.844955 0.841872
0.858428 0.880266
0.832673 0.768559
0.787897 0.771614
0.794186 0.811744
0.855139 0.812765
0.803722 0.794978
0.853523 0.858143
0.87232 0.850839
0.87365 0.881833
0.815064 0.838437
0.823936 0.750054
0.860569 0.896605
0.893956 0.89615
0.813199 0.7978
0.791625 0.882407
0.83334 0.795103
0.79634 0.83028
0.854022 0.852303
0.8389 0.847816
0.805795 0.812553
0.837439 0.854568
0.861147 0.842465
0.824002 0.86865
0.705604 0.791614
0.898364 0.86619
0.863404 0.903048
0.846953 0.906507
0.928267 0.864292
0.816609 0.844261
0.776114 0.827089
0.860926 0.846433
0.885393 0.894318
0.876875 0.927137
0.889927 0.799385
0.86468 0.855827
0.853232 0.810641
0.843968 0.854828
0.86612 0.873709
0.789615 0.842562
0.878847 0.899556
0.826015 0.860912
0.755009 0.781548
0.854685 0.828574
0.834027 0.846365
0.846588 0.889186
0.874407 0.827683
0.857532 0.853155
0.836068 0.889911
0.888528 0.852172
0.855444 0.872712
0.803095 0.844414
0.875701 0.825402
0.848917 0.848992
0.837405 0.873511
0.832728 0.859947
0.869777 0.893631
0.839416 0.882822
0.873152 0.888257
0.796705 0.852241
0.849127 0.854347
0.856802 0.811764
0.874326 0.817142
0.879911 0.858752
0.801311 0.870866
0.810885 0.831142
0.76557 0.705791
0.769741 0.785879
0.853477 0.882429
0.859292 0.827992
0.850192 0.802867
0.835448 0.846569
0.904275 0.86355
0.879507 0.8995
0.829667 0.849658
0.839021 0.837204
0.795593 0.860668
0.818893 0.840322
0.87353 0.883704
0.915704 0.895954
0.849226 0.8665
0.864501 0.848401
0.881761 0.888459
0.847392 0.852805
0.840579 0.82063
0.86281 0.806775
0.830869 0.850956
0.835647 0.80945
0.797856 0.780301
0.904649 0.885212
0.888409 0.884706
0.917957 0.896299
0.853443 0.8485
0.848497 0.847781
0.884081 0.879464
0.806424 0.83228
0.911516 0.898823
0.811463 0.791981
0.755731 0.81163
0.709127 0.8097
0.797967 0.83566
0.766085 0.848799
0.528712 0.735704
0.82122 0.824687
0.817036 0.812182
0.873255 0.854222
0.848089 0.886199
0.75015 0.770982
0.799153 0.832081
0.835598 0.813755
0.776454 0.861446
0.854192 0.832762
0.872885 0.895023
0.849356 0.852962
0.847628 0.894059
0.881494 0.891155
0.863776 0.883383
0.864034 0.846675
0.836652 0.833476
0.878284 0.902346
0.79331 0.758889
0.813316 0.88157
0.82407 0.835372
0.870177 0.815327
0.781151 0.783598
0.812004 0.750341
0.88285 0.871271
0.872557 0.906145
0.803294 0.7608
0.799456 0.689071
0.80247 0.689902
0.860823 0.791155
0.895957 0.87441
0.874035 0.844813
0.808642 0.830387
0.850305 0.878728
0.848012 0.853418
0.833712 0.865717
0.86399 0.896531
0.874814 0.863887
0.829804 0.809019
0.859498 0.877948
0.861224 0.876789
0.8641 0.830678
0.887577 0.866783
0.803483 0.814523
0.880787 0.865429
0.88583 0.912898
0.897939 0.817162
0.864258 0.782223
0.878057 0.882058
0.871105 0.833869
0.870578 0.893223
0.872835 0.876341
0.810153 0.806457
0.84061 0.837341
0.761656 0.798263
0.841369 0.86273
0.875008 0.897652
0.855215 0.863485
0.838378 0.860409
0.834797 0.856857
0.893497 0.899996
0.894898 0.879106
0.884116 0.839447
0.858359 0.836702
0.870913 0.860604
0.816293 0.851448
0.906276 0.913252
0.863725 0.877125
0.833949 0.808334
0.883147 0.861302
0.895257 0.875759
0.867616 0.848244
0.835678 0.802198
0.848734 0.891467
0.87768 0.901914
0.862941 0.833571
0.885798 0.913574
0.910777 0.902934
0.878996 0.90425
0.870888 0.885661
0.833643 0.851597
0.884072 0.890507
0.870857 0.870876
0.89022 0.898419
0.869938 0.91163
0.850721 0.895928
0.782934 0.816352
0.712175 0.776562
0.822313 0.771783
0.823207 0.696349
0.794459 0.778774
0.857206 0.864869
0.848385 0.877951
0.831944 0.794887
0.85002 0.849754
0.787477 0.829502
0.864496 0.799862
0.869927 0.874352
0.887725 0.851788
0.90218 0.840996
0.890803 0.867121
0.884106 0.865969
0.899528 0.822671
0.858762 0.893085
0.753928 0.830991
0.830552 0.855659
0.866134 0.892225
0.79904 0.877048
0.833082 0.839758
0.837167 0.877242
0.852432 0.879964
0.819151 0.854397
0.890604 0.842043
0.777499 0.843958
0.918428 0.888217
0.890087 0.843402
0.812903 0.795883
0.831235 0.850255
0.846213 0.829421
0.830053 0.798482
0.927638 0.889555
0.832329 0.805143
0.886038 0.860522
0.885999 0.806838
0.798262 0.796125
0.784978 0.831722
0.891062 0.86862
0.872758 0.889317
0.877946 0.905248
0.868745 0.880306
0.882556 0.916776
0.901885 0.897457
0.882647 0.900384
0.85048 0.867552
0.902387 0.875668
0.903084 0.910698
0.880378 0.846217
0.902283 0.85614
0.907045 0.902476
0.85878 0.857303
0.811391 0.833479
0.851689 0.863787
0.833127 0.870058
0.871005 0.88195
0.793457 0.803019
0.826415 0.842737
0.870268 0.854313
0.852121 0.806615
0.902745 0.856222
0.774453 0.827974
0.910731 0.88337
0.900713 0.890008
0.829453 0.852792
0.83133 0.824907
0.853609 0.819603
0.750723 0.808415
0.840466 0.820661
0.81744 0.843559
0.781319 0.877107
0.712871 0.824854
0.891199 0.851646
0.822466 0.860574
0.852964 0.835844
0.872432 0.843515
0.838326 0.836111
0.889274 0.892628
0.873993 0.873099
0.790261 0.832878
0.842859 0.831481
0.889034 0.842133
0.862877 0.826593
0.897919 0.875101
0.810365 0.819819
0.864855 0.833998
0.840283 0.875621
0.821464 0.848898
0.903364 0.899965
0.885296 0.917016
0.881914 0.930431
0.867491 0.894165
0.883015 0.851647
0.874452 0.848136
0.837822 0.858196
0.861845 0.886584
0.863991 0.825412
0.84244 0.836283
0.837334 0.879372
0.853889 0.866577
0.846929 0.829021
0.73337 0.808917
0.817817 0.819017
0.851984 0.882481
0.843589 0.843826
0.802211 0.787184
0.881746 0.861171
0.861693 0.847237
0.883252 0.911715
0.798459 0.829235
0.825869 0.819945
0.900848 0.8894
0.78095 0.807909
0.790685 0.814775
0.867548 0.845738
0.834131 0.803254
0.853003 0.808315
0.837457 0.853093
0.714424 0.785084
0.743392 0.802217
0.863407 0.845211
0.797679 0.844763
0.903451 0.891411
0.894864 0.876886
0.823393 0.863906
0.866867 0.852265
0.864345 0.891536
0.885209 0.925805
0.871239 0.874456
0.886973 0.871043
0.902894 0.877131
0.821091 0.852527
0.83006 0.856503
0.862299 0.896298
0.885059 0.907296
0.818534 0.822272
0.786879 0.763023
0.820199 0.898485
0.801968 0.779766
0.772223 0.769036
0.823239 0.853147
0.862311 0.888693
0.901846 0.893687
0.865061 0.851496
0.868142 0.850879
0.859584 0.855423
0.897731 0.841334
0.821004 0.830272
0.849023 0.865749
0.859399 0.853338
0.842484 0.881972
0.826195 0.728718
0.768716 0.87032
0.833552 0.880123
0.88412 0.908694
0.882085 0.903838
0.83205 0.828462
0.815421 0.843668
0.831036 0.809797
0.810701 0.8108
0.833462 0.862484
0.832456 0.832115
0.776659 0.797742
0.797053 0.709214
0.797043 0.718947
0.793026 0.898746
0.797757 0.819871
0.858679 0.824025
0.887808 0.86272
0.86006 0.862467
0.846224 0.842232
0.886343 0.863592
0.769145 0.842471
0.901897 0.912458
0.86201 0.834408
0.87635 0.881952
0.839454 0.856921
0.808023 0.802774
0.792945 0.842084
0.751382 0.698568
0.807886 0.76183
0.87155 0.797734
0.798454 0.782257
0.856669 0.848798
0.884835 0.827458
0.840019 0.867102
0.833019 0.850367
0.833565 0.865231
0.862452 0.837914
0.847438 0.828588
0.840452 0.864295
0.884636 0.831885
0.896057 0.861438
0.872331 0.881785
0.860223 0.873515
0.842418 0.882216
0.864551 0.845315
0.87117 0.897472
0.871943 0.869491
0.865662 0.868922
0.817009 0.847533
0.769536 0.817145
0.832131 0.873128
0.835869 0.861561
0.871808 0.896638
0.836069 0.819026
0.830365 0.859056
0.820804 0.845339
0.877809 0.874255
0.889611 0.869716
0.844895 0.842926
0.876652 0.832805
0.815259 0.806065
0.872408 0.830017
0.873132 0.903689
0.882663 0.891035
0.874379 0.871495
0.881861 0.82766
0.906235 0.862977
0.888351 0.894727
0.868278 0.855356
0.840158 0.846971
0.888172 0.88896
0.851264 0.896912
0.921905 0.902738
0.842512 0.846892
0.801759 0.844108
0.897297 0.895404
0.796553 0.848502
0.873566 0.874958
0.863332 0.849785
0.873893 0.88269
0.851956 0.874425
0.907733 0.887448
0.861107 0.897334
0.850027 0.881791
0.874716 0.845798
0.814266 0.841437
0.823447 0.866741
0.839679 0.882785
0.874137 0.859404
0.889989 0.88174
0.896261 0.888757
0.847722 0.844907
0.826307 0.795387
0.895112 0.892965
0.868947 0.923168
0.801386 0.844155
0.8164 0.852769
0.83836 0.843226
0.818619 0.848444
0.872033 0.880706
0.910954 0.839861
0.855425 0.874627
0.834784 0.879945
0.844606 0.828465
0.851798 0.851506
0.925942 0.876032
0.829694 0.800193
0.822996 0.805986
0.842661 0.838012
0.822135 0.802327
0.866413 0.841605
0.857577 0.815463
0.888406 0.866868
0.866232 0.860237
0.923317 0.897351
0.881683 0.910747
0.89419 0.877086
0.85789 0.883037
0.879781 0.903861
0.872938 0.842691
0.86638 0.846385
0.8923 0.898155
0.846389 0.832657
0.852742 0.865696
0.891408 0.92011
0.8574 0.865227
0.853979 0.856372
0.819983 0.848946
0.745432 0.785148
0.771372 0.778617
0.780246 0.828306
0.869302 0.831921
0.862896 0.869478
0.855287 0.869268
0.758857 0.888643
0.836742 0.872105
0.842262 0.803887
0.846455 0.888711
0.869731 0.893673
0.879194 0.886281
0.894982 0.845925
0.86554 0.846561
0.844299 0.847781
0.906779 0.871903
0.866684 0.878251
0.815142 0.890532
0.852616 0.861282
0.730638 0.77783
0.816535 0.77906
0.840871 0.834274
0.821988 0.831693
0.840319 0.819559
0.732704 0.742734
0.832887 0.841595
0.833621 0.872438
0.87115 0.856312
0.857834 0.855787
0.895717 0.851068
0.842735 0.885083
0.860219 0.834811
0.817703 0.825866
0.82809 0.86701
0.832632 0.837946
0.846678 0.870616
0.89941 0.852084
0.879692 0.870226
0.881547 0.885382
0.854843 0.883715
0.901409 0.902137
0.901238 0.89484
0.825567 0.888739
0.893993 0.87169
0.846944 0.862548
0.904964 0.882929
0.841275 0.873196
0.891342 0.849455
0.857992 0.859819
0.815935 0.765868
0.723333 0.764444
0.780843 0.791062
0.83386 0.870006
0.733243 0.706655
0.835792 0.819834
0.843536 0.850967
0.889551 0.890899
0.865944 0.894536
0.826685 0.833255
0.849385 0.837004
0.832901 0.857165
0.918981 0.888896
0.89729 0.862026
0.835617 0.88446
0.886194 0.884723
0.880688 0.871636
0.858916 0.90027
0.861925 0.855954
0.828496 0.84187
0.835536 0.832493
0.861711 0.853919
0.86627 0.860879
0.8723 0.899704
0.830936 0.850814
0.853138 0.884771
0.875482 0.834326
0.858241 0.878542
0.855365 0.86671
0.834514 0.829271
0.808363 0.80887
0.895072 0.875759
0.795903 0.761988
0.880767 0.838044
0.904038 0.89836
0.856234 0.868988
0.885386 0.875413
0.870707 0.885974
0.865605 0.867338
0.807477 0.860978
0.806017 0.795113
0.812916 0.783554
0.827035 0.81304
0.815102 0.849775
0.855169 0.833387
0.753059 0.815877
0.751411 0.768708
0.877968 0.779121
0.802532 0.698723
0.76991 0.769646
0.848285 0.846749
0.892392 0.850457
0.78794 0.797038
0.813538 0.837829
0.859454 0.831992
0.884632 0.874153
0.89375 0.915168
0.866692 0.849314
0.809056 0.810397
0.746474 0.805297
0.857894 0.813693
0.868561 0.878929
0.834232 0.796551
0.790233 0.831655
0.865762 0.902408
0.836136 0.8675
0.875147 0.853336
0.873022 0.909931
0.910257 0.908569
0.873606 0.88981
0.870144 0.871934
0.876054 0.8415
0.817262 0.820284
0.843646 0.831136
0.843132 0.818985
0.842913 0.844737
0.834279 0.873564
0.850539 0.913167
0.838207 0.870887
0.910985 0.885075
0.863441 0.836856
0.895769 0.896152
0.904652 0.894116
0.89888 0.901274
0.888411 0.914701
0.904838 0.908085
0.877369 0.890841
0.89467 0.917482
0.826414 0.808931
0.873675 0.779443
0.801624 0.842694
0.767141 0.85457
0.755705 0.788183
0.780373 0.614262
0.792935 0.882977
0.771234 0.840163
0.828748 0.793873
0.74427 0.88116
0.820003 0.837904
0.885016 0.846151
0.888193 0.904356
0.819823 0.854578
0.849737 0.894493
0.847356 0.84539
0.819731 0.871196
0.834801 0.839905
0.882241 0.846172
0.858063 0.802841
0.804875 0.876159
0.872414 0.855932
0.878414 0.867183
0.770054 0.904282
0.728395 0.813061
0.871804 0.855819
0.840632 0.810579
0.79739 0.811579
0.829871 0.873874
0.862147 0.86232
0.781601 0.86352
0.849877 0.861565
0.898554 0.804993
0.904669 0.90845
0.862875 0.855927
0.870885 0.851725
0.861654 0.863214
0.835074 0.879636
0.832227 0.892753
0.883094 0.840205
0.887225 0.866012
0.870974 0.853907
0.901363 0.929555
0.864912 0.79267
0.843345 0.82734
0.893931 0.904409
0.871089 0.809256
0.858753 0.873305
0.83264 0.844141
0.902525 0.915984
0.892041 0.845007
0.872042 0.875083
0.901322 0.853129
0.895857 0.910974
0.858608 0.829573
0.798594 0.86349
0.790146 0.794394
0.877274 0.882756
0.879401 0.889676
0.904878 0.908138
0.873917 0.854531
0.851019 0.84107
0.834982 0.794929
0.800202 0.787179
0.905502 0.817353
0.91212 0.828097
0.812054 0.830007
0.882729 0.890497
0.793651 0.806391
0.763768 0.809761
0.778216 0.756606
0.832116 0.864961
0.903109 0.861439
0.892492 0.809294
0.87818 0.894326
0.879287 0.925829
0.908563 0.916361
0.907404 0.926614
0.858106 0.874051
0.848568 0.89523
0.863496 0.877634
0.86083 0.896554
0.830984 0.829552
0.883666 0.879491
0.834603 0.829499
0.900423 0.897066
0.905639 0.910384
0.849194 0.826315
0.849825 0.848243
0.8486 0.870154
0.831685 0.860207
0.809084 0.849614
0.879944 0.896836
0.887058 0.874109
0.904946 0.865817
0.885035 0.903014
0.834851 0.810162
0.82775 0.806714
0.881962 0.826579
0.801191 0.787281
0.816823 0.868183
0.820271 0.842638
0.789167 0.821248
0.871371 0.850648
0.878191 0.865607
0.850558 0.816338
0.809072 0.834407
0.807055 0.833736
0.88691 0.851383
0.858698 0.831949
0.893317 0.896716
0.842296 0.808536
0.912673 0.898291
0.819172 0.867481
0.81923 0.852088
0.828071 0.815516
0.894897 0.859773
0.899192 0.893483
0.855444 0.852329
0.752224 0.825465
0.724392 0.732047
0.799134 0.780841
0.787178 0.826559
0.847178 0.862848
0.879013 0.821542
0.871647 0.886942
0.895319 0.866843
0.885811 0.871596
0.876123 0.892874
0.835558 0.884944
0.781436 0.780445
0.853534 0.800395
0.801249 0.828052
0.787635 0.83209
0.898073 0.858309
0.816549 0.890183
0.843107 0.85975
0.854536 0.827619
0.866087 0.890292
0.83934 0.860194
0.817352 0.854361
0.85367 0.817811
0.858064 0.799051
0.913873 0.901906
0.897916 0.862521
0.770961 0.785772
0.794479 0.811258
0.913042 0.90792
0.873641 0.904646
0.873653 0.87768
0.865618 0.88863
0.899655 0.910712
0.876091 0.871941
0.756795 0.777852
0.832505 0.836494
0.829492 0.799303
0.751589 0.696885
0.852024 0.805692
0.870178 0.779568
0.816708 0.669629
0.864624 0.819454
0.795194 0.781869
0.852788 0.894947
0.860592 0.868842
0.858057 0.826056
0.810305 0.811254
0.881471 0.85899
0.90232 0.887204
0.9239 0.9196
0.850781 0.795467
0.84396 0.8346
0.820346 0.818188
0.83994 0.891593
0.795784 0.841161
0.839851 0.868978
0.831557 0.82552
0.824643 0.808744
0.822601 0.826868
0.846805 0.853478
0.832088 0.839892
0.788093 0.823604
0.802677 0.849076
0.849282 0.832169
0.808396 0.859505
0.837117 0.811291
0.84133 0.840515
0.858756 0.825967
0.79746 0.815259
0.92248 0.908388
0.880382 0.886697
0.896703 0.8692
0.853376 0.859361
0.863127 0.855142
0.800621 0.825558
0.820232 0.859667
0.797722 0.881291
0.841346 0.85243
0.889004 0.87723
0.851143 0.864454
0.921276 0.9141
0.82714 0.884408
0.762403 0.742632
0.84628 0.84717
0.883797 0.885873
0.838743 0.895384
0.841809 0.885655
0.821429 0.828142
0.833102 0.878435
0.910942 0.88628
0.87062 0.86128
0.901987 0.89798
0.803549 0.783428
0.811321 0.813811
0.911487 0.927457
0.704246 0.771782
0.805568 0.776351
0.809497 0.748103
0.818646 0.832717
0.870057 0.877122
0.8551 0.84343
0.897671 0.787593
0.758979 0.811225
0.884878 0.892475
0.866473 0.852766
0.843793 0.904512
0.896924 0.904518
0.79635 0.825281
0.787898 0.74658
0.838608 0.838183
0.892283 0.917384
0.848908 0.751955
0.846524 0.859013
0.876 0.861369
0.859911 0.89315
0.89511 0.89295
0.817184 0.793486
0.819277 0.835727
0.876353 0.872793
0.892797 0.883839
0.877025 0.818257
0.781718 0.845218
0.894274 0.878031
0.838107 0.885403
0.85827 0.87234
0.839992 0.792887
0.868421 0.84834
0.862703 0.885581
0.866476 0.885687
0.830512 0.880376
0.84952 0.802829
0.831994 0.781326
0.876956 0.848731
0.849598 0.725041
0.736048 0.794255
0.761579 0.767611
0.898534 0.91987
0.842037 0.780888
0.861334 0.837765
0.868173 0.867061
0.88273 0.870791
0.870189 0.83278
0.851933 0.881172
0.840455 0.857426
0.884701 0.831216
0.791518 0.760977
0.874312 0.861179
0.898552 0.845663
0.87458 0.892771
0.88225 0.828943
0.856902 0.829395
0.854297 0.860291
0.871032 0.877143
0.836127 0.861224
0.865279 0.852921
0.837166 0.830388
0.88902 0.869726
0.866905 0.862008
0.857071 0.907967
0.853999 0.801153
0.859243 0.794385
0.765092 0.79147
0.798052 0.773625
0.836947 0.803739
0.813029 0.827346
0.885147 0.883295
0.855176 0.833306
0.842963 0.862009
0.828991 0.814887
0.816016 0.831649
0.889242 0.912008
0.812199 0.848847
0.876708 0.878944
0.896352 0.872949
0.724729 0.7482
0.790173 0.885015
0.834456 0.868747
0.833471 0.880027
0.886574 0.76882
0.855759 0.890541
0.877652 0.857459
0.882009 0.880684
0.84045 0.872003
0.868116 0.869674
0.891424 0.852205
0.830637 0.753361
0.83951 0.835384
0.862232 0.872872
0.840843 0.880848
0.876877 0.865521
0.893265 0.925364
0.832077 0.826793
0.692621 0.767594
0.783017 0.785424
0.752967 0.822086
0.798476 0.809793
0.844007 0.842693
0.838896 0.875323
0.889633 0.865673
0.879062 0.863786
0.899451 0.812537
0.790313 0.820728
0.843861 0.892038
0.870812 0.874279
0.851861 0.845577
0.850008 0.863003
0.805925 0.828
0.886113 0.888573
0.88431 0.87729
0.859005 0.856285
0.883549 0.886462
0.872876 0.841944
0.880507 0.896051
0.83253 0.81439
0.807578 0.794754
0.863144 0.858901
0.890518 0.899378
0.888879 0.860143
0.857847 0.756787
0.871968 0.868617
0.832391 0.833365
0.828438 0.819714
0.846445 0.867054
0.806053 0.831767
0.815232 0.824183
0.885065 0.85013
0.898438 0.917493
0.912701 0.858793
0.813783 0.828454
0.753443 0.731804
0.768686 0.801866
0.793657 0.862416
0.863146 0.880212
0.877376 0.849767
0.862905 0.813295
0.894267 0.817671
0.891002 0.920729
0.880964 0.842353
0.861231 0.915934
0.863716 0.879467
0.84037 0.880016
0.889835 0.862702
0.85343 0.868442
0.913611 0.905991
0.732272 0.768256
0.759482 0.818142
0.877987 0.869105
0.817813 0.834995
0.845408 0.875969
0.804046 0.824555
0.823195 0.807861
0.832565 0.831632
0.888477 0.838848
0.846815 0.844021
0.896347 0.870406
0.882289 0.854767
0.788969 0.820852
0.784362 0.854129
0.835136 0.812042
0.770926 0.622701
0.836208 0.831123
0.871184 0.870903
0.855666 0.836547
0.844298 0.890931
0.908871 0.825457
0.921986 0.889176
0.855945 0.847285
0.794446 0.793177
0.763071 0.733092
0.716882 0.766813
0.702066 0.661471
0.673522 0.66733
0.755008 0.737473
0.733486 0.588823
0.757197 0.805344
0.752687 0.810886
0.845274 0.763323
0.885502 0.852858
0.862305 0.885275
0.886452 0.835826
0.856383 0.858865
0.864976 0.850972
0.868094 0.852773
0.895817 0.884419
0.886379 0.880372
0.878268 0.837309
0.89922 0.891177
0.916769 0.853069
0.832369 0.850542
0.850924 0.885091
0.833474 0.84161
0.903613 0.882551
0.855587 0.826696
0.834242 0.848348
0.792905 0.824533
0.923883 0.913703
0.894753 0.878462
0.915907 0.923778
0.804939 0.895493
0.864189 0.855862
0.830664 0.815797
0.832941 0.836753
0.821551 0.833467
0.86565 0.91447
0.863346 0.922631
0.89128 0.836854
0.844175 0.870331
0.876952 0.906392
0.822901 0.813938
0.871583 0.859949
0.833295 0.840845
0.86251 0.848431
0.895332 0.875625
0.758857 0.820361
0.780561 0.89388
0.813691 0.859914
0.837674 0.834012
0.822243 0.827624
0.896706 0.827868
0.809167 0.838169
0.802348 0.814379
0.806557 0.820108
0.870841 0.880874
0.840057 0.860204
0.855032 0.867382
0.90429 0.895871
0.843133 0.820698
0.85637 0.848931
0.865439 0.896843
0.830491 0.855516
0.861589 0.891323
0.882141 0.874552
0.883769 0.903251
0.933318 0.906078
0.886217 0.846126
0.875751 0.900015
0.842825 0.869284
0.785532 0.795061
0.872049 0.794905
0.821595 0.836596
0.790678 0.895539
0.809817 0.788025
0.82749 0.82557
0.852529 0.850005
0.920957 0.885456
0.879321 0.861587
0.867178 0.87824
0.878496 0.894972
0.878739 0.862553
0.899249 0.882031
0.863357 0.84363
0.841159 0.855692
0.858693 0.865257
0.86176 0.839065
0.850876 0.857746
0.85809 0.878068
0.866186 0.866854
0.793462 0.821927
0.889036 0.888584
0.857631 0.855079
0.846446 0.840553
0.85757 0.817332
0.789507 0.805144
0.761724 0.864252
0.866653 0.854263
0.837329 0.888131
0.87661 0.870018
0.920505 0.8869
0.817522 0.830085
0.765947 0.774827
0.773062 0.783443
0.827458 0.849501
0.900038 0.910544
0.865824 0.854836
0.876925 0.855443
0.918553 0.903281
0.826876 0.896459
0.73354 0.836944
0.861432 0.806272
0.857134 0.879152
0.863017 0.808523
0.921074 0.913185
0.85268 0.855181
0.845007 0.847075
0.828251 0.806885
0.89526 0.920869
0.886595 0.896802
0.855867 0.890902
0.887776 0.873279
0.858843 0.900363
0.8825 0.917492
0.880529 0.872845
0.871765 0.849114
0.872257 0.865514
0.907056 0.89858
0.858208 0.888629
0.844683 0.815643
0.86275 0.844535
0.854414 0.869015
0.819481 0.850796
0.817913 0.859088
0.896542 0.901673
0.870382 0.886817
0.857045 0.852854
0.847647 0.903649
0.831962 0.798194
0.829307 0.822258
0.856679 0.804693
0.822589 0.855301
0.836997 0.807987
0.838036 0.85932
0.780762 0.858552
0.817985 0.802257
0.880244 0.829509
0.827137 0.814686
0.753668 0.832721
0.76113 0.778498
0.792129 0.816816
0.921066 0.851985
0.867314 0.836692
0.866881 0.868054
0.847121 0.862958
0.852977 0.845817
0.870763 0.836525
0.765314 0.787559
0.845865 0.83525
0.874474 0.887486
0.865783 0.877962
0.847014 0.787581
0.872146 0.901962
0.871737 0.815897
0.811146 0.764866
0.790685 0.849107
0.801435 0.855362
0.773393 0.830809
0.870057 0.839524
0.820339 0.869787
0.863702 0.867835
0.850175 0.883379
0.834202 0.785558
0.834074 0.871121
0.847354 0.85473
0.815396 0.884667
0.857654 0.864943
0.83419 0.854931
0.790882 0.840973
0.866664 0.899297
0.905913 0.885148
0.849474 0.834047
0.83027 0.833285
0.907086 0.893985
0.910519 0.881699
0.893615 0.878906
0.806353 0.793466
0.864631 0.797193
0.759895 0.820692
0.640205 0.745746
0.63993 0.749541
0.836288 0.859009
0.854344 0.868482
0.765913 0.861264
0.825916 0.846353
0.881413 0.831091
0.876317 0.876619
0.868314 0.862282
0.918311 0.913993
0.891616 0.889584
0.828197 0.872034
0.861871 0.842397
0.882364 0.906995
0.856191 0.851005
0.840769 0.847056
0.868184 0.850277
0.864379 0.859213
0.872041 0.875069
0.74183 0.821962
0.885302 0.89011
0.862517 0.842398
0.850333 0.865783
0.864049 0.874115
0.904525 0.879016
0.88893 0.875217
0.874732 0.857006
0.811381 0.813015
0.859768 0.834569
0.885764 0.859876
0.908561 0.837826
0.838738 0.897945
0.846751 0.821422
0.809716 0.852552
0.852733 0.797909
0.82454 0.802492
0.82851 0.735793
0.841639 0.888715
0.821428 0.831365
0.895796 0.859213
0.822815 0.844068
0.834617 0.859466
0.856715 0.880098
0.862612 0.89058
0.901328 0.87999
0.899324 0.902293
0.883236 0.893269
0.848073 0.796157
0.893678 0.779702
0.879341 0.853657
0.838541 0.847897
0.791109 0.822884
0.871859 0.899008
0.871225 0.880526
0.934493 0.929424
0.88649 0.86184
0.845824 0.809367
0.878667 0.808692
0.873518 0.855125
0.836322 0.810284
0.89083 0.878911
0.858833 0.838284
0.803879 0.838046
0.842381 0.798935
0.717496 0.772756
0.84411 0.896924
0.834593 0.791765
0.714782 0.763051
0.825555 0.818745
0.883751 0.896212
0.915878 0.932918
0.874118 0.909537
0.881476 0.876958
0.800242 0.800215
0.871986 0.873452
0.853922 0.862095
0.85329 0.880217
0.876376 0.845848
0.879434 0.886829
0.830378 0.737267
0.826078 0.798063
0.862173 0.920638
0.883275 0.885661
0.855163 0.881961
0.881959 0.90072
0.858134 0.899086
0.876463 0.86453
0.861 0.825461
0.868962 0.871945
0.871681 0.843885
0.876961 0.886205
0.801807 0.826213
0.856139 0.77226
0.866191 0.853337
0.894993 0.865579
0.908029 0.899081
0.870504 0.861143
0.843272 0.841727
0.860122 0.82519
0.87329 0.839314
0.871963 0.858219
0.849577 0.856768
0.872033 0.842606
0.840421 0.816619
0.869696 0.879948
0.79242 0.863431
0.864772 0.857663
0.903886 0.831119
0.78332 0.819473
0.886936 0.878456
0.857448 0.882273
0.879769 0.910199
0.812145 0.867759
0.790408 0.789219
0.888514 0.888277
0.857071 0.876112
0.920396 0.917784
0.831852 0.839226
0.810386 0.807016
0.77196 0.849608
0.702989 0.790235
0.80559 0.764364
0.823067 0.790566
0.8165 0.848718
0.824098 0.861325
0.831383 0.789661
0.827053 0.808839
0.896618 0.819324
0.894895 0.884003
0.860003 0.857885
0.879285 0.856486
0.873364 0.898333
0.89063 0.843781
0.757716 0.783385
0.848875 0.820484
0.859951 0.854688
0.805139 0.8713
0.89061 0.876526
0.849833 0.807099
0.886372 0.87227
0.895228 0.892993
0.887801 0.871394
0.843577 0.863708
0.867063 0.896724
0.831386 0.781887
0.824783 0.84541
0.820148 0.802276
0.908532 0.896036
0.887966 0.861214
0.882873 0.894761
0.8281 0.826122
0.846884 0.830861
0.824854 0.803084
0.827851 0.875178
0.862621 0.808297
0.876517 0.89585
0.835208 0.849978
0.889865 0.908539
0.824946 0.821336
0.888203 0.887886
0.823702 0.688455
0.806088 0.713889
0.857335 0.84082
0.79573 0.837764
0.884634 0.868482
0.871893 0.891633
0.844752 0.872701
0.871948 0.870307
0.851449 0.823818
0.870983 0.840715
0.851538 0.862182
0.849715 0.899927
0.817231 0.838494
0.838423 0.865511
0.85543 0.817776
0.908316 0.892671
0.819869 0.830092
0.90335 0.881483
0.852981 0.882335
0.886252 0.858578
0.804855 0.887693
0.825393 0.84679
0.848939 0.846973
0.843349 0.813442
0.893287 0.860677
0.837225 0.813731
0.879614 0.869172
0.834759 0.878767
0.865605 0.850235
0.876842 0.857249
0.842842 0.817536
0.873725 0.891757
0.920976 0.910353
0.889539 0.839448
0.851479 0.858896
0.844871 0.836192
0.884252 0.886427
0.885598 0.905267
0.823282 0.849909
0.782239 0.815822
0.802905 0.84166
0.803689 0.876123
0.848717 0.857665
0.808296 0.881907
0.848848 0.867985
0.889642 0.887602
0.826961 0.71501
0.798802 0.807061
0.838019 0.792098
0.846962 0.868851
0.862601 0.887269
0.859799 0.833175
0.871517 0.900683
0.875066 0.877802
0.889845 0.866793
0.791991 0.79402
0.876746 0.847653
0.840392 0.798513
0.873026 0.855145
0.878667 0.89825
0.895436 0.884895
0.863787 0.833523
0.810473 0.816481
0.874756 0.881307
0.882822 0.883961
0.859987 0.839425
0.826546 0.860991
0.861963 0.863284
0.832099 0.864517
0.765713 0.734263
0.855772 0.863937
0.844992 0.838297
0.816209 0.789878
0.795232 0.75537
0.88816 0.880223
0.836367 0.837189
0.816037 0.864828
0.720607 0.806197
0.739148 0.789276
0.877534 0.824056
0.880599 0.856231
0.864163 0.883075
0.903981 0.814751
0.866988 0.865162
0.861736 0.877286
0.905187 0.867697
0.891091 0.844011
0.876333 0.886797
0.863996 0.877614
0.87053 0.878696
0.889302 0.894821
0.913682 0.883697
0.860592 0.860494
0.914369 0.873832
0.787414 0.80792
0.852719 0.878503
0.854096 0.853808
0.845669 0.862864
0.814127 0.865844
0.724897 0.834069
0.84063 0.840212
0.896414 0.910103
0.897355 0.882705
0.868026 0.861868
0.880789 0.829898
0.840846 0.868982
0.87522 0.909762
0.774766 0.767284
0.844711 0.857858
0.745033 0.859313
0.819892 0.831712
0.809337 0.84773
0.897718 0.884468
0.86917 0.845532
0.847959 0.832585
0.842393 0.834849
0.911888 0.94784
0.857247 0.818997
0.885608 0.83099
0.810267 0.802089
0.801172 0.859956
0.890791 0.884978
0.734311 0.665182
0.697608 0.855225
0.891628 0.90872
0.879183 0.889806
0.833086 0.826402
0.802958 0.787084
0.86506 0.855056
0.833569 0.854809
0.870476 0.819232
0.903563 0.909611
0.755922 0.807595
0.788312 0.798095
0.840293 0.838013
0.898371 0.918966
0.837535 0.859379
0.881517 0.843517
0.829808 0.868084
0.818402 0.822567
0.80466 0.861212
0.870208 0.898729
0.867194 0.851239
0.828434 0.874474
0.821855 0.802314
0.839051 0.809637
0.919494 0.907327
0.874379 0.852533
0.811544 0.830837
0.834312 0.869436
0.82696 0.817532
0.791989 0.837425
0.849846 0.912833
0.877034 0.869122
0.881953 0.884519
0.857794 0.863585
0.888552 0.836834
0.810125 0.840614
0.882304 0.88652
0.868766 0.848893
0.846602 0.918587
0.908358 0.901361
0.875305 0.871959
0.911665 0.876247
0.835928 0.84737
0.893006 0.917491
0.794379 0.817392
0.860525 0.809218
0.887277 0.855182
0.83536 0.912387
0.804774 0.854311
0.884517 0.873963
0.856241 0.856907
0.860914 0.85388
0.852759 0.8437
0.852922 0.793544
0.883075 0.828474
0.829784 0.847392
0.805083 0.850265
0.84611 0.875717
0.903186 0.894504
0.84958 0.806581
0.788487 0.775658
0.812804 0.783848
0.869392 0.89106
0.883842 0.904758
0.871732 0.851699
0.814012 0.779422
0.881899 0.804804
0.898237 0.795539
0.897345 0.845308
0.858566 0.807533
0.81761 0.812913
0.881921 0.875172
0.873309 0.902491
0.889169 0.822554
0.846787 0.831039
0.837515 0.904975
0.820356 0.854329
0.724521 0.732701
0.751247 0.715712
0.883721 0.906447
0.869016 0.897456
0.845493 0.877211
0.780383 0.787966
0.856538 0.819072
0.832873 0.793798
0.74361 0.733899
0.801492 0.875154
0.851389 0.905763
0.826176 0.821639
0.833905 0.848397
0.830092 0.830837
0.854381 0.825859
0.922802 0.899685
0.909418 0.886913
0.804234 0.873633
0.868479 0.881377
0.850448 0.876493
0.863108 0.872401
0.828226 0.818795
0.890468 0.89284
0.832964 0.847394
0.851159 0.827798
0.784755 0.800884
0.844472 0.844511
0.855786 0.912844
0.82766 0.873588
0.864102 0.861977
0.828331 0.645491
0.827751 0.750704
0.858394 0.833016
0.770239 0.734507
0.820233 0.860854
0.848491 0.892734
0.856557 0.90005
0.87879 0.875694
0.810486 0.864652
0.907808 0.903221
0.825696 0.81954
0.873923 0.861102
0.879786 0.898072
0.84076 0.813165
0.897959 0.893344
0.851359 0.840188
0.851598 0.871391
0.904394 0.887857
0.871408 0.860325
0.868056 0.864799
0.893488 0.853401
0.844698 0.830407
0.831278 0.855969
0.866054 0.873504
0.863786 0.801377
0.825876 0.861032
0.795298 0.808783
0.743539 0.768133
0.897575 0.905052
0.898207 0.88861
0.773896 0.754858
0.880762 0.873819
0.809971 0.841151
0.871791 0.871441
0.842107 0.811825
0.830353 0.87135
0.853426 0.854555
0.871832 0.85667
0.884582 0.878289
0.836826 0.845163
0.833988 0.845006
0.88592 0.916348
0.825813 0.835364
0.856874 0.862652
0.791999 0.840848
0.8294 0.854458
0.877123 0.876674
0.85781 0.875928
0.801471 0.838406
0.802118 0.779082
0.776488 0.809168
0.859225 0.884393
0.853927 0.876432
0.858085 0.826333
0.916435 0.910959
0.868256 0.864615
0.895891 0.876171
0.889225 0.858037
0.867946 0.89685
0.813172 0.852031
0.892187 0.85616
0.850476 0.833784
0.855303 0.837326
0.851654 0.873006
0.868547 0.851486
0.868018 0.855143
0.858129 0.889671
0.801044 0.89483
0.860124 0.8704
0.867664 0.86135
0.858712 0.84345
0.865313 0.824684
0.844464 0.863615
0.866007 0.877418
0.849313 0.882242
0.867611 0.861779
0.897337 0.872104
0.910192 0.883299
0.84298 0.854882
0.890217 0.814662
0.869869 0.904077
0.882574 0.876864
0.846238 0.85754
0.878927 0.82901
0.848025 0.788757
0.890979 0.86825
0.853367 0.881762
0.858466 0.848807
0.872764 0.867948
0.809628 0.832389
0.826767 0.730598
0.802148 0.665357
0.83994 0.74449
0.847848 0.781625
0.837193 0.843448
0.851722 0.868199
0.88835 0.84706
0.878544 0.889726
0.885953 0.876073
0.813148 0.809167
0.89381 0.878218
0.921645 0.928077
0.893554 0.896645
0.923849 0.878625
0.84224 0.849011
0.848883 0.870769
0.86646 0.859049
0.85505 0.833309
0.837788 0.852159
0.897567 0.906645
0.887446 0.855389
0.867 0.838024
0.855065 0.819487
0.784382 0.766389
0.834364 0.809231
0.876826 0.890115
0.850912 0.863852
0.907798 0.85673
0.797293 0.833166
0.830043 0.81504
0.871222 0.855406
0.86162 0.870536
0.898472 0.917269
0.871624 0.868904
0.852628 0.78929
0.892122 0.880443
0.846126 0.851741
0.844838 0.83693
0.869476 0.846858
0.834957 0.891526
0.822438 0.805595
0.871592 0.855715
0.875265 0.842664
0.877449 0.875773
0.871064 0.882073
0.876739 0.896323
0.894816 0.913888
0.8159 0.802514
0.812676 0.828214
0.829093 0.826352
0.852963 0.875516
0.878751 0.868829
0.843158 0.850321
0.794047 0.743024
0.875952 0.896073
0.820687 0.799627
0.869306 0.81271
0.784309 0.781894
0.83675 0.828684
0.90029 0.849065
0.845962 0.89056
0.852552 0.834726
0.870983 0.807107
0.875735 0.868891
0.887165 0.87457
0.827239 0.826288
0.804648 0.741261
0.804085 0.866299
0.84873 0.842975
0.90247 0.867248
0.851776 0.873593
0.88107 0.871429
0.847549 0.889826
0.88965 0.894429
0.834469 0.857704
0.889373 0.910878
0.899066 0.890285
0.892516 0.901483
0.882391 0.889177
0.818648 0.771914
0.739965 0.733588
0.770193 0.817433
0.819838 0.87068
0.88148 0.840412
0.864686 0.841741
0.875426 0.86722
0.893624 0.872784
0.875313 0.889423
0.91762 0.869978
0.91912 0.850911
0.872489 0.84936
0.863905 0.878961
0.868419 0.876665
0.855451 0.873832
0.771337 0.759551
0.842064 0.791742
0.884458 0.87075
0.859864 0.843888
0.787512 0.772889
0.78363 0.783939
0.826659 0.848295
0.88083 0.910222
0.847543 0.853372
0.852786 0.867308
0.874658 0.795726
0.87398 0.845377
0.807356 0.835171
0.891188 0.88182
0.887972 0.912439
0.891198 0.873203
0.863839 0.777606
0.884077 0.856891
0.812099 0.869072
0.788587 0.810046
0.838432 0.845488
0.848892 0.85988
0.842279 0.861336
0.850461 0.854985
0.888444 0.905477
0.839207 0.874561
0.89053 0.854761
0.877033 0.873453
0.863182 0.814623
0.898274 0.880228
0.863635 0.892494
0.894689 0.891821
0.867329 0.890498
0.881297 0.889149
0.854044 0.832839
0.787105 0.784572
0.85066 0.874626
0.867331 0.874024
0.895047 0.892278
0.856397 0.872757
0.891019 0.839897
0.832402 0.805029
0.874773 0.867378
0.834519 0.831792
0.829457 0.859949
0.835316 0.843567
0.877514 0.873589
0.868977 0.856651
0.906712 0.898889
0.804852 0.86552
0.75963 0.824803
0.802087 0.831491
0.90162 0.913817
0.83553 0.823026
0.868194 0.815337
0.817586 0.854608
0.811587 0.840256
0.90387 0.867937
0.88809 0.829853
0.882069 0.890248
0.898039 0.920992
0.876062 0.89627
0.883687 0.864862
0.865378 0.890762
0.896397 0.831433
0.889786 0.888185
0.9029 0.871982
0.849388 0.854504
0.898669 0.811255
0.762117 0.811389
0.837903 0.866332
0.812684 0.736267
0.845136 0.821426
0.78948 0.833952
0.907636 0.913356
0.880082 0.863254
0.825939 0.840432
0.842772 0.844534
0.862494 0.878823
0.809918 0.812486
0.813016 0.829523
0.845763 0.835102
0.936581 0.90409
0.910475 0.873903
0.857563 0.838314
0.839871 0.853765
0.89454 0.867004
0.830855 0.845491
0.817389 0.814226
0.881496 0.862072
0.873279 0.849382
0.836774 0.817045
0.872948 0.823032
0.889297 0.863195
0.888426 0.839204
0.920199 0.926647
0.885587 0.889545
0.836395 0.822666
0.872916 0.847061
0.828691 0.811339
0.856352 0.850271
0.821887 0.844652
0.777671 0.884379
0.722207 0.762366
0.789978 0.751048
0.700722 0.727063
0.752045 0.733205
0.912002 0.914547
0.848042 0.92319
0.867969 0.838863
0.826547 0.858315
0.856017 0.870915
0.873452 0.830215
0.89702 0.918443
0.871852 0.867504
0.817931 0.823046
0.840739 0.841056
0.84792 0.858183
0.780111 0.823848
0.836794 0.889787
0.883312 0.882074
0.854563 0.876331
0.881584 0.880969
0.81904 0.85903
0.876922 0.863513
0.848356 0.839314
0.858806 0.891362
0.877942 0.860642
0.802259 0.802697
0.82045 0.774728
0.886753 0.871565
0.741857 0.814849
0.816732 0.7956
0.868236 0.847843
0.859202 0.872745
0.879358 0.832123
0.855002 0.888288
0.91699 0.91147
0.889475 0.847586
0.874664 0.875773
0.883999 0.872808
0.832746 0.842853
0.857883 0.810699
0.870039 0.845867
0.87105 0.851793
0.816377 0.840601
0.820414 0.810074
0.818532 0.797247
0.852871 0.894258
0.820746 0.831447
0.81426 0.772873
0.869341 0.783551
0.847906 0.755147
0.692356 0.801808
0.824671 0.764926
0.864781 0.884126
0.831086 0.826849
0.833929 0.838301
0.851447 0.824099
0.904758 0.868792
0.827685 0.850241
0.824422 0.874369
0.875655 0.859364
0.804749 0.797684
0.796453 0.7812
0.901522 0.880861
0.879355 0.883055
0.879037 0.848903
0.823315 0.893657
0.883924 0.833477
0.851503 0.837702
0.845674 0.828853
0.848113 0.820431
0.923586 0.894771
0.910732 0.900081
0.849945 0.827454
0.855992 0.846849
0.88532 0.869746
0.834494 0.812072
0.879501 0.892339
0.837624 0.847622
0.858991 0.880688
0.872971 0.883533
0.880661 0.9092
0.838159 0.869277
0.859562 0.862258
0.837557 0.866996
0.899827 0.858767
0.857289 0.807559
0.821453 0.799032
0.79689 0.838954
0.846066 0.848986
0.778311 0.784956
0.861653 0.726575
0.827163 0.790579
0.826855 0.847524
0.869103 0.881461
0.867995 0.897219
0.802226 0.805393
0.799073 0.880362
0.782605 0.823559
0.883183 0.879071
0.916372 0.920628
0.784611 0.769386
0.844243 0.878533
0.857595 0.87764
0.847408 0.874414
0.883885 0.887581
0.829406 0.833789
0.86514 0.826735
0.879839 0.839377
0.830886 0.853517
0.87981 0.893575
0.842714 0.850517
0.894532 0.887426
0.847904 0.849557
0.798905 0.848717
0.816855 0.824814
0.893918 0.873996
0.856169 0.848939
0.830828 0.874143
0.889987 0.853304
0.824849 0.846647
0.903474 0.846409
0.815303 0.771777
0.836966 0.839188
0.843521 0.834951
0.876497 0.847683
0.80159 0.828244
0.773095 0.832343
0.898508 0.873535
0.890338 0.846647
0.848195 0.855515
0.907932 0.9102
0.861465 0.8762
0.819553 0.859203
0.880772 0.86396
0.845612 0.853947
0.831226 0.847271
0.916283 0.885601
0.882881 0.910212
0.887683 0.878313
0.879015 0.885655
0.86373 0.841202
0.856003 0.886128
0.851963 0.860001
0.843049 0.846014
0.861544 0.853426
0.815318 0.850839
0.838998 0.841546
0.850997 0.841779
0.87714 0.868164
0.845671 0.831805
0.853252 0.842191
0.862254 0.87579
0.92241 0.926268
0.85736 0.843596
0.913107 0.901306
0.860736 0.873127
0.865562 0.890967
0.863631 0.815978
0.776759 0.822833
0.760313 0.793383
0.84522 0.841212
0.816022 0.828258
0.838404 0.870447
0.911108 0.891706
0.926275 0.89851
0.907582 0.911198
0.866211 0.866912
0.899055 0.864197
0.84371 0.819418
0.837925 0.845832
0.779599 0.70493
0.84056 0.874217
0.838064 0.829583
0.824421 0.829573
0.857672 0.881422
0.838196 0.804971
0.814126 0.840154
0.898631 0.868765
0.858909 0.85876
0.798112 0.815507
0.837472 0.837845
0.863569 0.82861
0.877265 0.85347
0.851674 0.860715
0.835722 0.807082
0.792378 0.810948
0.857618 0.876455
0.862323 0.888909
0.845808 0.826653
0.822006 0.875419
0.844669 0.875872
0.873416 0.859594
0.877447 0.899384
0.866472 0.885663
0.849932 0.890995
0.840951 0.877938
0.834021 0.802811
0.868144 0.870918
0.820044 0.863284
0.89601 0.893772
0.834903 0.843306
0.74229 0.680058
0.838718 0.820604
0.838543 0.840871
0.826226 0.826164
0.915107 0.922255
0.84948 0.817532
0.836465 0.844006
0.893535 0.89349
0.875794 0.873448
0.903706 0.907958
0.888253 0.90294
0.793963 0.876767
0.841434 0.896561
0.822078 0.864322
0.849384 0.832
0.918796 0.905553
0.878723 0.887141
0.868707 0.846208
0.868232 0.813608
0.743087 0.815977
0.792886 0.731494
0.826944 0.752461
0.857217 0.856541
0.832397 0.807026
0.84173 0.774732
0.810362 0.838644
0.84138 0.861207
0.793251 0.777359
0.85149 0.900929
0.890114 0.880175
0.890779 0.833256
0.843679 0.886756
0.875732 0.899383
0.84418 0.841689
0.833668 0.864971
0.858103 0.84657
0.885167 0.877635
0.791898 0.781706
0.841641 0.841954
0.87235 0.885508
0.909656 0.910769
0.857365 0.838152
0.873216 0.805984
0.717683 0.813781
0.894782 0.922469
0.84411 0.857885
0.887882 0.900521
0.872472 0.83828
0.845648 0.816351
0.871513 0.879891
0.852155 0.908251
0.838994 0.863364
0.85857 0.862123
0.887957 0.873219
0.833767 0.900979
0.849575 0.872139
0.903548 0.855908
0.855321 0.849264
0.842858 0.779809
0.851911 0.843099
0.814106 0.841703
0.889708 0.844929
0.857492 0.830383
0.863071 0.870117
0.874082 0.890754
0.863649 0.839261
0.827135 0.846228
0.787528 0.744506
0.880527 0.877963
0.867705 0.862068
0.904197 0.908781
0.915028 0.905364
0.865413 0.884971
0.838106 0.835191
0.851757 0.880323
0.872496 0.891249
0.852982 0.876834
0.89762 0.888571
0.893529 0.877818
0.868597 0.869801
0.848764 0.833221
0.760504 0.801446
0.803788 0.789752
0.87641 0.878684
0.874245 0.879896
0.861844 0.858776
0.908545 0.869496
0.815406 0.914587
0.866142 0.852033
0.911574 0.927453
0.900964 0.893772
0.933303 0.887142
0.786668 0.790557
0.823205 0.835996
0.81381 0.845256
0.880024 0.872222
0.907592 0.893738
0.903695 0.894518
0.863739 0.857124
0.886767 0.895583
0.850068 0.840806
0.879473 0.887998
0.862377 0.869216
0.910475 0.877338
0.850698 0.819519
0.83485 0.759541
0.901754 0.906045
0.907702 0.853067
0.812038 0.822984
0.862935 0.823941
0.852748 0.849098
0.897094 0.853176
0.884752 0.881133
0.91212 0.8964
0.747221 0.857464
0.788497 0.876689
0.765915 0.879438
0.802685 0.851255
0.770735 0.839513
0.846355 0.866873
0.754957 0.816331
0.859426 0.870857
0.866497 0.901531
0.928164 0.871
0.877228 0.870475
0.844909 0.830725
0.844616 0.83455
0.850441 0.873827
0.874357 0.905582
0.913223 0.832875
0.888134 0.890123
0.84244 0.775941
0.856454 0.855929
0.853057 0.880416
0.893646 0.893644
0.825566 0.818057
0.847341 0.827691
0.730133 0.753956
0.760477 0.757892
0.734867 0.805556
0.879252 0.881154
0.845611 0.900035
0.85782 0.847246
0.801426 0.848795
0.884295 0.863863
0.855999 0.797633
0.886341 0.876612
0.757033 0.889673
0.72922 0.844815
0.803137 0.86235
0.792917 0.784011
0.837489 0.825953
0.839915 0.853719
0.816128 0.778411
0.918985 0.849363
0.868331 0.894505
0.901975 0.866312
0.853467 0.878368
0.816559 0.854898
0.860844 0.828277
0.887179 0.882764
0.887386 0.88789
0.902858 0.86166
0.832284 0.732805
0.830368 0.851114
0.797889 0.873907
0.850163 0.824234
0.785603 0.810664
0.908043 0.885762
0.878228 0.87525
0.892859 0.863046
0.87795 0.893784
0.916455 0.880314
0.856493 0.903792
0.891453 0.881416
0.862008 0.888102
0.799838 0.849984
0.894402 0.863807
0.846337 0.876518
0.814744 0.853491
0.800434 0.857249
0.889355 0.844262
0.856459 0.869619
0.858172 0.87509
0.874579 0.831631
0.866973 0.818117
0.883957 0.839922
0.894732 0.913387
0.876179 0.847407
0.865259 0.874732
0.883047 0.866554
0.904586 0.857596
0.847239 0.85362
0.891995 0.884191
0.884439 0.868103
0.858404 0.802244
0.747613 0.806533
0.860464 0.799764
0.842073 0.84705
0.853119 0.881105
0.89035 0.8639
0.865745 0.858986
0.880276 0.850031
0.862095 0.883223
0.771396 0.83181
0.869319 0.836341
0.826353 0.833664
0.866465 0.858171
0.819258 0.861212
0.802666 0.799711
0.848825 0.703099
0.811101 0.784575
0.751731 0.775479
0.798985 0.833703
0.825966 0.862809
0.788171 0.775566
0.86331 0.859108
0.85185 0.857068
0.804433 0.787109
0.878806 0.842811
0.840897 0.863953
0.890046 0.849274
0.858315 0.863973
0.876995 0.874585
0.83928 0.845008
0.891986 0.852983
0.845711 0.843087
0.814126 0.789751
0.872615 0.861784
0.853263 0.829697
0.837121 0.843539
0.821317 0.821086
0.773822 0.821031
0.820393 0.825038
0.869704 0.881157
0.848476 0.846978
0.885422 0.837784
0.850114 0.88588
0.881642 0.898701
0.866879 0.883279
0.884191 0.875692
0.869837 0.861264
0.898687 0.870104
0.809829 0.807496
0.882139 0.900268
0.883308 0.891067
0.843275 0.841352
0.877974 0.867531
0.84861 0.857441
0.857863 0.820771
0.843479 0.848612
0.848671 0.798157
0.864473 0.80492
0.802157 0.872244
0.898196 0.844769
0.861042 0.861993
0.89537 0.900704
0.808622 0.826543
0.806681 0.844268
0.807898 0.775973
0.841135 0.850752
0.775298 0.823765
0.84326 0.794751
0.785072 0.827234
0.845732 0.849318
0.854769 0.861525
0.862746 0.834395
0.81762 0.845142
0.845802 0.860504
0.900284 0.859035
0.85719 0.917033
0.772559 0.822806
0.873102 0.909517
0.849195 0.875117
0.870881 0.843587
0.810256 0.863738
0.854243 0.847673
0.886291 0.834764
0.884254 0.847755
0.808188 0.772415
0.901418 0.903176
0.833903 0.857243
0.897433 0.860699
0.867162 0.895189
0.813117 0.813
0.842994 0.846802
0.813138 0.856133
0.819205 0.751643
0.854232 0.828675
0.818098 0.807526
0.846924 0.753877
0.851784 0.826744
0.868688 0.848538
0.880218 0.844054
0.911897 0.914131
0.868075 0.894245
0.870827 0.811979
0.824429 0.859627
0.872604 0.872683
0.851074 0.85342
0.902816 0.897729
0.830055 0.798756
0.879831 0.850545
0.832866 0.865797
0.857933 0.885525
0.826158 0.73884
0.889996 0.906853
0.812566 0.808383
0.862222 0.830498
0.755461 0.847971
0.775713 0.76169
0.839145 0.842566
0.855668 0.832231
0.771316 0.788319
0.853148 0.838795
0.798414 0.829243
0.858658 0.783366
0.896718 0.886687
0.768563 0.843917
0.708218 0.744673
0.72523 0.77725
0.818273 0.817088
0.827 0.888379
0.828229 0.859176
0.881184 0.8458
0.839434 0.830183
0.759337 0.789289
0.86117 0.821983
0.834684 0.888431
0.859212 0.881151
0.826424 0.852859
0.896218 0.890607
0.879193 0.903295
0.869865 0.855289
0.822985 0.788434
0.871634 0.864174
0.86633 0.870787
0.868997 0.880739
0.813988 0.811348
0.826012 0.824523
0.863158 0.87326
0.81678 0.861698
0.888709 0.816254
0.811765 0.84611
0.791696 0.827907
0.883777 0.871744
0.884379 0.893613
0.861527 0.866838
0.898398 0.889422
0.848003 0.868678
0.87216 0.883903
0.86497 0.821173
0.795426 0.845574
0.860432 0.830223
0.840289 0.867835
0.874262 0.891847
0.755633 0.80719
0.877525 0.851271
0.83145 0.882062
0.866805 0.849639
0.856392 0.838936
0.868479 0.848474
0.877316 0.850598
0.844199 0.867881
0.904589 0.899992
0.763837 0.815811
0.851586 0.85889
0.880479 0.843682
0.834365 0.852428
0.899902 0.907555
0.85409 0.883875
0.753902 0.852816
0.71472 0.835021
0.812878 0.787923
0.861688 0.824004
0.918414 0.874906
0.892907 0.885739
0.890595 0.852212
0.860419 0.863917
0.854188 0.869964
0.905621 0.866891
0.880808 0.815136
0.865582 0.889654
0.864793 0.772834
0.864909 0.866199
0.886115 0.858498
0.87565 0.813636
0.827673 0.855284
0.853198 0.84831
0.770846 0.770036
0.765974 0.741527
0.807025 0.813513
0.809437 0.718518
0.83045 0.782963
0.823323 0.854685
0.882064 0.888134
0.839914 0.828297
0.858738 0.855689
0.834181 0.874222
0.85343 0.865097
0.85509 0.788176
0.882856 0.843857
0.88213 0.893227
0.902489 0.88483
0.790731 0.793162
0.837139 0.850807
0.842169 0.812942
0.889988 0.903807
0.802213 0.816316
0.819073 0.833969
0.869726 0.89518
0.848011 0.786706
0.862637 0.864207
0.805594 0.74117
0.782613 0.75582
0.850213 0.834027
0.874331 0.885036
0.876181 0.83957
0.810967 0.816682
0.869 0.868441
0.847406 0.803635
0.847682 0.833057
0.860599 0.836794
0.839944 0.887282
0.836884 0.750846
0.813803 0.819845
0.845211 0.780647
0.719635 0.700821
0.775719 0.809125
