-588.499
-587.953
-591.925
-587.608
-597.074
-545.418
-624.781
-594.547
-582.089
-612.866
-570.473
-573.932
-585.855
-591.002
-575.781
-566.923
-629.687
-614.712
-598.839
-644.534
-598.871
-576.095
-575.461
-641.248
-556.57
-588.36
-605.584
-623.038
-558.985
-596.6
-612.905
-611.725
-573.934
-573.451
-581.37
-591.882
-610.587
-571.352
-570.491
-537.301
-581.59
-576.257
-599.786
-570.543
-595.981
-599.042
-587.963
-632.88
-589.416
-584.109
-597
-611.306
-591.635
-587.893
-575.606
-559.852
-593.755
-529.033
-588.675
-581.993
-595.829
-608.099
-568.136
-629.052
-621.097
-575.319
-581.048
-605.809
-593.701
-585.15
-569.96
-594.318
-640.84
-585.651
-606.085
-606.047
-584.883
-594.617
-510.615
-592.254
-576.452
-609.673
-581.112
-596.398
-582.414
-612.682
-614.663
-568.931
-567.475
-572.638
-574.494
-597.319
-590.42
-599.857
-605.398
-580.038
-585.012
-576.636
-594.313
-563.543
-603.468
-572.402
-589.977
-572.656
-579.949
-601.603
-553.071
-567.824
-538.067
-603.507
-577.457
-594.427
-590.211
-565.112
-571.397
-553.714
-591.308
-554.632
-563.406
-623.882
-577.934
-584.907
-592.683
-592.243
-588.036
-617.339
-588.338
-592.934
-585.207
-596.967
-582.199
-596.809
-581.545
-589.552
-600.43
-553.205
-557.7
-594.572
-596.31
-562.836
-501.063
-555.79
-592.406
-555.066
-632.189
-644.167
-614.46
-605.824
-601.132
-661.942
-592.118
-570.318
-584.225
-579.089
-576.133
-576.353
-595.244
-608.476
-591.058
-592.022
-564.029
-591.108
-633.381
-584.255
-597.135
-597.747
-544.918
-583.207
-547.774
-573.48
-589.719
-559.473
-616.678
-561.886
-589.711
-565.979
-598.891
-576.162
-625.069
-583.081
-556.712
-551.735
-578.741
-604.95
-576.772
-584.695
-589.104
-591.918
-586.607
-608.166
-602.056
-620.735
-616.535
-578.956
-565.66
-583.611
-587.349
-627.581
-590.807
-604.974
-585.623
-571.162
-610.892
-575.821
-556.668
-571.774
-535.274
-546.446
-582.513
-580.082
-621.404
-598.497
-572.932
-580.921
-586.632
-569.078
-583.317
-595.911
-570.317
-609.99
-593.894
-605.171
-583.526
-593.83
-589.77
-611.608
-597.966
-616.98
-604.91
-605.482
-566.48
-547.527
-596.825
-568.691
-616.271
-593.089
-598.347
-617.965
-605.304
-613.168
-582.202
-591.695
-567.153
-589.286
-584.445
-582.12
-566.486
-576.024
-593.814
-586.648
-612.187
-569.554
-588.609
-597.978
-574.861
-573.744
-567.371
-570.577
-576.921
-608.935
-563.257
-530.639
-623.327
-557.112
-598.293
-584.042
-546.749
-588.793
-625.228
-581.015
-611.227
-618.68
-607.518
-577.757
-612.692
-564.934
-625.273
-611.644
-579.599
-588.094
-554.054
-620.617
-570.972
-633.451
-593.127
-592.731
-613.491
-563.957
-563.801
-585.234
-609.678
-588.266
-574.015
-590.047
-578.382
-569.308
-622.117
-585.307
-557.023
-636.492
-610.707
-578.546
-600.151
-574.585
-621.786
-598.389
-551.116
-590.486
-583.685
-573.591
-623.499
-622
-584.017
-571.99
-557.48
-587.77
-565.313
-555.5
-580.833
-579.07
-603.37
-575.586
-586.916
-570.183
-613.233
-623.39
-582.763
-568.438
-608.787
-612.721
-586.979
-594.718
-625.946
-585.059
-587.984
-570.306
-574.017
-627.046
-614.631
-595.555
-606.909
-631.049
-622.066
-580.902
-565.539
-559.613
-600.568
-616.839
-562.198
-577.325
-567.85
-549.706
-548.634
-574.668
-562.526
-586.844
-579.742
-586.853
-593.778
-609.529
-607.18
-608.87
-584.866
-599.636
-625.191
-550.834
-624.172
-580.176
-571.395
-588.814
-581.888
-554.823
-610.757
-585.107
-588.944
-615.024
-582.998
-571.686
-563.066
-593.139
-589.745
-577.431
-590.584
-583.943
-563.392
-590.097
-594.453
-608.683
-598.213
-639.688
-597.926
-604.087
-594.22
-641.629
-557.445
-592.925
-597.766
-583.241
-618.526
-608.674
-568.79
-597.951
-599.763
-592.597
-573.88
-625.282
-581.344
-620.209
-606.927
-561.3
-636.255
-608.963
-582.806
-638.92
-606.621
-612.702
-591.593
-579.962
-584.362
-615.955
-610.513
-587.044
-604.622
-594.011
-534.161
-606.071
-612.529
-584.061
-569.672
-572.626
-592.329
-593.289
-600.103
-568.209
-581.249
-583.084
-538.964
-593.361
-556.011
-532.116
-606.767
-604.983
-593.128
-613.338
-575.658
-632.397
-575.165
-598.463
-590.31
-562.952
-574.04
-578.794
-585.27
-594.449
-597.089
-602.523
-616.141
-575.744
-615.591
-575.056
-543.851
-606.768
-612.472
-585.425
-616.638
-620.351
-567.365
-612.425
-594.304
-619.916
-603.564
-622.17
-594.067
-602.036
-570.864
-543.298
-578.266
-595.039
-591.398
-576.848
-576.38
-596.083
-565.835
-594.251
-586.144
-530.657
-583.111
-608.328
-597.529
-569.106
-586.019
-593.244
-565.994
-606.496
-565.287
-570.868
-584.422
-599.577
-564.284
-593.137
-619.779
-607.504
-556.688
-583.564
-578.448
-588.691
-599.647
-608.395
-590.485
-581.364
-595.647
-593.764
-585.711
-564.556
-576.011
-597.942
-579.573
-535.73
-573.488
-589.786
-564.69
-559.152
-608.208
-537.506
-603.851
-603.143
-567.986
-603.957
-606.95
-598.807
-597.209
-651.16
-627.343
-616.373
-572.979
-590.41
-571.995
-590.962
-620.368
-645.144
-589.622
-598.611
-587.752
-566.785
-592.866
-579.896
-568.588
-573.86
-578.057
-571.423
-576.144
-569.144
-573.215
-582.251
-605.872
-628.969
-614.778
-590.276
-537.579
-600.799
-580.624
-611.533
-576.99
-601.361
-585.607
-575.584
-582.914
-545.09
-542.383
-586.299
-574.732
-602.245
-583.141
-574.346
-599.347
-618.151
-579.621
-526.697
-584.48
-598.749
-534.516
-570.697
-551.158
-555.588
-587.303
-594.783
-586.381
-570.696
-580.235
-584.356
-580.333
-581.94
-599.716
-628.075
-582.161
-595.202
-590.222
-599.128
-565.856
-596.384
-548.036
-558.738
-609.165
-611.502
-568.489
-575.581
-554.631
-573.45
-595.433
-600.762
-559.113
-592.161
-595.965
-557.811
-554.609
-601.176
-590.206
-578.561
-584.734
-584.59
-617.048
-588.694
-604.08
-591.757
-609.261
-636.173
-609.184
-618.956
-615.015
-594.247
-579.769
-570.245
-598.613
-560.018
-559.691
-572.65
-607.584
-574.935
-576.717
-574.905
-568.436
-582.12
-558.219
-611.023
-582.879
-599.796
-594.752
-585.729
-566.464
-548.728
-552.745
-573.336
-547.69
-592.736
-636.791
-593.874
-592.071
-579.584
-595.797
-616.668
-597.297
-582.245
-564.041
-562.793
-605.173
-586.111
-595.039
-568.002
-611.827
-568.261
-571.246
-556.363
-610.466
-551.494
-589.762
-555.617
-610.817
-576.92
-566.525
-594.621
-596.672
-599.778
-583.626
-586.483
-587.199
-613.985
-543.24
-598.631
-593.223
-584.972
-580.761
-586.112
-566.452
-566.185
-555.771
-569.93
-571.657
-590.932
-606.871
-569.606
-566.094
-589.169
-585.426
-618.275
-598.212
-589.828
-554.512
-587.699
-556.647
-617.881
-564.472
-587.098
-610.518
-567.334
-601.647
-598.753
-609.402
-628.22
-603.634
-629.112
-577.823
-570.982
-609.657
-621.538
-605.313
-591.857
-615.769
-593.436
-549.071
-591.118
-605.098
-550.701
-561.607
-608.402
-577.934
-618.189
-629.577
-572.789
-585.735
-618.703
-584.966
-594.211
-608.984
-581.281
-592.399
-584.675
-591.391
-606.32
-572.185
-616.456
-609.406
-565.931
-588.227
-580.646
-595.368
-589.573
-563.321
-600.522
-576.821
-612.999
-596.465
-579.75
-583.322
-571.555
-595.629
-580.072
-578.894
-600.154
-547.009
-584.735
-582.151
-550.953
-562.889
-577.467
-610.678
-593.395
-559.272
-611.618
-569.318
-590.674
-573.633
-565.145
-567.365
-594.728
-558.617
-585.949
-583.189
-586.984
-578.686
-592.856
-605.869
-578.772
-576.191
-566.747
-589.996
-550.93
-564.687
-621.371
-600.336
-632.92
-567.349
-561.18
-542.871
-557.768
-576.219
-584.318
-602.224
-595.585
-597.579
-550.314
-579.459
-595.758
-619.453
-567.774
-562.086
-574.973
-582.538
-569.383
-592.378
-584.74
-593.209
-572.737
-597.895
-571.278
-580.355
-573.523
-565.19
-580.075
-563.589
-591.851
-595.415
-604.599
-572.122
-588.601
-561.951
-586.997
-614.14
-568.445
-536.037
-603.612
-581.539
-594.909
-578.564
-552.28
-585.83
-564.508
-598.904
-580.448
-570.547
-559.763
-581.604
-563.129
-580.706
-552.183
-594.493
-568.198
-606.501
-590.774
-584.632
-582.183
-597.839
-589.475
-577.617
-564.946
-566.642
-626.652
-587.801
-602.09
-610.591
-598.544
-578.426
-611.549
-539.938
-520.838
-551.259
-544.821
-592.184
-586.723
-606.169
-558.612
-599.909
-545.334
-571.356
-582.96
-620.49
-591.252
-592.53
-576.81
-597.612
-612.641
-596.564
-608.904
-606.017
-593.678
-549.382
-560.579
-597.143
-590.008
-579.157
-583.215
-587.74
-590.499
-580.246
-587.207
-589.025
-569.783
-583.956
-587.121
-601.168
-562.375
-605.281
-570.565
-567.079
-614.128
-578.214
-579.672
-580.14
-564.427
-552.24
-590.877
-560.15
-617.427
-599.754
-583.664
-569.724
-541.496
-628.904
-572.506
-585.369
-560.25
-606.362
-573.287
-605.286
-587.813
-563.834
-573.156
-604.216
-569.263
-637.14
-595.771
-581.37
-596.019
-582.089
-569.547
-601.089
-613.597
-549.061
-609.204
-601.026
-575.177
-590.085
-627.712
-613.817
-644.418
-607.914
-586.714
-595.749
-583.028
-572.124
-566.72
-583.728
-548.757
-606.648
-579.934
-613.181
-584.799
-591.732
-591.52
-579.64
-576.74
-598.602
-559.494
-586.794
-586.251
-573.348
-608.942
-590.569
-609.179
-591.111
-610.76
-566.15
-587.249
-558.787
-576.675
-601.917
-567.76
-605.686
-598.967
-583.688
-532.074
-574.04
-621.3
-586.969
-609.084
-592.736
-580.511
-587.625
-582.469
-572.175
-583.594
-615.451
-651.113
-610.992
-560.075
-563.231
-597.472
-586.196
-598.424
-574.81
-591.331
-566.055
-593.166
-584.579
-560.744
-592.263
-530.426
-610.729
-615.385
-592.008
-590.346
-616.676
-610.165
-600.005
-578.675
-553.227
-572.249
-620.763
-583.626
-605.672
-604.537
-567.173
-574.013
-613.641
-564.3
-554.234
-540.673
-608.969
-573.862
-592.458
-575.811
-568.386
-580.919
-593.321
-565.313
-618.851
-583.077
-582.846
-576.754
-562.11
-556.237
-586.209
-600.375
-590.138
-595.098
-631.485
-574.097
-565.699
-563.312
-597.986
-582.437
-558.999
-577.99
-602.593
-599.271
-539.405
-585.635
-571.864
-555.009
-588.221
-615.948
-581.529
-585.659
-603.222
-623.778
-585.039
-584.061
-610.07
-572.967
-527.39
-617.456
-599.966
-601.882
-558.186
-605.822
-593.114
-581.198
-569.757
-590.827
-591.117
-603.564
-585.536
-599.265
-611.975
-592.386
-520.586
-561.677
-608.911
-593.92
-580.784
-594.587
-579.644
-589.615
-608.698
-584.341
-591.723
-606.316
-624.454
-605.322
-571.578
-570.359
-607.84
-554.755
-555.219
-577.066
-580.873
-556.753
-626.461
-557.052
-563.339
-613.882
-635.68
-633.517
-571.702
-578.897
-605.589
-544.242
-560.207
-603.028
-577.645
-616.725
-581.602
-571.084
-535.19
-607.463
-589.293
-579.583
-619.407
-606.001
-593.504
-565.046
-572.832
-589.507
-565.356
-612.251
-570.275
-596.162
-565.817
-588.161
-594.832
-616.691
-595.599
-646.339
-586.903
-604.985
-590.611
-581.296
-596.537
-595.912
-565.731
-571.917
-613.938
-588.657
-544.761
-570.986
-563.915
-557.135
-556.849
-595.848
-571.687
-610.143
-555.765
-614.865
-608.872
-616.419
-629.728
-612.486
-598.773
-601.216
-594.833
-548.195
-612.936
-590.572
-582.508
-589.439
-587.001
-578.287
-622.323
-636.658
-562.508
-583.645
-594.181
-565.444
-587.145
-582.155
-594.936
-612.236
-592.722
-624.41
-580.685
-617.69
-605.464
-567.69
-634.642
-596.781
-614.24
-592.976
-575.331
-587.537
-577.042
-581.13
-569.462
-574.561
-561.481
-599.955
-574.012
-553.817
-579.172
-588.618
-603.072
-560.977
-609.816
-604.438
-572.212
-578.004
-610.449
-576.318
-594.841
-620.997
-583.509
-570.917
-611.011
-642.869
-589.448
-635.103
-620.095
-602.496
-585.677
-598.097
-610.737
-561.277
-551.267
-582.01
-564.906
-584.567
-588.757
-595.722
-556.468
-545.38
-557.925
-563.904
-590.694
-619.995
-610.003
-584.097
-594.151
-566.644
-573.529
-585.823
-573.365
-508.846
-627.867
-577.127
-588.947
-544.65
-537.218
-607.849
-584.137
-602.703
-576.083
-540.788
-567.095
-593.344
-631.859
-612.292
-573.806
-541.205
-565.596
-603.429
-575.541
-588.281
-608.634
-620.819
-559.037
-600.536
-585.06
-616.711
-587.723
-569.154
-560.081
-602.07
-584.117
-577.253
-535.466
-562.97
-569.752
-600.979
-589.449
-545.242
-602.509
-576.204
-599.383
-589.308
-604.075
-638.083
-583.145
-606.189
-600.617
-582.221
-553.586
-598.253
-588.595
-555.694
-592.57
-605.347
-614.275
-577.617
-596.692
-605.137
-591.352
-595.043
-592.074
-601.68
-610.707
-621.262
-603.743
-596.66
-618.125
-547.069
-609.779
-612.914
-592.063
-588.662
-587.457
-552.685
-552.392
-565.126
-570.058
-603.432
-595.732
-627.816
-627.296
-632.468
-573.93
-528.898
-542.079
-569.974
-597.055
-580.967
-565.98
-541.926
-566.684
-564.964
-588.066
-617.174
-555.858
-570.449
-559.662
-544.927
-546.035
-616.577
-562.392
-596.469
-646.751
-631.539
-631.346
-626.683
-641.205
-600.335
-584.501
-605.753
-608.421
-571.734
-568.482
-598.25
-579.367
-617.275
-576.581
-626.551
-582.625
-561.512
-593.547
-577.422
-573.635
-594.278
-578.589
-523.165
-581.095
-557.05
-597.579
-565.75
-609.292
-611.374
-570.021
-606.562
-573.102
-610.037
-554.283
-541.218
-596.396
-583.263
-552.728
-563.468
-532.784
-578.203
-538.745
-583.03
-589.607
-621.103
-576.182
-621.396
-599.466
-604.393
-584.579
-601.481
-575.986
-553.621
-596.224
-541.513
-573.523
-584.185
-574.351
-572.376
-564.622
-592.471
-565.873
-597.785
-571.756
-617
-574.142
-595.96
-587.415
-598.785
-548.665
-558.65
-597.999
-599.147
-582.147
-609.841
-570.56
-575.339
-562.498
-559.197
-589.07
-633.398
-606.738
-596.408
-613.814
-549.889
-560.813
-569.467
-604.964
-567.995
-617.81
-577.732
-601.528
-571.561
-586.941
-570.86
-619.984
-639.843
-539.421
-544.194
-582.779
-581.184
-614.197
-571.637
-585.022
-598.517
-598.004
-575.784
-570.124
-608.277
-590.526
-557.406
-583.979
-595.158
-570.381
-607.482
-575.642
-569.994
-577.214
-611.72
-570.447
-566.339
-578.385
-575.037
-557.864
-589.094
-598.353
-569.736
-587.381
-600.036
-576.604
-600.73
-584.65
-550.785
-565.424
-583.144
-572.625
-540.507
-558.097
-585.694
-629.022
-595.912
-583.189
-554.832
-567.016
-594.865
-577.068
-597.036
-589.058
-573.428
-583.659
-630.93
-601
-553.939
-577.997
-554.088
-600.756
-588.82
-610.57
-602.182
-593.399
-610.935
-593.61
-604.647
-577.951
-583.566
-592.346
-603.396
-615.181
-562.807
-578.065
-589.367
-612.519
-602.434
-577.357
-575.49
-600.921
-573.786
-569.496
-547.261
-591.419
-559.328
-549.187
-558.791
-572.44
-577.261
-581.686
-602.977
-591.854
-561.921
-629.794
-599.308
-627.543
-620.214
-577.708
-568.568
-620.437
-614.745
-574.124
-558.05
-592.009
-597.23
-596.603
-607.786
-572.509
-564.798
-599.339
-610.416
-605.284
-582.257
-563.769
-608.595
-602.155
-579.603
-586.493
-610.167
-582.534
-583.506
-564.118
-595.089
-600.111
-540.953
-584.727
-565.563
-593.863
-551.248
-593.653
-575.279
-546.672
-607.007
-610.484
-585.59
-565.728
-597.499
-594.798
-587.296
-566.536
-554.82
-530.236
-580.545
-585.681
-519.69
-578.992
-615.022
-597.324
-600.546
-642.096
-589.835
-593.502
-592.818
-544.171
-567.321
-561.048
-564.085
-590.493
-612.334
-614.193
-654.654
-605.126
-621.78
-574.598
-584.711
-567.414
-595.668
-613.117
-574.042
-573.603
-560.117
-594.339
-580.76
-614.313
-609.533
-566.894
-638.617
-561.246
-549.045
-563.745
-558.812
-559.126
-572.165
-575.676
-615.958
-570.143
-567.281
-557.341
-548.521
-595.749
-575.08
-567.797
-621.234
-558.873
-602.586
-560.44
-572.577
-554.101
-589.349
-594.218
-579.148
-616.818
-578.903
-565.061
-551.738
-586.014
-595.607
-601.359
-623.2
-652.871
-602.177
-614.161
-566.141
-581.465
-623.226
-522.525
-603.425
-570.56
-549.619
-623.398
-558.917
-550.834
-606.504
-587.53
-581.621
-602.044
-599.48
-589.705
-609.436
-619.682
-575.208
-637.006
-567.445
-563.759
-578.55
-556.483
-579.58
-579.589
-576.37
-606.805
-618.093
-601.701
-600.683
-631.832
-622.748
-601.004
-565.063
-605.866
-579.258
-558.058
-573.922
-562.616
-625.237
-607.689
-641.873
-623.467
-593.872
-597.397
-614.251
-575.612
-623.452
-618.684
-606.127
-610.762
-625.219
-608.697
-617.709
-610.734
-596.754
-583.429
-640.646
-622.949
-553.002
-552.238
-591.504
-571.027
-599.585
-610.792
-594.97
-545.795
-573.975
-598.313
-560.188
-569.698
-590.393
-601.057
-600.353
-544.756
-555.881
-573.237
-571.552
-597.47
-626.864
-612.482
-629.272
-576.051
-613.454
-559.961
-587.588
-584.999
-588.329
-579.418
-573.459
-592.141
-614.686
-620.889
-571.495
-597.621
-629.997
-602.714
-602.545
-601.246
-601.715
-600.835
-593.954
-584.818
-582.121
-563.81
-596.53
-587.055
-604.827
-564.843
-600.135
-582.751
-574.87
-584.151
-564.121
-598.071
-596.763
-610.217
-581.8
-582.769
-577.35
-578.93
-580.81
-592.865
-605.458
-569.237
-609.678
-574.061
-611
-600.75
-587.778
-602.388
-601.119
-578.259
-593.643
-591.527
-552.528
-632.461
-632.151
-607.33
-545.869
-543.116
-560.311
-564.189
-564.57
-589.657
-590.813
-583.997
-605.088
-580.049
-626.553
-596.253
-604.875
-604.394
-630.38
-607.131
-617.04
-622.653
-580.751
-598.894
-600.704
-552.517
-565.08
-572.506
-600.191
-589.97
-580.611
-571.805
-600.986
-580.903
-606.519
-601.09
-614.689
-601.097
-595.693
-579.732
-582.728
-540.977
-583.448
-592.493
-634.846
-572.257
-572.44
-622.821
-606.968
-606.58
-563.674
-574.453
-565.642
-597.311
-579.562
-590.623
-585.72
-601.565
-563.526
-595.985
-597.881
-603.376
-589.52
-574.75
-610.227
-630.583
-622.219
-632.766
-617.838
-602.642
-575.649
-576.55
-597.096
-606.361
-570.787
-569.677
-568.433
-563.774
-579.875
-621.167
-578.255
-624.32
-606.275
-589.594
-619.81
-609.532
-605.252
-616.464
-584.653
-605.502
-590.755
-607.308
-576.858
-588.36
-566.426
-588.164
-580.101
-587.945
-558.741
-590.567
-567.874
-569.745
-577.967
-599.315
-592.743
-551.597
-580.245
-581.605
-551.564
-576.347
-614.841
-573.394
-604.626
-617.713
-598.201
-573.504
-605.387
-584.992
-615.24
-562.027
-568.528
-589.159
-610.13
-593.802
-587.13
-611.366
-591.988
-624.475
-618.694
-631.71
-614.789
-601.414
-623.349
-562.941
-562.499
-570.26
-568.022
-560.15
-566.586
-611.554
-565.274
-606.857
-602.272
-640.292
-579.505
-565.558
-593.74
-555.47
-628.42
-643.016
-608.523
-590.155
-611.995
-611.754
-605.869
-570.861
-585.416
-572.43
-577.751
-565.75
-578.753
-587.399
-612.301
-613.901
-604.829
-595.562
-586.113
-567.721
-577.493
-618.835
-583.811
-566.314
-597.85
-598.308
-587.545
-570.764
-602.611
-583.859
-579.344
-593.834
-572.699
-578.664
-580.007
-571.638
-586.258
-568.098
-579.669
-591.373
-575.882
-553.79
-610.675
-581.656
-618.472
-568.576
-541.086
-577.601
-607.495
-581.875
-590.067
-595.671
-623.457
-625.31
-588.471
-604.978
-596.649
-576.361
-600.487
-595.66
-605.783
-621.548
-605.408
-589.514
-631.126
-571.626
-581.444
-587.869
-574.78
-576.691
-576.275
-572.62
-575.033
-565.006
-577.912
-573.438
-603.447
-594.558
-569.19
-564.76
-575.686
-577.982
-572.199
-562.336
-594.928
-613.442
-542.358
-581.26
-566.986
-549.593
-569.422
-592.776
-625.416
-604.977
-591.319
-635.769
-587.664
-601.437
-574.106
-573.715
-565.946
-538.152
-597.32
-595.425
-592.405
-579.741
-576.457
-593.266
-556.389
-540.89
-560.72
-599.94
-582.473
-601.157
-565.337
-556.772
-629.694
-575.158
-575.822
-598.716
-598.757
-584.518
-630.534
-566.077
-567.845
-568.839
-570.406
-573.752
-617.19
-553.892
-593.776
-610.271
-627.128
-588.063
-566.078
-565.193
-562.651
-592.936
-593.192
-619.344
-606.636
-599.616
-579.925
-598.421
-570.499
-557.302
-594.365
-612.597
-568.421
-547.815
-576.259
-568.127
-595.599
-568.345
-580.529
-595.007
-589.261
-620.699
-599.251
-573.364
-547.435
-608.561
-601.113
-592.604
-588.919
-587.238
-618.256
-626.382
-581.267
-555.304
-585.28
-608.208
-583.209
-595.508
-607.981
-590.775
-614.336
-555.367
-565.632
-579.547
-576.912
-610.973
-577.607
-570.218
-628.516
-588.788
-602.549
-599.131
-602.484
-566.038
-598.724
-560.366
-614.526
-585.324
-587.72
-574.866
-615.382
-625.417
-550.576
-586.45
-627.563
-573.003
-582.87
-586.53
-597.752
-534.857
-593.47
-570.276
-599.421
-577.5
-563.383
-574.459
-564.414
-564.973
-556.224
-578.959
-587.962
-540.545
-575.958
-591.286
-570.294
-557.957
-544.901
-607.631
-607.781
-600.067
-578.647
-575.456
-608.303
-607.224
-623.727
-557.148
-571.077
-569.743
-601.664
-590.988
-587.657
-599.083
-547.828
-598.67
-607.014
-594.596
-628.871
-570.301
-556.233
-579.793
-611.182
-596.645
-596.291
-580.46
-558.41
-580.758
-563.317
-549.35
-593.345
-575.324
-614.717
-576.885
-584.828
-559.713
-597.739
-558.788
-572.301
-631.746
-583.074
-528.71
-592.791
-579.565
-613.519
-568.913
-578.033
-593.897
-581.784
-615.623
-554.682
-561.001
-550.453
-564.799
-567.694
-585.921
-573.439
-588.802
-571.632
-599.652
-597.592
-594.855
-605.154
-577.953
-612.883
-596.287
-588.999
-560.996
-554.274
-563.28
-568.275
-565.887
-569.191
-565.219
-571.595
-579.509
-554.737
-547.553
-597.605
-547.503
-556.036
-597.153
-544.801
-571.901
-542.803
-578.538
-577.534
-598.444
-550.079
-581.72
-594.786
-546.089
-611.753
-542.8
-595.721
-607.569
-575.042
-616.515
-546.984
-574.473
-599.652
-552.864
-583.041
-552.988
-539.566
-601.397
-581.988
-571.007
-570.518
-564.739
-569.913
-588.987
-577.811
-598.991
-565.394
-597.786
-559.925
-580.456
-611.597
-580.212
-592.729
-642.289
-599.646
-573.571
-586.889
-596.107
-593.247
-577.007
-572.601
-585.831
-564.946
-604.543
-559.726
-554.748
-587.265
-590.549
-635.746
-619.109
-594.113
-630.741
-574.791
-557.346
-578.548
-571.44
-591.405
-589.604
-596.013
-595.832
-610.458
-608.803
-602.974
-602.517
-584.152
-552.085
-513.831
-567.899
-628
-581.36
-581.975
-597.192
-602.854
-592.087
-572.408
-597.065
-575.597
-615.714
-616.347
-567.379
-587.268
-631.81
-591.418
-561.054
-568.434
-582.364
-606.902
-564.654
-576.67
-565.925
-592.97
-602.217
-615.614
-567.52
-598.502
-570.413
-596.421
-596.801
-597.705
-609.207
-589.393
-591.449
-590.369
-571.479
-613.226
-603.573
-591.958
-628.339
-600.273
-606.906
-581.674
-603.531
-568.119
-595.859
-565.261
-577.814
-639.013
-605.448
-616.682
-611.85
-617.801
-597.69
-641.93
-615.678
-603.27
-600.115
-550.492
-588.398
-610.567
-594.078
-619.332
-601.298
-614.695
-622.35
-611.069
-615.774
-600.89
-643.666
-625.581
-618.044
-593.075
-572.472
-571.452
-593.061
-612.737
-591.355
-573.086
-601.441
-560.389
-583.444
-546.164
-569.548
-576.321
-540.452
-568.714
-539.669
-581.991
-550.017
-577.059
-601.75
-606.042
-567.386
-609.824
-578.58
-596.846
-545.294
-576.046
-607.219
-567.648
-576.196
-609.101
-589.345
-565.844
-627.694
-600.74
-554.889
-585.648
-567.802
-584.394
-584.414
-596.046
-611.884
-611.176
-609.446
-574.797
-571.356
-607.92
-585.023
-601.597
-589.495
-567.616
-576.744
-624.591
-601.046
-618.919
-617.555
-614.635
-603.307
-600.283
-577.575
-599.437
-558.663
-587.777
-599.669
-546.88
-605.135
-582.642
-580.281
-571.495
-575.904
-615.491
-596.999
-577.823
-608.112
-564.547
-610.812
-593.349
-594.434
-586.53
-620.769
-608.602
-613.139
-558.504
-546.264
-568.412
-596.695
-611.96
-588.632
-602.96
-583.57
-583.733
-608.657
-628.7
-622.351
-594.9
-588.774
-602.282
-586.882
-576.373
-592.231
-610.298
-592.291
-576.587
-596.934
-557.88
-584.186
-600.593
-613.358
-579.517
-572.797
-587.856
-560.874
-601.775
-577.407
-590.896
-563.53
-608.968
-562.819
-556.809
-565.323
-600.501
-580.841
-598.952
-578.749
-586.083
-614.028
-584.244
-585.028
-619.304
-622.033
-628.35
-585.456
-579.809
-609.481
-573.407
-606.046
-583.199
-619.274
-600.422
-570.259
-571.643
-574.367
-577.658
-556.32
-582.744
-542.288
-557.89
-614.323
-583.356
-623.459
-570.695
-594.815
-579.701
-587.996
-581.99
-606.822
-591.44
-604.977
-608.316
-612.332
-574.175
-606.056
-610.37
-616.665
-566.083
-592.54
-551.305
-551.919
-585.984
-601.358
-610.891
-614.13
-568.109
-572.067
-594.316
-561.899
-583.236
-551.321
-604.417
-619.489
-636.879
-593.383
-609.351
-604.064
-597.088
-601.628
-591.564
-559.621
-622.616
-599.922
-594.478
-543.387
-582.049
-553.349
-570.985
-579.058
-612.245
-569.493
-613.539
-573.421
-582.509
-575.902
-585.314
-608.141
-578.614
-576.896
-591.194
-585.159
-625.54
-562.415
-616.079
-582.487
-605.035
-579.015
-559.548
-580.832
-550.119
-585.731
-569.776
-622.57
-611.038
-597.114
-612.541
-638.821
-560.709
-604.506
-575.984
-578.688
-606.889
-537.122
-570.01
-586.378
-599.333
-604.766
-620.108
-570.882
-599.538
-596.4
-619.11
-579.176
-615.558
-633.254
-584.602
-573.718
-596.675
-560.874
-588.487
-557.835
-616.123
-558.773
-601.205
-576.133
-575.455
-598.523
-591.104
-576.278
-598.214
-588.026
-612.654
-626.008
-584.408
-550.92
-565.227
-583.353
-580.691
-602.573
-569.762
-600.233
-563.253
-553.976
-572.131
-587.049
-588.054
-599.495
-581.413
-621.432
-571.26
-532.648
-578.955
-594.026
-579.576
-621.706
-547.843
-546.607
-557.119
-578.385
-543.584
-519.332
-559.062
-567.465
-589.368
-585.754
-596.519
-605.051
-598.187
-614.095
-573.574
-585.099
-603.525
-598.282
-585.779
-568.369
-585.937
-588.869
-607.701
-579.245
-607.828
-566.265
-587.568
-613.63
-585.64
-547.805
-551.387
-555.445
-556.599
-603.682
-547.057
-561.031
-572.159
-618.817
-591.969
-551.021
-562.145
-570.988
-560.552
-600.152
-594.665
-614.001
-603.13
-607.975
-611.014
-554.108
-598.755
-547.532
-591.483
-600.079
-580.52
-589.612
-561.661
-618.95
-586.252
-583.401
-592.482
-583.972
-535.559
-607.081
-556.382
-603.023
-550.558
-592.757
-595.588
-583.751
-611.573
-605.41
-599.461
-585.376
-589.026
-592.255
-590.913
-575.744
-560.62
-581.221
-589.342
-606.409
-571.529
-593.165
-602.137
-583.766
-607.205
-572.172
-614.48
-598.706
-559.759
-594.816
-598.109
-609.682
-603.629
-614.284
-614.256
-600.653
-639.266
-511.424
-612.281
-593.898
-626.237
-615.062
-603.366
-609.493
-597.542
-605.237
-634.109
-568.819
-585.036
-597.772
-615.882
-578.032
-596.697
-601.82
-593.639
-573.092
-591.782
-590.78
-600.44
-596.464
-587.938
-582.884
-597.171
-525.115
-595.417
-568.71
-595.509
-592.484
-586.104
-592.355
-587.582
-590.909
-581.828
-577.936
-590.989
-584.984
-545.944
-581.837
-603.629
-593.13
-560.354
-606.346
-544.406
-552.029
-608.343
-563.077
-595.18
-578.985
-569.575
-607.706
-568.329
-545.922
-599.93
-567.262
-636.476
-605.449
-593.28
-589.776
-593.174
-636.426
-558.044
-560.112
-585.351
-604.737
-633.035
-617.428
-598.171
-597.145
-641.358
-600.015
-592.131
-609.092
-607.343
-566.434
-568.569
-607.11
-612.03
-588.09
-591.063
-556.623
-565.094
-594.858
-577.341
-582.711
-571.181
-559.844
-610.607
-565.89
-589.563
-602.965
-574.342
-585.658
-581.043
-584.029
-590.836
-594.24
-580.228
-612.066
-609.406
-589.495
-581.3
-559.765
-576.249
-543.866
-561.941
-582.777
-614.007
-557.852
-570.848
-583.365
-601.233
-567.643
-581.484
-593.828
-596.318
-578.608
-578.612
-612.201
-579.658
-619.663
-599.227
-590.512
-607.747
-575.371
-598.675
-599.963
-588.775
-569.6
-559.341
-576.71
-571.889
-605.439
-605.483
-616.876
-610.734
-580.422
-546.868
-560.676
-542.913
-595.65
-540.808
-589.822
-566.907
-547.092
-576.494
-569.579
-614.91
-570.783
-568.267
-539.72
-596.074
-582.907
-625.532
-608.5
-585.333
-548.089
-605.833
-589.858
-557.852
-548.651
-523.379
-574.702
-553.022
-624.537
-606.069
-562.61
-582.29
-582.208
-579.957
-580.17
-596.001
-565.589
-578.526
-568.031
-565.6
-612.894
-548.87
-585.393
-587.433
-595.137
-592.072
-584.45
-586.627
-551.346
-576.252
-579.092
-580.253
-600.298
-587.284
-593.312
-560.178
-577.704
-592.508
-602.302
-563.473
-553.17
-554.151
-585.752
-581.957
-581.703
-580.256
-602.611
-627.68
-555.842
-591.85
-621.109
-588.636
-559.192
-585.513
-571.186
-535.034
-574.446
-562.999
-574.329
-590.18
-583.501
-614.365
-619.059
-575.376
-589.555
-632.15
-636.208
-571.601
-585.871
-605.659
-590.983
-606.739
-583.595
-544.399
-587.494
-645.243
-591.235
-594.039
-547.656
-578.833
-591.111
-587.434
-567.427
-558.743
-564.848
-585.675
-591.129
-610.567
-554.683
-594.982
-593.06
-576.101
-586.04
-592.049
-586.685
-624.947
-577.211
-584.644
-549.674
-577.417
-584.095
-601.189
-533.798
-630.052
-607.506
-598.619
-582.996
-601.848
-568.632
-617.362
-600.489
-598.77
-560.869
-602.613
-559.662
-572.214
-570.32
-612.052
-581.461
-565.741
-561.488
-608.491
-603.871
-569.351
-585.432
-576.475
-606.802
-614.345
-620.157
-599.56
-592.169
-540.196
-574.155
-626.943
-577.082
-612.269
-619.334
-569.355
-607.212
-624.192
-539.864
-599.529
-571.178
-596.836
-588.175
-634.989
-608.326
-554.339
-595.694
-608.477
-558.289
-610.363
-578.936
-595.366
-564.67
-581.069
-592.446
-583.773
-563.406
-578.416
-612.769
-594.09
-608.517
-610.797
-577.266
-581.488
-551.546
-533.232
-593.671
-582.459
-573.819
-585.527
-608.7
-592.926
-606.524
-605.484
-611.38
-594.648
-596.157
-573.767
-592.145
-577.122
-604.56
-584.613
-612.924
-576.901
-610.871
-629.15
-599.132
-608.091
-602.192
-551.097
-614.9
-580.33
-570.223
-611.07
-588.482
-585.713
-601.877
-597.649
-578.881
-555.569
-604.679
-577.336
-567.842
-577.073
-609.404
-564.533
-601.915
-622.638
-595.888
-582.255
-606.295
-568.196
-577.281
-638.276
-583.26
-602.911
-552.423
-578.117
-614.927
-572.987
-609.373
-561.121
-595.643
-583.446
-587.182
-597.279
-591
-572.363
-595.72
-583.036
-575.717
-589.373
-562.038
-610.094
-619.377
-605.338
-570.947
-569.169
-546.896
-618.243
-619.077
-578.389
-605.31
-607.262
-580.95
-613.357
-587.593
-589.787
-605.277
-573.076
-606.246
-572.268
-604.054
-598.043
-575.164
-584.249
-598.859
-577.072
-593.895
-574.165
-593.181
-582.497
-569.19
-564.182
-579.071
-579.115
-580.809
-576.019
-600.034
-591.416
-588.225
-614.415
-539.743
-552.194
-535.337
-585.557
-607.511
-566.193
-610.874
-568.601
-584.417
-594.316
-594.425
-568.321
-582.402
-625.063
-597.104
-623.242
-600.184
-574.185
-580.374
-554.971
-543.896
-558.772
-603.618
-621.625
-629.026
-558.618
-595.07
-583.301
-552.169
-579.858
-598.224
-576.99
-593.9
-577.709
-582.409
-625.703
-614.245
-572.87
-583.432
-602.792
-539.713
-585.771
-561.152
-594.65
-593.589
-571.282
-606.358
-604.98
-571.483
-613.291
-560.691
-585.531
-583.879
-581.068
-590.016
-563.133
-579.548
-570.068
-592.349
-599.168
-547.216
-585.506
-614.958
-607.514
-547.334
-639.294
-610.858
-578.265
-599.154
-589.879
-570.976
-590.479
-599.011
-599.601
-592.019
-556.383
-570.913
-562.925
-595.595
-616.142
-600.413
-600.189
-569.029
-579.455
-573.946
-588.903
-595.005
-603.927
-604.782
-622.377
-574.283
-557.227
-578.939
-548.597
-584.152
-610.337
-577.265
-539.613
-590.624
-593.739
-626.996
-532.515
-590.942
-595.264
-614.209
-605.078
-558.181
-566.493
-581.698
-607.948
-548.928
-572.473
-608.711
-564.304
-588.556
-564.506
-584.556
-574.503
-570.015
-579.882
-596.427
-639.134
-613.707
-627.332
-590.782
-625.479
-572.466
-580.727
-581.533
-605.127
-619.841
-597.029
-594.731
-568.438
-575.27
-587.267
-596.524
-589.771
-549.968
-585.093
-594.583
-616.118
-632.358
-577.315
-601.307
-552.498
-583.36
-582.139
-592.3
-573.201
-588.627
-588.531
-589.983
-582.375
-608.648
-593.451
-591.386
-611.144
-610.357
-567.934
-601.284
-585.035
-556.771
-618.037
-626.006
-580.338
-558.581
-589.871
-596.171
-625.384
-578.399
-567.594
-550.413
-507.847
-542.11
-577.813
-548.202
-550.013
-584.104
-616.556
-611.713
-601.906
-576.016
-604.68
-587.863
-560.742
-553.781
-592.22
-571.158
-571.312
-615.97
-604.17
-589.149
-610.829
-593.952
-634.807
-624.303
-588.012
-608.811
-594.108
-601.483
-566.021
-625.599
-597.761
-599.098
-618.413
-581.474
-576.574
-594.772
-603.562
-578.323
-599.255
-603.533
-591.557
-564.006
-524.675
-586.69
-534.048
-568.868
-570.506
-556.381
-570.37
-602.155
-589.37
-592.653
-629.603
-586.766
-594.739
-621.82
-602.855
-622.2
-593.559
-568.361
-610.053
-565.998
-565.824
-575.549
-594.293
-617.399
-558.439
-617.987
-609.831
-626.314
-555.546
-560.674
-589.215
-605.822
-602.521
-577.108
-612.371
-594.961
-581.511
-584.801
-645.691
-594.116
-584.287
-586.037
-580.899
-614.607
-616.68
-633.971
-605.547
-577.564
-555.434
-598.709
-561.905
-608.402
-606.977
-572.597
-590.245
-588.116
-604.504
-579.182
-612.923
-571.492
-598.858
-593.36
-610.298
-629.004
-613.532
-596.13
-549.038
-556.851
-594.193
-603.76
-574.934
-572.637
-587.726
-586.767
-615.11
-613.31
-599.243
-573.096
-603.49
-604.054
-592.329
-582.071
-605.981
-551.12
-570.552
-547.385
-586.817
-591.187
-559.759
-571.436
-591.044
-585.365
-619.109
-594.236
-581.803
-577.169
-608.992
-586.955
-576.645
-608.417
-561.278
-637.127
-582.473
-558.027
-593.711
-616.135
-562.516
-557.568
-542.099
-583.737
-598.141
-593.423
-557.361
-564.418
-569.286
-556.272
-570.696
-600.261
-567.655
-594.078
-590.969
-577.062
-593.255
-598.834
-616.701
-620.339
-595.351
-582.322
-554.685
-584.662
-593.77
-551.886
-570.659
-600.217
-618.735
-603.201
-581.711
-614.16
-595.329
-564.453
-596.087
-559.109
-549.246
-557.872
-592.168
-576.543
-584.742
-580.039
-626.422
-612.283
-588.186
-555.839
-563.792
-591.326
-565.271
-574.408
-575.878
-569.739
-586.837
-586.546
-554.909
-568.166
-573.741
-571.678
-588.769
-576.151
-559.584
-596.864
-595.514
-567.334
-552.031
-560.304
-581.348
-562.013
-600.336
-610.08
-574.048
-613.443
-595.895
-606.217
-597.045
-589.963
-586.009
-588.949
-581.266
-593.666
-613.864
-576.25
-592.624
-583.886
-608.493
-574.436
-587.314
-602.494
-595.247
-631.439
-617.649
-581.066
-549.782
-573.792
-638.101
-590.861
-601.33
-571.043
-593.098
-590.847
-632.684
-564.254
-581.818
-558.469
-615.821
-563.878
-604.859
-620.198
-585.748
-572.606
-596.565
-595.637
-643.168
-587.967
-574.788
-568.107
-602.433
-587.193
-575.668
-586.523
-608.553
-584.546
-620.536
-588.679
-607.638
-592.726
-580.231
-606.414
-609.94
-589.024
-619.656
-606.888
-602.539
-548.317
-589.931
-569.515
-563.012
-559.518
-568.833
-620.862
-641.149
-599.611
-608.185
-592.125
-593.346
-543.768
-578.903
-630.498
-619.872
-560.145
-587.11
-633.137
-604.225
-590.495
-584.502
-585.763
-591.186
-592.646
-566.207
-579.283
-600.69
-595.437
-612.795
-563.696
-521.898
-563.246
-598.979
-599.12
-598.203
-598.833
-587.217
-636.51
-587.372
-595.601
-588.267
-561.721
-559.795
-610
-574.585
-622.073
-572.262
-606.224
-567.056
-578.613
-557.853
-578.346
-568.954
-606.437
-588.574
-620.644
-587.348
-522.324
-597.269
-581.198
-573.999
-602.711
-582.09
-583.546
-562.19
-620.504
-591.13
-549.271
-581.467
-607.389
-600.167
-611.446
-567.29
-581.349
-533.292
-571.617
-606.603
-630.678
-622.57
-602.239
-583.266
-611.661
-640.836
-592.255
-551.023
-611.376
-588.585
-604.248
-615.29
-677.325
-625.167
-590.514
-559.672
-583.462
-611.474
-581.52
-563.629
-586.438
-568.637
-598.743
-602.407
-605.758
-594.957
-600.366
-584.173
-593.529
-610.016
-557.883
-580.906
-572.607
-609.643
-616.487
-629.06
-623.929
-601.555
-600.139
-631.883
-615.766
-586.259
-581.552
-588.898
-589.309
-596.764
-563.428
-586.221
-626.989
-596.964
-576.038
-568.848
-567.891
-575.601
-585.586
-608.086
-601.187
-608.638
-584.113
-584.567
-602.419
-562.668
-556.758
-597.172
-605.396
-554.974
-578.395
-566.875
-559.005
-573.652
-592.093
-588.019
-602.521
-613.963
-620.122
-601.511
-639.7
-618.053
-584.997
-577.13
-556.348
-567.748
-559.095
-591.414
-576.577
-584.377
-562.566
-587.743
-573.911
-598.466
-566.508
-570.642
-627.234
-595.089
-598.33
-546.338
-582.861
-575.517
-553.285
-595.63
-606.541
-576.392
-611.96
-588.988
-548.227
-610.564
-568.843
-558.084
-580.07
-580.9
-603.797
-586.225
-559.541
-607.656
-598.654
-560.555
-573.618
-582.58
-593.685
-572.633
-588.901
-620.96
-612.801
-584.047
-617.827
-592.946
-573.112
-607.296
-573.932
-577.957
-584.808
-548.041
-555.315
-589.789
-563.185
-554.954
-615.297
-608.68
-581.878
-587.999
-582.51
-590.112
-590.985
-603.659
-577.226
-571.566
-580.875
-602.166
-572.481
-604.881
-608.086
-595.656
-580.176
-559.046
-586.247
-623.106
-593.775
-564.53
-591.677
-641.376
-575.75
-563.57
-573.412
-610.991
-614.241
-554.942
-599.109
-617.097
-604.649
-580.284
-601.388
-576.904
-597.658
-587.424
-590.236
-654.632
-614.368
-597.844
-565.051
-609.146
-604.127
-620.263
-575.895
-591.04
-604.484
-608.287
-576.863
-601.251
-591.288
-589.374
-599.85
-601.051
-609.603
-591.077
-590.454
-598.972
-584.093
-600.579
-590.271
-628.046
-598.805
-571.735
-602.851
-601.175
-581.127
-565.17
-571.411
-611.26
-564.934
-578.611
-605.522
-599.081
-599.027
-600.554
-610.153
-588.949
-596.468
-589.678
-583.833
-580.71
-570.472
-566.241
-596.746
-535.382
-576.482
-556.001
-594.715
-573.969
-585.926
-566.641
-554.117
-570.105
-597.014
-592.072
-582.061
-591.704
-619.807
-587.956
-598.767
-606.639
-587.772
-615.91
-593.951
-604.984
-581.485
-583.218
-606.045
-551.587
-606.092
-591.845
-609.196
-605.648
-586.667
-593.791
-596.597
-601.509
-593.982
-600.413
-602.821
-622.447
-597.144
-625.966
-583.859
-578.679
-598.34
-625.603
-610.323
-618.248
-547.757
-575.272
-577.033
-571.757
-585.166
-581.116
-615.148
-577.758
-597.335
-612.878
-606.601
-575.729
-568.076
-586.477
-590.441
-596.032
-625.352
-606.821
-587.59
-554.357
-570.855
-569.769
-582.583
-571.429
-574.666
-587.196
-591.53
-583.094
-610.31
-599.243
-582.011
-573.22
-587.966
-587.438
-580.626
-644.236
-568.896
-618.413
-580.121
-574.106
-587.264
-559.609
-574.108
-584.351
-570.393
-578.674
-554.002
-587.897
-565.2
-555.453
-632.394
-577.679
-575.628
-574.229
-586.621
-554.241
-594.958
-627.848
-608.089
-619.468
-588.233
-591.335
-585.875
-593.961
-618.248
-624.3
-582.955
-636.096
-572.192
-609.097
-592.378
-604.79
-577.986
-598.634
-572.55
-596.439
-610.95
-608.06
-643.925
-616.692
-600.868
-601.947
-591.629
-629.944
-603.953
-620.81
-585.41
-602.555
-557.225
-553.666
-560.679
-569.591
-589.117
-583.699
-606.67
-602.2
-591.407
-599.136
-591.812
-560.326
-554.59
-592.477
-592.703
-598.271
-611.952
-604.435
-611.192
-589.283
-561.159
-588.058
-578.177
-565.582
-591.817
-582.213
-621.149
-595.401
-597.512
-586.987
-572.156
-572.358
-545.873
-556.009
-582.251
-582.816
-580.686
-622.879
-570.281
-532.524
-610.992
-577.777
-593.341
-541.391
-562.235
-580.215
-532.966
-554.72
-575.054
-604.609
-599.205
-564.093
-547.178
-599.881
-561.032
-589.127
-587.139
-553.638
-586.643
-573.75
-613.103
-572.184
-554.356
-602.739
-567.836
-609.224
-582.537
-602.126
-565.741
-551.267
-552.639
-586.032
-588.618
-588.23
-594.882
-566.875
-581.372
-598.306
-640.906
-554.113
-593.253
-612.13
-585.389
-596.29
-598.606
-619.749
-611.492
-547.998
-596.054
-603.603
-581.695
-594.938
-632.295
-589.655
-593.501
-589.143
-620.619
-614.024
-610.303
-553.57
-562.797
-572.862
-580.867
-602.141
-599.478
-632.843
-595.22
-575.865
-597.243
-579.693
-568.932
-597.946
-620.878
-619.506
-582.755
-603.309
-609.086
-569.42
-581.957
-621.283
-586.622
-585.18
-592.475
-576.959
-618.054
-598.227
-571.787
-582.35
-554.741
-587.308
-591.539
-596.161
-577.385
-584.768
-598.792
-604.07
-551.269
-588.383
-588.517
-591.731
-570.984
-599.904
-579.55
-590.424
-582.083
-580.798
-595.109
-609.513
-562.275
-581.378
-609.651
-578.265
-604.788
-599.201
-573.268
-610.409
-643.706
-605.201
-588.992
-590.417
-621.386
-597.028
-572.31
-559.465
-600.121
-566.081
-574.997
-611.933
-627.357
-601.191
-565.248
-558.259
-580.208
-556.02
-597.005
-539.7
-594.201
-576.836
-549.201
-559.027
-602.629
-617.318
-573.069
-577.79
-588.914
-576.807
-568.289
-565.135
-612.146
-576.866
-569.907
-596.356
-586.239
-591.694
-610.17
-551.409
-589.605
-618.634
-599.103
-622.539
-587.324
-618.212
-617.501
-627.471
-572.537
-590.343
-598.392
-584.876
-596.104
-582.764
-575.947
-561.337
-571.915
-609.574
-580.121
-562.711
-598.892
-586.255
-550.636
-591.456
-560.441
-602.616
-585.571
-578.508
-602.281
-611.646
-624.416
-583.097
-580.277
-600.346
-569.216
-600.823
-561.981
-610.78
-602.171
-620.584
-595.501
-589.677
-577.611
-623.033
-553.872
-601.555
-594.501
-608.739
-575.917
-588.988
-594.018
-575.426
-555.583
-558.144
-576.575
-626.798
-596.062
-586.786
-587.023
-589.807
-577.19
-615.131
-595.174
-606.982
-579.506
-590.313
-592.023
-587.582
-607.574
-597.401
-582.149
-531.08
-557.001
-590.006
-538.575
-567.113
-589.697
-594.68
-567.635
-565.876
-587.159
-624.121
-600.19
-610.02
-571.151
-564.108
-590.176
-613.13
-585.111
-584.524
-562.429
-578.556
-591.069
-605.973
-605.455
-607.078
-585.948
-630.231
-578.312
-539.717
-551.21
-563.993
-573.66
-556.437
-564.748
-544.273
-551.27
-622.703
-618.64
-579.984
-625.184
-556.114
-561.054
-572.027
-636.105
-556.179
-554.539
-584.24
-629.889
-582.88
-614.832
-608.892
-620.736
-599.266
-613.397
-586.099
-572.9
-623.188
-581.088
-564.748
-562.256
-584.058
-543.207
-613.917
-567.479
-565.395
-611.058
-578.256
-585.017
-584.278
-609.209
-577.353
-595.203
-596.458
-574.714
-595.655
-595.797
-612.629
-575.976
-567.478
-607.728
-600.452
-595.474
-586.387
-641.382
-592.925
-590.096
-628.136
-603.871
-616.408
-566.403
-573.613
-581.95
-569.475
-546.138
-576.609
-542.712
-610.572
-551.681
-569.869
-611.148
-573.921
-610.697
-556.451
-576.03
-584
-589.095
-578.691
-591.618
-571.959
-618.466
-601.686
-582.137
-588.075
-602.416
-606.305
-596.51
-600.157
-612.492
-614.761
-568.159
-635.996
-594.13
-578.167
-570.404
-566.227
-542.504
-562.022
-572.493
-608.038
-588.815
-609.638
-597.449
-616.052
-606.346
-607.515
-566.645
-582.861
-542.533
-575.106
-602.806
-647.06
-598.23
-606.065
-576.39
-566.414
-612.477
-603.821
-606.57
-642.321
-637.623
-612.855
-597.903
-588.118
-635.712
-631.985
-602.877
-598.06
-585.166
-588.124
-594.915
-555.824
-615.63
-565.576
-583.199
-611.29
-549.082
-578.416
-594.691
-610.286
-587.597
-607.399
-616.751
-580.929
-590.757
-606.667
-582.594
-572.611
-540.374
-598.582
-566.191
-568.909
-608.464
-622.137
-602.384
-628.478
-590.217
-599.77
-539.155
-557.131
-612.639
-623.689
-563.287
-553.764
-568.678
-624.127
-639.729
-590.269
-568.117
-602.616
-602.759
-571.584
-539.393
-589.269
-579.04
-619.149
-624.189
-570.533
-615.87
-589.922
-589.996
-574.932
-620.767
-583.162
-559.408
-576.301
-572.026
-606.534
-599.71
-581.266
-605.516
-621.651
-606.594
-612.165
-607.948
-536.273
-537.947
-628.057
-612.851
-599.547
-582.109
-565.788
-588.187
-588.835
-557.825
-570.862
-571.458
-577.642
-610.746
-617.774
-571.464
-539.521
-549.347
-614.353
-565.886
-613.757
-557.096
-585.21
-549.21
-567.233
-583.167
-620.96
-600.426
-587.871
-575.392
-565.163
-591.529
-596.226
-590.502
-576.153
-584.591
-621.73
-608.497
-595.144
-613.471
-616.085
-565.66
-588.113
-575.024
-572.755
-562.894
-602.731
-578.377
-617.879
-608.28
-570.004
-590.213
-572.457
-580.111
-596.755
-562.341
-551.869
-621.788
-607.908
-581.142
-531.974
-594.605
-567.541
-630.746
-616.104
-603.905
-621.12
-608.385
-572.318
-577.869
-609.553
-577.068
-588.597
-598.206
-556.654
-560.441
-604.597
-558.208
-592.399
-586.132
-616.465
-598.013
-609.951
-602.266
-614.459
-574.634
-617.132
-621.335
-589.614
-544.01
-592.334
-609.402
-593.848
-642.041
-587.812
-582.185
-577.767
-563.565
-609.939
-608.345
-640.944
-635.796
-652.716
-625.537
-581.894
-631.822
-602.806
-590.809
-590.849
-589.99
-593.638
-595.121
-623.928
-581.625
-600.499
-570.321
-606.238
-587.942
-609.157
-570.837
-561.076
-542.863
-578.757
-569.176
-603.393
-582.706
-565.299
-616.152
-578.128
-587.77
-600.778
-568.512
-543.163
-575.336
-552.973
-574.113
-589.647
-588.386
-595.922
-568.955
-596.492
-545.754
-569.321
-587.221
-610.533
-600.882
-556.779
-562.005
-599.155
-603.975
-607.522
-576.085
-628.533
-589.508
-575.195
-587.536
-586.005
-598.325
-575.217
-593.155
-558.965
-530.905
-602.146
-592.162
-573.843
-565.768
-562.791
-569.623
-593.267
-598.076
-568.449
-615.775
-634.731
-588.369
-583.482
-581.73
-574.195
-572.87
-590.344
-598.106
-605.975
-577.062
-570.598
-590.371
-582.982
-539.823
-571.567
-594.727
-592.073
-635.683
-595.614
-572.079
-580.54
-569.306
-596.009
-589.844
-581.04
-628.586
-588.871
-586.102
-621.032
-603.517
-596.851
-573.051
-596.977
-588.004
-595.969
-569.949
-634.39
-622.183
-571.348
-581.844
-595.258
-622.546
-583.293
-567.422
-543.369
-601.839
-534.739
-568.582
-593.876
-584.02
-588.034
-599.79
-587.03
-596.657
-589.161
-600.015
-588.689
-616.552
-573.088
-567.311
-560.367
-584.185
-585.233
-614.25
-615.297
-581.284
-580.094
-565.919
-564.623
-568.488
-605.816
-616.962
-574.606
-521.985
-576.407
-589.5
-604.196
-571.009
-625.406
-583.236
-597.054
-565.064
-582.315
-569.271
-598.684
-610.818
-626.239
-591.62
-574.516
-548.965
-572.718
-597.284
-565.063
-569.814
-625.43
-606.486
-593.644
-599.661
-582.38
-562.207
-618.157
-611.348
-608.664
-605.756
-582.511
-594.96
-579.482
-593.528
-602.888
-548.322
-567.531
-584.337
-578.985
-629.949
-605.429
-591.747
-611.818
-593.567
-595.854
-573.57
-570.497
-583.691
-606.441
-615.683
-603.524
-555.598
-593.456
-541.806
-543.205
-543.784
-592.624
-521.899
-573.219
-603.37
-590.258
-581.682
-604.687
-588.205
-574.386
-595.953
-594.418
-556.673
-553.588
-569.813
-589.91
-564.682
-621.778
-582.665
-549.381
-571.627
-571.328
-576.108
-599.157
-595.926
-592.281
-613.206
-586.763
-601.056
-591.435
-588.784
-554.282
-571.122
-597.194
-613.723
-557.91
-576.912
-614.599
-600.317
-593.213
-586.919
-616.99
-575.963
-601.68
-578.047
-606.957
-564.325
-592.994
-583.274
-622.424
-589.696
-569.375
-570.509
-564.217
-619.508
-587.726
-550.313
-577.394
-583.331
-598.732
-609.981
-586.41
-552.608
-572.629
-569.994
-592.697
-568.408
-599.628
-581.899
-601.569
-580.417
-590.653
-611.514
-600.916
-539.303
-585.073
-581.03
-586.215
-562.175
-588.867
-563.3
-584.609
-574.562
-582.582
-574.382
-568.898
-604.085
-603.403
-589.456
-573.07
-581.156
-575.035
-600.908
-565.24
-566.239
-583.029
-565.21
-544.551
-612.861
-557.359
