-3.67319
-3.5297
-14.5379
-2.2083
-7.35247
-4.90239
-10.5491
-12.9984
-10.4337
-7.28247
-4.28005
-5.39621
-16.3979
-14.4227
-6.85434
-11.6726
-15.4756
-9.55947
-14.6057
-4.3348
-9.43638
-7.96111
-4.64516
-14.0836
-10.532
-1.53707
-6.73894
-11.5379
-16.1029
1.78009
-9.50846
-12.1918
-13.0265
-10.2837
-14.2722
-11.4905
-8.78045
-8.13844
-14.3561
-14.334
-6.09346
-10.4404
-3.49579
-9.1949
-12.8593
-12.203
-13.5465
-1.79675
-10.0411
-12.1628
-12.2828
-8.50983
-10.5836
-8.37517
-7.45886
-8.65933
-3.86956
0.577717
-8.75756
-12.2564
-1.8948
-9.9651
-6.08275
-7.26012
-5.80753
-0.225595
-4.54405
-5.25464
-12.2919
-7.93578
-7.81981
-5.43088
-10.4773
-6.21394
-4.96744
-12.2741
-7.59726
-4.61928
-6.79953
-8.77694
-6.08912
-8.98448
-18.7685
-20.0737
-0.0835845
-11.1567
-11.2349
-9.21363
-11.2342
-5.99045
-7.41836
-18.9321
-13.4342
-11.1032
-11.3166
-10.078
-14.6452
-0.991114
-9.67062
-9.64613
-6.39314
-12.3891
-7.53945
-5.56938
-10.2678
-9.54147
-14.2886
-8.84987
-5.4165
-9.38481
-6.67852
-12.7545
-5.40303
-19.3404
-10.0802
-0.368379
-15.5947
-9.00711
-12.1498
-7.3598
-9.65025
-14.5152
-10.5399
-6.56238
-14.5736
-11.6968
-11.2389
-8.33131
-6.10181
-9.30125
-5.23972
-13.1523
-12.4156
-14.4491
-7.46151
-10.2993
-12.5491
-9.05612
-19.1212
-4.32697
-2.34094
-14.6499
-9.15141
-9.49805
-11.84
-5.20821
-5.31895
-15.7737
-10.3038
-6.634
-11.4881
-7.45568
-13.7729
-7.26279
-13.8457
-6.14282
-8.64988
-7.99113
-12.9021
-17.6998
-5.79101
-13.3189
-6.69275
-9.68985
-12.7144
-13.8877
-6.01624
-8.21246
-4.23492
-6.88024
-9.50062
-11.52
-15.4196
-5.33421
-11.6015
-15.7671
-12.986
-5.22455
-9.15286
-12.6156
-11.8689
-19
-12.2511
-14.2144
-5.25509
-9.55271
-11.7831
-1.72032
-6.76162
-5.24536
-6.90075
-12.1763
-7.67758
-8.73442
-9.73186
-1.66061
-13.5361
-13.0908
-10.0888
-7.63999
-7.95441
-7.48764
-10.2161
-7.33523
-6.08456
-5.10744
-0.728894
-4.14018
-6.08549
-5.66642
-0.175919
-10.9632
-10.8855
-4.88467
-12.1041
-8.03573
-13.5794
-5.86662
-8.11071
-14.6382
-10.2925
-11.842
-14.969
3.63084
-9.47507
-7.92325
-9.42726
-7.43714
-16.4715
-9.35302
-13.7055
-10.5384
-11.5122
-3.1921
-8.77598
-16.1004
-14.5057
-15.9488
-8.27328
-11.534
-11.5049
-2.28319
-13.4805
-8.99701
-8.08473
-15.0081
-6.24523
-10.116
-11.6717
-6.65833
0.312321
-14.6066
-12.3227
-13.9667
0.271432
-18.3259
-0.247445
-11.4668
-7.64754
-8.62308
-15.9919
1.47052
-8.04075
0.386175
-8.50664
-8.78358
-12.4792
-4.48405
-12.8955
-14.299
-2.61009
-7.31212
-3.8097
-7.86632
-10.2716
-9.54196
-12.6972
-12.3693
-14.4203
-9.57722
-6.11458
-10.4285
-4.65834
-6.60675
-9.48924
-5.19689
-7.76766
-8.03979
-5.79793
-15.6311
-3.72158
-13.4853
-8.80921
-3.42712
-1.86283
-6.87654
-15.5365
-12.126
-9.58266
-5.18429
-4.67385
-12.6551
-0.422661
-17.7432
-6.72822
-9.08382
-5.60032
-7.15385
-8.79017
-5.57515
-12.9412
-13.3483
-12.576
-11.3072
-9.76614
-8.64995
-13.0384
-12.0176
-10.3585
-7.6909
-9.71123
-9.93178
-12.9842
-11.6324
-4.14032
-6.48039
-10.0751
-7.11473
-13.391
-9.37126
-8.13945
-5.30534
-9.17163
-10.173
-2.75764
-6.61434
-6.4997
-0.113507
-7.46892
-3.23452
-9.9555
-11.0015
-3.50996
-2.45274
-13.0469
-6.78156
-7.63701
-4.57612
-10.6148
-5.81307
-8.31059
-10.3461
-12.1902
-10.1913
2.93322
-6.41667
-1.03424
-11.1904
-14.9694
-2.57705
-5.97012
-11.1663
-6.71056
-2.64018
-6.00923
-11.4102
-11.8525
-1.90308
-12.7052
-14.3247
-11.9028
-11.1902
-13.11
-8.06542
-3.14804
-13.3762
-3.72916
-13.7707
-6.5031
-12.5873
-5.83049
-7.65872
-5.35879
-6.58187
-10.3291
-7.13279
-1.30418
-11.0824
0.356055
-9.0384
-3.40242
-5.9022
-6.35641
-4.66992
-10.0476
-5.78682
-7.97037
-15.0082
-14.3752
-1.63714
-13.5654
-6.55999
-8.57261
-13.1429
-8.84559
-6.57826
-8.80065
-10.3378
-11.914
-7.39379
-1.16764
-12.0363
-5.64595
-9.53826
-10.883
-4.91505
-10.959
-12.6753
-2.46127
-11.4607
-7.66658
-2.52235
-7.15414
-11.1634
-10.62
-8.80082
-0.932542
-10.5161
-12.7882
-14.8096
-10.3072
-9.81297
-12.2548
-8.28643
-9.59503
-6.05005
-6.36655
-9.2813
-8.92291
-10.0125
-1.66376
-0.818614
-13.2396
-6.85066
-10.0987
-13.4595
-11.904
-9.65602
-6.74417
-12.7178
-23.0192
-5.77151
-3.42267
-7.60987
-2.1566
-9.13282
-12.5665
-11.562
-12.5008
-11.2264
-9.1873
-13.7701
-6.94854
-8.8256
-8.9188
-9.60791
-10.7905
-10.8998
-6.24001
-8.17867
-8.5158
-6.8718
-11.0868
-13.158
-8.05208
-15.6426
-6.28745
-4.32217
-1.46913
-12.2127
-3.62929
-11.5456
-7.03777
-7.01953
-15.4886
-12.6511
-7.0884
-7.29742
-3.03415
-8.01592
-8.28717
-14.8974
-3.48917
-17.3864
-2.79096
-11.2401
-10.9643
-11.3041
-8.12323
0.511451
-12.836
-8.86842
-7.02236
-8.09515
-13.3701
-13.201
-7.80771
-14.8826
-0.692765
-1.69047
-9.72739
-10.9412
-13.4958
3.1566
-6.25543
-10.9708
-3.27882
-7.53042
-10.5623
-14.0233
-22.7647
-5.35774
-14.9499
-7.02949
-14.9933
-6.77272
-7.55807
-6.27234
-2.52553
-11.7209
-7.10341
-9.59377
-6.89317
-7.97893
1.62145
-11.0338
-7.47864
-13.3275
-6.1123
-10.8364
-9.43153
-13.3671
-6.38055
-9.48637
-17.7901
-14.3542
-7.62883
-8.56166
-13.6497
-2.71715
-9.26432
-3.89141
-3.69699
-16.5868
-11.9577
-10.0516
-5.55494
-9.57323
-7.03257
-7.69888
-11.1281
-10.4022
-8.15387
-7.1024
-8.80004
-9.69448
-11.5142
-2.99213
-6.6685
-10.1928
-7.88218
-12.4802
-9.46276
-14.4392
-11.524
-12.6519
-12.8614
-8.28054
-7.87555
-5.12182
-9.0294
-6.48181
-2.75114
-9.95297
-1.18769
-7.76228
-8.46509
-8.83154
-7.46639
-10.866
-1.81458
-2.43024
-10.4728
-5.16196
-8.84263
-11.0776
-10.2502
-8.43717
-8.08896
-14.4532
-14.2954
-11.7483
-12.8664
-8.29258
-4.99532
-15.3383
-9.54446
-4.75557
-6.81319
-4.69083
-12.0417
-17.9799
-14.765
-8.12792
-7.67399
-9.19639
-8.67704
-7.4438
-8.79372
-2.8215
-8.83576
-16.2392
-9.78789
-7.9941
-10.5568
-15.9583
-7.04092
-15.3187
-8.31803
-9.22692
-9.63754
-6.52544
-10.3973
-10.2084
-14.4128
-17.6864
-4.034
-8.18096
-7.80752
-1.14557
-5.02323
-11.2848
-2.43522
-13.9953
-11.8676
-13.9215
-10.1713
-12.2508
-14.5477
-1.24609
-11.8789
-5.8147
5.00795
-10.2078
-4.75169
-6.52893
-6.65231
-6.83553
-6.21035
-10.3919
-7.15866
-5.15902
-9.8152
-9.86524
1.03903
-9.59715
-14.7267
-7.60422
-5.30256
-9.78566
-7.30639
-9.39529
-3.13118
-8.61649
-2.9555
-6.93778
-8.67743
-6.12367
-2.78666
-10.7224
-7.61054
-11.7962
-6.75934
-7.82195
-8.92059
-7.74512
-10.4549
0.167014
-8.46199
-12.3781
-12.0742
-4.69675
-5.34042
-3.43437
-14.6466
-12.0981
-10.3453
-5.90286
-8.04057
-7.00567
-8.34373
-5.12476
-14.5145
-8.33455
-7.46351
-13.5709
-10.6661
-11.1277
-12.8347
-8.42887
-10.0728
-4.76769
-7.04026
-4.31609
-10.2628
-5.14858
-3.02639
-12.5108
-4.67923
-13.7572
-2.40735
-9.65707
-14.8712
-3.89368
-14.8281
-12.3694
-5.16211
-9.90819
-5.26216
-5.04138
-2.41877
-6.35376
-14.0625
-3.72059
-10.0973
-8.06881
-7.52946
-19.3649
-10.5765
-8.73185
-16.6882
-10.4314
-11.8159
-13.3187
-18.1519
-12.65
-7.8578
-8.43208
-9.6624
-11.6213
-4.73613
-15.0168
-14.8202
-9.66838
-8.09543
-0.806668
-8.09836
-13.7896
-4.56125
-7.89125
-12.4224
-6.18024
-10.0838
-4.14984
-11.0921
-7.92233
-10.3093
-0.456414
-10.0222
-12.5148
-6.80413
-12.4086
-0.960353
-15.1363
-8.14404
-6.18895
-13.0028
-11.5031
-8.07982
-3.54925
-7.77481
-13.0637
-11.2127
-18.1538
-8.28706
-1.197
-8.24979
-13.0614
-6.93839
-5.64363
-6.66662
-7.47895
-10.797
-9.62773
-8.22625
-11.9261
-16.5168
-8.54109
-10.4807
-9.17735
-11.0789
-8.09614
-12.5814
1.73306
-14.4593
-13.1417
-12.6601
-18.0605
-4.08589
-8.84517
-7.00369
-8.79548
-18.4568
-0.902053
-4.60875
-6.45969
-4.50965
-15.2805
-7.62032
-10.2241
-7.42635
-3.4711
-4.447
3.08278
-7.37989
-10.3019
-7.37763
-0.0210149
-8.20431
-10.4207
-16.6436
-11.0586
-7.97904
-7.28529
-8.78491
-2.95731
-8.86594
-3.20045
-9.49238
-7.82614
-10.077
-21.0035
-3.99175
-11.7974
-11.0175
-8.50532
-12.3975
-12.2761
-8.72531
-11.1974
-0.110838
-10.7306
-4.57595
-8.45652
-5.53467
-12.9087
-13.4713
-6.0755
-14.4043
-8.01623
-5.23823
-3.81409
-13.3626
-12.0677
-5.79942
-2.07249
-5.05648
0.866173
-4.84415
-10.7246
-11.3726
-13.4657
-17.2009
-7.78279
-12.9794
-7.4914
-15.4964
-9.57127
-10.4677
-10.7348
-7.51795
-6.6696
-6.34574
-10.9673
-4.04237
-8.02658
-6.48857
-8.80726
-10.2446
-8.29739
-9.05909
-7.93092
-11.6509
-10.2395
-15.4457
-7.22335
-9.88135
-12.4466
-10.5337
-12.6149
-16.2293
-13.3384
-6.92382
-1.27014
-2.62143
0.474533
-7.18022
-10.4266
-7.99454
-10.462
-8.31822
-7.44808
-5.34439
-8.11668
-12.5814
-5.56632
-14.952
-12.5057
-20.0521
-13.9052
-8.98258
-5.39837
-12.6573
-4.48604
-10.9078
-12.6822
-5.51282
-11.2614
-12.8141
-8.16104
-6.40948
-9.05566
-1.18836
-12.6579
-11.3983
-6.0726
-10.7334
-0.451072
-12.7407
-14.871
-5.16379
-11.2148
-10.6163
-7.48816
-7.13416
-5.3474
-12.8685
-9.64685
-8.20558
-12.8242
-13.6868
-12.2517
-11.613
-10.6103
-2.66628
-7.32096
-10.8733
-10.802
-11.3711
-9.88491
-6.78893
-2.39383
-6.50263
-8.4135
-5.56923
-13.9092
-9.32187
-10.8023
-14.3612
-11.2035
-10.6157
-7.64617
-12.53
-5.33412
-13.6943
-8.72601
-0.840911
-7.05446
-14.3149
-11.3703
-6.31443
-1.53939
-9.72102
-13.0473
-6.56391
-13.4193
-5.30314
-1.9322
-2.12066
-7.57359
-12.1674
-6.47108
-5.44644
-8.67762
-5.71478
-11.6736
-11.7073
-9.80277
-11.316
-13.4086
-9.19551
-7.2406
-2.26401
-14.8761
-19.2409
-4.61473
-4.47356
-7.21721
-11.7428
-3.0931
-5.84712
-16.5342
-6.02961
-7.17349
-6.50911
-11.3616
-7.09488
-11.2243
-11.7178
-13.2139
-4.99998
-4.51274
-10.8332
-4.56864
-4.7783
-4.29785
-13.1975
-11.7679
-9.13614
-2.64309
-8.78685
-9.99372
-3.7585
-8.6697
-11.877
-7.20151
-2.65488
-9.52021
-9.21825
-1.18388
-4.14862
-14.5502
-12.7526
-9.04443
-10.3803
-2.41351
-2.77163
-4.07552
-12.9791
-10.6549
-9.23027
-12.1149
-4.60429
-12.688
-6.31987
-11.1284
-11.9224
-1.82715
-12.6183
-14.8052
-4.97372
-9.93561
-7.08416
-12.1365
-12.7941
-10.9078
-7.77346
-4.36077
-12.3131
-4.24321
-4.94354
-9.5544
-7.30114
-16.6322
-6.12612
-15.4821
-10.489
-2.08719
-12.2854
-11.5518
-6.68804
-5.17033
-6.26724
-13.1924
-11.2604
-7.02143
-12.5112
-13.1774
-16.5505
-15.8797
-12.6335
-5.63816
-13.8641
-13.4834
-4.73352
-3.08525
-6.14778
-20.902
-12.9282
-10.7545
-12.7576
-13.5766
-7.86518
-4.46893
-8.53925
-8.76012
-9.29731
-10.6705
-14.7625
-4.53438
-6.55519
-6.35052
-6.84561
-14.1463
-13.2809
-7.0625
-9.65904
-5.63432
-2.15969
-8.31182
-13.6482
-8.2849
-10.9671
-10.3235
-10.1857
-11.459
-13.7131
-10.8124
-6.06037
-5.90977
-10.862
-10.03
-12.9607
-9.63245
-5.73017
-9.28082
-16.745
-12.083
-9.69987
-8.61406
-7.48188
-11.2708
-12.3572
-7.69278
0.00962791
-7.14388
-13.058
-6.47506
-10.0407
0.452166
0.979287
-6.35396
-7.40239
-10.4064
-12.4096
-4.938
-8.15855
-10.1793
-4.82072
-9.26588
-15.5679
-2.51315
-9.53684
-3.51254
-14.5367
-4.8495
-19.1479
-5.80647
-12.4203
-6.193
-10.6317
-14.0563
-2.07617
-10.9757
-2.74496
-6.39373
-9.84599
-1.89589
-8.17302
-7.97723
-9.43783
-7.35667
-3.77835
-1.50678
-14.5606
-10.4337
-4.13446
-10.668
-1.48803
-9.01848
-11.5704
-7.03802
-15.9453
-1.93365
-1.91895
-9.0489
-5.90729
-6.19012
-6.09253
-11.7489
0.902779
-13.3513
-11.7974
-2.15096
-3.66401
-9.11889
-12.4217
-18.6548
-6.01296
-5.52567
-6.35351
-7.53091
-10.1681
-1.59091
-7.87962
-13.1163
-14.523
-8.30331
-8.22397
-3.26962
-15.0321
-7.25186
-16.5847
-8.60356
-8.19644
-9.79676
-13.6978
-8.41292
-6.36133
-13.4615
-9.3072
-14.6584
-14.6837
-9.15096
-10.3578
-10.7509
-10.0205
-13.5167
-4.7644
-7.24028
-6.02712
-15.0652
-8.45508
-6.97576
-8.79743
-13.2478
-6.52258
-5.96864
-8.72205
-12.0308
-8.68482
-8.65753
-4.66297
-15.4315
-7.10605
-12.8848
-12.9373
-6.94241
-10.133
-12.0351
-4.32267
-9.48057
-2.25978
-11.8249
-10.5018
-4.83136
-12.6358
-3.7523
-12.5157
-5.51997
-15.5344
-7.20346
-8.40763
-12.1939
-7.85008
-14.2666
-7.86349
-8.56326
-8.87153
-3.43349
-5.76341
-5.08308
-8.17231
-12.3926
-5.66267
-6.79374
-3.36102
-11.5179
-6.51431
-11.0626
-1.22954
-9.24649
-6.75087
-11.6094
-7.183
-5.54193
-6.33512
-13.9252
-7.0785
-12.0666
-3.28466
-3.73607
-15.6287
-2.70389
-11.54
-7.64306
-10.1106
-9.67807
-11.9427
-6.94417
-10.1348
-6.86712
-6.68931
-6.50074
-11.659
-10.9396
-11.5672
-6.35462
-3.28965
-6.4658
-14.3238
-7.63309
-12.4822
-7.96724
-12.8451
-4.54088
-11.9625
-12.8529
-6.36726
-10.3529
-12.3024
-7.81396
-7.28329
-8.41136
-7.06889
-8.18819
-8.57161
-12.5508
-9.90998
-5.1097
-4.9708
-6.93281
-10.9553
-6.8843
-15.2401
-0.27234
-16.4604
-8.46761
-13.4155
-10.2875
-6.78222
-8.48688
-8.01806
-9.1531
-6.11841
-4.71094
-4.79212
-8.83514
-5.0777
-4.60684
-7.73624
-8.26844
-4.70141
-9.55626
-0.624016
-4.21031
-14.641
-6.01849
-10.3649
-14.0118
-16.2669
-8.55624
-16.8423
-14.42
-9.37589
0.742715
-11.7353
-9.64565
-12.8218
-7.02191
-4.84586
-10.5004
-2.23678
-12.3701
-9.39632
-10.5221
-8.38189
-5.66561
-12.834
-5.93177
-7.87622
-10.173
-7.84781
-8.65739
-4.40913
-8.96183
-11.3916
-6.67184
-9.64452
-7.54942
-9.02334
-7.10819
-11.3453
-7.52625
-8.14898
-6.64456
-11.5446
-13.4996
-13.5794
-5.57185
-14.3266
-4.23643
-7.04946
-12.239
-9.72511
-4.26375
-4.7991
-4.7799
-3.70681
-9.02313
-5.62839
-5.92004
-8.32689
-7.5794
-9.94131
-9.02919
-8.53133
-5.84627
-13.0689
-8.12239
-5.46241
-11.8469
-6.27907
-13.7519
-6.01017
-8.00822
-18.6245
-8.07549
-7.70985
-5.63519
-4.45528
-2.80625
-7.02313
-0.216622
-6.55184
-1.86549
-10.8769
-10.7683
-13.133
-5.42879
-5.73748
-8.44679
-2.55241
-1.1926
-9.06901
-7.92413
-6.62568
-15.4686
-6.5863
-12.7872
-11.3806
-1.78229
-2.85026
-13.6751
-8.31546
-1.27449
-3.50879
-8.87581
-4.37781
-3.5627
-5.7215
-13.1259
-7.7201
-8.55849
-1.91366
-6.39866
-7.75842
-12.7926
-9.85526
-3.23723
-8.19393
-13.6085
-3.35383
-15.1815
-11.577
-14.2167
-12.6532
-14.5691
-8.58455
-12.2032
-15.9544
-6.39516
-6.71757
-4.04564
-5.98594
-4.36443
-5.43399
-9.75628
-13.4374
-8.75376
-11.3929
-15.0084
-5.29294
-11.1658
-0.677808
-7.8967
-5.17539
-8.04053
-10.6232
-10.2876
-11.3049
-4.58982
-10.1188
-7.42521
-4.39506
-14.0695
-6.48616
-11.4115
-14.5
-10.6479
-5.1753
-6.94672
-15.0844
-6.78409
-9.47736
-13.4878
-4.4935
-11.6621
-8.38021
-10.4482
-11.2704
-7.34237
-18.9791
-1.84433
-4.78472
-2.91208
-8.76739
-11.4817
-5.5615
-1.41999
-9.38851
-4.39776
-6.17367
-11.4754
-6.8292
-7.37935
-0.743602
-10.7891
-11.1384
-14.5867
-8.85451
-11.6945
1.88029
-9.04485
-3.2266
-6.60348
-11.9821
-13.5337
-5.62511
-10.1514
-6.89397
-15.2767
-9.78689
-3.27709
-15.6845
-13.8856
-11.9376
-12.6388
-10.5226
-5.27189
-12.1436
-12.1907
-3.73055
-2.50933
-6.77562
-17.7815
-7.24064
-8.8474
-6.83399
-12.6578
-2.19299
-10.3203
-7.67288
-7.70415
-5.16541
-7.38855
-6.44527
-18.8569
-7.82461
-4.01185
-12.5773
-13.7973
-2.09012
0.118586
-5.26656
-3.27156
-10.2414
-9.57586
-8.73554
-7.19306
1.18494
-6.62456
-10.9221
-11.1659
-5.54119
-10.2243
-6.48274
-7.7508
-12.9763
-4.5763
-3.92833
1.26518
-11.1631
-5.42057
-5.50474
-13.953
-13.07
-4.81028
-11.7091
-3.31038
-13.465
-5.71013
-15.3242
-7.19533
-7.38177
-3.98541
-3.29522
-2.18365
-10.8798
-3.10739
-10.725
-12.3776
-4.25458
-4.70487
-10.8939
-1.75929
-15.8931
-5.48532
-9.93758
-6.29606
-8.26652
-0.320351
-20.5653
-7.5103
-7.32127
-14.2949
-16.7155
-13.7087
-3.40989
-10.4611
-10.7755
-13.2971
-11.6278
-14.9072
-9.65319
-9.24149
-13.6683
-9.15657
-1.42444
-8.27988
-6.72511
-8.72167
-10.3863
-12.1266
-7.37658
-12.7453
-12.6299
-6.82741
-11.3786
-11.362
-12.4757
-1.69227
-12.0672
-10.0411
-3.16988
-3.44224
-9.21805
-6.58372
-11.3864
-2.95644
-15.8332
-6.30913
-4.10932
-7.16253
-10.5677
3.69682
-17.1263
-11.5343
-10.7198
-9.40733
-4.87038
-6.40844
-7.32985
-13.013
-8.91151
-9.16604
-13.5812
-16.0436
-7.31765
-14.0716
-5.60598
-7.37424
-9.03298
-13.8647
-4.52386
-12.9374
-8.49096
-9.40875
-11.24
-16.2394
-9.23449
-11.0672
-3.3017
-6.20717
-10.0784
-8.67848
-11.2623
-5.43605
-12.6113
-6.01947
2.22246
-6.91044
-8.83448
-3.94085
-7.54009
-12.2015
-5.56248
-4.36306
-13.0997
-11.6688
-7.17546
-8.35125
-12.2948
-11.7629
-8.63697
-8.80277
-3.12295
-12.2355
-16.0954
-3.34414
-6.20098
-10.0655
-7.69838
0.0718088
-17.0537
-8.81788
-11.0029
-8.99136
-14.6841
-4.77042
-7.66989
-6.39127
-15.3614
-5.25591
-7.10199
-11.9663
-4.81125
-8.31286
-14.7641
-8.43009
-9.79137
-9.08883
-15.402
-10.4628
-10.0764
-6.27514
-13.6528
-9.41074
-6.85063
-8.31771
-12.8659
-8.10502
-7.56547
-6.59481
-14.3428
-10.4125
-9.5896
-5.26892
-12.3512
-10.4388
-12.6734
-10.6034
-4.30412
-14.4195
-12.7907
-9.75159
-3.93071
-8.68614
-1.59249
-4.83331
-13.4129
-2.33326
-4.31322
-13.6215
-8.05027
-4.6168
-11.8666
-8.20986
-5.2354
-11.8765
-5.14874
-4.35188
-8.1189
-12.45
-14.4311
-9.6468
-5.85804
-11.8841
-9.18936
-9.14424
-13.7899
-6.18932
-5.1435
-6.87716
-1.84286
-11.9066
-10.1798
-12.0605
-9.36302
-8.06495
-12.9682
-9.41772
-15.3388
-6.09932
-10.4332
-12.1697
-13.3558
-14.8099
-8.22159
-2.3489
-12.9197
-3.05003
-14.297
-11.9187
-1.36295
-6.03573
-12.3123
-12.5496
-0.821489
-6.62548
-6.31468
-13.9329
-6.22835
-5.165
-8.94353
-10.0413
-9.70086
-2.96868
-8.88359
-13.5729
-10.7262
-12.5355
-11.9858
0.108507
-11.117
-12.4057
7.01114
-8.0275
-8.20443
-6.97117
-1.99344
-10.2878
-12.5283
-11.6821
-7.72789
-11.2677
-11.1568
-13.353
-8.83066
-11.9094
-9.23674
-14.1264
-8.91766
-10.1399
-7.37223
-12.6874
-7.83473
-8.04446
-10.6803
-10.298
-7.86625
-11.8285
-4.06691
0.000465287
-7.01053
-7.51951
-11.4436
-3.68204
-6.87389
-6.07644
-12.8042
-6.34969
-15.5398
-10.6622
-1.10353
0.0512307
-6.96714
-7.40483
1.30407
-8.98739
-3.43135
-13.4338
-7.89733
-12.6957
-11.2227
-0.876761
-9.84369
-7.40919
-7.6888
-6.80846
-7.90347
-11.3288
-7.66477
-7.51818
-8.76881
-3.06521
-5.84983
-6.0433
-14.3348
-7.92312
-8.8772
-5.25949
-9.07236
-3.39238
-12.0524
-9.955
-14.1891
-8.47096
-10.3192
-8.43254
-12.5855
2.21108
-4.85164
-15.8403
-12.6319
-6.35546
-19.5976
-6.78337
-8.93972
-9.32682
-6.38563
-4.82842
-2.50432
-2.88576
-9.78497
-10.1865
-8.53322
-11.4145
-9.38392
-12.127
-18.325
-5.34631
-8.40877
-5.74268
-6.0127
-9.34922
-10.7595
-1.83459
-6.1028
-7.37065
-9.2731
-17.4773
-12.4145
-9.08252
-8.48849
-8.55544
-8.73812
-7.31542
-6.15748
-11.214
-8.04211
-12.2781
-13.3513
-12.4031
-8.6593
-10.3364
-11.9746
-2.62982
-10.3775
-6.05479
-6.21989
0.470569
-10.0729
-5.76447
-6.15236
-2.48414
-14.2477
-5.14345
-11.3958
-7.90228
-13.115
-2.55247
-19.5329
-1.86729
-10.593
-13.9709
-9.559
-5.29591
-8.73777
-6.85033
-3.46669
-14.9725
-11.5941
-10.2886
-16.0283
-7.78969
-7.08004
-7.58674
0.647653
-9.37913
-5.36617
-7.48354
-7.20175
-10.0336
-12.5516
-5.85454
-13.382
-12.7394
-9.25956
-11.2312
-1.65867
-10.8239
-4.18559
-7.68118
-10.7733
-11.0419
-13.2128
-12.5953
-4.36018
-2.03289
-11.2498
-19.5685
-15.0556
-5.98082
-7.40061
-13.07
-12.5976
-17.2542
-6.8198
-6.40286
-5.98516
-13.7687
-7.35082
-3.03488
-13.3288
0.200594
-11.8697
-9.67825
-9.87925
-5.27024
-11.3256
-10.3066
-9.74521
-9.08536
-6.89351
-5.77831
-9.10049
-10.2892
-11.7316
-6.45399
-12.1133
-9.99369
0.982195
-4.3699
-12.3058
-14.5643
-2.09601
-3.20032
-9.37261
-13.3902
-10.4595
-10.2372
-20.648
-5.62941
-8.95763
-12.8317
-8.68391
-9.73881
-15.5788
-7.3979
-7.16377
-10.3986
-2.30372
-10.1741
-9.02897
-7.9332
-17.2044
-10.2451
-9.77324
-10.5006
-9.85847
-5.98598
-12.3236
-9.7315
-10.0343
-17.4385
-8.20411
-2.89802
-15.0959
-4.37575
-11.7759
-4.47794
-7.4643
-5.79546
-2.34274
-4.50738
-12.9939
-4.39637
-6.25501
-4.59507
-1.15079
-4.75773
-9.44261
-14.1546
-9.20845
-2.6924
-11.2046
-6.64318
-9.29778
-7.63602
-7.07094
-12.6569
-7.84218
-15.1774
-9.37325
-8.34009
-6.20745
-12.5405
-3.98829
-4.16399
-11.3859
-9.42673
-4.81162
-4.94896
-15.517
-7.03771
-16.4054
-11.8289
-8.60968
-8.52333
-7.98805
-8.40775
-10.529
-9.47275
-8.03012
-8.23948
-10.235
-13.9043
-9.28794
-6.73995
-15.5434
-9.24362
-16.3662
-7.96428
-8.57227
-10.3779
-4.91247
-5.89369
-1.66239
-0.646654
-8.9384
-6.14949
-10.3433
-6.05861
-12.2211
-6.39226
-7.72829
-9.06708
-4.73158
-6.16004
-9.41508
-13.6142
-10.127
-9.36691
-7.60698
-9.94981
-8.16214
-6.70125
-6.87895
-12.1009
-11.3805
-15.6601
1.2426
-4.561
-9.22155
-12.4739
-12.852
-2.03498
-10.6106
-14.0333
-9.50898
-9.76949
-12.1646
-14.8649
-13.1781
-4.73013
-6.80649
-10.3313
-9.70014
-12.5752
-8.60604
-12.9434
-7.82911
-3.47621
-16.5776
-14.3869
-13.205
-8.10874
-7.03027
-11.4884
-6.05753
-4.01286
-8.40483
-10.4849
-10.5131
-9.10336
-3.54365
-14.6304
-9.45258
-7.45163
-13.8144
-8.66452
-11.4986
-12.1689
-14.326
-5.70571
-3.88797
-5.35904
-10.6981
-0.918187
-14.0865
-11.8006
-10.8341
-1.41481
-0.969142
-11.2907
-6.44308
-3.94985
-7.00234
-6.81662
-8.4549
2.15317
-11.8894
-7.67367
-8.40855
-9.1446
-8.48934
-4.05157
-11.6437
-3.08041
-4.34886
-10.1209
-5.73047
-12.2682
-10.9757
-6.98605
-3.99218
-5.7491
-8.5835
-14.4531
-2.13824
-11.7348
-4.16792
-8.17962
-4.84514
-5.24784
-13.7776
-5.83789
-5.96783
-2.92912
-6.52937
-9.91904
-5.88045
-8.13587
-9.48346
-14.3362
-16.6121
-12.8058
-10.6796
-8.84705
-13.1241
-12.321
-6.90718
-7.95996
-12.2332
-4.94238
-8.22886
-11.8728
-16.6853
-5.30247
-16.1673
-8.41398
-13.4445
-9.84237
-3.26867
-12.2896
-9.12864
-8.46429
-11.8147
-14.008
-11.7629
-10.9233
-6.23127
-15.5101
-9.66334
-8.3827
-4.65884
-14.3822
-4.95365
-8.18758
-2.46405
-8.11893
-12.4952
-6.82996
-11.9699
-9.7554
-12.8938
-3.48482
-4.08961
-6.27846
-8.88242
-17.0174
-3.49607
-8.64252
-11.8105
-2.67467
-15.1235
-8.68648
-2.9455
-1.70827
-5.08866
-19.7059
-12.1714
-13.8239
-12.5545
-1.86556
-11.3248
-8.989
-8.59409
-6.21933
-8.01593
-6.91884
-7.558
-4.53382
-3.12603
-8.99782
-6.37053
-8.0776
-12.199
-12.8062
-9.98575
-8.67542
-8.19905
-11.6214
-1.93366
-5.6879
-2.84948
-7.26939
-7.53757
-0.322667
-8.09377
-10.6224
-7.14922
-6.14994
-13.4639
-14.9667
-3.8337
-4.10035
-10.7562
-4.59777
-4.88703
-8.05578
-14.0272
-2.73985
-9.36151
-3.91154
-9.22233
-10.0059
-10.585
-2.64273
-16.5252
-0.175302
-8.53965
-10.0678
-7.39726
-8.08216
-2.18956
-3.83872
-12.7844
-4.96581
-12.5278
-12.6417
-9.08746
-7.5263
0.208281
-10.5279
-12.8992
-11.5463
-6.18857
-7.16792
-12.1569
-7.32838
-11.1059
-4.89377
-10.5518
-12.3771
-10.6515
-4.53414
-7.12863
-7.47541
-5.62064
-11.0299
-7.16192
-14.3092
-4.90677
-9.25293
-6.4028
-5.35254
-10.357
-4.95305
-7.01516
-5.4234
-10.3725
-11.402
2.89471
-4.99582
-10.4637
-7.00718
-10.0115
-9.14745
-8.47666
-7.69433
-5.87129
-11.4641
-11.0993
-1.26008
-11.8589
-3.7317
-10.2001
-10.3383
-1.27266
-13.0383
-16.9617
-6.10587
-11.7988
0.552818
-9.21107
-4.57522
-8.21764
-10.8646
-6.70128
-11.5447
-11.453
-7.00036
-5.45561
-7.97328
-5.36521
-6.04796
-5.40243
-14.1199
-4.53391
-10.416
-4.54272
-10.4102
-1.01141
-7.18942
-9.98178
-11.7764
0.961043
-12.7371
-6.57199
-3.63454
-6.48035
-14.0527
-5.96828
-11.3373
-14.0682
-11.7787
-3.3394
-14.6261
-8.14133
-11.9457
-10.5239
-7.79052
-14.9884
-8.77634
-11.1566
-2.81606
-6.60128
-8.4024
-13.9948
-3.39068
-4.08133
-6.78729
-17.7423
-8.90914
-8.1908
-1.2568
-13.8101
-6.40064
-4.60381
-6.46238
-7.49178
-11.6988
-9.2794
-8.92326
-14.5245
-8.43614
-6.66783
-10.8143
-9.33817
-1.27574
-6.8269
-6.11743
-13.2675
-8.65403
-10.5681
-10.5111
-3.52483
-5.72134
-7.63796
-15.2394
-16.5101
-3.80168
-20.0428
-10.9812
-5.44067
-11.6224
-18.5162
-7.45681
-10.599
-9.42941
-11.2248
-11.293
-13.9584
-13.0119
-14.7792
-6.91387
-13.2399
1.51557
-10.45
-6.25398
-11.6304
-8.48785
-8.09683
-13.5058
-9.10492
-7.47052
-13.5807
-6.71096
-16.9682
-9.77709
-8.87084
-11.2121
-10.5768
-8.79825
-7.83665
-8.07266
-11.875
-11.9228
-7.47239
-8.21665
-14.2999
-14.8951
-8.72875
-12.4641
-14.9686
-10.1967
-9.16483
-7.12074
-6.82399
-3.52599
-10.9669
-6.91906
-10.2207
-7.21557
1.21418
-11.9745
-6.42426
-9.86622
-5.31028
-16.618
-7.84366
-8.66251
-8.77351
-11.4443
0.722543
-14.6851
-2.65627
-5.52886
-15.8829
-6.18144
-3.03763
-7.73655
-11.4782
-7.68525
-8.88482
-3.30013
-3.23301
1.2329
-7.07494
-8.44238
-3.58644
-11.6237
-7.33474
-5.29754
-10.6301
-4.811
-2.53666
-9.45342
-4.15523
-13.54
-6.4418
-10.3906
-2.57784
-4.09161
-10.379
-9.4639
-17.363
-2.53893
-13.6583
-11.6304
-8.40326
-9.36912
-7.35558
-14.4546
-10.915
-14.0044
-11.0082
-10.1432
-7.04301
-7.82242
-3.50625
-10.4511
-12.521
-7.28728
-10.1409
-9.69348
-9.01725
-3.08138
-13.3341
-11.472
-1.66435
-14.7192
0.696501
-5.1614
-7.38702
-8.72058
-17.9908
-8.24326
-13.4448
-13.2105
-13.312
-12.5173
-6.37597
-7.33564
-6.43718
-14.0402
-16.157
-8.71894
-2.36103
-7.92548
-9.84647
-14.0026
-3.04017
-9.24965
-10.1829
-7.92687
-13.1975
-14.783
-1.6342
-10.2206
-13.631
-12.6823
-9.87902
-13.2124
-9.84626
-6.61796
-5.67317
-10.6018
-3.89076
-1.99555
-15.9106
-17.7839
-12.985
-14.3635
2.37114
-7.30338
-9.69944
-11.5804
-10.678
-10.0736
-6.96831
-9.67061
-13.9083
-9.06494
-10.3264
-16.729
-12.0747
-4.18529
-9.49538
-6.8552
-14.2961
-3.97029
-10.9976
1.35293
-9.19741
-7.30397
-8.80953
-14.1025
-4.92514
-6.67785
-15.227
-0.960221
-2.03754
-14.0847
-9.0403
-5.49561
-14.4512
-11.6786
-4.68222
-2.36863
-12.6563
-9.94703
-11.5359
-5.35138
-4.65586
-7.603
-7.22905
-10.477
-12.2095
-12.9877
-8.98748
-2.98992
-12.125
-8.23702
-13.2951
-14.8223
-10.3847
-18.7077
-9.87815
-11.7447
-4.85704
-12.1673
-8.08099
-10.4756
-9.8633
-7.34989
-1.20111
-17.5257
-6.33838
-10.8775
-8.84012
-10.5878
-6.43892
-10.1387
-12.1166
-12.6557
-8.18802
-6.11332
-10.6616
-12.4554
-11.2224
-10.1991
-7.57373
-4.41182
-10.3668
-12.0712
-12.6923
0.121095
-4.31327
-11.8208
-10.0205
-8.45979
-13.2469
-12.7349
-9.32068
-7.18394
-12.0507
-9.46776
-9.92011
-11.9305
-8.24201
-4.7756
0.175395
-4.06176
-7.33182
-9.77748
-9.89351
-16.1431
-9.22631
-14.2294
-6.09993
-10.8478
-11.5031
-12.562
-9.78363
-8.53758
-5.47406
-8.06999
-5.28466
-15.0549
-7.09449
-7.09488
-5.31056
-17.9092
-8.45208
-14.372
-9.1997
-11.2373
-7.14972
0.690333
-7.7061
-6.63937
-2.26705
-0.547979
-6.23023
-0.476579
-9.93035
-10.7486
-15.5992
-5.29582
-7.77559
-15.7059
-4.16213
-12.6939
-6.75253
-7.34231
-4.729
-10.3126
-16.7738
-12.9619
-5.48833
-10.4411
-15.0516
-11.4285
-5.9571
-11.9149
-6.23996
-6.72726
-7.64014
-6.87342
-5.12136
-5.17772
-3.96728
-5.15176
-15.6218
-6.03683
-5.07906
-15.5084
-9.50758
-8.46667
-8.92366
-13.9004
0.653602
-11.4451
-8.89716
-21.1168
-4.65134
2.65673
1.41545
-13.6989
-15.8495
-8.2045
-10.2342
-7.16076
-10.514
-5.94343
-5.07799
-4.29968
-4.99966
-12.2334
-11.5897
-11.8982
-16.416
-16.7543
-7.87956
-5.58634
-9.41911
-1.65127
-9.0497
-9.00287
-14.1244
-6.69788
-1.26876
-9.52015
-13.6717
-16.494
-11.669
-13.0913
-6.53556
-13.2425
-7.02757
-1.60285
-12.8177
-10.0576
-14.2594
-9.50918
-7.62024
-5.30624
-9.01227
-5.13429
-8.91703
-6.26926
-10.9661
-4.79104
-5.84266
-8.76633
-15.2374
-5.67616
-6.1862
-4.98614
-9.09022
-6.66087
-7.53848
0.436885
-3.74557
-8.00782
-5.85506
-3.22024
-8.85414
-6.62388
-15.3838
-1.78962
-7.27845
-8.67765
-8.71246
-5.11668
-7.79967
-10.1456
-10.032
-3.65997
-7.87419
-5.01159
0.573711
-16.5245
-8.36245
-5.51476
-8.42867
1.58704
-11.9215
-4.56666
-13.8419
-7.86301
-12.7711
-12.9059
-11.4583
-1.77809
-11.7698
-9.79315
-6.19792
-6.48562
-12.7345
0.845648
-5.76978
-15.8053
-5.94315
-9.4006
-7.36431
-16.0685
-14.427
-8.1195
1.69645
-8.65547
-4.13892
4.05684
-7.20452
-4.86733
-9.70494
-10.8563
-12.3959
-8.88496
-7.67616
-11.94
-10.521
-5.73125
-12.9048
-12.7761
-16.517
-9.39641
-8.4243
-10.6363
-15.3956
-14.2225
4.23202
-11.8637
-7.26593
-12.7689
-8.40184
-2.59284
-8.15667
-7.55982
-4.39082
-8.05503
-6.5171
-6.34766
-7.05102
-0.754851
-7.4359
-13.1342
-12.6875
-5.5499
-10.3411
-8.18758
-6.20007
-15.2394
-10.4351
-2.89238
-6.66258
-13.1545
-6.10534
-7.97525
-12.8747
-11.3524
-9.98754
-7.15116
-11.7344
-4.23754
-4.90759
-9.5208
-4.13704
-14.631
-7.28759
-12.7519
-8.6927
-5.37799
-13.5235
-7.3168
-14.1883
-14.4291
-13.9605
-6.47484
-10.3042
-6.54939
-1.89591
-14.5696
-12.6008
-5.88078
-9.7839
-6.99869
-8.80057
-7.59841
-8.70019
-8.69639
-7.73543
-5.20156
1.39121
-8.25048
-1.27402
-13.6449
-4.03122
-12.0366
-7.94046
-9.46694
-7.54006
-5.68824
-6.6259
-11.507
-12.5656
-13.6085
-11.1958
-4.95475
-8.26209
-11.488
-9.76496
-7.23367
-6.16209
-10.4694
-7.30322
-9.37342
-4.14306
-11.1293
-14.6252
-9.8195
-2.94492
-10.4033
-8.88246
-4.34188
-12.2952
-13.2675
-4.83104
-9.51063
-1.57027
-11.1961
-0.722443
-12.7833
-3.25553
-5.82482
7.28659
-12.2518
-11.0765
-7.02859
-2.22972
-7.02887
0.085452
-5.27161
-11.0583
-10.7282
-5.5978
-9.45478
-7.10882
-6.61284
-2.41856
-8.05654
-3.05275
-7.76964
-7.64098
-7.10716
-15.3839
-11.1389
-11.0769
-7.46095
-7.67177
-2.82438
-8.60284
-10.9271
-13.2886
-8.56961
-9.08623
-11.2799
-18.8
-12.4551
-6.3505
-10.0435
-7.90438
-3.77954
-14.0175
-12.1668
-9.38727
-11.8042
-11.15
-12.6049
-10.1741
-0.340634
-13.7695
-6.11911
-6.14524
-2.91452
-8.75035
-8.40743
-9.48583
-8.73318
-8.29264
-7.43206
-4.9024
-5.80805
-11.5404
-6.70616
-7.43055
-9.58849
-9.17477
-10.1637
-13.5652
-6.42113
-9.21951
-13.2486
-10.7242
-18.1776
-11.2507
-8.23302
-8.36788
-13.4678
-13.8868
-13.4225
-7.69071
-4.23183
-3.07511
-10.9373
-8.06622
-5.6552
-14.5081
-12.0474
-5.23724
-12.1722
-8.64962
-1.29549
-9.99095
-9.63357
-11.4326
-4.67918
-6.87135
-14.0044
-14.6972
-7.30988
-9.06506
-6.42539
-11.6011
-17.097
-9.02592
-6.43792
-16.9622
-12.7218
-11.4577
-8.28355
-7.54104
-3.66239
-4.57068
-5.25125
-12.2197
-9.77377
-7.32578
-10.0578
-14.8068
-10.8601
-6.95032
-14.7877
1.78194
-4.61522
-8.92537
-4.34088
-5.66652
-8.18814
-8.53908
-6.63047
-8.08593
-6.79272
-8.74911
-10.4162
-4.73987
-10.4958
-9.94411
1.47603
-6.28622
-6.96614
-2.63287
-3.75384
-9.18397
-12.8781
-13.4959
-8.53908
-4.4707
-14.6987
-8.23617
-10.4754
-15.7868
-5.87768
-14.8625
-10.4891
-9.94115
-5.43223
-3.91691
-6.2727
-9.1618
-13.4457
-5.6642
-17.1653
-16.3904
-12.4404
-5.77861
-2.66002
-5.18271
-10.0754
-6.29858
-16.022
-13.6113
-9.5986
-7.78736
-7.74952
-10.0753
-8.88812
-11.9057
-4.19368
-14.8199
-11.9934
-4.96015
-12.7777
-10.1601
-2.18264
-7.6988
-4.70619
-6.10319
-13.6542
-10.3687
-7.53909
-12.3984
-8.08113
-9.06633
-9.07948
-8.94534
-3.04463
-4.47779
-15.9355
0.546561
-3.44893
-8.5611
-6.08653
-17.8645
-12.4877
-4.69939
-15.3592
-11.392
-9.43452
-10.6927
-2.13396
-5.36511
-7.91631
-12.9401
-9.73178
-15.0981
-9.00727
-11.1599
-7.64541
-11.2919
-7.33506
-13.882
-4.01423
-8.6227
-15.0895
-4.95508
-8.60089
-5.80976
-10.7451
-4.84043
-6.76774
-3.25469
-14.0362
-7.08363
-15.2242
-9.45187
-9.30054
-6.74093
-4.97043
-10.8932
-6.37768
-9.60844
-2.7082
-10.2107
-11.0688
-6.9697
-2.42121
-9.80746
-7.77458
-5.92691
-0.275558
-9.56046
-7.95918
-8.97965
-12.0645
-7.00096
0.998723
-11.7941
-6.36155
-3.43681
-7.46405
-5.8672
-9.83146
-7.329
-6.66746
-17.1411
-7.97021
-6.50364
-6.42973
-8.48975
-11.5855
-2.7973
-17.3044
-11.5791
-11.0648
-13.8306
-9.88196
-10.1682
-16.5384
-4.6717
0.977449
-12.5853
-6.31335
-8.90952
-10.3716
-8.92222
-8.21502
-7.99702
-2.66212
-12.542
-3.69336
-12.6736
-5.24042
-4.59521
-5.20505
-6.02616
-12.5752
-9.81188
-7.16585
-8.25887
-11.1602
-8.25197
-11.7078
-14.5144
-5.54858
-8.98966
-7.79796
-11.5595
-10.1074
-11.9997
-7.98645
-5.17254
-1.25173
-16.5385
-6.76227
-7.31598
-1.55826
-12.1649
-9.54053
-7.55205
-9.50331
-11.3149
-8.29809
-8.90461
-12.1387
-7.24566
-13.128
-9.74463
-11.023
-7.97615
-1.26262
-4.35152
-9.36016
-8.10039
-11.6671
-14.3264
-8.02919
-5.55262
-6.63785
-13.146
-7.9004
-12.5281
-12.3027
-5.63105
-8.70502
-13.5803
-12.3109
-11.0624
-11.7281
-5.54478
-20.4633
-11.9329
-7.08745
-5.28215
-12.1187
-5.79908
-6.48722
-15.7629
-13.8423
-10.3247
-5.57391
-15.1884
-14.5025
-7.62807
-9.95315
-7.51948
-10.0337
-10.0135
-10.0046
-13.8051
-14.292
-3.44581
-10.5801
-10.6898
-7.81577
-10.7118
-6.98262
-12.5097
-15.752
-14.1569
-7.00276
-6.50196
-12.0855
-10.3517
-1.61399
-4.41615
-6.66292
-10.6014
-8.90511
-8.37585
-4.1726
-12.1657
-6.45897
-1.46557
-7.43773
-7.54605
-15.667
-13.769
-6.98029
-4.4844
-5.04874
0.10559
-5.06962
-12.0361
-7.65005
-2.16105
-6.35563
-12.5123
-8.96329
-4.58574
-19.2775
0.84626
-8.92631
-7.30733
-9.16556
0.405972
-10.0784
-9.56748
-9.98239
-10.048
-12.0084
-4.14847
-8.9612
-5.3198
-6.94502
-7.56271
-8.46574
-9.08965
-13.9586
-13.79
-11.1337
-0.321903
-5.7471
-9.08503
-6.40459
-4.37293
0.49067
-8.86567
-6.29679
-7.34244
-12.5949
-8.95758
-0.152412
-12.5529
-7.33913
-14.6177
-12.5147
-7.10377
-6.24911
-11.0659
-7.3867
-4.49896
-12.0695
-5.31192
-11.7814
-0.173431
-6.84335
-11.2769
-7.67406
-12.9339
-10.0228
-16.8778
-6.41946
-4.97819
-10.0672
-12.4112
-6.23469
-9.03096
-10.2091
-6.26818
-7.58515
-6.41301
-7.22657
-2.59299
-7.9428
-5.6055
-10.4394
-6.7386
-4.82883
-5.21868
-9.10215
-10.0865
-13.838
-2.81107
-10.0039
-6.1974
-12.0203
-11.7596
-4.25394
-5.34399
-5.09788
-7.37445
-4.96982
-5.49285
-5.62878
-8.72716
-9.88011
-10.5632
-11.1896
-16.0153
-4.82757
-10.0392
-14.3384
-0.580829
-13.7757
-5.94927
-12.3547
-13.0405
-11.832
-10.24
-7.22692
-2.48778
-7.29787
-6.75065
-7.32068
-5.30615
-2.62252
-3.07176
-11.6349
-18.1065
-5.59737
-7.51657
-4.7004
-14.1193
-10.361
-5.03121
-8.80495
-5.77817
-11.6348
-1.62586
-7.11748
-4.3516
4.18631
-4.152
-7.10243
-9.50367
-11.2868
-11.1859
-9.73363
-8.07256
-11.4137
-10.4755
-8.57065
-7.10638
-6.52286
-5.39387
-10.6631
2.91927
-14.7133
-9.89058
-5.86767
-13.7776
-3.65654
-9.34918
-2.29567
-7.8228
-12.2801
-12.1804
-7.35561
-11.3185
-9.11436
-1.13572
-2.23127
-9.1162
-11.3426
-14.4522
-10.5608
-13.679
-7.30018
-9.03316
-9.27871
-11.4652
-7.11738
-3.81417
-1.11878
-18.4348
-10.9603
-5.19039
-9.38651
-3.09
-7.0934
-5.70294
-10.7986
-8.33829
-3.11761
-11.1002
-13.7115
-10.4565
-12.1631
-12.9475
-0.951775
-5.25306
-10.5534
-4.22851
-16.8386
-14.1177
-4.36775
-7.81099
-0.283969
-10.9064
-5.45796
-7.61791
-11.7323
-10.311
-9.32586
-8.72969
-9.66356
-7.88475
-11.3458
-7.09806
-13.9872
-0.00660827
-7.15463
-3.84855
-1.40883
-6.68909
-4.08701
-17.9428
1.63012
-14.3806
-9.92959
-8.8889
-2.14403
-6.008
-6.55148
-9.36694
-11.4662
-7.39978
-2.7182
-10.0452
-6.42243
-8.9486
-9.98617
-5.47335
-7.80847
-2.07669
-12.4951
-10.7221
-7.13037
-9.04848
-14.1922
-0.141867
-10.1856
-9.88189
-11.8299
-13.1821
-14.3322
-3.82511
-9.07949
-8.14619
-2.85722
-15.6221
-6.19376
-13.7442
-12.594
-0.950371
-3.78595
-9.86884
-6.1873
-2.3654
-9.55604
-11.1549
-5.33062
-12.7294
-2.03206
-11.4704
-8.76927
-8.04644
-10.2443
-9.54544
2.99947
-8.42564
-6.11055
-6.00145
-14.2148
-7.21384
-13.4213
-6.67877
-2.09378
-3.66713
-5.30614
-9.01617
-5.19331
-9.54852
-17.9681
-7.45321
-5.89704
-7.06903
-10.1191
-9.72259
-11.4597
-14.3285
-3.46838
-5.90131
-4.87937
-6.16451
-11.5936
-7.72702
-5.73519
-12.8165
-9.60628
-9.77803
-17.7077
-8.74305
-14.8748
-5.42375
-6.14939
-6.02176
-7.43225
-7.9556
-6.84688
-9.67926
-8.62897
-11.7744
-11.8361
-9.84051
-0.568767
-3.92798
-13.8352
-4.5832
-3.75653
-8.88488
-7.46414
-4.79875
-5.25889
-16.2436
-7.91991
-10.8662
-13.4027
-8.33018
-3.89792
-9.25893
-8.13386
-16.4253
-18.2055
-5.49457
-9.09323
-9.20521
-3.13449
-9.17672
-17.3282
-7.0331
-9.41161
-10.6508
-8.03399
-8.40671
-8.27577
-17.7337
-10.7602
-11.8579
-12.5297
-2.28406
-1.39782
-5.90498
-9.98536
-9.9004
-11.6558
-9.55353
-6.47148
-8.22302
-7.87166
-16.2129
-2.40549
-10.4617
-9.65927
-5.87883
-9.28012
-7.06626
-13.2418
-1.96646
-8.0287
-6.36961
-6.16062
-1.95264
-11.3318
-2.18254
-5.57307
-7.78145
-7.64105
-6.78448
-5.24475
-7.90168
-14.4064
-4.83744
-1.69733
-10.5448
-11.3477
-8.23668
-2.01283
-8.60207
-2.41271
-8.86656
-6.75474
-4.53786
-11.733
-6.10191
-14.1294
-9.844
-8.78548
-6.92537
-10.2652
-4.0338
-10.2519
-3.62442
-8.48354
-11.2491
-14.3795
0.702129
-6.13322
-10.9858
-7.85857
-8.78834
-8.36626
-6.88977
-0.663056
-6.97755
-8.25153
-8.50463
-4.71499
-2.39059
-3.14903
-9.00985
-6.95146
-10.6171
0.790523
-9.63477
-9.74214
-14.6302
-14.7449
-12.6323
-15.2806
-15.3219
-4.40273
-11.6754
-4.85998
-15.0809
-15.1437
-5.54471
-16.9252
-3.35192
-3.03901
-6.42858
-8.62546
-5.08918
-3.61127
-5.7973
-14.8458
-9.59034
-13.1394
-10.1391
-11.2576
-5.91758
-5.69134
-8.30211
-12.7548
-2.97594
-13.2625
-8.2339
-9.90624
-16.2667
-10.2411
-8.24559
-4.24478
-4.41455
-1.10936
-4.60189
-15.2245
-4.25431
-12.601
-13.6106
-0.343892
1.63463
-14.5177
-4.09218
-7.87809
-8.38235
-11.7858
-11.8175
-3.91262
-14.1541
-13.7373
-6.22531
-11.8127
-13.9439
-14.9126
0.914381
-6.66458
-3.73695
-6.33208
-13.4529
-11.0528
-11.4585
-6.59058
-11.4609
-8.20703
-3.06295
-15.4448
-11.7308
-8.92863
-9.796
-4.17579
-8.96606
-12.1842
-9.99795
-9.22154
-7.08893
-4.85363
-12.5585
-2.84317
-11.7844
-10.7887
-9.87136
-8.93789
-5.14799
-11.7032
-17.9353
-19.9329
-2.29248
-16.0524
-9.74019
-9.43957
-9.57182
-8.34242
-8.01303
-11.6924
-9.9808
-9.32984
-9.56153
-11.8089
-7.1327
-11.3781
-3.48911
-10.6331
-10.5042
-13.9921
-5.7477
-13.269
-4.56663
-7.03787
-3.21393
-14.6326
-11.7147
-8.55721
-6.55915
-6.86091
-3.74888
-12.6136
-8.21094
-6.03535
-10.5538
-2.63293
-1.69027
-5.94215
-8.52774
-10.748
-10.226
-11.4997
-3.35548
-5.22203
-7.42232
-14.2664
-4.98411
-11.0484
1.32151
-4.9395
-3.24148
-13.9538
-19.6652
-14.3381
2.71764
-7.01832
-6.99155
-4.64642
-5.12731
-7.92154
-2.56133
-1.98796
-0.155599
-6.24167
-5.76402
-4.59932
-9.26959
-7.98552
-12.0497
-14.0451
-11.5385
-8.12735
-15.2513
-4.57716
-2.43441
-7.06559
-2.30964
-13.5234
-6.80299
-15.3251
-4.69426
-7.02041
-3.5612
-8.68395
-12.1759
-8.31852
-7.50513
-2.74377
-13.7362
-4.18747
-5.7265
-11.8815
-8.25864
-2.70727
-6.81277
-8.82995
-9.67853
-12.0079
-10.2727
-3.37373
-14.1129
-10.1551
-14.4625
-6.01114
-3.12883
-11.1178
-7.41121
-7.24401
-13.3701
-8.41329
-8.03472
-13.1059
-12.3544
-6.20853
-11.4211
-14.1888
-11.2553
-10.0834
-12.6088
-18.2227
-15.8748
-13.1844
-15.8538
-9.1994
-13.277
-5.32889
-12.7623
0.241071
-10.2875
-8.27056
-15.7704
-5.56809
-10.896
-12.1144
-8.5851
-5.85567
-9.10728
-11.7863
-3.56912
-13.0651
-7.67232
-7.77736
-7.78342
-5.6413
-14.5628
-6.41541
-1.8783
-8.08225
-15.0471
-5.89961
-3.42939
-12.5549
-12.4715
-8.93283
-7.34425
-14.5783
-3.80852
-2.50147
-12.5967
-8.57578
-5.93926
-5.10125
-6.43833
-3.24844
-18.1807
-11.6314
-12.2724
-3.97043
-2.11387
-7.89368
-5.41927
-12.2733
-3.36296
1.34041
-9.53378
-7.3424
-8.44724
-10.7779
-10.9065
-15.7672
-0.0106254
-16.4776
-8.83018
-10.3313
-17.5561
-3.07904
-10.4744
-8.90975
-7.47681
-8.38827
-7.96691
-5.57983
-7.07468
-3.71522
-12.2201
-15.3742
-8.7093
-8.4172
-10.5345
-8.31923
-13.6246
-4.08015
-12.0607
-9.96274
-9.4134
-9.47295
-8.04227
-5.60839
-11.1683
-8.80125
-6.02049
-10.1665
-9.48748
-5.20352
-5.98052
-10.0821
-13.8087
-12.867
-5.81115
-13.0167
-11.4801
-8.0518
-18.3935
-8.79398
-8.28394
-3.16193
-20.5873
-9.21023
-8.95432
-10.1742
-8.90583
-2.91589
-11.8644
-9.76782
-9.26553
-6.67632
-11.2479
-17.5777
-2.9049
-1.38285
-6.56666
-4.75959
-9.58455
-13.9896
-15.363
-8.5807
-0.616417
-9.36362
-15.0699
-6.35529
-14.6238
-13.1464
-9.65233
-2.19733
-11.4096
-5.07187
-9.51127
-6.59607
-12.9843
-9.33232
-9.10386
-10.5602
-17.09
-15.1302
-6.00975
-10.1633
-11.5344
-6.8512
-4.06348
-9.42322
-17.1393
-7.73777
-14.9702
-10.3578
-10.5169
-11.8385
-8.67583
-5.58458
-6.9134
-8.20931
-18.233
-11.1278
-7.81242
-10.0774
-17.885
-10.7187
-9.97414
-11.5348
-2.50842
0.954413
-5.31246
-9.49213
-5.22231
-6.2038
-6.64122
-13.4505
-5.5848
-3.49493
-11.3744
-12.8771
-9.54212
-3.7502
-7.74153
-9.39338
-6.09884
-15.1881
-11.8686
-13.2999
-10.1613
-17.8895
-6.24626
-9.15296
-14.0363
-9.24235
1.08004
-10.7236
-7.84915
0.933602
-2.69553
-7.83034
-6.93336
-7.90307
-4.77042
-5.88207
-11.4664
-10.2975
-5.92404
-3.90123
-10.1366
-11.3614
-11.5184
-13.6985
-7.82314
-12.8206
-14.3835
-7.27667
-3.9522
-7.157
-6.37696
-11.3111
-9.10086
-10.1082
-13.9048
-10.8666
-2.80817
-9.05355
-9.32588
-6.43895
-2.12065
-7.67783
-11.04
-3.70259
-8.95125
-9.34927
-10.0822
-20.6603
-10.7137
-8.69105
-8.42206
-3.4134
-7.43748
-10.8108
-9.72417
-7.66577
-5.36674
-15.6842
-9.13467
-10.6148
-11.5479
-2.93534
-7.38233
-0.566706
-5.03309
-9.14378
-8.89516
-6.21407
-8.28873
-3.70609
-13.7841
-4.89171
-1.20153
-0.270265
-7.5724
-14.0689
-8.14669
-2.59956
-8.20137
-13.8222
-0.661896
-11.055
-9.95679
-9.52553
-12.2691
-10.8011
-12.8341
-6.95324
-7.63
-6.80506
-9.34484
-17.9263
-8.93275
-13.4037
-8.66382
-15.9438
-5.95551
-10.2428
-10.4675
-17.4432
-8.21018
-9.7051
-7.17122
-7.36393
-5.08532
-13.1723
-10.7708
-7.74945
-3.31139
-9.7449
-7.5397
-14.6838
0.655074
-2.80668
-5.87834
-11.8746
1.50913
-10.3539
-3.57304
-10.1589
-8.0837
-5.00401
-2.43841
-5.82259
-8.30697
-7.87124
-3.85643
-16.6228
-5.86996
-8.69678
-0.306884
-6.52173
-7.78267
-1.43946
-13.0952
-12.9697
-8.21316
-6.45501
-8.01988
-1.43134
-6.74677
-7.22061
-12.4667
-8.89968
-5.88519
-12.2525
-8.69836
-7.38353
-10.861
-5.82838
-14.4164
-0.629502
-8.17843
-10.3802
-5.97408
-3.33096
-8.57246
-12.7184
-7.0999
-20.2107
-6.88877
-8.77448
-1.6614
-6.27727
-7.95278
-4.6989
-8.74006
-4.72245
-6.5535
-5.83662
-6.22314
-5.60705
-10.7079
-12.4276
-7.57806
-9.62311
-2.63293
-4.69629
-6.38711
-9.42772
-0.356366
-13.0279
-6.45598
-7.45224
-9.39005
-12.0882
-7.9278
-8.85425
-11.947
-8.1755
-4.57475
-14.2581
-3.59914
-13.0437
-5.78176
-11.6342
-11.8676
-3.85836
-13.1568
-8.26221
-12.6312
-12.4899
-4.04872
-8.08623
-6.29181
-6.88957
-5.77795
-6.77921
-12.1061
-13.2213
-10.3037
-17.5187
-10.9496
-6.21316
-7.7405
-12.7427
-10.6468
-12.3797
-12.5084
-4.95128
-5.8594
-17.5874
-7.0357
-2.71212
-8.40289
-4.30778
-3.71476
-11.7728
-2.75892
-7.47335
-0.261253
-5.33364
-5.46164
-14.0673
-11.1517
-9.18195
-5.25637
-11.6379
-12.6415
-10.4641
-6.31817
-2.62227
-10.7748
-6.53656
-18.0217
-10.3312
-11.5905
-17.2912
-7.00338
-12.7915
-4.98255
-4.89467
-7.31207
-9.71277
-0.0450056
-9.21294
-7.13786
-16.3336
-4.95764
-0.642307
-17.0431
-11.2574
-9.30093
-4.44166
-6.40638
-5.38247
-10.115
-5.61693
-7.20508
-2.83605
-5.86839
-6.39894
-10.1405
-9.04181
-11.9517
-14.6489
-7.64455
-2.34594
-12.0342
-14.1212
-9.24537
-7.9116
-2.87721
-13.1113
-10.2135
-7.60396
-6.66222
-15.1449
-4.4979
-8.78946
-10.6049
-12.8558
-10.487
-8.89445
-4.91424
-9.94468
-5.1527
-8.32123
-5.4589
-3.14103
-12.6783
-13.373
-17.1956
-6.46408
-4.32442
-6.04712
-4.13454
-8.64479
-3.83008
-9.19195
-14.0301
-10.6158
-12.1512
-9.26015
-12.6268
-11.5029
-3.90901
-16.7181
-4.98908
-4.14687
-6.1347
-11.2198
-8.22173
-11.8719
-6.94103
-7.63976
-5.25537
-11.2024
-8.52192
-8.74366
-12.3001
-12.9574
-13.0441
-6.81181
-11.4334
-11.6345
-14.5245
-1.96302
-10.4402
-4.92387
-9.2707
-4.7509
-12.3546
-7.59936
-0.128478
-16.0118
-7.72218
-14.8607
-10.0599
-7.31561
-11.9697
-10.574
-0.452285
-11.6117
-7.37412
-6.14309
-1.14745
-7.25866
-9.01359
-4.9324
-8.22192
-10.9015
-10.6096
-8.90078
-10.0376
-6.91625
-11.3082
-14.1449
-4.21878
-6.55745
-14.7508
-14.254
-1.90297
-1.84113
5.94728
-12.8907
-17.6349
-6.42181
-8.4277
-16.9293
0.636726
-2.71442
-0.406205
2.38907
-9.25743
-9.52026
-10.1404
-2.66927
-7.07235
-14.1399
-10.8727
-3.36396
-4.8033
-2.82716
-7.89545
-6.50559
-13.5478
-11.6675
-13.5395
-14.7797
-8.65987
-10.0652
-13.4726
-9.62169
-10.0943
-2.65852
-5.71672
-7.10489
-6.85906
-9.63125
-11.7069
-9.70586
-10.0984
-7.53232
-10.6516
-6.35631
-2.42762
-7.65218
-9.8367
-7.94724
-16.1181
-7.70122
-10.5378
-7.95145
-11.9547
-5.77276
-16.7272
-9.98656
-12.3333
-8.99312
-7.4058
-6.08882
-4.17331
-8.3749
-9.09884
-12.9417
-10.2188
-9.12993
-10.5457
-9.99341
-10.9421
-2.92884
-5.36845
-7.23201
-13.8916
-9.38142
-0.362378
3.38412
-4.26201
-8.35206
-17.0331
-14.3273
-6.645
-5.68956
-9.00601
-3.29411
-1.72282
-17.045
-10.9238
-9.07661
-4.85394
1.18631
-7.10385
-6.67661
-9.54931
-8.00427
-5.5958
-13.4132
-5.21618
-9.76304
-14.1343
-11.1933
-0.1072
-14.2146
-7.7321
-10.5414
-5.90206
-7.54671
-18.1264
-9.55461
-4.33768
-9.76464
-12.4517
-7.83037
-9.01004
-5.21906
-10.0313
-14.1031
-7.80829
-8.22086
-15.0195
-13.7631
-4.24351
-8.09293
-3.35422
-11.9815
-7.99226
-9.05158
-7.6497
-12.9492
-10.7588
-16.6728
-9.09214
-14.7253
-2.03009
-15.0092
-12.03
-14.4702
-10.9982
-8.28033
-2.70917
-3.88956
2.23037
-4.10681
-9.98135
1.87945
-8.34411
-1.31042
3.17744
-9.32091
-11.2191
-5.38479
-8.69569
-1.95972
-13.2228
-5.08062
-11.1431
-4.49134
-5.15302
-10.5279
-13.1032
-7.76003
-11.9916
-4.69415
-2.53881
-9.97598
-10.7669
-12.3514
-13.3641
-5.90245
-0.701062
-11.3654
-8.47282
-2.08954
-11.5445
-10.5473
-4.4356
-9.8989
-8.59854
-2.84089
-8.68223
0.962106
-11.0039
-9.62049
-8.91059
-14.2841
-17.6086
-7.06524
-12.8237
-13.8075
-7.41949
-14.0549
-12.5288
-13.5851
-7.96542
-15.5111
-0.790058
-10.6216
-9.06122
-10.0022
-15.559
-11.6438
-8.93101
-6.54899
-9.94632
-12.7755
-10.26
-11.871
-5.81909
-7.71312
-4.61016
-0.791015
-5.43178
-10.1847
-18.3945
-10.8854
-5.5594
-11.7429
-8.3591
-10.8546
-7.12552
0.106826
-8.90517
-8.51415
-4.95547
-13.21
-7.18643
-5.05294
-9.68044
-9.10901
-6.17926
-2.98804
-8.80133
-17.067
-7.64599
-9.68326
-2.25986
-10.0125
-8.05784
-9.53799
-4.58899
-9.00811
-9.57132
-5.30271
-13.1678
-9.05314
-6.0002
-1.15728
-9.23973
-12.9108
-10.3391
-9.44112
-8.9877
-0.717009
-1.65869
-9.27941
-3.45444
-8.73708
-3.47931
-7.44607
-14.6228
-14.7203
-7.82205
-9.79315
-4.81027
-11.2895
-4.44643
-4.95854
-6.86282
-8.83289
-9.91202
-6.50729
-5.91922
-10.7981
-4.35306
-11.1216
-7.01253
-10.695
-4.95367
-5.77418
-10.4107
-14.0348
-16.5505
-7.1053
-10.8184
-10.2982
2.55046
-8.94021
-4.47412
-7.54004
-2.77029
-10.596
-15.1097
-11.8328
-10.7645
-2.99518
-2.39195
-9.60624
-0.767764
-8.1329
-5.64713
-7.37988
-5.00714
-10.0904
-11.3355
-8.96566
-6.51232
-14.9871
2.0949
-8.14495
-13.6963
-6.21495
-14.5177
-9.40956
-1.42964
-4.85655
-4.59142
-11.5215
-4.49395
-1.03398
-4.41753
-8.43115
-10.0308
-8.88451
