0.46348968 0.54939256 4.97201529 0.83556437
0.10526530 0.69256854 -1.33185898 0.72135207
0.99641870 0.85560396 -0.74676399 0.51763102
0.49052818 0.62482537 -1.22553785 0.78076453
0.43220018 0.76369009 -1.25657019 0.64558303
0.79993809 0.79148146 -0.60297901 0.61119317
0.78025419 0.44211808 -1.19816544 0.89695686
-0.12783633 0.68634433 -1.13401818 0.72727674
0.51381888 0.79411164 -0.96868607 0.60777192
1.23938653 0.68305450 -0.34806572 0.73036740
0.95867183 0.87256600 -1.27481782 0.48849624
-0.17507625 0.88733184 -1.73698955 0.46113145
2.33034674 0.29320932 -1.41394557 0.95604827
1.04449925 0.92958475 -1.56022764 0.36860846
1.44887260 0.96675387 -0.67212836 0.25570873
1.37779097 0.73115991 -0.39238001 0.68220611
1.31502352 0.73931363 0.02648329 0.67336124
-0.97255315 0.40216233 -0.64461205 0.91556838
0.35155797 0.55700253 -1.16416777 0.83051080
1.00170012 0.78498424 -0.85686637 0.61951573
-1.72854356 0.29534585 -0.60180252 0.95539041
0.18626741 0.53490632 -0.99057279 0.84491137
0.60718567 0.77143544 -1.22133712 0.63630760
0.60988066 0.78710576 -0.89379184 0.61681806
0.70735162 0.81668947 -1.68800178 0.57707738
0.67178877 0.47345852 -1.07937305 0.88081612
1.28101558 0.73753325 -0.88797108 0.67531082
0.52788224 0.44904892 -1.14979888 0.89350717
1.58053835 0.73436074 -0.75477721 0.67875938
2.09392694 0.72256108 0.68762847 0.69130709
3.64043812 0.38811104 -0.85498033 0.92161262
1.18504585 0.91920950 -1.95611169 0.39376883
0.41751525 0.98913581 -0.77296430 0.14700456
0.09215244 0.77649831 -1.06511331 0.63011934
0.92806685 0.75911310 -1.11061855 0.65095876
0.65987383 0.91079828 -0.56775994 0.41285166
1.32797899 0.18978352 -1.47545158 0.98182596
0.13737287 0.59017666 -0.88130424 0.80727412
0.29377045 0.50019743 -1.05707177 0.86591139
1.43861524 0.76829984 0.05399674 0.64009012
1.03306910 0.87524353 0.59076731 0.48368251
0.72042027 0.51210270 -0.57729365 0.85892423
0.65721593 0.94604094 -0.53358956 0.32404712
0.33065365 0.40741158 -0.53101880 0.91324466
0.58366570 0.80130039 -0.83264116 0.59826223
0.25256418 0.88490187 -0.92443049 0.46577751
0.40845553 0.63659783 -1.14237049 0.77119596
0.03095165 0.88520900 -1.42837644 0.46519353
0.72082876 0.74470268 -0.83415145 0.66739638
1.52037018 0.56115868 -0.83169233 0.82770824
1.02834831 0.48577025 -0.50624593 0.87408653
1.26260033 0.61555839 -0.29609826 0.78809128
1.66504158 0.73039202 -0.14259453 0.68302818
1.39773730 0.59312433 -0.13406009 0.80511088
0.23925736 0.78416908 -0.92661352 0.62054722
0.30777061 0.74473930 -0.95419871 0.66735551
0.44342886 0.74603870 -0.73995174 0.66590259
0.37272993 0.67490587 -1.06803320 0.73790384
-0.16963277 0.30376175 -1.56792091 0.95274802
0.33659648 0.72988655 -0.90588287 0.68356830
-0.40598424 0.58162496 -1.18900398 0.81345707
1.66216767 0.20814778 -0.74235734 0.97809739
0.84618969 0.72095223 -0.94176133 0.69298476
1.55963525 0.46363567 -0.06962501 0.88602594
0.79201404 0.65487043 -0.41661634 0.75574117
0.02477995 0.76295556 -1.07952176 0.64645093
1.01942563 0.76788891 -0.98269759 0.64058303
0.90212207 0.27830022 -0.66459106 0.96049414
0.71559570 0.87333544 -0.25279236 0.48711929
1.44959829 0.96807589 -2.04038486 0.25065729
0.48023233 0.85091953 -1.47287891 0.52529607
-0.01190620 0.68280279 -0.43130846 0.73060273
1.15912937 0.76818002 -0.47251902 0.64023391
1.01728471 0.29815621 -1.25845493 0.95451709
-2.11873905 0.21773616 -1.14434706 0.97600767
1.00663649 0.36867804 -0.59124292 0.92955715
0.82838531 0.71220598 -0.65259473 0.70197054
0.72812373 0.77800976 -0.67588181 0.62825219
1.30065032 0.44470071 -0.59741457 0.89567923
1.12672832 0.46117406 -0.61568346 0.88730969
0.69393752 0.74844514 -0.85301565 0.66319670
0.87695096 0.78462669 -1.09356279 0.61996851
0.64329824 0.80320020 5.28217460 0.59570919
-0.11422004 0.67226993 -1.46149179 0.74030611
0.77047482 0.58980600 -0.63746787 0.80754497
0.77425897 0.44812321 -0.41807999 0.89397180
0.09833534 0.48429979 -1.29061759 0.87490212
1.58607814 0.40432175 -0.78637544 0.91461682
2.02071575 0.26874276 -1.22809323 0.96321199
1.05105298 0.83663468 -0.35334610 0.54776127
1.64077283 0.41110430 -0.22656602 0.91158832
0.69626976 0.82717267 -1.40436637 0.56194784
0.85646564 0.74621250 -1.17745906 0.66570783
1.26384080 0.59171374 -1.01156688 0.80614815
0.77067126 0.58053764 -0.78617230 0.81423341
1.54230138 0.61721234 -0.05875833 0.78679662
2.20048320 0.64404171 -1.01216193 0.76499037
0.89299212 0.50798026 -1.16511176 0.86136871
1.23739432 0.46651438 -0.66517603 0.88451361
0.86972723 0.60678088 -1.23631721 0.79486915
0.52768836 0.71348125 -0.98991409 0.70067433
0.57062599 0.43007498 -1.01160660 0.90279317
1.00175717 0.59978686 -0.85124291 0.80015981
1.27057374 0.70119525 -0.31860930 0.71296930
1.28472053 0.85217611 -0.21471700 0.52325507
1.48593225 0.78394414 -0.37562623 0.62083136
0.78260141 0.99207018 -0.85121049 0.12568516
0.94970336 0.86765975 -0.56994560 0.49715849
1.04240443 0.61979389 -0.59552948 0.78476464
1.06520454 0.65421108 -0.23625065 0.75631201
-0.18273651 0.74074528 -0.60127544 0.67178599
0.96773763 0.62504611 0.01624003 0.78058783
1.36477343 0.55978172 -0.21376691 0.82864011
0.50379486 0.94915010 -1.00829256 0.31482391
1.47459015 0.74298500 -0.29837184 0.66930807
1.48367294 0.82871393 5.63745403 0.55967243
1.31952921 0.82064270 -0.92279739 0.57144165
1.38166408 0.89299880 -0.71505948 0.45005905
1.09676332 0.78478475 -0.19917888 0.61976842
1.98782455 0.91399079 0.29254872 0.40573494
0.41444286 0.66136830 -0.88436926 0.75006132
0.72592785 0.68218057 -1.57059427 0.73118375
0.21900552 0.03356690 -0.89735739 0.99943647
0.65773853 0.85401904 -1.03170502 0.52024176
0.62038706 0.79337231 -1.15044796 0.60873671
0.25615211 0.72700353 -1.77797517 0.68663372
0.26961849 0.53778156 -1.09881477 0.84308422
1.42623403 0.65710577 -0.06692645 0.75379839
0.97569355 0.30512117 0.17417109 0.95231354
1.62400451 0.94140596 0.67007226 0.33727558
1.43181551 0.73049720 0.23347178 0.68291569
1.34994824 0.74030189 0.05452528 0.67227458
-0.04033871 0.79456685 -1.42861985 0.60717668
0.59769541 0.88361264 -1.41694807 0.46821865
-0.02150654 0.69824511 -1.15569037 0.71585877
0.21124173 0.84792720 -1.46365666 0.53011268
0.12040219 0.76629488 -1.24474209 0.64248903
0.01904971 0.91850490 -1.66603659 0.39540960
0.41832347 0.77971131 -1.36102165 0.62613919
0.76599255 0.54896950 -0.29137018 0.83584238
1.54487401 0.63785602 -0.07459650 0.77015564
1.30093747 0.69746689 -0.46369615 0.71661701
1.65356142 0.55965640 -0.44110955 0.82872475
1.15029417 0.42773525 -0.38688982 0.90390406
0.87287444 0.68513389 0.00565705 0.72841716
0.53777629 0.84305327 -0.63257345 0.53783006
0.75039479 0.77406591 -1.30730421 0.63310502
0.00929528 0.65250633 -1.63569368 0.75778327
0.08530536 0.68414673 -1.48454421 0.72934440
0.59235852 0.42614604 -0.92030853 0.90465438
0.98237633 0.66914857 -0.89056714 0.74312865
0.84994111 0.90330306 0.19004140 0.42900300
0.15755098 0.44197261 -0.68885493 0.89702854
1.81308834 0.57585003 -0.71396589 0.81755535
0.54111733 0.69402856 -0.41829778 0.71994747
1.24779081 0.85256852 -1.44263975 0.52261545
0.36554219 0.63211066 -1.55791665 0.77487813
1.53595805 0.39466664 -2.21668175 0.91882438
0.77153733 0.79400745 5.15392169 0.60790803
1.15090887 0.91304885 -0.64155401 0.40785021
0.86326343 0.43894930 -0.44503018 0.89851183
0.72864740 0.65225987 -0.00700800 0.75799543
0.24116739 0.89967180 -0.94247243 0.43656688
1.32624800 0.70431147 -0.86619579 0.70989109
1.56540417 0.75803137 -0.49412927 0.65221810
1.52205901 0.56674448 0.22191784 0.82389362
2.12029609 0.76287350 0.09101979 0.64654778
1.57739786 0.82360592 0.18097174 0.56716248
0.46096606 0.47057871 -0.74765884 0.88235802
0.69802957 0.59383493 -0.75157080 0.80458690
0.62324485 0.69020645 -0.73680362 0.72361251
0.57566161 0.62333426 -1.18393371 0.78195549
1.31061621 0.46789701 -0.86405324 0.88378300
1.07115101 0.66276728 -0.08647478 0.74882544
0.81485393 0.80939840 -0.59814629 0.58725994
0.67040416 0.88871022 -0.85217660 0.45846935
0.46280238 0.63782471 -0.67543880 0.77018156
0.77080483 0.45975186 -0.93648970 0.88804742
0.85713642 0.64232549 -1.13528344 0.76643197
0.36831348 0.71329893 -1.54123715 0.70085992
0.74509091 0.93037941 -1.32353448 0.36659807
1.03447046 0.57892073 -1.26398871 0.81538383
1.21069724 0.80195894 -0.87636570 0.59737916
0.92527192 0.38581072 -1.41106048 0.92257796
-4.98415840 0.57024642 -0.19714341 0.82147369
1.02766773 0.99715226 2.68691555 0.07541469
1.03183508 0.95757124 -4.70889251 0.28819666
1.25654461 0.85426364 -0.27827575 0.51984000
2.86987387 0.69369181 0.73534506 0.72027194
1.67243800 0.46629633 0.07061217 0.88462859
1.72784312 0.13441548 0.31737910 0.99092506
0.54593804 0.73242038 -0.54581356 0.68085269
1.00821510 0.52746089 -0.65529755 0.84957931
0.68239291 0.43144840 -0.61784396 0.90213762
1.11635480 0.83323862 -0.79288735 0.55291356
0.93872386 0.80025097 -1.29940995 0.59966523
0.89862476 0.55172617 0.09760404 0.83402532
0.65168386 0.27059466 -0.58359093 0.96269337
0.86422689 0.45838886 -0.49950438 0.88875174
-0.59581333 0.30671291 -0.02987382 0.95180207
0.94684741 0.46906541 -0.76458959 0.88316343
1.66294887 0.77288637 0.09546194 0.63454445
0.80269611 0.69161316 -0.89618304 0.72226812
0.32325232 0.68023327 -1.59505806 0.73299571
-0.10940201 0.63043617 -1.47126525 0.77624109
0.81665926 0.58756717 -0.42969775 0.80917539
1.14376690 0.33413339 -0.64071562 0.94252580
1.11820430 0.53730592 -0.31931305 0.84338743
0.98235367 0.71908850 -0.46255074 0.69491851
1.25589582 0.93226527 0.20344079 0.36177544
1.63359457 0.85798759 -0.46173325 0.51367041
1.56074827 0.79613165 -0.76357264 0.60512345
1.46629319 0.93776801 0.19658688 0.34726238
2.15195333 0.58253154 0.02836165 0.81280810
1.12510262 0.46747237 -0.71594492 0.88400768
0.95014371 0.66308514 -0.81640001 0.74854398
0.72470076 0.66201501 -0.34175828 0.74949058
0.71095517 0.68722616 -0.57724309 0.72644353
1.54535392 0.70527122 -0.53081832 0.70893759
0.79310188 0.72554718 -0.84634381 0.68817243
-0.71893155 0.30682518 0.63934518 0.95176589
1.39267753 0.71509005 0.35309680 0.69903234
1.14986746 0.74530047 -0.41703594 0.66672873
1.75779838 0.59719608 -0.12431553 0.80209529
2.49403647 0.78507529 0.17369642 0.61940034
1.85977152 0.97346963 1.25562358 0.22881624
1.21468250 0.69602408 0.57213402 0.71801844
1.22709789 0.94863760 -0.06995268 0.31636483
0.89664794 0.76758766 -0.56789368 0.64094398
1.03050941 0.90545819 -0.00514135 0.42443546
1.25785392 0.86562717 -0.56098924 0.50068912
1.30974835 0.60289841 -0.42725456 0.79781797
1.57932793 0.95659424 0.02711344 0.29142316
1.07166537 0.87006303 -1.01439241 0.49294049
2.05677918 0.66199089 0.70979253 0.74951188
2.47494920 0.56768133 -0.82363011 0.82324839
1.83553707 0.79502911 0.29495582 0.60657127
1.00023343 0.68151277 -0.08735638 0.73180622
0.57818656 0.94978670 -0.05922686 0.31289810
1.49608755 0.85897447 -1.40143839 0.51201843
0.92350045 0.68138574 -0.44813211 0.73192450
0.34367747 0.79177384 -1.12431337 0.61081437
0.62594017 0.62805942 -1.01395283 0.77816538
0.53107380 0.43228067 -0.86839628 0.90173911
1.20516953 0.83883435 0.22197251 0.54438674
1.75930643 0.96012718 -4.74834834 0.27956358
1.41147548 0.83042807 0.65776749 0.55712586
1.34108361 0.75615920 -0.16296736 0.65438770
1.88745071 0.80303508 0.15285432 0.59593176
1.58114770 0.62259975 0.22330126 0.78254045
1.84881512 0.80040543 0.38390355 0.59945905
0.94180977 0.75253368 -0.62442955 0.65855376
1.51772003 0.55246944 -0.29345051 0.83353315
1.42380113 0.57781900 -1.02785766 0.81616494
0.77359950 0.54337407 -1.13810728 0.83949069
0.77005993 0.73834276 -0.94654878 0.67442565
0.86021999 0.74288424 -1.41531670 0.66941990
1.58830952 0.23920957 -0.61478398 0.97096796
-4.42326888 0.87489100 -0.18051630 0.48431988
2.57603093 0.69606325 -0.87876335 0.71798047
2.47156136 0.97792910 0.49379406 0.20893699
0.59428300 0.44522741 -0.30520643 0.89541753
0.96110012 0.36156278 -0.13964946 0.93234776
1.67430208 0.69563087 -0.21799174 0.71839940
2.08125643 0.82712547 -0.00935689 0.56201731
0.70975868 0.72246686 -0.31435745 0.69140555
0.70518475 0.82877955 -0.98771573 0.55957525
0.76096517 0.64874995 0.39893386 0.76100164
1.25769196 0.92030760 0.02410981 0.39119551
1.33868961 0.97345942 0.15498798 0.22885969
1.48004995 0.80942929 -0.26910125 0.58721736
1.51203203 0.75297123 0.34960153 0.65805344
0.80351711 0.55800117 -0.36946636 0.82984016
1.69051968 0.53552891 0.13452468 0.84451690
1.68531436 0.68674759 -0.14065147 0.72689597
1.45310517 0.89399009 -0.07178954 0.44808672
1.05426641 0.49930172 -0.44792354 0.86642818
-0.51423336 0.31084184 -1.39438970 0.95046165
0.39135912 0.70031506 -1.24837505 0.71383389
0.44479215 0.60615343 -1.14991569 0.79534774
0.97598945 0.46328166 -1.26722008 0.88621109
1.16989898 0.61784167 -1.48269151 0.78630253
1.17724330 0.68181377 -0.34044559 0.73152579
1.13671627 0.69350598 -0.76483874 0.72045087
2.45594856 0.68109224 -0.00091815 0.73219762
0.52277325 0.69262938 -0.61598503 0.72129366
1.10471799 0.74713336 -0.61870957 0.66467416
1.69455682 0.61495789 0.08737295 0.78855995
1.63243189 0.62091382 0.20497246 0.78387884
1.63905837 0.80287190 -0.21559844 0.59615159
0.18593714 0.48653234 -0.94070357 0.87366257
0.69252189 0.59335824 -0.75426375 0.80493851
0.90471045 0.72925678 0.00711380 0.68424012
1.28019888 0.50942292 -0.14375780 0.86051629
1.85041967 0.43656550 -0.04504227 0.89967247
1.99638077 0.67427075 -0.25287789 0.73848423
1.70518625 0.59797337 0.01367108 0.80151597
1.57895406 0.87474992 0.68921588 0.48457463
1.66542480 0.87786526 1.02880756 0.47890770
1.49810098 0.85526625 -0.95915031 0.51818881
1.06619218 0.71811136 -0.99494720 0.69592821
0.46078633 0.44736605 -0.88115839 0.89435095
-0.72729621 0.09010596 -1.05941196 0.99593218
-5.25140981 0.04372587 -1.24032526 0.99904357
0.14013653 0.69960672 -1.53113297 0.71452813
1.10678632 0.81863502 -0.53027362 0.57431411
0.26686407 0.88948265 -0.56193896 0.45696894
1.42589072 0.61517345 -0.03505155 0.78839180
0.18843533 0.67036697 -0.67109679 0.74202973
0.06515800 0.64122636 -0.92511588 0.76735178
0.57926251 0.55201973 -1.13192457 0.83383105
1.83987063 0.54106078 -0.08495020 0.84098349
1.75591658 0.63132309 -0.11543611 0.77551992
2.30807170 0.62962009 -2.43565330 0.77690318
1.06937840 0.55037060 -1.16793583 0.83492048
1.41568658 0.79946297 -0.40068733 0.60071537
1.46789144 0.60078427 0.22998487 0.79941120
2.14727088 0.83099484 0.41475197 0.55628012
2.61959009 0.79630652 0.56096327 0.60489332
1.23281826 0.56003220 0.20428429 0.82847084
1.22894080 0.82676536 0.56194273 0.56254692
1.97863699 0.78014540 0.33226614 0.62559824
1.49273171 0.90222486 0.53884576 0.43126592
1.23885547 0.85537542 -0.27646853 0.51800859
1.41705652 0.59980310 -0.65116481 0.80014764
1.45979262 0.53964104 -0.03226614 0.84189521
1.25837608 0.64791726 -0.61928741 0.76171072
0.93601312 0.60746168 -0.37499966 0.79434898
0.39649754 0.51084121 -0.63949683 0.85967509
0.94457340 0.45708803 -0.75949853 0.88942146
0.40488306 0.83205267 -0.35592500 0.55469664
1.25787671 0.56701764 -0.91585890 0.82370565
0.39278311 0.53922549 -0.56607765 0.84216143
0.66564453 0.63786789 -0.69849506 0.77014580
0.29974548 0.73276361 -1.29747321 0.68048328
1.21196151 0.57854672 -0.55531471 0.81564925
0.79491605 0.59056821 -0.40919174 0.80698773
2.87779951 0.66303377 -1.28646385 0.74858948
1.58765395 0.70560483 -0.13896232 0.70860555
0.84112754 0.44170452 -0.45509168 0.89716058
-4.65497507 0.73273376 -0.31084877 0.68051542
5.52397506 0.40300393 0.05647205 0.91519825
3.85659581 0.25181579 0.52234608 0.96777519
2.05897505 0.54793499 0.07099651 0.83652092
1.71363558 0.57032379 -0.17882988 0.82141998
1.96900533 0.64576232 0.32766255 0.76353849
1.51176906 0.90383787 0.03186135 0.42787510
2.11377406 0.70478673 1.14421350 0.70941924
2.12962881 0.91365282 -0.02284354 0.40649541
1.63179479 0.62804484 -0.64651705 0.77817715
1.14684115 0.59250082 -0.38166425 0.80556985
0.53856295 0.73534239 -0.60403639 0.67769578
0.36089565 0.83816513 -1.42091979 0.54541655
0.36055196 0.90620417 -1.33776628 0.42284040
0.79183549 0.84699986 -0.68138277 0.53159312
1.00019908 0.76953207 -0.65608911 0.63860817
0.90047702 0.84678559 -0.10496425 0.53193437
1.04310356 0.74190729 -0.75041044 0.67050247
1.21674831 0.51282412 -2.02533105 0.85849369
0.44581593 0.63661372 -1.05548355 0.77118284
0.61831611 0.67900720 -1.05650785 0.73413161
5.91773764 0.56158898 -1.31599963 0.82741635
1.66045882 0.68685986 0.42137894 0.72678988
0.94112681 0.73463396 -0.49394989 0.67846367
1.07747156 0.74267836 -0.03389914 0.66964830
1.32083471 0.71093482 0.02374545 0.70325791
1.49040437 0.86915735 -0.95654143 0.49453564
2.34653104 0.59735579 0.82082087 0.80197634
2.82108587 0.58283850 0.16065954 0.81258802
-3.61895798 0.68082537 0.60179970 0.73244577
2.70316804 0.78570172 0.79016101 0.61860554
2.25989272 0.64458975 1.33163616 0.76452865
1.50922623 0.94416156 0.12973182 0.32948285
1.35525996 0.85162728 -1.04994695 0.52414786
1.52958569 0.44002333 -0.60443820 0.89798634
0.76505048 0.83892808 -0.77877508 0.54424229
0.83575278 0.52458178 -0.77379844 0.85136007
-5.32208219 0.38652965 -0.59522436 0.92227698
1.09693864 0.71254425 0.09467548 0.70162718
1.15338554 0.75615348 -0.76224738 0.65439431
1.09702683 0.97691264 -0.43226076 0.21363916
0.45981813 0.55317755 -1.20120823 0.83306338
0.60333469 0.18070881 -1.63918861 0.98353664
0.13819186 0.51022893 -0.94731499 0.86003863
2.15368781 0.21457776 -0.67016913 0.97670691
1.64215095 0.57368229 -0.57289627 0.81907792
1.51626089 0.73838050 -0.43346281 0.67438434
1.45076119 0.68668579 -0.76535526 0.72695434
0.85641760 0.98121021 -0.62462360 0.19294177
1.40471755 0.50123003 -0.04185743 0.86531408
-4.52353916 0.82919043 0.30497823 0.55896622
2.20974835 0.93522918 0.60493383 0.35404292
3.05604904 0.54120379 0.57416745 0.84089147
-3.08268437 0.70978398 0.89764765 0.70441941
2.18322946 0.75272901 -0.01235040 0.65833049
-4.75200601 0.79617660 0.56677624 0.60506431
2.02934259 0.77491451 0.53540595 0.63206606
2.01794419 0.89700109 0.05152655 0.44202833
1.79805024 0.83067949 0.54601821 0.55675092
1.44965634 0.65593515 0.41186184 0.75481725
1.52301921 0.73408884 0.12503747 0.67905344
-3.96176089 0.73328922 0.07677514 0.67991684
1.36387332 0.84799075 -0.36464112 0.53001103
1.05377519 0.66444944 -0.75079445 0.74733322
0.72680662 0.85146105 -0.72268991 0.52441784
0.62035891 0.82843192 -1.18231127 0.56008978
0.21223087 0.74683879 -1.68632256 0.66500513
-0.29775534 0.82012577 -0.53188997 0.57218329
0.57265624 0.68848378 -0.69703565 0.72525174
0.72362297 0.62614805 -0.95929527 0.77970419
0.82478959 0.13210053 -0.40264021 0.99123632
0.87897709 0.69898959 -0.82723287 0.71513184
1.65685759 0.79617557 -0.84305792 0.60506567
-5.13268246 0.92846724 -0.64646454 0.37141431
1.51226428 0.92582627 -0.37685174 0.37794936
2.03265489 0.82566652 1.10555483 0.56415849
2.22783109 0.83389469 0.49154772 0.55192359
2.71479389 0.84715875 1.29034420 0.53133986
2.63873080 0.77556458 0.71312828 0.63126823
2.13876855 0.78574861 0.27799079 0.61854597
1.55139213 0.58391667 0.06897769 0.81181360
1.69909070 0.51174281 0.35156933 0.85913870
1.60618131 0.62774497 0.33111602 0.77841907
1.70810763 0.86739422 0.85814571 0.49762160
1.59868211 0.77235627 0.01389000 0.63518957
1.86672111 0.76860518 -0.18647095 0.63972344
1.09993219 0.64174623 -0.64677255 0.76691706
0.78489902 0.60026089 -1.21335740 0.79980427
0.93884850 0.78431080 0.06855443 0.62036809
0.44287444 0.64020437 -1.27028349 0.76820463
0.24108090 0.87904149 -1.14890405 0.47674528
-0.36555844 0.82987349 -1.63988047 0.55795160
1.24960117 0.88929470 -0.05554779 0.45733461
1.50160999 0.62031324 -0.51504358 0.78435418
1.33021712 0.31993216 -0.68854705 0.94744045
1.57432739 0.83277816 -0.03204309 0.55360684
0.82924890 0.33184290 -0.42520593 0.94333466
1.65307552 0.61198736 -0.76235486 0.79086754
2.11648396 0.80172371 -0.00381979 0.59769481
-4.16153407 0.76490018 0.52388273 0.64414883
1.96333762 0.63758958 0.46829004 0.77037622
2.08464796 0.63883667 0.19238304 0.76934239
1.71869455 0.52368249 0.79873799 0.85191352
2.18410016 0.76395859 0.13900042 0.64526527
2.09164068 0.97012318 -0.69843843 0.24261288
1.42573989 0.70190908 -0.09536898 0.71226655
1.56153189 0.88858839 0.05802047 0.45870543
1.36064009 0.92270167 -0.10645767 0.38551475
1.49186467 0.64626582 0.48894824 0.76311237
1.74914200 0.51134863 -0.23472454 0.85937337
1.02572753 0.70388628 -0.91809697 0.71031268
1.09648640 0.82466497 -0.70900036 0.56562150
0.34666275 0.51215659 -0.86047450 0.85889209
-0.16192674 0.76182755 -0.84069824 0.64777989
-0.49096073 0.54595389 -1.81244012 0.83781522
0.14505079 0.67545614 -1.46270471 0.73740017
0.43297971 0.89489296 -1.02266856 0.44628083
1.02273514 0.83310418 -0.57541271 0.55311611
1.50608045 0.54874658 -1.16421513 0.83598875
1.80743534 0.67215349 -0.81452633 0.74041184
-4.51179859 0.64242993 -0.28086390 0.76634443
1.76572094 0.79466426 -0.11288226 0.60704919
1.33553453 0.66290417 -0.69230913 0.74870425
1.66646843 0.62580544 0.53250418 0.77997920
2.17168161 0.78214314 0.46819365 0.62309879
1.52231161 0.77125932 0.18441142 0.63652106
1.44464529 0.73675330 -0.20782323 0.67616165
1.88213463 0.85834702 0.15764577 0.51306957
1.49934633 0.82918225 -0.01892688 0.55897834
1.21748828 0.69958156 -0.27878257 0.71455276
1.29865518 0.85997531 -0.92577886 0.51033563
1.09262845 0.75533812 -0.44378106 0.65533527
1.39008287 0.53086817 -0.03025973 0.84745442
1.36285031 0.72214095 0.15869761 0.69174594
0.91039586 0.86987751 -0.84404169 0.49326779
0.86524914 0.86341767 -1.46591536 0.50448977
0.09329411 0.48810546 -1.11556168 0.87278466
0.11098562 0.65835096 -1.32317252 0.75271111
-0.29241733 0.29617759 -1.66143196 0.95513289
0.61949930 0.78957529 -1.02240584 0.61365370
0.70209323 0.98874471 -2.19620191 0.14961248
1.00578782 0.72209126 -0.44538163 0.69179781
0.81526546 0.81739983 -0.92117469 0.57607076
-2.12368867 0.31437822 -0.94969182 0.94929781
2.31594489 0.33322054 -0.41247110 0.94284891
0.21007661 0.77702120 -0.44037715 0.62947443
1.27880485 0.72831246 -0.31651972 0.68524519
0.94741370 0.65952253 0.32118183 0.75168479
2.35531309 0.32406681 -0.12617618 0.94603420
1.51503400 0.74647635 -0.55839091 0.66541195
1.26390131 0.92647678 -0.79595855 0.37635193
1.94848122 0.56531968 0.10046271 0.82487190
1.77605296 0.92730268 0.15059958 0.37431236
2.25360022 0.26237671 -0.26301745 0.96496552
1.24127163 0.46525766 -0.51255451 0.88517530
0.94714523 0.61635474 0.18689399 0.78746862
0.54694622 0.87674236 -0.35253097 0.48096032
1.14548802 0.69199031 -0.52286778 0.72190678
1.23185303 0.92943624 -2.13909785 0.36898277
1.15978249 0.88321285 -1.63647733 0.46897235
-0.21244112 0.86012025 -1.95737662 0.51009132
0.22668340 0.57912510 -1.21261824 0.81523869
-0.24700858 0.59620730 -1.32508576 0.80283053
0.23397086 0.72055770 -1.71169913 0.69339499
-0.29143997 0.85137327 -2.07152315 0.52456034
0.66449432 0.79617059 -1.05133462 0.60507221
0.30944269 0.80172467 -0.66023311 0.59769352
0.32024537 0.23217541 -0.54175792 0.97267393
0.43636242 0.39279925 -0.58521408 0.91962424
0.92721144 0.87917740 -0.21366285 0.47649460
1.16018126 0.56683718 -0.22020452 0.82382984
1.64631939 0.71365108 -0.47341832 0.70050134
0.61656753 0.65064501 -0.72524497 0.75938203
1.86645404 0.83526947 -0.40467728 0.54984081
0.87431621 0.75645028 -1.17462832 0.65405121
1.43737589 0.60505390 -0.51079912 0.79618451
1.92739993 0.49804940 0.46829490 0.86714866
2.53494604 0.83576940 0.13075835 0.54908060
3.09251598 0.36378198 0.67173519 0.93148412
0.08714320 0.70405532 1.02067959 0.71014513
0.69112678 0.66494528 -0.35093419 0.74689208
1.40158369 0.69569603 -0.84694824 0.71833630
0.90258782 0.82758281 -1.20093300 0.56134364
0.64283972 0.15157421 -0.95355704 0.98844588
0.79783946 0.67874825 -0.73722888 0.73437104
0.42614543 0.81063188 -1.48519208 0.58555611
0.50614437 0.79355066 -0.90294543 0.60850420
-0.08006414 0.82857200 -1.41435584 0.55988253
0.03413020 0.77088198 -2.09693720 0.63697800
0.15083885 0.72424085 -1.24219190 0.68954709
1.10894366 0.82889885 -0.14676158 0.55939852
0.68996039 0.88595462 -0.41453718 0.46377194
-0.54969865 0.35929842 -0.51569341 0.93322272
1.29273693 0.70976097 -0.24602801 0.70444259
0.96940954 0.54353332 -0.13225538 0.83938759
0.79043101 0.75257764 -0.64122449 0.65850352
1.46564636 0.70752780 -0.11216451 0.70668551
0.38341335 0.85358420 -0.98817350 0.52095490
0.89916825 0.64331095 -1.10947957 0.76560501
1.08022611 0.71172311 -1.13334771 0.70246012
1.53507563 0.63382067 0.00019301 0.77348003
0.59516718 0.23185718 0.13217646 0.97274984
2.05270503 0.58554331 -0.01361453 0.81064112
1.11343902 0.87952481 2.85648104 0.47585304
1.23740604 0.88192712 0.02164487 0.47138578
0.92847194 0.83303585 -0.63344991 0.55321901
1.53623620 0.57864560 -0.61263121 0.81557910
1.10257273 0.79963177 -1.14806222 0.60049066
0.56230779 0.64680339 -1.26353318 0.76265678
1.04938243 0.76767851 -0.82681933 0.64083516
0.18066551 0.64293821 -1.57964319 0.76591805
0.65849939 0.51421787 -0.84574220 0.85765959
-0.41516271 0.66444079 -1.56846275 0.74734091
0.00058010 0.67131074 -2.32987128 0.74117602
1.62040962 0.45127942 -2.34983479 0.89238270
0.66279412 0.60711335 -1.22003457 0.79461524
0.85553810 0.75137570 -1.24380825 0.65987466
1.30325032 0.96393867 -0.00940726 0.26612450
-0.00443414 0.87516342 -1.38624092 0.48382743
0.13763146 0.61992867 -1.20545221 0.78465817
0.60056803 0.83307341 -1.16965897 0.55316244
0.48694293 0.96947417 5.73305787 0.24519345
1.11345751 0.64697796 -0.93288607 0.76250870
0.04409797 0.60878171 -0.87124697 0.79333778
1.31481847 0.12632235 -0.19339960 0.99198925
1.62102456 0.63185415 -0.46686663 0.77508731
1.56168369 0.87536605 -0.28738441 0.48346073
1.19540072 0.82669123 -0.27848071 0.56265585
1.43876768 0.91320888 -1.81481425 0.40749176
0.49309497 0.76376399 -0.89588571 0.64549560
0.51808181 0.61177502 -1.62211069 0.79103181
1.80616504 0.53464619 -1.35862163 0.84507600
0.32012476 0.77087073 -0.87628243 0.63699161
0.69183764 0.85864465 -1.33487042 0.51257132
0.26266031 0.92305862 -1.72712754 0.38465931
-0.12679765 0.80181159 5.08632207 0.59757692
