0.03410531 0.17788972 -0.74255220 0.98405043
1.01633775 0.35801456 -1.69022982 0.93371600
-1.08601280 0.75667225 4.13814361 0.65379439
-0.90896484 0.78202229 -0.93912618 0.62325046
-0.42107393 0.86824389 4.17987933 0.49613763
-0.78754581 0.59714358 -2.25525114 0.80213437
-3.91238363 0.64812360 -1.38034748 0.76153516
-4.21202295 0.24977895 -1.80486715 0.96830288
2.19628001 0.41780704 3.20239315 0.90853579
2.27627172 0.39249490 2.57864299 0.91975418
0.80266253 0.62941932 2.84968252 0.77706584
0.60902334 0.88191335 2.63716651 0.47141154
0.32181544 0.97515549 4.12629517 0.22152150
1.26682258 0.32244570 1.90210630 0.94658796
-5.93988058 0.72819068 2.21502443 0.68537460
0.43906177 0.89818570 1.51241815 0.43961624
1.24829048 0.65859578 0.71447944 0.75249691
-0.48130422 0.88557702 2.01345463 0.46449256
-0.19612869 0.82105940 6.01435759 0.57084277
-0.19239565 0.71080242 -4.44273194 0.70339173
-0.77133001 0.89248160 0.80518325 0.45108380
-0.97219515 0.67336796 -0.42196795 0.73930751
0.14645863 0.66491320 -0.93725609 0.74692064
0.43332672 0.53294638 -1.30909617 0.84614902
-0.46841341 0.54168152 -0.25020217 0.84058381
-2.20690287 0.62414910 -0.88963586 0.78130526
-1.17911598 0.72366316 0.16556890 0.69015333
6.08113169 0.61947781 1.30293299 0.78501417
-1.81477938 0.84349678 -1.34548962 0.53713423
0.05723801 0.71691881 -1.70292366 0.69715667
1.89118476 0.84395937 -2.00684491 0.53640711
1.26501187 0.81117003 -2.48834476 0.58481038
0.37054512 0.75750924 2.64744194 0.65282444
0.94104764 0.92086632 -1.78324587 0.38987847
0.77512509 0.80138543 -3.41177755 0.59814831
2.69558295 0.22971442 2.74673225 0.97325808
0.18261426 0.39209849 -2.43788145 0.91992324
-0.60347699 0.58945001 2.28354433 0.80780486
-0.11227433 0.70122305 1.61608371 0.71294196
-0.67387907 0.67772173 0.87826565 0.73531847
0.39171218 0.78234605 -5.86429891 0.62284401
0.23216425 0.78541497 1.57679892 0.61896957
0.48045218 0.82242029 1.61637906 0.56888036
0.82924361 0.62426714 -4.08344249 0.78121094
-1.07803920 0.72592524 0.39578649 0.68777361
-0.40615096 0.54534323 0.98197640 0.83821284
0.72334224 0.20574704 0.24299072 0.97860521
0.73436369 0.43421881 0.15636707 0.90080743
1.07939156 0.77609775 -0.22105327 0.63061263
-3.50884590 0.37656885 -0.11926263 0.92638864
0.82879374 0.23031958 -0.26073745 0.97311504
-3.51078934 0.45119408 0.38525210 0.89242585
1.59266731 0.50784187 -1.11669245 0.86145031
-0.21712274 0.82201642 5.12370644 0.56946379
0.03025162 0.72503727 4.07199271 0.68870963
0.61781176 0.78001293 -3.01917669 0.62576339
0.54551604 0.82984864 -3.99309439 0.55798856
0.14438627 0.78581279 -4.69160327 0.61846444
-0.54974151 0.92131234 2.44591428 0.38882332
-0.70448632 0.83842218 2.72572489 0.54502133
0.17831672 0.82387389 3.95773567 0.56677316
-0.41400983 0.76393629 1.25789234 0.64529167
5.78058473 0.48940204 1.81377246 0.87205828
-0.11551305 0.66923432 2.43896477 0.74305143
1.34565842 0.59980474 1.63694385 0.80014641
-0.23669195 0.85548616 1.78472486 0.51782567
0.41997653 0.71131952 2.60750120 0.70286880
-0.25934632 0.95072857 1.52212188 0.31002449
1.10310000 0.48262561 0.94969467 0.87582676
-3.09247181 0.69671654 1.14151962 0.71734655
-0.15113961 0.54347201 0.52720134 0.83942729
0.33079883 0.40380049 -0.10546852 0.91484707
0.16107570 0.71278628 -1.04284757 0.70138129
-0.62378691 0.61049838 0.20601579 0.79201751
0.09164566 0.59894749 -0.06223524 0.80078830
0.73020673 0.24945950 -1.00885980 0.96838523
0.38029408 0.47741648 4.75950123 0.87867713
-0.69203630 0.62010985 -0.91893653 0.78451500
-0.09222076 0.96015466 -1.88688809 0.27946920
0.63592526 0.92897031 -2.05000362 0.37015424
1.18495414 0.62392859 2.46309393 0.78148136
-0.70198818 0.92469324 3.69701560 0.38071303
0.12272681 0.78857810 -4.33590905 0.61493462
-0.79927469 0.67484998 0.71969847 0.73795495
0.83588722 0.57655155 0.27480332 0.81706077
-0.73699978 0.75941014 1.14606084 0.65061220
-4.08136147 0.43390785 2.42243502 0.90095726
-1.70115562 0.42905301 2.03196579 0.90327931
4.65615510 0.52626989 -4.00706816 0.85031759
-1.06614273 0.10253675 -3.75546311 0.99472922
0.96960056 0.82434655 1.85240198 0.56608547
-0.64533527 0.66591897 2.31112407 0.74602407
-0.04832317 0.60511552 1.47158542 0.79613768
2.62640915 0.46996158 0.98292679 0.88268687
-0.26734603 0.55688890 1.51242581 0.83058699
-0.00330112 0.31419567 0.06556052 0.94935825
4.92428314 0.90688118 0.91190970 0.42138644
-1.48484614 0.44308203 0.11777089 0.89648108
-0.05056061 0.86327202 0.01033818 0.50473896
-0.33691179 0.83186900 0.18024283 0.55497205
-0.21421469 0.97135173 -2.22747633 0.23764640
0.42683006 0.70138986 -0.90237604 0.71277785
0.55264016 0.99796787 -1.38678184 0.06371915
0.85751336 0.82491591 -0.80574973 0.56525546
-5.16814764 0.87370852 1.42879229 0.48644981
0.35967508 0.94153015 1.57689844 0.33692874
0.25667914 0.81308576 0.70550322 0.58214392
0.26170772 0.33707667 -5.75517241 0.94147720
0.15907243 0.72177149 -5.71103024 0.69213143
-0.45208115 0.56863163 0.94989756 0.82259229
0.22087701 0.68040286 -4.48879495 0.73283828
5.47872515 0.56046598 2.08412081 0.82817745
5.64157858 0.10397233 2.91441170 0.99458019
-3.87115864 0.35250234 2.16766989 0.93581093
-2.38471303 0.19037376 -4.71115104 0.98171169
6.09204433 0.37244492 2.20455992 0.92805430
0.10096271 0.70544766 -4.22246855 0.70876202
1.42594061 0.87224606 1.54987644 0.48906729
0.73148854 0.92626135 -3.77354228 0.37688184
-1.21817091 0.80244839 -0.31591467 0.59672153
-1.62938545 0.24339799 -5.39928096 0.96992650
-0.60191565 0.78863005 0.89162982 0.61486799
-0.21469030 0.85288573 0.93211296 0.52209763
0.09652472 0.27716853 0.70408303 0.96082132
0.80883296 0.99526157 0.00657845 0.09723374
0.58152280 0.48177997 0.14868802 0.87629223
0.75573052 0.81509607 -5.44108125 0.57932581
1.95192684 0.90811103 1.16970005 0.41872946
2.30496306 0.59423547 1.66700156 0.80429112
3.54748985 0.64523655 -5.08213182 0.76398285
1.46066600 0.74263653 1.03638186 0.66969469
-2.22526561 0.13975141 1.47609102 0.99018662
-0.94040426 0.80763429 0.72190819 0.58968369
-0.37825741 0.67372003 0.99128852 0.73898668
-0.46294414 0.73183580 1.48362694 0.68148101
5.97644498 0.68823850 2.11884037 0.72548451
5.34689853 0.70807249 -4.83615825 0.70613975
-1.20227531 0.39089527 -3.77047307 0.92043516
-1.76281977 0.78866092 2.35985873 0.61482840
-0.56957542 0.80384395 1.66892238 0.59484024
1.10207790 0.79499420 2.19797645 0.60661703
-0.21392409 0.79505922 1.06665370 0.60653181
-0.84483054 0.42105361 -0.11555206 0.90703576
-0.08419219 0.50472519 -0.09913196 0.86328007
0.09519351 0.55319686 0.38601774 0.83305056
0.28262107 0.59762184 0.18854101 0.80177811
-0.12105659 0.88306021 -4.43049072 0.46925971
1.16833738 0.63124359 1.06387420 0.77558463
1.46900883 0.87741162 0.66092651 0.47973832
0.69185239 0.78887846 1.02625015 0.61454924
0.60023355 0.44046528 1.05068282 0.89776964
2.35535385 0.66051509 1.24011691 0.75081277
1.65329453 0.77975077 0.85947660 0.62609004
-2.66035540 0.79724270 1.31944690 0.60365891
-1.92326492 0.41999139 1.71128888 0.90752809
-6.01079335 0.09061559 2.27497777 0.99588595
-0.39218629 0.92266738 -4.86732308 0.38559681
-1.15686050 0.25328643 0.19199807 0.96739133
-0.62065092 0.75350787 -5.67589488 0.65743889
5.56889166 0.91331817 -4.08673733 0.40724675
4.29859257 0.71546886 1.77029985 0.69864462
-2.13292687 0.73409094 2.60307107 0.67905117
-1.76102022 0.99370227 2.87865957 0.11205269
-1.30611649 0.98681512 0.12158532 0.16185153
4.95416222 0.75831614 0.98076282 0.65188697
-1.05707402 0.68745779 0.87981510 0.72622434
-0.32896033 0.75587757 1.30118611 0.65471299
-0.94175187 0.50589621 0.73180541 0.86259436
-3.55438310 0.48389963 1.09924425 0.87512350
0.40563437 0.72477324 1.97131183 0.68898748
0.57125378 0.59649666 -3.91162975 0.80261556
0.82281800 0.67736417 -4.82997693 0.73564786
-5.17252231 0.38649211 -4.60490401 0.92229271
0.98539893 0.17136346 0.95665599 0.98520788
1.30022810 0.49562961 1.38012636 0.86853399
2.38862911 0.30776292 2.13702808 0.95146308
2.98025255 0.52774718 -4.75558342 0.84940151
-3.62221413 0.11323617 0.05073075 0.99356810
-1.26930800 0.80481068 -0.30965505 0.59353161
0.00633947 0.84190397 2.26837233 0.53962738
-0.38330147 0.83297435 1.02633711 0.55331160
-0.48095165 0.80550272 1.77741859 0.59259208
-0.21647019 0.43685256 0.47538941 0.89953313
-2.12684449 0.88839277 0.98413507 0.45908418
-1.70351926 0.97811413 0.11318749 0.20806909
-1.36744219 0.85280976 -1.81459190 0.52222171
-1.48713837 0.85023051 0.37812285 0.52641056
-1.43075807 0.98357182 -0.88185475 0.18051727
4.76541713 0.76406225 0.00784471 0.64514252
-1.07518030 0.51812264 0.33615435 0.85530634
-0.10091322 0.32305399 0.77249259 0.94638054
1.13692069 0.44104731 0.00607554 0.89748386
-1.38817929 0.37031430 2.22873150 0.92890652
0.61075997 0.14111278 -3.99233623 0.98999353
0.56273993 0.64636936 1.51371168 0.76302467
-0.64502637 0.50808549 -5.37289573 0.86130664
-2.90411271 0.49831279 -4.23385367 0.86699733
2.42859032 0.89712892 3.98946865 0.44176884
2.16300300 0.46180481 -2.50096897 0.88698158
4.51376685 0.09080575 3.16106188 0.99586862
2.73037973 0.78487448 1.26746790 0.61965478
-2.71719019 0.35575298 -1.04865137 0.93458002
-0.31241961 0.66219213 -1.17987547 0.74933410
-0.19346052 0.96370826 -2.06331179 0.26695767
-0.76240499 0.97890476 0.38109848 0.20431709
0.25085229 0.61304167 0.98984195 0.79005057
0.42017286 0.72440592 0.51160501 0.68937368
-3.57943433 0.76346612 -0.20095112 0.64584788
-2.48317013 0.71839723 -0.10495943 0.69563311
4.43441199 0.94270897 -0.29992502 0.33361625
-1.61313505 0.99773753 1.39312116 0.06722960
-1.96226711 0.90465098 2.28024416 0.42615326
3.21346505 0.27818875 1.68957372 0.96052643
-0.57038025 0.69857598 1.69726241 0.71553589
-0.63907081 0.63002008 1.40240990 0.77657885
0.41530308 0.82354530 1.76514530 0.56725051
0.09150987 0.61435791 -4.91162179 0.78902748
0.13746341 0.74378502 -4.60171675 0.66841892
0.00837597 0.98958628 -4.54876721 0.14394095
-1.58060500 0.13083998 1.75581549 0.99140350
-2.18160959 0.24094681 2.41016852 0.97053832
3.71653656 0.60578656 4.13833865 0.79562720
2.10441794 0.41742213 4.34449621 0.90871270
2.20309768 0.30049818 3.59274776 0.95378239
3.90579650 0.43723209 -1.96050306 0.89934871
3.00524538 0.80320478 -1.46255139 0.59570301
-1.11817179 0.73792982 -1.96010862 0.67487746
-0.15518309 0.65701756 -0.69457089 0.75387527
0.20388860 0.94860073 -0.08170837 0.31647536
-0.03025906 0.77680582 -5.75940379 0.62974020
0.05189829 0.96944142 2.75188623 0.24532291
-0.83295124 0.84523456 -1.02738778 0.53439548
-1.50321970 0.67069585 0.26931966 0.74173248
-1.99756052 0.80750871 -0.33649947 0.58985565
4.83995518 0.79858947 -0.50620526 0.60187612
-0.43980436 0.17684375 1.09287141 0.98423894
0.11936667 0.72909724 2.73930320 0.68441012
-0.29948482 0.40927653 1.06944269 0.91241039
0.03092423 0.68851368 0.88521562 0.72522335
0.14162948 0.74465828 1.48595460 0.66744591
1.66610384 0.60757286 1.68291157 0.79426395
0.09378869 0.97911374 2.60753384 0.20331328
-0.79901819 0.99046504 -1.68092318 0.13776434
-0.03910018 0.93375013 -4.50680376 0.35792553
0.63946270 0.36018976 -4.55630707 0.93287906
1.35820608 0.51763213 4.56789959 0.85560328
4.20870293 0.31543356 4.22216930 0.94894766
6.11394371 0.12707106 -1.67020017 0.99189362
0.77200511 0.51501410 -2.96266055 0.85718171
-1.06063508 0.18080735 -2.48852264 0.98351853
0.38016227 0.66532921 3.11177697 0.74655009
-0.21077493 0.91579523 0.51732777 0.40164548
0.57601441 0.71691481 2.02015322 0.69716079
5.42502912 0.80089046 1.32180165 0.59881088
-0.91785884 0.91026367 -3.60292014 0.41402906
-1.37822500 0.94718353 -0.35878404 0.32069200
-1.58636263 0.74128223 0.58842291 0.67119346
-2.02456455 0.71949193 0.32425262 0.69450080
0.25540556 0.39905324 0.39295584 0.91692776
1.11013553 0.43004914 0.91739083 0.90280548
-0.49833511 0.74736452 1.38117540 0.66441423
-1.49629963 0.53814509 2.54994040 0.84285222
-0.76377798 0.65619831 1.08464704 0.75458848
0.80495651 0.85185347 -5.08985527 0.52378017
0.34644020 0.66066609 1.24563409 0.75067991
0.40467889 0.46565881 -4.24631825 0.88496433
0.22842373 0.69983341 2.08513007 0.71430610
-0.39663032 0.94017274 3.73591498 0.34069813
1.15618425 0.55785851 -3.55458492 0.82993607
1.24852349 0.61252734 4.09177531 0.79044940
-3.06463223 0.17572599 4.58656250 0.98443912
3.52943678 0.14423738 4.18740989 0.98954312
-0.97439109 0.65620902 -2.84778183 0.75457917
-0.45444992 0.72883260 -2.65431882 0.68469193
-0.13308931 0.98201085 -2.06370345 0.18882450
-0.17899835 0.98495380 1.96062834 0.17281787
-0.17954661 0.82023893 -2.74420084 0.57202107
0.17664402 0.97829188 2.54508446 0.20723173
-0.25526119 0.97169669 0.83894871 0.23623196
-1.06720857 0.84957375 0.31136941 0.52746986
-2.94188787 0.87565101 1.12216870 0.48294441
3.33088294 0.38748103 1.30738942 0.92187768
0.08264088 0.55222312 -0.30117783 0.83369636
0.25577273 0.87350268 1.33191017 0.48681934
-0.05482076 0.96768512 2.06360987 0.25216166
-0.52867628 0.56674298 1.71049514 0.82389465
0.31347851 0.62101209 1.87175631 0.78380098
1.72256118 0.04355416 1.51680220 0.99905107
0.72605932 0.73165145 1.58430376 0.68167892
0.65865785 0.83599758 2.33188787 0.54873312
-0.08941882 0.89479799 1.40137763 0.44647122
-0.08249921 0.67497885 1.62067856 0.73783707
-1.70840849 0.47384050 3.57305328 0.88061068
-0.39363784 0.75413215 3.71900936 0.65672270
-0.78158586 0.37262129 -2.74881744 0.92798350
-1.58377655 0.28440436 -2.65152889 0.95870442
-5.52861489 0.43496613 -2.42495580 0.90044681
-1.26712134 0.84568664 2.64461595 0.53367979
-0.67128090 0.42597927 2.63803581 0.90473292
-0.02686231 0.61216156 3.11619725 0.79073271
-0.75753062 0.68030734 -2.11321507 0.73292696
-1.24876981 0.96859131 -0.06747127 0.24865816
-0.18989982 0.86190102 -5.13204314 0.50707655
-1.65511582 0.58937661 1.00741295 0.80785841
-5.20430018 0.31532210 1.82481313 0.94898471
0.00969904 0.39488524 1.84304886 0.91873046
-0.64299553 0.65202036 1.46910079 0.75820146
0.37973663 0.96200169 1.76012122 0.27304349
-0.00130856 0.73979643 0.41149509 0.67283076
0.26742547 0.69548608 1.30819582 0.71853957
0.21973932 0.87358874 2.42110563 0.48666490
1.13840515 0.25838668 1.33132284 0.96604157
0.93689739 0.98171290 0.16055923 0.19036751
0.56234740 0.82263898 -1.65676217 0.56856407
0.81572274 0.65023392 -1.57101147 0.75973407
0.17395969 0.97865764 2.44778049 0.20549751
-0.29035293 0.88062309 -1.79734195 0.47381745
-0.87660584 0.96171082 1.61824504 0.27406622
4.67577454 0.76964549 -2.89917767 0.63847147
3.74061564 0.64170717 3.41892837 0.76694975
2.59566325 0.35056924 4.82679423 0.93653682
-0.72746020 0.96661786 4.25421911 0.25622237
0.00569118 0.43817327 2.80169322 0.89889053
0.03447994 0.65905634 -3.37072772 0.75209357
-0.84839639 0.76202776 3.24369753 0.64754435
-1.51557220 0.87889194 0.03050863 0.47702091
-1.00089535 0.73773550 4.50313864 0.67508987
-0.10138718 0.97741116 0.83633140 0.21134670
-0.00145261 0.81002440 1.43790696 0.58639617
0.53095685 0.84211564 1.84081909 0.53929700
0.64635817 0.43241778 2.33261242 0.90167337
0.44769665 0.53885861 -4.51930411 0.84239622
0.73096248 0.66543285 -5.57033952 0.74645772
0.33687514 0.79084937 1.42746950 0.61201085
0.32263211 0.64668298 -4.48956435 0.76275889
-0.22611599 0.54653782 -0.87602959 0.83743442
0.20997717 0.83953565 -1.17445002 0.54330460
1.25393456 0.39685366 -0.70572975 0.91788190
0.81346200 0.54026135 -0.72926983 0.84149728
-1.12361475 0.38420577 -0.18012500 0.92324749
0.21846635 0.74027703 0.13839874 0.67230196
-0.44810465 0.89185431 1.26675942 0.45232278
-0.72177150 0.84633302 3.43820648 0.53265413
-1.08670768 0.46361028 -2.38707029 0.88603922
-0.71603135 0.47065584 3.27831213 0.88231688
-0.45515108 0.49340914 4.40356346 0.86979735
-1.07517228 0.75539900 3.90106386 0.65526510
-0.83095936 0.82048306 3.29897087 0.57167083
-0.62957214 0.89243173 -1.86499138 0.45118245
-0.59938034 0.86726746 0.34348644 0.49784251
-0.67535689 0.99546965 1.82962130 0.09507979
-0.45982296 0.93767652 1.40904271 0.34750935
0.12256597 0.53250662 3.34521399 0.84642584
0.13187347 0.67861305 1.76224436 0.73449597
0.25844458 0.33382862 1.34087179 0.94263379
-0.13381020 0.82965272 1.24283512 0.55827983
0.64777002 0.89230576 -4.28479665 0.45143154
-3.72799421 0.56246672 -4.40458775 0.82681992
-0.15698580 0.67962503 -5.35490218 0.73355969
1.35545119 0.79989284 0.05717435 0.60014285
1.27861028 0.60790373 -0.54251385 0.79401074
-2.61796691 0.12759583 -0.07476476 0.99182625
-0.01391367 0.76281676 2.60630452 0.64661471
-0.24686007 0.41530968 -0.27984872 0.90968009
-0.53593932 0.93756299 0.02218062 0.34781553
-0.42099413 0.99675248 -0.99117301 0.08052639
-0.08723395 0.89272044 -0.45542311 0.45061095
-0.16790715 0.66894031 -1.82281456 0.74331613
-0.73228954 0.30759028 3.25688205 0.95151890
-0.76912407 0.77353185 -0.85835445 0.63375743
-1.55455334 0.92322131 2.89902891 0.38426868
-1.28399282 0.94162385 1.20754571 0.33666680
-0.48131930 0.86706565 4.24985516 0.49819390
-0.20157214 0.66090769 1.53608631 0.75046721
-0.97611764 0.66490711 0.45392552 0.74692606
-1.63132464 0.57567442 1.04736432 0.81767901
-0.19975540 0.82853736 1.28882657 0.55993378
-0.36712041 0.87835905 2.09781961 0.47800144
-0.78845832 0.63002222 1.42869633 0.77657711
0.11395204 0.75826999 1.15469445 0.65194066
-0.31548004 0.70535013 1.54870596 0.70885908
0.64640867 0.59293076 2.83491764 0.80525345
0.76632208 0.99861699 2.54703412 0.05257474
0.90240228 0.91549962 -4.82916652 0.40231884
-1.01669585 0.82247923 -0.54945464 0.56879515
-0.85885095 0.83873964 -0.80725792 0.54453266
0.09825674 0.98922092 -0.98068247 0.14643079
-0.53469634 0.82181956 -5.16901654 0.56974785
5.47957786 0.57229828 0.76605439 0.82004553
-1.16861309 0.49879570 -0.03156774 0.86671959
-0.55057627 0.53242984 -0.08121018 0.84647414
-0.84466727 0.78973214 -0.47101474 0.61345184
-2.25055762 0.94039545 -0.48196073 0.34008293
-0.93529059 0.75196257 0.66841485 0.65920581
-0.66866353 0.85683411 0.98291518 0.51559219
-1.01516186 0.68922288 1.30516227 0.72454939
-2.63791363 0.60721685 1.78293076 0.79453615
-1.00609283 0.91571134 1.10781119 0.40183670
-0.58471913 0.62209537 0.64775701 0.78294148
-1.08064732 0.85615792 1.15755439 0.51671425
0.43970241 0.94164832 0.26646124 0.33659833
0.35829205 0.97927224 1.43638882 0.20254844
-0.77458534 0.82694709 0.79466046 0.56227975
-0.42888849 0.93151716 1.71523451 0.36369739
0.03095135 0.87460938 1.30206701 0.48482826
-0.75679584 0.80661271 -4.76820000 0.59108031
0.19771095 0.75004258 1.88806410 0.66138955
0.44440257 0.84884218 -0.22002207 0.52864634
-0.73077705 0.46121652 -1.12952275 0.88728762
0.23315466 0.63994111 -0.95204737 0.76842395
-0.26282820 0.89469204 -2.22240727 0.44668350
-0.63179934 0.99052213 3.86379547 0.13735323
0.00440253 0.68187278 1.07321005 0.73147079
0.01026740 0.26050856 0.91055535 0.96547154
-0.68539153 0.98939199 0.64983951 0.14527038
-1.73327003 0.34631530 -0.31586271 0.93811818
1.55003960 0.38542943 -6.05278753 0.92273731
-0.21110642 0.54721104 0.78246959 0.83699467
0.11750921 0.74583422 -0.25990614 0.66613161
-5.83833729 0.76589737 -0.31685985 0.64296284
-1.46103140 0.42884905 0.37872882 0.90337616
-0.94558253 0.58855331 0.85553613 0.80845841
-0.17159936 0.76049024 0.54813014 0.64934936
0.19082887 0.73556046 0.97699946 0.67745908
0.11695387 0.75171313 1.68868331 0.65949023
-0.83598750 0.74486496 0.34095573 0.66721525
-1.10015181 0.95660238 -3.11602185 0.29139643
-1.05629119 0.70301964 0.42837109 0.71117044
0.18489340 0.67135448 1.16754576 0.74113640
5.93643046 0.88188834 1.18185749 0.47145834
0.37291717 0.85992583 4.11256150 0.51041902
0.45240960 0.57309995 -2.38313755 0.81948548
-0.77329376 0.60738854 -0.21464319 0.79440491
0.71363711 0.56048759 -0.34639249 0.82816282
0.74682595 0.95680051 2.77605630 0.29074521
0.01822953 0.89949510 -4.12959752 0.43693086
-0.41973642 0.88323758 2.64909137 0.46892577
-1.26690672 0.72354326 2.49693518 0.69027904
-1.20661760 0.80488664 -6.20606887 0.59342860
-1.16126827 0.68920969 0.41550262 0.72456194
0.89120847 0.95654189 0.56851126 0.29159494
0.68546589 0.91759803 1.09759788 0.39750956
0.25621175 0.92535672 1.43776548 0.37909753
0.46774228 0.92020189 1.38365881 0.39144410
-1.17963613 0.43114363 0.79520671 0.90228331
-0.21110091 0.93783476 -0.21930337 0.34708206
-0.43093777 0.93355701 -1.86621098 0.35842894
-0.36148822 0.81424974 1.31675470 0.58051474
-0.55125738 0.84953296 -2.70834508 0.52753554
-1.29814333 0.53857350 -0.54461681 0.84257853
-0.88867494 0.91301478 -0.72869121 0.40792649
-1.63907856 0.82854259 -0.55491817 0.55992604
-0.83661572 0.17265434 0.35117905 0.98498248
0.30166590 0.60313779 1.02100935 0.79763701
0.18088973 0.99750595 -0.38091852 0.07058247
-0.47720205 0.64475615 -1.21494857 0.76438832
-0.50141928 0.73558825 0.28864332 0.67742891
1.07327670 0.96056206 -0.50954048 0.27806569
1.13018142 0.88728005 1.99403934 0.46123109
0.44506295 0.64788859 -3.97900277 0.76173511
-0.51350708 0.50168081 -3.94362453 0.86505281
0.72640534 0.82765523 2.53979170 0.56123687
1.83761210 0.93388534 2.90429370 0.35757261
0.52122435 0.60994397 2.42509196 0.79244454
0.83499969 0.57582690 2.88379369 0.81757164
0.71369853 0.65131130 2.36061751 0.75881065
0.28051953 0.67735235 -4.33019891 0.73565875
1.25921217 0.78292277 -4.38470312 0.62211891
1.28187468 0.65503799 0.80545897 0.75559595
1.24308484 0.76408780 0.95118622 0.64511226
0.21645622 0.61844644 1.68198564 0.78582695
-0.88340890 0.57038688 0.98754335 0.82137616
-0.49028565 0.44856860 1.40674491 0.89374840
-1.34086926 0.92264456 0.91250956 0.38565143
-1.03519483 0.98130234 0.89184202 0.19247263
-1.19651357 0.99343076 0.94576168 0.11443485
0.05780021 0.55096833 0.78297578 0.83452615
-0.33331109 0.89045124 -4.43455116 0.45507865
-0.33641019 0.97350378 -1.57660483 0.22867094
-0.54200162 0.89215098 -0.25685431 0.45173734
0.72092676 0.87794014 0.92232431 0.47877042
0.29369857 0.98490568 5.09409645 0.17309188
1.07565243 0.80474791 0.10078036 0.59361671
1.56997953 0.97549600 2.93189489 0.22001716
1.29816052 0.82378473 1.91205192 0.56690274
0.91955879 0.98807406 1.27972344 0.15397940
1.90312921 0.88032304 1.33703812 0.47437469
1.55163392 0.77676667 1.37692608 0.62978849
1.33080213 0.95522320 2.68364021 0.29588618
1.61986359 0.64651903 3.06402601 0.76289786
0.17352198 0.26847467 2.07983769 0.96328674
0.67817189 0.72332768 1.21353492 0.69050494
0.94469643 0.72931234 -4.18663987 0.68418091
0.72627322 0.65518426 -5.10209515 0.75546912
0.50357591 0.88674493 -2.41370129 0.46225906
0.11080108 0.70785729 0.59339201 0.70635547
-0.39812486 0.59651556 1.02107321 0.80260151
-1.40092346 0.80500579 1.42447603 0.59326696
-0.41215498 0.86184508 1.39739423 0.50717162
-1.46313717 0.98869273 0.52789032 0.14995559
-0.70542470 0.71568207 -0.16935263 0.69842621
-0.06405919 0.61749089 1.25131306 0.78657804
0.02748583 0.93695863 -3.09117515 0.34944030
0.63371421 0.95697794 -3.13776934 0.29016068
0.59820271 0.93579014 -0.49215508 0.35255753
1.03415392 0.73096092 -0.38623354 0.68241932
-1.27028840 0.22077193 -5.82363695 0.97532546
0.60734894 0.96348947 -4.69843598 0.26774624
0.27635714 0.33057657 3.18242841 0.94377917
0.58248018 0.58134021 2.06484194 0.81366059
1.54846869 0.56902339 1.23146693 0.82232134
2.36815582 0.80445769 -5.58243646 0.59400995
2.06575826 0.88533595 -0.29161671 0.46495188
0.79802842 0.97920831 -0.19803053 0.20285729
-0.38074006 0.68000438 1.23408437 0.73320805
-0.06520735 0.82424438 1.49725497 0.56623423
0.13656988 0.61975384 1.67821259 0.78479626
-0.21074326 0.62931045 1.64121580 0.77715401
-0.20597840 0.81218333 2.02368287 0.58340230
0.62440314 0.73664919 1.69663156 0.67627507
-0.14544533 0.67741680 1.07416714 0.73559940
-0.94618005 0.87761292 1.24245770 0.47936996
-1.49050932 0.83208012 2.66622175 0.55465545
-2.01052054 0.64997318 1.67832592 0.75995715
-0.67162408 0.28555094 -1.24498680 0.95836353
-0.37460417 0.78581263 -1.60259415 0.61846464
-0.16066943 0.98887587 -0.46523352 0.14874313
0.53042360 0.93563113 0.03451111 0.35297932
0.20839958 0.79960396 1.13614427 0.60052769
0.12050128 0.98529721 0.72992543 0.17084910
0.46754523 0.93400945 -1.58670874 0.35724829
0.04663520 0.97581364 -2.88717467 0.21860409
-0.18306897 0.82399717 -2.45708594 0.56659392
0.60807254 0.85535419 3.60304078 0.51804364
1.20966818 0.92133280 -4.81640357 0.38877483
0.91999071 0.87506074 -1.02572336 0.48401313
1.08365823 0.88604943 4.23818176 0.46359077
1.74922164 0.99574199 0.32999864 0.09218397
1.40539299 0.80117756 4.28912019 0.59842670
0.46384716 0.66333212 2.55520889 0.74832513
0.19159150 0.73324975 1.33747541 0.67995941
0.39329709 0.57570095 0.92330906 0.81766033
-0.08645147 0.62212027 1.22686437 0.78292169
0.07197354 0.53783466 2.21232214 0.84305034
-1.60627582 0.67435939 1.41424193 0.73840328
-0.60378341 0.82764931 1.32015887 0.56124559
-0.60620529 0.97052950 1.80788463 0.24098233
-1.10009574 0.97716616 4.25986701 0.21247656
-0.67844367 0.92776826 1.22623942 0.37315687
-1.21346002 0.74156526 1.48632541 0.67088074
0.18270722 0.92628950 0.74932637 0.37681263
0.22069872 0.96049171 5.56852872 0.27830859
-0.51600720 0.47871197 0.02094466 0.87797201
-0.43611012 0.47448178 -0.83719536 0.88026533
1.25861490 0.43593978 -1.14085652 0.89997584
-0.97646904 0.86117813 0.82776741 0.50830328
-0.29150404 0.94488127 -2.07888823 0.32741317
-0.84137011 0.58165541 -1.46315042 0.81343530
1.42022127 0.96841299 -0.76957841 0.24935172
1.63970317 0.80052086 -1.26035147 0.59930490
1.63368680 0.74183071 0.26715331 0.67058720
1.20502031 0.74918495 1.98181340 0.66236086
1.50150672 0.64152856 2.99539008 0.76709915
0.98393317 0.57537412 2.31421566 0.81789035
0.97610160 0.63864968 -3.71051298 0.76949762
2.12860863 0.96079932 -4.01079573 0.27724477
0.99549935 0.81703265 0.02676325 0.57659140
1.19291347 0.60659226 1.20762888 0.79501310
-0.12910317 0.70272632 0.59742990 0.71146027
-0.61767839 0.96420509 2.25462664 0.26515757
-0.78922456 0.99682535 -2.72904282 0.07961929
-1.11122445 0.82078885 3.29788547 0.57123171
-0.34050804 0.99270413 -1.72958897 0.12057578
-1.14610341 0.83349333 0.03461784 0.55252952
-0.84195132 0.93673418 -1.22144207 0.35004154
-0.82342407 0.66360336 0.17367005 0.74808461
