-2.12676871 0.75731547 1.83357850 0.65304921
-1.51103399 0.96287705 1.05838606 0.26994034
-2.36240227 0.73723028 1.37332260 0.67564156
-2.03012151 0.77822283 1.11561388 0.62798824
-2.13332596 0.68775725 1.08348050 0.72594074
-2.75286202 0.69964183 1.90388922 0.71449374
-2.87983617 0.94730971 1.99066951 0.32031907
-2.20996894 0.99313604 -1.21481247 0.11696494
-3.19776441 0.86597226 1.15771489 0.50009204
-1.88210465 0.37667060 0.62796379 0.92634727
-0.61193782 0.58424451 0.99775321 0.81157770
-1.76657669 0.61242958 0.62990655 0.79052515
-1.57217884 0.55489456 0.19392969 0.83192068
-1.74383214 0.80364188 -0.43051055 0.59511320
-2.72213324 0.58901504 -0.10338836 0.80812207
-2.47919707 0.70071053 -0.38852265 0.71344569
1.61423475 0.13344057 0.07353292 0.99105682
-1.51906917 0.44687779 0.16777655 0.89459502
-1.66805779 0.36576638 0.56813854 0.93070670
-1.73155805 0.90617710 -0.36969038 0.42289841
-1.08711447 0.67799862 0.01558942 0.73506318
-2.13622752 0.68844108 -0.01615331 0.72529228
-1.71967145 0.44233745 0.51734136 0.89684870
-1.18830825 0.62594499 0.01086027 0.77986721
0.73755826 0.24507709 0.71681065 0.96950359
4.47964425 0.11442572 0.70996121 0.99343181
-1.29833589 0.75689061 0.94604514 0.65354158
-1.07735129 0.95077366 1.33161552 0.30988619
-1.42580908 0.87101499 1.77880245 0.49125644
-0.90999865 0.53852397 1.70598761 0.84261019
-0.86445049 0.71078647 1.65246012 0.70340784
-0.71981334 0.58266879 -5.42420132 0.81270971
-0.82449515 0.53393446 0.74127924 0.84552587
-2.46047178 0.48933345 0.87107265 0.87209677
-0.67185910 0.88541777 0.64820009 0.46479606
-1.12022187 0.96626772 0.49595785 0.25753970
-1.06920121 0.67082120 1.46772731 0.74161912
-0.78688468 0.29939621 1.32248105 0.95412888
4.62206594 0.23026903 0.96979638 0.97312701
-0.84060010 0.42497128 0.52836364 0.90520683
-0.54734152 0.48646473 0.76585307 0.87370021
-0.81934558 0.78906070 0.79833228 0.61431524
-1.99147495 0.92481122 0.32312878 0.38042634
-1.40203438 0.89339353 -3.92530462 0.44927496
3.54520055 0.34203857 1.30675172 0.93968591
-1.10040046 0.86105385 1.15764453 0.50851378
-1.27236496 0.59920720 0.38997213 0.80059399
-1.10489789 0.69693000 0.47011745 0.71713916
-0.81052218 0.84904209 0.64914481 0.52832521
-0.92093697 0.86506414 -4.97929937 0.50166127
-0.85651356 0.55232896 1.25600420 0.83362624
-1.92259185 0.74003919 2.40937696 0.67256375
-1.98426146 0.51950995 -0.24207904 0.85446440
5.24591270 0.79128301 0.96952966 0.61145008
-2.51819384 0.32499180 0.33569805 0.94571683
3.50822118 0.57223328 0.44249873 0.82009090
4.54036814 0.51110046 0.49478647 0.85952098
-2.08931208 0.98542213 1.34562972 0.17012711
-1.31055648 0.62541950 -5.85097516 0.78028870
-2.08451106 0.78770529 0.74339225 0.61605225
-2.28633999 0.81821012 0.24440222 0.57491929
-2.31058649 0.73907391 1.99082865 0.67362434
-2.79312637 0.87940194 -1.15687072 0.47608007
-2.55518797 0.88300397 -0.62799666 0.46936551
