-2.70692489 0.95382630 1.88225455 0.30035877
-4.56944874 0.72537025 1.31491803 0.68835892
-4.71962402 0.97897238 -5.53808858 0.20399285
-0.55593254 0.47820053 -4.60242780 0.87825068
1.49654305 0.38091937 -6.16234732 0.92460826
-3.79602079 0.70132575 6.20117584 0.71284093
3.91856007 0.50674191 2.19349058 0.86209781
-1.81916940 0.26551004 -6.10477713 0.96410809
3.35094919 0.70578286 -2.83090131 0.70842822
2.46744512 0.29097652 4.61315928 0.95673019
-2.29163158 0.67785260 4.95375764 0.73519784
3.94589935 0.90982866 -3.16123316 0.41498410
-3.77752030 0.05920050 3.49162187 0.99824611
2.01270434 0.69561907 -2.02890644 0.71841082
-3.59151493 0.72106465 0.29165676 0.69286778
-4.38626721 0.17222046 5.98348043 0.98505843
2.95156991 0.93760707 6.14868856 0.34769669
-3.14464533 0.70629017 2.28965277 0.70792245
5.96328164 0.84789365 4.30202338 0.53016634
0.21995597 0.19048339 -4.75136532 0.98169042
-0.62280938 0.92094813 3.05421378 0.38968518
3.01340392 0.92123752 1.74433765 0.38900056
3.09769746 0.84886043 2.66544831 0.52861704
-2.41703728 0.55527175 1.67074286 0.83166897
-1.22617350 0.91843413 3.88073571 0.39557394
-0.98099343 0.23283872 -2.04668118 0.97251536
3.36649566 0.75838141 -1.08756755 0.65181104
0.41327973 0.72807516 6.16585398 0.68549731
-0.60961970 0.72969207 3.70658298 0.68377590
4.45261782 0.88715153 -1.87711511 0.46147823
2.06820133 0.66315456 0.16785754 0.74848248
-1.68207074 0.83596378 -0.22817716 0.54878463
6.03014706 0.07233162 0.27268428 0.99738064
-6.01530884 0.43731069 -3.96565453 0.89931049
-5.17961525 0.70049497 -4.03744183 0.71365734
0.04427202 0.31989243 4.11966336 0.94745387
-0.35032705 0.35539356 -2.94960497 0.93471676
-2.60618904 0.44308212 -3.16748179 0.89648103
-2.65447287 0.73448607 -1.03537695 0.67862376
-2.57260070 0.80707015 -1.01822967 0.59045557
-6.04601406 0.62963919 4.81060850 0.77688769
-4.68485604 0.78069306 0.21333101 0.62491467
-3.13900642 0.98376545 -1.55250708 0.17945904
3.08467700 0.86982780 -4.62920768 0.49335545
6.12086036 0.80783613 2.53429397 0.58940715
-5.00369441 0.57076915 -2.35382103 0.82111057
6.12838637 0.37367274 4.36278187 0.92756061
-0.83218767 0.74649517 -2.15754381 0.66539083
1.07420026 0.47177787 -4.27299664 0.88171744
3.78831138 0.77359309 -3.85202021 0.63368267
-2.07317395 0.86863220 -3.49152693 0.49545747
5.09206971 0.36930193 5.14360167 0.92930947
-2.76845111 0.36563027 2.12968498 0.93076018
5.96710438 0.62012421 -0.58490486 0.78450364
-0.33382458 0.65623692 -0.80839689 0.75455491
4.45437931 0.92848094 -0.24555702 0.37138004
0.68507457 0.93548947 -4.77270547 0.35335457
6.22408844 0.90772345 1.24941644 0.41956900
-0.69664663 0.88192688 1.79488248 0.47138622
3.96004451 0.77434575 -3.66438269 0.63276272
6.02827120 0.85981267 4.72763590 0.51060960
-5.77066919 0.94071754 3.55495544 0.33919095
2.30863289 0.62703439 -1.82459770 0.77899158
0.45926818 0.45915466 -3.24702962 0.88835635
1.17372252 0.86508732 -3.33702014 0.50162130
2.69552369 0.31454026 -2.53991323 0.94924413
-4.36881929 0.53548861 -5.77946119 0.84454245
4.44635732 0.74685587 -0.03111546 0.66498595
4.70444427 0.99449387 -1.71063720 0.10479472
5.70142417 0.19339041 -3.64646107 0.98112188
4.45986208 0.49769333 4.19245885 0.86735307
-0.22794359 0.82637401 5.25828573 0.56312166
-1.97266774 0.55176386 1.52472351 0.83400039
5.86023680 0.34749065 -6.26311609 0.93768345
-3.66948621 0.61411384 -6.03713591 0.78921745
3.45763816 0.50769231 1.82193582 0.86153846
3.08634584 0.74656819 -2.16028397 0.66530890
-4.40412339 0.26408076 2.98251477 0.96450057
-0.13281663 0.12419416 0.21022422 0.99225794
1.48208331 0.64071080 1.52419590 0.76778231
-6.18441190 0.70736389 4.25108217 0.70684958
4.69558792 0.40911729 -1.91788106 0.91248180
-3.25865040 0.86630691 4.91462649 0.49951210
4.33411085 0.39446990 -1.72477378 0.91890886
5.77993079 0.59181421 1.83862950 0.80607440
-5.59128806 0.83921359 4.03746127 0.54380194
6.26388374 0.63289397 -0.01561399 0.77423848
-1.02776453 0.54410430 -5.56732486 0.83901759
5.02477999 0.79924884 0.58790139 0.60100024
-0.71252911 0.61750577 -0.16495776 0.78656635
-5.29186382 0.70065538 -4.88378383 0.71349985
4.99371920 0.82520847 1.41323944 0.56482828
2.74143943 0.71965624 -5.39244927 0.69433054
-3.81424689 0.69188703 -2.57951813 0.72200577
6.16597201 0.77833375 -1.93956010 0.62785076
1.43974011 0.21312398 -1.76685730 0.97702516
-2.06222057 0.31027379 -2.14658814 0.95064724
-6.19008803 0.27909108 3.08929391 0.96026464
-1.08258392 0.59543172 3.00245338 0.80340592
-0.36240838 0.55791615 -2.83888501 0.82989733
6.06043758 0.67954099 -3.15007171 0.73363754
-5.87412973 0.46583408 2.47323568 0.88487209
1.12057989 0.97571580 -3.94882744 0.21904038
-5.75370932 0.85357627 6.08379211 0.52096790
-0.66755727 0.67213935 -5.90166268 0.74042467
5.93283838 0.23409286 -4.92323237 0.97221424
0.42694947 0.69858169 -0.24210698 0.71553031
-1.38090171 0.58244595 2.80631473 0.81286944
0.80549970 0.52293448 -3.72739496 0.85237288
2.12226997 0.47304415 -6.22422373 0.88103872
2.81298582 0.50561486 -1.92533411 0.86275930
-3.85035303 0.31813848 -2.60928962 0.94804426
1.06887319 0.34236501 3.83876513 0.93956703
-6.12341582 0.68572330 3.24605311 0.72786231
-1.57652058 0.82200775 4.15281545 0.56947630
0.47980170 0.62091476 -4.44554056 0.78387809
4.42696528 0.41980992 1.60936581 0.90761205
4.29088123 0.45702908 -2.46761489 0.88945175
0.25350753 0.88134200 -0.49582950 0.47247887
0.27798683 0.56652369 -4.50233121 0.82404545
-5.45518954 0.58566043 -3.92720466 0.81055651
-0.41609900 0.19254261 -5.42860341 0.98128861
-5.84866418 0.68744327 0.31356526 0.72623808
-0.43782560 0.96182138 -4.79963079 0.27367796
6.19575266 0.69053990 -2.14384037 0.72329430
-5.88828063 0.39886751 3.89482784 0.91700857
4.88693196 0.51048800 -2.30577567 0.85988488
-3.73123610 0.72621120 -4.69833449 0.68747167
2.60277985 0.82320081 1.15876407 0.56775033
1.56375499 0.58012215 3.07656148 0.81452949
2.20528329 0.18879161 -3.72594777 0.98201717
-5.27909372 0.60163147 -1.08834466 0.79877379
1.50527142 0.86277916 -5.68110157 0.50558098
6.18576171 0.54351437 1.37743839 0.83939987
2.79978265 0.51045521 1.44978226 0.85990434
-2.24965493 0.23437383 -4.45594630 0.97214655
-0.18526751 0.62215130 1.30318507 0.78289703
-3.82461673 0.71736067 -0.19998645 0.69670200
-5.21341968 0.94369744 0.24002727 0.33080984
-5.51599231 0.93464070 -5.54198237 0.35559353
0.86718697 0.76900168 2.96215452 0.63924676
-1.29212498 0.93290627 2.60466634 0.36011927
5.04278706 0.83681189 2.60405640 0.54749051
1.89014028 0.91385715 -5.19731234 0.40603584
5.31361742 0.51138024 1.88206572 0.85935456
1.15605454 0.97153871 -3.38340600 0.23688085
-6.03177253 0.69213363 5.39012083 0.72176938
-5.54910767 0.84986973 1.09653694 0.52699283
-5.63638628 0.77366377 -4.01227797 0.63359638
0.37710804 0.41333822 1.74322185 0.91057757
-0.44999338 0.59220847 1.74963749 0.80578479
-1.81701749 0.94943723 0.25035243 0.31395691
3.62250747 0.48803338 1.38284460 0.87282497
2.86982880 0.76959244 -4.59389915 0.63853542
3.77430150 0.72479292 5.90009593 0.68896678
-0.33511939 0.92367373 4.49998903 0.38317990
4.32177641 0.84584301 -2.15437520 0.53343191
4.77642125 0.69700236 -2.07630810 0.71706883
0.15260385 0.95942769 3.75972509 0.28195481
0.86996466 0.27105261 1.56316588 0.96256454
-3.21488514 0.95193989 -0.78862802 0.30628489
6.02049294 0.25997894 -2.68801829 0.96561429
0.78968263 0.90807137 -1.25883650 0.41881545
-5.00279521 0.93275772 -0.03687492 0.36050388
1.04858015 0.20836163 2.35988180 0.97805185
5.63319201 0.98042122 -2.61854304 0.19691174
0.32690252 0.49867179 -1.79795042 0.86679089
5.60911851 0.49320026 3.64198105 0.86991580
1.20968001 0.72325540 5.50048258 0.69058065
-1.50398220 0.56187138 1.54836323 0.82722461
4.15928102 0.99255157 1.69171757 0.12182521
-2.45136098 0.72375424 -2.07853523 0.69005782
5.52346942 0.93333570 3.31408172 0.35900483
-6.10395455 0.96197076 0.03724960 0.27315245
-5.55403073 0.24453235 4.73552997 0.96964114
5.15133959 0.95238797 -5.30961897 0.30488875
3.85437991 0.58911059 -2.11556550 0.80805242
-2.63429275 0.39741904 -3.93437312 0.91763724
2.34704327 0.52064588 3.96921525 0.85377272
0.52358430 0.95501938 -4.46330656 0.29654338
0.65784305 0.73988135 2.94040389 0.67273738
3.03294188 0.30097756 -5.31809328 0.95363122
1.60531436 0.82291802 6.10671882 0.56816014
0.45561205 0.81165835 -3.82785688 0.58413246
-4.93362001 0.75808540 1.97199582 0.65215530
-2.13750705 0.83096524 2.96362277 0.55632434
3.24111692 0.27739960 -4.02360178 0.96075463
-3.19242742 0.76313640 -5.72061852 0.64623744
-4.36704077 0.98018937 -2.21335889 0.19806262
-0.63637152 0.69575116 -4.51482021 0.71828290
4.84115118 0.96266573 0.19168233 0.27069297
-2.49001790 0.52949881 2.01385912 0.84831068
4.70146725 0.78759112 -1.84937187 0.61619821
-2.12486294 0.48525220 -2.22401711 0.87437423
1.08610389 0.82407411 5.29184765 0.56648200
-0.13873862 0.79915628 3.68279498 0.60112332
-3.66552701 0.18275333 -1.38373774 0.98315880
2.65400944 0.93978033 -4.76510942 0.34177908
-4.81387954 0.98149560 0.64326087 0.19148467
1.72244135 0.89285502 1.90778833 0.45034422
-5.99399640 0.98317573 -1.72986970 0.18266219
-5.24183235 0.77516897 -2.46304277 0.63175396
1.90876193 0.62255478 0.18569438 0.78257622
-4.22581830 0.47790787 1.66413711 0.87840997
-2.29976444 0.09662146 -3.59254268 0.99532120
-4.09428670 0.63120553 -5.38441889 0.77561561
4.18546872 0.67301531 -0.90625468 0.73962855
3.77755733 0.94395132 -1.74538204 0.33008471
5.27643109 0.85007403 -4.84601015 0.52666322
3.82439105 0.68903524 -1.32064171 0.72472784
-4.15726022 0.88152210 3.64479026 0.47214276
-4.75987066 0.95384696 1.81779745 0.30029316
4.82252460 0.99773195 -4.80471074 0.06731230
-0.65435877 0.90153601 1.39432199 0.43270409
3.48173528 0.37292108 0.10362274 0.92786307
4.28952683 0.84149557 3.26211975 0.54026402
2.80153278 0.23338067 4.75736867 0.97238545
1.45237259 0.73371664 3.89900068 0.67945559
2.64812691 0.82580819 1.81716053 0.56395110
-3.07570988 0.27118953 0.23257691 0.96252597
4.38052613 0.52182606 -4.55937006 0.85305191
4.65923114 0.94548656 -1.76277961 0.32566111
4.21686715 0.94954983 2.25273661 0.31361619
2.92561847 0.87033547 -5.01901110 0.49245930
0.95770079 0.69584107 3.07930445 0.71819580
1.04950762 0.53927724 -0.48401209 0.84212829
-1.93749665 0.35983215 4.84284142 0.93301706
0.72979015 0.97422234 -1.09446446 0.22558998
1.47765554 0.80687129 1.58878819 0.59072728
5.07127385 0.88222680 -1.64635043 0.47082467
0.26427576 0.97986629 -3.72477982 0.19965481
4.39471477 0.98859219 1.68826941 0.15061702
3.33661468 0.77724052 -5.17478071 0.62920360
3.92621150 0.60648454 5.51076270 0.79509528
2.92692020 0.49697322 -5.60048235 0.86776588
4.33923411 0.30708713 -0.65893903 0.95168140
4.96195754 0.67810141 3.74445658 0.73496835
-2.81944360 0.84320986 -5.91299298 0.53758453
2.20453262 0.47495919 -3.55608301 0.88000782
-4.46021488 0.79302495 2.94933281 0.60918915
-3.44607354 0.61288011 -6.20715572 0.79017591
-4.83678120 0.86445502 -0.19663760 0.50271018
-4.45445576 0.46127437 0.66933710 0.88725755
-5.20221267 0.74699248 -3.85901961 0.66483249
4.48625684 0.15469940 2.43644743 0.98796159
3.17187681 0.82171500 0.80172801 0.56989863
-2.60591689 0.31478269 2.61899133 0.94916377
-3.40472528 0.87588532 -1.14565907 0.48251933
3.40328346 0.83335284 -1.76464109 0.55274139
-2.11231869 0.43316135 -3.30101057 0.90131639
4.63163314 0.78972991 2.23425185 0.61345470
-0.99712714 0.48198629 -2.72715510 0.87617876
3.57903321 0.76755928 4.17488349 0.64097797
-2.01453218 0.10009169 -0.60509979 0.99497822
-4.16099863 0.94949885 -5.65006653 0.31377051
-3.08586950 0.91564446 0.15041352 0.40198909
