-186.587
-189.512
-183.937
-212.273
-169.348
-178.055
-166.226
-144.36
-186.156
-197.895
-197.059
-211.718
-235.477
-170.601
-199.351
-200.15
-162.206
-213.951
-197.6
-198.747
-196.105
-151.348
-179.689
-200.956
-194.636
-207.587
-202.706
-182.856
-188.096
-174.728
-197.14
-220.026
-217.507
-180.508
-193.998
-199.576
-197.411
-215.915
-213.525
-194.374
-184.755
-183.889
-150.794
-190.994
-185.739
-222.778
-185.868
-192.949
-182.257
-181.148
-179.661
-186.595
-212.284
-156.124
-194.474
-177.011
-179.563
-175.548
-167.654
-198.708
-231.51
-164.35
-163.957
-217.069
-194.313
-197.596
-165.214
-159.962
-213.624
-187.394
-179.196
-179.1
-215.173
-148.718
-205.444
-188.709
-223.465
-167.19
-187.248
-191.389
-194.178
-177.392
-199.041
-170.869
-186.704
-188.078
-184.048
-186.696
-198.356
-184.402
-186.548
-177.711
-164.748
-189.966
-180.517
-222.313
-238.171
-169.899
-218.26
-196.176
-176.389
-187.063
-145.822
-189.891
-188.778
-178.65
-164.483
-179.878
-160.61
-168.229
-198.252
-202.099
-190.326
-202.782
-200.748
-203.826
-204.537
-188.133
-219.866
-197.303
-197.903
-187.245
-171.412
-219.864
-179.86
-211.965
-205.361
-213.494
-197.39
-194.069
-160.906
-184.431
-222.216
-166.893
-188.302
-204.011
-215.315
-255.836
-186.39
-194.332
-181.712
-182.687
-238.081
-203.32
-176.669
-198.286
-204.868
-198.067
-213.947
-186.47
-176.32
-192.99
-177.967
-177.956
-173.793
-180.083
-186.034
-164.071
-163.206
-200.072
-229.518
-169.149
-201.19
-205.552
-171.051
-207.151
-186.764
-188.764
-173.842
-198.28
-199.962
-200.069
-210.109
-193.564
-191.706
-175.998
-178.28
-151.859
-205.903
-192.476
-206.529
-230.247
-217.501
-192.929
-215.133
-180.149
-197.318
-189.718
-193.355
-156.981
-186.528
-201.882
-173.314
-181.139
-206.749
-165.342
-197.743
-196.386
-186.439
-183.688
-165.566
-188.444
-237.834
-200.629
-215.737
-180.577
-162.327
-184.787
-202.023
-220.995
-184.008
-164.515
-198.952
-169.812
-181.74
-179.898
-215.603
-206.826
-210.908
-193.716
-167.357
-183.835
-186.987
-219.916
-179.771
-193.809
-197.228
-207.565
-171.944
-172.295
-200.887
-176.438
-174.352
-175.107
-200.365
-161.547
-219.158
-176.074
-206.084
-182.003
-188.849
-178.502
-185.998
-217.42
-210.112
-212.717
-183.278
-188.489
-201.406
-239.62
-222.587
-197.893
-177.381
-222.889
-202.664
-193.254
-210.974
-196.158
-168.012
-196.993
-177.243
-155.644
-202.254
-176.956
-179.947
-180.745
-190.294
-177.478
-171.478
-187.286
-197.857
-172.769
-204.385
-184.819
-218.948
-170.689
-145.772
-192.553
-179.796
-181.587
-152.945
-168.813
-215.786
-202.652
-212.031
-180.348
-193.69
-190.236
-210.579
-195.64
-204.454
-197.035
-189.463
-189.773
-182.218
-180.584
-195.53
-181.886
-169.785
-206.288
-194.412
-166.46
-132.732
-201.946
-170.83
-158.791
-173.184
-219.67
-156.479
-213.5
-210.816
-196.211
-204.259
-196.908
-216.153
-185.079
-191.723
-189.635
-183.24
-156.783
-203.947
-209.642
-173.208
-216.282
-181.866
-157.328
-206.594
-206.835
-178.734
-216.509
-187.463
-194.144
-154.195
-210.066
-165.748
-197.718
-202.305
-184.179
-164.284
-176.681
-178.481
-195.175
-184.463
-201.03
-189.377
-206.054
-198.869
-222.048
-200.723
-172.109
-190.258
-208.187
-181.568
-171.295
-196.953
-162.615
-169.624
-143.588
-193.42
-176.63
-167.583
-183.439
-183.427
-204.024
-173.937
-184.63
-147.403
-189.741
-201.883
-194.697
-194.084
-196.704
-196.22
-234.354
-227.896
-185.756
-181.769
-194.378
-203.375
-216.312
-185.519
-163.188
-211.42
-212.675
-201.155
-186.371
-158.861
-206.521
-185.222
-189.841
-213.867
-201.039
-182.957
-155.168
-203.057
-190.332
-205.92
-195.587
-161.817
-214.515
-188.646
-195.653
-169.12
-177.479
-203.87
-194.798
-170.021
-174.308
-233.49
-218.793
-193.287
-182.393
-206.584
-207.376
-196.499
-193.794
-197.737
-205.503
-189.648
-183.25
-175.005
-184.631
-185.456
-175.369
-171.134
-228.528
-215.291
-222.067
-212.522
-182.986
-197.662
-215.342
-233.953
-197.508
-220.761
-200.137
-207.084
-191.837
-182.051
-166.11
-187.171
-215.092
-213.363
-184.503
-188.508
-188.945
-183.398
-183.369
-169.335
-195.097
-200.945
-211.854
-190.449
-198.107
-228.943
-178.765
-217.262
-204.371
-187.952
-194.292
-191.999
-148.191
-171.623
-215.883
-191.98
-193.796
-163.858
-175.324
-191.217
-212.937
-183.041
-202.901
-196.414
-183.293
-191.108
-174.864
-178.138
-209.221
-198.706
-166.06
-214.735
-209.147
-198.729
-207.47
-186.074
-202.898
-191.389
-192.958
-182.841
-198.064
-185.16
-176.091
-182.141
-190.963
-207.038
-173.262
-181.334
-163.539
-183.801
-219.93
-191.129
-156.346
-158.085
-199.052
-200.603
-175.49
-178.493
-164.011
-173.814
-169.023
-175.075
-187.798
-185.006
-210.108
-209.162
-189.447
-196.703
-195.258
-195.221
-182.285
-202.454
-198.163
-193.306
-163.193
-184.308
-176.621
-192.457
-206.642
-209.271
-205.006
-171.967
-202.813
-201.634
-206.508
-168.431
-193.943
-216.807
-183.744
-174.518
-179.262
-181.627
-212.044
-219.739
-196.33
-190.231
-199.499
-173.59
-200.433
-207.259
-197.039
-194.395
-209.508
-203.36
-184.069
-181.607
-221.139
-166.148
-173.809
-176.567
-185.918
-202.339
-163.499
-182.838
-173.7
-206.871
-201.972
-215.025
-157.891
-179.326
-166.184
-201.073
-177.341
-190.514
-212.593
-202.24
-200.194
-222.323
-198.972
-188.722
-181.805
-226.372
-192.802
-205.782
-225.615
-207.03
-204.218
-203.27
-182.761
-213.331
-175.141
-185.847
-211.254
-199.05
-198.446
-203.179
-174.307
-204.134
-211.354
-162.768
-162.983
-177.137
-174.969
-170.702
-193.549
-183.657
-240.487
-208.373
-176.625
-212.361
-190.356
-187.921
-157.171
-190.187
-221.521
-197.614
-163.526
-155.405
-200.522
-219.518
-187.81
-189.1
-177.056
-192.071
-193.11
-197.653
-181.053
-196.764
-189.422
-161.391
-229.243
-193.162
-217.762
-206.152
-155.181
-183.218
-174.635
-199.287
-201.239
-172.489
-176.109
-188.036
-176.031
-179.175
-187.964
-202.948
-174.906
-215.131
-192.275
-204.136
-178.347
-184.563
-175.411
-204.435
-188.587
-175.334
-200.337
-183.015
-180.558
-197.959
-225.564
-187.113
-177.98
-191.119
-148.694
-144.876
-200.353
-181.736
-192.503
-181.233
-168.214
-158.739
-168.106
-162.113
-179.505
-240.886
-180.995
-170.492
-221.418
-173.38
-187.793
-178.437
-215.176
-185.096
-183.024
-172.369
-187.971
-154.695
-169.099
-257.365
-208.442
-202.367
-180.636
-212.716
-186.259
-189.839
-229.311
-172.122
-187.304
-190.391
-181.182
-208.227
-182.218
-211.212
-205.526
-211.547
-228.669
-185.936
-190.877
-199.205
-195.61
-184.112
-177.466
-192.104
-199.12
-218.472
-194.391
-191.301
-184.084
-194.495
-205.481
-203.671
-180.603
-213.514
-206.759
-166.83
-196.573
-177.293
-211.6
-182.813
-178.719
-179.989
-189.572
-219.126
-197.595
-220.789
-195.168
-181.689
-113.464
-162.66
-211.667
-203.193
-196.563
-183.224
-208.091
-174.123
-192.576
-160.229
-179.479
-162.788
-209.792
-183.708
-211.114
-168.857
-201.793
-168.309
-178.667
-176.758
-191.774
-170.509
-212.162
-198.867
-214.021
-182.151
-208.739
-200.275
-194.386
-187.191
-196.61
-201.701
-215.154
-182.159
-208.956
-191.23
-210.241
-190.873
-162.289
-201.34
-190.469
-217.385
-199.133
-193.3
-195.094
-193.764
-178.934
-232.473
-166.412
-157.759
-192.401
-183.454
-181.986
-180.566
-193.066
-207.995
-194.036
-182.05
-171.887
-153.118
-207.488
-164.448
-164.507
-178.96
-174.829
-178.226
-171.926
-187.552
-198.339
-178.099
-217.421
-188.202
-159.015
-183.912
-188.859
-188.699
-141.869
-197.801
-186.532
-199.121
-175.46
-188.442
-197.26
-181.786
-201.695
-194.343
-162.354
-170.755
-211.196
-206.334
-197.57
-175.203
-209.757
-198.855
-165.621
-187.21
-177.403
-160.931
-206.181
-197.559
-227.305
-188.808
-151.877
-223.419
-194.036
-156.39
-197.314
-225.937
-195.739
-195.117
-216.373
-194.982
-210.736
-166.392
-186.752
-211.569
-200.357
-188.39
-198.862
-206.688
-166.369
-193.609
-170.814
-184.501
-168.425
-219.778
-156.826
-161.788
-210.44
-162.351
-183.628
-153.809
-207.653
-198.883
-185.723
-200.161
-196.35
-193.351
-192.364
-187.122
-188.007
-171.153
-169.777
-147.666
-192.424
-224.6
-193.87
-204.704
-173.928
-175.297
-197.044
-180.264
-175.289
-185.561
-160.38
-170.475
-209.599
-189.212
-175.616
-225.736
-188.097
-196.375
-202.272
-165.075
-198.059
-151.967
-189.715
-230.861
-202.49
-199.598
-177.526
-169.925
-193.09
-188.728
-195.485
-194.259
-166.122
-183.693
-200.024
-198.105
-183.053
-195.857
-187.086
-196.421
-164.277
-226.143
-192.693
-210.482
-207.668
-205.243
-174.194
-214.234
-225.981
-191.949
-227.248
-197.35
-208.488
-183.193
-171.543
-206.187
-207.125
-198.916
-214.1
-193.41
-188.832
-170.417
-202.372
-189.856
-161.885
-178.787
-181.04
-180.005
-184.445
-160.202
-188.242
-159.89
-185.56
-181.578
-181.662
-181.469
-194.637
-207.503
-195.293
-167.514
-221.977
-211.479
-171.211
-213.947
-156.447
-202.44
-187.791
-196.158
-166.379
-197.724
-201.325
-213.788
-185.398
-179.695
-218.871
-168.229
-177.498
-184.879
-208.067
-171.419
-218.229
-197.313
-170.891
-169.243
-171.337
-194.465
-208.395
-189.152
-169.642
-222.218
-217.813
-198.25
-198.596
-251.693
-191.085
-224.861
-230.853
-176.78
-175.219
-192.981
-210.932
-198.64
-195.278
-181.441
-193.169
-218.65
-182.424
-218.729
-189.486
-184.646
-183.95
-195.841
-214.233
-183
-171.862
-177.049
-200.619
-213.007
-187.917
-207.817
-232.408
-190.007
-197.577
-182.373
-191.187
-191.11
-245.825
-185.037
-194.652
-210.361
-190.13
-177.776
-210.295
-199.526
-229.94
-170.961
-196.046
-199.436
-203.162
-198.272
-181.822
-188.778
-188.656
-199.433
-197.434
-194.353
-180.347
-195.749
-175.317
-191.787
-183.091
-186.74
-211.952
-187.261
-183.472
-195.589
-199.064
-163.37
-173.483
-173.349
-212.871
-165.669
-215.038
-183.28
-155.58
-181.364
-179.408
-187.168
-196.904
-184.715
-161.809
-207.195
-222.708
-181.007
-211.361
-210.496
-182.612
-197.358
-174.326
-187.812
-226.05
-195.324
-199.636
-185.206
-200.6
-229.417
-203.202
-198.988
-196.918
-195.475
-210.513
-208.327
-159.949
-205.414
-176.152
-237.093
-188.315
-191.65
-215.51
-205.396
-204.27
-179.738
-191.633
-183.213
-201.751
-187.763
-187.088
-178.887
-189.285
-192.896
-227.62
-225.558
-187.199
-146.878
-171.016
-213.779
-199.604
-200.275
-204.373
-161.846
-192.219
-205.027
-181.135
-167.467
-166.865
-236.519
-207.909
-216.287
-187.301
-166.403
-216.405
-210.835
-194.175
-184.915
-208.748
-193.815
-220.009
-177.504
-188.016
-208.462
-219.876
-172.082
-202.434
-205.803
-177.268
-186.943
-229.003
-182.413
-218.829
-179.866
-179.909
-196.18
-190.602
-206.877
-193.46
-187.879
-227.34
-196.988
-197.363
-219.975
-181.935
-199.102
-207.839
-189.51
-217.085
-187.023
-186.09
-209.982
-168.164
-191.298
-226.72
-165.103
-169.785
-197.152
-184.455
-203.769
-176.609
-218.521
-206.615
-196.356
-183.903
-170.19
-198.287
-213.406
-218.279
-176.903
-165.58
-191.793
-182.816
-222.934
-178.677
-182.608
-204.246
-212.067
-173.601
-186.916
-203.002
-194.076
-202.499
-192.263
-225.831
-175.952
-203.622
-172.956
-182.765
-174.674
-190.886
-212.326
-213.698
-198.329
-182.801
-177.224
-127.195
-156.235
-178.255
-207.056
-204.916
-149.881
-193.604
-199.096
-179.306
-168.994
-164.612
-199.122
-169.63
-171.166
-187.223
-194.39
-196.055
-209.223
-172.158
-188.775
-200.224
-208.725
-183.173
-201.758
-188.246
-162.593
-207.191
-185.608
-190.664
-206.265
-183.931
-208.953
-155.66
-199.928
-178.571
-181.271
-175.938
-193.996
-237.877
-193.081
-203.976
-189.623
-182.852
-181.227
-178.297
-224.487
-209.365
-196.634
-204.545
-221.383
-194.424
-181.916
-181.343
-191.928
-189.766
-157.331
-185.823
-187.149
-151.879
-170.252
-191.32
-177.135
-204.18
-188.205
-168.172
-182.573
-197.061
-156.862
-243.001
-157.519
-183.432
-185.697
-175.941
-211.106
-181.215
-188.055
-209.261
-194.354
-190.48
-182.544
-205.828
-182.02
-183.992
-175.269
-203.205
-157.685
-180.791
-178.812
-204.348
-171.343
-175.855
-173.011
-218.169
-188.99
-173.101
-187.927
-201.561
-186.658
-184.78
-205.165
-186.639
-185.008
-194.504
-188.387
-174.926
-192.642
-168.699
-211.056
-201.052
-196.01
-166.769
-160.768
-187.795
-196.844
-200.831
-178.77
-223.729
-197.422
-178.257
-208.495
-178.246
-188.762
-179.324
-159.107
-194.067
-197.745
-204.008
-176.737
-179.795
-207.531
-233.046
-182.925
-190.767
-195.812
-185.503
-183.851
-210.101
-189.072
-173.008
-162.653
-180.014
-170.249
-170.912
-196.149
-193.051
-193.102
-209.88
-183.639
-170.699
-178.854
-194.793
-194.237
-180.779
-188.403
-172.25
-169.976
-196.588
-173.81
-194.817
-209.64
-167.273
-202.25
-197.038
-219.424
-173.256
-222.698
-226.111
-213.145
-214.74
-196.345
-177.564
-196.319
-180.187
-207.893
-174.064
-174.03
-183.4
-180.315
-223.775
-202.771
-207.771
-185.384
-172.974
-215.745
-181.379
-210.352
-194.701
-178.969
-196.81
-200.402
-177.762
-185.949
-148.039
-189.474
-212.009
-171.711
-204.058
-218.296
-212.842
-195.297
-195.679
-179.393
-171.614
-184.352
-189.98
-207.477
-185.333
-193.297
-175.601
-176.784
-208.096
-216.389
-230.429
-223.018
-205.781
-192.744
-190.711
-198.961
-184.562
-192.821
-217.604
-165.043
-175.789
-189.741
-178.77
-213.364
-171.759
-188.426
-180.438
-221.282
-187.083
-176.876
-168.907
-190.64
-194.676
-192.84
-169.441
-151.203
-229.098
-190.203
-169.852
-200.329
-184.871
-167.675
-166.423
-194.294
-179.482
-219.39
-197.13
-209.941
-190.502
-160.757
-209.16
-218.456
-185.921
-227.499
-193.08
-176.106
-217.622
-191.093
-224.031
-194.789
-206.016
-220.219
-218.325
-170.34
-164.245
-179.828
-216.218
-174.68
-213.722
-177.179
-194.948
-196.007
-180.298
-181.276
-201.087
-200.416
-210.174
-186.086
-219.712
-242.161
-201.367
-174.65
-187.307
-201.302
-180.014
-184.226
-159.187
-196.888
-153.751
-190.292
-211.865
-170.721
-140.649
-175.137
-179.633
-188.879
-212.415
-156.89
-176.967
-208.884
-171.76
-243.383
-219.545
-201.08
-170.489
-199.672
-188.653
-196.34
-214.517
-165.214
-168.911
-210.86
-202.623
-175.713
-204.729
-176.317
-193.248
-197.051
-177.64
-196.575
-172.588
-154.223
-185.106
-213.432
-176.334
-197.942
-183.15
-166.732
-207.853
-166.679
-219.397
-206.21
-168.74
-200.364
-216.618
-169.175
-184.692
-212.809
-194.804
-167.986
-186.54
-196.853
-198.492
-184.162
-165.05
-172.921
-222.876
-219.69
-163.288
-203.923
-206.032
-183.558
-176.518
-201.172
-167.21
-184.866
-182.671
-203.388
-186.408
-186.086
-188.329
-226.371
-216.643
-220.14
-185.341
-191.21
-204.575
-195.011
-220.335
-201.727
-154.524
-164.113
-196.562
-201.388
-166.846
-167.465
-204.807
-156.56
-210.413
-170.109
-202.201
-202.64
-182.345
-192.754
-154.691
-193.714
-193.938
-158.68
-194.541
-189.403
-186.244
-174.372
-188.102
-182.205
-196.709
-187.713
-214.961
-214.309
-187.456
-199.659
-201.59
-203.274
-216.675
-166.486
-197.485
-209.184
-181.575
-203.146
-182.168
-213.753
-183.915
-169.361
-164.627
-188.588
-183.934
-157.041
-203.775
-195.278
-183.463
-188.044
-193.756
-179.464
-208.636
-215.952
-165.934
-188.501
-200.489
-183.126
-183.231
-159.126
-192.942
-208.962
-186.682
-242.836
-221.261
-155.453
-179.489
-216.654
-171.493
-173.194
-180.638
-184.753
-156.4
-160.774
-226.147
-201.856
-189.839
-191.192
-172.372
-181.507
-161.567
-202.678
-184.16
-171.141
-185.293
-203.406
-213.678
-171.424
-173.167
-192.47
-199.672
-186.343
-199.455
-202.82
-211.509
-205.033
-169.548
-209.67
-176.58
-203.237
-186.473
-175.085
-209.723
-210.089
-156.671
-191.32
-165.336
-221.092
-194.762
-185.047
-194.09
-192.66
-174.494
-188.46
-192.523
-172.906
-177.245
-186.555
-184.357
-202.966
-169.709
-186.864
-162.152
-157.667
-197.944
-215.764
-211.49
-159.33
-148.139
-192.852
-201.275
-185.563
-174.244
-202.663
-196.414
-188.638
-185.819
-166.065
-237.788
-184.583
-210.709
-222.665
-185.761
-241.947
-232.024
-191.852
-221.874
-169.342
-176.471
-187.723
-173.418
-183.454
-201.441
-200.431
-180.371
-192.786
-202.018
-197.281
-222.449
-176.838
-187.587
-186.034
-163.661
-156.055
-202.082
-165.747
-189.078
-186.323
-200.291
-183.439
-198.886
-211.547
-174.141
-169.157
-185.537
-176.564
-190.253
-190.472
-214.847
-195.383
-214.921
-202.779
-194.451
-199.504
-184.712
-187.964
-194.756
-198.094
-212.91
-180.197
-189.679
-187.533
-193.491
-227.238
-205.146
-200.567
-180.986
-213.585
-193.095
-186.078
-205.059
-192.496
-180.907
-185.493
-170.191
-204.58
-185.619
-160.515
-197.646
-173.794
-196.078
-171.437
-202.838
-183.295
-215.267
-175.18
-180.071
-204.552
-190.121
-211.515
-211.662
-166.722
-163.967
-170.065
-201.166
-226.781
-197.278
-168.847
-209.372
-207.705
-202.327
-194.113
-204.206
-206.136
-225.881
-189.579
-168.084
-196.385
-184.746
-170.981
-190.214
-191.248
-145.29
-210.54
-183.319
-198.339
-190.149
-181.749
-195.615
-187.181
-192.82
-154.055
-176.737
-182.727
-194.902
-198.261
-197.617
-165.7
-194.121
-161.706
-187.99
-192.107
-182.947
-173.482
-168.11
-208.299
-179.026
-211.749
-199.559
-181.983
-180.158
-195.862
-210.142
-198.798
-190.52
-188.389
-167.313
-198.223
-216.643
-202.709
-178.438
-200.157
-210.668
-202.023
-203.047
-201.446
-196.276
-209.8
-199.166
-194.939
-175.922
-205.249
-229.462
-158.149
-189.971
-186.899
-166.584
-202.921
-177.262
-226.003
-208.485
-179.507
-196.166
-140.829
-214.265
-205.625
-212.543
-203.431
-176.53
-206.088
-217.593
-155.16
-184.797
-227.125
-219.519
-183.692
-212.16
-210.242
-179.5
-185.344
-196.826
-168.507
-178.357
-171.42
-204.958
-190.709
-181.142
-186.811
-180.569
-170.724
-172.332
-206.88
-194.342
-225.864
-165.481
-220.91
-176.528
-204.66
-181.035
-200.206
-164.365
-177.797
-166.108
-180.744
-189.333
-175.208
-164.209
-216.051
-192.678
-171.972
-208.545
-178.983
-154.674
-164.523
-202.922
-163.431
-231.186
-194.044
-200.513
-134.605
-184.599
-237.242
-154.682
-171.769
-202.06
-212.651
-175.578
-183.577
-169.739
-226.076
-192.368
-196.743
-180.448
-147.918
-194.311
-196.654
-175.388
-178.723
-181.952
-204.667
-215.902
-167.201
-191.87
-169.6
-151.064
-191.633
-188.946
-207.71
-191.254
-165.542
-173.687
-191.097
-188.611
-200.979
-192.421
-175.349
-211.147
-216.042
-224.537
-197.661
-175.949
-160.309
-197.318
-158.81
-181.779
-181.382
-196.603
-202.628
-181.944
-166.083
-202.89
-190.271
-184.755
-205.23
-179.378
-214.955
-221.831
-227.479
-190.629
-184.943
-218.035
-197.238
-150.347
-176.321
-193.396
-171.253
-179.411
-203.513
-167.488
-179.775
-200.346
-208.839
-191.142
-169.8
-183.816
-176.74
-177.438
-194.403
-171.307
-190.123
-190.669
-173.485
-202.655
-192.122
-218.655
-220.077
-200.851
-170.305
-205.768
-157.745
-184.017
-194.74
-207.609
-197.363
-191.036
-171.74
-162.89
-197.79
-209.71
-189.238
-200.48
-176.794
-212.408
-178.238
-164.778
-175.884
-168.942
-175.358
-205.504
-207.094
-198.71
-196.375
-180.868
-197.722
-202.495
-188.568
-198.509
-204.25
-220.266
-226.712
-216.06
-203.317
-186.182
-193.24
-192.255
-210.705
-165.864
-187.794
-151.405
-224.786
-207.951
-202.154
-176.895
-202.226
-207.636
-171.031
-191.003
-194.991
-188.19
-212.241
-160.35
-229.416
-223.264
-164.732
-211.703
-179.66
-204.98
-144.832
-189.463
-208.297
-188.906
-197.32
-198.613
-184.713
-186.673
-189.687
-197.424
-180.418
-197.699
-191.209
-195.215
-193.245
-178.75
-167.658
-181.659
-183.794
-178.704
-209.927
-176.725
-199.429
-178.647
-161.489
-195.536
-205.996
-211.493
-174.073
-182.508
-184.949
-202.351
-173.903
-192.416
-202.004
-215.645
-218.947
-191.594
-176.187
-185.905
-209.711
-188.351
-207.043
-192.913
-205.43
-154.136
-200.617
-191.543
-206.278
-180.154
-180.813
-182.994
-188.715
-202.772
-204.9
-166.68
-208.513
-189.547
-196.424
-161.371
-186.891
-188.89
-197.819
-182.928
-187.948
-147.785
-200.14
-165.138
-188.414
-213.339
-198.653
-185.509
-206.067
-186.511
-214.812
-189.259
-215.828
-171.748
-197.903
-180.352
-194.075
-180.72
-210.047
-202.637
-198.174
-201.142
-193.285
-154.653
-200.317
-203.59
-175.56
-196.316
-215.013
-174.425
-199.373
-172.865
-186.808
-190.237
-202.623
-174.511
-202.766
-201.889
-166.62
-207.656
-201.976
-191.23
-157.135
-170.996
-188.726
-220.514
-193.227
-170.419
-219.194
-197.042
-208.17
-171.913
-173.606
-175.579
-196.777
-184.974
-213.481
-189.091
-205.174
-149.389
-196.58
-197.701
-178.589
-170.21
-164.618
-180.97
-197.098
-151.597
-176.915
-180.149
-184.359
-219.915
-214.496
-185.041
-234.691
-223.097
-171.61
-185.044
-229.443
-175.846
-181.649
-205.516
-210.95
-145.267
-206.093
-192.551
-189.736
-176.306
-178.428
-184.966
-185.601
-196.697
-218.114
-202.507
-182.952
-181.539
-180.302
-198.039
-202.378
-208.232
-205.278
-183.263
-214.11
-179.004
-196.206
-201.574
-207.511
-183.167
-181.286
-167.82
-221.672
-195.93
-200.589
-174.331
-161.863
-192.058
-205.036
-198.581
-186.822
-155.76
-195.277
-183.678
-180.773
-182.861
-176.238
-173.635
-188.012
-219.11
-201.319
-168.489
-206.933
-186.48
-180.131
-183.042
-198.557
-195.979
-188.75
-201.093
-182.014
-169.384
-170.925
-199.38
-174.199
-214.071
-202.468
-180.54
-161.915
-176.367
-174.449
-219.044
-196.242
-166.393
-196.323
-212.875
-197.749
-205.856
-191.425
-192.946
-184.948
-176.541
-188.577
-172.608
-201.517
-196.601
-180.458
-243.021
-179.399
-200.619
-172.752
-190.891
-175.059
-186.733
-187.665
-191.316
-189.734
-207.165
-177.495
-177.432
-224.646
-165.168
-164.576
-194.06
-210.095
-187.467
-180.877
-184.856
-172.864
-177.438
-165.254
-193.403
-208.447
-170.863
-182.594
-166.25
-233.15
-210.346
-201.486
-167.055
-190.674
-187.959
-189.601
-211.922
-193.964
-179.546
-211.906
-214.723
-196.992
-160.009
-200.428
-177.601
-204.114
-222.902
-198.167
-183.68
-183.204
-201.132
-157.895
-177.443
-164.919
-167.196
-192.325
-203.579
-212.927
-196.584
-200.956
-193.3
-179.844
-219.646
-213.323
-186.707
-179.948
-207.508
-175.156
-204.675
-182.341
-186.974
-208.17
-188.588
-169.715
-179.8
-198.97
-204.727
-201.864
-187.165
-239.09
-183.382
-203.903
-196.828
-182.159
-209.627
-171.636
-213.827
-169.725
-175.866
-165.899
-185.269
-204.143
-208.785
-202.399
-160.073
-195.356
-225.324
-208.658
-214.583
-207.316
-181.173
-215.207
-219.013
-175.574
-210.661
-221.293
-184.782
-193.504
-156.371
-186.68
-208.443
-214.813
-179.74
-190.346
-194.486
-200.59
-204.48
-208.238
-171.982
-213.871
-170.8
-212.506
-187.187
-177.292
-165.489
-193.782
-175.363
-213.337
-174.316
-200.184
-205.726
-188.214
-151.893
-158.504
-185.479
-191.632
-210.746
-167.478
-191.05
-222.472
-206.514
-184.922
-187.532
-200.554
-184.557
-162.475
-191.138
-171.617
-196.987
-173.762
-185.269
-180.316
-228.528
-164.35
-185.028
-196.452
-168.053
-174.707
-196.124
-184.485
-188.878
-183.864
-197.009
-177.384
-178.927
-173.501
-211.232
-176.609
-201.742
-167.002
-210.321
-195.15
-180.997
-174.785
-187.548
-184.321
-178.076
-204.292
-195.91
-186.567
-201.642
-166.156
-167.313
-182.99
-201.484
-193.327
-172.805
-182.77
-203.171
-195.665
-199.597
-203.481
-222.374
-180.323
-208.35
-193.071
-201.636
-197.632
-179.717
-176.87
-177.361
-214.222
-201.643
-199.725
-187.64
-178.209
-230.268
-182.664
-172.398
-194.426
-171.426
-209.857
-193.774
-177.786
-161.067
-179.89
-220.398
-186.668
-184.619
-237.824
-204.997
-201.444
-200.146
-199.553
-207.587
-198.715
-165.079
-210.473
-190.346
-210.91
-188.685
-179.93
-177.269
-197.801
-212.595
-203.947
-168.875
-189.063
-214.536
-212.288
-190.99
-181.441
-174.097
-196.683
-222.622
-200.898
-174.388
-209.29
-207.381
-158.28
-193.776
-215.368
-223.547
-195.068
-244.997
-182.899
-150.587
-191.344
-219.255
-179.662
-167.906
-163.138
-208.091
-198.417
-183.214
-206.061
-187.617
-168.834
-175.322
-201.242
-249.772
-227.182
-213.99
-198.942
-181.449
-184.12
-219.581
-168.935
-207.168
-187.428
-181.362
-200.776
-210.534
-205.054
-202.346
-175.737
-174.83
-188.35
-194.41
-191.36
-192.103
-184.37
-205.239
-173.775
-199.146
-194.47
-168.503
-195.418
-196.993
-166.712
-182.95
-183.438
-180.723
-170.215
-222.005
-186.729
-236.614
-182.012
-161.954
-168.578
-174.681
-200.127
-211.122
-189.505
-228.268
-196.297
-186.354
-186.335
-167.28
-203.798
-185.538
-198.489
-218.415
-182.448
-180.609
-175.066
-209.641
-177.574
-183.326
-193.923
-214.254
-180.517
-183.542
-173.651
-161.684
-174.727
-193.795
-189.038
-177.129
-189.389
-205.402
-186.078
-202.097
-204.26
-207.529
-182.805
-202.474
-212.593
-201.014
-187.482
-180.48
-225.525
-159.299
-189.872
-201.577
-174.498
-184.259
-184.796
-184.917
-206.717
-151.263
-165.367
-174.392
-175.144
-221.761
-157.447
-171.718
-217.23
-173.49
-183.775
-215.227
-161.585
-186.296
-202.524
-206.586
-190.627
-212.941
-183.767
-174.339
-208.475
-189.533
-221.058
-179.277
-230.108
-202.855
-180.914
-205.935
-221.171
-167.539
-194.113
-171.815
-192.116
-186.802
-161.554
-238.593
-209.664
-184.133
-201.276
-199.643
-201.61
-180.076
-181.948
-180.886
-182.063
-187.701
-187.607
-167.255
-156.417
-189.099
-219.074
-200.081
-201.738
-218.989
-203.371
-194.047
-186.693
-192.607
-202.753
-185.209
-239.703
-177.086
-188.632
-206.927
-191.338
-211.474
-214.733
-205.066
-218.765
-192.309
-201.273
-190.123
-210.423
-179.047
-188.28
-174.445
-207.22
-193.311
-177.704
-190.386
-201.028
-207.118
-190.398
-178.612
-196.223
-181.593
-200.338
-193.971
-196.408
-205.751
-190.715
-168.094
-178.341
-193.24
-183.259
-209.343
-206.958
-164.668
-182.98
-197.581
-200.941
-181.778
-204.929
-163.086
-184.882
-165.374
-174.365
-204.35
-175.056
-196.252
-198.584
-244.573
-211.585
-225.189
-178.167
-167.137
-190.997
-191.633
-225.031
-184.227
-187.734
-201.992
-208.974
-234.614
-176.57
-191.778
-187.556
-149.986
-180.682
-217.739
-245.273
-169.361
-167.239
-189.167
-237.006
-175.841
-196.381
-178.495
-186.253
-187.502
-184.001
-242.016
-188.748
-141.753
-166.206
-202.449
-192.983
-164.217
-212.717
-196.139
-197.557
-205.234
-229.993
-179.519
-191.309
-189.281
-183.401
-196.862
-170.829
-201.195
-179.383
-223.76
-161.068
-180.288
-196.395
-177.329
-197.768
-173.246
-190.232
-187.797
-203.465
-168.858
-199.214
-190.563
-201.548
-174.209
-186.251
-210.959
-208.055
-170.035
-198.591
-169.023
-193.661
-197.063
-173.341
-199.002
-168.483
-219.964
-211.105
-202.134
-189.994
-180.739
-179.18
-174.367
-196.427
-197.022
-183.691
-193.383
-193.994
-199.987
-183.939
-209.357
-216.716
-212.277
-189.334
-192.681
-189.536
-211.075
-200.019
-171.471
-176.835
-174.591
-167.942
-203.809
-202.016
-181.358
-196.746
-207.146
-197.323
-197.144
-174.107
-172.867
-173.436
-177.563
-171.079
-192.998
-161.066
-164.698
-198.142
-164.748
-156.547
-174.39
-171.937
-182.564
-201.887
-156.596
-152.803
-172.722
-210.388
-243.5
-208.609
-204.222
-213.324
-185.282
-191.34
-194.845
-189.081
-178.285
-230.82
-194.928
-182.418
-164.563
-206.127
-193.843
-200.513
-184.819
-225.622
-175.367
-209.562
-196.33
-223.485
-188.228
-186.432
-219.077
-191.436
-173.438
-224.443
-222.694
-195.799
-207.069
-232.079
-201.083
-177.352
-207.901
-189.936
-185.044
-197.233
-166.201
-185.032
-185.686
-227.279
-192.214
-190.8
-179.193
-195.105
-182.605
-206.642
-199.209
-164.582
-217.769
-197.457
-183.348
-206.187
-190.172
-234.186
-182.955
-178.325
-184.768
-205.102
-179.891
-205.326
-202.258
-202.935
-169.591
-170.617
-190.85
-230.296
-200.017
-164.676
-186.682
-192.156
-204.421
-180.303
-191.312
-223.848
-207.595
-199.789
-178.889
-153.822
-204.572
-197.726
-186.949
-199.339
-186.934
-179.073
-173.567
-204.104
-166.376
-204.315
-160.17
-207.525
-183.457
-188.408
-203.643
-188.56
-195.344
-188.294
-178.032
-189.383
-181.659
-213.727
-251.579
-220.52
-188.988
-205.284
-199.265
-178.65
-201.625
-195.766
-181.702
-229.438
-193.674
-198.151
-226.877
-210.918
-217.527
-212.522
-188.137
-190.023
-163.121
-148.185
-167.615
-197.284
-177.029
-179.169
-226.644
-194.311
-161.186
-168.193
-210.307
-181.8
-209.765
-196.75
-189.295
-183.362
-203.524
-173.16
-188.289
-198.224
-145.841
-206.383
-200.025
-188.309
-158.128
-199.527
-173.871
-168.78
-188.699
-164.426
-197.32
-192.42
-166.067
-204.391
-200.941
-194.783
-208.565
-182.272
-179.312
-166.597
-206.146
-206.838
-209.348
-191.561
-183.651
-177.99
-237.286
-196.286
-192.763
-180.764
-224.071
-187.538
-204.638
-173.531
-188.962
-195.061
-173.088
-205.796
-186.398
-178.525
-180.525
-195.958
-219.721
-185.084
-193.528
-220.767
-194.258
-156.346
-168.636
-201.284
-184.077
-207.243
-177.057
-203.373
-166.911
-175.901
-151.785
-199.476
-179.364
-189.274
-188.776
-207.079
-208.07
-202.34
-178.642
-205.339
-177.982
-162.594
-181.606
-177.973
-186.051
-175.215
-219.286
-193.131
-223.109
-207.196
-189.364
-166.299
-182.893
-184.4
-209.383
-187.406
-180.812
-219.105
-180.28
-176.954
-170.647
-179.873
-200.893
-188.197
-161.871
-175.191
-200.92
-174.725
-185.84
-196.174
-175.724
-166.797
-186.084
-195.804
-217.632
-174.151
-197.751
-183.103
-158.814
-216.235
-185.809
-221.487
-172.771
-186.448
-206.41
-161.024
-197.333
-208.615
-189.761
-185.124
-225.183
-218.856
-198.148
-193.306
-205.798
-220.185
-193.102
-168.12
-217.28
-225.38
-170.042
-174.212
-197.781
-189.994
-213.973
-208.605
-195.076
-194.082
-200.252
-188.172
-202.816
-182.443
-194.094
-166.998
-179.218
-189.295
-194.418
-171.245
-191.735
-196.943
-208.107
-194.389
-204.165
-166.386
-183.242
-186.887
-168.67
-204.883
-196.921
-180.502
-199.105
-193.106
-178.649
-157.539
-175.735
-199.389
-193.458
-194.054
-207.146
-187.058
-176.232
-196.359
-194.051
-205.88
-212.562
-211.464
-166.493
-208.024
-200.451
-175.099
-197.57
-199.573
-229.031
-193.802
-177.291
-178.652
-198.609
-183.239
-197.542
-172.851
-189.118
-170.198
-181.474
-201.152
-219.851
-207.88
-179.702
-181.794
-180.226
-181.193
-191.166
-179.41
-193.937
-183.792
-183.263
-162.271
-207.701
-211.142
-198.582
-202.846
-197.681
-204.227
-192.771
-195.807
-179.18
-184.742
-190.409
-187.955
-209.859
-230.089
-178.117
-181.975
-189.844
-206.331
-216.547
-196.894
-174.253
-201.645
-177.192
-170.936
-197.824
-174.407
-181.882
-174.701
-184.349
-172.293
-200.324
-190.066
-191.528
-183.507
-190.173
-175.083
-172.324
-162.78
-177.279
-198.805
-181.04
-184.505
-182.577
-226.282
-168.907
-195.582
-170.45
-193.185
-193.193
-168.493
-171.49
-199.292
-203.415
-187.928
-173.239
-184.642
-197.708
-219.369
-192.745
-161.283
-166.212
-233.226
-185.998
-175.077
-176.232
-200.117
-174.331
-206.199
-178.294
-190.663
-172.956
-218.433
-186.436
-232.986
-236.616
-196.719
-202.111
-179.17
-194.747
-183.481
-200.725
-193.791
-176.345
-159.947
-212.817
-184.261
-202.838
-208.006
-188.722
-202.771
-197.717
-169.109
-173.812
-179.868
-166.708
-174.12
-189.454
-195.853
-227.848
-198.25
-207.879
-212.676
-202.393
-203.417
-186.942
-221.094
-192.449
-181.678
-158.167
-182.84
-210.618
-191.041
-203.956
-204.709
-186.41
-219.458
-222.619
-186.929
-192.101
-229.763
-220.444
-209.395
-215.63
-199.754
-221.782
-213.09
-184.393
-190.924
-190.32
-182.156
-191.31
-166.661
-208.638
-200.93
-195.432
-202.959
-196.893
-183.018
-219.322
-168.804
-151.247
-184.763
-209.255
-197.977
-155.147
-190.163
-218.351
-200.809
-172.978
-179.945
-193.414
-152.426
-199.575
-191.638
-192.909
-207.707
-232.483
-202.809
-160.95
-204.555
-195.714
-223.866
-171.753
-217.045
-199.905
-186.594
-196.156
-178.438
-162.302
-161.461
-182.952
-193.009
-193.799
-173.021
-158.81
-169.317
-175.774
-183.391
-185.723
-214.037
-204.923
-181.408
-172.269
-186.228
-189.655
-191.515
-188.515
-191.722
-172.183
-190.453
-229.057
-175.201
-205.411
-184.565
-166.757
-209.297
-180.62
-175.973
-172.428
-227.421
-213.316
-175.783
-192.978
-183.606
-228.85
-197.634
-169.316
-213.666
-223.06
-211.742
-200.91
-197.963
-200.524
-209.504
-162.603
-210.833
-186.515
-210.874
-177.07
-203.283
-203.492
-182.642
-164.985
-214.188
-205.914
-206.625
-163.102
-157.701
-179.849
-198.584
-159.439
-200.308
-182.789
-166.794
-153.719
-137.273
-199.669
-206.606
-205.873
-200.383
-207.888
-198.531
-191.801
-194.943
-196.632
-196.106
-185.155
-223.707
-161.487
-159.173
-189.685
-189.581
-168.25
-193.966
-230.109
-163.38
-205.172
-185.278
-166.426
-159.866
-178.183
-226.323
-220.023
-196.369
-191.52
-152.581
-197.576
-203.014
-174.555
-200.006
-206.716
-184.719
-198.601
-202.998
-179.689
-185.493
-189.126
-168.281
-190.204
-190.946
-187.39
-178.854
-121.54
-187.494
-166.479
-231.872
-214.905
-202.433
-148.018
-211.564
-210.173
-153.186
-186.073
-189.28
-190.835
-166.23
-177.947
-159.19
-182.86
-176.518
-182.302
-161.429
-214.051
-186.394
-166.463
-171.236
-199.745
-190.753
-230.155
-195.126
-178.691
-237.858
-199.937
-185.947
-191.322
-186.87
-203.428
-192.142
-192.639
-198.911
-184.361
-191.931
-180.884
-200.258
-201.932
-196.161
-201.133
-194.7
-205.232
-201.019
-194.911
-180.199
-189.726
-213.647
-177.723
-196.009
-203.606
-211.481
-187.805
-199.437
-210.718
-195.686
-204.045
-176.87
-209.03
-210.589
-216.151
-182.68
-196.338
-215.3
-209.007
-215.674
-203.062
-192.694
-198.929
-222.733
-191.629
-174.15
-178.176
-175.792
-187.134
-194.498
-194.076
-189.29
-185.827
-179.391
-191.511
-193.425
-174.147
-199.495
-197.98
-187.503
-202.469
-192.437
-170.749
-176.032
-184.589
-194.783
-184.629
-198.935
-178.686
-224.953
-196.735
-208.726
-171.674
-208.65
-195.252
-163.994
-171.798
-195.274
-170.273
-181.089
-200.049
-204.143
-225.39
-185.214
-183.242
-196.526
-191.817
-210.429
-176.832
-183.623
-212.016
-168.383
-205.922
-162.171
-188.279
-177.867
-178.921
-181.536
-189.897
-211.802
-213.184
-206.917
-180.739
-201.26
-197.265
-222.845
-182.369
-209.797
-200.084
-192.121
-186.763
-208.268
-186.406
-182.992
-207.973
-199.739
-235.583
-206.682
-188.233
-217.599
-199.202
-182.974
-199.555
-183.244
-203.037
-151.598
-166.288
-175.902
-170.693
-202.282
-216.823
-169.839
-207.433
-184.592
-204.736
-180.369
-165.556
-198.227
-199.831
-215.793
-223.279
-178.224
-202.25
-205.963
-168.348
-198.79
-178.724
-183.24
-171.291
-183.35
-200.766
-180.223
-192.267
-184.426
-195.986
-204.687
-185.988
-217.044
-205.695
-179.357
-168.43
-195.914
-195.738
-186.682
-198.392
-199.092
-212.105
-205.988
-167.087
-156.594
-181.087
-197.738
-143.629
-202.194
-200.509
-186.003
-199.767
-170.695
-181.296
-222.397
-183.067
-211.55
-188.055
-177.388
-179.454
-165.722
-181.403
-160.128
-204.343
-173.047
-204.194
-194.467
-188.143
-195.386
-175.39
-164.697
-235.336
-205.204
-192.54
-193.025
-182.468
-195.01
-192.561
-194.161
-182.538
-212.943
-198.416
-190.469
-186.527
-263.887
-179.203
-193.603
-183.838
-212.191
-217.308
-227.476
-207.468
-187.636
-192.206
-209.31
-196.959
-178.504
-170.419
-203.881
-160.32
-202.048
-193.856
-186.149
-180.183
-206.781
-195.625
-186.118
-163.976
-201.536
-187.352
-198.327
-145.357
-204.335
-200.935
-199.229
-201.833
-206.554
-190.186
-193.963
-200.287
-174.604
-179.52
-202.812
-181.222
-168.821
-214.083
-173.117
-210.618
-216.984
-164.826
-199.884
-200.096
-209.06
-184.201
-193.967
-203.082
-188.404
-185.486
-209.347
-207.493
-176.637
-193.341
-209.668
-217.586
-230.527
-183.92
-179.757
-176.34
-188.487
-189.203
-153.521
-154.796
-188.889
-191.696
-185.332
-172.043
-177.974
-173.079
-149.017
-193.172
-213.55
-162.609
-193.704
-177.114
-204.054
-225.595
-189.902
-158.898
-162.533
-189.205
-193.622
-212.968
-191.491
-175.723
-199.125
-159.707
-216.266
-167.639
-164.55
-191.92
-167.64
-190.423
-198.647
-198.513
-187.458
-210.617
-222.905
-200.508
-200.248
-180.019
-213.621
-161.17
-182.337
-203.372
-196.031
-169.49
-157.834
-201.672
-178.946
-155.583
-184.666
-178.214
-170.119
-205.817
-175.952
-183.689
-172.133
-225.86
-202.175
-179.195
-187.284
-180.94
-154.285
-187.702
-201.388
-232.973
-245.591
-193.19
-197.917
-197.411
-200.156
-183.352
-212.5
-183.048
-209.401
-207.75
-204.459
-187.749
-198.864
-205.689
-203.348
-178.69
-170.855
-192.958
-198.069
-179.441
-183.541
-156.137
-199.809
-171.982
-176.481
-213.132
-168.44
-210.026
-189.054
-204.888
-167.117
-174.286
-153.174
-182.035
-187.281
-162.325
-184.565
-175.533
-197.676
-183.901
-214.108
-199.345
-193.567
-172.738
-167.414
-172.864
-195.932
-181.747
-213.581
-188.234
-180.727
-186.696
-170.332
-178.386
-202.771
-190.149
-192.371
-183.831
-187.869
-205.963
-183.512
-169.669
-191.758
-184.101
-187.741
-235.394
-203.863
-162.955
-196.716
-190.684
-190.101
-219.636
-181.096
-217.997
-186.192
-173.063
-190.645
-188.101
-203.296
-218.326
-178.288
-152.028
-184.486
-185.304
-181.289
-201.859
-188.523
-203.557
-176.293
-185.573
-218.241
-184.743
-167.01
-186.38
-192.237
-205.532
-197.22
-164.766
-228.052
-182.647
-217.754
-183.42
-174.188
-180.205
-183.252
-203.584
-185.726
-183.936
-172.391
-196.885
-218.584
-194.235
-195.924
-199.502
-171.682
-204.445
-207.944
-208.841
-221.934
-191.549
-233.956
-161.528
-188.864
-206.723
-196.606
-196.575
-185.157
-191.392
-198.381
-170.104
-199.696
-215.186
-217.666
-216.1
-180.109
-189.482
-171.787
-170.323
-190.984
-199.678
-196.91
-177.164
-170.907
-184.264
-162.864
-181.505
-151.594
-189.723
-202.242
-197.94
-195.002
-207.171
-192.06
-185.464
-192.914
-177.72
-196.713
-220.343
-186.236
-194.054
-202.662
-193.462
-182.212
-191.16
-169.416
-212.624
-203.842
-189.651
-183.264
-177.562
-191.921
-164.88
-179.365
-201.944
-196.864
-189.923
-200.35
-159.878
-158.733
-205.385
-208.164
-185.143
-187.853
-211.109
-223.147
-187.387
-202.948
-178.323
-179.541
-193.233
-165.55
-141.316
-191.596
-179.064
-179.727
-171.438
-171.09
-230.901
-184.085
-188.462
-189.006
-200.528
-168.188
-184.903
-180.903
-188.804
-178.991
-187.817
-159.225
-213.978
-181.682
-175.467
-183.917
-217.141
-187.089
-186.986
-201.609
-212.361
-190.325
-196.691
-160.309
-190.755
-206.001
-205.317
-179.873
-199.982
-167.686
-229.03
-194.34
-193.472
-179.712
-170.957
-179.814
-206.55
-196.6
-176.508
-223.874
-210.203
-205.923
-228.273
-208.521
-188.019
-208.491
-169.531
-165.296
-179.548
-186.532
-176.009
-194.87
-190.053
-163.08
-168.086
-159.726
-207.768
-155.839
-204.384
-193.593
-211.969
-199.086
-205.197
-182.428
-189.336
-200.908
-178.206
-177.359
-190.433
-191.196
-208.36
-232.08
-196.511
-186.987
-190.038
-181.096
-168.607
-186.374
-149.298
-183.009
-185.111
-221.818
-177.125
-175.392
-174.998
-198.094
-196.865
-183.281
-222.748
-176.251
-183.872
-199.856
-202.641
-196.611
-194.547
-198.999
-220.987
-170.215
-193.704
-168.554
-170.821
-187.145
-221.083
-204.915
-192.982
-158.351
-186.157
-196.937
-193.878
-190.468
-190.105
-195.028
-187.512
-186.372
-179.095
-185.035
-192.546
-190.352
-182.326
-185.288
-181.934
-202.174
-176.443
-219.951
-215.052
-160.356
-186.299
-158.097
-169.658
-203.088
-190.99
-166.99
-165.152
-222.754
-178.757
-217.02
-180.894
-190.048
-183.739
-189.98
-202.677
-196.22
-199.731
-201.476
-208.447
-182.011
-210.185
-204.534
-189.151
-187.404
-199.928
-174.162
-184.03
-192.91
-183.157
-216.823
-176.176
-196.669
-213.684
-173.192
-175.848
-207.962
-199.815
-171.52
-179.975
-207.361
-190.457
-189.253
-162.153
-185.516
-213.092
-203.515
-188.308
-196.666
-165.219
-195.862
-188.088
-195.223
-197.296
-222.369
-203.477
-186.08
-204.524
-173.138
-175.314
-179.17
-184.264
-206.65
-221.496
-217.827
-184.29
-211.62
-203.598
-185.808
-180.212
-210.966
-173.012
-163.381
-197.599
-201.986
-171.618
-214.033
-193.559
-165.784
-210.091
-184.023
-205.641
-185.332
-222.043
-210.051
-184.977
-184.676
-226.214
-189.037
-210.065
-176.847
-173.351
-202.35
-192.937
-210.828
-184.543
-188.574
-152.226
-184.407
-206.703
-206.13
-168.948
-178.518
-167.455
-171.786
-218.327
-162.877
-194.505
-212.91
-188.834
-201.566
-174.179
-198.751
-189.449
-171.24
-201.011
-182.307
-220.246
-215.257
-195.911
-178.649
-177.293
-188.798
-192.586
-205.596
-179.474
-163.676
-195.587
-211.832
-185.256
-202.068
-201.589
-223.488
-194.576
-165.101
-185.508
-226.256
-182.675
-189.32
-198.622
-180.755
-163.563
-183.38
-179.903
-179.442
-199.004
-175.86
-168.434
-183.667
-172.661
-179.743
-174.903
-185.881
-182.268
-222.567
-174.123
-208.903
-196.992
-189.663
-190.293
-154.683
-163.146
-184.6
-187.412
-188.118
-208.377
-189.289
-187.818
-179.164
-197.634
-170.306
-198.726
-142.891
-180.991
-164.355
-193.63
-212.667
-203.469
-178.382
-187.412
-158.95
-182.801
-185.499
-159.899
-198.725
-199.129
-169.159
-195.472
-203.075
-146.925
-172.045
-199.279
-156.803
-158.927
-219.218
-181.791
-175.239
-173.495
-174.596
-166.329
-205.058
-183.144
-223.524
-187.045
-189.638
-187.524
-190.354
-197.995
-212.477
-169.594
-176.04
-257.679
-197.756
-210.719
-198.756
-175.549
-182.367
-186.755
-186.94
-190.115
-205.79
-214.96
-170.442
-185.228
-210.138
-214.288
-172.589
-165.914
-177.397
-195.923
-176.374
-211.232
-186.731
-211.209
-204.026
-215.282
-172.319
-175.851
-154.26
-178.38
-175.95
-206.428
-195.69
-211.873
-197.052
-179.331
-150.017
-167.848
-159.523
-195.186
-190.687
-201.546
-207.783
-135.681
-201.997
-171.662
-202.229
-224.507
-163.058
-210.024
-190.465
-206.753
-167.525
-182.193
-196.822
-198.479
-179.969
-196.148
-170.779
-223.368
-176.633
-179.605
-186.652
-176.333
-179.582
-169.161
-196.96
-204.05
-177.114
-192.418
-180.528
-221.312
-210.518
-178.086
-168.856
-182.14
-166.971
-212.812
-216.022
-198.102
-179.463
-193.927
-184.521
-213.345
-190.486
-205.605
-161.004
-200.669
-207.375
-182.002
-175.153
-186.433
-192.546
-195.108
-213.797
-218.203
-178.955
-194.542
-215.002
-169.097
-199.234
-218.732
-191.219
-160.43
-219.086
-210.008
-230.195
-201.393
-166.767
-207.977
-184.429
-198.635
-162.436
-205.041
-198.731
-222.563
-192.065
-169.159
-187.548
-176.083
-192.904
-204.165
-186.866
-232.818
-198.977
-195.735
-201.991
-156.459
-175.952
-163.625
-186.744
-175.451
-194.404
-179.659
-181.589
-178.726
-199.778
-189.258
-197.685
-195.941
-246.935
-169.489
-175.874
-205.945
-186.28
-158.395
-181.517
-197.624
-186.813
-191.483
-217.642
-187.093
-195.472
-192.317
-179.006
-187.914
-194.444
-187.027
-183.663
-207.782
-189.535
-159.671
-192.249
-187.453
-217.611
-183.802
-206.974
-181.201
-200.174
-181.016
-198.767
-188.448
-225.544
-174.317
-159.554
-191.908
-182.171
-205.888
-191.365
-179.754
-198.272
-216.453
-201.171
-215.937
-166.576
-216.021
-192.536
-204.227
-169.213
-176.832
-172.449
-225.333
-185.886
-142.146
-175.693
-182.075
-209.159
-169.69
-194.833
-197.518
-200.417
-191.559
-191.176
-163.435
-217.508
-166.611
-209.802
-191.743
-190.305
-162.289
-173.829
-205.852
-179.489
-192.985
-177.617
-180.64
-174.142
-183.042
-182.166
-180.826
-188.764
-208.948
-163.341
-179.508
-150.332
-188.082
-223.29
-207.327
-184.063
-235.779
-198.836
-193.994
-188.711
-219.196
-204.256
-144.398
-176.755
-178.199
-175.129
-201.564
-168.685
-171.549
-195.537
-186.407
-209.627
-190.382
-200.648
-200.061
-184.158
-195.083
-172.764
-190.878
-186.815
-178.577
-190.677
-181.214
-176.658
-195.423
-190.812
-200.882
-198.55
-190.258
-198.366
-186.507
-209.42
-166.198
-208.643
-194.945
-203.296
-214.486
-192.946
-186.651
-187.719
-205.051
-194.848
-178.231
-182.536
-199.766
-217.795
-198.446
-204.581
-218.049
-179.088
-195.219
-184.224
-180.811
-237.75
-200.944
-215.546
-161.775
-168.833
-207.409
-181.008
-190.371
-203.167
-207.535
-196.934
-217.077
-181.689
-165.335
-185.403
-213.756
-204.552
-217.055
-246.337
-193.462
-189.909
-180.343
-173.895
-196.235
-177.909
-219.231
-163.789
-154.358
-217.641
-199.337
-179.13
-187.477
-192.017
-183.978
-208.12
-157.347
-194.373
-206.506
-168.777
-218.979
-175.622
-191.607
-184.364
-180.72
-213.7
-204.907
-210.439
-176.349
-189.081
-185.214
-206.566
-179.724
-200.422
-157.514
-205.744
-171.434
-197.345
-188.647
-187.299
-195.981
-190.815
-203.573
-168.132
-194.508
-173.124
-167.161
-175.496
-183.979
-181.603
-236.954
-180.222
-165.97
-163.821
-210.818
-198.761
-189.159
-179.266
-162.931
-194.776
-193.034
-184.107
-187.888
-173.808
-225.78
-187.352
-185.09
-224.569
-165.039
-185.648
-182.587
-193.101
-167.725
-170.309
-205.603
-173.28
-220.979
-196.663
-200.672
-178.158
-191.752
-220.848
-201.904
-164.219
-199.91
-178.119
-225.327
-169.845
-177.104
-195.527
-175.931
-206.816
-211.582
-217.828
-215.216
-199.38
-208.896
-197.737
-161.693
-166.87
-230.267
-167.592
-181.869
-197.292
-213.29
-208.376
-173.813
-202.439
-201.376
-181.605
-194.084
-182.661
-183.969
-206.998
-188.638
-186.457
-191.205
-174.626
-206.335
-213.07
-220.83
-196.809
-199.93
-233.961
-185.596
-194.228
-179.27
-196.472
-206.628
-186.229
-196.066
-212.771
-191.756
-199.402
-197.568
-174.627
-183.274
-170.66
-235.582
-182.674
-201.412
-176.731
-208.301
-191.762
-206.157
-203.188
-165.716
-189.993
-218.742
-186.448
-166.687
-196.323
-190.4
-171.004
-194.757
-164.935
-194.871
-171.277
-178.006
-187.597
-206.413
-196.37
-174.597
-174.029
-191.559
-204.78
-217.611
-184.895
-189.006
-228.204
-203.423
-182.384
-193.323
-214.595
-181.525
-180.723
-199.925
-180.966
-203.179
-217.451
-213.642
-215.953
-194.04
-171.384
-195.85
-198.988
-176.661
-166.581
-190.191
-197.594
-181.42
-204.118
-178.095
-208.621
-194.001
-188.603
-204.925
-165.711
-216.287
-160.738
-184.378
-166.381
-155.72
-233.934
-210.384
-142.394
-235.33
-203.673
-181.473
-180.529
-184.942
-220.381
-175.388
-161.117
-182.225
-176.945
-202.82
-209.613
-179.141
-212.573
-203.178
-184.585
-215.563
-198.847
-196.981
-185.581
-182.847
-205.575
-188.299
-159.904
-152.216
-165.9
-205.169
-212.977
-187.227
-193.98
-194.754
-199.881
-231.297
-191.263
-189.633
-197.513
-196.919
-181.565
-209.258
-204.845
-199.387
-182.796
-157.672
