0.861958 0.852165
0.846866 0.851109
0.86014 0.849926
0.845378 0.844664
0.855917 0.859519
0.849131 0.852841
0.846309 0.844564
0.854717 0.846336
0.85684 0.860231
0.863836 0.853474
0.866948 0.858689
0.871949 0.870211
0.872256 0.870692
0.879151 0.875413
0.886991 0.886585
0.865416 0.870631
0.853212 0.86159
0.840865 0.836545
0.840548 0.834772
0.824306 0.823469
0.817493 0.813983
0.815379 0.821922
0.826719 0.837197
0.814274 0.826899
0.84157 0.839278
0.842935 0.854691
0.843762 0.839503
0.84175 0.84117
0.846256 0.854087
0.858846 0.85634
0.845599 0.852803
0.843597 0.84405
0.832728 0.831206
0.833867 0.835086
0.834688 0.831714
0.850664 0.846991
0.839948 0.838757
0.852557 0.84999
0.847539 0.856467
0.850315 0.858467
0.859634 0.860432
0.864936 0.871815
0.868112 0.872078
0.876499 0.877743
0.856586 0.857486
0.8539 0.835266
0.834709 0.840522
0.841172 0.840019
0.851544 0.856037
0.831574 0.831957
0.835059 0.840605
0.833705 0.833806
0.822193 0.825316
0.826985 0.829802
0.836437 0.839954
0.844825 0.845312
0.842603 0.840313
0.853367 0.857013
0.857342 0.859062
0.842497 0.846085
0.838505 0.838805
0.837676 0.841589
0.839045 0.839378
0.835167 0.825449
0.817969 0.82836
0.845026 0.84254
0.840146 0.840528
0.839952 0.83954
0.850338 0.848092
0.821156 0.827694
0.828463 0.822882
0.836261 0.834568
0.849816 0.840325
0.85152 0.854957
0.86913 0.867939
0.855686 0.853117
0.843304 0.838016
0.870696 0.862821
0.862595 0.861729
0.866705 0.86306
0.844082 0.841214
0.845484 0.840566
0.856824 0.861818
0.871665 0.871736
0.855571 0.85774
0.850561 0.854601
0.870286 0.864072
0.881468 0.877598
0.876657 0.881428
0.867542 0.862806
0.8641 0.861538
0.849979 0.85389
0.855229 0.857882
0.86696 0.863644
0.860463 0.860667
0.870363 0.867236
0.868051 0.861736
0.855099 0.850294
0.843837 0.846736
0.861123 0.86321
0.874949 0.873653
0.867434 0.871384
0.86862 0.874065
0.875368 0.87492
0.871159 0.868798
0.863106 0.861593
0.864665 0.861966
0.861106 0.865003
0.857695 0.853804
0.86033 0.861382
0.857751 0.871873
0.849202 0.855184
0.846076 0.84884
0.842317 0.846879
0.840257 0.831994
0.841245 0.841263
0.828587 0.833443
0.824868 0.827537
0.842486 0.840053
0.825591 0.830327
0.832488 0.832242
0.82191 0.829381
0.836741 0.830806
0.820816 0.832179
0.819648 0.820718
0.815204 0.817195
0.819573 0.816317
0.831989 0.826441
0.818857 0.824722
0.825008 0.834085
0.843939 0.847317
0.842014 0.834444
0.841565 0.852447
0.840494 0.838862
0.850188 0.848398
0.850621 0.847065
0.843894 0.841439
0.846199 0.838903
0.845075 0.844008
0.854765 0.854259
0.853177 0.84843
0.842938 0.840051
0.852575 0.847895
0.860555 0.849525
0.838519 0.842501
0.834659 0.837442
0.836762 0.835707
0.85782 0.854549
0.858222 0.873638
0.878778 0.876726
0.879111 0.876868
0.853306 0.86853
0.869013 0.875767
0.854481 0.860088
0.85373 0.8632
0.852084 0.849738
0.858116 0.857094
0.858189 0.850578
0.867833 0.874043
0.87149 0.872232
0.868855 0.865028
0.877597 0.876929
0.853815 0.857439
0.865268 0.864439
0.875836 0.881714
0.879253 0.874073
0.867925 0.869544
0.878386 0.872599
0.869132 0.8699
0.856337 0.860447
0.870967 0.872411
0.865314 0.862689
0.881384 0.881801
0.857226 0.868339
0.860309 0.856904
0.869372 0.863124
0.853813 0.865616
0.852277 0.859148
0.870071 0.871141
0.851019 0.86126
0.863353 0.862328
0.838829 0.849936
0.855673 0.856509
0.867073 0.872819
0.868384 0.863034
0.873691 0.874736
0.875986 0.880386
0.878699 0.871222
0.862367 0.861422
0.861391 0.855343
0.879561 0.871896
0.876824 0.87556
0.867497 0.861946
0.860583 0.866559
0.8684 0.858258
0.863824 0.867768
0.86335 0.87387
0.875947 0.866207
0.86604 0.867259
0.863046 0.867914
0.864623 0.871387
0.867058 0.864734
0.850147 0.853079
0.866706 0.869181
0.873292 0.876041
0.875876 0.86976
0.887239 0.889853
0.877232 0.881332
0.870321 0.877261
0.851925 0.862366
0.833948 0.831743
0.844165 0.839925
0.848156 0.84761
0.852348 0.861209
0.858284 0.857643
0.84689 0.845591
0.841969 0.844302
0.832241 0.835744
0.829079 0.831203
0.843951 0.842963
0.852015 0.855427
0.867415 0.859606
0.863334 0.862891
0.856073 0.856601
0.87037 0.86496
0.875182 0.879489
0.870041 0.871636
0.873004 0.869144
0.87813 0.873925
0.861601 0.866572
0.852524 0.855932
0.847024 0.851184
0.866278 0.857191
0.858539 0.869714
0.863113 0.86849
0.862094 0.869065
0.849124 0.859485
0.850786 0.851849
0.854743 0.862371
0.862885 0.859306
0.871037 0.87512
0.878026 0.876095
0.869514 0.866385
0.862554 0.86129
0.8717 0.86767
0.860531 0.853904
0.862868 0.863083
0.870472 0.870368
0.86806 0.864269
0.863045 0.870759
0.868464 0.869359
0.866894 0.871514
0.874795 0.866074
0.873023 0.873285
0.872779 0.87992
0.871303 0.863729
0.866545 0.871182
0.8778 0.879441
0.867832 0.873089
0.865593 0.870432
0.871595 0.870177
0.868254 0.872151
0.870683 0.864745
0.875692 0.870324
0.876801 0.879355
0.868358 0.86622
0.87796 0.879739
0.884603 0.882462
0.878461 0.875369
0.876693 0.874481
0.873263 0.865138
0.868175 0.864199
0.876656 0.882592
0.869564 0.870649
0.865927 0.864441
0.859516 0.859521
0.863181 0.860717
0.853013 0.860837
0.846697 0.845089
0.875836 0.864526
0.856661 0.864572
0.868426 0.865604
0.874063 0.867944
0.85594 0.858866
0.852141 0.856509
0.847068 0.84728
0.865931 0.862915
0.869658 0.860877
0.851014 0.849266
0.848674 0.838604
0.848099 0.844159
0.846151 0.854532
0.866898 0.863761
0.871665 0.87625
0.874631 0.878521
0.853592 0.860369
0.861683 0.856798
0.861213 0.857886
0.864485 0.869744
0.85538 0.855827
0.862485 0.862356
0.873513 0.864146
0.871198 0.85954
0.868627 0.866043
0.856813 0.856459
0.867378 0.865035
0.860202 0.854478
0.861437 0.860653
0.861935 0.860021
0.858489 0.857398
0.861348 0.858952
0.852304 0.857565
0.846983 0.846751
0.860036 0.858149
0.864688 0.862395
0.875562 0.873076
0.859644 0.855863
0.857796 0.854039
0.865855 0.869622
0.863341 0.856183
0.867885 0.869922
0.876238 0.875464
0.862591 0.86938
0.855386 0.860691
0.853661 0.855641
0.864594 0.854361
0.868151 0.867365
0.860949 0.860093
0.863038 0.853875
0.85357 0.854803
0.839636 0.833474
0.852976 0.852798
0.851681 0.857278
0.853769 0.86026
0.86253 0.853593
0.85899 0.863201
0.858883 0.851479
0.854837 0.856272
0.860693 0.866082
0.882821 0.876632
0.868018 0.874592
0.870907 0.87334
0.879733 0.882124
0.871609 0.864199
0.861131 0.87096
0.86833 0.868002
0.867846 0.865501
0.862913 0.860514
0.859233 0.86989
0.878311 0.872126
0.86848 0.875618
0.866455 0.871075
0.868651 0.872381
0.88092 0.875559
0.866994 0.865749
0.859498 0.861747
0.875338 0.86546
0.874448 0.867762
0.865644 0.867988
0.860919 0.856367
0.858421 0.869544
0.870036 0.858842
0.855773 0.858583
0.871891 0.866207
0.873175 0.871053
0.875093 0.872343
0.867866 0.877002
0.885197 0.879314
0.875444 0.88562
0.87952 0.876088
0.86249 0.858899
0.852921 0.858971
0.853158 0.848868
0.872207 0.867947
0.861129 0.865325
0.862106 0.866834
0.858758 0.856597
0.862115 0.857953
0.866372 0.868457
0.87336 0.870038
0.859834 0.861008
0.877112 0.868082
0.880568 0.880771
0.887212 0.891148
0.873146 0.867997
0.864433 0.876566
0.881097 0.878243
0.873186 0.878754
0.87119 0.866237
0.865909 0.872416
0.875086 0.871265
0.875462 0.87331
0.879726 0.872981
0.869163 0.875247
0.870451 0.873015
0.874837 0.872799
0.869208 0.86818
0.86189 0.861621
0.859805 0.860639
0.867856 0.870237
0.863407 0.871862
0.868433 0.868473
0.859605 0.870721
0.858477 0.856479
0.857211 0.855564
0.867189 0.867573
0.866167 0.866853
0.869802 0.868155
0.878701 0.875704
0.880082 0.880222
0.866588 0.864433
0.874516 0.875846
0.884225 0.881497
0.86296 0.861699
0.8639 0.862902
0.859327 0.852399
0.867589 0.858326
0.868512 0.871042
0.872494 0.86638
0.861984 0.863982
0.859203 0.861407
0.857171 0.858274
0.852225 0.850854
0.862828 0.865621
0.880439 0.88235
0.884767 0.883003
0.881472 0.878882
0.880885 0.879661
0.865758 0.866757
0.874092 0.876421
0.878789 0.873405
0.876633 0.87107
0.871428 0.864086
0.876055 0.872742
0.871058 0.881316
0.870737 0.878129
0.867076 0.856394
0.857975 0.849459
0.84739 0.846937
0.852482 0.85335
0.855873 0.859493
0.8568 0.857048
0.867122 0.865388
0.870306 0.872162
0.87631 0.869327
0.869595 0.875674
0.87877 0.881276
0.872417 0.875309
0.880824 0.873384
0.880149 0.877958
0.881821 0.88376
0.873991 0.877766
0.869017 0.861956
0.868712 0.883343
0.869874 0.858875
0.870798 0.877773
0.876967 0.880475
0.876442 0.873291
0.883157 0.874606
0.8922 0.888953
0.87826 0.87437
0.877394 0.88482
0.872611 0.869585
0.878956 0.871793
0.867479 0.86062
0.878152 0.870878
0.86147 0.856589
0.857632 0.858284
0.864672 0.85566
0.873107 0.869337
0.870888 0.880293
0.876983 0.873547
0.864811 0.865051
0.866646 0.866413
0.860527 0.86784
0.866584 0.859642
0.856095 0.862028
0.866407 0.865996
0.857908 0.860312
0.838622 0.836215
0.831189 0.83433
0.834636 0.830598
0.843451 0.838946
0.84987 0.84785
0.847566 0.847185
0.856742 0.868692
0.866779 0.861128
0.861914 0.857975
0.862082 0.865668
0.868613 0.865589
0.854364 0.850998
0.85983 0.861195
0.861012 0.862582
0.850002 0.852297
0.858625 0.86763
0.855708 0.860753
0.853241 0.855144
0.848772 0.847285
0.851172 0.848405
0.863606 0.859033
0.859101 0.855507
0.872564 0.880762
0.856749 0.84272
0.849041 0.844703
0.853902 0.851354
0.868889 0.863652
0.859779 0.84948
0.864851 0.865154
0.86979 0.871061
0.872125 0.869232
0.871448 0.865374
0.861185 0.864265
0.871274 0.870128
0.866125 0.86463
0.871803 0.874504
0.8779 0.870364
0.851548 0.852726
0.86661 0.859276
0.857281 0.850917
0.856921 0.855228
0.891836 0.889181
0.883523 0.875313
0.879712 0.872127
0.888963 0.883395
0.879026 0.882208
0.863596 0.862539
0.86309 0.864227
0.849872 0.8513
0.860452 0.86369
0.865452 0.859399
0.872304 0.867308
0.866581 0.872852
0.877646 0.877104
0.886718 0.879539
0.874553 0.873855
0.884752 0.877233
0.885942 0.889927
0.883785 0.882214
0.884467 0.88622
0.88533 0.883694
0.882821 0.888981
0.879372 0.873458
0.87281 0.873365
0.849202 0.85622
0.863842 0.859832
0.875673 0.87178
0.87681 0.881573
0.865666 0.865549
0.86739 0.867416
0.876094 0.86887
0.86601 0.863677
0.871905 0.87846
0.884771 0.889758
0.88136 0.875023
0.869126 0.867676
0.85557 0.857094
0.854984 0.855684
0.86136 0.858389
0.853671 0.844584
0.859473 0.858535
0.869382 0.866248
0.871973 0.87341
0.875426 0.878871
0.861422 0.86201
0.859692 0.858998
0.865033 0.867644
0.863057 0.862618
0.867207 0.874671
0.88499 0.88327
0.89259 0.899178
0.88495 0.885061
0.873688 0.867518
0.885718 0.87502
0.880607 0.881725
0.876354 0.86985
0.871949 0.874676
0.876794 0.878127
0.852458 0.854036
0.848159 0.852576
0.851827 0.85326
0.858241 0.856968
0.863691 0.862602
0.868211 0.870344
0.871715 0.874754
0.882428 0.875846
0.856318 0.864202
0.857741 0.862393
0.85721 0.85794
0.858511 0.855099
0.853949 0.861264
0.852983 0.857284
0.852822 0.85467
0.854721 0.861241
0.83898 0.84014
0.832798 0.836379
0.833426 0.838797
0.830742 0.825449
0.842472 0.848369
0.843647 0.849606
0.851982 0.852469
0.859788 0.859041
0.869333 0.867515
0.859516 0.861101
0.837142 0.835257
0.833576 0.835905
0.845461 0.850685
0.835108 0.83229
0.827524 0.836686
0.828812 0.829473
0.836047 0.84523
0.84394 0.848373
0.849376 0.846411
0.853385 0.852457
0.829872 0.837575
0.847932 0.843991
0.826359 0.836449
0.838446 0.838127
0.835272 0.847301
0.847142 0.844168
0.851519 0.845781
0.850597 0.851788
0.852005 0.858852
0.865271 0.861159
0.868148 0.872174
0.868016 0.869051
0.879243 0.879958
0.870539 0.873385
0.870084 0.872515
0.872562 0.867335
0.872347 0.873085
0.865194 0.865486
0.86013 0.858883
0.868515 0.865427
0.85729 0.850041
0.854489 0.851428
0.858145 0.86246
0.873014 0.87577
0.880618 0.876293
0.876509 0.877486
0.86356 0.864919
0.872333 0.870204
0.852602 0.857441
0.86785 0.867761
0.850861 0.852746
0.85491 0.855769
0.848712 0.84909
0.849462 0.844147
0.845969 0.849207
0.857812 0.856567
0.857332 0.859746
0.866176 0.86965
0.869866 0.864092
0.858002 0.865889
0.848198 0.851887
0.863009 0.870985
0.878988 0.88102
0.873204 0.871785
0.867611 0.864214
0.868614 0.862733
0.858673 0.857252
0.862332 0.865278
0.85786 0.864403
0.839715 0.843885
0.822272 0.824979
0.827639 0.826521
0.83903 0.849506
0.865856 0.863093
0.881103 0.878543
0.878618 0.877177
0.873813 0.875698
0.876171 0.873687
0.871029 0.87131
0.870723 0.869573
0.86746 0.87016
0.872064 0.877816
0.871187 0.870455
0.867995 0.862349
0.854549 0.865478
0.849339 0.85486
0.864525 0.872179
0.864127 0.860062
0.85021 0.856945
0.869807 0.86054
0.850369 0.849051
0.841734 0.842744
0.855905 0.84937
0.848356 0.857658
0.867176 0.866266
0.861299 0.856566
0.849172 0.850085
0.842365 0.851102
0.868709 0.867863
0.859936 0.871043
0.881116 0.880023
0.883129 0.872359
0.886806 0.881523
0.868698 0.869462
0.851914 0.845907
0.85566 0.848085
0.834565 0.840485
0.856174 0.857029
0.878182 0.875988
0.877025 0.874515
0.881966 0.88763
0.87328 0.868658
0.875717 0.872578
0.863937 0.869002
0.877707 0.879223
0.881833 0.879061
0.883218 0.885511
0.893672 0.895844
0.877928 0.882483
0.881226 0.876998
0.871385 0.869775
0.871602 0.87105
0.859097 0.868592
0.862062 0.856147
0.869575 0.869447
0.869008 0.864103
0.849823 0.851237
0.857388 0.852599
0.847748 0.844247
0.85656 0.852445
0.851588 0.851227
0.858193 0.857927
0.856427 0.858242
0.854382 0.847334
0.851151 0.862649
0.850554 0.858736
0.870084 0.852171
0.851588 0.853414
0.8674 0.86769
0.866208 0.86538
0.86734 0.87295
0.850622 0.862348
0.861962 0.858146
0.859218 0.864073
0.868361 0.86656
0.855931 0.857772
0.864992 0.858577
0.857992 0.852241
0.854951 0.859326
0.865183 0.860617
0.862692 0.853908
0.867373 0.869466
0.861306 0.861667
0.84772 0.8539
0.863491 0.866784
0.863477 0.865817
0.864918 0.869958
0.870113 0.865921
0.865274 0.867397
0.849295 0.849751
0.847639 0.849609
0.845414 0.847328
0.857474 0.855817
0.855337 0.862118
0.865469 0.861435
0.866745 0.87122
0.86288 0.871719
0.862909 0.86202
0.855154 0.856975
0.859421 0.855368
0.865149 0.868404
0.874024 0.873081
0.872857 0.872495
0.854069 0.855536
0.849375 0.846625
0.852989 0.856515
0.860321 0.858069
0.872172 0.870239
0.8777 0.874866
0.87931 0.877382
0.880329 0.871858
0.880735 0.880131
0.864332 0.861018
0.857179 0.859892
0.872053 0.875248
0.872295 0.87597
0.866493 0.869299
0.864593 0.874533
0.860498 0.858728
0.875499 0.87186
0.865949 0.87054
0.85919 0.862109
0.850916 0.858923
0.863481 0.863624
0.864497 0.860186
0.878401 0.886976
0.876834 0.875694
0.870274 0.871962
0.862203 0.866184
0.87523 0.879743
0.872889 0.867762
0.877912 0.877467
0.878426 0.885129
0.88714 0.880103
0.874164 0.870485
0.871055 0.876079
0.876109 0.882813
0.874285 0.877142
0.876623 0.872699
0.877292 0.880285
0.867276 0.869191
0.862603 0.866068
0.857633 0.8586
0.853989 0.856637
0.844156 0.836773
0.842058 0.846091
0.838786 0.837827
0.831814 0.831934
0.834128 0.825487
0.841089 0.846033
0.840919 0.841885
0.822292 0.831635
0.840763 0.839696
0.832002 0.826754
0.841397 0.845484
0.835134 0.835677
0.833883 0.836111
0.833656 0.824897
0.845865 0.848412
0.856712 0.857017
0.855916 0.865035
0.852929 0.860229
0.861831 0.86309
0.861514 0.852185
0.855334 0.856271
0.866632 0.872239
0.875367 0.860898
0.862769 0.868472
0.856591 0.857457
0.861563 0.864049
0.853043 0.857196
0.853897 0.847795
0.835667 0.842926
0.849815 0.850308
0.865516 0.862832
0.869568 0.859734
0.857378 0.849496
0.864362 0.862051
0.856264 0.856308
0.85458 0.860918
0.867772 0.859836
0.859144 0.847485
0.863093 0.865233
0.847688 0.848259
0.837822 0.839638
0.825806 0.827519
0.814643 0.816846
0.814417 0.826969
0.838626 0.839285
0.828425 0.828946
0.827785 0.831065
0.852168 0.845632
0.852147 0.850732
0.83334 0.844018
0.85539 0.856001
0.860104 0.86506
0.854479 0.842574
0.848047 0.846964
0.866158 0.86519
0.875881 0.880132
0.866183 0.871906
0.875502 0.880006
0.859915 0.861101
0.857249 0.860812
0.880455 0.882305
0.875528 0.870602
0.881114 0.878143
0.872493 0.870668
0.865941 0.871176
0.871086 0.87102
0.884908 0.885644
0.868633 0.872842
0.882975 0.88142
0.890999 0.89245
0.889568 0.888994
0.882984 0.88212
0.876864 0.871154
0.865723 0.864568
0.867377 0.87054
0.869512 0.868356
0.888286 0.878458
0.877672 0.874333
0.867763 0.874187
0.860482 0.865945
0.859458 0.862203
0.8498 0.852295
0.844288 0.848806
0.841506 0.835413
0.84906 0.849043
0.849976 0.849922
0.830399 0.822301
0.838157 0.842098
0.842093 0.833193
0.846794 0.850423
0.853384 0.856014
0.871877 0.870227
0.866746 0.861918
0.866242 0.875267
0.858461 0.861537
0.856528 0.859965
0.854317 0.84546
0.871086 0.867511
0.866406 0.866331
0.863136 0.864108
0.874871 0.861791
0.874187 0.86923
0.873433 0.868045
0.871787 0.866654
0.869129 0.873992
0.875049 0.86787
0.86061 0.855195
0.876993 0.868502
0.867226 0.860798
0.845431 0.841887
0.847985 0.85533
0.868194 0.870201
0.864813 0.870299
0.863605 0.871759
0.874527 0.867764
0.871496 0.871822
0.86734 0.864558
0.86563 0.857301
0.864002 0.858532
0.855154 0.855211
0.860862 0.852785
0.858928 0.864524
0.86717 0.860252
0.870539 0.872824
0.873139 0.868926
0.864692 0.873348
0.869006 0.869492
0.875689 0.875365
0.87915 0.880276
0.878357 0.881756
0.881062 0.880312
0.884093 0.882625
0.876042 0.875905
0.876258 0.876353
0.875313 0.877051
0.878044 0.88533
0.875842 0.878449
0.875413 0.876258
0.878427 0.872777
0.881141 0.875962
0.891185 0.873491
0.878711 0.881706
0.864619 0.869583
0.879001 0.877481
0.885923 0.880156
0.882182 0.880824
0.881594 0.881484
0.883084 0.8929
0.877115 0.876753
0.88029 0.875296
0.897986 0.891426
0.882419 0.883884
0.880548 0.881778
0.88899 0.887951
0.887791 0.88959
0.888318 0.899101
0.880246 0.886434
0.87873 0.881469
0.865188 0.868376
0.873372 0.867012
0.873384 0.875556
0.882712 0.878344
0.865141 0.868767
0.859934 0.852239
0.848786 0.847121
0.860375 0.854416
0.868563 0.860244
0.854111 0.857311
0.849785 0.847338
0.851688 0.85879
0.8694 0.865806
0.868142 0.869689
0.841654 0.841947
0.84792 0.851096
0.838949 0.836991
0.848902 0.845986
0.859555 0.853538
0.862686 0.86557
0.839293 0.828013
0.839416 0.842845
0.854982 0.852875
0.855083 0.853329
0.851278 0.851252
0.831195 0.837871
0.837688 0.835788
0.848421 0.85278
0.873422 0.863556
0.88244 0.884237
0.887101 0.887286
0.881177 0.881803
0.877558 0.8785
0.860022 0.864056
0.874254 0.876874
0.874415 0.872181
0.887227 0.8876
0.880988 0.877994
0.881708 0.877698
0.881447 0.887735
0.866448 0.872968
0.882457 0.88379
0.880033 0.882903
0.878674 0.880961
0.881693 0.877254
0.87392 0.881534
0.876057 0.880013
0.875107 0.874241
0.870577 0.873202
0.878118 0.874726
0.872024 0.874905
0.888405 0.881322
0.881251 0.87881
0.875367 0.868719
0.863365 0.861462
0.852001 0.858842
0.866854 0.856315
0.868476 0.868233
0.861754 0.848053
0.874682 0.879297
0.872173 0.868608
0.864757 0.862041
0.874488 0.868902
0.871507 0.876137
0.866419 0.870806
0.852155 0.839546
0.848677 0.838198
0.836233 0.836385
0.835211 0.842942
0.861318 0.856635
0.870911 0.865447
0.883078 0.877619
0.880272 0.868497
0.879876 0.876198
0.873691 0.876887
0.883532 0.879956
0.871285 0.868299
0.859165 0.860494
0.857611 0.862307
0.858691 0.863043
0.842518 0.840189
0.845916 0.835635
0.846864 0.844185
0.854175 0.85692
0.861136 0.848702
0.845946 0.849085
0.835331 0.833163
0.841052 0.841173
0.854544 0.854777
0.847159 0.846019
0.845627 0.842153
0.857816 0.858532
0.849466 0.853658
0.853785 0.851269
0.863016 0.858335
0.870203 0.864193
0.868252 0.866932
0.865348 0.86535
0.859424 0.860167
0.845809 0.852255
0.85636 0.859195
0.845595 0.839033
0.853113 0.851044
0.866344 0.863457
0.851944 0.858064
0.85807 0.863844
0.867746 0.855765
0.869556 0.862667
0.859361 0.869
0.838503 0.83978
0.849351 0.853063
0.859818 0.854632
0.869377 0.866222
0.853705 0.854547
0.863697 0.865616
0.86497 0.865894
0.874154 0.862853
0.87453 0.877346
0.878632 0.876235
0.876932 0.876025
0.879789 0.882476
0.86941 0.867927
0.855942 0.864725
0.857617 0.852948
0.854738 0.855454
0.837879 0.847505
0.852884 0.841148
0.853031 0.850684
0.860049 0.853502
0.861173 0.856739
0.860016 0.857989
0.860773 0.861129
0.858557 0.852383
0.859984 0.858217
0.863372 0.862937
0.858019 0.854816
0.862194 0.856786
0.867492 0.877089
0.869174 0.873043
0.856089 0.858302
0.858154 0.851731
0.837453 0.844371
0.833253 0.836703
0.838759 0.845709
0.851198 0.849895
0.850263 0.847777
0.836654 0.83433
0.82594 0.824471
0.836038 0.84679
0.854175 0.85054
0.855046 0.854049
0.849748 0.849726
0.847451 0.845178
0.85517 0.861344
0.851396 0.850963
0.85488 0.856013
0.848141 0.851513
0.856371 0.854487
0.857086 0.857602
0.857648 0.861595
0.862695 0.864788
0.853351 0.847579
0.858892 0.860122
0.871187 0.872382
0.86292 0.854275
0.860664 0.86142
0.882211 0.875097
0.87298 0.867454
0.855046 0.860583
0.84879 0.861308
0.860544 0.872651
0.874641 0.879448
0.869674 0.867013
0.863841 0.859736
0.858781 0.862502
0.863774 0.869617
0.869451 0.871624
0.860458 0.86013
0.854995 0.857701
0.852546 0.84788
0.861446 0.862981
0.878456 0.88564
0.881687 0.876635
0.872855 0.87245
0.869028 0.871585
0.871948 0.875772
0.860091 0.866755
0.859913 0.850791
0.869344 0.861172
0.866223 0.865181
0.871878 0.870099
0.871797 0.872207
0.874358 0.871763
0.88204 0.883075
0.866036 0.872399
0.86576 0.867416
0.859089 0.861812
0.861144 0.858651
0.851911 0.85829
0.858122 0.853806
0.858578 0.860633
0.856447 0.865721
0.872727 0.870932
0.875778 0.871212
0.877997 0.878881
0.862419 0.86509
0.847049 0.843852
0.846494 0.853243
0.859995 0.852395
0.86782 0.859906
0.85332 0.856303
0.843323 0.84308
0.859129 0.856147
0.863981 0.865566
0.866725 0.86339
0.859703 0.857111
0.863188 0.870646
0.863704 0.868305
0.866374 0.873679
0.874655 0.875185
0.847035 0.855792
0.847207 0.838541
0.843325 0.857025
0.851273 0.863128
0.870995 0.86142
0.876587 0.871015
0.879946 0.879763
0.872717 0.882375
0.874291 0.887553
0.860734 0.864368
0.86616 0.865896
0.863026 0.868456
0.864679 0.858516
0.864586 0.855073
0.857889 0.84702
0.868855 0.857027
0.855387 0.851757
0.869648 0.864455
0.878755 0.8748
0.868418 0.876901
0.878213 0.880679
0.869604 0.872183
0.868184 0.86626
0.856862 0.860415
0.886611 0.884442
0.883143 0.873829
0.866573 0.878647
0.871301 0.870648
0.855804 0.861464
0.866812 0.86051
0.845422 0.850237
0.867566 0.855182
0.847605 0.851683
0.855347 0.856877
0.861516 0.856156
0.868863 0.87112
0.879054 0.877801
0.868088 0.877036
0.872962 0.87585
0.874144 0.864954
0.882301 0.881719
0.880248 0.877578
0.885808 0.890167
0.898459 0.892622
0.888077 0.888019
0.87911 0.877095
0.873814 0.876681
0.878341 0.876655
0.875533 0.867695
0.871896 0.872793
0.875299 0.871569
0.859992 0.870088
0.866543 0.863823
0.863972 0.871399
0.880728 0.875638
0.875535 0.880688
0.862164 0.871269
0.881258 0.876104
0.874865 0.870372
0.869353 0.868862
0.850608 0.850932
0.84917 0.850865
0.854964 0.86291
0.861732 0.8648
0.853751 0.854949
0.866899 0.869668
0.848456 0.852844
0.856522 0.851488
0.84789 0.84137
0.842853 0.839108
0.84199 0.856114
0.844736 0.845694
0.857105 0.860701
0.855221 0.84714
0.851771 0.849602
0.854648 0.854809
0.857027 0.856887
0.839225 0.849279
0.846311 0.842212
0.827214 0.830996
0.833736 0.828633
0.837111 0.838736
0.845636 0.836585
0.849611 0.845981
0.848685 0.846437
0.85656 0.859617
0.84889 0.851631
0.871083 0.866025
0.87027 0.860843
0.877185 0.884992
0.875125 0.872865
0.877333 0.881706
0.879684 0.875396
0.869633 0.8728
0.872079 0.881383
0.86925 0.874946
0.862664 0.856164
0.868875 0.86713
0.86507 0.863575
0.866988 0.875014
0.857396 0.862076
0.85732 0.848541
0.861598 0.854628
0.86425 0.863458
0.855897 0.8507
0.865233 0.856958
0.878078 0.868233
0.869901 0.867455
0.858336 0.854063
0.865438 0.857373
0.866285 0.861399
0.84915 0.857067
0.864937 0.871996
0.868023 0.864391
0.863079 0.862182
0.868973 0.866282
0.854174 0.853876
0.853607 0.857032
0.861994 0.851455
0.848185 0.849104
0.837436 0.836461
0.858946 0.857122
0.835326 0.851797
0.839773 0.838162
0.849025 0.853984
0.866854 0.851262
0.850336 0.852997
0.858092 0.858848
0.869878 0.864749
0.873364 0.873582
0.876338 0.87114
0.877495 0.874454
0.869286 0.863607
0.886784 0.880349
0.87245 0.877449
0.873953 0.867554
0.864993 0.863568
0.869955 0.875312
0.871366 0.878539
0.870806 0.875045
0.869681 0.870393
0.867814 0.871097
0.877848 0.876195
0.867489 0.868351
0.873446 0.873161
0.871199 0.869988
0.864114 0.871203
0.87177 0.864534
0.872322 0.873419
0.865012 0.862611
0.860155 0.863339
0.850965 0.857721
0.863742 0.859571
0.86115 0.862995
0.860857 0.868155
0.863614 0.873738
0.871063 0.870947
0.870448 0.867694
0.863142 0.862031
0.872001 0.875294
0.848485 0.855791
0.850482 0.853861
0.867181 0.870884
0.864286 0.864366
0.856966 0.855517
0.846125 0.844017
0.845441 0.841913
0.852523 0.85577
0.850297 0.84629
0.850752 0.855015
0.866067 0.86646
0.867862 0.863972
0.857525 0.868558
0.854791 0.851741
0.850048 0.853038
0.858971 0.848415
0.876742 0.872194
0.867983 0.864797
0.858707 0.857169
0.851097 0.852583
0.874427 0.868797
0.86521 0.862386
0.85807 0.859193
0.875646 0.867585
0.866708 0.866083
0.877338 0.867329
0.883264 0.87609
0.871003 0.86859
0.863814 0.861592
0.869643 0.862375
0.863472 0.860255
0.855439 0.845849
0.843506 0.849011
0.843111 0.84904
0.873761 0.866936
0.866865 0.870248
0.868702 0.868884
0.877449 0.872463
0.885706 0.873107
0.879853 0.873676
0.879214 0.882677
0.870914 0.874526
0.869194 0.864654
0.874202 0.864777
0.856425 0.858074
0.859885 0.852547
0.856866 0.860538
0.874342 0.87473
0.845559 0.849413
0.85854 0.856051
0.867577 0.860728
0.843722 0.841316
0.864454 0.867868
0.852539 0.857916
0.861322 0.861791
0.859941 0.860487
0.870073 0.871299
0.874755 0.87291
0.87417 0.870784
0.873429 0.874193
0.864585 0.865463
0.871326 0.87813
0.877209 0.877977
0.876549 0.884737
0.873154 0.878438
0.867261 0.859862
0.866967 0.861577
0.856398 0.857025
0.859109 0.858649
0.852729 0.850612
0.865819 0.856188
0.861143 0.865187
0.868905 0.868239
0.858876 0.865031
0.869217 0.855796
0.858304 0.859213
0.860628 0.849
0.856977 0.859881
0.848704 0.85144
0.848773 0.861194
0.840891 0.838197
0.852591 0.84529
0.857321 0.857161
0.861552 0.86614
0.839412 0.846458
0.851537 0.856782
0.861731 0.851771
0.866451 0.871691
0.877805 0.873744
0.875978 0.877584
0.864748 0.874344
0.857203 0.859973
0.840204 0.842304
0.838804 0.839467
0.860506 0.857074
0.858176 0.860222
0.852866 0.852875
0.869888 0.869955
0.878467 0.873591
0.867298 0.862992
0.858486 0.849096
0.86262 0.861987
0.857483 0.85332
0.84932 0.849656
0.851241 0.848336
0.85494 0.862101
0.840475 0.845695
0.843983 0.849158
0.850274 0.844153
0.838601 0.83985
0.82353 0.816769
0.832012 0.831797
0.833887 0.836747
0.846006 0.835487
0.825921 0.830226
0.841938 0.835382
0.854972 0.855504
0.860803 0.858715
0.863059 0.862311
0.868529 0.871334
0.847571 0.842752
0.855159 0.856969
0.854771 0.857104
0.824859 0.824368
0.842297 0.841518
0.8235 0.826007
0.814837 0.812113
0.833314 0.82298
0.810673 0.810996
0.806329 0.803375
0.81309 0.807025
0.814938 0.829001
0.82818 0.835998
0.830807 0.830326
0.827554 0.828737
0.840252 0.842811
0.849574 0.845381
0.823463 0.838724
0.846979 0.840862
0.846269 0.848947
0.855887 0.86507
0.845498 0.84913
0.852142 0.851714
0.862989 0.862292
0.861452 0.864351
0.878591 0.886494
0.87549 0.871534
0.880387 0.870651
0.874122 0.871274
0.863584 0.858078
0.857732 0.856759
0.847408 0.848448
0.847299 0.844277
0.848742 0.859213
0.868893 0.870462
0.872633 0.874534
0.873573 0.881267
0.869636 0.861596
0.86569 0.871807
0.85788 0.856007
0.881652 0.875963
0.867993 0.85944
0.867168 0.863105
0.85091 0.85312
0.856614 0.85008
0.861474 0.864019
0.867969 0.873516
0.872678 0.868249
0.879637 0.872948
0.876603 0.8771
0.848059 0.854319
0.851478 0.855568
0.848552 0.855198
0.853154 0.848743
0.840224 0.846081
0.857249 0.862168
0.855481 0.859064
0.852463 0.857193
0.843409 0.841424
0.847776 0.847946
0.850537 0.857181
0.833742 0.836859
0.852186 0.849081
0.826095 0.833016
0.826291 0.835029
0.831719 0.826808
0.843045 0.838928
0.829343 0.82951
0.827803 0.8322
0.839838 0.840719
0.837583 0.825581
0.842353 0.840989
0.839022 0.834429
0.831819 0.826443
0.844466 0.847303
0.843578 0.855786
0.848842 0.850282
0.854921 0.852267
0.849753 0.8573
0.863195 0.854617
0.852327 0.855603
0.847246 0.852346
0.855704 0.859859
0.854455 0.845128
0.858977 0.85548
0.860587 0.855536
0.856027 0.855177
0.857032 0.856496
0.863463 0.856641
0.868523 0.864312
0.858539 0.860904
0.852349 0.860734
0.851757 0.860424
0.859744 0.855586
0.856091 0.869544
0.861896 0.861102
0.85249 0.858358
0.87106 0.867435
0.861142 0.859867
0.859127 0.860689
0.861032 0.855548
0.859187 0.85498
0.861885 0.866862
0.868654 0.862918
0.871627 0.873364
0.857836 0.86133
0.866046 0.862713
0.861913 0.863551
0.867511 0.867049
0.845822 0.845803
0.848904 0.847712
0.86598 0.85299
0.849915 0.853297
0.854379 0.850539
0.860092 0.858322
0.86969 0.862661
0.843042 0.838828
0.841801 0.844459
0.863143 0.861164
0.859846 0.859934
0.862882 0.859605
0.881149 0.878044
0.877692 0.875652
0.868545 0.874672
0.872266 0.875942
0.868357 0.868176
0.866986 0.871495
0.864255 0.8551
0.860363 0.865242
0.864637 0.852236
0.864239 0.862602
0.845884 0.845773
0.843378 0.841704
0.837428 0.836771
0.845365 0.834912
0.855045 0.855746
0.861982 0.855564
0.873695 0.870327
0.878868 0.879045
0.868704 0.867604
0.877003 0.872439
0.874662 0.88194
0.877686 0.876676
0.864828 0.870947
0.864417 0.854233
0.846754 0.852586
0.857634 0.873738
0.86614 0.862047
0.844008 0.847712
0.866798 0.859769
0.853253 0.843884
0.866276 0.86235
0.854781 0.854107
0.833904 0.848442
0.853849 0.852597
0.843364 0.848354
0.859609 0.85748
0.833597 0.83756
0.846628 0.84918
0.837508 0.844343
0.838795 0.84282
0.839281 0.832073
0.838554 0.83692
0.850263 0.851722
0.859197 0.863342
0.854192 0.853824
0.868419 0.864696
0.861146 0.865002
0.868737 0.868539
0.864329 0.854464
0.872075 0.865712
0.861741 0.869781
0.881556 0.885386
0.891218 0.88544
0.876836 0.878326
0.86946 0.876164
0.881782 0.878649
0.877763 0.884254
0.874183 0.879272
0.861017 0.859124
0.853323 0.853192
0.85255 0.859618
0.856729 0.867654
0.853343 0.849603
0.873828 0.858789
0.881835 0.877963
0.881834 0.87082
0.863623 0.864808
0.877749 0.868884
0.883854 0.883122
0.865993 0.869017
0.874476 0.872003
0.875788 0.877268
0.857752 0.865026
0.864837 0.862169
0.850615 0.863169
0.862849 0.857782
0.877248 0.867905
0.877398 0.879902
0.882855 0.880202
0.882372 0.882659
0.886599 0.887952
0.876102 0.875203
0.870303 0.87098
0.861489 0.868649
0.867562 0.862252
0.854818 0.857824
0.853664 0.856004
0.853429 0.847204
0.855732 0.860009
0.864082 0.865726
0.876325 0.873187
0.859719 0.865148
0.875206 0.874139
0.867541 0.867582
0.870336 0.872367
0.878336 0.872822
0.883938 0.871011
0.874728 0.867227
0.857588 0.855584
0.869007 0.862927
0.85877 0.85535
0.866284 0.867625
0.869691 0.864205
0.864811 0.862455
0.846627 0.842296
0.860285 0.851267
0.83701 0.848009
0.832012 0.838125
0.843929 0.84579
0.857436 0.858413
0.858882 0.867769
0.869016 0.859823
0.85733 0.871414
0.864051 0.869285
0.865632 0.865971
0.877001 0.878517
0.864751 0.862515
0.87452 0.880987
0.875926 0.870525
0.874207 0.874198
0.875771 0.874198
0.862933 0.861414
0.882645 0.878931
0.853015 0.857869
0.85905 0.860388
0.871627 0.879072
0.870907 0.874635
0.868931 0.869527
0.874318 0.86723
0.884116 0.882345
0.874313 0.880675
0.863061 0.859496
0.860243 0.858329
0.850406 0.854151
0.862328 0.857408
0.869748 0.8695
0.873178 0.876179
0.880369 0.879006
0.883664 0.88314
0.891851 0.892512
0.894992 0.892961
0.883989 0.885749
0.875902 0.886417
0.882458 0.87967
0.87697 0.875676
0.870049 0.874798
0.873581 0.879029
0.87386 0.878599
0.860755 0.871546
0.859499 0.868357
0.863389 0.869939
0.867125 0.865815
0.855713 0.851655
0.879315 0.877166
0.876014 0.874533
0.863683 0.86695
0.879751 0.88059
0.885082 0.886681
0.860928 0.862778
0.867971 0.868845
0.866928 0.861207
0.864129 0.852789
0.85602 0.857114
0.860318 0.852293
0.844268 0.854698
0.8584 0.852596
0.847301 0.8489
0.834055 0.833772
0.857368 0.848512
0.849314 0.863086
0.843198 0.84073
0.854473 0.852711
0.848573 0.857835
0.863997 0.866224
0.857225 0.85453
0.838089 0.838174
0.847081 0.859885
0.858408 0.862823
0.848626 0.858159
0.845091 0.843448
0.861205 0.855415
0.862075 0.863022
0.877682 0.887341
0.865964 0.868315
0.854459 0.851582
0.851398 0.860873
0.849598 0.855461
0.85621 0.856193
0.867898 0.86807
0.862097 0.865161
0.858895 0.86707
0.876085 0.879728
0.871151 0.877935
0.872383 0.866957
0.879866 0.880538
0.879409 0.875373
0.866688 0.866397
0.857586 0.862998
0.871908 0.872071
0.876675 0.88034
0.871402 0.871656
0.866956 0.874404
0.873156 0.871495
0.872876 0.87182
0.869768 0.865183
0.874924 0.873536
0.870436 0.873098
0.847572 0.858049
0.825116 0.829518
0.832564 0.842147
0.852213 0.850508
0.859334 0.857264
0.858589 0.856127
0.850617 0.85623
0.879266 0.878598
0.877664 0.87954
0.871217 0.877407
0.86412 0.86276
0.869576 0.859216
0.861591 0.853752
0.850022 0.85444
0.866268 0.86031
0.848205 0.843964
0.854679 0.857386
0.852244 0.846363
0.835371 0.84315
0.83354 0.839224
0.842919 0.839717
0.860833 0.855737
0.857516 0.859769
0.847963 0.849076
0.846809 0.846408
0.876787 0.871856
0.889017 0.883995
0.88741 0.889579
0.892252 0.89299
0.883869 0.889378
0.874213 0.882444
0.878597 0.880427
0.879382 0.878125
0.876022 0.877095
0.866801 0.868137
0.860285 0.870335
0.880818 0.878376
0.861566 0.860246
0.868729 0.873362
0.879619 0.880163
0.876931 0.879696
0.876985 0.883257
0.879624 0.873845
0.880359 0.886427
0.876371 0.875298
0.875407 0.874403
0.872785 0.879
0.866845 0.864779
0.861231 0.860826
0.852381 0.861171
0.857092 0.851272
0.853301 0.867165
0.85404 0.849392
0.864854 0.868394
0.86659 0.866126
0.871231 0.876141
0.870151 0.868343
0.868278 0.8639
0.863157 0.874576
0.882201 0.875749
0.866774 0.869599
0.876595 0.889208
0.866212 0.8732
0.873184 0.858169
0.868846 0.865566
0.860742 0.859095
0.853501 0.860765
0.86785 0.859749
0.866661 0.861047
0.851598 0.855289
0.865383 0.869705
0.857639 0.856814
0.86827 0.867513
0.864635 0.861326
0.863906 0.86458
0.863075 0.867412
0.864423 0.876326
0.873458 0.878264
0.880914 0.880024
0.880756 0.879936
0.876367 0.876419
0.872229 0.880739
0.854476 0.850972
0.849535 0.844883
0.838066 0.846063
0.846014 0.856878
0.851828 0.847697
0.847252 0.856981
0.845811 0.843243
0.846626 0.849424
0.849396 0.851757
0.870651 0.869527
0.872659 0.872845
0.863415 0.85936
0.860492 0.863028
0.855432 0.852501
0.864754 0.857829
0.859247 0.863179
0.845522 0.846882
0.863479 0.864675
0.86297 0.85882
0.857888 0.861793
0.850207 0.853747
0.857548 0.852212
0.862492 0.871069
0.87149 0.876405
0.874432 0.880764
0.881349 0.888262
0.866264 0.869419
0.871028 0.874361
0.876827 0.8774
0.866472 0.876226
0.875924 0.868992
0.866878 0.856251
0.883008 0.877178
0.868462 0.860932
0.868993 0.866577
0.865705 0.87223
0.860653 0.864517
0.859833 0.865985
0.868406 0.86884
0.876094 0.868978
0.867842 0.871322
0.865639 0.871145
0.87291 0.878316
0.868486 0.871962
0.878191 0.875903
0.874394 0.874832
0.879854 0.878195
0.873117 0.875115
0.866614 0.867362
0.868086 0.862684
0.857961 0.854133
0.868757 0.867985
0.864167 0.865243
0.857079 0.86305
0.855907 0.849646
0.864505 0.860567
0.841543 0.838872
0.84872 0.84807
0.840048 0.835495
0.833432 0.839452
0.841175 0.836442
0.831864 0.833396
0.853151 0.841957
0.855925 0.860602
0.859835 0.852272
0.875713 0.860529
0.867197 0.86886
0.870418 0.869918
0.879974 0.875236
0.862015 0.865287
0.861871 0.865779
0.878056 0.872078
0.864367 0.871372
0.890717 0.885403
0.871142 0.879156
0.869971 0.869114
0.842599 0.850492
0.864059 0.856902
0.859056 0.859269
0.857831 0.863377
0.857772 0.860142
0.852591 0.851207
0.854159 0.85286
0.856978 0.856286
0.841728 0.849261
0.831908 0.844541
0.851752 0.848934
0.855707 0.855626
0.855063 0.851969
0.871001 0.871256
0.871498 0.864358
0.877096 0.872583
0.874855 0.880845
0.873996 0.872483
0.874435 0.87898
0.87241 0.877959
0.873549 0.873526
0.871828 0.875184
0.86241 0.857976
0.854227 0.848597
0.8725 0.869635
0.873657 0.868682
0.882401 0.882457
0.874244 0.872275
0.865073 0.870189
0.872793 0.873803
0.848041 0.851417
0.844753 0.848126
0.858648 0.865973
0.8477 0.844654
0.841153 0.854427
0.85137 0.84946
0.845222 0.847582
0.857617 0.863042
0.860726 0.860848
0.863229 0.862387
0.872253 0.867449
0.861044 0.857471
0.862347 0.851976
0.854868 0.857117
0.843625 0.846267
0.860252 0.865889
0.845195 0.84871
0.844406 0.852256
0.850968 0.858381
0.844676 0.840173
0.849988 0.852882
0.832859 0.831123
0.831782 0.827418
0.832111 0.840329
0.858045 0.855204
0.827936 0.831927
0.834396 0.832434
0.8275 0.825636
0.829199 0.828975
0.829282 0.835046
0.832431 0.830363
0.839709 0.84452
0.830359 0.832131
0.845845 0.834212
0.831463 0.832002
0.832225 0.840853
0.836493 0.842341
0.855434 0.846
0.830717 0.843007
0.840436 0.845746
0.860307 0.860322
0.853756 0.866128
0.872139 0.871554
0.857427 0.860767
0.83359 0.839101
0.850999 0.84604
0.860477 0.855911
0.857017 0.859374
0.858992 0.859372
0.856887 0.858466
0.866263 0.867286
0.855571 0.853462
0.861204 0.864207
0.861033 0.859496
0.864236 0.863936
0.863683 0.861436
0.854423 0.847805
0.85641 0.85967
0.856269 0.851543
0.840395 0.84761
0.843349 0.843315
0.865102 0.860719
0.873064 0.867229
0.869823 0.863971
0.864105 0.862735
0.875688 0.866434
0.885309 0.876731
0.879227 0.885497
0.887141 0.885793
0.885413 0.880869
0.881531 0.888609
0.874574 0.875418
0.871802 0.875794
0.88458 0.88915
0.889355 0.887904
0.890024 0.892408
0.883377 0.880003
0.876855 0.877743
0.886136 0.883748
0.881904 0.885897
0.892432 0.883539
0.879463 0.886243
0.885802 0.884423
0.882373 0.877816
0.876888 0.882184
0.861764 0.86724
0.870885 0.869253
0.875369 0.867657
0.880695 0.874953
0.881435 0.873915
0.878849 0.881964
0.879737 0.87774
0.87098 0.867408
0.865425 0.867961
0.876173 0.879931
0.86529 0.87279
0.879916 0.871878
0.88789 0.880136
0.892086 0.885641
0.893639 0.893479
0.883688 0.892354
0.884215 0.891153
0.875472 0.885049
0.876403 0.875377
0.879862 0.871094
0.872944 0.880468
0.878051 0.879399
0.859027 0.858308
0.865501 0.862829
0.862479 0.861918
0.851898 0.855374
0.861369 0.861509
0.862288 0.869954
0.866864 0.861999
0.866732 0.860093
0.867005 0.862848
0.87627 0.872255
0.880959 0.873961
0.87221 0.860439
0.853971 0.856513
0.8725 0.869438
0.85534 0.865913
0.881444 0.88283
0.865552 0.86362
0.865024 0.857716
0.855634 0.853496
0.859317 0.85103
0.844023 0.843376
0.85572 0.847856
0.851526 0.861493
0.846314 0.849562
0.858883 0.849511
0.843649 0.8397
0.840548 0.833342
0.820307 0.829631
0.834097 0.833127
0.84531 0.838261
0.857182 0.852168
0.85323 0.842771
0.841038 0.840445
0.863605 0.854634
0.866081 0.872002
0.849373 0.854
0.86266 0.860142
0.870907 0.866229
0.874699 0.880744
0.866944 0.870996
0.880654 0.877038
0.878776 0.878753
0.884488 0.880045
0.878844 0.872938
0.867712 0.871843
0.869417 0.8619
0.847945 0.854364
0.863425 0.866462
0.872561 0.875704
0.880448 0.882344
0.867674 0.869034
0.874046 0.878291
0.871895 0.871574
0.8779 0.875325
0.879192 0.874516
0.855821 0.867066
0.862974 0.864167
0.865952 0.864923
0.869298 0.86679
0.85915 0.859412
0.859257 0.858036
0.851188 0.850253
0.845902 0.84409
0.861633 0.848548
0.856697 0.854971
0.84738 0.839398
0.845286 0.857215
0.851787 0.83883
0.851405 0.844202
0.84778 0.851294
0.841511 0.833062
0.852459 0.865273
0.848806 0.84607
0.859863 0.863203
0.856863 0.853613
0.867381 0.865511
0.861631 0.855626
0.858874 0.86212
0.881319 0.875006
0.874583 0.872206
0.874326 0.875518
0.87395 0.880858
0.860596 0.858237
0.861618 0.860696
0.877432 0.874354
0.874864 0.869572
0.883589 0.881299
0.89389 0.892637
0.880544 0.881635
0.872082 0.870303
0.867033 0.870684
0.859654 0.853693
0.851618 0.847597
0.852195 0.856554
0.858076 0.854681
0.848603 0.847802
0.841937 0.841947
0.851757 0.857317
0.855964 0.857249
0.863923 0.859607
0.881983 0.875262
0.871316 0.874556
0.877141 0.875488
0.879869 0.882874
0.878998 0.879667
0.877521 0.880877
0.871467 0.871036
0.879036 0.874307
0.875101 0.877614
0.858496 0.858321
0.865063 0.865341
0.867625 0.857551
0.863596 0.860173
0.848357 0.852882
0.8692 0.863008
0.882492 0.88951
0.88356 0.894176
0.882579 0.878791
0.881349 0.878411
0.882644 0.875995
0.869612 0.872398
0.874413 0.866568
0.861362 0.867512
0.867864 0.858174
0.872503 0.862677
0.860976 0.85912
0.866962 0.868847
0.863332 0.870577
0.858721 0.853499
0.879136 0.872111
0.867597 0.868937
0.86221 0.862728
0.880913 0.874132
0.865935 0.859142
0.869554 0.864218
0.853657 0.853003
0.851067 0.853734
0.857315 0.857153
0.87007 0.875672
0.86958 0.866768
0.862573 0.861376
0.866672 0.868902
0.869804 0.877879
0.872681 0.868232
0.856934 0.848775
0.853441 0.847548
0.860961 0.864076
0.857827 0.855586
0.856795 0.855399
0.843521 0.84233
0.858575 0.860019
0.865878 0.862934
0.854586 0.860743
0.873645 0.871665
0.879332 0.877321
0.881871 0.890615
0.884779 0.886287
0.875504 0.874409
0.867215 0.866734
0.870493 0.86457
0.868905 0.868845
0.863872 0.861718
0.865559 0.856503
0.856783 0.863802
0.84542 0.846055
0.857947 0.849836
0.852864 0.856932
0.85869 0.848791
0.856871 0.863087
0.862117 0.865588
0.864185 0.86859
0.88828 0.871843
0.867002 0.87768
0.869107 0.87404
0.872702 0.867206
0.869032 0.870388
0.86401 0.867072
0.875555 0.890532
0.882965 0.883951
0.881177 0.885895
0.875448 0.876086
0.888114 0.887311
0.868388 0.873622
0.864174 0.86899
0.876704 0.872137
0.880559 0.881021
0.871693 0.868458
0.881553 0.877581
0.859803 0.859932
0.872276 0.865555
0.869271 0.871286
0.864671 0.870728
0.863628 0.86789
0.866135 0.864464
0.866997 0.874927
0.875184 0.869941
0.853524 0.855382
0.869566 0.877161
0.869723 0.872405
0.860747 0.861849
0.878244 0.87176
0.866733 0.876157
0.862178 0.862034
0.869308 0.866344
0.868353 0.863891
0.866429 0.866762
0.877895 0.873926
0.869279 0.873484
0.853352 0.857653
0.85015 0.848347
0.859585 0.867441
0.874344 0.862956
0.878175 0.880542
0.876455 0.87148
0.851687 0.862543
0.865018 0.872773
0.86752 0.870023
0.886402 0.881525
0.872176 0.880929
0.875423 0.874556
0.881358 0.874158
0.88328 0.874754
0.8791 0.879949
0.88255 0.885818
0.874547 0.875281
0.874906 0.881197
0.864393 0.858544
0.860034 0.859927
0.861552 0.866386
0.851134 0.847175
0.858417 0.853101
0.860711 0.860025
0.850813 0.857815
0.841514 0.841305
0.852158 0.851787
0.828451 0.833435
0.818053 0.830339
0.823428 0.834194
0.850214 0.845146
0.83246 0.838684
0.855042 0.845555
0.847113 0.844454
0.856383 0.859118
0.855707 0.862068
0.863182 0.863956
0.867239 0.869567
0.871292 0.870973
0.874624 0.8757
0.863139 0.861254
0.873219 0.871781
0.882161 0.877442
0.873337 0.87403
0.869787 0.874051
0.854619 0.844311
0.85327 0.862467
0.854266 0.846829
0.837818 0.831546
0.839643 0.844107
0.844911 0.844234
0.833127 0.842397
0.843254 0.841261
0.852348 0.855087
0.83856 0.845729
0.864981 0.859886
0.859489 0.861441
0.869603 0.865142
0.868158 0.865379
0.86827 0.875312
0.872115 0.874628
0.870758 0.873247
0.855027 0.853977
0.860582 0.854995
0.870014 0.864119
0.869879 0.870799
0.880633 0.874599
0.862676 0.861777
0.860848 0.867352
0.87809 0.878966
0.878544 0.880458
0.866515 0.871262
0.875386 0.871137
0.87537 0.868061
0.883152 0.888509
0.883103 0.885262
0.887679 0.887732
0.886209 0.885403
0.892399 0.887907
0.88191 0.87985
0.880162 0.866798
0.876102 0.873085
0.874505 0.872089
0.858585 0.865717
0.873222 0.863926
0.867083 0.869982
0.863286 0.861736
0.857785 0.854478
0.864787 0.86297
0.863971 0.859922
0.847284 0.853762
0.848564 0.847037
0.859198 0.859782
0.862776 0.863928
0.887892 0.879239
0.874247 0.876168
0.877438 0.872966
0.873413 0.86847
0.878094 0.871888
0.875407 0.876256
0.867638 0.860674
0.859614 0.861274
0.851587 0.842886
0.856121 0.860803
0.867054 0.865962
0.880295 0.879937
0.868629 0.868873
0.870548 0.874313
0.883633 0.884989
0.885021 0.886602
0.893757 0.897231
0.881729 0.886446
0.883822 0.894059
0.873625 0.87413
0.870053 0.875908
0.885742 0.892658
0.880919 0.874477
0.884672 0.883273
0.877242 0.885528
0.86006 0.861925
0.866977 0.871389
0.864993 0.874192
0.883184 0.875842
0.876297 0.886327
0.880798 0.877749
0.881098 0.884797
0.876245 0.876136
0.877917 0.866592
0.859949 0.852421
0.876316 0.873346
0.866412 0.866256
0.862161 0.860378
0.844655 0.847533
0.833322 0.837713
0.847111 0.845023
0.85354 0.857589
0.84587 0.845699
0.848087 0.850794
0.849293 0.852815
0.867454 0.865001
0.868762 0.870314
0.863838 0.86179
0.859929 0.863199
0.867638 0.863161
0.863432 0.870933
0.873452 0.872248
0.868801 0.868697
0.872211 0.871218
0.863921 0.854507
0.862618 0.862641
0.863224 0.863119
0.858092 0.851593
0.85728 0.868576
0.867006 0.862731
0.850115 0.849441
0.856148 0.847698
0.849892 0.850794
0.855171 0.854676
0.871191 0.87427
0.874841 0.871745
0.885665 0.880679
0.874486 0.875224
0.885446 0.8802
0.88255 0.877615
0.873104 0.872685
0.862799 0.86392
0.849571 0.840598
0.870439 0.858722
0.864778 0.866509
0.865563 0.867736
0.837725 0.838602
0.823408 0.818741
0.814854 0.818696
0.824694 0.820112
0.84078 0.840518
0.84144 0.835382
0.834336 0.845169
0.834584 0.849029
0.849065 0.848427
0.857295 0.855049
0.871165 0.86715
0.874334 0.874723
0.860131 0.86056
0.849905 0.845665
0.838345 0.83068
0.850457 0.855006
0.871943 0.86541
0.887024 0.884019
0.864609 0.864145
0.876036 0.87707
0.877732 0.879391
0.880045 0.881353
0.890854 0.888353
0.88331 0.881328
0.849959 0.843414
0.865747 0.866242
0.864118 0.86376
0.856494 0.8528
0.844985 0.843966
0.856033 0.855651
0.861634 0.865589
0.861999 0.858475
0.857694 0.858793
0.856656 0.861882
0.877124 0.878852
0.855046 0.859812
0.871586 0.868672
0.858024 0.856611
0.848629 0.854246
0.850332 0.841946
0.847328 0.852759
0.865858 0.855931
0.856773 0.862525
0.853167 0.860162
0.866702 0.85606
0.862974 0.853912
0.871482 0.874391
0.866918 0.864384
0.869501 0.866706
0.875592 0.876345
0.864102 0.874578
0.883391 0.885461
0.871958 0.874716
0.882677 0.885259
0.873796 0.875225
0.868123 0.86783
0.879651 0.872701
0.867758 0.870923
0.879968 0.885363
0.873052 0.87331
0.873127 0.865568
0.868476 0.867179
0.860907 0.861476
0.851302 0.850782
0.850677 0.84444
0.839536 0.841581
0.839973 0.836962
0.854536 0.853147
0.860647 0.854479
0.869956 0.872196
0.847972 0.842676
0.849801 0.845574
0.840624 0.835524
0.836033 0.839763
0.847238 0.842736
0.837296 0.836883
0.839779 0.833983
0.852163 0.852935
0.851461 0.849536
0.857684 0.858987
0.85552 0.856412
0.860606 0.858858
0.86513 0.870052
0.862135 0.867453
0.855258 0.8489
0.852568 0.858891
0.854004 0.857952
0.843175 0.844397
0.856008 0.854927
0.850327 0.852881
0.86853 0.867124
0.865678 0.859142
0.86326 0.858278
0.860335 0.85869
0.861988 0.869701
0.851962 0.852316
0.853056 0.854419
0.879731 0.884038
0.875611 0.873373
0.860319 0.858605
0.857138 0.864661
0.87357 0.870548
0.875434 0.880136
0.881774 0.886899
0.875744 0.881132
0.888691 0.88465
0.870951 0.874832
0.867488 0.873777
0.875804 0.877588
0.884864 0.891804
0.879297 0.878373
0.869477 0.877708
0.863571 0.863966
0.865462 0.872416
0.85411 0.856701
0.864917 0.867173
0.877254 0.870193
0.875152 0.878586
0.873304 0.877166
0.877271 0.882151
0.885026 0.88466
0.88258 0.880893
0.8689 0.880739
0.868215 0.865064
0.862916 0.862578
0.863922 0.865753
0.870794 0.868311
0.866188 0.867769
0.863603 0.86492
0.848399 0.857222
0.846251 0.847656
0.856328 0.846088
0.848848 0.848574
0.856703 0.854418
0.850923 0.857148
0.855581 0.859715
0.858299 0.867551
0.862288 0.857367
0.864584 0.863458
0.870338 0.875955
0.876539 0.875822
0.884943 0.884905
0.889938 0.882963
0.879648 0.872649
0.878377 0.875072
0.866427 0.873587
0.852604 0.84807
0.861885 0.864113
0.873923 0.867592
0.858426 0.862996
0.868509 0.869494
0.864985 0.862832
0.888277 0.880397
0.86321 0.866749
0.865274 0.866171
0.865517 0.871208
0.878037 0.876447
0.883475 0.885044
0.860901 0.875608
0.881045 0.876119
0.878474 0.879206
0.858854 0.868625
0.845579 0.846235
0.873089 0.864214
0.868385 0.861881
0.871554 0.867929
0.855083 0.859821
0.847296 0.852851
0.841657 0.838851
0.838773 0.844811
0.855852 0.858475
0.863006 0.86367
0.868175 0.868331
0.861593 0.864879
0.867735 0.8711
0.870762 0.865088
0.866856 0.861915
0.867602 0.865386
0.872806 0.871585
0.859606 0.859935
0.865828 0.868326
0.844885 0.842698
0.866351 0.862262
0.852288 0.852414
0.861776 0.873307
0.861796 0.871487
0.864841 0.858732
0.875636 0.879456
0.847893 0.845002
0.850914 0.835683
0.838761 0.833295
0.844972 0.851491
0.841691 0.848468
0.858041 0.861157
0.853416 0.853924
0.877347 0.877745
0.871366 0.874012
0.866343 0.851038
0.876996 0.877831
0.878684 0.871758
0.890282 0.883656
0.877485 0.86956
0.868364 0.86838
0.872578 0.868403
0.866145 0.869504
0.863645 0.861726
0.861149 0.863706
0.874953 0.868518
0.860106 0.853
0.851957 0.842108
0.862492 0.868139
0.871639 0.871363
0.869222 0.873828
0.872721 0.88013
0.876694 0.878292
0.881847 0.889429
0.89078 0.888643
0.879229 0.894987
0.887204 0.881628
0.889051 0.881478
0.873706 0.870486
0.865337 0.877468
0.888846 0.88326
0.876144 0.880722
0.877979 0.881509
0.885461 0.885791
0.885336 0.886338
0.876354 0.879663
0.874975 0.87362
0.881214 0.880556
0.879026 0.875354
0.867233 0.860691
0.855371 0.852946
0.855766 0.860556
0.853067 0.857996
0.86976 0.861279
0.861768 0.856527
0.857525 0.860246
0.863317 0.865875
0.854985 0.850042
0.855959 0.855497
0.87291 0.868104
0.870194 0.869952
0.857711 0.854672
0.867892 0.867593
0.865249 0.864884
0.864584 0.866614
0.856966 0.855138
0.862935 0.857724
0.863286 0.866386
0.860712 0.86134
0.861746 0.849081
0.850262 0.841857
0.854676 0.857611
0.84654 0.85683
0.860286 0.848473
0.864984 0.860468
0.866718 0.860305
0.857266 0.855477
0.861203 0.861667
0.872644 0.863831
0.863072 0.86367
0.861553 0.86095
0.851061 0.852449
0.856595 0.861014
0.863365 0.864901
0.860168 0.861569
0.871123 0.876625
0.856082 0.855805
0.860338 0.861878
0.871722 0.869733
0.880284 0.881067
0.885333 0.887997
0.888505 0.887513
0.890351 0.887088
0.882801 0.891294
0.881915 0.883961
0.881899 0.880192
0.878135 0.873646
0.869172 0.866788
0.881713 0.874231
0.863724 0.870957
0.857385 0.870462
0.858112 0.858942
0.865784 0.868725
0.874301 0.867669
0.846788 0.854875
0.860348 0.869426
0.882866 0.878425
0.871228 0.871456
0.874837 0.870046
0.865826 0.863395
0.86865 0.865526
0.859381 0.865271
0.864279 0.863757
0.857844 0.847854
0.861352 0.862479
0.865002 0.876916
0.87605 0.87737
0.886156 0.883365
0.866605 0.869369
0.8833 0.877605
0.870559 0.872902
0.875794 0.87285
0.876513 0.875614
0.87736 0.874633
0.862534 0.864759
0.868812 0.859387
0.868384 0.876259
0.884106 0.880741
0.879739 0.875752
0.880023 0.88386
0.871761 0.869288
0.888619 0.892187
0.875614 0.87575
0.871496 0.871178
0.877955 0.875514
0.880681 0.878533
0.880382 0.872795
0.881583 0.878139
0.856061 0.851441
0.867645 0.862969
0.873002 0.863187
0.877871 0.881574
0.874196 0.873
0.86795 0.862856
0.868172 0.86616
0.873474 0.86822
0.867767 0.868879
0.879849 0.866776
0.865517 0.87424
0.885073 0.887766
0.876049 0.884519
0.874542 0.872238
0.879048 0.883519
0.880054 0.889493
0.885423 0.889616
0.873271 0.879233
0.873217 0.87771
0.877139 0.87557
0.890289 0.889406
0.889597 0.889331
0.877613 0.877003
0.884164 0.878924
0.892281 0.894753
0.89297 0.894891
0.890682 0.892473
0.886113 0.882256
0.876905 0.878973
0.878527 0.87718
0.863038 0.862798
0.875071 0.871921
0.868394 0.869027
0.870237 0.862152
0.859865 0.853817
0.858934 0.854258
0.876338 0.867987
0.863996 0.865882
0.859188 0.858812
0.843374 0.836651
0.850688 0.856905
0.853152 0.8481
0.824962 0.821326
0.826712 0.83155
0.816508 0.807708
0.813098 0.807833
0.811824 0.815826
0.820846 0.813643
0.844521 0.848613
0.844629 0.850891
0.837759 0.830503
0.823975 0.823125
0.835853 0.82128
0.828234 0.822106
0.835406 0.832038
0.856936 0.852243
0.856644 0.853155
0.852564 0.863509
0.860418 0.851937
0.84047 0.837936
0.826252 0.831894
0.838552 0.838752
0.864913 0.859143
0.8609 0.85597
0.86584 0.87276
0.851142 0.859043
0.865263 0.862897
0.868661 0.864245
0.868145 0.868089
0.869215 0.865894
0.868745 0.862857
0.858491 0.863938
0.859238 0.853889
0.848389 0.858267
0.848416 0.85098
0.854053 0.853127
0.858236 0.866989
0.855515 0.844831
0.848854 0.85427
0.845165 0.851775
0.844352 0.855742
0.826135 0.826475
0.839743 0.839377
0.845075 0.845951
0.858679 0.854377
0.854659 0.852307
0.863196 0.858072
0.854691 0.859966
0.88407 0.881005
0.860401 0.86994
0.875276 0.872125
0.87402 0.87713
0.874965 0.861423
0.876622 0.878927
0.881154 0.88199
0.877546 0.873782
0.863114 0.871306
0.871139 0.870028
0.866977 0.868851
0.868554 0.860765
0.878078 0.880099
0.887783 0.887236
0.854574 0.862648
0.829567 0.840263
0.855249 0.8601
0.853146 0.853818
0.853539 0.851456
0.8442 0.845328
0.859855 0.859598
0.845601 0.844839
0.852953 0.854416
0.834039 0.835888
0.837012 0.83011
0.846123 0.842227
0.852943 0.849558
0.85339 0.851179
0.863601 0.864796
0.864291 0.861492
0.855081 0.847007
0.856516 0.861645
0.857223 0.860663
0.857918 0.853794
0.855428 0.852799
0.836351 0.834691
0.832625 0.832401
0.832796 0.821338
0.83209 0.835948
0.830597 0.836155
0.842358 0.83852
0.841874 0.843585
0.840767 0.843925
0.855623 0.854877
0.839786 0.847484
0.84899 0.849988
0.842192 0.8443
0.866114 0.86204
0.879236 0.879545
0.868899 0.862296
0.872507 0.86105
0.882076 0.880472
0.880349 0.885127
0.873853 0.874679
0.882322 0.880856
0.871375 0.868328
0.864806 0.86198
0.868983 0.866434
0.851343 0.854276
0.872191 0.873357
0.857561 0.859846
0.857906 0.858785
0.863227 0.852395
0.850844 0.845896
0.846056 0.833376
0.831765 0.829466
0.831689 0.834726
0.842099 0.829936
0.843329 0.83537
0.837059 0.84766
0.838484 0.852524
0.85488 0.855579
0.863561 0.85333
0.846943 0.852536
0.844998 0.843755
0.844947 0.859111
0.859612 0.861623
0.85466 0.857933
0.858696 0.866614
0.853891 0.847851
0.850453 0.850746
0.846724 0.842955
0.82987 0.838041
0.834333 0.83926
0.831949 0.836979
0.833259 0.836502
0.83589 0.828874
0.828046 0.832476
0.826536 0.833278
0.841687 0.829245
0.839329 0.842237
0.830372 0.828268
0.823973 0.831318
0.807838 0.816575
0.828692 0.83359
0.826016 0.824181
0.837587 0.839759
0.835588 0.827903
0.850546 0.848023
0.854511 0.849025
0.857183 0.859326
0.856541 0.859725
0.872794 0.875515
0.867175 0.856278
0.874422 0.875339
0.865113 0.862536
0.86098 0.864282
0.861432 0.868977
0.870944 0.869026
0.871707 0.868553
0.878372 0.871757
0.866474 0.870354
0.866427 0.865496
0.866407 0.87009
0.861998 0.863976
0.865847 0.872184
0.868059 0.871028
0.872177 0.877867
0.865958 0.877034
0.880574 0.879063
0.882412 0.878269
0.880262 0.876419
0.8619 0.853636
0.857408 0.852839
0.873359 0.87637
0.870049 0.868028
0.890905 0.880699
0.888766 0.882934
0.885613 0.881812
0.875949 0.873708
0.868767 0.868483
0.879091 0.86927
0.8807 0.876537
0.873808 0.868014
0.871976 0.866076
0.88593 0.879509
0.885411 0.89387
0.875043 0.871478
0.861166 0.868362
0.870086 0.883065
0.871918 0.874384
0.872869 0.862671
0.886192 0.87418
0.866352 0.870094
0.868724 0.865605
0.85821 0.860466
0.867466 0.870415
0.87268 0.86816
0.866595 0.859571
0.86228 0.864135
0.869808 0.866383
0.853884 0.853823
0.862722 0.859869
0.86398 0.861245
0.878972 0.87358
0.857397 0.86805
0.87634 0.878246
0.881126 0.877949
0.873856 0.872532
0.879244 0.87834
0.880909 0.876848
0.878145 0.880311
0.882542 0.884674
0.870889 0.864286
0.865216 0.855892
0.852585 0.852996
0.868725 0.878424
0.865668 0.857712
0.851823 0.85559
0.839475 0.843365
0.863897 0.860818
0.861458 0.854574
0.864637 0.859304
0.850126 0.843348
0.856224 0.862405
0.84709 0.848931
0.859391 0.854299
0.858607 0.857157
0.848112 0.855193
0.846481 0.834207
0.843799 0.842424
0.866874 0.861248
0.849023 0.856403
0.84551 0.849259
0.848617 0.847228
0.849925 0.852551
0.874407 0.873787
0.863529 0.870878
0.850012 0.846519
0.870491 0.87103
0.882929 0.879596
0.871498 0.870831
0.879491 0.87268
0.871604 0.858664
0.857798 0.85619
0.868392 0.86556
0.869749 0.858609
0.868208 0.866123
0.869617 0.873812
0.86587 0.866998
0.854387 0.859817
0.857345 0.851134
0.8637 0.865646
0.873854 0.872668
0.86926 0.87204
0.872407 0.872036
0.860896 0.866926
0.853008 0.864151
0.851741 0.855206
0.860743 0.865553
0.857596 0.861804
0.86906 0.869043
0.873068 0.873135
0.878781 0.877684
0.874214 0.881243
0.889111 0.888425
0.882316 0.882571
0.862217 0.871127
0.863512 0.864491
0.865102 0.86283
0.859871 0.856164
0.862058 0.86323
0.84859 0.846923
0.830061 0.835911
0.83766 0.839381
0.834603 0.83507
0.835648 0.84648
0.831569 0.835199
0.851067 0.848384
0.843013 0.841286
0.834093 0.840537
0.84788 0.84526
0.832086 0.842064
0.838541 0.83771
0.83934 0.829326
0.819063 0.82043
0.827736 0.825506
0.826425 0.832021
0.833763 0.836517
0.835318 0.835139
0.83281 0.82975
0.829414 0.829951
0.824979 0.833156
0.847853 0.840702
0.854061 0.850972
0.863916 0.854231
0.855824 0.857796
0.857675 0.853166
0.857714 0.864184
0.865419 0.876447
0.859258 0.870186
0.85875 0.869371
0.865864 0.870689
0.861097 0.862122
0.85767 0.861283
0.849623 0.845354
0.851417 0.847533
0.83959 0.840078
0.862459 0.865965
0.852979 0.856235
0.851427 0.853285
0.858607 0.859285
0.846178 0.852186
0.86869 0.860895
0.863539 0.861145
0.847977 0.840291
0.840715 0.837561
0.814168 0.813811
0.826925 0.837225
0.83728 0.838628
0.840704 0.841161
0.864879 0.865022
0.857549 0.859288
0.855667 0.860285
0.862383 0.859087
0.879047 0.877868
0.871287 0.873966
0.877439 0.877861
0.868401 0.871187
0.857069 0.859001
0.854628 0.856084
0.869665 0.863714
0.867648 0.858982
0.861382 0.867253
0.86357 0.863984
0.850705 0.856311
0.873598 0.871593
0.867696 0.853774
0.86449 0.869893
0.866086 0.877145
0.872124 0.875473
0.887773 0.889168
0.894611 0.892292
0.875371 0.884192
0.875146 0.871023
0.872239 0.870952
0.864429 0.874871
0.865122 0.867896
0.863622 0.871885
0.865026 0.865625
0.870056 0.874799
0.861418 0.856383
0.850738 0.869967
0.855904 0.851444
0.863569 0.867572
0.836911 0.841921
0.843071 0.839517
0.845602 0.833895
0.852413 0.856625
0.847586 0.849008
0.847997 0.847391
0.859485 0.862045
0.844454 0.855163
0.851076 0.854786
0.851884 0.860504
0.855225 0.856839
0.858404 0.854946
0.865199 0.860034
0.845706 0.84959
0.85963 0.853213
0.85536 0.862591
0.838624 0.839363
0.846254 0.849267
0.838959 0.84499
0.84882 0.85547
0.851519 0.846587
0.847521 0.846429
0.858802 0.861111
0.866059 0.866036
0.869879 0.868065
0.856063 0.856593
0.853858 0.851413
0.853784 0.845841
0.840757 0.830756
0.805819 0.808441
0.827841 0.826979
0.83269 0.825022
0.850277 0.860034
0.840741 0.83891
0.82745 0.828344
0.834214 0.844466
0.846004 0.843615
0.831887 0.834725
0.852206 0.84689
0.871118 0.871017
0.861707 0.850659
0.850395 0.843528
0.838738 0.847759
0.856218 0.858494
0.870423 0.86331
0.87062 0.869655
0.869654 0.861642
0.869288 0.87032
0.880435 0.874123
0.873778 0.877432
0.867123 0.870294
0.881891 0.883919
0.872285 0.876272
0.885757 0.888397
0.889721 0.887241
0.886129 0.882869
0.87435 0.869381
0.872873 0.876512
0.870098 0.870864
0.872736 0.8718
0.872326 0.870017
0.841469 0.84321
0.864191 0.866172
0.867298 0.871665
0.865213 0.865995
0.871586 0.855899
0.84989 0.847189
0.86054 0.866566
0.86065 0.857934
0.867163 0.870129
0.874708 0.874068
0.86954 0.86635
0.86197 0.864348
0.859571 0.862612
0.863512 0.862302
0.871374 0.870597
0.881885 0.885496
0.878619 0.877273
0.877972 0.876556
0.866727 0.858315
0.87068 0.858042
0.872778 0.87246
0.872292 0.875068
0.871588 0.863503
0.874842 0.874224
0.883458 0.8863
0.885898 0.874721
0.880352 0.881983
0.877893 0.883376
0.880809 0.877349
0.875467 0.873026
0.868865 0.868541
0.862916 0.860179
0.884839 0.874495
0.863764 0.870277
0.855619 0.85814
0.858295 0.85572
0.879933 0.886161
0.876675 0.86702
0.88714 0.882257
0.873615 0.87008
0.856083 0.851007
0.855255 0.851014
0.853516 0.859186
0.866767 0.865753
0.873214 0.867355
0.861442 0.867851
0.863729 0.857627
0.853023 0.859819
0.870264 0.863925
0.862529 0.86573
0.85993 0.854129
0.838833 0.845663
0.86981 0.856736
0.873563 0.865965
0.870334 0.864038
0.87726 0.880446
0.885844 0.880695
0.880317 0.88282
0.884141 0.875244
0.887075 0.89271
0.879631 0.880624
0.877187 0.867426
0.876048 0.871912
0.864796 0.864169
0.862497 0.864562
0.873898 0.868268
0.869403 0.865223
0.866408 0.868641
0.878523 0.877429
0.864264 0.865912
0.855314 0.855209
0.842533 0.844868
0.862867 0.856323
0.86097 0.85577
0.870828 0.865926
0.869431 0.869539
0.874274 0.86956
0.87013 0.867318
0.862395 0.873126
0.862219 0.876319
0.870938 0.866921
0.860851 0.87
0.857736 0.860058
0.849645 0.855888
0.856701 0.851644
0.873157 0.867706
0.882814 0.879993
0.871522 0.87533
0.887798 0.886282
0.884268 0.879137
0.874108 0.881626
0.871133 0.870994
0.867975 0.876134
0.871407 0.865345
0.864158 0.864446
0.844231 0.850357
0.83978 0.841742
0.836431 0.840997
0.843796 0.840455
0.848507 0.844312
0.881831 0.875945
0.868322 0.867348
0.870868 0.874325
0.856472 0.859595
0.858633 0.855481
0.855363 0.853623
0.850514 0.84771
0.857954 0.861004
0.850163 0.85579
0.859896 0.857502
0.858409 0.867208
0.85045 0.838845
0.828703 0.835923
0.84158 0.839245
0.819623 0.813186
0.801184 0.797693
0.818729 0.82257
0.818782 0.809967
0.835474 0.841434
0.851635 0.864416
0.866807 0.858047
0.857857 0.861753
0.855795 0.854343
0.864808 0.860747
0.85281 0.845827
0.843634 0.831956
0.841802 0.838307
0.843761 0.846964
0.867027 0.864071
0.846395 0.844433
0.843201 0.837629
0.845677 0.834107
0.836669 0.841863
0.835035 0.832308
0.854006 0.849275
0.84422 0.842936
0.855159 0.848612
0.852213 0.84901
0.838765 0.844917
0.849676 0.845338
0.858002 0.8668
0.878014 0.871809
0.883583 0.880069
0.869437 0.874861
0.876443 0.869328
0.878853 0.876209
0.87823 0.87309
0.883912 0.881738
0.879846 0.876347
0.89005 0.897512
0.877157 0.881777
0.882971 0.876524
0.867845 0.872063
0.870499 0.88235
0.874554 0.881051
0.864715 0.863892
0.869482 0.873848
0.868257 0.873235
0.847919 0.852848
0.846371 0.8543
0.851471 0.855042
0.848293 0.856016
0.847411 0.836086
0.83488 0.840491
0.853261 0.855158
0.866623 0.847093
0.857713 0.856588
0.851031 0.855582
0.852033 0.841822
0.831501 0.827731
0.834146 0.830148
0.844567 0.835872
0.848317 0.850184
0.847391 0.84159
0.852306 0.851065
0.852903 0.849847
0.844251 0.844233
0.84419 0.846081
0.84819 0.854234
0.839145 0.839132
0.844263 0.846039
0.857167 0.855741
0.867732 0.869612
0.873936 0.874197
0.864608 0.863972
0.864475 0.857486
0.863822 0.86689
0.861915 0.873214
0.873552 0.866421
0.879191 0.880875
0.882999 0.88135
0.878068 0.882748
0.875247 0.868111
0.887362 0.883785
0.884546 0.881697
0.880992 0.875633
0.874614 0.876339
0.857431 0.86121
0.867748 0.860194
0.87555 0.866479
0.863829 0.862988
0.865776 0.869945
0.860578 0.854199
0.86107 0.861548
0.864913 0.868374
0.849557 0.850003
0.860753 0.855554
0.860414 0.84871
0.852285 0.849944
0.847986 0.844765
0.860458 0.855436
0.869909 0.865285
0.880134 0.878371
0.879578 0.874833
0.880044 0.884968
0.888479 0.882164
0.872366 0.879236
0.86452 0.86823
0.865877 0.866624
0.847489 0.854947
0.862345 0.860666
0.857252 0.863814
0.866576 0.867983
0.867837 0.870884
0.854864 0.861049
0.872554 0.860972
0.85334 0.860094
0.858949 0.863094
0.85343 0.86443
0.859496 0.859251
0.86341 0.86176
0.874947 0.87922
0.866957 0.866816
0.866227 0.874408
0.873736 0.878009
0.878116 0.878036
0.872876 0.866936
0.862972 0.861886
0.870256 0.865594
0.863792 0.874087
0.876627 0.871633
0.867742 0.864821
0.873254 0.869786
0.874412 0.875664
0.878548 0.872736
0.87624 0.87241
0.86953 0.867094
0.876119 0.877093
0.871816 0.874589
0.876764 0.875421
0.880097 0.867307
0.873062 0.87596
0.857764 0.856721
0.856 0.852715
0.853741 0.855964
0.857366 0.862657
0.877402 0.872214
0.873883 0.88182
0.878678 0.872692
0.882513 0.889442
0.874952 0.880824
0.889791 0.886124
0.874605 0.879514
0.858903 0.859516
0.857448 0.854201
0.869308 0.868324
0.863764 0.872555
0.852559 0.859
0.858541 0.866222
0.868681 0.863594
0.845601 0.842931
0.864324 0.859988
0.869119 0.868448
0.870628 0.862637
0.867765 0.867391
0.868759 0.871456
0.858298 0.854084
0.865586 0.863748
0.868386 0.867021
0.862096 0.858415
0.866375 0.869227
0.867019 0.867002
0.87822 0.879946
0.874529 0.878884
0.856193 0.856445
0.860107 0.856334
0.870356 0.86381
0.862019 0.85661
0.856817 0.866319
0.855203 0.855523
0.855854 0.852737
0.858748 0.867118
0.847111 0.847701
0.868754 0.872027
0.875412 0.868814
0.866599 0.871308
0.878446 0.877095
0.864778 0.864492
0.870729 0.866283
0.853707 0.85944
0.854839 0.857858
0.863029 0.877346
0.860807 0.862993
0.864175 0.860218
0.867025 0.876949
0.873404 0.880098
0.878364 0.874289
0.872799 0.866154
0.864029 0.863658
0.873101 0.875269
0.867293 0.863147
0.868143 0.859142
0.859692 0.853913
0.880258 0.872693
0.868407 0.869313
0.857769 0.853342
0.862735 0.866122
0.873549 0.869901
0.855409 0.861597
0.86011 0.857244
0.85869 0.864053
0.860961 0.869538
0.849854 0.853042
0.857243 0.864113
0.872585 0.861126
0.866298 0.870407
0.867843 0.871936
0.8704 0.875957
0.874661 0.8729
0.857103 0.862835
0.871079 0.864365
0.864432 0.873742
0.8669 0.868888
0.848851 0.850718
0.858327 0.858648
0.852967 0.857426
0.860115 0.867663
0.866148 0.861161
0.864044 0.862126
0.879486 0.87859
0.880679 0.872495
0.884172 0.877249
0.881634 0.882328
0.881791 0.87816
0.874291 0.88015
0.877564 0.884582
0.887255 0.892603
0.88737 0.88513
0.873943 0.87656
0.868782 0.862857
0.877561 0.877933
0.868282 0.868428
0.870632 0.871425
0.866163 0.873887
0.868384 0.865763
0.881021 0.883858
0.867412 0.857176
0.865216 0.862084
0.851989 0.857623
0.870402 0.866098
0.857522 0.8563
0.848876 0.843825
0.852361 0.858496
0.85781 0.856245
0.86594 0.862711
0.879186 0.874586
0.877408 0.876849
0.878396 0.868179
0.868041 0.862118
0.863086 0.854102
0.874211 0.872686
0.877966 0.875894
0.868379 0.868922
0.876371 0.87976
0.871513 0.871804
0.864713 0.865805
0.8679 0.866786
0.867864 0.868387
0.86924 0.875503
0.870221 0.883511
0.873711 0.88207
0.871413 0.86553
0.883131 0.882938
0.882809 0.887859
0.880064 0.881315
0.876835 0.871051
0.882383 0.883453
0.876172 0.872858
0.862325 0.858368
0.862194 0.870374
0.866815 0.87171
0.880861 0.880207
0.88067 0.879084
0.878383 0.880874
0.877165 0.872189
0.860558 0.861259
0.873448 0.862692
0.852112 0.866604
0.870072 0.863678
0.871242 0.874818
0.861033 0.860435
0.86029 0.854795
0.844953 0.852574
0.849902 0.847152
0.863517 0.854329
0.836574 0.851376
0.832163 0.837327
0.829916 0.831385
0.862524 0.8589
0.844385 0.84909
0.855816 0.85045
0.870265 0.871615
0.877093 0.87603
0.861364 0.860087
0.869234 0.870747
0.865206 0.860861
0.865921 0.864999
0.862097 0.861726
0.863655 0.861105
0.849091 0.853006
0.864171 0.860544
0.85265 0.848444
0.871596 0.855149
0.861589 0.858415
0.865198 0.864721
0.87154 0.86934
0.866279 0.869603
0.864032 0.865029
0.873338 0.876949
0.865548 0.868318
0.868018 0.882017
0.866964 0.872907
0.882906 0.884865
0.88523 0.882647
0.889248 0.886274
0.875509 0.870131
0.864316 0.858846
0.860312 0.868769
0.862217 0.856859
0.866457 0.864098
0.860371 0.863758
0.868074 0.859502
0.856465 0.859545
0.881892 0.88627
0.860353 0.865831
0.863429 0.86599
0.872289 0.868499
0.878092 0.869901
0.865022 0.868258
0.880458 0.866447
0.881692 0.87879
0.864045 0.864668
0.870229 0.862689
0.877247 0.876067
0.873649 0.870041
0.874633 0.860582
0.870167 0.875342
0.872297 0.864938
0.859123 0.857879
0.862203 0.867005
0.861344 0.855861
0.868252 0.863072
0.868004 0.863825
0.858358 0.859104
0.858584 0.858596
0.84208 0.844355
0.851735 0.855866
0.856054 0.84707
0.864621 0.856216
0.859088 0.857418
0.855943 0.853395
0.854512 0.857057
0.848093 0.857571
0.83717 0.839954
0.834312 0.829175
0.811712 0.817888
0.808449 0.814691
0.835419 0.846748
0.854383 0.851428
0.842743 0.843889
0.832271 0.825385
0.834847 0.839877
0.820239 0.822555
0.840123 0.834283
0.842209 0.837395
0.841846 0.8373
0.86721 0.863618
0.860424 0.860489
0.857685 0.852616
0.861841 0.868293
0.879777 0.882817
0.879308 0.870842
0.877349 0.872023
0.885144 0.878187
0.867414 0.859315
0.87129 0.871616
0.871418 0.87666
0.873802 0.87305
0.874374 0.880392
0.868974 0.868312
0.876434 0.876121
0.870427 0.880578
0.863683 0.865863
0.86001 0.864478
0.855893 0.857899
0.854924 0.851072
0.868804 0.873943
0.872435 0.872202
0.851999 0.856689
0.870623 0.872234
0.850727 0.862975
0.866995 0.862893
0.869586 0.863082
0.854355 0.85479
0.851953 0.84784
0.856764 0.854019
0.830235 0.831043
0.835823 0.836634
0.834968 0.838337
0.854835 0.862548
0.859367 0.85611
0.863613 0.86676
0.867877 0.870508
0.860892 0.859312
0.856009 0.86521
0.863024 0.865978
0.863502 0.862237
0.851715 0.861499
0.86385 0.860187
0.869952 0.867417
0.843264 0.850883
0.834921 0.836243
0.835254 0.84048
0.850266 0.857898
0.861629 0.858604
0.860917 0.856327
0.865916 0.859219
0.851163 0.853911
0.851752 0.837645
0.86052 0.863922
0.842636 0.849151
0.852989 0.846848
0.849457 0.840768
0.858381 0.853448
0.83959 0.841832
0.839982 0.848093
0.832598 0.841217
0.816304 0.821707
0.825643 0.822289
0.834063 0.835431
0.845004 0.836662
0.824565 0.83036
0.827831 0.826583
0.843812 0.843333
0.864961 0.860214
0.868831 0.866965
0.860536 0.863403
0.870516 0.869881
0.863526 0.865564
0.872661 0.871872
0.86131 0.864755
0.865552 0.868568
0.874001 0.883244
0.876526 0.877126
0.87307 0.870696
0.860015 0.859533
0.860317 0.852507
0.85308 0.851468
0.846669 0.853963
0.867073 0.865246
0.860176 0.864817
0.857001 0.861263
0.8713 0.865526
0.854477 0.864459
0.856107 0.853055
0.858206 0.866395
0.874612 0.86685
0.870668 0.864818
0.863121 0.862747
0.863799 0.864298
0.870592 0.874055
0.868035 0.868333
0.875614 0.879171
0.872283 0.87762
0.874351 0.868917
0.873641 0.880574
0.87071 0.874113
0.883957 0.875837
0.88048 0.886665
0.881976 0.873279
0.869313 0.880264
0.880242 0.879981
0.876654 0.863411
0.873528 0.871871
0.871901 0.879896
0.875865 0.880657
0.873022 0.866413
0.863013 0.873751
0.877208 0.873755
0.876106 0.881147
0.877258 0.874021
0.873533 0.874196
0.882647 0.888467
0.882381 0.885026
0.871801 0.868659
0.872597 0.86868
0.858942 0.863162
0.842862 0.849204
0.871803 0.869714
0.861344 0.865334
0.884405 0.87505
0.872747 0.866958
0.87052 0.869812
0.870431 0.869517
0.862574 0.861216
0.861443 0.866682
0.871854 0.870361
0.883203 0.880563
0.863895 0.864377
0.880223 0.881785
0.885667 0.887765
0.875046 0.876628
0.872293 0.877576
0.877898 0.874083
0.872475 0.87422
0.852393 0.858611
0.862272 0.859736
0.855683 0.850341
0.86376 0.855979
0.863481 0.867682
0.8644 0.854719
0.865412 0.866041
0.85758 0.850544
0.881939 0.873593
0.865111 0.87367
0.877051 0.879569
0.891714 0.888815
0.880375 0.879997
0.872428 0.881025
0.87839 0.884898
0.879847 0.880792
0.858782 0.862524
0.87427 0.875095
0.877915 0.877479
0.86655 0.873276
0.875171 0.867507
0.861612 0.856181
0.861678 0.850101
0.849664 0.841324
0.846716 0.851714
0.852481 0.851164
0.850897 0.857567
0.831275 0.825232
0.816678 0.830408
0.843208 0.846904
0.859508 0.851077
0.854401 0.850656
0.853024 0.848181
0.854248 0.855515
0.868785 0.865422
0.855944 0.863812
0.878581 0.878127
0.864097 0.862199
0.865722 0.872579
0.869084 0.879143
0.86479 0.872805
0.865573 0.86516
0.874243 0.86711
0.86606 0.861265
0.871729 0.866871
0.874027 0.871581
0.88106 0.871344
0.871457 0.871721
0.87432 0.875055
0.886436 0.885399
0.88188 0.882037
0.885046 0.887938
0.882021 0.883021
0.87791 0.869179
0.868908 0.87229
0.86015 0.865221
0.869013 0.878223
0.880036 0.877906
0.878805 0.876956
0.873808 0.87341
0.863704 0.867194
0.865193 0.860316
0.860247 0.871787
0.862741 0.870546
0.87744 0.876004
0.880367 0.875109
0.857322 0.858778
0.869651 0.86529
0.865193 0.866257
0.853789 0.859484
0.869204 0.864973
0.864834 0.863813
0.859188 0.859422
0.864104 0.861056
0.864766 0.851606
0.862874 0.860839
0.870583 0.863229
0.852531 0.856335
0.856571 0.858794
0.851269 0.85226
0.874335 0.872853
0.864428 0.876828
0.872533 0.874584
0.861091 0.865641
0.865309 0.862339
0.85399 0.864505
0.868803 0.87103
0.872613 0.874685
0.869254 0.873186
0.86577 0.858553
0.861018 0.855336
0.845268 0.840998
0.864083 0.86023
0.858845 0.861659
0.842056 0.843259
0.857131 0.851606
0.842167 0.851774
0.861835 0.86601
0.852358 0.844727
0.85012 0.852998
0.850507 0.849459
0.841985 0.846942
0.857339 0.850005
0.853888 0.846985
0.864827 0.860198
0.847884 0.86036
0.855293 0.857602
0.858227 0.857137
0.859465 0.851056
0.843665 0.840327
0.835631 0.835755
0.813151 0.817397
0.831873 0.827384
0.834768 0.837988
0.823901 0.820836
0.82999 0.821186
0.807971 0.805617
0.816357 0.809516
0.813164 0.818325
0.813789 0.821209
0.822516 0.821877
0.828026 0.82281
0.820798 0.823283
0.81595 0.812523
0.812008 0.813185
0.811031 0.809925
0.807443 0.807464
0.793899 0.792418
0.78677 0.793733
0.787692 0.788884
0.783257 0.778446
0.800676 0.800022
0.780261 0.768695
0.787342 0.783976
0.771627 0.773554
0.757313 0.766673
0.777313 0.777723
0.803237 0.796767
0.824962 0.817327
0.814334 0.811247
0.814994 0.817939
0.82506 0.831
0.814993 0.801149
0.817313 0.825334
0.831428 0.822531
0.843576 0.84272
0.84042 0.834983
0.84329 0.847364
0.853999 0.849787
0.851753 0.853259
0.867499 0.864509
0.850831 0.860039
0.849665 0.84537
0.860367 0.859577
0.86377 0.869058
0.879526 0.88294
0.880262 0.884209
0.867464 0.866534
0.877927 0.88281
0.880199 0.874075
0.876336 0.874122
0.884719 0.884378
0.874572 0.867231
0.851382 0.853517
0.847379 0.851992
0.845092 0.8498
0.857949 0.860805
0.846401 0.848571
0.838674 0.839557
0.856926 0.86039
0.851926 0.858921
0.861317 0.855097
0.86876 0.868798
0.871779 0.871313
0.868258 0.870805
0.863074 0.857087
0.862514 0.865498
0.864517 0.870354
0.856068 0.860435
0.867282 0.868221
0.867831 0.867878
0.856605 0.862498
0.859689 0.860898
0.869355 0.86178
0.856401 0.861699
0.859483 0.862423
0.86502 0.863726
0.8585 0.852532
0.854772 0.863541
0.871222 0.87393
0.883966 0.880844
0.882864 0.886684
0.878309 0.883208
0.860513 0.85551
0.867791 0.867505
0.881985 0.872377
0.860615 0.853924
0.855504 0.8508
0.848597 0.856537
0.845843 0.850066
0.849029 0.850619
0.86254 0.869686
0.865452 0.861794
0.859201 0.866209
0.864779 0.866316
0.855829 0.861171
0.866615 0.867872
0.873201 0.877025
0.877154 0.881536
0.877395 0.875017
0.873123 0.871687
0.864298 0.872923
0.874022 0.877262
0.875788 0.868566
0.883704 0.88218
0.8695 0.874274
0.85994 0.870696
0.877249 0.873725
0.860452 0.849738
0.851307 0.850848
0.85102 0.857343
0.85253 0.847537
0.851419 0.850597
0.837735 0.82962
0.822445 0.825544
0.828387 0.829479
0.838539 0.836851
0.831624 0.833047
0.840606 0.834524
0.849561 0.835516
0.856162 0.853882
0.860221 0.852815
0.857859 0.856931
0.858508 0.849838
0.853036 0.86652
0.858797 0.868281
0.858318 0.856471
0.864439 0.867453
0.842416 0.839924
0.842054 0.839733
0.847856 0.852549
0.865592 0.858802
0.851467 0.866187
0.853721 0.851341
0.865441 0.864778
0.854607 0.85336
0.871896 0.866673
0.856684 0.855686
0.872485 0.86924
0.88562 0.880868
0.880824 0.872941
0.871166 0.86332
0.843581 0.846251
0.842355 0.840441
0.861684 0.859333
0.858011 0.864192
0.860758 0.852601
0.86408 0.868837
0.86629 0.871077
0.877558 0.873549
0.868857 0.880682
0.869186 0.875444
0.860105 0.8634
0.85168 0.852487
0.86586 0.869594
0.870353 0.860495
0.847407 0.860247
0.855647 0.846029
0.866161 0.86037
0.858501 0.859814
0.8555 0.855808
0.84433 0.848526
0.860455 0.860859
0.852827 0.849118
0.840459 0.844554
0.86641 0.865035
0.865173 0.872133
0.865418 0.864331
0.852128 0.850108
0.839914 0.839087
0.838317 0.833092
0.836735 0.833757
0.831587 0.826269
0.843098 0.849781
0.84653 0.84807
0.856098 0.849259
0.844171 0.854764
0.848303 0.851358
0.846337 0.858133
0.841194 0.850094
0.85849 0.859772
0.847408 0.848473
0.847971 0.847927
0.839943 0.840446
0.822302 0.826076
0.842802 0.838967
0.862857 0.869476
0.868329 0.858378
0.866016 0.860413
0.872259 0.873369
0.863148 0.863416
0.865602 0.865106
0.874327 0.870729
0.878341 0.880451
0.88067 0.879907
0.880747 0.884886
0.876666 0.876468
0.875011 0.88121
0.871904 0.874181
0.875005 0.870222
0.873926 0.86902
0.873675 0.881986
0.880558 0.874923
0.873602 0.876261
0.866629 0.872414
0.873329 0.877394
0.87917 0.878076
0.871171 0.874744
0.879107 0.87075
0.869586 0.869796
0.866308 0.872158
0.864909 0.874022
0.855433 0.851962
0.871136 0.873487
0.866459 0.87654
0.871362 0.869604
0.878131 0.87987
0.875181 0.861587
0.872989 0.872028
0.867642 0.871383
0.860808 0.865375
0.869349 0.868967
0.856474 0.857638
0.867282 0.874863
0.869514 0.869542
0.87336 0.870048
0.873185 0.868954
0.870738 0.874418
0.880159 0.878622
0.881441 0.887491
0.880434 0.869466
0.869721 0.874785
0.883027 0.873462
0.879515 0.870194
0.87534 0.881879
0.877605 0.869693
0.877811 0.878685
0.872167 0.86183
0.872856 0.869047
0.870445 0.880669
0.872127 0.86526
0.857529 0.870333
0.85874 0.853177
0.856696 0.865758
0.852315 0.854022
0.828778 0.825056
0.819464 0.821424
0.817311 0.813564
0.833391 0.838715
0.846601 0.846928
0.856037 0.850691
0.845568 0.851264
0.853053 0.85306
0.835465 0.837272
0.833662 0.827884
0.82756 0.831864
0.835353 0.841288
0.844644 0.838432
0.841995 0.846422
0.858623 0.849773
0.842697 0.840642
0.833445 0.833289
0.846207 0.842044
0.840288 0.842234
0.852423 0.857893
0.866462 0.864575
0.863201 0.854073
0.873193 0.87605
0.869916 0.869149
0.876581 0.873604
0.868806 0.866922
0.873707 0.867714
0.868011 0.872647
0.843949 0.852135
0.863608 0.850357
0.867576 0.86399
0.865902 0.865932
0.862206 0.857955
0.86011 0.855556
0.865919 0.867395
0.874787 0.866041
0.864116 0.869348
0.875198 0.884858
0.876409 0.876257
0.880218 0.87581
0.879213 0.881002
0.876474 0.875414
0.860231 0.86432
0.859431 0.851524
0.848318 0.849059
0.852432 0.856681
0.863618 0.864445
0.872966 0.875772
0.857527 0.856783
0.865209 0.86996
0.871168 0.865517
0.848701 0.846345
0.855524 0.84921
0.846287 0.846126
0.854993 0.854025
0.865613 0.846459
0.858986 0.868003
0.853096 0.857091
0.842877 0.836586
0.836401 0.833621
0.809316 0.811838
0.816805 0.819891
0.831 0.822587
0.851421 0.851008
0.856427 0.857468
0.861897 0.860236
0.868738 0.864105
0.853088 0.855926
0.852937 0.85289
0.863725 0.864126
0.875669 0.872835
0.850093 0.853733
0.851117 0.848626
0.853251 0.852187
0.832079 0.841762
0.844343 0.844802
0.843345 0.844948
0.845826 0.849429
0.848012 0.846439
0.839484 0.840669
0.832125 0.831786
0.829175 0.818718
0.823123 0.821891
0.849851 0.848831
0.853885 0.856896
0.85666 0.853756
0.838699 0.839938
0.855744 0.859245
0.875432 0.868395
0.870421 0.877213
0.865534 0.86251
0.865418 0.861464
0.856195 0.861318
0.869654 0.869417
0.869212 0.870158
0.87872 0.872915
0.870446 0.883355
0.871549 0.87309
0.867602 0.863497
0.857674 0.85307
0.844342 0.835527
0.859412 0.851133
0.851476 0.851686
0.84745 0.849255
0.843078 0.839766
0.837528 0.834424
0.830732 0.837823
0.829733 0.831134
0.835225 0.832837
0.837264 0.841732
0.822274 0.822933
0.831789 0.832078
0.849867 0.842656
0.816856 0.821317
0.833641 0.824324
0.828956 0.833908
0.831205 0.837365
0.851926 0.853848
0.841328 0.842564
0.846341 0.84129
0.836363 0.835987
0.850098 0.850812
0.856686 0.860249
0.847206 0.851791
0.842604 0.841631
0.854802 0.856275
0.846508 0.850312
0.868045 0.86966
0.86575 0.866976
0.869247 0.873583
0.870527 0.873433
0.878235 0.879039
0.884489 0.879099
0.886356 0.885536
0.854531 0.85637
0.861746 0.863233
0.854528 0.85777
0.86802 0.865373
0.853829 0.859561
0.861889 0.867899
0.855257 0.848682
0.850072 0.855314
0.848634 0.853922
0.858889 0.856203
0.84811 0.847184
0.861992 0.851137
0.841519 0.832662
0.833097 0.839902
0.841013 0.83743
0.844454 0.842214
0.851808 0.846448
0.841416 0.842282
0.844484 0.847724
0.851545 0.850456
0.852346 0.847589
0.846047 0.843068
0.829744 0.839591
0.831088 0.837408
0.836304 0.840165
0.844492 0.840574
0.841383 0.845299
0.83272 0.835422
0.843928 0.838181
0.851495 0.860034
0.858751 0.857187
0.857439 0.846773
0.849267 0.852386
0.846405 0.856424
0.852924 0.861655
0.864685 0.865711
0.87116 0.867806
0.872759 0.876265
0.873517 0.871211
0.869911 0.867001
0.865163 0.868467
0.870169 0.873459
0.861636 0.867524
0.850019 0.856131
0.876267 0.871349
0.871532 0.870189
0.88779 0.886722
0.877836 0.874844
0.882031 0.888135
0.888805 0.889877
0.884658 0.884542
0.8944 0.887509
0.899324 0.890684
0.891547 0.893878
0.873667 0.877522
0.872806 0.874159
0.878534 0.871879
0.87382 0.870826
0.87419 0.879787
0.876336 0.877766
0.874741 0.875421
0.870712 0.87026
0.863852 0.866878
0.856283 0.850137
0.85587 0.852265
0.857022 0.867125
0.859496 0.858432
0.864715 0.865748
0.866952 0.863576
0.873665 0.875259
0.874875 0.87858
0.876089 0.874829
0.876085 0.876907
0.879298 0.881545
0.875936 0.887542
0.882817 0.881684
0.876553 0.877632
0.882076 0.882544
0.869553 0.868042
0.868184 0.865856
0.863978 0.860239
0.876112 0.871978
0.87095 0.868824
0.876552 0.872147
0.86982 0.873277
0.866952 0.872318
0.866693 0.860198
0.879187 0.880361
0.841665 0.8453
0.863912 0.863078
0.866299 0.869305
0.868867 0.866286
0.8686 0.859256
0.87957 0.872306
0.872731 0.870998
0.87291 0.870579
0.873421 0.881798
0.88102 0.876549
0.862103 0.869839
0.879582 0.87498
0.873886 0.875995
0.866706 0.860868
0.866004 0.867091
0.861032 0.857223
0.877425 0.873566
0.87329 0.872322
0.869114 0.875572
0.861527 0.865865
0.875953 0.861564
0.87061 0.880001
0.866601 0.865814
0.875726 0.872397
0.882168 0.873777
0.86733 0.8724
0.880292 0.871847
0.873189 0.868784
0.876187 0.882667
0.861809 0.869305
0.866428 0.870607
0.877282 0.866641
0.853854 0.853429
0.854513 0.857958
0.850466 0.855839
0.867276 0.864974
0.859346 0.864833
0.855213 0.865784
0.870277 0.859144
0.866984 0.875701
0.883991 0.882438
0.872535 0.873247
0.8705 0.869791
0.880569 0.888951
0.88403 0.882331
0.879184 0.885602
0.863382 0.860771
0.863228 0.860872
0.863521 0.864355
0.860662 0.851582
0.863893 0.864776
0.863751 0.853574
0.866089 0.853071
0.857716 0.858849
0.867767 0.871391
0.851178 0.854995
0.856247 0.849056
0.825145 0.826863
0.838334 0.841359
0.835979 0.835757
0.835825 0.837364
0.838033 0.843816
0.84964 0.859451
0.859045 0.857476
0.88105 0.877641
0.869472 0.869621
0.87727 0.871423
0.869733 0.874421
0.860454 0.859162
0.853362 0.85175
0.854526 0.84985
0.843955 0.848742
0.831291 0.841089
0.832375 0.838205
0.817149 0.816686
0.820336 0.81828
0.822952 0.828941
0.817277 0.81865
0.835544 0.838584
0.842573 0.843484
0.85964 0.857405
0.874145 0.879427
0.864223 0.866533
0.867195 0.862261
0.868489 0.873625
0.855889 0.866437
0.843045 0.846753
0.839688 0.838353
0.842709 0.84146
0.849931 0.852834
0.854469 0.854597
0.854599 0.846934
0.844477 0.848321
0.853459 0.85177
0.867114 0.86633
0.846009 0.849571
0.860783 0.872847
0.872907 0.867765
0.851269 0.850946
0.843563 0.844261
0.838376 0.837364
0.846957 0.845933
0.876301 0.865053
0.87236 0.867141
0.875893 0.867419
0.867211 0.868556
0.862415 0.859537
0.847026 0.851802
0.868276 0.856965
0.864349 0.85726
0.855735 0.861504
0.841354 0.845906
0.843403 0.852653
0.848916 0.853989
0.85795 0.861453
0.86524 0.863385
0.858011 0.860821
0.863796 0.860021
0.854579 0.859863
0.875276 0.8735
0.873916 0.876654
0.868531 0.869411
0.860577 0.863314
0.850981 0.850511
0.861797 0.859859
0.871136 0.865914
0.845502 0.855857
0.863376 0.860753
0.864588 0.863039
0.859035 0.856582
0.884724 0.882463
0.879961 0.877306
0.877498 0.874803
0.871342 0.869149
0.859533 0.86501
0.850477 0.849473
0.861222 0.857139
0.858418 0.855153
0.861638 0.859231
0.877983 0.868149
0.863891 0.86666
0.855761 0.852211
0.864111 0.864192
0.875625 0.873623
0.861623 0.859944
0.86934 0.865417
0.863552 0.869542
0.872752 0.875049
0.869466 0.863285
0.868214 0.867997
0.858979 0.856517
0.858209 0.848434
0.853901 0.853331
0.858916 0.859755
0.857625 0.858396
0.875146 0.880442
0.876875 0.877261
0.868821 0.866065
0.867071 0.863887
0.862465 0.858821
0.865617 0.858841
0.861724 0.859618
0.865913 0.870625
0.8712 0.877327
0.873232 0.866017
0.849174 0.854079
0.856847 0.86116
0.85375 0.85271
0.857202 0.872054
0.85758 0.849539
0.847486 0.851484
0.855239 0.863111
0.863646 0.867506
0.878291 0.876974
0.87135 0.873891
0.872025 0.878379
0.862733 0.865256
0.86267 0.861428
0.866008 0.867052
0.870041 0.868122
0.875192 0.872509
0.875376 0.878372
0.870104 0.863497
0.858972 0.857751
0.862761 0.860532
0.871591 0.871723
0.875082 0.877748
0.867534 0.862821
0.859868 0.862403
0.860918 0.870584
0.859508 0.857406
0.868411 0.872318
0.873381 0.869732
0.878589 0.878471
0.868271 0.862612
0.858919 0.859466
0.865808 0.86357
0.851463 0.858409
0.859604 0.864855
0.86487 0.864465
0.859153 0.860841
0.841618 0.853079
0.843539 0.844691
0.851482 0.855853
0.849193 0.846023
0.862707 0.861464
0.87489 0.87009
0.870596 0.870558
0.880502 0.879682
0.870981 0.868132
0.878789 0.877859
0.871445 0.867381
0.877682 0.882955
0.872857 0.868826
0.878512 0.877613
0.871404 0.873657
0.875513 0.870919
0.876024 0.875262
0.881413 0.881329
0.881724 0.875553
0.866716 0.868416
0.86653 0.861551
0.848103 0.852196
0.863352 0.868585
0.860104 0.861958
0.878865 0.872555
0.870206 0.876087
0.867215 0.873099
0.866645 0.869497
0.867919 0.865213
0.862812 0.860105
0.865517 0.863224
0.862053 0.863861
0.855261 0.85366
0.861245 0.858467
0.863347 0.864573
0.867234 0.870669
0.874016 0.867275
0.852427 0.859493
0.838083 0.839764
0.837449 0.847488
0.846907 0.850463
0.859839 0.864391
0.870833 0.870676
0.870659 0.873623
0.860844 0.867977
0.859892 0.861348
0.865331 0.874752
0.871548 0.867078
0.851812 0.851234
0.85003 0.848377
0.850996 0.846724
0.864215 0.872576
0.869703 0.869472
0.874638 0.873436
0.86702 0.87047
0.882689 0.873695
0.888801 0.882316
0.869978 0.871826
0.876149 0.864518
0.873201 0.885182
0.873904 0.868237
0.871515 0.870184
0.866566 0.859056
0.856343 0.854764
0.862785 0.862532
0.871078 0.86551
0.858957 0.863543
0.868719 0.860513
0.869183 0.862953
0.863186 0.868581
0.857493 0.860251
0.860377 0.866598
0.858849 0.865622
0.845951 0.850038
0.852656 0.85425
0.853133 0.854014
0.846611 0.845898
0.850585 0.86155
0.844366 0.848386
0.852298 0.840266
0.841471 0.833696
0.85174 0.84793
0.839065 0.83795
0.831354 0.823546
0.830917 0.826747
0.807658 0.80368
0.817711 0.811714
0.823219 0.828284
0.817976 0.818236
0.791268 0.802812
0.809105 0.806148
0.809611 0.814467
0.807881 0.806842
0.820736 0.824325
0.812105 0.806772
0.812948 0.816781
0.813506 0.819712
0.829533 0.82226
0.805038 0.803518
0.816784 0.813843
0.803594 0.801628
0.807384 0.813463
0.817663 0.816131
0.80051 0.794089
0.808519 0.805263
0.825341 0.821167
0.827289 0.827689
0.823056 0.829633
0.810102 0.799898
0.803637 0.794283
0.791202 0.787417
0.793586 0.799548
0.798517 0.798773
0.795946 0.788754
0.809379 0.816016
0.818107 0.816262
0.827149 0.828714
0.838181 0.83603
0.840119 0.841921
0.84349 0.842446
0.826785 0.828829
0.839395 0.831559
0.826781 0.826413
0.852008 0.858976
0.852366 0.85214
0.828049 0.83983
0.829642 0.839195
0.824539 0.828163
0.844845 0.831621
0.835038 0.835036
0.824641 0.829197
0.838702 0.833946
0.847563 0.848295
0.861764 0.865581
0.866369 0.868075
0.870174 0.868811
0.861021 0.861478
0.842292 0.840104
0.839726 0.848802
0.846617 0.844323
0.833328 0.824699
0.819319 0.817991
0.800121 0.80023
0.814661 0.815533
0.807819 0.813044
0.835448 0.826872
0.814593 0.811558
0.83274 0.839138
0.858884 0.858742
0.8563 0.858382
0.860473 0.867734
0.860714 0.861651
0.873563 0.868209
0.861999 0.859792
0.833307 0.844104
0.839332 0.833747
0.824116 0.828306
0.840683 0.839343
0.839187 0.84443
0.849288 0.845176
0.845843 0.853086
0.837208 0.846368
0.842768 0.840468
0.832785 0.827824
0.840805 0.837049
0.833671 0.850071
0.852724 0.845637
0.849232 0.846715
0.845086 0.847856
0.85321 0.856993
0.838454 0.836434
0.823266 0.831937
0.832072 0.837768
0.84446 0.840685
0.832517 0.836126
0.809507 0.809318
0.813206 0.818723
0.821474 0.833943
0.808646 0.81038
0.804671 0.804215
0.798683 0.802348
0.810444 0.801995
0.817736 0.829906
0.832086 0.828816
0.841842 0.832881
0.83284 0.83253
0.848568 0.844303
0.852199 0.862037
0.865112 0.86081
0.868205 0.872799
0.854731 0.867114
0.86533 0.866813
0.860832 0.867251
0.870215 0.864463
0.869121 0.870298
0.873955 0.872627
0.872034 0.883232
0.86954 0.871868
0.875458 0.871979
0.876127 0.869979
0.862726 0.869329
0.868869 0.854781
0.870706 0.869756
0.857125 0.859133
0.831102 0.833683
0.83209 0.837763
0.838879 0.837599
0.844923 0.850529
0.843605 0.840125
0.841509 0.848356
0.838309 0.828211
0.852176 0.845564
0.845892 0.853007
0.842903 0.834829
0.837413 0.83339
0.846641 0.842558
0.863697 0.859044
0.860248 0.863765
0.862599 0.864224
0.872191 0.871858
0.86233 0.866307
0.874591 0.877245
0.862185 0.872381
0.851745 0.848671
0.847974 0.846372
0.854043 0.849921
0.856798 0.861291
0.874102 0.869782
0.873291 0.877828
0.880956 0.88057
0.871298 0.875302
0.87378 0.872031
0.880751 0.879507
0.862849 0.866928
0.87386 0.863767
0.861817 0.860466
0.87048 0.866161
0.859836 0.871172
0.865303 0.868357
0.862298 0.858713
0.847842 0.854826
0.827626 0.835495
0.829564 0.830407
0.823838 0.829743
0.813119 0.817806
0.829913 0.826761
0.841859 0.83738
0.832586 0.835764
0.840635 0.843389
0.841122 0.839515
0.834501 0.827896
0.851193 0.865227
0.880214 0.875415
0.882958 0.870307
0.880912 0.87929
0.880738 0.874728
0.886261 0.885936
0.887181 0.879805
0.87935 0.870923
0.874579 0.863753
0.871895 0.871846
0.880528 0.88334
0.887519 0.890455
0.870513 0.872111
0.86862 0.868743
0.856487 0.858439
0.869893 0.866435
0.885303 0.884011
0.887384 0.891523
0.892786 0.886328
0.871353 0.877366
0.873575 0.875389
0.874633 0.872467
0.893297 0.891618
0.872816 0.876493
0.8835 0.879268
0.882066 0.889051
0.887066 0.883442
0.891639 0.894247
0.878077 0.876406
0.868798 0.865878
0.86331 0.864951
0.862577 0.866832
0.875622 0.875068
0.861623 0.868357
0.86574 0.871269
0.85696 0.861183
0.864728 0.86359
0.858714 0.860742
0.858469 0.869323
0.870152 0.87464
0.87753 0.872431
0.873898 0.873353
0.860365 0.861908
0.869733 0.874452
0.871121 0.877164
0.886618 0.879418
0.879464 0.881782
0.881691 0.882591
0.87386 0.869606
0.870107 0.867146
0.871693 0.874348
0.883281 0.876781
0.890374 0.892989
0.886265 0.878295
0.882138 0.876072
0.871701 0.871976
0.876969 0.872124
0.887401 0.882257
0.88484 0.886138
0.872151 0.865599
0.873108 0.874639
0.872176 0.874308
0.869832 0.87609
0.874471 0.874934
0.865225 0.880133
0.870028 0.866361
0.877466 0.875434
0.860592 0.864187
0.857053 0.855712
0.867622 0.869143
0.863404 0.871604
0.860633 0.867282
0.858553 0.853554
0.846067 0.85036
0.849529 0.844596
0.869459 0.867598
0.842412 0.844626
0.850908 0.853471
0.841615 0.836787
0.822569 0.826344
0.85119 0.849976
0.852687 0.852424
0.855215 0.850753
0.837517 0.839046
0.834738 0.834474
0.841312 0.831824
0.838825 0.84723
0.852247 0.854027
0.853694 0.846999
0.855306 0.847893
0.858119 0.864791
0.86752 0.871001
0.865656 0.865266
0.879431 0.879495
0.871678 0.879361
0.876337 0.876406
0.883511 0.876713
0.857272 0.864879
0.863784 0.860515
0.871155 0.873531
0.882701 0.881875
0.87504 0.874842
0.868258 0.871206
0.865883 0.857223
0.862655 0.868197
0.860294 0.860792
