-147.875
-150.275
-161.201
-162.208
-169.124
-167.337
-165.47
-165.3
-164.107
-158.054
-168.283
-162.41
-163.981
-167.586
-157.891
-165.087
-166.676
-161.732
-165.327
-165.953
-166.35
-158.055
-164.208
-160.789
-167.901
-156.14
-153.821
-159.563
-162.377
-170.02
-161.385
-166.898
-170.228
-170.049
-159.951
-158.137
-155.414
-164.359
-163.373
-169.224
-158.35
-167.082
-165.466
-159.75
-153.464
-156.097
-160.146
-164.589
-143.69
-172.4
-161.863
-168.114
-163.547
-151.697
-161.556
-162.253
-156.724
-156.973
-166.039
-158.653
-153.111
-151.378
-154.516
-166.771
-163.789
-168.664
-143.32
-169.276
-149.161
-157.325
-169.522
-170.66
-172.106
-161.955
-170.557
-177.282
-176.939
-150.355
-148.409
-164.829
-175.13
-154.115
-168.246
-168.024
-167.665
-151.498
-169.093
-172.059
-176.031
-149.683
-163.569
-168.421
-157.993
-163.291
-140.025
-166.15
-162.577
-154.804
-160.327
-155.104
-157.856
-157.82
-157.161
-167.471
-162.448
-159.179
-152.995
-165.59
-162.06
-168.433
-162.077
-174.907
-153.431
-150.602
-150.509
-153.932
-159.37
-169.541
-175.105
-162.55
-172.138
-159.347
-148.877
-176.037
-170.106
-153.669
-154.664
-157.168
-163.769
-162.479
-158.247
-167.578
-155.876
-164.28
-169.983
-156.609
-168.252
-161.323
-155.171
-173.26
-167.357
-170.673
-169.796
-160.671
-159.308
-175.394
-162.174
-158.299
-161.829
-162.5
-176.462
-163.951
-158.912
-163.753
-155.364
-164.986
-169.465
-145.422
-168.314
-149.042
-159.339
-168.724
-160.516
-153.852
-167.317
-168.739
-154.058
-159.547
-156.295
-156.211
-166.128
-160.418
-168.019
-172.954
-168.334
-161.935
-168.005
-164.726
-153.145
-168.964
-171.665
-161.692
-154.231
-164.868
-147.543
-149.253
-161.03
-157.961
-160.31
-156.164
-165.077
-156.895
-150.629
-172.762
-169.947
-175.201
-165.004
-162.489
-150.94
-163.932
-160.457
-156.857
-172.013
-166.649
-153.475
-165.048
-157.829
-148.192
-160.187
-163.424
-167.221
-157.148
-151.768
-164.105
-178.002
-163.218
-171.16
-145.012
-165.024
-162.952
-140.765
-154.336
-176.993
-154.131
-162.473
-155.695
-168.822
-164.155
-171.361
-151.826
-146.493
-159.958
-158.42
-169.024
-145.961
-166.594
-162.819
-172.899
-171.901
-161.235
-172.442
-151.393
-161.559
-162.438
-160.31
-154.594
-158.276
-160.046
-154.547
-157.677
-163.503
-161.95
-165.859
-167.259
-168.978
-148.408
-170.837
-156.246
-173.225
-154.855
-141.56
-162.641
-167.006
-169.005
-160.016
-164.376
-155.435
-169.214
-164.517
-166.077
-156.073
-169.273
-165.853
-168.405
-169.691
-173.887
-174.241
-169.004
-161.475
-162.78
-160.443
-159.135
-166.22
-162.683
-170.958
-158.471
-152.36
-166.649
-168.251
-161.841
-160.626
-149.664
-157.353
-168.603
-159.703
-159.989
-152.887
-158.359
-155.669
-167.899
-175.578
-168.002
-165.981
-166.915
-155.184
-171.049
-169.454
-162.4
-173.974
-162.408
-168.019
-155.223
-153.245
-153.178
-174.074
-160.412
-161.176
-160.461
-157.622
-169.693
-164.763
-160.151
-149.149
-166.067
-163.888
-143.343
-175.695
-171.603
-167.74
-171.935
-155.309
-158.341
-162.831
-157.019
-165.105
-162.904
-163.491
-155.088
-174.042
-164.227
-150.672
-154.934
-162.373
-162.102
-163.001
-163.707
-164.047
-163.177
-152.701
-167.108
-159.683
-150.508
-179.13
-156.445
-155.292
-167.287
-162.71
-168.128
-171.937
-159.274
-151.399
-157.161
-170.946
-142.834
-156.257
-170.244
-163.485
-160.763
-164.459
-161.834
-156.98
-162.867
-168.759
-163.427
-167.97
-155.697
-164.274
-174.44
-169.677
-157.491
-165.267
-166.285
-157.41
-164.339
-173.255
-171.087
-163.367
-173.383
-153.576
-165.234
-160.413
-156.217
-151.27
-154.188
-168.223
-152.225
-156.009
-161.552
-155.734
-163.662
-163.148
-180.421
-163.207
-172.052
-177.729
-152.329
-171.37
-167.259
-161.96
-159.929
-151.405
-165.521
-157.607
-168.115
-160.135
-161.768
-170.893
-169.951
-166.552
-163.165
-171.498
-161.564
-165.594
-150.033
-159.211
-165.92
-158.954
-152.075
-165.098
-160.992
-175.554
-164.384
-172.2
-158.348
-154.697
-157.21
-169.716
-162.07
-161.437
-159.511
-182.295
-169.047
-153.6
-168.733
-164.719
-155.806
-156.329
-159.084
-160.015
-165.799
-161.199
-166.456
-158.934
-158.285
-151.566
-162.938
-171.306
-169.094
-160.127
-162.708
-169.288
-150.402
-147.725
-162.414
-155.645
-163.388
-155.657
-160.851
-160.194
-165.103
-156.939
-154.929
-151.548
-154.398
-155.724
-161.684
-169.566
-161.745
-155.378
-160.495
-153.515
-164.114
-156.528
-168.181
-168.07
-170.231
-164.693
-149.216
-157.098
-176.678
-159.135
-150.219
-171.546
-177.759
-162.045
-159.329
-170.285
-183.678
-155.174
-175.251
-157.291
-159.391
-153.726
-166.98
-153.978
-158.762
-159.505
-160.763
-166.258
-157.814
-140.128
-146.768
-161.926
-145.397
-172.216
-154.945
-159.312
-160.77
-166.141
-159.567
-167.47
-177.469
-169.654
-153.672
-163.924
-159.679
-160.722
-166.228
-158.355
-163.696
-152.757
-163.998
-158.793
-155.942
-142.323
-157.879
-161.081
-158.295
-153.219
-153.459
-150.531
-173.132
-168.847
-167.24
-168.595
-152.838
-150.664
-153.775
-156.189
-161.714
-161.323
-162.693
-161.021
-151.502
-179.119
-162.131
-154.146
-153.689
-159.888
-168.199
-174.313
-156.275
-149.276
-159.382
-141.045
-158.95
-157.589
-143.77
-162.53
-165.995
-165.256
-163.094
-161.56
-163.913
-166.762
-171.829
-163.933
-150.401
-163.122
-173.192
-161.585
-166.755
-172.351
-177.97
-154.148
-160.303
-167.851
-157.341
-176.853
-141.495
-156.969
-174.13
-171.641
-165.653
-149.812
-160.58
-154.814
-163.707
-171.014
-159.4
-156.238
-173.968
-165.906
-169.385
-153.842
-160.213
-164.228
-171.77
-159.614
-159.393
-169.807
-176.581
-162.965
-166.415
-157.906
-168.545
-167.702
-162.21
-151.522
-165.737
-150.354
-160.017
-149.807
-146.613
-161.497
-167.875
-154.436
-170.24
-166.355
-158.984
-154.984
-162.053
-149.88
-159.146
-159.831
-158.279
-165.045
-175.968
-156.484
-153.773
-162.772
-166.289
-161.601
-160.211
-166.638
-160.019
-168.48
-160.529
-157.146
-178.278
-150.471
-141.588
-165.613
-165.996
-173.634
-160.133
-171.354
-158.786
-169.954
-170.698
-158.345
-163.999
-164.887
-170.059
-145.598
-152.002
-155.946
-156.957
-160.606
-165.427
-152.746
-147.093
-156.946
-170.939
-156.329
-171.593
-153.815
-177.389
-160.044
-160.627
-165.171
-159.118
-148.194
-161.797
-170.02
-165.58
-150.837
-149.015
-159.776
-166.839
-172.696
-159.688
-157.234
-154.023
-160.951
-157.514
-167.003
-151.064
-156.83
-157.793
-158.952
-162.067
-147.764
-161.286
-161.939
-160.4
-166.706
-170.728
-157.128
-153.447
-143.125
-159.022
-158.381
-156.253
-160.027
-155.411
-164.018
-170.102
-169.697
-154.919
-164.144
-154.177
-158.657
-152.887
-157.137
-153.202
-163.208
-156.845
-152.428
-168.57
-170.799
-167.747
-140.256
-161.357
-157.875
-172.23
-163.897
-164.234
-157.356
-182.911
-167.584
-162.416
-172.611
-159.604
-171.654
-162.992
-160.155
-157.638
-159.482
-149.861
-172.686
-162.531
-146.529
-168.873
-186.265
-158.752
-173.245
-171.707
-164.297
-149.497
-171.307
-154.935
-163.664
-177.902
-172.893
-156.808
-164.299
-163.659
-157.425
-164.963
-152.448
-157.733
-163.404
-167.433
-155.957
-171.247
-158.397
-160.756
-152.703
-164.142
-155.598
-164.248
-170.678
-174.74
-150.952
-163.463
-146.265
-153.012
-170.104
-156.584
-167.459
-157.217
-156.273
-171.514
-150.756
-167.645
-143.619
-169.259
-154.071
-154.8
-175.914
-164.667
-171.643
-165.605
-163.195
-149.649
-160.927
-175.49
-174.535
-151.731
-157.52
-166.843
-147.456
-174.075
-153.325
-160.326
-157.147
-172.524
-166.648
-161.784
-175.568
-159.759
-169.265
-164.08
-171.881
-167.397
-154.947
-156.89
-165.347
-140.385
-160.567
-167.332
-159.447
-165.049
-160.639
-151.046
-157.063
-160.686
-159.606
-164.918
-160.62
-155.336
-155.325
-157.595
-164.035
-147.738
-172.148
-181.332
-176.625
-172.114
-167.918
-163.237
-172.783
-170.448
-169.032
-139.501
-158.774
-157.739
-159.924
-156.632
-155.662
-163.754
-160.364
-170.648
-176.443
-154.388
-171.425
-146.912
-154.714
-157.583
-152.684
-160.982
-160.732
-171.791
-168.983
-158.771
-166.751
-155.524
-165.641
-166.828
-159.838
-166.694
-172.94
-171.52
-150.929
-155.24
-156.375
-158.471
-166.186
-166.638
-162.376
-160.429
-161.582
-151.264
-152.643
-157.994
-161.358
-154.738
-158.342
-170.006
-166.604
-161.873
-162.938
-152.866
-162.552
-161.709
-150.972
-175.299
-171.118
-159.969
-161.122
-167.763
-166.74
-178.027
-167.621
-144.844
-167.227
-158.982
-157.758
-156.908
-178.358
-161.47
-166.436
-158.465
-159.152
-152.388
-164.163
-156.608
-168.309
-155.425
-168.686
-158.036
-161.519
-160.246
-163.604
-167.82
-172.531
-166.138
-167.218
-160.579
-171.747
-159.113
-156.128
-153.892
-164.045
-151.372
-147.307
-157.248
-144.106
-174.688
-169.25
-162.493
-158.64
-179.645
-164.637
-159.18
-150.229
-152.679
-167.222
-162.377
-160.402
-160.728
-152.457
-163.982
-169.22
-148.63
-168.987
-152.426
-171.079
-158.361
-169.074
-162.033
-174.453
-164.09
-162.334
-153.925
-170.059
-165.285
-170.867
-170.174
-158.52
-167.646
-171.38
-151.589
-166.747
-165.626
-158.733
-171.133
-161.838
-162.02
-160.836
-157.768
-160.968
-159.574
-170.931
-156.908
-160.158
-158.478
-159.212
-163.691
-155.45
-168.159
-164.556
-162.497
-167.079
-166.257
-164.248
-155.157
-160.439
-145.262
-161.469
-159.576
-169.546
-166.896
-166.026
-162.357
-155.535
-167.978
-167.54
-159.442
-158.899
-172.163
-170.183
-166.948
-165.016
-160.446
-173.747
-167.133
-157.526
-159.124
-163.693
-159.212
-148.922
-166.935
-165.375
-160.672
-151.52
-159.04
-159.781
-170.053
-174.916
-150.61
-160.843
-162.501
-164.023
-137.577
-156.187
-170.571
-151.309
-172.804
-168.68
-167.54
-154.341
-157.513
-159.733
-151.038
-168.005
-157.216
-168.159
-161.264
-163.976
-163.056
-159.516
-169.258
-173.407
-171.776
-151.45
-168.2
-176.851
-163.436
-171.67
-161.988
-154.688
-169.172
-160.967
-169.891
-154.914
-167.1
-155.695
-164.732
-164.155
-175.249
-177.167
-165.499
-152.646
-158.52
-159.96
-158.938
-161.157
-164.505
-182.31
-154.766
-161.096
-161.72
-154.831
-150.859
-159.533
-157.315
-152.019
-155.352
-170.431
-156.462
-153.438
-176.408
-152.397
-167.001
-162.044
-159.649
-164.806
-164.169
-167.386
-160.51
-159.953
-165.717
-156.944
-165.256
-155.11
-156.837
-167.446
-166.399
-161.276
-157.135
-174.222
-156.795
-144.917
-165.341
-158.954
-169.929
-162.53
-153.369
-164.871
-170.697
-158.793
-161.37
-153.632
-165.052
-167.864
-159.881
-162.872
-164.975
-171.848
-165.381
-163.898
-167.466
-159.634
-155.232
-156.555
-159.543
-157.494
-168.224
-167.6
-159.034
-147.361
-168.424
-153.466
-156.382
-149.243
-169.364
-153.313
-159.718
-161.207
-173.2
-172.184
-171.269
-147.604
-153.36
-153.378
-190.219
-172.535
-160.545
-155.94
-156.166
-152.903
-152.774
-163.398
-155.839
-158.232
-159.768
-158.348
-162.61
-159.244
-167.605
-175.522
-164.929
-160.176
-172.797
-175.336
-173.609
-153.482
-154.503
-148.054
-158.152
-173.883
-162.463
-162.8
-150.502
-166.531
-160.503
-169.038
-161.158
-160.392
-167.054
-152.229
-173.429
-155.596
-161.58
-153.435
-164.807
-168.995
-161.358
-160.287
-144.183
-160.813
-144.649
-166.653
-161.569
-161.906
-161.525
-158.784
-159.525
-143.388
-163.46
-162.419
-161.163
-172.443
-169.091
-157.472
-154.31
-165.282
-160.723
-163.261
-159.073
-174.176
-162.586
-158.75
-162.297
-165.734
-166.629
-169.701
-159.915
-151.624
-156.943
-174.151
-171.252
-168.914
-158.398
-155.106
-161.551
-168.495
-162.932
-149.258
-145.457
-151.766
-155.734
-161.437
-159.8
-162.421
-167.886
-166.793
-164.921
-153.461
-172.808
-162.369
-163.102
-163.85
-168.378
-172.419
-162.984
-169.17
-155.639
-154.964
-162.186
-164.226
-153.985
-163.607
-159.418
-159.087
-173.302
-163.553
-153.221
-156.913
-165.365
-170.841
-152.768
-155.463
-166.037
-153.787
-172.435
-175.518
-160.305
-160.056
-158.577
-160.215
-166.335
-164.541
-150.456
-173.09
-161.323
-170.803
-169.063
-165.304
-161.477
-161.155
-147.228
-162.987
-163.778
-158.053
-167.957
-168.151
-158.5
-167.437
-164.904
-176.023
-158.391
-165.981
-166.698
-162.58
-166.132
-148.925
-162.818
-166.26
-156.858
-157.716
-158.932
-159.355
-171.905
-160.031
-156.963
-166.75
-165.636
-146.56
-162.674
-158.51
-161.236
-160.623
-165.922
-171.844
-169.532
-163.823
-162.194
-174.797
-155.427
-161.519
-155.461
-172.193
-167.799
-150.948
-158.232
-167.832
-164.81
-148.019
-152.398
-160.321
-159.371
-164.417
-177.924
-156.665
-158.406
-175.739
-168.775
-174.37
-155.27
-163.053
-159.074
-156.874
-150.694
-160.573
-160.719
-157.57
-143.711
-166.368
-156.819
-164.975
-155.111
-156.072
-143.099
-148.822
-143.867
-153.698
-162.488
-165.577
-160.892
-160.003
-154.183
-156.103
-160.945
-174.979
-162.098
-151.207
-172.551
-163.464
-145.073
-163.176
-153.313
-151.148
-153.627
-158.096
-163.488
-158.389
-157.673
-173.3
-166.148
-153.78
-173.392
-157.108
-165.541
-149.104
-144.717
-158.19
-172.303
-169.882
-149.577
-158.685
-148.384
-157.744
-150.718
-168.581
-169.74
-153.359
-163.319
-169.035
-162.177
-159.184
-172.896
-165.43
-156.609
-175.723
-162.427
-164.879
-151.447
-152.26
-161.852
-171.674
-165.26
-157.881
-154.84
-157.328
-164.241
-157.211
-163.301
-165.894
-159.408
-149.073
-148.336
-158.48
-169.912
-159.479
-164.335
-173.635
-154.666
-154.51
-156.687
-155.257
-162.263
-172.569
-155.139
-168.1
-156.642
-169.688
-170.097
-173.211
-141.524
-154.179
-161.705
-167.698
-162.355
-166.504
-161.142
-172.091
-162.633
-171.305
-171.533
-159.585
-157.543
-169.137
-166.352
-163.61
-168.322
-162.43
-164.964
-167.199
-164.058
-155.171
-169.675
-146.554
-164.303
-163.664
-166.746
-173.367
-151.045
-163.812
-155.964
-152.778
-153.383
-159.742
-175.716
-174.838
-166.68
-160.018
-152.823
-153.411
-155.733
-160.093
-159.613
-160.822
-154.5
-157.972
-164.452
-162.528
-168.656
-165.317
-158.402
-167.467
-172.855
-149.873
-164.032
-160.567
-149.092
-152.775
-159.205
-173.378
-172.07
-154.161
-160.983
-160.541
-156.244
-170.373
-158.067
-170.189
-169.626
-159.652
-164.089
-165.996
-161.433
-157.428
-166.562
-168.213
-167.003
-170.81
-166.383
-169.474
-160.407
-167.716
-169.71
-172.081
-159.447
-164.004
-167.89
-156.066
-163.769
-169.73
-159.652
-166.02
-173.972
-180.247
-167.324
-158.895
-162.448
-155.601
-165.212
-156.388
-167.448
-159.238
-153.236
-153.271
-165.272
-153.21
-169.463
-167.007
-153.222
-163.352
-169.359
-149.824
-174.325
-169.843
-151.813
-159.717
-158.831
-166.472
-160.086
-161.931
-162.12
-162.134
-152.462
-164.893
-167.676
-172.51
-168.759
-159.301
-161.362
-167.442
-162.703
-167.498
-155.755
-166.58
-158.185
-163.121
-171.355
-168.003
-165.272
-158.865
-162.839
-162.658
-170.834
-166.855
-153.972
-164.119
-162.861
-156.091
-157.312
-152.819
-158.873
-159.982
-162.062
-175.933
-170.393
-163.052
-175.132
-173.287
-166.52
-155.898
-159.386
-157.645
-152.401
-171.534
-168.959
-164.802
-160.282
-160.217
-158.12
-153.093
-166.67
-167.192
-169.886
-169.896
-156.93
-165.805
-165.637
-160.702
-161.406
-156.683
-167.254
-163.941
-159.035
-155.298
-168.651
-157.588
-164.647
-153.349
-151.525
-158.36
-170.691
-157.743
-154.273
-159.073
-157.375
-164.37
-163.433
-150.856
-162.436
-159.423
-165.911
-161.208
-161.148
-162.601
-156.252
-167.365
-157.931
-155.027
-167.317
-158.644
-164.272
-158.374
-160.182
-168.998
-141.856
-163.034
-156.906
-169.264
-166.555
-160.557
-163.706
-161.263
-162.72
-168.881
-164.447
-154.649
-161.206
-161.539
-151.495
-152.962
-157.54
-155.091
-161.671
-160.519
-163.576
-162.975
-158.351
-166.893
-158.547
-149.168
-157.896
-168.18
-161.001
-145.617
-167.039
-158.481
-161.676
-159.26
-173.521
-155.442
-150.65
-164.203
-157.535
-167.416
-158.656
-165.647
-160.987
-164.533
-149.417
-164.938
-163.506
-162.319
-161.964
-165.906
-163.242
-156.983
-165.932
-163.602
-159.684
-165.276
-171.714
-168.03
-181.85
-155.249
-175.412
-164.116
-151.66
-161.05
-169.793
-171.672
-172.441
-167.584
-149.099
-166.895
-162.291
-154.957
-173.389
-161.61
-149.921
-155.19
-157.007
-176.68
-166.847
-167.805
-157.748
-157.609
-152.744
-167.443
-155.68
-176.919
-168.956
-146.062
-159.725
-165.704
-163.938
-160.333
-167.38
-164.617
-159.212
-162.842
-159.4
-172.961
-166.735
-150.179
-156.362
-157.868
-154.025
-157.852
-153.905
-171.475
-173.499
-168.174
-160.365
-158.695
-161.422
-158.411
-168.592
-165.297
-164.899
-162.558
-173.567
-170.47
-159.954
-160.43
-150.41
-160.056
-166.78
-154.446
-145.22
-145.934
-166.589
-149.845
-156.026
-157.11
-151.891
-161.991
-161.508
-156.974
-163.969
-166.094
-165.266
-165.028
-172.332
-161.208
-153.159
-162.211
-153.362
-176.061
-178.73
-166.108
-148.888
-153.285
-165.588
-170.97
-154.438
-170.429
-171.385
-160.238
-151.778
-166.454
-168.504
-160.051
-163.284
-168.193
-156.108
-152.752
-162.97
-153.664
-157.959
-146.801
-147.608
-160.994
-165.214
-166.306
-162.074
-159.825
-167.878
-174.419
-164.438
-163.738
-169.003
-155.192
-149.495
-171.135
-157.823
-154.321
-159.399
-153.001
-162.379
-162.37
-159.168
-147.072
-167.903
-168.823
-159.101
-164.7
-158.567
-160.479
-171.974
-154.101
-166.872
-157.878
-157.411
-150.349
-149.23
-166.938
-168.525
-163.067
-154.379
-172.95
-151.659
-162.4
-168.453
-171.547
-165.563
-161.999
-159.223
-171.929
-165.637
-174.09
-175.249
-166.035
-160.304
-162.739
-155.725
-163.17
-151.083
-154.944
-156.121
-168.37
-164.351
-160.318
-157.257
-170.286
-177.007
-154.235
-163.099
-141.436
-147.971
-156.414
-153.485
-173.391
-156.913
-165.375
-149.364
-172.15
-164.777
-170.886
-159.198
-145.837
-170.113
-182.514
-142.382
-158.975
-164.482
-178.927
-167.315
-159.611
-154.693
-158.022
-155.906
-160.845
-160.182
-151.606
-160.823
-152.124
-165.877
-158.577
-164.544
-172.451
-164.012
-162.107
-162.189
-164.831
-146.46
-160.959
-166.546
-164.772
-170.063
-159.42
-154.598
-159.338
-168.485
-163.677
-153.743
-158.386
-166.139
-165.102
-158.979
-160.143
-158.947
-146.136
-167.557
-161.052
-173.549
-163.686
-168.994
-173.032
-171.924
-163.515
-173.522
-163.789
-167.09
-166.714
-160.562
-156.753
-169.016
-162.537
-162.996
-167.631
-160.417
-163.571
-155.322
-160.584
-178.5
-171.452
-171.682
-158.902
-150.789
-152.493
-159.468
-162.453
-159.379
-149.951
-165.713
-177.75
-170.096
-154.447
-155.164
-162.363
-170.842
-151.946
-167.102
-173.147
-168.045
-156.084
-168.3
-162.801
-153.919
-170.93
-163.699
-160.829
-170.061
-154.912
-172.168
-152.878
-174.335
-163.867
-159.112
-174.54
-147.995
-163.395
-152.863
-160.609
-166.553
-154.932
-167.237
-157.55
-150.199
-157.63
-149.67
-148.424
-162.548
-159.482
-166.884
-160.047
-148.64
-161.23
-156.391
-166.218
-156.573
-166.447
-172.094
-159.655
-152.284
-159.159
-163.784
-153.403
-149.297
-164.199
-168.205
-166.385
-166.912
-163.692
-164.337
-169.34
-158.994
-171.371
-164.02
-149.711
-158.144
-156.895
-156.612
-153.435
-163.303
-154.296
-152.015
-147.059
-170.174
-158.871
-169.009
-171.243
-163.025
-162.824
-170.529
-163.14
-167.985
-167.012
-153.405
-163.494
-172.939
-162.944
-159.744
-159.349
-162.441
-155.502
-154.919
-153.209
-151.113
-162.152
-149.367
-169.705
-159.103
-154.667
-154.82
-156.815
-162.411
-166.656
-164.862
-166.549
-165.334
-169.134
-170.013
-157.662
-163.116
-156.362
-175.085
-169.303
-152.664
-175.765
-168.585
-158.319
-171.452
-154.885
-164.89
-160.298
-159.126
-158.993
-168.125
-167.889
-162.218
-152.448
-169.578
-159.624
-164.335
-168.631
-170.403
-171.577
-166.323
-166.754
-163.885
-151.827
-157.826
-157.291
-151.904
-163.667
-156.434
-159.05
-162.101
-158.447
-167.89
-153.678
-163.381
-146.291
-165.701
-162.309
-169.892
-151.703
-161.417
-153.345
-169.287
-156.924
-164.231
-159.747
-163.362
-163.958
-163.839
-159.309
-171.348
-158.153
-162.619
-167.294
-148.371
-167.719
-174.04
-161.799
-160.306
-167.659
-151.145
-162.994
-156.913
-145.873
-153.914
-156.862
-161.85
-158.112
-175.59
-154.604
-161.08
-159.325
-158.589
-151.925
-169.762
-166.222
-163.245
-164.677
-160.837
-155.703
-166.853
-165.77
-156.4
-168.123
-163.652
-147.012
-158.692
-161.308
-169.959
-147.733
-164.584
-160.988
-153.004
-165.01
-164.729
-159.028
-159.769
-147.209
-172.283
-156.358
-149.179
-143.238
-162.078
-171.568
-165.221
-149.396
-146.811
-153.071
-166.077
-177.797
-173.159
-158.141
-168.275
-158.193
-156.537
-145.023
-161.024
-158.96
-188.241
-161.987
-164.434
-159.001
-164.859
-163.337
-164.05
-178.223
-155.554
-159
-173.457
-170.121
-160.245
-160.995
-168.067
-167.957
-154.971
-157.446
-155.038
-160.57
-164.465
-169.458
-171.752
-169.589
-152.453
-155.237
-155.729
-149.744
-162.934
-165.383
-145.364
-176.297
-162.351
-165.158
-166.548
-173.528
-148.841
-167.571
-164.608
-149.246
-169.492
-157.173
-166.56
-158.628
-150.461
-172.943
-160.298
-162.351
-159.886
-169.979
-169.748
-152.961
-167.135
-173.477
-154.587
-164.048
-158.623
-185.465
-160.66
-155.994
-157.598
-163.159
-156.671
-164.875
-170.654
-163.747
-153.607
-168.13
-143.026
-170.297
-165.65
-157.95
-167.095
-145.794
-160.189
-139.682
-153.93
-164.321
-162.278
-164.383
-175.343
-171.441
-152.824
-174.116
-170.655
-156.33
-168.874
-175.008
-165.436
-162.945
-153.003
-174.183
-177.343
-161.168
-152.668
-169.017
-156.317
-144.464
-146.133
-168.493
-171.894
-169.41
-153.76
-164.596
-162.595
-157.964
-156.038
-157.181
-165.46
-149.806
-169.827
-170.772
-162.976
-161.313
-167.044
-171.636
-163.165
-154.581
-171.27
-171.82
-169.247
-160.039
-156.844
-152.576
-151.444
-155.569
-167.914
-164.053
-156.542
-153.018
-150.457
-158.826
-169.529
-160.406
-162.354
-144.712
-157.53
-170.219
-160.629
-161.839
-168.361
-156.724
-159.344
-154.429
-163.945
-180.314
-161.772
-159.669
-153.588
-160.122
-155.805
-153.831
-178.241
-157.663
-164.289
-162.888
-154.898
-156.908
-150.33
-150.513
-151.615
-159.825
-160.408
-178.984
-174.412
-171.513
-164.798
-177.895
-160.496
-175.142
-153.039
-160.911
-156.116
-158.966
-159.648
-160.895
-167.516
-152.49
-157.438
-170.402
-169.58
-165.704
-159.668
-161.762
-156.966
-165.929
-157.761
-164.602
-155.259
-154.638
-151.99
-163.914
-167.762
-162.315
-161.421
-154.524
-171.294
-157.985
-166.29
-148.956
-153.331
-155.335
-171.235
-156.077
-155.094
-167.032
-154.437
-151.386
-160.951
-153.565
-151.92
-142.606
-159.216
-154.537
-145.567
-159.417
-166.038
-176.71
-166.334
-151.983
-152.615
-166.922
-153.065
-147.033
-159.205
-149.037
-155.425
-178.381
-155.137
-162.059
-168.249
-167.947
-171.298
-162.434
-177.271
-161.656
-150.483
-163.402
-166.32
-149.53
-147.9
-158.476
-175.706
-164.3
-168.717
-161.371
-161.77
-152.069
-168.896
-168.129
-165.391
-168.036
-155.672
-149.209
-150.114
-163.622
-166.287
-160.356
-162.574
-147.55
-156.727
-160.571
-148.645
-152.389
-155.17
-163.114
-159.21
-158.21
-159.654
-141.732
-178.389
-172.801
-167.724
-166.631
-157.535
-151.782
-156.709
-176.636
-168.262
-175.268
-179.021
-157.917
-169.86
-153.385
-163.633
-146.829
-155.692
-158.306
-158.55
-156.904
-176.361
-171.109
-154.147
-154.064
-147.056
-162.994
-155.976
-171.545
-159.735
-156.572
-150.16
-170.593
-156.93
-154.995
-151.014
-157.97
-163.825
-168.293
-166.993
-172.443
-169.539
-160.92
-158.746
-164.47
-163.024
-160.943
-157.027
-170.007
-155.869
-174.075
-148.671
-166.765
-149.978
-172.606
-152.948
-151.163
-162.899
-168.446
-171.524
-175.538
-179.981
-172.463
-179.175
-162.557
-160.027
-166.297
-165.539
-162.501
-169.711
-163.063
-153.232
-159.681
-153.825
-155.481
-170.444
-155.456
-165.644
-173.125
-165.648
-176.609
-174.793
-155.064
-160.192
-163.944
-157.103
-161.417
-172.095
-161.012
-165.154
-176.955
-161.11
-166.689
-162.579
-171.266
-158.001
-168.525
-156.484
-157.219
-166.974
-161.338
-156.81
-153.99
-176.915
-155.8
-149.809
-168.753
-167.6
-165.583
-167.112
-174.756
-169.357
-160.763
-159.217
-167.587
-145.443
-170.414
-164.889
-150.468
-177.481
-165.825
-157.433
-167.512
-164.751
-155.851
-166.402
-151.94
-155.995
-163.685
-163.946
-165.634
-155.88
-155.123
-144.47
-157.202
-174.062
-173.043
-153.653
-162.459
-169.277
-145.419
-159.865
-151.679
-165.916
-155.541
-155.115
-158.734
-150.483
-168.678
-171.198
-158.79
-151.369
-150.484
-168.667
-153.913
-160.619
-163.632
-169.686
-157.89
-165.595
-160.691
-155.999
-181.3
-171.481
-174.998
-149.636
-171.412
-163.219
-170.034
-156.473
-152.564
-164.662
-158.751
-168.448
-171.813
-159.335
-160.419
-163.278
-165.265
-157.372
-148.229
-159.211
-158.597
-162.805
-149.496
-158.482
-152.009
-164.856
-165.805
-168.214
-159.245
-158.637
-160.289
-172.495
-153.035
-157.858
-166.605
-162.714
-152.081
-174.136
-158.251
-169.545
-148.714
-154.059
-166.453
-152.156
-169.735
-162.38
-165.411
-158.515
-159.93
-151.698
-155.777
-182.851
-158.821
-167.876
-163.19
-171.048
-168.732
-157.936
-149.021
-170.224
-161.748
-167.432
-160.425
-157.04
-150.182
-161.482
-164.892
-168.212
-166.258
-167.383
-160.824
-155.957
-161.215
-163.093
-155.103
-158.491
-155.836
-164.992
-172.933
-166.831
-159.982
-170.511
-166.868
-161.658
-160.836
-143.306
-159.791
-152.482
-157.577
-166.06
-167.843
-171.436
-162.467
-153.006
-159.952
-167.437
-159.191
-163.062
-168.753
-167.973
-157.641
-154.049
-161.669
-150.367
-166.684
-157.614
-153.474
-151.81
-157.736
-173.32
-157.143
-158.433
-161.707
-151.548
-152.323
-144.768
-162.482
-155.248
-169.959
-153.692
-165.221
-177.276
-170.221
-161.159
-151.534
-172.624
-159.567
-156.454
-162.745
-154.225
-170.255
-160.251
-161.804
-161.155
-159.286
-161.995
-172.906
-168.407
-163.433
-162.455
-167.939
-159.608
-161.632
-157.803
-168.858
-153.583
-158.112
-161.651
-162.906
-160.909
-152.644
-157.683
-156.462
-154.576
-154.066
-177.38
-159.727
-158.958
-166.84
-161.319
-158.875
-165.697
-154.557
-164.231
-167.316
-177.493
-160.395
-161.142
-164.294
-172.679
-166.925
-159.107
-168.885
-167.336
-180.131
-174.851
-170.052
-168.835
-159.722
-147.18
-171.104
-164.856
-154.656
-177.489
-161.06
-165.954
-171.089
-168.478
-166.002
-157.684
-171.049
-166.194
-145.216
-156.374
-159.064
-145.239
-154.496
-164.514
-150.869
-155.016
-156.749
-164.577
-162.331
-165.548
-162.441
-151.946
-151.057
-171.104
-156.819
-164.321
-156.249
-157.013
-162.687
-162.997
-163.899
-175.983
-161.721
-158.063
-175.859
-152.967
-145.476
-161.537
-164.226
-159.124
-159.264
-154.887
-175.039
-170.571
-164.108
-167.567
-148.408
-169.672
-164.343
-157.458
-164.717
-172.121
-174.06
-152.676
-159.462
-154.997
-161.229
-160.395
-165.538
-159.493
-172.491
-159.687
-167.237
-162.347
-164.046
-171.35
-183.935
-154.398
-161.598
-164.811
-176.497
-158.975
-162.107
-158.954
-157.545
-173.997
-161.655
-168.785
-162.64
-163.5
-148.956
-147.004
-160.659
-165.59
-156.119
-168.203
-157.278
-163.253
-172.917
-155.567
-159.534
-152.17
-155.424
-164.177
-160.353
-153.807
-166.759
-163.741
-150.352
-167.818
-163.765
-168.099
-153.189
-149.175
-173.786
-175.383
-167.701
-161.933
-168.25
-156.287
-153.071
-163.034
-158.569
-153.397
-154.296
-149.592
-158.171
-161.357
-177.144
-162.475
-172.804
-157.182
-160.074
-166.001
-169.873
-165.9
-172.019
-173.063
-161.308
-159.612
-170.598
-150.579
-171.501
-149.256
-154.329
-167.814
-170.559
-164.058
-178.679
-171.205
-169.633
-151.035
-157.304
-162.113
-160.173
-168.457
-159.467
-167.914
-161.823
-164.026
-158.491
-160.032
-156.904
-166.058
-162.914
-154.598
-161.305
-145.084
-165.928
-156.143
-157.052
-152.838
-171.808
-164.442
-157.505
-171.433
-175.874
-153.865
-165.342
-155.994
-166.665
-149.538
-175.434
-171.699
-165.451
-159.482
-160.647
-171.234
-158.52
-173.4
-155.957
-159.189
-163.845
-170.615
-158.257
-166.977
-159.169
-154.084
-167.944
-169.421
-167.249
-163.184
-149.256
-167.611
-156.726
-160.713
-156.901
-173.351
-158.535
-167.932
-162.642
-168.322
-156.065
-155.09
-173.597
-161.218
-160.312
-157.659
-167.966
-162.08
-159.277
-165.736
-159.884
-157.419
-147.142
-172.687
-168.353
-163.397
-155.06
-142.726
-165.028
-158.997
-170.662
-170.839
-152.843
-150.729
-169.131
-155.905
-162.088
-173.654
-159.834
-147.621
-163.063
-171.4
-159.039
-155.421
-153.365
-159.744
-164.221
-159.666
-157.613
-162.035
-156.93
-159.528
-157.397
-164.222
-164.07
-174.495
-155.207
-159.273
-164.399
-159.611
-155.338
-169.338
-159.307
-157.083
-159.656
-158.052
-169.319
-170.48
-176.301
-159.723
-148.122
-155.511
-149.524
-156.564
-157.317
-156.419
-159.617
-171.725
-148.301
-180.193
-162.943
-140.88
-171.558
-160.354
-163.621
-158.682
-152.527
-172.713
-157.296
-172.16
-169.021
-161.244
-156.795
-185.016
-166.838
-163.399
-155.777
-170.702
-162.602
-152.651
-166.402
-154.832
-160.856
-170.607
-163.675
-166.734
-149.727
-169.028
-157.597
-148.763
-176.308
-167.099
-166.236
-161.22
-170.389
-180.293
-163.606
-165.801
-168.465
-159.959
-157.304
-155.103
-158.459
-164.683
-149.273
-158.385
-151.506
-161.236
-161.826
-168.238
-157.035
-160.174
-165.426
-149.146
-157.214
-174.518
-155.397
-159.156
-165.201
-154.021
-161.751
-168.218
-155.91
-151.911
-166.796
-160.069
-161.909
-151.042
-160.724
-161.418
-157.989
-170.235
-162.26
-177.599
-161.175
-166.71
-170.078
-167.74
-154.987
-164.39
-161.563
-169.468
-168.583
-149.434
-178.128
-166.581
-167.17
-169.647
-155.21
-154.115
-165.976
-166.112
-158.253
-162.682
-160.735
-158.857
-162.322
-166.748
-162.301
-145.558
-167.654
-163.378
-148.533
-172.569
-165.333
-162.041
-165.79
-165.331
-155.09
-167.926
-160.402
-171.363
-157.298
-152.755
-160.853
-166.4
-157.3
-156.469
-157.568
-166.286
-153.303
-150.371
-169.861
-173.645
-164.899
-162.228
-164.823
-163.544
-161.262
-162.279
-168.957
-159.216
-167.775
-153.026
-162.531
-174.422
-157.785
-160.425
-164.677
-157.473
-158.928
-164.601
-158.489
-162.149
-164.112
-166.442
-160.997
-170.113
-152.435
-167.553
-145.83
-169.615
-147.549
-178.503
-172.072
-178.947
-150.311
-165.795
-156.292
-178.065
-164.011
-154.923
-183.343
-156.271
-163.906
-158.749
-156.823
-167.768
-154.908
-167.513
-165.527
-140.391
-170.786
-179.313
-163.099
-153.007
-164.021
-165.638
-160.214
-165.508
-142.94
-180.493
-160.089
-166.015
-156.612
-173.817
-158.104
-177.595
-165.364
-149.174
-162.418
-163.189
-147.919
-164.413
-153.863
-155.938
-161.146
-144.537
-159.146
-152.164
-163.612
-163.966
-165.414
-154.261
-148.611
-155.315
-163.324
-160.669
-175.269
-166.023
-143.318
-156.127
-161.97
-152.794
-162.752
-161.984
-156.395
-164.897
-169.325
-169.507
-170.525
-160.257
-159.385
-157.023
-160.269
-164.972
-171.613
-140.526
-146.212
-167.499
-159.969
-160.337
-163.883
-160.901
-167
-147.136
-177.513
-161.995
-168.75
-169.941
-173.803
-135.187
-149.838
-166.56
-154.287
-152.489
-161.751
-167.034
-164.372
-172.62
-163.503
-172.04
-166.598
-172.514
-151.935
-149.972
-148.064
-155.32
-170.006
-171.915
-156.8
-160.363
-167.829
-162.975
-171.35
-152.587
-162.462
-161.139
-165.416
-160.757
-156.544
-170.522
-159.618
-165.593
-161.022
-162.433
-154.483
-171.842
-170.542
-164.476
-151.851
-172.192
-167.987
-155.706
-159.771
-149.53
-158.011
-170.042
-143.246
-163.56
-175.051
-155.516
-166.174
-154.996
-137.533
-165.624
-159.848
-163.825
-154.389
-155.708
-168.457
-150.755
-159.621
-156.079
-160.775
-156.608
-163.35
-162.183
-159.807
-158.715
-159.453
-156.547
-167.385
-170.823
-168.807
-164.66
-160.194
-161.948
-170.622
-171.445
-161.072
-176.322
-146.663
-159.435
-176.412
-150.419
-162.923
-162.929
-153.972
-158.214
-163.753
-154.437
-158.951
-160.131
-153.101
-161.263
-148.847
-154.713
-162.571
-146.58
-155.779
-157.994
-171.306
-164.301
-162.731
-169.25
-168.807
-158.044
-150.522
-157.757
-152.465
-164.952
-180.658
-154.756
-151.521
-153.737
-162.267
-159.146
-149.961
-169.316
-167.592
-164.147
-150.8
-165.891
-154.16
-164.7
-158.516
-145.599
-169.013
-151.153
-149.073
-165.852
-172.592
-152.357
-162.017
-181.406
-170.662
-166.137
-154.235
-168.788
-168.593
-162.61
-171.213
-156.048
-153.268
-162.013
-165.733
-158.586
-149.323
-179.223
-167.624
-172.619
-155.038
-165.832
-162.27
-170.242
-177.743
-179.485
-169.251
-152.46
-158.81
-167.748
-152.935
-152.864
-152.162
-167.36
-153.139
-160.845
-162.256
-157.532
-167.518
-155.395
-154.681
-159.263
-162.794
-166.212
-149.893
-160.295
-176.505
-167.787
-177.327
-157.412
-162.142
-161.178
-147.673
-163.707
-151.955
-150.915
-161.473
-161.391
-178.766
-161.93
-160.89
-185.037
-161.52
-150.232
-170.032
-161.815
-150.657
-161.267
-166.284
-143.431
-162.394
-170.649
-153.336
-156.419
-171.436
-169.21
-156.848
-157.424
-149.334
-160.12
-167.395
-167.829
-179.951
-170.542
-160.088
-167.704
-159.426
-167.374
-167.123
-164.794
-160.272
-162.376
-161.851
-149.294
-149.079
-162.997
-162.517
-168.104
-160.232
-159.226
-166.012
-164.113
-167.018
-166.669
-176.288
-154.39
-177.506
-164.242
-168.408
-154.538
-152.979
-168.03
-159.424
-166.147
-163.944
-166.755
-152.945
-162.808
-158.662
-162.78
-165.072
-153.472
-169.578
-163.758
-159.527
-153.923
-173.131
-154.167
-166.183
-170.865
-182.091
-163.543
-162.954
-159.851
-164.911
-158.578
-169.536
-154.551
-159.588
-145.011
-157.909
-165.973
-185.104
-180.074
-170.635
-160.098
-166.893
-168.365
-164.634
-167.949
-174.966
-151.59
-161.929
-137.921
-160.962
-157.664
-154.136
-162.774
-173.818
-158.528
-173.311
-150.881
-161.132
-153.082
-160.669
-154.3
-164.962
-165.471
-175.374
-168.378
-165.902
-171.348
-173.647
-172.335
-152.418
-159.894
-152.418
-157.661
-155.949
-166.808
-168.263
-150.949
-162.717
-134.66
-175.668
-161.115
-152.141
-159.491
-155.7
-175.555
-157.7
-160.921
-171.531
-164.228
-171.972
-167.974
-158.868
-166.649
-149.698
-153.539
-167.521
-161.949
-163.015
-163.804
-161.201
-153.579
-168.606
-157.801
-177.101
-172.358
-147.233
-168.344
-142.301
-154.243
-170.205
-158.077
-150.468
-161.206
-164.591
-156.485
-155.349
-153.065
-143.878
-162.549
-160.906
-154.209
-160.304
-168.933
-158.149
-166.418
-152.206
-160.937
-148.376
-163.805
-165.535
-152.813
-160.519
-151.272
-156.916
-151.088
-150.451
-157.359
-158.997
-160.331
-166.416
-171.299
-167.466
-172.787
-153.812
-160.181
-158.304
-167.157
-149.238
-165.37
-172.183
-152.821
-160.598
-170.448
-157.872
-149.257
-167.109
-163.778
-174.21
-158.071
-159.524
-160.547
-152.761
-152.267
-156.937
-171.54
-167.136
-160.672
-168.146
-163.773
-158.604
-161.027
-148.56
-165.647
-166.644
-168.503
-158.234
-165.721
-156.725
-172.014
-144.118
-165.205
-168.069
-152.046
-159.686
-158.892
-160.296
-158.984
-161.091
-162.996
-160.506
-163.151
-158.445
-166.246
-184.005
-157.039
-161.282
-171.184
-157.433
-156.279
-162.462
-151.681
-175.5
-154.332
-172.894
-161.625
-159.813
-157.591
-155.117
-157.713
-159.022
-151.337
-167.04
-158.867
-165.023
-172.803
-161.814
-173.177
-160.87
-159.602
-160.824
-169.285
-160.915
-168.563
-171.843
-165.213
-157.381
-154.718
-164.906
-170.874
-150.405
-159.73
-151.604
-151.683
-162.459
-158.71
-168.41
-157.047
-161.765
-161.643
-172.736
-155.243
-149.19
-158.045
-170.138
-166.291
-159.848
-171.255
-165.808
-162.547
-164.188
-166.436
-167.79
-167.395
-165.621
-167.025
-151.808
-163.654
-166.793
-165.866
-161.555
-167.848
-163.392
-155.831
-139.283
-160.097
-166.527
-162.537
-153.864
-164.078
-171.954
-166.042
-153.693
-169.668
-175.144
-163.582
-159.399
-147.149
-170.484
-154.564
-163.061
-142.166
-159.659
-156.355
-157.742
-160.919
-157.689
-163.872
-156.725
-154.056
-175.551
-160.259
-167.149
-166.728
-166.466
-154.907
-157.676
-152.324
-181.005
-155.719
-147.005
-163.943
-172.068
-164.258
-150.36
-167.363
-155.7
-163.136
-139.4
-161.724
-158.853
-165.932
-154.593
-161.383
-158.927
-162.116
-162.801
-180.436
-177.84
-163.285
-159.258
-160.288
-164.989
-161.388
-168.443
-174.815
-164.457
-164.011
-164.733
-153.245
-155.036
-153.176
-166.015
-161.67
-163.673
-158.892
-158.57
-166.546
-164.305
-162.344
-170.858
-155.902
-164.041
-158.387
-166.605
-160.442
-155.008
-159.854
-161.16
-167.153
-167.152
-155.337
-151.57
-171.765
-162.277
-165.504
-171.406
-149.953
-150.118
-172.888
-159.697
-152.78
-154.077
-175.823
-160.497
-161.521
-159.472
-165.322
-161.481
-165.9
-159.294
-161.038
-155.604
-171.548
-169.434
-173.31
-157.7
-169.748
-174.304
-158.508
-171.675
-162.505
-166.995
-163.117
-180.234
-163.525
-155.926
-159.129
-161.652
-163.981
-162.622
-152.026
-166.567
-160.313
-153.613
-175.883
-153.514
-168.275
-152.706
-169.524
-159.516
-180.281
-167.52
-143.531
-166.17
-157.051
-161.498
-182.156
-157.882
-159.804
-161.111
-165.822
-152.74
-158.773
-163.817
-160.233
-154.676
-162.375
-155.817
-167.895
-177.093
-149.614
-157.907
-150.711
-170.944
-170.838
-160.125
-142.998
-175.692
-150.432
-159.83
-152.727
-157.103
-164.862
-163.138
-173.844
-163.08
-160.76
-156.759
-158.14
-168.742
-155.383
-146.612
-164.05
-156.346
-168.757
-160.82
-160.373
-180.768
-157.393
-163.699
-161.637
-153.417
-154.181
-169.974
-183.999
-170.743
-162.054
-166.943
-176.384
-159.366
-171.017
-153.531
-162.14
-159.633
-167.215
-163.3
-162.188
-155.564
-167.432
-152.06
-155.29
-173.376
-164.623
-161.889
-154.293
-155.18
-165.139
-171.833
-157.535
-160.382
-160.358
-158.757
-163.64
-180.683
-169.53
-159.115
-144.476
-166.899
-154.08
-154.225
-166.222
-169.041
-157.69
-170.236
-162.652
-156.979
-160.042
-142.839
-169.308
-177.212
-167.523
-162.568
-161.122
-157.705
-166.974
-159.823
-165.959
-154.29
-156.573
-157.151
-158.699
-167.047
-158.243
-162.14
-151.293
-166.208
-166.156
-172.433
-159.444
-182.355
-171.288
-164.333
-166.857
-155.364
-162.446
-163.682
-158.043
-142.998
-152.122
-155.441
-151.604
-166.7
-149.355
-155.653
-171.424
-159.703
-167.318
-170.851
-158.133
-174.281
-143.785
-153.974
-167.744
-157.273
-158.88
-157.273
-158.503
-154.907
-159.179
-161.786
-159.102
-167.456
-163.415
-164.97
-152.221
-153.105
-163.285
-157.472
-157.105
-173.74
-161.635
-161.44
-152.289
-149.04
-158.273
-160.638
-163.632
-162.89
-163.287
-152.733
-157.372
-159.194
-162.188
-172.324
-159.864
-171.739
-156.192
-179.17
-168.851
-164.166
-154.972
-171.785
-144.163
-165.117
-146.585
-171.721
-154.916
-173.447
-166.867
-154.844
-147.736
-157.892
-158.139
-166.274
-152.899
-166.963
-168.117
-160.555
-165.841
-172.897
-168.065
-169.881
-166.103
-154.443
-168.313
-156.624
-150.608
-165.534
-163.564
-153.927
-164.973
-176.535
-167.025
-149.486
-173.34
-156.617
-169.22
-149.115
-154.329
-154.513
-157.903
-163.465
-156.876
-159.071
-159.412
-154.061
-170.082
-162.325
-150.897
-163.036
-156.568
-151.76
-158.6
-163.275
-161.043
-155.421
-153.947
-164.173
-175.186
-171.835
-169.004
-161.628
-161.127
-158.009
-168.022
-162.293
-142.681
-156.433
-164.362
-168.387
-159.537
-159.886
-152.631
-162.012
-173.235
-161.134
-141.561
-164.882
-147.794
-162.046
-158.035
-155.394
-157.038
-168.641
-166.779
-154.156
-164.168
-171.215
-162.028
-155.314
-155.607
-157.938
-158.327
-169.719
-167.738
-159.982
-165.482
-170.777
-165.538
-170.3
-155.59
-147.717
-174.369
-166.489
-161.79
-161.371
-156.636
-164.563
-154.335
-161.85
-161.892
-161.401
-173.968
-153.315
-157.368
-166.181
-169.862
-151.709
-165.747
-181.681
-165.17
-168.776
-172.608
-168.146
-158.741
-173.796
-154.368
-167.639
-174.02
-164.051
-154.865
-161.91
-149.999
-156.85
-143.137
-148.61
-163.342
-145.742
-161.785
-156.328
-172.563
-157.998
-161.406
-161.853
-148.805
-169.822
-172.56
-139.69
-163.692
-169.103
-169.053
-159.261
-162.233
-163.832
-173.747
-167.102
-151.663
-156.938
-171.04
-160.851
-153.799
-162.367
-167.976
-169.887
-151.311
-169.168
-165.515
-160.89
-155.739
-166.134
-161.777
-168.237
-166.024
-165.929
-182.468
-170.166
-167.401
-162.859
-182.955
-183.386
-166.255
-163.028
-159.481
-150.6
-149.068
-161.745
-164.114
-155.692
-173.016
-162.862
-158.87
-157.849
-152.129
-163.07
-166.984
-159.407
-153.801
-161.501
-152.219
-150.813
-158.061
-156.966
-162.142
-162.03
-169.528
-156.005
-156.336
-145.043
-148.708
-177.871
-166.57
-169.001
-167.233
-165.696
-153.423
-164.846
-169.739
-159.556
-152.725
-177.399
-168.823
-163.851
-164.521
-167.778
-150.525
-167.894
-172.923
-160
-148.546
-165.218
-163.432
-167.149
-155.742
-159.465
-162.352
-159.126
-173.115
-160.038
-163.091
-160.971
-151.465
-164.833
-165.613
-167.31
-159.361
-167.507
-162.858
-164.683
-154.953
-150.884
-156.618
-160.306
-161.295
-170.482
-170.772
-166.961
-145.513
-160.214
-160.009
-157.647
-166.162
-140.123
-161.402
-149.258
-168.352
-179.247
-167.963
-168.41
-166.025
-159.439
-152.924
-152.518
-154.723
-165.656
-168.483
-152.105
-164.33
-167.694
-163.768
-163.846
-155.135
-158.447
-166.465
-152.961
-159.542
-151.499
-142.574
-158.815
-174.063
-159.957
-150.617
-138.98
-170.403
-169.725
-154.506
-163.725
-158.821
-169.138
-159.971
-165.31
-162.789
-166.568
-159.107
-163.794
-170.326
-169.762
-155.83
-164.766
-149.86
-154.823
-162.229
-159.954
-151.117
-163.757
-165.739
-160.991
-163.479
-160.259
-153.43
-162.525
-157.015
-147.233
-165.386
-169.467
-172.687
-169.271
-151.192
-175.105
-155.773
-163.975
-156.628
-162.308
-171.513
-179.68
-163.912
-160.343
-157.647
-165.981
-163.376
-166.687
-165.296
-160.868
-162.576
-170.669
-165.96
-149.868
-157.749
-164.934
-155.825
-161.109
-160.882
-145.745
-147.384
-169.259
-156.782
-168.271
-174.038
-160.054
-141.332
-151.37
-146.86
-161.182
-155.687
-160.142
-176.643
-151.613
-158.713
-157.828
-148.234
-167.559
-161.58
-160.625
-164.886
-169.716
-152.305
-158.879
-162.62
-162.797
-161.089
-162.316
-169.757
-162.838
-149.196
-153.13
-164.871
-158.757
-156.496
-158.862
-158.358
-162.982
-157.792
-163.803
-157.048
-155.475
-154.454
-147.131
-156.061
-170.955
-164.3
-168.525
-161.72
-171.913
-167.66
-155.283
-158.032
-160.393
-159.241
-156.094
-163.201
-172.982
-167.165
-151.086
-153.24
-162.37
-149.87
-163.471
-170.825
-163.953
-166.099
-157.429
-156.853
-163.939
-157.252
-176.447
-179.933
-163.233
-172.786
-174.281
-164.679
-167.935
-176.518
-162.571
-156.713
-164.668
-175.257
-167.629
-162.189
-153.697
-161.255
-177.447
-160.497
-150.516
-154.775
-163.189
-167.863
-166.365
-167.109
-170.716
-160.36
-166.059
-158.653
-158.391
-147.048
-166.66
-168.037
-159.477
-149.62
-176.802
-156.571
-161.36
-169.114
-148.566
-160.935
-148.274
-154.24
-173.232
-152.472
-163.396
-153.865
-168.318
-168.298
-169.538
-174.378
-161.732
-167.899
-166.28
-148.212
-155.722
-153.576
-160.327
-162.776
-170.535
-155.365
-169.656
-164.299
-167.628
-152.203
-163.81
-159.413
-155.692
-157.446
-152.193
-153.65
-156.567
-153.976
-159.067
-153.243
-145.266
-160.35
-153.345
-174.627
-163.15
-151.543
-163.575
-163.438
-158.148
-160.998
-181.725
-148.575
-157.595
-150.026
-163.036
-169.327
-179.454
-165.083
-161.582
-167.097
-162.545
-165.874
-147.31
-163.795
-163.025
-162.858
-168.665
-167.929
-168.717
-172.769
-172.71
-167.694
-165.715
-165.035
-153.89
-171.194
-162.363
-168.185
-150.863
-155.48
-164.978
-160.694
-168.428
-158.552
-187.388
-158.015
-160.03
-166.544
-156.816
-160.775
-171.782
-172.652
-163.361
-164.538
-159.058
-158.899
-158.949
-160.095
-167.406
-163.813
-166.896
-159.721
-161.328
-163.377
-165.324
-163.128
-162.803
-147.456
-168.632
-160.486
-179.83
-165.981
-159.546
-161.574
-173.167
-154.885
-159.437
-168.658
-156.26
-160.758
-167.766
-156.551
-157.593
-159.454
-170.832
-166.857
-159.235
-169.536
-160.787
-166.412
-150.6
-164.106
-158.227
-160.902
-173.737
-164.84
-161.113
-163.616
-175.542
-160.727
-173.627
-170.357
-156.145
-159.698
-159.58
-140.786
-168.157
-152.289
-157.291
-171.001
-147.954
-158.99
-162.512
-156.086
-153.856
-163.258
-165.914
-165.882
-156.469
-171.674
-153.186
-160.832
-174.037
-160.83
-160.658
-168.84
-156.152
-163.576
-156.778
-157.727
-161.872
-153.756
-161.664
-149.096
-148.388
-155.187
-161.427
-150.836
-165.177
-172.925
-154.692
-164.935
-147.585
-165.464
-162.991
-162.874
-156.687
-154.282
-155.639
-160.088
-162.356
-157.356
-161.176
-156.94
-141.525
-163.252
-164.36
-163.546
-163.32
-165.656
-140.46
-156.846
-150.092
-156.819
-164.21
-152.277
-161.612
-159.506
-152.207
-168.161
-170.702
-162.344
-166.061
-162.642
-156.967
-157.818
-153.641
-167.043
-156.441
-159.889
-174.932
-167.401
-172.091
-150.014
-152.629
-174.374
-177.408
-170.143
-156.842
-165.504
-149.419
-166.39
-158.559
-167.851
-159.317
-147.947
-151.584
-161.201
-159.575
-165.902
-167.091
-150.329
-156.483
-161.878
-162.796
-159.644
-151.177
-164.506
-163.677
-161.535
-156.37
-158.873
-158.336
-154.242
-159.532
-169.782
-141.959
-164.465
-154.007
-166.272
-148.93
-157.1
-174.541
-168.911
-155.383
-159.541
-174.527
-155.751
-166.977
-164.978
-164.912
-168.221
-167.965
-152.94
-146.471
-148.231
-150.661
-171.674
-171.349
-159.464
-155.353
-166.429
-152.816
-155.575
-157.569
-155.41
-168.182
-169.58
-161.876
-159.628
-151.745
-160.675
-167.51
-154.986
-158.817
-147.654
-158.286
-158.9
-162.494
-173.092
-155.69
-154.706
-160.991
-156.282
-170.913
-166.418
-156.18
-158.899
-164.305
-165.312
-164.961
-159.919
-163.768
-163.252
-147.87
-164.697
-165.239
-169.712
-167.992
-174.517
-163.559
-165.042
-149.62
-146.445
-168.814
-163.774
-159.015
-166.621
-167.548
-167.117
-155.721
-174.1
-167.054
-159.219
-169.413
-150.526
-157.672
-162.718
-178.923
-162.125
-151.081
-159.246
-167.554
-161.751
-170.358
-165.098
-146.996
-154.788
-172.954
-148.041
-166.293
-153.852
-145.849
-165.138
-160.749
-174.324
-170.869
-167.467
-168.576
-166.141
-151.251
-162.812
-147.898
-153.185
-163.162
-162.721
-160.116
-162.186
-173.531
-171.289
-165.061
-159.107
