0.987364 0.985899
0.985193 0.985076
0.985544 0.987305
0.986116 0.985854
0.980331 0.982396
0.981594 0.981317
0.982933 0.98287
0.979853 0.980843
0.979062 0.976623
0.980404 0.980801
0.983324 0.982807
0.978328 0.97872
0.98316 0.981674
0.978101 0.979489
0.98839 0.987876
0.98527 0.985995
0.986205 0.989167
0.987334 0.98967
0.990305 0.989336
0.985142 0.986973
0.98748 0.989022
0.988387 0.98595
0.988347 0.98742
0.987253 0.987304
0.987287 0.988171
0.985411 0.985907
0.981761 0.981016
0.985715 0.985269
0.98484 0.98682
0.985578 0.986219
0.979714 0.981334
0.989518 0.98862
0.984422 0.986987
0.987931 0.986504
0.984471 0.983019
0.986956 0.987774
0.988507 0.989265
0.982865 0.980821
0.984877 0.980816
0.982321 0.982691
0.978105 0.981401
0.986489 0.987909
0.987485 0.984372
0.974909 0.978522
0.99074 0.989247
0.989439 0.987764
0.986525 0.987006
0.978004 0.979024
0.986825 0.985143
0.979291 0.979423
0.97849 0.977841
0.985804 0.984362
0.986218 0.984386
0.989545 0.989175
0.989497 0.990538
0.988212 0.987893
0.986149 0.986516
0.982445 0.979659
0.985691 0.98859
0.986755 0.988639
0.986754 0.987806
0.983581 0.985119
0.982558 0.98155
0.984755 0.98509
0.989309 0.989334
0.989661 0.988744
0.982473 0.983742
0.989742 0.991075
0.987599 0.987688
0.98549 0.985142
0.988418 0.98655
0.990119 0.989707
0.985086 0.986201
0.987133 0.985474
0.98451 0.983103
0.987645 0.988442
0.985452 0.983131
0.99303 0.992895
0.986362 0.985668
0.986881 0.985557
0.985687 0.985219
0.982283 0.981694
0.987471 0.987226
0.987785 0.98835
0.988083 0.987757
0.985386 0.98533
0.986458 0.983822
0.982688 0.981293
0.98868 0.98613
0.988095 0.987974
0.98173 0.981112
0.987093 0.984221
0.980227 0.980971
0.985072 0.984606
0.983293 0.982495
0.987158 0.988285
0.981456 0.979822
0.979461 0.978275
0.9876 0.987551
0.990594 0.991168
0.987223 0.988715
0.98649 0.984732
0.989871 0.988616
0.988803 0.986771
0.987067 0.987935
0.985021 0.983771
0.9848 0.986122
0.987159 0.988426
0.991666 0.992588
0.98105 0.977434
0.987691 0.987341
0.988953 0.989949
0.992248 0.991682
0.989051 0.988302
0.98322 0.980979
0.987201 0.988505
0.98575 0.987369
0.991125 0.990274
0.986066 0.987168
0.984274 0.983171
0.992639 0.992995
0.992291 0.99214
0.982418 0.984967
0.987813 0.986918
0.987917 0.98672
0.989553 0.989409
0.991686 0.993379
0.986248 0.985505
0.988855 0.989399
0.985047 0.986089
0.988983 0.987745
0.987142 0.987764
0.986029 0.986906
0.984884 0.984529
0.985515 0.984453
0.992375 0.990265
0.988027 0.988556
0.988846 0.99201
0.987125 0.986178
0.988628 0.988465
0.99078 0.991685
0.99338 0.99359
0.990867 0.990312
0.987139 0.987419
0.990606 0.992442
0.981722 0.983075
0.987286 0.986034
0.986152 0.985239
0.983931 0.983298
0.988149 0.990677
0.989562 0.988776
0.988345 0.986431
0.988892 0.988587
0.988943 0.98826
0.990807 0.988198
0.990173 0.989026
0.989551 0.989398
0.990144 0.989198
0.983334 0.983134
0.980596 0.981172
0.982872 0.980593
0.987053 0.987872
0.988457 0.987945
0.98634 0.987059
0.990228 0.989096
0.988659 0.988878
0.990873 0.991354
0.989224 0.988646
0.987198 0.985898
0.984143 0.984331
0.986375 0.986395
0.986818 0.987231
0.984893 0.983969
0.982836 0.984065
0.981992 0.977179
0.985659 0.986668
0.982413 0.981054
0.986047 0.984884
0.989071 0.989417
0.979337 0.976599
0.988821 0.988011
0.987094 0.986453
0.985317 0.983728
0.986959 0.98704
0.988689 0.98859
0.985697 0.985386
0.988393 0.987323
0.986176 0.985992
0.989945 0.989181
0.988182 0.98963
0.988064 0.986535
0.986974 0.988626
0.984662 0.986102
0.982756 0.98395
0.987035 0.9865
0.987665 0.989025
0.987687 0.988429
0.987452 0.9883
0.981586 0.986922
0.989208 0.987667
0.985856 0.985973
0.986097 0.98868
0.984503 0.985505
0.983961 0.984812
0.987733 0.988115
0.990013 0.989273
0.991755 0.992
0.988076 0.986919
0.988667 0.987321
0.982596 0.984309
0.98379 0.984849
0.985878 0.983565
0.984472 0.987811
0.991213 0.98967
0.986197 0.98841
0.988188 0.988483
0.986428 0.986422
0.990965 0.991205
0.986887 0.986585
0.985347 0.985771
0.986571 0.985859
0.984693 0.983746
0.987649 0.98939
0.986412 0.986418
0.991862 0.989876
0.990996 0.992226
0.989445 0.989162
0.990111 0.989823
0.987738 0.988725
0.988494 0.988522
0.989097 0.986103
0.99122 0.989779
0.985297 0.985001
0.988553 0.987314
0.989274 0.98889
0.986805 0.985339
0.985288 0.982759
0.98285 0.983335
0.984282 0.986203
0.982054 0.983834
0.986637 0.986583
0.985136 0.984375
0.983416 0.985663
0.988938 0.990591
0.985755 0.986293
0.988794 0.98863
0.984883 0.984678
0.987039 0.983951
0.9771 0.978839
0.987505 0.988491
0.990522 0.991966
0.977841 0.981777
0.981966 0.979864
0.987225 0.987204
0.984761 0.985307
0.98815 0.988642
0.982153 0.984911
0.982783 0.985213
0.985263 0.985332
0.98124 0.981992
0.978245 0.980859
0.985016 0.984213
0.988504 0.986632
0.98975 0.989293
0.987226 0.985168
0.985447 0.983337
0.98626 0.987106
0.982707 0.984502
0.984116 0.984656
0.980935 0.986139
0.988795 0.989446
0.988091 0.988607
0.973843 0.977517
0.98726 0.987124
0.988389 0.987511
0.988428 0.988826
0.984349 0.984606
0.989347 0.989724
0.989016 0.989831
0.990797 0.988583
0.987729 0.988951
0.987296 0.989958
0.98475 0.985337
0.991748 0.990137
0.988572 0.986175
0.988767 0.988243
0.985163 0.985442
0.989398 0.989384
0.986954 0.985356
0.988868 0.988165
0.98309 0.98147
0.988848 0.989395
0.988303 0.986198
0.988345 0.987408
0.991437 0.989912
0.991732 0.991218
0.99182 0.991944
0.991318 0.991448
0.982362 0.983517
0.982532 0.979606
0.986433 0.985723
0.988416 0.986643
0.981703 0.981852
0.978805 0.983055
0.986397 0.986372
0.988559 0.98886
0.984364 0.984211
0.982505 0.982133
0.990799 0.98847
0.986714 0.985353
0.98776 0.987848
0.98653 0.983743
0.981984 0.98158
0.986953 0.988015
0.986922 0.988152
0.985332 0.982483
0.989477 0.987799
0.98635 0.983942
0.988944 0.989728
0.988431 0.985946
0.985357 0.984415
0.987915 0.988603
0.990221 0.988309
0.985391 0.98959
0.987251 0.986942
0.989353 0.988474
0.984627 0.984425
0.977381 0.978259
0.985711 0.983489
0.98207 0.981134
0.98488 0.98594
0.98681 0.985785
0.98809 0.986841
0.986802 0.986945
0.988861 0.987152
0.982348 0.982449
0.978497 0.977872
0.985795 0.984317
0.987611 0.988839
0.988073 0.988113
0.988708 0.985908
0.988356 0.987651
0.992227 0.99139
0.990463 0.990239
0.987819 0.987833
0.983586 0.986144
0.986848 0.986715
0.985319 0.984942
0.984964 0.985597
0.987292 0.987626
0.982336 0.984791
0.987713 0.989952
0.986726 0.983588
0.978863 0.982027
0.985867 0.985426
0.989793 0.989683
0.990206 0.990682
0.986445 0.986581
0.985152 0.983224
0.984959 0.986178
0.986915 0.987199
0.992777 0.992516
0.989817 0.988964
0.98849 0.989468
0.983441 0.983277
0.987387 0.988713
0.984255 0.983991
0.989152 0.987626
0.989174 0.990063
0.988971 0.983908
0.988802 0.988035
0.98822 0.986342
0.989077 0.988568
0.981468 0.981525
0.989832 0.986286
0.985576 0.987159
0.986973 0.988058
0.985974 0.984922
0.988992 0.988305
0.985355 0.986873
0.981874 0.983991
0.991283 0.98934
0.9873 0.988464
0.992721 0.990846
0.986397 0.988118
0.989489 0.990084
0.990872 0.989874
0.990343 0.990457
0.989994 0.989633
0.982965 0.983493
0.982194 0.985527
0.977811 0.979485
0.987772 0.987137
0.986939 0.984387
0.980916 0.980515
0.991417 0.990214
0.986036 0.986217
0.987808 0.987964
0.985765 0.984688
0.984957 0.988902
0.988184 0.987587
0.982194 0.984595
0.98701 0.98652
0.987271 0.986246
0.984716 0.984878
0.990255 0.989527
0.989706 0.988814
0.982401 0.982888
0.979736 0.980236
0.985896 0.987557
0.979304 0.97836
0.98842 0.987666
0.991006 0.988942
0.992459 0.992182
0.991876 0.991565
0.991207 0.989485
0.985599 0.986249
0.991103 0.991073
0.987411 0.987762
0.991703 0.991281
0.990389 0.990502
0.988204 0.988154
0.988592 0.986364
0.987237 0.9886
0.987056 0.98738
0.989743 0.986661
0.988919 0.98884
0.98287 0.984753
0.990212 0.991062
0.989628 0.988895
0.985578 0.985812
0.985206 0.984315
0.990157 0.991301
0.986108 0.987113
0.984245 0.986397
0.986805 0.986738
0.984376 0.984751
0.9876 0.985903
0.988214 0.986029
0.98862 0.986383
0.986503 0.987121
0.985763 0.986058
0.982471 0.984729
0.984926 0.985858
0.988462 0.987123
0.985495 0.98601
0.984187 0.985824
0.988191 0.986156
0.989319 0.987697
0.987796 0.985303
0.987925 0.989024
0.990037 0.987996
0.989146 0.988864
0.984731 0.984693
0.987924 0.989192
0.989245 0.989238
0.985101 0.982718
0.981724 0.980095
0.982071 0.984623
0.990573 0.991011
0.985956 0.986887
0.983045 0.985308
0.980138 0.981202
0.981526 0.980353
0.984399 0.983239
0.984438 0.983869
0.990129 0.990005
0.985794 0.983529
0.987749 0.986118
0.987745 0.985216
0.987322 0.987782
0.980726 0.983089
0.987268 0.988093
0.983723 0.986953
0.977049 0.974043
0.982323 0.985413
0.98262 0.98323
0.987319 0.986766
0.98363 0.984558
0.990642 0.991849
0.986261 0.985403
0.985843 0.985685
0.985533 0.98433
0.979506 0.981746
0.985485 0.986966
0.987037 0.986899
0.983594 0.985127
0.988773 0.988961
0.989066 0.989778
0.99022 0.990466
0.986101 0.986324
0.987135 0.988959
0.987755 0.987289
0.988814 0.988957
0.990975 0.989971
0.988383 0.988763
0.989093 0.989887
0.984497 0.985665
0.9867 0.986382
0.991669 0.989933
0.987206 0.988256
0.989168 0.989837
0.989499 0.989139
0.988867 0.989293
0.986976 0.988641
0.99129 0.987673
0.986062 0.982907
0.990452 0.987772
0.989547 0.991055
0.989497 0.989184
0.986379 0.987173
0.986268 0.9849
0.986078 0.985524
0.988231 0.987108
0.98563 0.985097
0.988395 0.987098
0.979536 0.977219
0.983919 0.984983
0.986944 0.986217
0.981279 0.984835
0.988286 0.987438
0.983059 0.983017
0.98749 0.984318
0.988174 0.989574
0.983749 0.986405
0.988032 0.988082
0.989038 0.988102
0.987917 0.988331
0.987474 0.98755
0.982368 0.984472
0.986635 0.986642
0.985662 0.986159
0.985623 0.982797
0.985187 0.983496
0.984327 0.984973
0.984527 0.985833
0.988515 0.990894
0.98898 0.989864
0.990592 0.991927
0.987858 0.988599
0.985452 0.986091
0.987859 0.986901
0.987778 0.987112
0.991107 0.990321
0.990488 0.990213
0.981108 0.982599
0.989688 0.988015
0.990375 0.98816
0.989457 0.989429
0.989796 0.99136
0.991372 0.990613
0.989377 0.986778
0.986695 0.98621
0.987302 0.988732
0.987326 0.990007
0.986566 0.985371
0.983702 0.982956
0.986436 0.9879
0.98759 0.986913
0.989292 0.990113
0.989324 0.987724
0.98994 0.99
0.990871 0.990114
0.988035 0.986843
0.991509 0.990716
0.988641 0.989856
0.990581 0.989328
0.988131 0.986939
0.985975 0.985788
0.985401 0.987078
0.982158 0.980604
0.988586 0.989555
0.982548 0.982073
0.980476 0.982453
0.982946 0.985089
0.986017 0.984681
0.989062 0.988067
0.991456 0.991283
0.991172 0.989393
0.990939 0.990392
0.986539 0.986807
0.985469 0.984057
0.98553 0.984399
0.982187 0.984552
0.98165 0.981566
0.987621 0.987274
0.988121 0.988533
0.987564 0.987181
0.978125 0.979011
0.982526 0.980021
0.985344 0.985557
0.986747 0.987963
0.98205 0.983441
0.986948 0.986572
0.992493 0.991842
0.986596 0.987384
0.988381 0.988605
0.988425 0.987433
0.984669 0.985181
0.9866 0.98934
0.990845 0.991651
0.987576 0.987262
0.989443 0.989376
0.9847 0.983825
0.989261 0.9892
0.98963 0.989024
0.98801 0.987469
0.99085 0.989287
0.991045 0.992039
0.988626 0.98781
0.985217 0.983869
0.99073 0.991276
0.984733 0.984152
0.980176 0.982375
0.98344 0.980855
0.981259 0.982898
0.977381 0.975939
0.980066 0.978465
0.984165 0.98304
0.987129 0.987497
0.988786 0.988407
0.984142 0.984124
0.985803 0.987752
0.98755 0.985846
0.990367 0.988551
0.986984 0.985983
0.986786 0.985204
0.98546 0.984781
0.983717 0.984779
0.989874 0.989182
0.988514 0.987189
0.986443 0.985514
0.98256 0.983252
0.985742 0.982559
0.984408 0.985781
0.988237 0.99038
0.987872 0.987305
0.984535 0.986175
0.987018 0.987192
0.979961 0.976337
0.985369 0.98502
0.983813 0.984513
0.988016 0.988336
0.987889 0.987917
0.981533 0.986156
0.985429 0.984291
0.985281 0.987855
0.988824 0.989147
0.985257 0.984976
0.980047 0.983341
0.989072 0.983922
0.987596 0.986062
0.989179 0.989294
0.990598 0.98978
0.986459 0.9872
0.983679 0.985006
0.986613 0.987245
0.984036 0.987451
0.985239 0.98662
0.98199 0.984238
0.981758 0.983253
0.989308 0.987384
0.984023 0.983799
0.987408 0.986848
0.990053 0.988876
0.986534 0.985174
0.98714 0.986284
0.984328 0.983932
0.98695 0.985647
0.989438 0.990257
0.989401 0.99084
0.986037 0.984672
0.990848 0.988932
0.984809 0.98654
0.982866 0.982601
0.978908 0.978921
0.974499 0.97816
0.982035 0.984019
0.986746 0.98708
0.981851 0.984152
0.982018 0.981012
0.987732 0.986537
0.98378 0.983353
0.986707 0.987955
0.988975 0.987697
0.991367 0.99047
0.982837 0.981828
0.982752 0.985072
0.98235 0.981026
0.986692 0.988257
0.993265 0.992242
0.989495 0.990195
0.986825 0.985723
0.990922 0.989679
0.991369 0.992266
0.983683 0.985286
0.982589 0.980779
0.989668 0.98957
0.988675 0.988149
0.989817 0.987947
0.988767 0.991744
0.986216 0.98721
0.985413 0.984164
0.987568 0.987485
0.990965 0.991224
0.989515 0.990936
0.985464 0.984865
0.98411 0.980984
0.98384 0.983806
0.987315 0.987856
0.98832 0.986934
0.988347 0.987331
0.988804 0.989038
0.987974 0.986361
0.981606 0.985452
0.988481 0.988386
0.987087 0.986674
0.991691 0.992024
0.988381 0.989245
0.987784 0.987932
0.991648 0.99305
0.988451 0.987593
0.983849 0.984826
0.988354 0.989277
0.987528 0.987754
0.986995 0.98662
0.98249 0.987439
0.989919 0.989689
0.987853 0.990004
0.988209 0.989343
0.988416 0.987321
0.99146 0.990396
0.987916 0.984076
0.988839 0.990019
0.985996 0.98471
0.991957 0.992116
0.988738 0.989924
0.988233 0.990033
0.988534 0.988105
0.990019 0.989324
0.985589 0.98802
0.990377 0.990488
0.989926 0.988965
0.988956 0.988494
0.986332 0.984689
0.986487 0.987142
0.991361 0.989173
0.986897 0.98864
0.986288 0.985779
0.988819 0.987578
0.991348 0.99212
0.985717 0.988246
0.984188 0.986043
0.991406 0.991176
0.987226 0.988057
0.989993 0.990574
0.992742 0.993684
0.990738 0.990306
0.987142 0.988085
0.987765 0.987928
0.98952 0.989268
0.989332 0.992835
0.988293 0.988494
0.98403 0.985858
0.992403 0.991757
0.991017 0.991107
0.987483 0.986541
0.981223 0.981535
0.981933 0.983189
0.98458 0.983056
0.981807 0.981641
0.989038 0.991201
0.988631 0.988883
0.989331 0.988827
0.987558 0.987495
0.988266 0.987742
0.988674 0.990255
0.984065 0.985286
0.987269 0.986093
0.989719 0.990488
0.98618 0.983126
0.981247 0.98409
0.987159 0.986178
0.987141 0.987724
0.987297 0.987859
0.985347 0.985142
0.988225 0.988082
0.986928 0.986947
0.988295 0.989128
0.986216 0.986446
0.980776 0.983386
0.9835 0.985763
0.990099 0.989497
0.989594 0.991115
0.989626 0.988542
0.989898 0.99154
0.985498 0.989304
0.984121 0.983499
0.990459 0.989181
0.98835 0.984177
0.98514 0.984409
0.99025 0.988678
0.984587 0.982125
0.979387 0.978756
0.987273 0.987707
0.988554 0.986566
0.985427 0.986833
0.98138 0.982959
0.987797 0.988958
0.986826 0.987281
0.992512 0.993261
0.989871 0.987653
0.980921 0.983523
0.985563 0.986316
0.985539 0.982385
0.98868 0.989321
0.989719 0.991224
0.991109 0.989387
0.986933 0.986967
0.987557 0.987613
0.986034 0.985206
0.985005 0.986864
0.987592 0.985903
0.985721 0.985343
0.981786 0.985043
0.985184 0.983391
0.988334 0.987374
0.984282 0.984163
0.988347 0.989564
0.98558 0.985817
0.987644 0.988262
0.988003 0.9884
0.986319 0.988431
0.988568 0.988386
0.9863 0.98545
0.983446 0.980786
0.983027 0.984713
0.982452 0.981571
0.980194 0.979952
0.985049 0.981213
0.99097 0.990336
0.988638 0.988365
0.988654 0.986294
0.986087 0.981929
0.984296 0.987036
0.990201 0.990078
0.989775 0.990248
0.989554 0.989558
0.986155 0.986538
0.98447 0.985975
0.981842 0.981356
0.986965 0.986456
0.9866 0.987508
0.985153 0.985348
0.987606 0.989269
0.986907 0.986014
0.988488 0.987095
0.98457 0.987084
0.98606 0.987688
0.984909 0.986794
0.989468 0.986143
0.989189 0.990076
0.990446 0.988492
0.989564 0.986039
0.979308 0.976821
0.982706 0.983578
0.98879 0.987268
0.988449 0.988594
0.98971 0.989715
0.985603 0.985468
0.990586 0.989863
0.990849 0.991478
0.99083 0.99039
0.984718 0.98495
0.990853 0.988854
0.989476 0.990752
0.983413 0.98376
0.984158 0.985133
0.98412 0.983211
0.984919 0.985077
0.984867 0.987941
0.986716 0.985985
0.990921 0.990195
0.992329 0.990343
0.99087 0.989484
0.990026 0.991923
0.985178 0.986622
0.989482 0.989758
0.986196 0.986107
0.986072 0.982823
0.987884 0.988693
0.9905 0.990605
0.988549 0.99013
0.991243 0.991887
0.98716 0.98775
0.984226 0.982063
0.980404 0.983594
0.987202 0.987615
0.988991 0.987805
0.986213 0.98795
0.987884 0.989339
0.987726 0.987977
0.984395 0.985923
0.985359 0.98479
0.985269 0.982458
0.988498 0.988194
0.986609 0.988079
0.98442 0.98143
0.989413 0.985608
0.988527 0.990017
0.982582 0.978998
0.975773 0.974696
0.982938 0.977862
0.980265 0.982953
0.980862 0.98194
0.978154 0.980287
0.987606 0.987785
0.989023 0.989512
0.988784 0.986518
0.991608 0.988946
0.987995 0.986331
0.988493 0.986638
0.983357 0.983169
0.986565 0.986022
0.991447 0.989788
0.987073 0.985898
0.987824 0.989444
0.990255 0.991638
0.99168 0.991325
0.991031 0.989987
0.989132 0.989802
0.990892 0.991005
0.985671 0.984798
0.987142 0.984959
0.988697 0.985593
0.986503 0.985124
0.987544 0.986426
0.986496 0.988438
0.984614 0.983872
0.988259 0.988524
0.987121 0.986567
0.991545 0.990234
0.985632 0.988164
0.986612 0.98828
0.986778 0.988142
0.989737 0.989464
0.986313 0.986502
0.992529 0.991071
0.987023 0.986646
0.988953 0.991626
0.988228 0.986853
0.987385 0.990493
0.990894 0.989938
0.990919 0.988384
0.987206 0.984291
0.987379 0.987666
0.988866 0.98773
0.991144 0.989128
0.986978 0.989238
0.984988 0.986069
0.987378 0.987779
0.98647 0.985881
0.984147 0.983654
0.989702 0.991403
0.987258 0.988591
0.991365 0.990641
0.988738 0.988602
0.987304 0.986636
0.985813 0.987575
0.983971 0.985219
0.979177 0.978332
0.990379 0.991348
0.985131 0.983629
0.991094 0.991667
0.989974 0.989656
0.991492 0.99286
0.984749 0.985323
0.986589 0.988162
0.98873 0.988398
0.986096 0.986118
0.981144 0.984826
0.987836 0.987115
0.989335 0.988695
0.989085 0.989682
0.984679 0.986515
0.990336 0.99105
0.981578 0.980336
0.990027 0.990845
0.987725 0.988335
0.983472 0.983512
0.971637 0.970481
0.982068 0.982469
0.986758 0.985583
0.983061 0.984642
0.988171 0.987221
0.989038 0.988997
0.988868 0.989592
0.987819 0.98853
0.984623 0.984634
0.98684 0.984254
0.988261 0.987875
0.984658 0.987042
0.988067 0.987799
0.986559 0.988538
0.991199 0.989987
0.98423 0.985211
0.981076 0.981623
0.982473 0.983228
0.985484 0.986544
0.987211 0.984923
0.986467 0.986617
0.980896 0.983885
0.985486 0.986761
0.984386 0.983717
0.982118 0.982048
0.984233 0.980424
0.987615 0.986422
0.982225 0.984194
0.987202 0.989539
0.989615 0.990472
0.984083 0.985579
0.984411 0.982718
0.987624 0.990329
0.988916 0.987936
0.987756 0.987198
0.982767 0.981677
0.981276 0.980287
0.986132 0.985692
0.992279 0.991282
0.991651 0.989889
0.987685 0.987291
0.989425 0.989897
0.98743 0.988379
0.988741 0.988792
0.990814 0.989599
0.982743 0.980483
0.987123 0.986386
0.984255 0.984095
0.981345 0.979993
0.984177 0.986896
0.987659 0.990353
0.988968 0.989623
0.988086 0.991611
0.993149 0.992431
0.989879 0.991041
0.988555 0.987895
0.991439 0.989716
0.989121 0.987777
0.987071 0.987781
0.989036 0.990451
0.987164 0.987217
0.990006 0.988219
0.98891 0.990084
0.991663 0.989571
0.987127 0.985401
0.98749 0.985353
0.990319 0.990876
0.990329 0.987638
0.988793 0.988929
0.989001 0.98796
0.985621 0.986398
0.990266 0.989363
0.988858 0.988955
0.985295 0.982124
0.987659 0.988306
0.992145 0.991277
0.989161 0.989152
0.989078 0.990471
0.98655 0.98855
0.982491 0.98121
0.990433 0.989606
0.987065 0.987082
0.987018 0.987199
0.986535 0.986191
0.987454 0.988163
0.988096 0.987416
0.98591 0.987538
0.986156 0.983972
0.987912 0.989867
0.990591 0.991143
0.991692 0.991516
0.988322 0.98806
0.987032 0.985771
0.985347 0.986594
0.985255 0.987919
0.993159 0.991638
0.990517 0.989439
0.990118 0.988767
0.987755 0.988163
0.98665 0.987307
0.991376 0.990914
0.98911 0.990884
0.988677 0.985994
0.984412 0.983954
0.98416 0.982993
0.985172 0.986267
0.98714 0.984332
0.988451 0.987653
0.98646 0.987928
0.989039 0.987613
0.98872 0.989862
0.989917 0.990351
0.991007 0.992469
0.987786 0.988562
0.989086 0.99081
0.986751 0.985307
0.984055 0.984605
0.980514 0.980696
0.983561 0.982688
0.979646 0.980021
0.981723 0.983501
0.980853 0.981649
0.981905 0.982283
0.985951 0.986589
0.987341 0.988528
0.988041 0.988646
0.984241 0.986596
0.989205 0.990832
0.986417 0.985274
0.986472 0.98761
0.991256 0.989106
0.988371 0.988084
0.98711 0.987102
0.978059 0.977584
0.978816 0.979083
0.988524 0.99057
0.988438 0.988716
0.985834 0.985749
0.992273 0.992106
0.988917 0.987601
0.987361 0.986951
0.988311 0.987819
0.986489 0.986838
0.987074 0.985043
0.988698 0.986075
0.989436 0.989301
0.986509 0.987523
0.993066 0.991766
0.990656 0.987051
0.985261 0.986936
0.988159 0.989106
0.989251 0.987063
0.987083 0.989785
0.989947 0.989272
0.988769 0.990375
0.991399 0.99034
0.989698 0.991423
0.983326 0.985557
0.983715 0.985551
0.985797 0.985327
0.984694 0.983336
0.989592 0.990587
0.98234 0.983175
0.986986 0.985894
0.99042 0.989252
0.986633 0.988239
0.991934 0.992032
0.987057 0.988052
0.986331 0.986434
0.988627 0.988175
0.988498 0.990516
0.985216 0.982679
0.983882 0.980896
0.98431 0.984524
0.98918 0.989007
0.982544 0.983324
0.975678 0.973891
0.981324 0.983283
0.98911 0.987127
0.991331 0.992975
0.989846 0.988617
0.986229 0.984887
0.984925 0.987363
0.987838 0.989365
0.987764 0.988835
0.989503 0.988735
0.990346 0.991361
0.988096 0.987339
0.985034 0.987677
0.991681 0.992362
0.987459 0.98761
0.985877 0.987182
0.98856 0.989336
0.990797 0.990802
0.992324 0.99105
0.992751 0.992481
0.986088 0.986764
0.987791 0.987318
0.984946 0.985709
0.986419 0.986407
0.989412 0.988118
0.988098 0.989179
0.991749 0.991202
0.988654 0.988161
0.988424 0.988331
0.991064 0.991285
0.98897 0.990737
0.990704 0.991513
0.989039 0.989231
0.985183 0.98618
0.992625 0.994035
0.98833 0.987173
0.984957 0.984252
0.985991 0.987394
0.986095 0.986743
0.987773 0.985554
0.986573 0.986835
0.981844 0.982245
0.983404 0.986219
0.98365 0.982256
0.9825 0.98171
0.98283 0.985491
0.984204 0.98168
0.987719 0.986668
0.990347 0.990024
0.987477 0.987377
0.990614 0.990997
0.990824 0.990452
0.987293 0.986947
0.988856 0.99015
0.987637 0.987813
0.984659 0.98251
0.983609 0.98411
0.980067 0.980372
0.981118 0.981681
0.980854 0.979834
0.982019 0.983027
0.986186 0.987154
0.988768 0.990248
0.987485 0.987936
0.986526 0.986708
0.98531 0.984478
0.984079 0.983543
0.984816 0.98176
0.982178 0.985479
0.988454 0.987857
0.989224 0.988446
0.992432 0.992345
0.989865 0.989036
0.992579 0.990488
0.989629 0.98765
0.988708 0.988557
0.989963 0.991661
0.989331 0.988744
0.986016 0.985654
0.979699 0.979601
0.985529 0.985037
0.984192 0.983937
0.989861 0.990417
0.986005 0.988429
0.988003 0.987413
0.986522 0.986189
0.98211 0.98056
0.984124 0.985885
0.989784 0.98963
0.983104 0.984124
0.986087 0.987465
0.986077 0.986437
0.985586 0.986193
0.990801 0.988647
0.989663 0.988905
0.987991 0.9874
0.986996 0.9864
0.981005 0.981987
0.978539 0.977089
0.986941 0.985241
0.988313 0.98898
0.989313 0.990019
0.986112 0.98488
0.990451 0.988127
0.992459 0.992492
0.992577 0.991685
0.983394 0.982082
0.987784 0.99015
0.988166 0.987569
0.98304 0.98296
0.985426 0.982653
0.987841 0.986048
0.989682 0.99046
0.988598 0.98819
0.987246 0.987038
0.989425 0.989109
0.982681 0.982505
0.983413 0.982755
0.985904 0.985329
0.982969 0.98507
0.988702 0.990076
0.987693 0.987655
0.987252 0.986739
0.987534 0.98826
0.984469 0.984128
0.983726 0.984159
0.988551 0.989917
0.98648 0.984414
0.98946 0.988859
0.983974 0.983025
0.983016 0.983142
0.981182 0.97769
0.98599 0.987656
0.98836 0.987474
0.985349 0.985619
0.980046 0.981218
0.981893 0.981815
0.982768 0.980791
0.989171 0.986373
0.992197 0.991178
0.990689 0.98976
0.988507 0.987689
0.987606 0.988444
0.984394 0.986983
0.99018 0.988063
0.986159 0.985905
0.985776 0.9849
0.984682 0.98743
0.98031 0.981878
0.985201 0.985143
0.988458 0.989431
0.987701 0.98845
0.988072 0.985431
0.978291 0.98001
0.97662 0.976847
0.98001 0.983183
0.987582 0.988068
0.989343 0.9912
0.988793 0.990567
0.982162 0.985296
0.977751 0.978999
0.985244 0.983373
0.988924 0.98793
0.988681 0.990103
0.990409 0.989138
0.989595 0.9877
0.986866 0.985476
0.993237 0.992229
0.987998 0.985687
0.99222 0.991456
0.985245 0.985522
0.985387 0.98537
0.988251 0.98524
0.985777 0.987888
0.986152 0.985989
0.990333 0.9906
0.986885 0.985552
0.991519 0.990125
0.987329 0.987171
0.984362 0.982074
0.988232 0.989363
0.989132 0.987018
0.987396 0.988911
0.987554 0.987089
0.985975 0.98324
0.980079 0.982074
0.987366 0.988912
0.989014 0.988799
0.985992 0.98572
0.989299 0.988646
0.99125 0.990988
0.984194 0.984254
0.98868 0.988976
0.986459 0.984302
0.985427 0.989025
0.984647 0.986441
0.98824 0.989317
0.990733 0.990512
0.987712 0.987749
0.983408 0.986429
0.986818 0.988121
0.987561 0.987817
0.984466 0.986868
0.98741 0.986545
0.982609 0.983516
0.980386 0.97891
0.980818 0.982008
0.984495 0.98365
0.984732 0.984682
0.981938 0.982889
0.989654 0.987967
0.986988 0.987694
0.990409 0.98881
0.986145 0.98773
0.986723 0.986496
0.987971 0.988226
0.990521 0.989947
0.988489 0.987678
0.989418 0.987298
0.9824 0.981959
0.985905 0.985939
0.985234 0.986798
0.990404 0.991303
0.983315 0.98478
0.986637 0.985982
0.990571 0.99064
0.989251 0.991652
0.990717 0.989416
0.988392 0.987646
0.984621 0.986944
0.984729 0.983883
0.985562 0.987181
0.987848 0.988914
0.987941 0.990256
0.984965 0.985892
0.991255 0.990589
0.988559 0.988384
0.98887 0.990653
0.988257 0.987556
0.992 0.99246
0.988274 0.989744
0.988524 0.989062
0.985485 0.986253
0.988383 0.987161
0.985708 0.989067
0.989961 0.988583
0.987854 0.989262
0.98647 0.9896
0.987166 0.987761
0.993951 0.994325
0.989845 0.989076
0.987959 0.988326
0.985329 0.987659
0.985995 0.988386
0.987242 0.987648
0.983838 0.985635
0.989734 0.987925
0.987513 0.985977
0.983396 0.983518
0.989087 0.988108
0.98316 0.989068
0.989163 0.987478
0.98665 0.986942
0.990132 0.98949
0.990205 0.989965
0.989477 0.991201
0.988136 0.98934
0.990064 0.989711
0.987288 0.987148
0.985834 0.986499
0.990781 0.988957
0.990728 0.98804
0.986261 0.988185
0.988867 0.989661
0.990536 0.989548
0.985699 0.98599
0.988748 0.98967
0.987418 0.986413
0.983448 0.983398
0.986753 0.986911
0.988533 0.988298
0.979222 0.976634
0.981549 0.981914
0.974161 0.975444
0.981027 0.9805
0.981947 0.982482
0.982887 0.985233
0.987657 0.987022
0.989722 0.987657
0.98756 0.988762
0.987267 0.986823
0.988847 0.988883
0.987681 0.986852
0.988812 0.98694
0.985578 0.987495
0.986784 0.987915
0.981031 0.983639
0.985056 0.985889
0.975738 0.980114
0.985518 0.983233
0.985747 0.987023
0.985034 0.983168
0.989587 0.988114
0.984376 0.984787
0.987796 0.988005
0.989851 0.99066
0.990235 0.991696
0.990244 0.989835
0.989448 0.98839
0.989193 0.989423
0.991219 0.992211
0.990744 0.987718
0.991368 0.991917
0.988987 0.988848
0.987056 0.9893
0.98745 0.989733
0.988945 0.989793
0.989164 0.986401
0.986733 0.986791
0.986271 0.986546
0.986514 0.985708
0.991901 0.992109
0.99005 0.990894
0.987377 0.985658
0.991693 0.99183
0.986294 0.987534
0.987233 0.984763
0.988351 0.98853
0.991499 0.990914
0.991742 0.991241
0.987927 0.990312
0.989114 0.99172
0.989929 0.991674
0.98511 0.985754
0.981631 0.982569
0.982599 0.979233
0.986293 0.98446
0.985203 0.986617
0.989502 0.99096
0.989847 0.989805
0.988952 0.989602
0.984868 0.986468
0.983965 0.985784
0.979553 0.980986
0.989025 0.988011
0.986061 0.983719
0.981643 0.984331
0.980854 0.979508
0.986605 0.987361
0.989967 0.99019
0.98503 0.983065
0.986428 0.988472
0.987192 0.985474
0.98097 0.982128
0.986957 0.986591
0.98982 0.992765
0.987343 0.985764
0.986403 0.985685
0.984685 0.98388
0.989563 0.990478
0.9879 0.989978
0.985534 0.985662
0.988868 0.989955
0.99027 0.990355
0.990864 0.990259
0.99243 0.993217
0.993266 0.993741
0.987004 0.986474
0.990183 0.987753
0.991343 0.988899
0.981274 0.979239
0.987635 0.986007
0.987552 0.985559
0.98292 0.984368
0.984204 0.98531
0.988286 0.990734
0.990672 0.989536
0.98369 0.9841
0.984611 0.983045
0.976988 0.980581
0.985747 0.987018
0.985599 0.987062
0.991776 0.99125
0.989353 0.987716
0.987612 0.986436
0.983711 0.984624
0.992582 0.993072
0.990364 0.987637
0.98811 0.98652
0.989209 0.990211
0.984464 0.983609
0.981003 0.981295
0.985105 0.983218
0.979657 0.982106
0.988202 0.987363
0.991462 0.990952
0.985017 0.986254
0.9864 0.985035
0.986104 0.986755
0.988913 0.992054
0.989858 0.989418
0.989482 0.989776
0.988533 0.987124
0.984215 0.985394
0.988387 0.988032
0.98903 0.987414
0.988055 0.987007
0.984193 0.981743
0.98088 0.981142
0.988595 0.985681
0.988958 0.99053
0.986273 0.987749
0.983521 0.98487
0.978871 0.980908
0.981747 0.983076
0.99024 0.99024
0.98777 0.989813
0.986642 0.988033
0.986919 0.987281
0.983112 0.98205
0.979709 0.979884
0.984184 0.986309
0.987578 0.989879
0.989919 0.990173
0.988873 0.987741
0.985501 0.986573
0.985645 0.98568
0.98353 0.983884
0.98034 0.980058
0.980387 0.979231
0.984845 0.984231
0.989043 0.988607
0.989637 0.990812
0.986076 0.986788
0.991325 0.989807
0.982816 0.982351
0.990182 0.989929
0.988677 0.989844
0.986463 0.98292
0.984378 0.984988
0.988191 0.987306
0.989678 0.990841
0.989984 0.990077
0.988007 0.987645
0.990665 0.988955
0.984699 0.984478
0.988483 0.986171
0.98696 0.986766
0.986319 0.988059
0.984538 0.986732
0.988533 0.990505
0.985758 0.983734
0.987353 0.986735
0.98869 0.990509
0.992832 0.991945
0.988512 0.988501
0.986398 0.986968
0.989013 0.98782
0.988367 0.990609
0.990203 0.989359
0.989577 0.988603
0.991092 0.991296
0.987351 0.987905
0.98598 0.982808
0.97982 0.979405
0.9894 0.98833
0.986516 0.984915
0.986034 0.987276
0.988904 0.988582
0.990163 0.98941
0.987059 0.988412
0.984943 0.986769
0.987395 0.986126
0.990059 0.989848
0.989616 0.986645
0.986705 0.98421
0.984814 0.984364
0.988896 0.987507
0.98586 0.985216
0.988018 0.987143
0.987527 0.98586
0.986136 0.988975
0.981277 0.982618
0.983377 0.983549
0.986535 0.98617
0.988254 0.991191
0.98811 0.98917
0.989483 0.989783
0.984781 0.984379
0.98629 0.985033
0.988941 0.988487
0.986486 0.988638
0.989819 0.988331
0.986212 0.985724
0.988077 0.98926
0.985307 0.982577
0.986765 0.988729
0.989113 0.990175
0.983459 0.984847
0.984536 0.985839
0.987177 0.984466
0.990239 0.987954
0.991905 0.991139
0.985046 0.985583
0.984415 0.984296
0.989918 0.988931
0.985215 0.987383
0.984387 0.984459
0.985603 0.987488
0.987895 0.985558
0.984723 0.984408
0.989967 0.990296
0.988361 0.987263
0.985747 0.987505
0.987067 0.987966
0.988942 0.99067
0.990488 0.988123
0.985716 0.983935
0.989975 0.989242
0.982576 0.982667
0.987342 0.9883
0.988339 0.987934
0.987745 0.986613
0.98623 0.986245
0.981291 0.983645
0.987139 0.986401
0.986078 0.985253
0.989585 0.98857
0.988974 0.989543
0.982719 0.984814
0.990747 0.988872
0.987448 0.988422
0.987117 0.987805
0.985289 0.985187
0.977346 0.978149
0.976891 0.97861
0.977589 0.978826
0.985785 0.983378
0.980832 0.982683
0.988002 0.985589
0.984373 0.985804
0.982998 0.982713
0.986076 0.985592
0.987865 0.988062
0.989387 0.990446
0.990548 0.990103
0.986676 0.985037
0.983206 0.982822
0.988008 0.988566
0.988735 0.987872
0.983594 0.981674
0.978598 0.97897
0.984656 0.984512
0.98214 0.982003
0.98036 0.980122
0.982282 0.980954
0.976039 0.977892
0.979803 0.981798
0.980549 0.980736
0.992436 0.991695
0.986818 0.985941
0.987774 0.98672
0.984358 0.988303
0.984972 0.983654
0.98657 0.985869
0.989097 0.987468
0.981376 0.982189
0.985851 0.984883
0.99043 0.99059
0.985684 0.98654
0.989575 0.990486
0.99147 0.991011
0.990159 0.988822
0.992094 0.990941
0.991134 0.992929
0.989108 0.989352
0.989573 0.989167
0.988147 0.986454
0.991487 0.991558
0.990363 0.989768
0.991754 0.993779
0.989109 0.990033
0.990913 0.988771
0.988222 0.990893
0.984147 0.98361
0.98704 0.988238
0.97891 0.984216
0.992967 0.992284
0.987322 0.988958
0.983683 0.983045
0.984177 0.98384
0.982384 0.981794
0.984236 0.987815
0.987588 0.988768
0.988382 0.986833
0.98931 0.990558
0.992172 0.991024
0.982757 0.98473
0.988868 0.990564
0.989223 0.987946
0.984813 0.983075
0.987149 0.987174
0.981074 0.984258
0.987496 0.984857
0.984181 0.984882
0.989367 0.989722
0.985505 0.98581
0.984118 0.981991
0.979719 0.977779
0.98443 0.984131
0.988297 0.988303
0.987968 0.989414
0.990227 0.988458
0.986824 0.985784
0.984592 0.982034
0.988606 0.989663
0.982785 0.982593
0.988617 0.990324
0.988793 0.988819
0.987385 0.988527
0.981895 0.980322
0.978404 0.977608
0.981957 0.981947
0.989914 0.989361
0.989145 0.989803
0.989054 0.988883
0.989196 0.99157
0.99025 0.990854
0.984231 0.984896
0.982721 0.983252
0.990313 0.990131
0.984375 0.98534
0.989888 0.988556
0.988648 0.988866
0.97348 0.975113
0.980307 0.983816
0.984227 0.9872
0.985243 0.987964
0.986879 0.986798
0.986495 0.984609
0.98615 0.983348
0.980248 0.98457
0.986085 0.985838
0.986191 0.985116
0.987842 0.985987
0.988439 0.987722
0.986988 0.987084
0.988784 0.98818
0.989375 0.98808
0.988574 0.988042
0.988545 0.98963
0.983922 0.985214
0.986103 0.988238
0.987304 0.989209
0.985927 0.987778
0.988795 0.989178
0.989362 0.989834
0.988923 0.988101
0.98973 0.987953
0.98967 0.988923
0.986279 0.987845
0.986446 0.984249
0.987836 0.986476
0.986659 0.983629
0.989002 0.989623
0.990072 0.989629
0.986833 0.985745
0.992304 0.993392
0.989755 0.988158
0.98733 0.988657
0.988157 0.989197
0.985685 0.987397
0.987053 0.987781
0.9823 0.983786
0.991234 0.990808
0.987192 0.986185
0.988905 0.985987
0.985187 0.983815
0.98509 0.986764
0.9892 0.988843
0.987634 0.986772
0.98658 0.985949
0.988771 0.986649
0.988335 0.987357
0.989216 0.988251
0.99025 0.990232
0.99001 0.991392
0.988834 0.989427
0.989129 0.987291
0.980454 0.982727
0.98139 0.981676
0.980299 0.980611
0.990338 0.989944
0.986754 0.985581
0.990766 0.99018
0.992549 0.993176
0.986403 0.988831
0.982636 0.977738
0.988058 0.987658
0.987062 0.987562
0.991139 0.990195
0.988388 0.985654
0.991117 0.99042
0.987879 0.988466
0.989289 0.990548
0.986932 0.986992
0.992071 0.990718
0.986438 0.987528
0.984824 0.98367
0.987582 0.990128
0.985947 0.985065
0.981612 0.980918
0.987767 0.989173
0.980806 0.982483
0.989838 0.988478
0.98918 0.989
0.988538 0.989816
0.990006 0.989139
0.987303 0.985212
0.990058 0.991219
0.98804 0.988118
0.991026 0.990534
0.98628 0.988714
0.989206 0.988565
0.989375 0.989266
0.98613 0.98643
0.989175 0.98637
0.980422 0.981536
0.982619 0.984305
0.985318 0.985789
0.986413 0.980139
0.985058 0.982677
0.983857 0.983362
0.978934 0.979472
0.985216 0.984973
0.986969 0.986729
0.98465 0.988196
0.990054 0.991105
0.985103 0.986664
0.989287 0.98839
0.989785 0.986681
0.986554 0.982812
0.979449 0.978611
0.986381 0.984249
0.986869 0.989652
0.985388 0.985371
0.991064 0.993355
0.986181 0.984188
0.987001 0.986793
0.987459 0.987785
0.985267 0.985933
0.98617 0.986464
0.990949 0.987557
0.989324 0.989966
0.98772 0.985592
0.98508 0.98781
0.986156 0.98361
0.987164 0.986125
0.985599 0.986722
0.986299 0.985511
0.988853 0.987275
0.991612 0.990656
0.984892 0.986026
0.986594 0.98893
0.984029 0.983285
0.985842 0.982901
0.98732 0.985714
0.987167 0.988674
0.988536 0.986801
0.986995 0.988682
0.988788 0.990563
0.988458 0.991576
0.987561 0.988087
0.988437 0.989619
0.985743 0.985883
0.987679 0.990246
0.991868 0.992363
0.990215 0.990799
0.985645 0.984856
0.987322 0.989279
0.987915 0.987822
0.989492 0.989763
0.984993 0.985378
0.990925 0.992817
0.989888 0.988911
0.98801 0.987378
0.988465 0.98607
0.979145 0.979387
0.986533 0.987315
0.986756 0.988828
0.988841 0.988246
0.985376 0.984676
0.9854 0.98645
0.988567 0.989107
0.988406 0.988465
0.982331 0.980493
0.981764 0.979722
0.987114 0.987553
0.988051 0.9883
0.986454 0.985988
0.989825 0.987169
0.988311 0.987235
0.987195 0.988728
0.989855 0.986776
0.98919 0.989633
0.989809 0.988147
0.988584 0.988334
0.986848 0.985028
0.984444 0.984249
0.982002 0.98274
0.985921 0.985318
0.98663 0.986515
0.988839 0.989767
0.987917 0.987668
0.988653 0.990448
0.989959 0.991326
0.992047 0.992737
0.990154 0.990105
0.986452 0.986766
0.986191 0.98385
0.986553 0.990034
0.98622 0.987121
0.988425 0.991297
0.985109 0.983741
0.985739 0.983568
0.986022 0.986497
0.985493 0.987613
0.983805 0.980855
0.989267 0.989074
0.984232 0.984148
0.985288 0.985183
0.98212 0.983358
0.982676 0.9801
0.989912 0.988248
0.983262 0.980347
0.989926 0.990007
0.98888 0.987606
0.985058 0.984212
0.988638 0.987912
0.984253 0.981537
0.98709 0.986921
0.98697 0.987267
0.986019 0.986572
0.989348 0.989224
0.984818 0.985653
0.98816 0.988147
0.991181 0.99199
0.988961 0.991269
0.987469 0.987813
0.990497 0.987168
0.988763 0.990408
0.988233 0.992799
0.991236 0.990476
0.987294 0.989403
0.991496 0.990795
0.988719 0.991076
0.986413 0.98809
0.988459 0.989659
0.988249 0.989901
0.987452 0.988834
0.988354 0.986432
0.988216 0.989507
0.990013 0.986858
0.99099 0.990372
0.987009 0.985661
0.989831 0.987847
0.986269 0.986731
0.988273 0.989439
0.987827 0.988208
0.987737 0.987598
0.990059 0.989015
0.987156 0.986438
0.987956 0.988615
0.97898 0.979637
0.980108 0.980509
0.9903 0.988229
0.976836 0.975054
0.981897 0.982916
0.98628 0.986827
0.98316 0.984372
0.987983 0.988605
0.988934 0.988076
0.990073 0.989533
0.988243 0.988497
0.986233 0.988738
0.98844 0.987645
0.987226 0.984026
0.986086 0.986903
0.985376 0.983837
0.989776 0.987614
0.987051 0.988882
0.977844 0.979426
0.981378 0.983829
0.984607 0.984283
0.986706 0.985317
0.990471 0.989061
0.99035 0.990442
0.986623 0.987274
0.984281 0.982909
0.98335 0.984368
0.986269 0.985593
0.991268 0.989766
0.990445 0.990775
0.989641 0.98923
0.98421 0.987727
0.990168 0.989561
0.98285 0.98522
0.987668 0.987204
0.980613 0.982622
0.987904 0.989088
0.986528 0.986738
0.989796 0.9907
0.98702 0.987702
0.991583 0.991004
0.99036 0.990829
0.988133 0.986091
0.990266 0.988941
0.990126 0.990588
0.988839 0.989932
0.9858 0.984868
0.985911 0.981996
0.986473 0.985848
0.989094 0.988604
0.986605 0.989115
0.988291 0.986783
0.983346 0.983874
0.983851 0.98509
0.988218 0.987994
0.984989 0.986298
0.98995 0.987772
0.982234 0.982568
0.984516 0.983243
0.981069 0.981838
0.982347 0.980799
0.983603 0.982412
0.98994 0.98673
0.989182 0.990177
0.988435 0.985983
0.987978 0.988674
0.986103 0.985025
0.984419 0.985546
0.986437 0.98635
0.987836 0.989563
0.985265 0.985375
0.984041 0.983424
0.986437 0.987981
0.986142 0.985858
0.985924 0.984176
0.986216 0.988042
0.989689 0.989973
0.988707 0.989298
0.990975 0.991061
0.986308 0.987464
0.987758 0.987583
0.99003 0.991314
0.989019 0.986149
0.989513 0.988143
0.985097 0.984351
0.98707 0.987204
0.982611 0.98522
0.990761 0.989607
0.98805 0.990902
0.989169 0.988624
0.985156 0.987457
0.987516 0.987338
0.988238 0.987855
0.987826 0.990517
0.989802 0.991011
0.986448 0.987304
0.985743 0.990633
0.986639 0.984763
0.988983 0.987597
0.990298 0.991037
0.984059 0.986509
0.987947 0.984409
0.986224 0.986818
0.986994 0.988466
0.987679 0.987788
0.98899 0.98873
0.989081 0.988672
0.983354 0.985259
0.985925 0.98944
0.979804 0.978081
0.992893 0.993715
0.987297 0.98747
0.987326 0.986957
0.977479 0.979979
0.981859 0.985
0.989776 0.989399
0.985861 0.987276
0.9881 0.984561
0.988746 0.988743
0.989514 0.989026
0.988295 0.988272
0.985875 0.986814
0.990612 0.990939
0.983811 0.986618
0.992488 0.99081
0.987662 0.987761
0.986567 0.987204
0.989945 0.989432
0.987407 0.98628
0.981682 0.98048
0.989028 0.985465
0.987651 0.985869
0.987908 0.988631
0.988144 0.989384
0.986184 0.985601
0.984653 0.984448
0.987291 0.986974
0.98769 0.987579
0.992539 0.991277
0.990277 0.989372
0.987598 0.987263
0.986514 0.986173
0.986287 0.988599
0.982535 0.98481
0.989732 0.990017
0.981211 0.981685
0.986288 0.986457
0.985203 0.985126
0.983241 0.983451
0.983917 0.984951
0.987057 0.987985
0.986332 0.985554
0.985279 0.986793
0.986969 0.988767
0.987285 0.988325
0.986971 0.987049
0.990551 0.990127
0.984625 0.984841
0.987266 0.986813
0.98263 0.983196
0.989721 0.990157
0.988238 0.99059
0.989508 0.990706
0.991411 0.992895
0.989107 0.990639
0.983314 0.982512
0.984657 0.984845
0.990267 0.990794
0.989492 0.988746
0.992589 0.990551
0.980243 0.981014
0.989462 0.990251
0.991784 0.990458
0.991444 0.992344
0.979935 0.981505
0.98648 0.985659
0.985879 0.984893
0.984226 0.981106
0.986326 0.98668
0.989479 0.990375
0.979155 0.981034
0.98049 0.980724
0.983485 0.98507
0.986925 0.989054
0.988722 0.987605
0.986368 0.984323
0.987278 0.986709
0.986333 0.986627
0.989443 0.988518
0.984693 0.984245
0.989837 0.991072
0.992323 0.991116
0.989227 0.988494
0.991222 0.99107
0.986995 0.988106
0.987214 0.983731
0.986689 0.987107
0.986029 0.987062
0.983648 0.984892
0.986318 0.988032
0.990694 0.990315
0.984977 0.986538
0.985135 0.985511
0.989781 0.990514
0.985417 0.986185
0.987878 0.989687
0.987343 0.989042
0.984749 0.984505
0.990389 0.990413
0.985127 0.985992
0.991435 0.98962
0.987301 0.988269
0.985811 0.987235
0.992822 0.990988
0.983175 0.984905
0.991072 0.987281
0.984656 0.984358
0.989015 0.988881
0.98843 0.990438
0.984225 0.982551
0.986071 0.987007
0.99154 0.98964
0.981925 0.983846
0.984086 0.982917
0.989726 0.989742
0.988975 0.990235
0.985757 0.986644
0.98848 0.988466
0.986961 0.985697
0.986236 0.986254
0.990808 0.991138
0.987929 0.986238
0.985072 0.983771
0.986872 0.985984
0.987033 0.987642
0.989987 0.988535
0.98587 0.986576
0.981204 0.982819
0.987869 0.988522
0.987035 0.986805
0.988239 0.988129
0.989574 0.989383
0.990126 0.990231
0.98707 0.987494
0.98626 0.989277
0.989014 0.988024
0.989707 0.989819
0.991598 0.989734
0.985906 0.986633
0.989593 0.988959
0.986302 0.987769
0.985271 0.985968
0.986451 0.983739
0.990866 0.99033
0.987287 0.987748
0.983895 0.985502
0.980586 0.976414
0.989305 0.986651
0.986188 0.986275
0.980039 0.98091
0.984372 0.984769
0.976935 0.974792
0.980857 0.975939
0.987155 0.984777
0.985538 0.987233
0.986793 0.988616
0.98932 0.989326
0.986934 0.987848
0.982892 0.982979
0.986508 0.987689
0.986462 0.985404
0.98724 0.987246
0.990573 0.990524
0.991387 0.990967
0.991258 0.992053
0.988326 0.988993
0.988379 0.985727
0.988101 0.988592
0.983267 0.984077
0.986085 0.987266
0.990916 0.99023
0.981904 0.981469
0.986204 0.98927
0.988611 0.987578
0.983439 0.981612
0.987441 0.988143
0.986722 0.988172
0.988972 0.988594
0.990186 0.990728
0.990136 0.988722
0.991221 0.989332
0.99162 0.988789
0.989763 0.988486
0.991127 0.991231
0.989114 0.989126
0.991581 0.992657
0.989019 0.989049
0.98746 0.988205
0.990782 0.990315
0.991511 0.990021
0.988926 0.987623
0.99148 0.991837
0.990703 0.989222
0.992137 0.990663
0.989194 0.991505
0.982958 0.985846
0.983281 0.981826
0.984122 0.983989
0.984542 0.983827
0.986679 0.985188
0.984072 0.98647
0.991374 0.991436
0.987856 0.988382
0.992211 0.99059
0.989726 0.990995
0.986477 0.988328
0.984382 0.986608
0.987036 0.983769
0.985601 0.985567
0.983878 0.981635
0.985028 0.986005
0.988893 0.988061
0.990574 0.988513
0.989389 0.991305
0.990814 0.989834
0.990417 0.990938
0.989051 0.990008
0.985946 0.985317
0.98671 0.988687
0.988726 0.989737
0.987826 0.989519
0.986593 0.985714
0.984311 0.985528
0.985722 0.989266
0.990965 0.990149
0.9899 0.99108
0.985316 0.981447
0.985216 0.987455
0.98736 0.986641
0.990355 0.990411
0.986209 0.984854
0.989528 0.989703
0.984396 0.983447
0.988492 0.991186
0.988502 0.988211
0.985592 0.987704
0.98368 0.984749
0.990903 0.988494
0.986175 0.985584
0.973941 0.976094
0.981418 0.981891
0.985652 0.984136
0.977156 0.979292
0.976721 0.978021
0.981215 0.98189
0.985461 0.982732
0.986193 0.987082
0.990852 0.991414
0.988098 0.990667
0.986561 0.987128
0.982617 0.981469
0.983007 0.984551
0.988054 0.986111
0.989181 0.990296
0.984645 0.988793
0.982827 0.981875
0.987705 0.986864
0.986602 0.986704
0.990022 0.991195
0.989834 0.989975
0.985809 0.987686
0.986444 0.98737
0.986377 0.983858
0.983038 0.984188
0.985413 0.985472
0.986499 0.985861
0.985321 0.98535
0.984458 0.983102
0.987409 0.989567
0.986212 0.988713
0.986076 0.988358
0.988149 0.988807
0.987374 0.987023
0.989568 0.989784
0.991777 0.993774
0.986916 0.987356
0.986366 0.986435
0.989675 0.989959
0.990749 0.989186
0.992058 0.989882
0.988336 0.990409
0.990199 0.990601
0.985935 0.988533
0.983 0.981019
0.985549 0.986221
0.990845 0.990327
0.988984 0.988337
0.988008 0.988885
0.983668 0.98469
0.981967 0.980896
0.980242 0.983098
0.986014 0.987481
0.986663 0.988003
0.987878 0.987142
0.984547 0.985444
0.984274 0.986241
0.990779 0.989453
0.987029 0.9865
0.987049 0.986222
0.987689 0.987186
0.98043 0.985359
0.984634 0.981608
0.984625 0.983477
0.989064 0.98991
0.988669 0.986746
0.989528 0.990109
0.982675 0.985039
0.984445 0.986117
0.981211 0.98149
0.988464 0.990212
0.988764 0.989051
0.99158 0.989449
0.988588 0.987686
0.984595 0.984144
0.984852 0.984949
0.982151 0.983857
0.985411 0.983723
0.987236 0.988658
0.980969 0.981049
0.975645 0.979577
0.986055 0.985977
0.991369 0.99102
0.98992 0.987625
0.986956 0.988058
0.987091 0.983732
0.983269 0.981993
0.986342 0.988545
0.991425 0.990898
0.989014 0.990035
0.988923 0.990176
0.982668 0.985289
0.988622 0.986408
0.99164 0.990897
0.990437 0.988832
0.989197 0.990193
0.986037 0.985391
0.986716 0.984815
0.988514 0.989413
0.99252 0.992811
0.986432 0.987385
0.986711 0.986645
0.985505 0.988361
0.983993 0.985873
0.984893 0.986295
0.987096 0.984945
0.984765 0.986902
0.979438 0.97944
0.985538 0.984849
0.987073 0.986729
0.986839 0.986012
0.98838 0.987234
0.985968 0.985248
0.989133 0.990566
0.979648 0.983097
0.988289 0.987647
0.986924 0.98464
0.986579 0.9857
0.990433 0.992061
0.985592 0.988595
0.985528 0.986311
0.984464 0.986336
0.988411 0.988369
0.991747 0.992505
0.985978 0.985356
0.988327 0.988401
0.990423 0.988359
0.98636 0.988999
0.98734 0.985423
0.983218 0.981731
0.986165 0.987955
0.987858 0.987787
0.984703 0.985481
0.980639 0.982129
0.985635 0.986078
0.988935 0.987089
0.985741 0.986525
0.992434 0.992785
0.991329 0.990465
0.985901 0.98663
0.989546 0.989895
0.986986 0.987039
0.987142 0.987119
0.987943 0.987732
0.989215 0.988938
0.984508 0.983545
0.981923 0.981788
0.988784 0.987509
0.982836 0.986174
0.986236 0.989436
0.986842 0.987188
0.987843 0.988436
0.984228 0.982564
0.983492 0.985322
0.983048 0.98253
0.988626 0.98812
0.985209 0.985211
0.989575 0.990773
0.989302 0.988803
0.985526 0.985212
0.983264 0.984311
0.984766 0.98378
0.982357 0.982896
0.987222 0.990199
0.990248 0.989923
0.988298 0.988994
0.987501 0.985706
0.989512 0.989866
0.981131 0.981551
0.981993 0.982909
0.986715 0.98696
0.987828 0.988113
0.987896 0.988529
0.99207 0.992565
0.991564 0.990142
0.988834 0.988133
0.990926 0.989867
0.985728 0.984814
0.986925 0.987117
0.991324 0.991056
0.989234 0.988297
0.989688 0.986489
0.992009 0.990536
0.989822 0.99044
0.989897 0.991363
0.989676 0.988851
0.985262 0.984052
0.986238 0.985938
0.989906 0.990077
0.990095 0.988372
0.987378 0.986809
0.986926 0.986357
0.989195 0.990376
0.986561 0.987057
0.987578 0.986672
0.986287 0.984815
0.989372 0.989583
0.987441 0.987026
0.9881 0.986391
0.985567 0.986037
0.988597 0.9869
0.988795 0.988211
0.986816 0.986598
0.990906 0.991508
0.98653 0.986331
0.981223 0.982344
0.987268 0.989222
0.985605 0.986243
0.990252 0.989327
0.991664 0.991516
0.994212 0.991115
0.988372 0.987207
0.985457 0.984701
0.985572 0.98793
0.989427 0.989199
0.988133 0.987385
0.988095 0.987672
0.986436 0.986288
0.985726 0.985399
0.988068 0.988464
0.981545 0.979441
0.98652 0.989786
0.987867 0.987501
0.99216 0.991446
0.991355 0.990441
0.989918 0.991602
0.986244 0.984421
0.988314 0.987752
0.98859 0.989214
0.989714 0.987324
0.987214 0.985193
0.987659 0.988067
0.989916 0.989723
0.985137 0.982356
0.991706 0.991515
0.987727 0.990815
0.990348 0.988303
0.986289 0.982498
0.985135 0.985237
0.991109 0.989138
0.988879 0.989137
0.992309 0.992786
0.984588 0.984305
0.988226 0.989498
0.987909 0.986762
0.989504 0.987826
0.988179 0.989104
0.986594 0.987212
0.986027 0.986563
0.986341 0.987592
0.991317 0.991616
0.99069 0.987475
0.985847 0.988115
0.982201 0.98494
0.989976 0.988155
0.987551 0.98589
0.9877 0.989583
0.98201 0.982411
0.984592 0.982935
0.991989 0.990706
0.989985 0.990677
0.992548 0.991307
0.990109 0.988194
0.989771 0.9882
0.984556 0.984689
0.990344 0.989514
0.98383 0.983624
0.988008 0.986356
0.987025 0.986507
0.984248 0.981181
0.982165 0.982018
0.987419 0.985681
0.980258 0.979924
0.983709 0.984418
0.989041 0.988933
0.98655 0.986718
0.98736 0.988003
0.989385 0.989646
0.988373 0.988558
0.987423 0.990021
0.991517 0.990865
0.989634 0.987561
0.987892 0.991078
0.985108 0.98461
0.98593 0.984413
0.987492 0.988496
0.985635 0.985752
0.985464 0.985848
0.972787 0.975814
0.980479 0.985731
0.986351 0.986283
0.981454 0.982215
0.989852 0.990214
0.983525 0.985126
0.991471 0.990199
0.985356 0.982823
0.985732 0.983413
0.986492 0.987979
0.989527 0.989355
0.989949 0.990249
0.988711 0.988535
0.989738 0.987981
0.987063 0.986396
0.982665 0.983011
0.982658 0.980924
0.98544 0.986545
0.985303 0.985965
0.982748 0.981407
0.986619 0.985706
0.988007 0.98891
0.987506 0.988595
0.982749 0.981985
0.981235 0.982087
0.984536 0.985157
0.985115 0.984989
0.97507 0.974011
0.98239 0.983799
0.986882 0.983771
0.978547 0.976517
0.983961 0.982543
0.986139 0.987949
0.991303 0.988824
0.980719 0.98088
0.985874 0.990092
0.992448 0.990835
0.987316 0.987481
0.988269 0.988196
0.988626 0.988586
0.983475 0.98634
0.991098 0.991203
0.988472 0.988817
0.987762 0.989279
0.989925 0.989097
0.992301 0.992894
0.986938 0.98594
0.990935 0.990117
0.988057 0.987475
0.986551 0.987711
0.986226 0.987362
0.986632 0.988501
0.985163 0.987575
0.985177 0.98704
0.988265 0.98822
0.991256 0.990176
0.992938 0.992124
0.986752 0.984312
0.98337 0.984552
0.979461 0.982805
0.984287 0.984197
0.988072 0.987484
0.986011 0.988521
0.983131 0.983801
0.989052 0.990436
0.986409 0.983754
0.986256 0.985681
0.988233 0.987094
0.986864 0.988126
0.986815 0.986495
0.983201 0.982894
0.984304 0.982243
0.994006 0.992969
0.986039 0.988592
0.983014 0.983157
0.982304 0.98293
0.980004 0.980259
0.982105 0.983373
0.979191 0.978481
0.988435 0.988983
0.988385 0.988512
0.986431 0.987051
0.987743 0.98878
0.992543 0.992559
0.989987 0.991969
0.988924 0.987872
0.987668 0.988656
0.986497 0.987028
0.984204 0.983849
0.984554 0.986993
0.98647 0.985479
0.989672 0.991428
0.989218 0.991803
0.987845 0.986488
0.983256 0.981994
0.987387 0.988614
0.991835 0.990864
0.989154 0.989735
0.989562 0.986901
0.987096 0.989016
0.982844 0.983977
0.984037 0.986028
0.980526 0.981703
0.983866 0.987107
0.981767 0.981466
0.986506 0.986324
0.985791 0.984638
0.989073 0.989618
0.988185 0.987614
0.987091 0.987083
0.987923 0.989791
0.987816 0.988705
0.98896 0.987489
0.986133 0.985814
0.989346 0.988905
0.984926 0.984374
0.987191 0.984971
0.991062 0.990459
0.986391 0.988463
0.986534 0.983264
0.985394 0.986923
0.990798 0.988795
0.987564 0.988628
0.984815 0.98566
0.983785 0.984816
0.98251 0.982189
0.983243 0.983635
0.980954 0.980768
0.984626 0.982883
0.984134 0.984393
0.982484 0.980719
0.990033 0.989333
0.987578 0.987613
0.990318 0.989657
0.988466 0.988691
0.988834 0.988726
0.985851 0.987711
0.989288 0.98805
0.984726 0.985427
0.984357 0.982523
0.986358 0.985938
0.988926 0.98934
0.989498 0.987613
0.988203 0.98873
0.98996 0.990285
0.984526 0.984115
0.985274 0.985438
0.988304 0.986525
0.987274 0.986383
0.988401 0.986123
0.989543 0.988442
0.986198 0.987409
0.99236 0.992141
0.991321 0.992915
0.985378 0.986041
0.985551 0.985233
0.9895 0.990221
0.990169 0.990461
0.98665 0.984998
0.988236 0.988043
0.989057 0.987109
0.986964 0.986051
0.987998 0.988146
0.989221 0.988694
0.991818 0.990317
0.986949 0.988522
0.986855 0.983726
0.99146 0.992579
0.988999 0.989949
0.984439 0.98409
0.987505 0.987518
0.98809 0.989012
0.98772 0.987657
0.986479 0.988407
0.98147 0.979252
0.981245 0.982003
0.988209 0.987552
0.988142 0.987157
0.988017 0.986713
0.986215 0.984526
0.989684 0.9883
0.987722 0.987596
0.983181 0.983165
0.987249 0.987516
0.987643 0.986945
0.985888 0.987155
0.986787 0.987237
0.986146 0.989015
0.992317 0.989891
0.985196 0.986765
0.98357 0.984268
0.987963 0.990934
0.985649 0.985647
0.983246 0.982346
0.987503 0.987724
0.985914 0.988501
0.988564 0.98691
0.989567 0.988477
0.993086 0.992382
0.986437 0.987462
0.984277 0.98501
0.987525 0.989575
0.989337 0.988323
0.981613 0.984089
0.982643 0.980857
0.984646 0.982633
0.987886 0.987497
0.986453 0.984949
0.987489 0.987138
0.981147 0.983975
0.978739 0.983039
0.974438 0.976559
0.989542 0.989284
0.987318 0.989005
0.985928 0.988203
0.986513 0.985389
0.989782 0.990447
0.986039 0.984509
0.99037 0.989928
0.986902 0.98474
0.989717 0.989907
0.984808 0.984178
0.981953 0.986053
0.985764 0.98491
0.98408 0.984376
0.984855 0.985778
0.986879 0.987078
0.991088 0.989481
0.99158 0.992547
0.989222 0.989392
0.989731 0.990092
0.983586 0.982384
0.980505 0.981262
0.98894 0.987619
0.988055 0.988705
0.985155 0.986401
0.989924 0.992267
0.990402 0.989183
0.986589 0.983571
0.990461 0.989203
0.986312 0.986895
0.990053 0.992056
0.989655 0.989602
0.984403 0.98382
0.982132 0.980453
0.990413 0.989834
0.986841 0.986218
0.98823 0.987056
0.986143 0.988741
0.989981 0.992459
0.98813 0.989689
0.98671 0.988842
0.988024 0.989046
0.987772 0.990443
0.988617 0.988927
0.98455 0.981622
0.978951 0.977832
0.982176 0.983697
0.991323 0.990566
0.988007 0.987466
0.982309 0.984595
0.983323 0.982782
0.988155 0.988388
0.986501 0.986599
0.983305 0.982661
0.980699 0.98115
0.981816 0.983584
0.984096 0.984629
0.985881 0.985906
0.988121 0.987671
0.986365 0.988159
0.984302 0.985206
0.984728 0.984076
0.986195 0.987191
0.985323 0.9854
0.985192 0.985118
0.98567 0.98418
0.981758 0.981805
0.981599 0.982124
0.988958 0.989122
0.982369 0.985577
0.984676 0.983949
0.984683 0.984447
0.986368 0.98575
0.98312 0.979159
0.985107 0.986718
0.990056 0.98845
0.984714 0.984065
0.984027 0.983537
0.990347 0.988697
0.989728 0.9885
0.988414 0.987277
0.985209 0.984616
0.988242 0.987091
0.988811 0.987947
0.983785 0.980429
0.976423 0.976627
0.984782 0.984232
0.988587 0.989778
0.992258 0.992634
0.987419 0.987664
0.987199 0.988552
0.983563 0.982908
0.985586 0.983958
0.985882 0.985058
0.986085 0.984911
0.989324 0.988817
0.987849 0.987769
0.987786 0.987736
0.988031 0.988258
0.990218 0.989503
0.990729 0.988821
0.984635 0.984038
0.988153 0.9843
0.990187 0.988012
0.985131 0.985345
0.987849 0.986908
0.989635 0.990764
0.985695 0.985828
0.983671 0.984218
0.989073 0.989217
0.98597 0.986018
0.98911 0.985192
0.99137 0.990478
0.991414 0.992904
0.986105 0.988381
0.984995 0.984843
0.988538 0.98909
0.990141 0.989185
0.989427 0.988322
0.986385 0.986369
0.988649 0.986656
0.986448 0.986858
0.992038 0.990045
0.989449 0.990662
0.990093 0.991362
0.9899 0.99125
0.99011 0.988939
0.991428 0.992507
0.987579 0.986966
0.992384 0.990954
0.987708 0.991392
0.984589 0.985504
0.988677 0.989789
0.985949 0.985046
0.986947 0.986325
0.988212 0.988422
0.986542 0.984513
0.987996 0.989593
0.983737 0.981432
0.981008 0.979382
0.987746 0.987297
0.988457 0.989254
0.991432 0.991929
0.989532 0.991884
0.990273 0.991724
0.985428 0.984847
0.989654 0.989077
0.990371 0.990172
0.991455 0.990637
0.989332 0.986286
0.989355 0.989647
0.985398 0.985714
0.990216 0.989721
0.986358 0.98488
0.987177 0.988103
0.987713 0.987032
0.986887 0.985303
0.984098 0.986953
0.989034 0.987342
0.98451 0.982671
0.979883 0.979613
0.989007 0.984565
0.989488 0.986987
0.988001 0.987178
0.985175 0.985836
0.98867 0.987456
0.991411 0.991261
0.984807 0.984497
0.979743 0.978485
0.980293 0.980281
0.986997 0.986476
0.989174 0.988338
0.990351 0.989162
0.985047 0.985475
0.992671 0.991239
0.987037 0.989603
0.980499 0.983104
0.985756 0.98841
0.984857 0.983735
0.981397 0.983257
0.989395 0.989098
0.992448 0.992874
0.987144 0.985285
0.992486 0.991518
0.987935 0.988385
0.983112 0.986847
0.985766 0.985715
0.9897 0.991384
0.990002 0.989466
0.989155 0.989157
0.987447 0.984824
0.983464 0.98424
0.989176 0.989049
0.987936 0.986032
0.988302 0.988169
0.988238 0.986866
0.983955 0.984953
0.985495 0.985834
0.983012 0.98674
0.98809 0.98642
0.984554 0.985681
0.985164 0.987335
0.988315 0.987884
0.988695 0.990162
0.988667 0.987594
0.988066 0.986443
0.983199 0.984513
0.985542 0.987476
0.978852 0.979495
0.990139 0.988522
0.989696 0.98816
0.988577 0.98832
0.987292 0.986755
0.988044 0.98615
0.986707 0.987278
0.9899 0.989535
0.990052 0.991379
0.985081 0.987508
0.990839 0.990997
0.990218 0.990347
0.990807 0.987735
0.981021 0.981806
0.988651 0.98787
0.988614 0.988516
0.985888 0.988126
0.986762 0.986656
0.988021 0.98756
0.985067 0.985171
0.983598 0.986168
0.987569 0.986764
0.983128 0.981401
0.984806 0.985422
0.980219 0.983312
0.984287 0.983827
0.988331 0.98999
0.987272 0.987814
0.989375 0.989748
0.986131 0.988486
0.99013 0.990899
0.986195 0.985123
0.988866 0.989664
0.984437 0.984497
0.985225 0.986862
0.983089 0.98377
0.983884 0.984258
0.987278 0.987453
0.98162 0.981967
0.988708 0.987197
0.988023 0.988276
0.987579 0.985515
0.988455 0.990506
0.986258 0.982396
0.985935 0.984406
0.989996 0.99097
0.98763 0.987865
0.986075 0.983258
0.979633 0.978426
0.986082 0.985925
0.981843 0.982168
0.986667 0.986878
0.987731 0.986715
0.988708 0.987887
0.990869 0.989442
0.990707 0.989726
0.992174 0.993651
0.988138 0.989435
0.986156 0.986213
0.9801 0.981029
0.988153 0.985826
0.987099 0.985722
0.992161 0.990868
0.990496 0.991189
0.984914 0.983169
0.972705 0.972377
0.981444 0.979211
0.981579 0.98395
0.984394 0.983904
0.988507 0.987352
0.985963 0.98666
0.985101 0.986127
0.985566 0.986495
0.982896 0.982179
0.979626 0.976815
0.984565 0.983431
0.9841 0.985845
0.985263 0.983901
0.985203 0.9834
0.985709 0.985005
0.985108 0.98358
0.988287 0.987149
0.984233 0.983529
0.985171 0.985819
0.978902 0.979882
0.985916 0.984324
0.984485 0.984926
0.984374 0.984367
0.983257 0.983961
0.98437 0.984068
0.985155 0.984639
0.979439 0.978288
0.98796 0.987173
0.98718 0.987425
0.991348 0.991748
0.989572 0.98973
0.992098 0.991502
0.986948 0.985431
0.988728 0.989401
0.983814 0.985062
0.98466 0.984618
0.98338 0.984167
0.985775 0.988829
0.992518 0.990517
0.986905 0.98948
0.99038 0.990576
0.988376 0.988516
0.983208 0.983903
0.984682 0.984786
0.988324 0.988437
0.987123 0.9861
0.983137 0.984322
0.983925 0.986037
0.98582 0.985744
0.983789 0.984659
0.991874 0.993544
0.992444 0.993557
0.991099 0.991296
0.99002 0.990778
0.986109 0.987862
0.98931 0.988948
0.982951 0.984146
0.985892 0.987787
0.987021 0.986199
0.986238 0.987006
0.988635 0.986156
0.984659 0.987089
0.984284 0.98571
0.989297 0.988249
0.989648 0.98711
0.988347 0.989065
0.988465 0.989895
0.985611 0.98616
0.990557 0.991508
0.988977 0.989056
0.988847 0.988304
0.979686 0.98016
0.984347 0.980851
0.982503 0.981403
0.98453 0.982761
0.983719 0.986304
0.991069 0.988988
0.985523 0.988552
0.982284 0.985075
0.986379 0.983666
0.981115 0.981559
0.98817 0.98805
0.98751 0.988225
0.979051 0.982664
0.986386 0.983759
0.989801 0.990885
0.991247 0.988981
0.987155 0.986909
0.983269 0.984997
0.98664 0.985179
0.983221 0.981883
0.985947 0.98684
0.988016 0.990319
0.989629 0.988441
0.989539 0.990507
0.988748 0.988698
0.990708 0.989576
0.987425 0.987471
0.99033 0.990936
0.984925 0.985075
0.984717 0.985222
0.985414 0.988263
0.985059 0.986342
0.985637 0.98649
0.978367 0.979512
0.99042 0.991271
0.987121 0.984501
0.986948 0.988254
0.984082 0.983307
0.984574 0.986189
0.992082 0.990961
0.989153 0.989964
0.986431 0.987707
0.987539 0.986599
0.990107 0.9899
0.982934 0.983371
0.98719 0.98787
0.985744 0.984677
0.98849 0.98962
0.99033 0.988836
0.991338 0.989734
0.991607 0.990679
0.984409 0.983062
0.983399 0.981719
0.982644 0.983429
0.987535 0.98687
0.988604 0.991069
0.9868 0.98914
0.987993 0.986437
0.988616 0.989053
0.989963 0.99029
0.989248 0.989735
0.985806 0.986307
0.990283 0.992522
0.989129 0.989074
0.990628 0.991328
0.990955 0.990865
0.990229 0.988356
0.987789 0.98756
0.989186 0.989366
0.98429 0.98596
0.98815 0.988224
0.991277 0.991267
0.988784 0.986663
0.982087 0.983192
0.988815 0.99092
0.985598 0.987685
0.986721 0.988023
0.981677 0.982886
0.986496 0.985772
0.986899 0.987882
0.988933 0.986318
0.98894 0.9902
0.988629 0.989469
0.986512 0.987104
0.988245 0.988
0.984807 0.981428
0.978946 0.982604
0.987447 0.98657
0.983335 0.98488
0.9856 0.986372
0.987155 0.987542
0.989279 0.991069
0.987955 0.989491
0.986257 0.988436
0.987099 0.985065
0.986976 0.988029
0.983422 0.983252
0.986838 0.988424
0.983758 0.986002
0.98772 0.986253
0.982277 0.984559
0.984357 0.985408
0.982626 0.983132
0.986785 0.987766
0.99063 0.989068
0.988894 0.989501
0.986311 0.987034
0.980606 0.983865
0.984851 0.987335
0.986606 0.985005
0.991891 0.990659
0.987663 0.98613
0.986892 0.988658
0.987332 0.988292
0.99126 0.991389
0.988327 0.988945
0.985238 0.98441
0.983331 0.982267
0.980026 0.980672
0.982649 0.983335
0.987482 0.990579
0.989097 0.986857
0.988182 0.98755
0.987889 0.987017
0.989069 0.986665
0.988731 0.988532
0.988615 0.988572
0.983555 0.984608
0.98976 0.987479
0.989078 0.988166
0.991197 0.991802
0.98906 0.990286
0.985532 0.985845
0.992129 0.992292
0.98905 0.990053
0.989928 0.988433
0.983386 0.983135
0.987355 0.986099
0.984911 0.986159
0.979003 0.977649
0.982958 0.980845
0.986154 0.98596
0.986037 0.984817
0.98587 0.98642
0.986756 0.985759
0.98879 0.988491
0.989974 0.989443
0.987525 0.986314
0.987898 0.98742
0.992129 0.992581
0.989865 0.991617
0.992258 0.992494
0.987051 0.986425
0.985515 0.982821
0.991463 0.991183
0.986783 0.985652
0.987145 0.985024
0.985797 0.986381
0.987471 0.987446
0.987719 0.988939
0.981304 0.980865
0.987454 0.987278
0.984862 0.986514
0.985577 0.986945
0.990728 0.99157
0.987853 0.988352
0.987357 0.986467
0.986112 0.986479
0.984359 0.98478
0.987111 0.988373
0.980536 0.97995
0.968782 0.972278
0.987343 0.98878
0.989187 0.990273
0.985029 0.987234
0.98608 0.985288
0.982435 0.982111
0.988826 0.988906
0.985908 0.986528
0.987408 0.986762
0.988831 0.989954
0.982362 0.978705
0.985592 0.98688
0.987784 0.987343
0.98949 0.988539
0.989039 0.986705
0.989763 0.988833
0.984688 0.985756
0.985272 0.98557
0.988216 0.987282
0.990232 0.990135
0.990934 0.991091
0.990356 0.988658
0.987576 0.986431
0.981956 0.981599
0.98348 0.981132
0.991787 0.991482
0.985641 0.986283
0.988347 0.989588
0.989325 0.989334
0.986683 0.98749
0.985816 0.98775
0.98231 0.983552
0.984385 0.98258
0.984736 0.982824
0.985167 0.985307
0.982677 0.981311
0.993164 0.991279
0.986678 0.987785
0.98833 0.988124
0.995191 0.991925
0.988282 0.989292
0.984352 0.98433
0.987622 0.986176
0.980814 0.979964
0.985674 0.984956
0.990961 0.990261
0.987064 0.986617
0.988642 0.986566
0.9881 0.988066
0.984943 0.985161
0.984746 0.985602
0.988312 0.990415
0.987418 0.98709
0.990658 0.991462
0.989446 0.988664
0.987219 0.988496
0.982427 0.98316
0.989108 0.989388
0.985897 0.983968
0.983003 0.98179
0.98994 0.991072
0.984775 0.983713
0.9863 0.986765
0.987475 0.988243
0.986007 0.983999
0.987358 0.986883
0.987706 0.987891
0.987935 0.988867
0.982557 0.984047
0.981229 0.982851
0.981189 0.977464
0.980794 0.980104
0.984668 0.983379
0.99055 0.991208
0.986193 0.98636
0.984565 0.983539
0.986619 0.986066
0.981676 0.981963
0.982331 0.982856
0.984259 0.985166
0.987455 0.984907
0.984099 0.985839
0.991727 0.990673
0.988957 0.989096
0.987814 0.989738
0.984298 0.982806
0.984594 0.985536
0.985002 0.984461
0.989245 0.986406
0.986425 0.98936
0.991037 0.988963
0.990075 0.990868
0.983729 0.984197
0.991076 0.990832
0.984034 0.983945
0.986971 0.987862
0.984945 0.985259
0.986507 0.987267
0.988068 0.98862
0.990894 0.990467
0.99089 0.991482
0.988405 0.989317
0.989681 0.99059
0.987365 0.988103
0.990545 0.991819
0.990246 0.990102
0.989061 0.988216
0.988183 0.988465
0.991162 0.990401
0.987914 0.987344
0.990182 0.991077
0.98853 0.988919
0.986239 0.987082
0.978183 0.979245
0.990449 0.990706
0.991171 0.989452
0.986668 0.985961
0.988932 0.989238
0.985714 0.988292
0.990029 0.990537
0.988028 0.985834
0.992065 0.99015
0.989599 0.991897
0.989095 0.988769
0.983247 0.982282
0.988661 0.987331
0.989608 0.990258
0.989117 0.988214
0.988007 0.985845
0.987309 0.985245
0.984237 0.98369
0.989479 0.990799
0.989478 0.989587
0.9897 0.99046
0.987131 0.987185
0.986618 0.985723
0.982161 0.980881
0.986007 0.989805
0.986603 0.98408
0.986689 0.98679
0.989404 0.990202
0.988107 0.986597
0.987077 0.985489
0.994726 0.994802
0.982365 0.982481
0.986692 0.988454
0.985972 0.985052
0.991396 0.990541
0.984556 0.986194
0.990359 0.989006
0.988171 0.98798
0.987479 0.98858
0.989509 0.990118
0.990307 0.99139
0.989507 0.989722
0.98612 0.989405
0.988963 0.987221
0.988457 0.987594
0.985423 0.987777
0.983087 0.98456
0.98229 0.980951
0.982289 0.980674
0.983851 0.985311
0.987273 0.98832
0.991506 0.990606
0.98712 0.986456
0.987454 0.988994
0.990667 0.989954
0.989292 0.988572
0.987014 0.984324
0.988432 0.989792
0.977334 0.978691
0.980929 0.981784
0.986891 0.987464
0.989022 0.990623
0.990923 0.991567
0.987104 0.987115
0.983766 0.98191
0.991012 0.990991
0.987263 0.988144
0.985809 0.986805
0.979726 0.979031
0.9857 0.983843
0.989728 0.991453
0.981826 0.982761
0.98227 0.982803
0.968686 0.964767
0.982102 0.983736
0.983267 0.981373
0.984483 0.985343
0.985087 0.986271
0.983147 0.984575
0.984504 0.983598
0.987154 0.988661
0.982717 0.982181
0.981579 0.983496
0.988788 0.989708
0.983274 0.984869
0.986992 0.987246
0.982748 0.984401
0.980396 0.981548
0.982153 0.98359
0.985692 0.986055
0.97576 0.968654
0.985727 0.987985
0.986344 0.98589
0.988317 0.987789
0.981907 0.979391
0.975274 0.978228
0.988719 0.988353
0.988736 0.988474
0.982466 0.984408
0.987212 0.988667
0.986219 0.984422
0.986145 0.986998
0.990053 0.988663
0.986895 0.985031
0.986082 0.984994
0.987061 0.985012
0.982043 0.984498
0.988308 0.985658
0.985971 0.985692
0.990995 0.990073
0.985819 0.984289
0.985351 0.985855
0.982313 0.985644
0.984432 0.983246
0.991998 0.992745
0.990511 0.98973
0.989305 0.989372
0.989102 0.988738
0.987375 0.988034
0.987243 0.98644
0.980204 0.981383
0.983294 0.985536
0.988296 0.988332
0.988951 0.987952
0.991412 0.99118
0.988843 0.988837
0.986526 0.988032
0.985506 0.982997
0.984341 0.983809
0.987539 0.988498
0.988877 0.990133
0.983691 0.981786
0.985277 0.986536
0.985848 0.987578
0.988972 0.988403
0.987517 0.988972
0.979559 0.982561
0.987147 0.984509
0.991303 0.989626
0.985798 0.986259
0.98576 0.986447
0.988972 0.989272
0.986742 0.985886
0.98729 0.98738
0.988516 0.985172
0.989629 0.99194
0.990094 0.991279
0.990475 0.992357
0.987391 0.987605
0.988586 0.987014
0.986161 0.987982
0.990056 0.989359
0.988023 0.98579
0.989228 0.991506
0.987014 0.987172
0.983417 0.98513
0.984957 0.985904
0.989555 0.990189
0.988719 0.989859
0.989299 0.990335
0.986814 0.985665
0.987595 0.988491
0.986141 0.987417
0.984491 0.986372
0.986054 0.983916
0.985821 0.984005
0.984815 0.984293
0.980453 0.978582
0.987901 0.988934
0.992811 0.991809
0.986369 0.986795
0.984896 0.98543
0.9881 0.984354
0.986414 0.986537
0.98323 0.984874
0.986142 0.985367
0.98558 0.98423
0.980052 0.981265
0.980533 0.978101
0.984198 0.984543
0.986241 0.986301
0.984321 0.982499
0.974119 0.978008
0.988157 0.989199
0.989299 0.987053
0.988654 0.988286
0.982814 0.986164
0.990291 0.989295
0.985316 0.983888
0.980429 0.981796
0.983415 0.984407
0.979041 0.978824
0.977713 0.977995
0.983284 0.983352
0.984913 0.987982
0.985235 0.983297
0.985006 0.989071
0.99124 0.989706
0.991616 0.990871
0.989321 0.98749
0.985419 0.983715
0.986775 0.987005
0.989651 0.988403
0.986229 0.986765
0.989733 0.986876
0.989351 0.990883
0.983524 0.984634
0.985735 0.988894
0.984048 0.981209
0.984961 0.987094
0.9891 0.988903
0.983198 0.982846
0.982188 0.981055
0.989354 0.988671
0.988102 0.987659
0.988475 0.986072
0.990081 0.989226
0.988506 0.988254
0.987938 0.989717
0.985554 0.988308
0.98807 0.987815
0.98129 0.979475
0.987073 0.988765
0.985548 0.985663
0.987857 0.986502
0.985513 0.985104
0.988598 0.988371
0.988571 0.989571
0.986487 0.989318
0.987528 0.986565
0.990653 0.990049
0.984082 0.985119
0.986366 0.986114
0.986007 0.989299
0.981807 0.98387
0.983817 0.984821
0.987069 0.984446
0.985327 0.982265
0.978829 0.977122
0.986878 0.989354
0.984765 0.98454
0.983774 0.984147
0.986647 0.990658
0.989156 0.988773
0.988693 0.986037
0.986355 0.987521
0.987743 0.985448
0.987515 0.987638
0.991234 0.992574
0.987589 0.986049
0.986704 0.986976
0.986723 0.987161
0.988221 0.98937
0.985301 0.987392
0.989841 0.987453
0.987599 0.990006
0.987601 0.988096
0.988179 0.987283
0.988627 0.99004
0.989478 0.990234
0.987213 0.986302
0.986634 0.98598
0.9874 0.985387
0.98947 0.990886
0.990459 0.991178
0.990158 0.992128
0.989412 0.988151
0.987448 0.990754
0.991374 0.989626
0.990993 0.991909
0.991904 0.989405
0.984357 0.984487
0.983249 0.982382
0.989404 0.989806
0.989621 0.989982
0.983627 0.985052
0.984061 0.98567
0.991214 0.991872
0.988813 0.990577
0.988234 0.989866
0.989277 0.989755
0.987326 0.987628
0.989107 0.987981
0.990527 0.990739
0.989861 0.98991
0.983023 0.984214
0.987662 0.986308
0.984907 0.986682
0.98472 0.982886
0.989679 0.992044
0.987696 0.988987
0.987925 0.989027
0.986033 0.987783
0.988826 0.987055
0.991292 0.988498
0.989164 0.989625
0.98434 0.984121
0.988272 0.988504
0.984208 0.982431
0.990349 0.988388
0.989558 0.989817
0.983274 0.983043
0.988787 0.989925
0.990017 0.99181
0.990804 0.989575
0.990816 0.989226
0.983282 0.983873
0.9898 0.988447
0.983369 0.982548
0.976512 0.979667
0.984182 0.980765
0.987049 0.985033
0.988308 0.988003
0.986352 0.987897
0.988953 0.990661
0.98896 0.988265
0.987087 0.985033
0.990905 0.990289
0.98944 0.987762
0.98743 0.986496
0.989021 0.990875
0.988009 0.987611
0.988736 0.988989
0.982791 0.98185
0.979686 0.97828
0.982694 0.981626
0.988362 0.986853
0.984857 0.983088
0.988895 0.990218
0.9835 0.983067
0.986833 0.987816
0.988635 0.988128
0.987734 0.986979
0.99035 0.989269
0.985463 0.984545
0.985312 0.986207
0.986738 0.98615
0.986091 0.987721
0.984483 0.985564
0.987387 0.987016
0.991534 0.989936
0.990878 0.992241
0.985372 0.985714
0.988315 0.986933
0.981817 0.982583
0.987524 0.986696
0.987509 0.98697
0.988169 0.98838
0.99029 0.990409
0.987535 0.988997
0.985494 0.986087
0.983187 0.983746
0.985713 0.986292
0.986843 0.988009
0.975431 0.975241
0.988865 0.987105
0.986927 0.987296
0.985041 0.983877
0.986907 0.988056
0.984 0.983517
0.988526 0.986847
0.988454 0.987536
0.978167 0.97805
0.97545 0.979095
0.980089 0.980712
0.984415 0.98533
0.987239 0.983255
0.982355 0.986255
0.98603 0.984094
0.989942 0.990839
0.986736 0.988335
0.985867 0.985326
0.984841 0.984216
0.986331 0.987943
0.985929 0.986071
0.982634 0.982329
0.986206 0.983164
0.98476 0.985367
0.987335 0.989465
0.986136 0.989093
0.989042 0.98746
0.985558 0.987635
0.990019 0.988682
0.988003 0.989788
0.98802 0.990329
0.987353 0.986643
0.984208 0.987767
0.991171 0.990997
0.982525 0.984535
0.990755 0.988458
0.988257 0.987733
0.985408 0.983462
0.988077 0.986775
0.98763 0.990811
0.991957 0.991874
0.991277 0.989597
0.988644 0.987275
0.98992 0.987783
0.989661 0.989756
0.989314 0.986454
0.982795 0.979938
0.987932 0.987759
0.985871 0.986377
0.984134 0.985365
0.993763 0.993682
0.990091 0.990398
0.987022 0.984467
0.98568 0.986343
0.981258 0.979867
0.986952 0.984072
0.985563 0.988176
0.984676 0.986145
0.987618 0.987511
0.989838 0.989543
0.989165 0.989639
0.987996 0.987891
0.988048 0.988257
0.990429 0.989531
0.989025 0.989921
0.989686 0.990218
0.988816 0.989274
0.983687 0.980667
0.990828 0.991353
0.987265 0.98714
0.989197 0.987033
0.987996 0.986945
0.98724 0.986179
0.986178 0.987187
0.988752 0.987834
0.985088 0.986042
0.981266 0.979383
0.981609 0.983765
0.981947 0.9797
0.985727 0.985984
0.987869 0.988019
0.990032 0.988059
0.988076 0.988013
0.988213 0.988562
0.982905 0.982165
0.988556 0.987591
0.988234 0.988727
0.988726 0.988438
0.987924 0.987163
0.986781 0.987293
0.985003 0.985556
0.986123 0.988334
0.99162 0.991434
0.987681 0.990871
0.989302 0.986177
0.986228 0.985375
0.991016 0.99094
0.986276 0.986389
0.986067 0.985516
0.990395 0.990999
0.987809 0.986782
0.985455 0.985937
0.991206 0.989378
0.989962 0.990117
0.987714 0.985748
0.98996 0.991072
0.988385 0.98806
0.983882 0.983638
0.98616 0.98721
0.98864 0.987578
0.98315 0.986775
0.988998 0.988655
0.981536 0.98079
0.98305 0.9842
0.982292 0.983318
0.988802 0.987469
0.982722 0.983598
0.981361 0.981509
0.986181 0.985562
0.986796 0.987537
0.982875 0.982893
0.987517 0.984882
0.986554 0.988626
0.981934 0.981611
0.98535 0.986141
0.989235 0.987989
0.987443 0.987042
0.981836 0.979134
0.987412 0.981763
0.98502 0.987322
0.986364 0.987098
0.979913 0.98041
0.977457 0.978565
0.988265 0.990197
0.98944 0.991414
0.983193 0.980974
0.985022 0.98442
0.986932 0.986949
0.990616 0.990824
0.988551 0.986783
0.990928 0.990733
0.98684 0.987826
0.987464 0.988746
0.990095 0.991653
0.985458 0.982701
0.989979 0.990812
0.988335 0.98657
0.990425 0.988585
0.987847 0.986679
0.984467 0.982834
0.984135 0.984137
0.988303 0.990087
0.983632 0.984825
0.988675 0.988316
0.989666 0.989702
0.990131 0.98863
0.991618 0.99053
0.991713 0.992826
0.98739 0.987049
0.988145 0.988752
0.987765 0.987343
0.983575 0.981963
0.984954 0.982513
0.986556 0.988009
0.983385 0.983934
0.980881 0.985455
0.984121 0.989054
0.981333 0.985322
0.986274 0.98711
0.987677 0.988527
0.99214 0.991098
0.991992 0.993147
0.990537 0.987516
0.979763 0.980068
0.992691 0.99315
0.989101 0.988606
0.986674 0.986446
0.982705 0.984382
0.981437 0.981292
0.982655 0.984002
0.986804 0.987072
0.981054 0.980051
0.98604 0.9861
0.988475 0.985828
0.990242 0.990759
0.991177 0.98958
0.98629 0.984877
0.989533 0.990133
0.989203 0.98954
0.985914 0.986468
0.983378 0.984485
0.984242 0.982774
0.982924 0.983846
0.988552 0.98743
0.989827 0.9873
0.981079 0.982569
0.97948 0.979673
0.978385 0.980814
0.982887 0.985861
0.991678 0.989785
0.98685 0.988108
0.983075 0.981056
0.987977 0.98441
0.986978 0.98862
0.986737 0.985677
0.986681 0.988205
0.991003 0.990244
0.990659 0.990102
0.985414 0.985891
0.984085 0.985772
0.986298 0.986247
0.98744 0.989752
0.9892 0.988808
0.988634 0.988126
0.98664 0.986884
0.985192 0.98481
0.986675 0.990101
0.98682 0.986472
0.988502 0.987699
0.986956 0.988615
0.989879 0.99095
0.984737 0.985565
0.988846 0.989539
0.982862 0.981998
0.988944 0.986071
0.983624 0.984316
0.976571 0.978855
0.985215 0.983769
0.990155 0.990722
0.9914 0.990379
0.982242 0.982724
0.988109 0.98847
0.986793 0.986309
0.990256 0.991316
0.987297 0.98934
0.987299 0.987759
0.984563 0.985709
0.989176 0.989453
0.990039 0.991016
0.986007 0.987055
0.989478 0.98894
0.982318 0.982421
0.985239 0.983655
0.987686 0.988234
0.987022 0.989107
0.989906 0.98775
0.988287 0.988932
0.989128 0.991249
0.989797 0.988365
0.990057 0.99017
0.988808 0.989199
0.990804 0.989253
0.985743 0.986463
0.987504 0.987339
0.986655 0.986144
0.987769 0.986915
0.989821 0.989464
0.988772 0.986608
0.986853 0.985636
0.983172 0.984651
0.986375 0.988504
0.987764 0.986558
0.983631 0.984924
0.985096 0.986615
0.989879 0.988632
0.984309 0.986352
0.987044 0.98763
0.985132 0.986164
0.988302 0.987948
0.993453 0.992643
0.99162 0.993487
0.986461 0.986773
0.984509 0.985421
0.989327 0.989566
0.985547 0.986749
0.982015 0.983843
0.990601 0.99127
0.983532 0.982407
0.986179 0.985946
0.986716 0.985365
0.986157 0.989218
0.98985 0.990072
0.986938 0.986951
0.99158 0.991666
0.989956 0.990461
0.982659 0.985204
0.985523 0.985722
0.984066 0.986204
0.988835 0.990412
0.989462 0.988064
0.989874 0.991532
0.984929 0.986549
0.989134 0.990969
0.986913 0.989877
0.990254 0.990127
0.982395 0.984886
0.982243 0.979948
0.973341 0.973619
0.979445 0.980583
0.983475 0.986993
0.989731 0.988401
0.990037 0.989939
0.985084 0.983532
0.987111 0.987232
0.985581 0.986794
0.991384 0.989815
0.986113 0.988102
0.976667 0.975155
0.982388 0.98355
0.986665 0.983685
0.988328 0.989929
0.988093 0.989221
0.988466 0.987244
0.982421 0.984374
0.993358 0.991831
0.991152 0.98923
0.987058 0.98781
0.98621 0.985201
0.987198 0.986635
0.975515 0.980847
0.984061 0.985006
0.989656 0.990036
0.9861 0.988267
0.985384 0.988856
0.98774 0.986753
0.989618 0.990703
0.988972 0.98903
0.986321 0.986031
0.988863 0.9866
0.981752 0.982365
0.984455 0.983892
0.989238 0.99091
0.98797 0.987426
0.982889 0.984621
0.990702 0.989261
0.990197 0.988008
0.98992 0.989083
0.989421 0.988224
0.984555 0.986757
0.984596 0.984912
0.987209 0.987038
0.983823 0.986241
0.98764 0.987711
0.987888 0.988364
0.987542 0.988257
0.986286 0.987432
0.981833 0.982467
0.982985 0.984113
0.987059 0.988575
0.989903 0.987288
0.984694 0.983162
0.985073 0.985266
0.988241 0.98905
0.986739 0.986777
0.990331 0.99019
0.987905 0.98609
0.989353 0.989832
0.988598 0.986396
0.984397 0.984832
0.986036 0.986261
0.991868 0.987481
0.992017 0.992828
0.988662 0.98854
0.987164 0.986716
0.991692 0.990246
0.991301 0.989713
0.990056 0.990171
0.987089 0.988305
0.986127 0.988676
0.988235 0.987412
0.986859 0.983996
0.988002 0.98472
0.986126 0.986757
0.988789 0.987519
0.992343 0.991014
0.98419 0.985117
0.987163 0.987605
0.986983 0.987506
0.983595 0.985027
0.989053 0.989195
0.986686 0.988708
0.983992 0.983338
0.983334 0.984516
0.984998 0.98524
0.98517 0.987169
0.984508 0.983862
0.989893 0.988227
0.98551 0.985143
0.98977 0.989079
0.987355 0.989537
0.987406 0.98614
0.989445 0.987943
0.990572 0.990881
0.99107 0.99198
0.988714 0.988394
0.988621 0.986784
0.986286 0.986553
0.981705 0.982376
0.986727 0.987884
0.988695 0.989317
0.974116 0.975588
0.980449 0.980467
0.989713 0.988633
0.987595 0.989094
0.991655 0.990205
0.989551 0.989669
0.988144 0.986866
0.987116 0.98548
0.986493 0.987922
0.987139 0.986852
0.987753 0.985732
0.984883 0.983765
0.988407 0.988433
0.985893 0.986294
0.987159 0.987048
0.989198 0.991092
0.986145 0.988656
0.979674 0.979789
0.986385 0.987532
0.990333 0.98765
0.984472 0.985743
0.980748 0.979793
0.983382 0.985279
0.988544 0.989403
0.990835 0.99127
0.992349 0.993256
0.991731 0.990934
0.985251 0.986313
0.987364 0.987937
0.992877 0.992701
0.988896 0.986241
0.984872 0.984579
0.986316 0.984884
0.99069 0.989312
0.990279 0.990025
0.987797 0.987686
0.98805 0.987988
0.986905 0.985815
0.979881 0.979682
0.981521 0.982824
0.985788 0.986858
0.986034 0.986698
0.978583 0.979469
0.987405 0.987039
0.987899 0.987758
0.988224 0.987734
0.99047 0.987962
0.986842 0.984807
0.982561 0.986803
0.987117 0.986232
0.984679 0.984126
0.98527 0.987167
0.984354 0.985041
0.986721 0.988713
0.989907 0.988239
0.987756 0.988884
0.980789 0.976546
0.984484 0.983436
0.989349 0.991108
0.988881 0.986709
0.985432 0.985299
0.988204 0.988349
0.986325 0.986727
0.98702 0.98811
0.984126 0.986781
0.982125 0.982005
0.983784 0.985315
0.985686 0.988983
0.986686 0.986345
0.988307 0.986693
0.991017 0.991084
0.991184 0.990281
0.992435 0.991094
0.988593 0.987686
0.991344 0.990097
0.989963 0.988114
0.986414 0.98882
0.991791 0.990146
0.99074 0.987801
0.987546 0.986387
0.98438 0.983535
0.981455 0.98257
0.986675 0.987414
0.986445 0.986181
0.987846 0.989096
0.988641 0.988756
0.981119 0.980783
0.981817 0.978785
0.992704 0.991
0.991655 0.992339
0.986558 0.988901
0.988598 0.986524
0.990042 0.990095
0.988472 0.988261
0.989531 0.990234
0.987576 0.988146
0.986102 0.987191
0.988679 0.987759
0.985068 0.983046
0.989046 0.987632
0.989425 0.988565
0.983286 0.988254
0.985872 0.985194
0.984588 0.984182
0.981335 0.984688
0.979026 0.978591
0.989053 0.988344
0.988794 0.989887
0.982673 0.982881
0.987164 0.991097
0.989838 0.990569
0.986215 0.985304
0.986607 0.987203
0.985636 0.985991
0.98457 0.986433
0.98408 0.988316
0.981535 0.982531
0.979077 0.980658
0.990627 0.988376
0.988006 0.990019
0.985116 0.985788
0.989131 0.990074
0.990903 0.989058
0.98835 0.990027
0.988631 0.98831
0.984462 0.987071
0.986796 0.987155
0.981199 0.982416
0.988772 0.98908
0.986241 0.985951
0.985638 0.98593
0.983677 0.982573
0.986506 0.983845
0.98464 0.98454
0.98416 0.985072
0.98927 0.989799
0.989854 0.989647
0.987102 0.987156
0.985274 0.98704
0.984715 0.985223
0.985372 0.984228
0.988821 0.990826
0.988594 0.990043
0.992949 0.991649
0.990362 0.989587
0.988947 0.988515
0.987649 0.988499
0.989371 0.989932
0.988411 0.987644
0.984605 0.986157
0.98155 0.981907
0.983846 0.984479
0.98447 0.984938
0.987121 0.988754
0.989093 0.987684
0.981053 0.984678
0.988434 0.985818
0.984048 0.982114
0.985573 0.985058
0.990453 0.991113
0.988993 0.989915
0.984081 0.984807
0.982423 0.985512
0.98856 0.987568
0.98666 0.987367
0.988124 0.98812
0.989721 0.989929
0.989852 0.989536
0.986408 0.985993
0.986 0.984818
0.984236 0.986018
0.983821 0.984775
0.991179 0.989981
0.985658 0.98768
0.981417 0.983331
0.984115 0.98426
0.984853 0.98445
0.983233 0.984807
0.979285 0.980148
0.982462 0.984733
0.986352 0.986783
0.981568 0.978986
0.99008 0.991213
0.991231 0.991046
0.990557 0.990823
0.986775 0.985748
0.987662 0.98541
0.98708 0.986599
0.989808 0.988679
0.990244 0.992504
0.989266 0.987249
0.985419 0.985493
0.979425 0.976595
0.986363 0.986179
0.991161 0.991115
0.98826 0.988699
0.986391 0.987799
0.987215 0.987996
0.987141 0.98979
0.987853 0.986766
0.990548 0.990857
0.98639 0.986755
0.986917 0.986144
0.984655 0.985985
0.983702 0.983823
0.982121 0.983514
0.985245 0.983632
0.988201 0.989723
0.987844 0.989076
0.990905 0.991323
0.985665 0.987507
0.990882 0.990588
0.990726 0.990965
0.985811 0.985339
0.987817 0.986534
0.987452 0.989404
0.986041 0.988805
0.990673 0.989746
0.986593 0.985544
0.986668 0.98411
0.988899 0.989987
0.989004 0.988736
0.992004 0.989941
0.98902 0.988882
0.986181 0.983515
0.983107 0.984413
0.989101 0.98889
0.98486 0.987118
0.985884 0.986307
0.98266 0.982058
0.989674 0.988725
0.982814 0.985388
0.986545 0.986444
0.984602 0.985443
0.989059 0.989506
0.986533 0.987549
0.990252 0.990163
0.992248 0.992711
0.986268 0.983828
0.986397 0.988618
0.987981 0.989034
0.992061 0.991494
0.989223 0.990085
0.987579 0.987079
0.98252 0.986459
0.979021 0.978051
0.986731 0.986147
0.986267 0.987494
0.984305 0.983091
0.988688 0.989632
0.987849 0.986207
0.981645 0.982851
0.992517 0.993979
0.991358 0.990676
0.988488 0.990978
0.989091 0.989006
0.988191 0.990177
0.9857 0.988085
0.986569 0.986901
0.990068 0.990348
0.974604 0.976789
0.976174 0.975266
0.979205 0.979964
0.984832 0.985366
0.987578 0.986484
0.989865 0.989201
0.990397 0.98749
0.989167 0.988182
0.98509 0.987274
0.986856 0.986317
0.990506 0.99234
0.986914 0.98717
0.989831 0.989697
0.990257 0.988787
0.987909 0.987108
0.987942 0.989514
0.990049 0.991083
0.990921 0.990023
0.988048 0.98854
0.986442 0.987342
0.985371 0.985641
0.988638 0.991335
0.98801 0.989035
0.988343 0.987828
0.988037 0.987871
0.984449 0.983251
0.982293 0.981674
0.98512 0.985647
0.987577 0.990863
0.983157 0.983392
0.985448 0.985231
0.988553 0.988635
0.985646 0.98605
0.989148 0.989762
0.990025 0.988321
0.99075 0.991068
0.989888 0.98991
0.986398 0.986901
0.985123 0.987071
0.986134 0.987944
0.985677 0.980498
0.983175 0.983823
0.986096 0.984802
0.982082 0.984028
0.991465 0.991758
0.989304 0.98947
0.990262 0.990594
0.986232 0.986702
0.986159 0.98391
0.986288 0.985046
0.989729 0.986996
0.990463 0.98996
0.988947 0.987547
0.990757 0.992297
0.989872 0.988641
0.99215 0.991523
0.983915 0.983266
0.984724 0.983518
0.9834 0.982426
0.98801 0.989958
0.988702 0.986298
0.978988 0.97732
0.981623 0.980382
0.98733 0.988213
0.98996 0.987591
0.983591 0.985655
0.988563 0.987661
0.988971 0.989248
0.990325 0.990099
0.987018 0.989022
0.988377 0.987932
0.986742 0.986516
0.987038 0.99093
0.988488 0.987042
0.988975 0.990226
0.991482 0.991514
0.98865 0.988584
0.98343 0.981611
0.983794 0.986449
0.984029 0.983197
0.987086 0.986887
0.989454 0.990571
0.990161 0.988416
0.988737 0.98881
0.984369 0.985812
0.989366 0.990978
0.988698 0.990677
0.986094 0.984912
0.991061 0.988567
0.981305 0.980663
0.990377 0.990639
0.98901 0.988507
0.988635 0.99
0.985907 0.98712
0.981252 0.982846
0.989187 0.987006
0.98751 0.986273
0.986936 0.987585
0.988902 0.988562
0.987668 0.987378
0.99166 0.991385
0.983407 0.980906
0.983041 0.98309
0.991893 0.98967
0.986238 0.986692
0.991307 0.991913
0.988866 0.987441
0.978715 0.98282
0.9859 0.988117
0.985938 0.988357
0.991075 0.98927
0.990925 0.98937
0.988595 0.986662
0.989664 0.988475
0.991244 0.989163
0.988642 0.988335
0.985757 0.987821
0.981732 0.978203
0.988465 0.990086
0.983395 0.984752
0.981846 0.983216
0.986183 0.98673
0.988885 0.98957
0.984406 0.983011
0.985838 0.985806
0.984416 0.983204
0.984559 0.982658
0.984413 0.987721
0.983897 0.984598
0.987113 0.985941
0.987946 0.987783
0.982709 0.980365
0.986882 0.986815
0.989347 0.990812
0.989238 0.989011
0.984681 0.985403
0.982354 0.984071
0.990602 0.99025
0.986941 0.986895
0.987388 0.987752
0.986967 0.988097
0.991632 0.989724
0.988099 0.985937
0.986875 0.987014
0.987486 0.987127
0.987441 0.987508
0.990677 0.98749
0.987398 0.98587
0.987923 0.98813
0.985322 0.988048
0.984244 0.98242
0.987364 0.986844
0.991456 0.989353
0.986708 0.987216
0.988939 0.988336
0.988834 0.987916
0.984809 0.986322
0.988889 0.987446
0.988203 0.988857
0.985684 0.985495
0.984013 0.983176
0.985823 0.982975
0.988795 0.987738
0.991508 0.990966
0.985365 0.988258
0.991835 0.99296
0.987738 0.987351
0.985211 0.986328
0.984722 0.984311
0.983493 0.984635
0.988065 0.989041
0.989266 0.990302
0.978035 0.976789
0.982781 0.982913
0.987726 0.986532
0.989473 0.988968
0.987372 0.985146
0.985426 0.984543
0.991063 0.991144
0.989833 0.990439
0.988334 0.986503
0.98999 0.988231
0.987668 0.988713
0.986341 0.987171
0.985102 0.987358
0.984472 0.98594
0.986255 0.983288
0.984668 0.985863
0.984179 0.987422
0.987488 0.986816
0.987257 0.986509
0.986227 0.986079
0.981889 0.980901
0.992406 0.989277
0.986049 0.986744
0.984836 0.983951
0.983554 0.981704
0.989015 0.988586
0.989854 0.991149
0.98948 0.992554
0.989825 0.989013
0.990345 0.99043
0.984366 0.983707
0.989261 0.988765
0.98761 0.987276
0.989566 0.98914
0.986462 0.987513
0.987298 0.988806
0.98205 0.984786
0.987662 0.986559
0.990863 0.990273
0.99004 0.989759
0.989312 0.989134
0.988789 0.988873
0.983924 0.9858
0.988147 0.988081
0.989421 0.989453
0.988878 0.989446
0.990929 0.98984
0.982049 0.978515
0.985172 0.984552
0.991204 0.988928
0.987303 0.985557
0.987932 0.987914
0.988791 0.990744
0.989352 0.989857
0.983619 0.9854
0.987142 0.98735
0.987865 0.986933
0.978579 0.980728
0.98915 0.989243
0.989112 0.988416
0.990695 0.988776
0.989006 0.987725
0.984646 0.988476
0.990838 0.988857
0.98204 0.982263
0.983907 0.982459
0.98434 0.983508
0.984249 0.983747
0.988853 0.990489
0.984537 0.98432
0.989978 0.991433
0.988913 0.988348
0.985919 0.985728
0.988884 0.986013
0.989605 0.98877
0.983502 0.983454
0.989725 0.990958
0.986188 0.985102
0.988711 0.988833
0.977926 0.976311
0.977034 0.976455
0.98556 0.986161
0.975105 0.973361
0.986358 0.988188
0.977872 0.98073
0.988074 0.986226
0.986728 0.98625
0.987024 0.988361
0.984001 0.981487
0.983329 0.985032
0.984566 0.98591
0.984638 0.981997
0.980497 0.97883
0.987084 0.987055
0.984027 0.984247
0.984708 0.982328
0.989811 0.988493
0.984542 0.981481
0.976722 0.977433
0.98967 0.987646
0.990798 0.99078
0.988552 0.98877
0.988548 0.987153
0.988043 0.988665
0.989355 0.987293
0.987564 0.987382
0.988326 0.987783
0.989211 0.990575
0.988541 0.989694
0.989442 0.986838
0.989805 0.987045
0.985415 0.983377
0.989097 0.989084
0.991973 0.991515
0.988582 0.989663
0.989991 0.990995
0.993278 0.994855
0.990039 0.990862
0.989319 0.988652
0.99179 0.991039
0.991822 0.989811
0.993768 0.993976
0.98913 0.988705
0.986563 0.986191
0.98169 0.984707
0.981857 0.984093
0.984117 0.986855
0.979962 0.97978
0.987455 0.987801
0.982883 0.982649
0.982581 0.986344
0.987455 0.989416
0.988692 0.986787
0.986902 0.984152
0.987465 0.986476
0.98992 0.98971
0.988906 0.9893
0.987297 0.989843
0.985839 0.987537
0.992844 0.989333
0.987379 0.988311
0.987443 0.988126
0.982291 0.981687
0.985682 0.98528
0.988905 0.98788
0.984366 0.984143
0.984892 0.986325
0.98883 0.988905
0.983266 0.981448
0.987823 0.987358
0.985806 0.988385
0.991299 0.988846
0.989207 0.989817
0.988956 0.985815
0.986445 0.989378
0.98214 0.982055
0.985376 0.985333
0.986064 0.986135
0.986345 0.987855
0.98499 0.983231
0.987331 0.98819
0.987331 0.987413
0.990285 0.988245
0.989305 0.989507
0.989043 0.989059
0.98881 0.98806
0.988197 0.986844
0.986164 0.986567
0.989936 0.989587
0.982903 0.983406
0.991327 0.991866
0.991423 0.990352
0.985817 0.984973
0.991909 0.989441
0.989771 0.99004
0.986293 0.985139
0.986953 0.986007
0.987338 0.986808
0.989296 0.989617
0.983056 0.982421
0.984666 0.983079
0.983588 0.984245
0.984713 0.982624
0.985109 0.985388
0.988429 0.989326
0.982091 0.981887
0.983514 0.986071
0.988163 0.988975
0.989774 0.98777
0.991509 0.989041
0.990056 0.991887
0.986435 0.985034
0.983253 0.986076
0.989723 0.992543
0.986712 0.984776
0.98452 0.982902
0.97805 0.976297
0.985441 0.984913
0.988162 0.987732
0.985554 0.981535
0.988315 0.986291
0.988502 0.989424
0.979514 0.981459
0.98866 0.988937
0.984227 0.984736
0.98693 0.988884
0.987043 0.983509
0.988113 0.987552
0.988114 0.988377
0.988979 0.986082
0.987392 0.988583
0.989266 0.989179
0.990699 0.988762
0.985203 0.985333
0.989408 0.988068
0.990127 0.989129
0.990968 0.99022
0.985334 0.984176
0.984477 0.979202
0.98569 0.986357
0.985082 0.983976
0.983729 0.982832
0.988201 0.988192
0.9866 0.985226
0.987212 0.988883
0.988597 0.989703
0.988804 0.989285
0.989262 0.990598
0.987379 0.987198
0.99071 0.99074
0.986345 0.985084
0.98719 0.990288
0.987789 0.986657
0.989884 0.988365
0.993541 0.992446
0.986977 0.984973
0.992202 0.99182
0.982539 0.981667
0.98117 0.98252
0.991218 0.991024
0.991578 0.990829
0.991991 0.99146
0.989296 0.989927
0.987162 0.988192
0.987608 0.987207
0.983689 0.984071
0.990031 0.98875
0.981195 0.97941
0.97969 0.982938
0.98299 0.984421
0.990946 0.99051
0.984288 0.984424
0.988842 0.989528
0.989258 0.990709
0.991749 0.992885
0.988519 0.989757
0.991063 0.990424
0.985319 0.983971
0.989123 0.987867
0.987207 0.988176
0.986493 0.986557
0.986033 0.985575
0.986128 0.985944
0.982383 0.981466
0.988467 0.987122
0.986388 0.984599
0.983791 0.983412
0.982707 0.982822
0.985715 0.98608
0.984588 0.982474
0.98829 0.989317
0.987132 0.985696
0.982955 0.982588
0.987179 0.9854
0.987954 0.985219
0.990916 0.991456
0.984522 0.987567
0.99112 0.991824
0.986339 0.987801
0.987569 0.989085
0.991339 0.99155
0.992775 0.990681
0.987474 0.987564
0.991864 0.988859
0.983703 0.980801
0.989385 0.985951
0.986666 0.986137
0.988328 0.985572
0.98685 0.988469
0.985971 0.988711
0.983122 0.98294
0.991442 0.989811
0.98851 0.987497
0.990217 0.989447
0.99012 0.985382
0.98945 0.987269
0.988367 0.986611
0.982589 0.985157
0.978145 0.981335
