-3.51185185 -2.01412416
-3.29496512 -1.60701569
3.57462701 -1.42685333
2.79661789 -1.93466235
-3.52906981 -1.87893487
-3.27851953 -1.66327783
-2.99346517 -1.30944633
3.57695378 -1.07483815
3.00414083 -1.59278330
2.86094344 -1.67622288
2.90898817 -1.87246819
2.93203037 -1.82148094
2.93111644 -1.62689375
3.00970888 -1.58383945
-3.52660932 -1.83158327
-4.10751081 -2.36416898
-3.88346602 -2.28470946
-3.55203922 -1.95523930
-3.50844950 -1.95562957
-3.51606841 -1.97751675
-3.46817710 -1.92986716
-3.16427711 -1.12430222
-2.68284137 -1.04665471
-2.37214829 -0.68903943
3.16678690 -1.53609604
-3.36316649 -1.91957757
-2.93668113 -1.53355438
3.08170351 -2.01483783
3.45869411 -1.03556852
3.36946744 -1.32753753
3.16406776 -1.69649452
-3.68658200 -1.84812063
2.56219558 -2.20144604
3.00925471 -1.77991985
3.19842359 -1.63920829
-3.30656614 -1.85406193
-2.98867435 -1.55254497
3.12243849 -1.92312239
3.72147926 -1.02355549
3.65521715 -1.33882555
3.40697722 -1.35629407
-3.25921625 -1.74834640
-3.39188480 -2.16039423
3.45481562 -1.04430428
3.80366611 -0.97247258
3.42594378 -1.20073885
3.44695466 -1.02918939
2.94079879 -1.68940837
-2.76629698 -0.99943199
3.29274232 -1.42239176
3.23792419 -1.28377056
3.37809480 -1.49797727
-3.03688867 -1.54163679
3.44603385 -1.09842583
3.81351830 -0.76848085
3.25109757 -1.49062819
3.08407024 -1.52388434
2.89944829 -1.97121960
3.47721142 -1.06124241
4.07759376 -0.49484786
3.86380835 -0.83505727
3.77480168 -0.86030130
3.24439041 -1.67351294
3.80377078 -0.47964065
3.27402805 -1.25201873
-2.37563245 -0.56574847
-3.08228038 -1.43680740
3.37659463 -1.61583916
3.37641547 -1.72533193
3.40038778 -1.24570242
3.45350498 -1.44740488
3.80437844 -1.38443191
3.32713802 -1.52429957
3.26001127 -1.35285863
2.91066349 -1.39043911
3.22636766 -1.22763053
-3.06704257 -1.49139764
3.38076249 -1.40546900
3.41455539 -1.15053309
-2.68543886 -0.82284601
-3.09458869 -1.34787309
-2.71235059 -1.03621076
3.68896979 -0.88370877
-2.88396001 -1.01654133
-2.42932143 -1.10913516
-2.96587215 -1.56299411
-3.21315298 -1.37201175
-3.09742078 -1.46330530
3.30643832 -1.43025968
-3.13126300 -1.82090179
2.89392717 -1.94825807
-3.43406794 -1.72689257
3.10248507 -1.80460059
2.53355034 -2.11543511
-3.15478037 -1.40781034
3.43784998 -1.38831723
3.23129666 -1.64370878
2.68310551 -2.17342392
-3.10435798 -1.32715324
-3.05217414 -1.85546877
-2.76697828 -1.13068584
-2.89614240 -1.62630138
-3.17894921 -1.56525252
3.23449082 -1.40605507
3.37201304 -1.42978986
2.60856599 -1.89674111
-3.36480856 -1.53855593
-3.23366014 -1.47446596
-2.88728917 -1.07466629
-3.64598371 -2.04769427
3.29861409 -1.66522929
3.02816195 -1.60922907
-2.80811723 -1.36484488
-3.12279962 -1.46482641
3.18258931 -1.49748690
3.64417635 -1.09019008
-2.83422261 -1.02069203
-3.03040454 -1.22347459
3.12460164 -2.05459884
-3.26997656 -1.95807443
2.73573152 -1.80504079
-3.62750008 -2.18207138
-3.81212804 -2.18855669
-3.63668689 -2.07281441
-3.16084424 -1.64844580
-2.95536171 -1.44991839
3.00760851 -2.13864562
2.55233233 -2.04452027
-3.31452644 -1.46477953
2.19027675 -2.51172049
2.87484821 -1.71275566
-3.12711121 -1.57005344
-2.54152006 -0.92072595
3.82386304 -0.75343880
3.85522971 -0.91058730
-3.05577218 -1.52356411
-2.70384070 -0.92823127
3.25233105 -1.67323592
3.00764943 -1.64689502
-3.51308516 -1.70127522
-3.52958574 -1.88329438
2.90317447 -1.91588590
3.47266946 -1.27353435
-3.95915151 -2.45832496
3.52705535 -1.18980324
-3.63532120 -2.04853349
-3.56892656 -2.02191154
-2.75133126 -1.48381508
-3.09780874 -1.42573381
3.58053201 -1.49400049
3.06194467 -1.49784844
-3.26850785 -1.58642512
-3.53969840 -2.29728267
2.92409651 -1.82674175
-3.11505035 -1.62362332
-3.73565266 -1.97089464
-3.89822799 -2.52078976
3.17365399 -1.46106220
2.82691873 -1.74271225
-3.15708162 -1.89284476
2.96502337 -1.85798969
2.65017148 -2.15905148
2.80230630 -2.01426450
-3.11439301 -1.36557920
-3.19051632 -1.78784337
-3.21707321 -1.62736975
-3.39622891 -1.67473214
3.02283137 -1.87289890
2.82456165 -1.79577042
2.81508915 -2.10172359
2.71624072 -1.82852345
-3.73922943 -2.13708290
-3.22898267 -1.73295390
-2.95143582 -1.45746428
-3.20550681 -1.72835671
3.25440102 -1.59303767
-3.32359159 -1.59789882
-3.46699139 -1.70703553
2.70502361 -2.16388493
-3.04616968 -1.52812127
-3.11543351 -1.63186618
2.68522327 -2.05278918
-3.51070255 -1.92788488
-3.05328956 -1.74599791
2.16419701 -2.39019191
2.57547070 -2.00634602
-3.83049995 -2.03261768
2.45943649 -2.14355070
-3.21873264 -1.69277485
-3.19150695 -1.71790740
-3.50020359 -2.19264843
-3.78955136 -1.98058852
2.78325003 -1.98272429
2.82242019 -2.20641886
2.84590173 -1.94848727
3.20527655 -1.46084386
3.12591010 -1.70841870
2.58952628 -2.05311530
3.34043530 -1.41611471
3.19730966 -1.35592402
-3.07350351 -1.52467303
2.77809185 -1.64589642
3.22456189 -1.47350156
-3.32808351 -1.71959668
-3.71592928 -2.25099960
2.65124076 -2.07242345
-3.41617570 -1.99431202
-3.54191580 -2.21447874
-3.15083117 -1.47330096
3.19569131 -1.24015887
-3.77713190 -2.15848214
3.17868080 -1.36679947
3.60030588 -1.60508397
3.38640446 -1.31323814
3.00602940 -1.54162233
4.06290110 -1.03213818
-2.70980574 -1.23332682
2.90993542 -1.63133753
3.75640124 -0.80819848
-2.30045467 -0.67832100
-3.70971383 -1.89086199
-3.64979905 -2.08658649
-3.89271201 -1.75140005
-4.06035568 -2.57943052
-3.08684166 -1.54144016
-3.29802132 -1.67536436
-3.45932782 -1.75955866
-2.99424436 -1.54711774
-3.46715165 -1.81851348
-3.30076112 -1.49315579
3.15976615 -1.56737799
3.35254644 -1.43338493
2.98493118 -1.53415750
3.41462667 -1.51014938
3.45058058 -1.27184438
-3.10981137 -1.67635180
-3.27838747 -1.50232715
-2.95226772 -1.26902548
-3.36044335 -1.76344093
-3.47666053 -1.82529750
-3.63965938 -1.93807196
2.85479290 -1.70051767
-3.37116563 -1.91598056
-3.70121406 -2.17446429
-3.93602190 -2.37433782
-3.18597016 -1.64076044
3.04570398 -1.69933286
2.78315135 -1.89781637
2.78366422 -1.88506285
3.34679720 -1.13547221
-3.15944860 -1.99746063
3.43636954 -1.11336335
2.51390482 -1.98781801
3.13266370 -1.75414158
-3.40331745 -2.18506940
-3.59037199 -2.05377982
