0.152462 -0.0092275
0.131642 -0.0112681
0.153387 0.0160225
0.175771 -0.0374517
0.146283 0.0333799
0.176469 0.0013214
0.1608 0.0282943
0.179198 -0.000695422
0.142803 -0.0235543
0.111386 -0.00108577
0.0970271 -0.00258279
0.154958 0.0273293
0.124295 -0.025651
0.191754 -0.0176797
0.119942 -0.000970887
0.121584 0.0172723
0.148733 0.0139048
0.147905 -0.022911
0.146148 0.00183978
0.133403 0.0117089
0.13103 0.00167426
0.149928 0.00742341
0.172225 0.0174476
0.156734 0.00121562
0.144059 0.00708467
0.125991 -0.00508411
0.178839 0.00757371
0.192821 -0.00526513
0.13244 0.00810958
0.131425 -0.0128725
0.179916 -0.0376631
0.151543 0.0106569
0.154339 -0.0141036
0.110841 0.0332012
0.143992 -0.0178219
0.164136 -0.0102101
0.132241 0.0319109
0.163561 -0.0254742
0.149838 -0.00312485
0.17512 0.0213089
0.162474 -0.0118814
0.166107 0.0387871
0.168437 -0.0166489
0.144132 0.00671892
0.152027 0.0077039
0.151266 -0.00813235
0.152393 -0.0146642
0.16653 -0.0237303
0.145833 -0.027044
0.144387 0.0147995
0.163904 0.0348132
0.175518 -0.0176279
0.185175 -0.0327849
0.138827 0.01154
0.107773 0.00735546
0.139002 0.0410843
0.115157 0.00830107
0.139866 -2.56754e-05
0.168922 -0.0182342
0.143284 -0.00715186
0.106658 -0.00349418
0.157027 -0.0216578
0.204751 -0.00386638
0.156136 -0.0146423
0.142713 -0.0114433
0.12162 -0.00317996
0.161369 0.00522795
0.180752 -0.00557704
0.145863 0.010287
0.163913 0.00138527
0.148514 -0.00667158
0.101269 -0.00191374
0.149638 0.013744
0.136854 -0.0249727
0.207172 -0.00884435
0.133762 0.037288
0.149944 -0.0188044
0.143744 0.00719354
0.188531 0.0140239
0.161302 0.0386066
0.172398 0.00477731
0.171701 0.0153787
0.151246 0.0178241
0.158608 -0.00395473
0.152174 0.0216901
0.148638 -0.00892686
0.162357 0.014907
0.160197 -0.0220732
0.164108 -0.011476
0.147988 -0.0063903
0.120068 0.00821561
0.16011 0.000702728
0.149383 -0.00958422
0.179445 0.00763999
0.162639 0.0105586
0.147559 -0.00931525
0.123942 0.00915052
0.163814 -0.00753853
0.196367 -0.00158641
0.12741 -0.00548405
0.18379 0.0204145
0.165646 0.00368258
0.176646 -0.000929112
0.142443 0.0149001
0.151207 -0.00257993
0.182712 -0.00737164
0.169413 0.00746452
0.151714 0.0533997
0.150911 0.00937731
0.155878 0.0338504
0.183593 -0.0261264
0.134514 -0.00861588
0.164871 0.0131451
0.18036 0.021909
0.142564 0.00279547
0.115072 0.0232942
0.141777 -0.0141781
0.125311 -0.0208304
0.156076 -0.0178816
0.164266 -0.00244543
0.112712 0.0171275
0.158368 -0.0163083
0.166365 0.018248
0.166206 -0.0174529
0.193004 0.0175063
0.16757 0.0126307
0.142918 -0.00440906
0.17612 0.0390157
0.152677 0.000620672
0.172489 0.0281193
0.159968 0.033701
0.164504 0.016716
0.164576 -0.0315292
0.156306 0.0380506
0.186349 -0.0141552
0.152434 0.00107981
0.175895 0.0048978
0.164214 0.0184852
0.169245 0.0142642
0.187851 0.0402026
0.179726 0.00804257
0.138429 -0.00448737
0.165123 0.019998
0.186052 0.020443
0.131712 0.000682998
0.14424 0.000209226
0.160551 -0.0192253
0.151989 -0.000358751
0.108669 -0.0288414
0.154507 0.00605877
0.190317 0.0267125
0.124271 -0.00417714
0.135381 -0.0108333
0.163659 -0.0341603
0.185663 -0.000913813
0.152249 -0.0220221
0.143371 0.0014511
0.150343 0.00962338
0.138569 -0.0108166
0.116626 -0.00147634
0.136257 -0.00183292
0.153247 0.00967303
0.178529 -0.00144345
0.151347 0.0330843
0.109841 -0.00477666
0.154717 -0.0151184
0.136118 0.00687442
0.183964 -0.0311536
0.149291 0.00866877
0.154545 0.00882052
0.138211 0.0155339
0.116735 -0.0174686
0.159081 -0.00111107
0.160676 0.0270953
0.15763 0.0237093
0.140779 -0.0170012
0.130388 -0.0313269
0.187228 -0.0088867
0.102249 -0.000375243
0.149734 0.014805
0.168232 -0.00411321
0.171344 -0.00497913
0.154923 0.0155744
0.175054 0.00531619
0.181443 -0.0201565
0.132623 -0.0224058
0.166939 0.0116168
0.126636 -0.00262151
0.155527 -0.0161394
0.143877 0.00286759
0.140565 0.00575034
0.160967 0.0200953
0.13989 -0.00992754
0.145796 0.0111739
0.170971 -0.00455388
0.16399 0.00511981
0.182953 0.00498427
0.150677 -0.0177064
0.146308 -0.00304596
0.126286 -0.00663951
0.16398 -0.0225293
0.137086 -0.0319618
0.150333 -0.0261705
0.172618 0.0195006
0.154757 0.0119319
0.141961 0.0193871
0.158339 -0.0064191
0.167274 -0.0239523
0.142157 -0.00340145
0.156487 0.00205632
0.184499 0.0282306
0.166834 -0.0202706
0.136128 0.0258223
0.120863 0.0108059
0.132891 0.00836486
0.121195 -0.0284318
0.122801 0.00877526
0.175956 -0.0061763
0.131148 -0.00374636
0.180844 0.00349982
0.147228 0.00782193
0.165181 0.0210318
0.172317 -0.00264329
0.176145 -0.00199384
0.137448 0.000843034
0.156635 0.00866416
0.140602 0.0457401
0.127706 0.00731317
0.164697 -0.00207754
0.182453 0.0138585
0.134496 -0.0103047
0.159218 0.00460662
0.130711 0.0179381
0.163168 -0.00244528
0.190797 0.0057107
0.178939 -0.0207635
0.159644 0.00482312
0.189483 -0.0240511
0.133098 -0.00263667
0.162879 0.00275708
0.170762 0.0249912
0.145267 0.0130323
0.142239 0.00847337
0.132853 0.00122416
0.139528 -0.00206414
0.153022 0.0175624
0.162221 0.00474421
0.152634 -0.0215005
0.193796 0.0125381
0.130495 0.00105551
0.114729 -0.0277698
0.132367 0.0195121
0.155887 0.0019343
0.121143 -0.0226401
0.131861 -0.00769724
0.167933 0.0305106
0.155908 -0.00158713
0.138997 0.0123469
0.171354 0.0125288
0.174368 0.00696702
0.162208 -0.0119946
0.155835 -0.010862
0.157243 0.00362106
0.178486 0.00634176
0.164744 -0.0201811
0.129725 0.00850135
0.13656 -0.0313327
0.163072 -0.00134018
0.193074 -0.000929299
0.14817 0.00776177
0.120057 0.0164039
0.150816 -0.0353678
0.119856 -0.00827
0.16825 -0.0128636
0.142665 0.00673977
0.120551 0.0207283
0.181605 0.00694862
0.140104 -0.0132204
0.178376 0.034815
0.14504 0.00832872
0.118655 -0.00385948
0.131521 0.00138951
0.135299 0.0127336
0.143394 -0.00409173
0.13133 0.00732289
0.183513 0.0180527
0.156499 -0.00806271
0.163815 -0.018904
0.142278 -0.00831875
0.163416 0.0107205
0.164067 -0.00296397
0.120312 0.00848865
0.174082 -0.025254
0.135764 0.000242313
0.153661 0.00077882
0.133245 -0.0225017
0.147943 -0.00353676
0.119201 -0.00719222
0.159465 -0.00684613
0.158629 -0.00834266
0.138258 0.0212274
0.150059 0.0314841
0.152548 0.00603058
0.176471 -0.0147328
0.165181 -0.0041433
0.162447 0.00116725
0.140473 0.0351654
0.164065 -0.015968
0.160487 0.0356821
0.138996 -0.0130295
0.182973 0.00268691
0.148369 0.0130363
0.144108 0.0204849
0.16419 -0.0286149
0.187127 -0.019578
0.137457 0.00113485
0.161999 0.00311083
0.120859 -0.0140374
0.158864 0.00551247
0.143843 0.019659
0.145666 0.0155416
0.177998 0.0142659
0.142919 0.0134964
0.172468 0.00704577
0.193124 -0.00468143
0.135562 0.00748201
0.129144 -0.0152994
0.208342 0.00836698
0.168559 0.0272046
0.163601 -0.0126719
0.149953 0.0197496
0.159081 0.0104256
0.135917 0.00823971
0.159232 -0.00162586
0.1566 -0.00218551
0.112749 0.00202978
0.145798 -0.00769596
0.149433 0.0608879
0.111178 -0.00939987
0.169669 -0.0298501
0.148996 -0.0170218
0.163893 0.0212787
0.158576 0.0256954
0.167662 0.0027205
0.174429 -0.00853025
0.155696 -0.0197234
0.111373 -0.0110395
0.149046 0.000274525
0.180233 0.0238671
0.140443 0.00299215
0.167088 0.00698161
0.157265 0.00101408
0.145641 0.0285542
0.148976 0.017378
0.140669 0.0277457
0.157332 0.0332678
0.139972 -0.00499303
0.173012 -0.010326
0.178305 0.00452429
0.201286 0.0268359
0.142757 -0.017549
0.168801 0.0369179
0.199717 0.00153215
0.181075 -0.000537707
0.122947 0.0217306
0.145813 -0.0109853
0.157798 0.0303757
0.156938 -0.0219395
0.12992 0.0225818
0.157718 -0.0270993
0.1674 -0.0383817
0.186452 -0.0162974
0.161371 0.0400919
0.133001 0.00659997
0.156074 0.0137422
0.162856 -0.0145653
0.144846 0.0149208
0.135409 0.0113141
0.213423 -0.0272652
0.168874 0.00476802
0.196288 -0.00584
0.148309 0.001227
0.146521 0.00193868
0.175984 0.00825906
0.168521 0.00416837
0.110231 0.0254123
0.144928 -0.00822571
0.165148 -0.0185371
0.137386 -0.018428
0.177895 -0.0326092
0.121932 0.0131591
0.158899 -0.0136745
0.163305 -0.0133707
0.136315 -0.0107832
0.177462 -0.00245652
0.105667 0.0158051
0.136524 0.0259175
0.0996378 -0.0144706
0.14829 0.0136145
0.136285 -0.0289465
0.152987 0.0241555
0.145705 -0.0273637
0.182421 -0.00524639
0.125423 0.0184908
0.125868 0.00850565
0.125408 0.020787
0.134134 0.00884282
0.153976 -0.0166221
0.16309 0.0219558
0.149021 -0.0163053
0.152582 -0.0097379
0.168395 -0.0253036
0.184195 0.0180732
0.171888 0.00995611
0.139043 0.021154
0.115729 0.012281
0.136284 -0.0184543
0.144724 0.00830573
0.152605 0.0250053
0.154069 -0.0207081
0.166095 -0.00971551
0.169247 0.0275947
0.176346 0.00175564
0.157796 -0.0284584
0.175224 -0.0185216
0.128553 -0.0213907
0.153429 -0.0302429
0.157419 0.0105515
0.12199 0.0250116
0.140735 -0.00206189
0.161333 -0.04754
0.153737 -0.0504568
0.169011 0.000472974
0.18868 -0.00645327
0.163892 0.00337303
0.146581 0.0347243
0.139306 -0.00373068
0.0986058 -0.0186158
0.180619 0.0119487
0.153765 0.0328902
0.129747 0.0229323
0.175058 0.00627995
0.137788 -0.00749367
0.184509 0.000546479
0.157487 -0.011125
0.144032 0.021614
0.158076 0.00832771
0.175401 0.0150981
0.135714 0.00515042
0.129878 -0.0170371
0.151805 0.00784924
0.146461 -0.0113999
0.155315 0.0135306
0.150685 0.00773434
0.195089 0.0166281
0.142976 0.0373083
0.122989 0.000780842
0.218865 -0.00529819
0.173424 -0.0154017
0.0978912 0.00504021
0.153787 -0.0128113
0.155725 0.00522424
0.157726 0.0272542
0.150603 0.0062659
0.173125 0.00239115
0.106448 0.0168895
0.117905 0.00107044
0.133689 0.0330553
0.172589 -0.0264652
0.155297 0.0161641
0.177621 -0.0134119
0.135136 -0.00511308
0.151987 0.00321262
0.177215 -0.0333296
0.1506 -0.00931695
0.149939 -0.0245726
0.157627 -0.00938863
0.152773 0.00757018
0.116704 0.0299973
0.165129 0.0124365
0.135162 0.00399022
0.156986 0.00770545
0.141888 0.0289091
0.119094 0.0165743
0.122193 0.0150948
0.13212 0.013659
0.134865 -0.0155271
0.149209 0.00854845
0.127173 0.00157799
0.102539 0.0291684
0.151715 0.0266868
0.15747 0.0174742
0.124511 0.00317521
0.143067 -0.0252798
0.166969 -0.0244884
0.154582 0.0251329
0.169449 -0.00704984
0.160613 -0.000255554
0.187058 -0.0243511
0.111713 0.0104978
0.156554 0.00814268
0.165536 -0.0185386
0.12055 -0.0140482
0.155623 -0.0109419
0.142827 -0.00174476
0.127331 -0.0272003
0.17676 -0.0116976
0.141218 0.00943706
0.125452 -0.0199029
0.139245 -0.0186337
0.148186 0.00113208
0.156683 0.0119331
0.120735 -0.0193646
0.143652 -0.0220831
0.141056 -0.0194553
0.170649 0.00463425
0.149112 0.0126528
0.150357 -0.00264198
0.118083 -0.00114007
0.143347 -0.0181281
0.132722 -0.00548823
0.175625 -0.0119563
0.145102 -0.0164503
0.120162 -0.0475363
0.116081 0.00312094
0.138829 0.020304
0.130164 -0.0101356
0.154017 -0.00691885
0.125823 0.00382347
0.179386 0.0206007
0.153719 -0.00983421
0.104819 0.0263183
0.144858 -0.0375276
0.13621 0.0204695
0.147979 0.0255517
0.179168 -0.0181443
0.159637 -0.00765575
0.141482 -0.00490755
0.132507 -0.0123636
0.146779 0.00202632
0.158018 -0.0319407
0.191952 0.010218
0.138997 0.0447329
0.16659 0.00687734
0.152387 0.0097866
0.145755 0.0215516
0.145539 -0.0088721
0.145562 -0.00362112
0.154244 0.00669689
0.14512 0.00963698
0.109935 -0.0199572
0.139835 0.00638252
0.148859 0.00662756
0.147977 -0.0067448
0.15358 0.0202068
0.149433 0.0216131
0.150591 -0.0129567
0.143527 -0.00129979
0.169616 -0.00797067
0.145154 0.00430628
0.118321 -0.0110452
0.173963 -0.031948
0.188914 -0.0462921
0.1432 -0.0549728
0.163452 -0.00616739
0.171649 -0.00706385
0.138548 -0.00500981
0.130175 0.0534772
0.134919 0.0143756
0.144889 -0.00574893
0.153709 0.00791078
0.142636 0.0216473
0.163093 -0.0201845
0.141005 -0.0336312
0.193905 0.0349769
0.159498 -0.00518546
0.180638 -0.00556998
0.157381 0.0217276
0.168966 -0.00806213
0.174803 -0.0321765
0.122917 -0.00511427
0.177591 0.00237207
0.14755 -0.0126543
0.1554 -0.0361382
0.124864 -4.97593e-05
0.135443 0.0141983
0.169731 -0.0413118
0.182745 -0.00914903
0.153568 0.0260486
0.167278 0.016429
0.169814 0.00855346
0.159001 -0.00750529
0.163392 -0.0122146
0.109973 0.00300311
0.1514 0.00627425
0.173677 -0.027133
0.140125 0.00521122
0.143987 -0.0272913
0.17745 -0.00221143
0.159864 0.0170641
0.182743 0.00544837
0.160819 0.00982025
0.172887 -0.000663387
0.148084 -0.00859143
0.169746 -0.00219094
0.129981 0.0120421
0.143315 0.0237316
0.177695 -0.0197764
0.120307 -0.00246302
0.1838 -0.0426614
0.13903 0.021043
0.159116 -0.00178385
0.166511 0.00681309
0.170103 -0.00125174
0.148913 0.00421916
0.162792 0.00586878
0.127494 0.0138117
0.135861 -0.00158019
0.177679 -0.021086
0.166649 -0.0336027
0.179242 0.0107355
0.170479 0.0288949
0.169979 -0.0187288
0.167811 0.00592859
0.139808 -0.00559835
0.148609 0.0318507
0.136522 0.0203888
0.146456 0.0223607
0.150178 -0.00183684
0.139553 -0.0372416
0.148981 -0.000983993
0.166045 0.0346142
0.172053 0.00825596
0.131028 -0.0104355
0.123692 -0.0014804
0.168377 0.00820265
0.152361 -0.0113737
0.132558 -0.0121139
0.142841 -0.0150466
0.142427 0.00213482
0.135906 -0.0147564
0.157551 0.0137716
0.149727 -0.0189016
0.195595 -0.0031268
0.181314 0.0120815
0.156182 -0.0122783
0.167676 0.00559477
0.162488 0.00411475
0.157532 0.0356019
0.171044 0.000572727
0.137726 -0.000699687
0.146614 -0.00883785
0.135858 0.0239097
0.176251 -0.010975
0.12711 -0.0164315
0.176716 0.0111234
0.133558 0.0215277
0.178485 -0.00846573
0.197799 -0.010845
0.180947 -0.0307012
0.116013 0.0336561
0.127502 0.0134511
0.158398 0.0243593
0.177355 -0.00553922
0.155104 0.00388896
0.179663 -0.00281698
0.178369 -0.0406563
0.116904 0.0214669
0.155046 -0.0144799
0.179608 0.00451538
0.156287 0.0241609
0.154891 0.0120441
0.145628 -0.0248955
0.129488 -0.0241594
0.132114 -0.0184526
0.120025 0.00615462
0.156893 -0.00852875
0.126386 -0.0197947
0.156151 0.0217009
0.182037 0.0199051
0.127292 -0.0102016
0.14741 -0.00256704
0.191198 -0.0148364
0.162609 0.0112798
0.144222 -0.0165448
0.130632 -0.0302346
0.156323 0.0296199
0.166952 -0.021535
0.201376 -0.00361079
0.167432 0.00301937
0.138753 0.0163826
0.163461 0.00615078
0.160222 0.0267201
0.160585 0.00931705
0.145763 0.0117592
0.152969 -0.00280419
0.142381 0.000851394
0.151344 -0.00879664
0.16406 -0.0115935
0.122556 0.0395663
0.141893 -0.0167149
0.125828 -0.0221512
0.162613 -0.0124914
0.184195 0.0141987
0.1722 0.00896193
0.149174 -0.00573652
0.18401 0.00756826
0.141323 -0.0188137
0.162369 0.0123162
0.161337 0.0069592
0.143657 0.019353
0.161268 -0.0139279
0.160276 0.0209529
0.140525 -0.0198776
0.169713 -0.00570293
0.158571 -0.00586292
0.154111 0.00503599
0.170746 0.00347959
0.163485 -0.0237747
0.125538 0.00424103
0.139649 0.0138913
0.180511 0.0107516
0.191843 -0.00446527
0.157526 -0.0279945
0.152062 0.0340375
0.124675 -0.0218609
0.152741 -0.0135365
0.151237 -0.00428226
0.156721 0.00699251
0.166121 -0.0328827
0.153183 -0.0121245
0.129089 -0.0379958
0.152983 -0.0176631
0.147296 0.000185635
0.16598 0.0240142
0.146287 -0.00554966
0.143033 -0.000679125
0.0958902 -0.00917505
0.142496 0.0197119
0.149191 0.0153044
0.155286 0.0219407
0.159732 0.0427482
0.13163 0.030859
0.146145 0.0237907
0.158213 0.00651481
0.157464 -0.0189257
0.123569 0.00914055
0.11776 -0.00950822
0.166105 -0.0298013
0.183359 -0.00401698
0.175495 -0.00176174
0.139439 0.0163945
0.147433 0.0104486
0.149166 -0.00389267
0.13055 0.0300955
0.138916 -0.0380165
0.156966 0.0135635
0.145896 0.00255646
0.123268 -0.00652454
0.111575 -0.0418565
0.141584 0.00418519
0.159856 0.0267928
0.110136 0.0237549
0.133576 -0.0177505
0.156616 0.00335872
0.110613 -0.0115016
0.127282 0.00310597
0.18995 -0.0438334
0.150131 -0.0164395
0.174551 -0.0343265
0.138097 0.0268131
0.162111 0.0170453
0.132084 0.0279883
0.140515 -0.0138754
0.130205 0.0165514
0.16762 -0.0109379
0.124337 -0.0283791
0.152275 0.0287407
0.137433 -0.00954938
0.149104 -0.0130487
0.165746 -0.00669304
0.118003 0.00589812
0.17043 0.00825991
0.128607 0.022376
0.169413 -0.0228112
0.158932 0.00542686
0.160963 0.00285347
0.157834 -0.00691211
0.175124 0.0175873
0.159472 0.0069895
0.155264 -0.0094566
0.170679 -0.0175527
0.133127 -0.011841
0.123277 -0.0231434
0.152383 -0.00914467
0.168965 -0.0142309
0.139346 0.0276075
0.143565 0.04347
0.167408 0.00518821
0.153748 0.00155072
0.150359 0.0167739
0.13868 -0.0171033
0.134002 0.0122058
0.164938 0.0344616
0.130657 -0.00153319
0.176221 -0.000231187
0.171726 0.00202389
0.14681 0.00829505
0.142136 0.0147387
0.139256 -0.0300014
0.15544 0.00153006
0.169024 0.00102663
0.168995 0.00516802
0.12281 -0.0020777
0.147789 -0.00200098
0.162771 -0.0201018
0.113314 0.00552747
0.169626 -0.00608282
0.16353 0.0034049
0.161343 0.0262149
0.124095 0.00116837
0.156429 -0.013072
0.140301 -0.0153617
0.175311 -0.00354819
0.189151 0.0035557
0.144191 -0.0234073
0.15799 0.0246084
0.164785 -0.00396517
0.154504 0.00920855
0.180677 -0.0038501
0.167899 -0.0211243
0.147245 0.00843037
0.167749 0.00310169
0.165771 -0.00556707
0.159199 0.0100248
0.133119 0.0329296
0.142716 0.00658218
0.130872 0.0135113
0.164766 0.00581522
0.18734 0.0403556
0.113591 -0.0224366
0.152985 -0.00911143
0.126869 0.00774078
0.128052 -0.0158603
0.167948 0.0325339
0.128682 0.0196464
0.169297 -0.026631
0.128409 -0.0103047
0.151757 0.00355951
0.164456 -0.00087741
0.156514 0.0259671
0.153127 0.0200996
0.128228 0.0203012
0.164442 0.0346338
0.192953 -0.0149907
0.157473 -0.0513176
0.173996 -0.00216751
0.140379 0.0206298
0.156145 0.00563297
0.130464 0.0169798
0.121441 -0.00289609
0.160215 0.0128855
0.149604 -0.017812
0.148671 0.00789601
0.20195 0.0223443
0.163537 0.0161642
0.127383 -0.0156634
0.161394 -0.0132001
0.187882 -0.00329581
0.173393 0.0398445
0.129583 -0.00546021
0.170203 0.010708
0.175438 -0.00352618
0.178088 -0.0190545
0.154318 0.00120988
0.147308 -0.0114085
0.148873 -0.0100671
0.169099 0.0157982
0.146115 -0.00366464
0.136108 0.00229185
0.136073 -0.014175
0.131554 0.0153873
0.161269 -0.00217023
0.176341 -0.000816035
0.127672 -0.00603248
0.154982 -0.0482201
0.135355 0.00165983
0.150523 -0.000813216
0.177254 0.0203455
0.173492 0.014935
0.180182 0.00954199
0.197806 -0.00882305
0.149234 -0.00865994
0.155705 0.0322793
0.164111 0.0189207
0.176313 0.011913
0.160641 -0.0101589
0.144994 -0.0124603
0.134181 0.0401348
0.170678 0.0291778
0.128799 -0.00734649
0.12652 -0.0263884
0.190394 -0.0267538
0.170286 0.00381965
0.13241 -0.00749471
0.181549 -0.0145508
0.160929 0.00371709
0.160159 -0.014763
0.164338 -0.00169315
0.129284 -0.0127418
0.169088 0.0262516
0.156106 -0.00371248
0.141269 -0.0105451
0.154316 -0.00527074
0.147193 -0.00771071
0.134065 0.0100935
0.158731 0.00800599
0.181832 -0.00614779
0.118615 0.00192453
0.120964 -0.0145291
0.205045 0.0257394
0.131447 -0.00812852
0.124522 -0.0175942
0.164173 0.0285768
0.161101 -0.0181147
0.169588 -0.00894304
0.192669 -0.0230488
0.128063 -0.00533732
0.185077 -0.0243611
0.19284 -0.0191157
0.15018 -0.016562
0.1533 -0.0212474
0.169968 -0.00651217
0.179715 -0.0114944
0.130977 -0.00639006
0.116818 0.0117471
0.129368 0.00635005
0.144257 0.000729296
0.140668 0.002696
0.145269 -0.000702008
0.152714 0.00971965
0.16233 0.00443404
0.130333 -0.00430389
0.164917 -0.0162914
0.14915 -0.0126882
0.146895 -0.0256157
0.162792 -0.0175361
0.125365 0.00821871
0.166425 -0.00692253
0.166842 -0.0220014
0.140144 -0.0464115
0.201983 -0.0292306
0.165032 -0.0121535
0.174339 0.0330356
0.14824 -0.00777483
0.136868 -0.00802892
0.149425 -0.0223314
0.139055 0.00588611
0.148241 0.0232005
0.169003 0.0139042
0.137069 0.000699538
0.115078 0.0378272
0.132889 -0.00450029
0.180056 -0.0340755
0.153181 -0.0207319
0.146163 -0.0136153
0.134935 -0.0309348
0.134301 -0.0447539
0.165538 0.0106354
0.125738 -0.0193384
0.154653 -0.00528893
0.168011 -0.00219511
0.161994 0.00284921
0.141924 -0.0281082
0.161408 -0.0271511
0.154886 -0.0297852
0.158906 0.0104696
0.171911 0.0174869
0.147159 -0.00708865
0.150288 -0.0133851
0.138715 0.0184095
0.132178 0.0199493
0.147253 0.0278338
0.168666 0.0227946
0.149505 0.0372932
0.107872 -0.00197592
0.152532 0.019871
0.172943 -0.00959552
0.118731 -0.00265081
0.152372 0.00755696
0.182184 0.0339081
0.152632 -0.00796981
0.187101 0.0126528
0.154267 -0.00199216
0.110112 0.0193264
0.166042 0.00645157
0.163053 -0.0253456
0.116971 0.0144514
0.145491 -0.00140256
0.138701 -0.0192336
0.166751 -0.00991403
0.157739 -0.00670745
0.143459 0.0321262
0.170012 -0.0243823
0.164775 -0.00969419
0.164419 0.0207935
0.157672 -0.00485724
0.164214 0.0151411
0.131771 -0.00234591
0.137235 -0.00805917
0.172078 0.0128975
0.151461 -0.0234982
0.174807 0.00825359
0.178785 -0.00967184
0.147719 0.023673
0.141194 0.0282122
0.124461 0.00274315
0.151454 -0.00137723
0.134104 0.0105397
0.143868 -0.00383293
0.159078 0.00307164
0.151895 -0.027183
0.155233 0.0134248
0.127294 -0.00504548
0.159876 0.0222991
0.151869 -0.0140202
0.153054 0.0294443
0.165911 0.00996814
0.186464 -0.00999143
0.140826 -0.00234333
0.135219 0.00778734
0.178833 -0.016817
0.147687 -0.0334621
0.142105 0.0324243
0.155078 0.0230829
0.17336 -0.00360255
0.13846 -0.0180216
0.105532 0.0103352
0.149619 -0.033443
0.155746 -0.00388454
0.177912 0.00494225
0.150752 -0.0336203
0.126145 0.0229069
0.10866 0.00507284
0.118891 0.0234204
0.124349 0.010577
0.160559 -0.00582256
0.144992 0.0276975
0.142197 0.0108823
0.171295 0.00916457
0.134156 -0.0148372
0.158874 0.00179072
0.169209 -0.00221891
0.162346 0.00184309
0.179286 0.029339
0.15523 -0.0115784
0.163204 -0.0153608
0.155331 0.0315061
0.121939 0.0365718
0.144616 0.0205504
0.144872 -0.00332295
0.146001 -0.0358779
0.165887 0.00939744
0.151186 -0.0113649
0.159242 -0.023802
0.186793 -0.00791335
0.168013 0.0136028
0.16578 -0.0279563
0.172488 -0.0229919
0.14938 0.00443813
0.128123 -0.00649264
0.145532 0.0203966
0.155792 -0.017109
0.13365 0.00969056
0.119473 -0.0071038
0.145 -0.00634246
0.171709 0.00861967
0.117824 -0.00395903
0.144277 0.000564351
0.139329 0.00624146
0.140651 0.0242376
0.127272 0.020302
0.143484 -0.0197456
0.156802 -0.00476787
0.13056 0.0028081
0.128455 0.000476811
0.161201 -0.00440825
0.13123 0.0194208
0.119106 -0.00812971
0.150988 0.00207313
0.138644 0.0189328
0.140683 0.0041968
0.147489 0.00633017
0.172982 0.0159386
0.177481 0.0416609
0.119198 0.00571778
0.172814 -0.00119326
0.185302 0.00971343
0.168532 -0.024418
0.142955 -0.0101483
0.177789 -0.0142039
0.14602 0.0134551
0.140445 0.0118055
0.137892 -0.0100735
0.130332 0.0310344
0.159821 -0.0259323
0.117021 0.0307588
0.180022 0.000248979
0.214692 0.0119225
0.141713 0.0151131
0.177685 -0.00716759
0.143714 7.10329e-05
0.116485 -0.00794126
0.148909 -0.0143786
0.181758 -0.00157905
0.165638 -0.00284246
0.163217 0.0281163
0.129285 0.00884069
0.157861 -0.0377296
0.150652 -0.011318
0.137657 -0.0302825
0.125592 0.00253132
0.141038 -0.0173769
0.147216 0.00627618
0.152829 0.0118361
0.171747 -0.00649905
0.142167 -0.00993625
0.120526 0.0261181
0.143083 0.0121785
0.154016 0.00715028
0.139055 0.0195456
0.163126 -0.0256348
0.152015 0.0378205
0.146163 -0.0066186
0.152325 -0.0173162
0.172948 0.0154675
0.134278 -0.0200434
0.166602 -0.00617729
0.106937 -0.0199907
0.153677 -0.00532986
0.154016 -0.016326
0.137249 0.0403329
0.166745 0.0155335
0.14216 0.00673548
0.164702 -0.0175712
0.161782 -0.0166789
0.117278 0.0383297
0.131046 0.0192003
0.117693 0.0116828
0.142801 -0.0140985
0.179616 -0.0284482
0.171004 -0.01852
0.146991 0.0146748
0.131808 -0.00331269
0.129615 0.0120984
0.137098 -0.00315415
0.150689 0.0193974
0.205388 0.0238138
0.126366 -0.0183114
0.138016 0.00996943
0.128324 0.0146995
0.179545 0.0259061
0.129013 0.0178335
0.15997 0.00110534
0.0983971 -0.00813345
0.14958 -0.0329967
0.161805 -0.0132111
0.182082 -0.000729292
0.16082 0.0179661
0.186567 0.019771
0.166449 0.0260329
0.154888 0.0419631
0.182527 0.00313536
0.15251 -0.0400345
0.164739 0.0168959
0.156811 -0.0471334
0.146106 -0.0253953
0.16309 0.0248448
0.123408 0.0193381
0.134308 -0.0239055
0.116817 0.0195726
0.17708 -0.027293
0.160118 -0.000191414
0.13658 0.00169464
0.138582 -0.0334131
0.15554 0.0296901
0.188133 0.0099065
0.121927 0.00538566
0.130618 -0.00351788
0.129679 -0.00932318
0.18578 -0.00592447
0.146061 0.0138193
0.132138 -0.0327054
0.149559 -0.0537564
0.158941 -0.00950625
0.164233 -0.007278
0.180163 0.0189598
0.119192 -0.00905041
0.133967 0.012988
0.15075 0.00646473
0.165999 0.0200504
0.160702 -0.000728312
0.138406 -0.0250914
0.143005 0.00605445
0.159513 -0.00291167
0.140104 0.0162906
0.169473 0.0260693
0.148867 -0.00995442
0.157754 -0.00116603
0.194686 -0.0234318
0.165711 0.00820999
0.166428 0.0100244
0.16384 0.0131963
0.134688 -0.00516719
0.147889 0.00317855
0.135672 0.0130825
0.101014 0.0293683
0.128008 0.0233586
0.179106 -0.0242606
0.173557 0.0288533
0.182792 0.0300517
0.15492 -0.00494034
0.134039 0.0451429
0.152325 0.00881846
0.137629 0.00425038
0.164666 0.0214705
0.167732 -0.00551182
0.165 -0.010748
0.191277 0.00453651
0.142947 -0.00322631
0.141017 -0.021501
0.147169 -0.00777589
0.144354 -0.00623074
0.142367 0.0110441
0.132576 0.00907292
0.12828 0.0218486
0.165185 0.0557045
0.149337 0.0210755
0.146915 0.0113674
0.17933 0.00154073
0.147996 0.0228623
0.17173 0.0121946
0.127996 0.0110609
0.148555 0.0368963
0.148086 0.0294131
0.179935 0.0162079
0.15 -0.00732617
0.209678 0.00883432
0.145011 -0.00281918
0.171425 0.0168033
0.130549 -0.0330213
0.152738 -0.0111
0.149889 -0.0197328
0.171258 -0.0340868
0.121351 0.000621404
0.150234 -0.0107396
0.1387 -0.0108878
0.171341 0.0122676
0.163615 0.000659526
0.158059 -0.00340372
0.144333 -0.0136408
0.172847 -0.0136054
0.192786 -0.0160285
0.140308 0.000365424
0.165225 0.0085526
0.146856 -0.0168418
0.164667 0.0148631
0.142684 0.0149722
0.19496 0.0198206
0.12702 0.0183726
0.179591 -0.0294065
0.156083 -0.00334544
0.159356 -0.00502165
0.185038 -0.0353088
0.162795 -0.00380429
0.115556 -0.00636746
0.152204 -0.00802983
0.132256 -0.00904424
0.153781 0.0228688
0.144133 -0.00543224
0.152551 0.0371981
0.196974 -0.00537934
0.152473 0.0163486
0.165136 0.000193853
0.134397 0.0288747
0.161759 -0.030993
0.151661 -0.000334974
0.174674 -0.00518555
0.162145 -0.00732455
0.155416 0.00416281
0.125272 -0.024657
0.14886 -0.0220996
0.141032 -0.0128794
0.162631 0.0441236
0.161882 0.0600021
0.195528 0.00800898
0.146154 -0.0228543
0.150777 0.00691032
0.163982 -0.0265945
0.185821 0.00591297
0.134889 -0.00710446
0.166578 0.00315955
0.124461 0.00035083
0.142472 0.00454842
0.164475 -0.000975856
0.151846 -0.0250341
0.1376 0.00179762
0.166462 0.00150221
0.17365 -0.0177106
0.142716 -0.0057866
0.176306 0.0138248
0.138 0.00573688
0.12809 0.0161537
0.153165 -0.0107463
0.158315 0.0514467
0.13319 -0.00603933
0.163848 0.047572
0.143318 -0.00277555
0.176027 0.0104266
0.188779 -0.00343079
0.186051 -0.0131858
0.141688 0.0169609
0.145034 0.0133889
0.137414 0.0384681
0.156768 -0.0160016
0.160399 0.0023305
0.156741 0.0231095
0.142142 -0.0151554
0.123203 0.0280179
0.135288 -0.00450852
0.171018 0.0131508
0.13457 -0.00170759
0.168288 0.00951601
0.136945 0.0284079
0.166504 -0.00558847
0.122562 0.0152706
0.17903 0.0391391
0.150693 0.00910928
0.150452 -0.00766094
0.099303 -0.00136409
0.159902 0.0363666
0.151597 0.00856675
0.138479 0.0143728
0.205832 0.00650743
0.163748 -0.0129898
0.148554 0.00985325
0.163714 -0.0379661
0.146005 -0.017671
0.159115 0.0366809
0.173406 -0.0048156
0.168281 0.00672475
0.14747 -0.019952
0.152131 0.0502371
0.159952 -0.0105146
0.177934 -0.0196412
0.176572 -0.00483673
0.151128 -0.00572557
0.142051 -0.00398565
0.151192 0.000861023
0.169522 0.00605705
0.139374 -0.0242561
0.132711 -0.0251792
0.148376 -0.0214066
0.179026 -0.00157474
0.126111 -0.0135624
0.150701 -0.0107419
0.149156 -0.00189398
0.145022 -0.0147622
0.138326 -0.00314497
0.137508 -0.0111531
0.150292 -0.044349
0.163823 -0.0123011
0.171872 0.00817061
0.157109 0.00803203
0.149254 -0.00789009
0.159099 0.00217751
0.173941 -0.0184739
0.142834 -0.00390625
0.157712 -0.00679049
0.162435 -0.022344
0.145472 -0.0160822
0.178595 0.0162712
0.150147 0.0235126
0.148292 -0.0199408
0.199514 0.025246
0.168651 -0.0121024
0.129518 -0.0104511
0.13234 -0.0101106
0.124397 -0.018638
0.174043 -0.0229862
0.14603 -0.0201997
0.18413 -0.00926099
0.162835 0.0215397
0.152138 0.0268058
0.162371 0.0206241
0.17228 -0.015673
0.119456 0.0348006
0.142754 0.0114266
0.157148 0.0161269
0.142865 0.0295416
0.151237 0.0134289
0.214348 -0.0115911
0.157106 0.0121861
0.126701 -0.00307411
0.154786 -0.0111891
0.127673 -0.00202301
0.175173 0.0035115
0.156303 -0.0207721
0.171742 0.0217883
0.150574 0.00107461
0.148194 0.0241352
0.155448 -0.016755
0.171931 0.00303964
0.127047 0.0195786
0.108641 -0.0287503
0.168798 -0.00222776
0.196722 -0.0141621
0.142616 0.0121651
0.172248 0.0211758
0.170779 0.0190979
0.168248 0.0171765
0.200378 -0.0268657
0.163571 0.00345744
0.162557 0.00579563
0.184386 -0.0130537
0.139805 0.00333598
0.150351 0.0231669
0.134329 0.0110247
0.141703 0.0220634
0.148115 0.012229
0.158857 -0.000355791
0.214765 0.00992268
0.137233 0.00222214
0.178109 -0.00654251
0.167595 0.016824
0.183172 0.0161581
0.166733 -0.0150131
0.140732 -0.0317382
0.166582 0.00950183
0.160958 0.0150882
0.159902 0.00158898
0.116614 -0.019687
0.142454 0.0104853
0.163323 0.0134059
0.180235 -0.0136599
0.13519 0.000884669
0.161968 0.0297101
0.162928 0.0264523
0.175364 -0.00779778
0.167398 -0.00237132
0.136594 -0.00113988
0.129817 0.00221358
0.147397 0.0053459
0.209991 -0.0291269
0.134593 -0.026065
0.156701 0.024145
0.139123 -0.0081769
0.17691 -0.0173022
0.139925 -0.0266741
0.124315 -0.0103825
0.161008 0.00885194
0.159986 0.0287578
0.131574 -0.00265642
0.140941 -0.0155598
0.141379 0.0177317
0.164477 0.0142624
0.173033 0.0146897
0.124074 -0.0159508
0.136906 0.0255612
0.148947 0.0183921
0.138339 -0.00909954
0.13061 0.0362332
0.1603 -0.0259575
0.122825 -0.0198244
0.173314 -0.00972903
0.142338 0.0209441
0.143497 0.0251764
0.150482 0.0291946
0.146063 -0.0156267
0.134431 -0.0237752
0.142123 0.0211756
0.179447 -0.0136232
0.151576 0.00195488
0.154795 -0.00489651
0.111641 -0.0175176
0.16477 -0.0185801
0.145477 -0.00818876
0.136149 -0.0185787
0.158017 0.00515582
0.144985 0.0421856
0.166147 0.0286073
0.147834 -0.00136576
0.158982 -0.0121563
0.133292 -0.00914524
0.139979 -0.0142333
0.139328 -0.0232694
0.165568 -0.00481656
0.146825 -0.0311353
0.153903 0.0121107
0.145822 0.0234737
0.156319 0.00583397
0.114877 -0.0050011
0.142726 -0.0185965
0.159408 0.0332597
0.184063 -0.018929
0.15747 -0.00383226
0.160029 0.00405459
0.159166 0.00303972
0.164562 0.0245114
0.15802 -0.0149419
0.129613 -0.0351712
0.165805 0.00782829
0.162248 -0.014945
0.149528 0.00481101
0.168763 -0.00389242
0.148729 -0.0128421
0.153972 -0.00260604
0.170434 0.0109357
0.15623 0.00429576
0.172448 0.00441759
0.157282 -0.00868972
0.143604 -0.0058605
0.165812 0.0639351
0.110139 -0.00326784
0.169288 -0.0347382
0.136585 0.00561575
0.118168 -0.0149581
0.158775 0.00354183
0.181142 0.00140711
0.174592 -0.00857353
0.131646 0.00997427
0.168077 -0.00268302
0.148078 -0.0074174
0.138696 -0.00772627
0.134679 -0.00169108
0.131164 -0.0265117
0.183054 0.0225223
0.138036 0.035225
0.141593 -0.000224811
0.150739 -0.00841412
0.173328 -0.0167705
0.142191 0.0170902
0.1667 0.0426733
0.137761 0.00105842
0.161344 0.0218365
0.134348 -0.0106632
0.139153 -0.0198175
0.125003 0.0143837
0.116831 0.00874279
0.126577 -0.00540979
0.136561 0.00493553
0.194455 -0.0297884
0.101659 -0.01017
0.16841 0.00861488
0.205692 0.053227
0.155709 0.0039463
0.166206 -0.013839
0.149393 -0.0170772
0.16752 -0.000118236
0.134252 0.00068033
0.134008 0.00345517
0.132347 -0.0135605
0.133769 0.0254971
0.13142 0.00410361
0.150584 -0.00916976
0.186471 0.0186819
0.171485 -0.00028302
0.158522 0.0134611
0.140583 -0.0079228
0.174028 -0.0218648
0.169577 -0.0246669
0.187899 0.0192615
0.147619 -0.0013475
0.167579 0.0229211
0.145202 0.00259848
0.153119 -0.00534222
0.1685 -0.00510523
0.154611 -0.00661777
0.14827 0.0298217
0.143624 0.0424367
0.161381 0.0110932
0.130235 0.001897
0.15668 2.34114e-05
0.173072 0.014862
0.16473 -0.00675033
0.15373 0.0225748
0.196816 0.0127545
0.141996 0.0336723
0.169239 -0.0179524
0.148479 -0.0251104
0.153776 -0.00947116
0.14763 -0.00134639
0.174502 0.0324596
0.142923 -0.0322309
0.119107 0.0130718
0.136729 -0.0209605
0.175444 0.00454606
0.147225 0.0292567
0.150099 -0.0163011
0.155948 0.00530664
0.155872 -0.00888696
0.134481 0.0177924
0.146343 0.0117646
0.149947 -0.0188023
0.170473 -0.0035418
0.103485 -0.0115718
0.142946 0.0143288
0.135846 0.0146571
0.130355 -0.0233427
0.182211 0.0352044
0.134411 0.000671352
0.134145 0.0106701
0.171803 0.00819348
0.126478 0.00904881
0.144072 0.00743252
0.147358 0.0123366
0.142045 0.0163037
0.155384 -0.012767
0.175225 0.0225104
0.136354 0.00160373
0.170627 -0.0131436
0.129178 0.00383263
0.153832 0.0167415
0.145141 0.024999
0.155191 -0.00701817
0.182654 -0.00266197
0.155691 0.00538513
0.175325 0.0144242
0.12732 -0.00935587
0.145375 -0.0161895
0.141689 0.0247868
0.130267 0.0298043
0.150078 0.0124866
0.13687 0.0113753
0.134577 -0.00339843
0.15633 0.00100386
0.179367 -0.0390227
0.124362 0.00237703
0.151164 0.0281488
0.151776 -0.0394073
0.139809 0.0221067
0.169163 0.0169514
0.144551 0.00233603
0.109851 0.00500185
0.122328 -0.00888454
0.146572 -0.0246646
0.178346 0.0356118
0.144799 0.00402835
0.187867 -0.0183083
0.110157 -0.0160861
0.144756 0.0204546
0.184945 -0.00530145
0.14516 0.00134954
0.127687 -0.0219055
0.17075 -0.0212002
0.198768 0.0530075
0.142037 0.00522566
0.164048 0.049743
0.178077 -0.000983074
0.142865 -0.0254137
0.132888 0.0108472
0.168726 0.0310361
0.126961 0.00690958
0.139418 0.00842891
0.159216 0.0339166
0.175213 0.00119089
0.125529 0.0191609
0.173167 -0.0134728
0.1542 -0.0127568
0.160529 0.0202008
0.147023 0.000527097
0.159369 -0.00746766
0.151674 -0.0219656
0.172939 -0.0139129
0.155334 -0.0294889
0.161095 -0.00924289
0.112316 -0.0244468
0.152799 0.00644102
0.160372 -0.0155558
0.139835 0.000920616
0.148033 0.00461692
0.108521 -0.0223345
0.187699 0.00267324
0.154259 -0.00863022
0.143133 0.000792685
0.142229 -0.0105925
0.155615 0.00575498
0.154988 -0.0265568
0.157525 1.03723e-05
0.170251 0.0107218
0.149118 0.00147986
0.16364 0.0174077
0.17261 0.0155931
0.170889 0.0270836
0.148444 0.0210786
0.150653 -0.00914763
0.14747 -0.00361137
0.165311 -0.020457
0.119098 -0.00469683
0.151665 -0.013133
0.175993 -0.0188124
0.181036 0.022869
0.132299 -0.00428566
0.177177 -0.0184151
0.133076 0.0329028
0.145083 -0.00129181
0.156484 -0.0425227
0.139053 0.02466
0.165254 -0.0325258
0.146697 -0.0158247
0.185405 0.0121886
0.14465 -0.00823446
0.13987 0.0116778
0.145527 -0.0130411
0.167731 -0.0165525
0.139215 0.00486626
0.139704 -0.0240798
0.166419 -0.0229461
0.109248 -0.00352834
0.132843 -0.00265545
0.116938 -0.0044004
0.149844 0.0108242
0.163869 -0.0121224
0.164009 0.0049464
0.178544 0.015733
0.152534 -0.0131347
0.182609 0.0126326
0.133256 0.00525162
0.145881 -0.00348114
0.140972 -0.0115835
0.143628 0.00543146
0.131864 0.0565926
0.145626 -0.0164459
0.15017 0.0121703
0.173 0.037596
0.137594 0.0194949
0.167763 -0.0158985
0.121772 -0.00616326
0.164076 -0.00512757
0.16181 -0.000790051
0.114052 -0.0100075
0.102883 -0.00642395
0.186476 0.0141586
0.129398 0.0220106
0.13572 -0.013887
0.15998 -0.0114409
0.137212 -0.0122607
0.141137 0.012033
0.160527 0.0025137
0.141355 -0.00273709
0.165139 0.0204165
0.170191 0.0184272
0.170967 -0.0144223
0.131577 -0.0232225
0.167628 -0.000516579
0.156541 -0.0220042
0.160681 -0.0115349
0.174106 0.0409401
0.187455 -0.0283014
0.165294 -0.00466175
0.155097 0.0293833
0.161579 -0.057098
0.125273 -0.0209641
0.121332 0.0111875
0.18029 -0.0081343
0.144899 0.0134817
0.124633 0.0043163
0.141813 0.0127001
0.143672 0.005593
0.125847 -0.0174702
0.185234 -0.0179257
0.1696 0.00308727
0.173249 -0.00114743
0.150561 6.8633e-05
0.167952 -0.0234373
0.126773 -0.0369097
0.168293 -0.0062334
0.149212 0.0142916
0.177413 0.0233389
0.126863 0.00782192
0.17912 0.0165968
0.160913 0.0155299
0.141097 0.0130359
0.184823 0.0257723
0.17399 -0.0356767
0.173141 -0.00149856
0.172415 -0.0328662
0.182011 -0.00145417
0.178413 0.0224346
0.157045 -0.00366554
0.150264 0.0231806
0.153222 -0.00428712
0.169181 -0.0338775
0.120159 0.00560995
0.136488 -0.0123776
0.148563 0.0374527
0.141575 0.0144838
0.118223 -0.00435226
0.165167 -0.0117446
0.194614 0.018279
0.167454 0.013338
0.183262 -0.0122391
0.116585 0.0147098
0.192698 0.00895513
0.153647 -0.0111861
0.17301 0.0369771
0.153758 -0.0194154
0.131046 -0.0140232
0.155508 0.0168066
0.131679 0.0277523
0.157378 0.0066739
0.148963 0.0222184
0.153721 -0.00413999
0.149074 0.0108249
0.164285 0.0423364
0.121781 -0.00460388
0.126205 0.0380515
0.169745 -0.0216767
0.175455 -0.00845391
0.157744 0.00265558
0.156714 0.00818623
0.139932 0.00806271
0.188087 0.00725306
0.145165 -0.0121329
0.164375 0.00722354
0.151661 0.00906702
0.139042 0.0259696
0.159061 0.0332671
0.129871 0.000639536
0.170236 0.0233384
0.15724 0.0282281
0.150435 0.00693126
0.148941 -0.0370405
0.145734 0.00346224
0.171997 0.00458853
0.138299 -0.00385979
0.125077 -0.0168647
0.165035 0.000618262
0.153496 -0.00976872
0.170171 0.00293227
0.145236 -0.0119865
0.132658 -0.0241444
0.156351 -0.00560719
0.162763 0.00801074
0.147801 -0.0107651
0.139681 0.00432696
0.141625 -0.00946667
0.130241 0.00126546
0.151624 -0.00504304
0.126726 0.0160097
0.182837 0.0138495
0.174136 0.00316879
0.141955 0.0381315
0.171842 -0.0103227
0.12135 -0.000572232
0.138654 -0.0157028
0.17794 -0.00177787
0.163246 -0.00958611
0.140826 -0.00771204
0.151031 0.00828092
0.148656 0.0030144
0.125788 0.0152781
0.142982 -0.0119128
0.136252 -0.00885834
0.143629 -0.0220064
0.117897 0.0130752
0.191796 0.025784
0.159653 0.0292012
0.144283 0.000150541
0.126604 0.020627
0.144463 -0.0103713
0.111837 -0.0111782
0.145279 -0.0122965
0.151281 -0.007213
0.147613 0.0210411
0.155995 -0.00139738
0.153519 -0.0104744
0.177363 -0.0132401
0.169854 0.0113616
0.140066 0.0201133
0.170704 -0.00333194
0.148981 0.0171717
0.131384 -0.00335457
0.186002 0.00569375
0.135663 -0.019806
0.166683 -0.0445976
0.160103 -0.0217358
0.131092 0.00751735
0.141917 -0.0131042
0.120083 -0.0133696
0.100474 -0.0137964
0.148725 0.01733
0.140509 0.00695777
0.154944 -0.0192981
0.15031 -0.0248667
0.111237 0.00324734
0.152276 0.00964382
0.135253 -0.00984866
0.140248 -0.00456438
0.162873 -0.0141568
0.177945 0.0307737
0.149012 -0.029818
0.1404 0.00449397
0.140931 -0.0189619
0.171596 0.000315695
0.139445 0.0199841
0.150486 -0.0413244
0.164885 0.0158367
0.182108 -0.0192992
0.155878 -0.000514647
0.190399 -0.000849067
0.124908 0.0302936
0.127107 -0.013292
0.165416 -0.00424478
0.148015 0.00247523
0.162014 -0.0339795
0.150154 -0.00335492
0.140627 0.00452637
0.137234 -0.0196884
0.145956 -0.040059
0.147549 0.0178562
0.0992514 0.0253757
0.17946 -0.00955406
0.145235 -0.0280148
0.172787 0.00795863
0.146118 -0.0158543
0.110055 0.0201433
0.183037 -0.0121015
0.149005 -0.00779102
0.129429 -0.0003691
0.132858 -0.00354126
0.139893 -0.0259817
0.151377 0.0205026
0.150999 0.0142071
0.1532 -0.00753556
0.142217 0.0121313
0.179241 0.00567264
0.137001 0.000899779
0.146412 0.0018108
0.135405 0.00303466
0.149174 -0.0199694
0.180012 0.00535133
0.173373 0.00631658
0.175469 -0.0259957
0.155428 0.00617305
0.133391 0.0180247
0.15252 0.0314136
0.198637 -0.00620551
0.175151 -0.00903706
0.113185 0.0126737
0.125875 -0.0339272
0.154362 -0.00823563
0.171158 0.0106588
0.140648 0.00951514
0.166916 0.000522595
0.159002 0.0429542
0.153688 0.0140632
0.170958 0.0476442
0.16629 0.00755218
0.150022 0.0177689
0.146958 -0.0410089
0.157512 -0.00348715
0.146378 -0.0124338
0.187077 0.0222343
0.151266 0.0183831
0.161128 -0.0216189
0.135435 0.00251365
0.13205 -0.0058191
0.129467 0.0284125
0.123611 0.014422
0.137328 0.0050224
0.17191 0.00495547
0.158936 -0.0252708
0.15431 -0.000277409
0.124858 0.00315923
0.127798 0.00353315
0.105959 0.0375881
0.212001 -0.0317252
0.129169 0.0347688
0.132902 0.0226335
0.132568 0.0153577
0.156862 0.0080543
0.173765 0.0224692
0.149821 0.00839919
0.143112 -0.0486164
0.139736 0.0275468
0.167109 -0.021355
0.173425 -0.00471213
0.15165 0.00139464
0.192591 -0.0122057
0.144575 -0.0103846
0.167038 -0.00119841
0.167574 -0.0102701
0.151463 0.0223865
0.148111 0.00363925
0.173085 -0.0146351
0.163806 0.00703889
0.156595 0.00487553
0.165171 0.00362073
0.178258 -0.0368426
0.16193 -0.00613595
0.1824 0.00198771
0.151532 0.00785164
0.16696 -0.0172736
0.142115 -0.00432732
0.188774 -0.0136005
0.177977 0.0273949
0.150391 0.0366849
0.15982 -0.0171108
0.144173 -0.0050704
0.141299 0.0183419
0.145284 -0.00331702
0.122097 -0.0136242
0.136326 -0.0114745
0.13794 0.0147637
0.182731 -0.0159383
0.157885 0.00581952
0.158906 0.00999245
0.167561 -0.0291188
0.159524 -0.00612974
0.159444 -0.0120986
0.116917 -0.024499
0.174486 0.0090552
0.149537 -0.0192987
0.0963666 0.0184114
0.161066 0.0141346
0.139485 0.00871579
0.185904 -0.0399787
0.160601 0.00542408
0.163967 -0.0284997
0.135386 0.00536223
0.1571 0.0212188
0.164694 -0.00832521
0.127872 0.012932
0.14997 -0.00580918
0.145365 -0.00499914
0.152314 -0.0210096
0.16784 0.00489827
0.129736 -0.0225479
0.133382 0.025484
0.13901 0.00689386
0.172257 -0.00902563
0.165042 -0.0198612
0.16439 -0.0191485
0.132653 0.00201668
0.14762 0.00373805
0.162117 -0.0305462
0.123757 -0.0464386
0.144951 0.018996
0.167482 -0.00333151
0.127914 0.000893709
0.124815 -0.00780643
0.138677 0.00178513
0.0977545 -0.0159382
0.155589 0.000142257
0.171202 -0.0126737
0.184416 0.0051186
0.131941 -0.0299501
0.140066 -0.0274306
0.174789 0.0387601
0.115499 -0.000874941
0.161368 -0.0184462
0.166009 -0.0156704
0.142621 0.00496626
0.138288 0.0244252
0.0987625 -0.0173409
0.138085 -0.0135485
0.153354 -0.00838322
0.18725 -0.0501341
0.126916 0.0167695
0.186798 -0.0179383
0.144712 -0.0197514
0.122769 0.046159
0.161115 0.0200026
0.105663 0.0148312
0.168894 -0.0407341
0.139744 0.007405
0.191735 0.0058511
0.126101 0.00235233
0.14359 -0.00417607
0.15426 0.00547445
0.133891 -0.0124867
0.138188 0.0111084
0.17027 0.0159624
0.175683 -0.00231379
0.160409 -0.0163822
0.166186 0.0145792
0.128345 -0.0242628
0.134806 -0.011795
0.156632 -0.0138925
0.121448 -0.0184383
0.13741 -0.00736316
0.15079 0.00165979
0.156161 -8.24607e-05
0.151409 0.00660532
0.16109 0.0459355
0.175381 -0.0380114
0.169079 0.0401256
0.138199 0.036068
0.157423 0.00296727
0.143916 0.00308043
0.125511 0.00202482
0.166678 -0.0263979
0.143109 0.0099704
0.181303 -0.00410116
0.14636 0.0218764
0.0998087 -0.00681168
0.131601 0.023221
0.186406 -0.0399236
0.180151 0.00855496
0.181282 -0.0112654
0.164544 0.0245806
0.223834 0.0293149
0.110126 -0.0091042
0.16546 0.0182721
0.147122 -0.00326563
0.154591 -0.000517167
0.151381 0.00610273
0.153606 -0.0158819
0.149601 0.00921404
0.165005 0.0274342
0.141202 -0.0192015
0.13832 0.00980727
0.164471 -0.0089733
0.171207 -0.0103265
0.166015 -0.0343746
0.1338 -0.0145141
0.172175 -0.0104033
0.154394 0.0251429
0.156922 -0.0312731
0.139473 0.00910297
0.191605 -0.0117686
0.172056 -0.0195788
0.160682 0.0179516
0.163641 -0.0174569
0.141277 0.0080398
0.173743 0.014954
0.167424 0.0140339
0.152127 0.0272598
0.123384 0.00214946
0.149308 0.00728563
0.149829 0.00201782
0.145109 -0.0131687
0.194624 -0.0108645
0.119598 -0.00560888
0.170578 -0.00306215
0.136616 -0.000588693
0.145343 -0.0141526
0.130602 -0.00943989
0.156013 -0.00165756
0.165439 0.0112678
0.171864 0.0135812
0.135997 -0.00561403
0.166102 -0.031189
0.170074 0.0297855
0.137614 -0.0114522
0.143738 0.00380858
0.167736 -0.0328409
0.16254 0.0241938
0.177413 -0.0179901
0.1523 0.0349744
0.149315 -0.00682164
0.141488 -0.00388637
0.177642 0.00396735
0.146689 0.0100523
0.136486 -0.00924121
0.133176 0.00299337
0.153297 -0.00102337
0.159694 -0.00864419
0.196904 -0.000750832
0.147704 0.0243133
0.154962 0.00539095
0.104475 0.00098041
0.128903 0.0327727
0.115848 0.00968843
0.142159 -0.025815
0.176413 -0.000651568
0.193076 0.0197399
0.131667 0.0215404
0.176352 0.0283662
0.0931992 0.00208846
0.159643 0.00158205
0.164901 -0.0382235
0.171962 -0.00270607
0.176896 -0.00787811
0.127049 0.00469263
0.136957 0.0177548
0.189794 0.00600988
0.15015 -0.0078541
0.118627 -0.0309278
0.123957 -0.0128842
0.144933 -0.00987016
0.153281 -0.0074295
0.146345 0.0192944
0.165623 0.00722822
0.177883 -0.0360722
0.171837 0.00538683
0.13079 -0.00948178
0.145424 0.0103648
0.182036 0.00217391
0.142709 0.00474418
0.149008 0.0276568
0.13796 0.000759543
0.160389 0.0109679
0.130851 0.0319788
0.179327 -0.00518054
0.164993 0.00507038
0.156113 -0.00807039
0.161282 -0.0293024
0.140879 0.00262964
0.140313 -0.00803736
0.175615 0.0089731
0.165206 -0.00404203
0.1342 0.0131794
0.142805 -0.00632765
0.127125 0.0175563
0.157474 0.00175099
0.15398 -0.0156348
0.188525 0.0266398
0.148552 0.00222873
0.137318 0.0103845
0.161595 0.0253174
0.117287 -0.00334019
0.133458 0.00897794
0.183014 -0.0302653
0.108027 -0.0172056
0.176634 -0.00510345
0.167329 0.0152465
0.167769 -0.0156306
0.135461 0.00714051
0.175557 0.0122413
0.143629 -0.0133879
0.160119 -0.00702871
0.154337 0.00918345
0.144046 -0.0407977
0.143484 -0.00909552
0.131869 -0.00793283
0.172577 0.0036322
0.147647 -0.0258912
0.14279 0.0188222
0.19219 0.00984152
0.171959 0.00452278
0.108509 0.0274368
0.139894 0.00139416
0.145548 0.00391365
0.130446 0.00826562
0.142044 -0.0277779
0.121461 -0.00693975
0.118655 -0.0146807
0.115829 0.00414782
0.166005 -0.0120926
0.17134 0.00860914
0.122973 0.0101754
0.175249 -0.0220895
0.143503 -0.00248698
0.155877 0.00524173
0.149993 0.00650274
0.164368 -0.0256686
0.145793 -0.029919
0.139695 -0.042318
0.162046 0.0134307
0.154795 -0.0226975
0.17667 -0.00404826
0.215152 -0.014505
0.14218 -0.0111058
0.154844 0.0112554
0.129229 -0.0142834
0.125124 -0.0149686
0.148575 -0.0213174
0.164644 0.0168735
0.138958 0.0128875
0.161521 0.0247467
0.113297 0.0178625
0.153875 0.00418426
0.148612 0.0305564
0.151334 0.0316194
0.147987 -0.0217489
0.151782 -0.00116637
0.15346 0.00388827
0.18385 -0.00315681
0.199396 0.00677866
0.146985 -0.0095596
0.145909 0.0087594
0.135801 0.014446
0.133711 0.0125366
0.1577 0.00316028
0.145956 -0.0340415
0.169957 0.0278314
0.102561 -0.0303111
0.165778 0.00731088
0.160366 -0.00443615
0.132729 0.0262407
0.134009 0.00583456
0.155745 -0.0296115
0.167102 0.00652624
0.1472 -0.000283229
0.156089 -0.0117889
0.147474 0.00370831
0.163981 -0.00894214
0.168503 -0.00682822
0.14887 0.000742905
0.135918 -0.00378608
0.148135 0.0028562
0.165843 0.0183221
0.164314 -0.00745655
0.12837 0.0168301
0.154693 -0.0103054
0.138637 -0.020316
0.157604 -0.012413
0.154373 -0.0107458
0.156242 0.0197861
0.154558 -0.0282195
0.125566 0.0220412
0.113715 0.0152818
0.130774 -0.00868417
0.130526 -0.00138019
0.125196 0.0082451
0.160001 -0.0135043
0.129901 -0.0240357
0.121332 0.00362861
0.132312 0.0133907
0.204234 0.0118169
0.169534 0.00020514
0.141667 -0.0360038
0.170261 0.0130102
0.15348 0.00334273
0.180518 0.0110512
0.164404 0.0235496
0.177474 0.0216534
0.171243 -0.0273355
0.161691 -0.00465338
0.167544 0.0111038
0.152117 0.000605565
0.162214 0.004219
0.198623 0.0386848
0.165301 -0.0200972
0.148911 0.00705945
0.132245 0.0117773
0.146386 0.0130432
0.164651 0.0120131
0.131769 -0.00619816
0.166491 0.00307162
0.138711 0.00434429
0.141112 -0.0264811
0.161826 -0.0256719
0.166347 0.00873008
0.173911 0.0218501
0.157174 -0.0448071
0.136964 -0.0118087
0.152133 0.00677213
0.177375 -0.0188033
0.171839 -0.0229387
0.161414 0.0049095
0.119274 0.0108105
0.165245 0.00712675
0.161922 0.00879332
0.157792 0.0112729
0.170183 -0.00905266
0.136018 0.0463166
0.125508 -0.0228379
0.151194 -0.0030524
0.17087 0.0369131
0.163114 -0.00609873
0.139867 -0.0100735
0.152916 0.0149245
0.141875 -0.0117783
0.177319 0.0195512
0.0952112 -0.0530454
0.162181 -0.00291052
0.131117 0.0224552
0.12677 -0.00922066
0.165281 0.00698002
0.136874 -0.00225556
0.174729 -0.0308797
0.122691 -0.0135327
0.146253 -0.00399876
0.156686 -0.002728
0.18182 0.00668794
0.141114 0.00812554
0.15594 -0.00413318
0.16746 -0.0179274
0.189216 0.000949966
0.150856 -0.0368912
0.159282 0.0244041
0.168827 -0.0196518
0.14119 -0.00935486
0.1606 0.0181828
0.152747 0.0198087
0.146985 -0.027947
0.135134 0.0303044
0.196077 0.00347145
0.159333 -0.0117773
0.168625 0.00932768
0.138826 0.0189993
0.153111 0.0170373
0.157448 0.0217143
0.150492 -0.0448231
0.167259 0.0172454
0.112403 0.00798366
0.124336 -0.00474248
0.188432 -0.0118667
0.152367 0.00821381
0.156288 -0.00507269
0.156616 -0.0246418
0.133017 0.0300881
0.163349 0.00627272
0.152519 0.007654
0.145068 0.0626486
0.123759 -0.0269096
0.149032 -0.0116115
0.146362 0.000919135
0.141721 -0.00948615
0.158783 0.0214495
0.158925 -0.0189925
0.170706 0.00561133
0.170924 -0.00881122
0.125567 -0.0105283
0.16448 0.0061975
0.135314 -0.0285408
0.142673 -0.0157364
0.165425 -0.00571817
0.123836 0.0272362
0.162716 -0.026375
0.153744 -0.0194326
0.163692 -0.00230675
0.144931 0.0243554
0.123047 -0.0251102
0.140903 0.0242383
0.120059 0.0236428
0.11788 0.0309943
0.129661 0.00746335
0.171283 0.03892
0.14926 -0.0124006
0.177697 0.00480255
0.164588 -0.00696695
0.169789 0.0194607
0.134141 0.0178758
0.177341 0.00210626
0.121025 -0.0216589
0.124597 -0.006435
0.159679 -0.0259683
0.147367 -0.0168594
0.150899 -0.0219696
0.164858 -0.00117917
0.167858 0.0243249
0.135187 0.0111614
0.162809 -0.0282353
0.172301 0.0158871
0.144551 0.00844788
0.172411 -0.0208937
0.172509 -0.0455569
0.135647 -0.0408198
0.167896 -0.0169089
0.139069 0.000164726
0.145348 0.0100459
0.171853 0.00273641
0.174873 -0.0257451
0.15364 0.00792436
0.127458 -0.00444555
0.193317 -0.0134635
0.160164 0.000866143
0.146082 -0.0156071
0.213279 0.0184808
0.14118 -0.00188236
0.139535 0.0266926
0.175054 -0.0112261
0.154571 0.0107113
0.129525 0.00328648
0.164498 -0.00881261
0.14172 0.0294409
0.142146 0.0040295
0.188795 0.0257094
0.139648 -0.026923
0.157057 -0.00561472
0.148069 -0.00560255
0.151854 0.0205877
0.163433 0.0246481
0.172755 0.0102186
0.129321 -0.0258316
0.127822 0.0203199
0.140915 0.0252783
0.161621 -0.019034
0.17754 -0.00647513
0.199441 -0.0277676
0.130275 0.00873547
0.188301 0.00307886
0.129911 -0.00957317
0.155651 -0.0113732
0.1403 0.00949899
0.121294 0.00488605
0.122634 -0.034666
0.156342 -0.00965232
0.168224 -0.00702186
0.143886 0.0293749
0.149476 -0.00347843
0.167788 -0.00038007
0.148337 0.000907222
0.154712 -0.0345727
0.151086 0.0118925
0.135018 -0.00978019
0.166656 0.000774423
0.136511 -0.0167558
0.15119 -0.0130971
0.170722 0.0125633
0.135679 0.00896487
0.155697 -0.0387481
0.168688 -0.0125523
0.128763 0.0168579
0.156987 -0.0267521
0.124312 -0.0112026
0.11365 -0.0310798
0.144539 0.000563074
0.12665 0.00663272
0.127922 -0.0305338
0.147737 -0.0182841
0.140407 -0.0170304
0.129887 -0.0052829
0.146247 -0.0112137
0.156078 -0.000275239
0.12683 -0.000987562
0.1501 -0.00980235
0.127263 0.0166422
0.16655 0.0122604
0.140523 -0.0156746
0.156654 -0.00888657
0.156701 -0.0226042
0.131953 -0.0119661
0.171709 0.016034
0.168466 0.0409154
0.218822 -0.0315147
0.165632 -0.0110667
0.135357 0.00937995
0.173944 0.0380852
0.167975 0.006753
0.145573 0.0399904
0.137849 0.00349515
0.110234 -0.0110118
0.111619 0.00449192
0.125348 0.010854
0.155079 -0.0191525
0.158345 0.000573086
0.16151 -0.0149561
0.166096 -0.0136655
0.171448 -0.00655216
0.160454 0.00523081
0.153542 0.00108927
0.171248 0.0178956
0.157878 -0.00355207
0.180493 -0.0110017
0.164007 0.0113636
0.168898 0.00098832
0.129863 0.00794421
0.15134 -0.0296503
0.14305 -0.0132414
0.154994 -0.021847
0.138426 -0.0363831
0.165425 0.000998901
0.126852 0.0078304
0.161944 -0.00523832
0.149327 -0.00248551
0.123543 -0.0262655
0.15204 -0.0397154
0.15272 -0.0189273
0.164375 0.000703077
0.160909 -0.0173927
0.17216 -0.0037944
0.160786 -0.0203425
0.144421 0.0324813
0.16543 0.0195311
0.175656 -0.0281836
0.151627 -0.0390726
0.123796 -0.0217549
0.154517 0.0488359
0.104528 0.00411211
0.150647 -0.0199427
0.154086 0.0127677
0.124969 0.0283411
0.169294 0.0479301
0.147957 0.0163444
0.176753 0.00180326
0.127111 -0.0063419
0.148245 0.0266308
0.161201 -0.00321084
0.141262 -0.033843
0.124216 0.00904615
0.154996 0.0152103
0.15641 0.0233556
0.132965 0.00128055
0.157509 0.0112618
0.157534 -0.00621537
0.127455 -0.00537133
0.16463 -0.0261628
0.163884 -0.0224463
0.159724 -0.0286415
0.159271 0.00278666
0.165893 -0.00267332
0.1581 0.0257588
0.164494 -0.00859806
0.148541 -0.00828469
0.153094 -0.0364229
0.184186 -0.00758046
0.188403 0.00211438
0.161521 0.00164979
0.131094 -0.00494271
0.162627 0.02602
0.140346 -0.0149666
0.166723 0.0158212
0.181792 -0.00564171
0.124907 0.018319
0.165574 0.0127927
0.161181 -0.00825492
0.1545 -0.0123796
0.138666 0.029412
0.15346 0.0182519
0.157733 0.0113552
0.142773 0.0167948
0.138207 -0.0222973
0.179709 0.0387829
0.179184 0.0107973
0.149759 -0.0201801
0.120046 -0.0242584
0.131976 0.0063979
0.177793 -0.0137104
0.176526 -0.0152783
0.122418 0.00323926
0.140898 0.00348733
0.171233 0.0148294
0.201683 -0.00105137
0.152233 0.0179952
0.169304 0.0159279
0.13851 -0.0251356
0.131372 0.00201021
0.16671 0.00302741
0.121465 0.0198166
0.161651 -0.00390394
0.169461 -0.0184786
0.137174 0.00826869
0.152682 -0.00353922
0.168158 -0.0374041
0.195831 -0.00197941
0.119998 0.00185521
0.175605 -0.012875
0.154804 -0.00663609
0.176901 -0.013159
0.190307 0.0373451
0.144097 0.013589
0.180278 0.016063
0.133081 0.011599
0.132707 -0.0172118
0.136732 -0.0120964
0.176413 0.00570241
0.162571 0.0104078
0.136696 0.0100851
0.133737 -0.0309936
0.151659 -0.0099562
0.0946175 0.00234561
0.140233 0.00240973
0.140814 -0.031013
0.152281 -0.0209409
0.145888 0.0168605
0.175867 -0.00850625
0.147556 -0.0156641
0.171814 -0.0366627
0.165234 -0.0119932
0.144612 -0.0141824
0.143533 -0.00692316
0.13006 -0.00533997
0.165334 0.034271
0.148708 -0.0226906
0.151266 0.0149748
0.153999 1.24866e-05
0.135724 0.0505883
0.161038 0.0312645
0.157818 0.016573
0.140666 0.00170831
0.104104 -0.0103615
0.119348 0.0407145
0.149828 0.0125349
0.13743 0.00127536
0.166452 -0.0243022
0.176695 0.0227489
0.137193 0.0166805
0.182719 0.0192533
0.148991 -0.00197548
0.153214 -0.0122221
0.132667 -0.0119094
0.13844 -0.0126099
0.134344 0.00464199
0.17495 0.00314584
0.141291 0.00389449
0.155715 -0.0234516
0.160262 0.0218009
0.131246 -0.021307
0.202262 -0.0479367
0.150327 -0.032779
0.177839 0.0098712
0.16066 -0.03947
0.126017 8.72239e-06
0.146216 -0.0126799
0.134776 0.00441509
0.164101 -0.0224777
0.138404 0.00147031
0.192134 -0.0122258
0.149179 -0.00974426
0.174383 0.00195314
0.127941 0.0114862
0.168191 -0.0218905
0.145322 0.00262814
0.183151 0.0117642
0.103909 0.0180981
0.152983 0.00348081
0.159585 0.0210772
0.219043 0.0111915
0.139535 -0.0147094
0.149888 0.0126049
0.121432 0.0137309
0.177511 0.0103255
0.168105 0.0150536
0.176148 -0.00339945
0.144261 -0.0166187
0.144261 -0.00262398
0.164295 -0.0105163
0.128326 0.0140977
0.174523 -0.0169601
0.127517 0.00887361
0.137437 0.0189976
0.151711 -0.0210805
0.168239 -0.0236091
0.128164 -0.0199482
0.132648 6.90401e-05
0.128244 0.0111448
0.107905 0.0212994
0.168003 -0.0241264
0.134668 0.00216161
0.169427 0.0073178
0.156276 0.0170423
0.148125 -0.00723151
0.172454 -0.0228401
0.135299 0.0266611
0.125321 -0.00691301
0.147451 0.00184584
0.160726 0.0117425
0.179475 -0.0379064
0.163159 -0.00355243
0.147678 0.0040528
0.113505 -0.0129974
0.153212 0.013524
0.127153 -0.0150005
0.144201 0.00990014
0.148584 0.0213759
0.149119 -0.0040904
0.165769 0.0229941
0.136647 0.0015395
0.132594 0.00215344
0.155526 0.0226834
0.122462 -0.0132085
0.164489 -0.0270604
0.129275 0.0552035
0.144386 -0.00883282
0.19574 0.0187132
0.116675 -0.0313317
0.167794 0.0255219
0.12415 0.00232167
0.175691 0.033256
0.110284 0.00875645
0.163819 0.0159295
0.172397 -0.0427972
0.125212 0.00570132
0.135701 -0.00169644
0.142871 -0.0149599
0.15617 -0.0473393
0.129852 -0.0050822
0.162392 0.012927
0.132276 0.00709809
0.138929 0.0205061
0.154105 0.0231236
0.151235 0.0232894
0.151448 0.0433355
0.147524 0.00840332
0.121465 0.00152682
0.158013 -0.0154838
0.0917936 -0.00594325
0.149471 0.0305187
0.173965 -0.0223326
0.169509 -0.0144082
0.15325 -0.00408412
0.135129 -0.0183321
0.148727 0.00944535
0.141533 -0.0110917
0.169048 0.00403041
0.131144 -0.0129898
0.153161 -0.0176035
0.0999729 0.00155504
0.171359 -0.028191
0.15592 -0.00985052
0.119408 0.0162208
0.123463 -0.0201532
0.163219 -0.0243989
0.107914 -0.0361637
0.174347 0.0250709
0.150596 -0.0355347
0.165433 -0.00312008
0.11659 -0.00412274
0.152834 -0.0252573
0.183419 -0.0174503
0.165155 -0.0109002
0.123882 -0.0147083
0.208489 0.0076318
0.152367 0.00449654
0.114111 -0.0188106
0.162635 -0.00753496
0.189273 -0.0278435
0.124027 0.0270437
0.156106 -0.0135511
0.184242 0.0151714
0.190077 0.0192071
0.149052 0.0124009
0.187961 0.00222674
0.145237 -0.0141637
0.138204 -0.00255899
0.147551 -0.00392427
0.134541 -0.0229659
0.123537 -0.0014111
0.16334 -0.0261749
0.171505 0.00607065
0.128369 0.0166662
0.135456 0.0172218
0.151483 0.0111668
0.165028 -0.000970744
0.134632 -0.025441
0.181322 0.0168605
0.160342 0.0298106
0.188118 0.00456918
0.112219 -0.00305789
0.14814 -0.00966114
0.14377 0.00100837
0.160252 0.0223989
0.144939 -0.0228346
0.148903 0.0236383
0.152283 -0.00214493
0.183202 0.0177333
0.159652 -0.0128031
0.130356 0.00622906
0.151349 -0.0107756
0.156086 -0.0179721
0.140747 -0.0158309
0.150317 0.00870313
0.153397 -0.0130803
0.150251 0.00137809
0.179354 0.0122524
0.133051 -0.0140726
0.142905 -0.00427258
0.171928 0.00225341
0.126707 0.000747836
0.112219 0.011242
0.197244 0.0474089
0.173373 -0.00134296
0.152749 0.0278667
0.162202 0.00777342
0.193798 0.0198264
0.105666 -0.0207585
0.1517 0.0227569
0.18185 -0.0143964
0.188694 -0.0250635
0.129697 0.0355403
0.148643 -0.00178646
0.136672 -0.0429025
0.15037 -0.0250501
0.127062 1.79591e-05
0.158341 -0.0102124
0.157993 -0.00197478
0.169912 0.048918
0.158832 0.0051455
0.153968 0.00175752
0.179175 -0.0175471
0.178435 -0.00485359
0.147078 0.0256495
0.199536 -0.000590396
0.144614 0.0208389
0.176997 0.0171789
0.166984 -0.0229268
0.14472 -0.012907
0.168427 0.000109166
0.127249 -0.00256247
0.13477 0.000646171
0.145481 -0.00302931
0.165355 -0.000600518
0.152332 0.00652431
0.14277 -0.00917694
0.187023 0.00813907
0.172319 0.00965488
0.148327 -0.00393662
0.171673 -0.0054348
0.177787 -0.0157129
0.14648 0.00330325
0.134065 0.0132101
0.108518 0.00505616
0.150215 -0.0180786
0.193306 0.0167342
0.0959983 0.0179332
0.183399 0.00264973
0.155022 0.0252082
0.130855 -0.00837952
0.149252 -0.00885592
0.173036 -0.012057
0.143698 0.0181575
0.1478 0.0132321
0.194213 -0.0164939
0.150896 0.034647
0.123563 0.00492508
0.154564 -0.0258868
0.141604 0.00246726
0.145063 -0.0122692
0.167546 0.00274506
0.149896 0.0321466
0.138979 0.00617987
0.171165 -0.0135239
0.152227 -0.0401276
0.166872 0.00808512
0.16306 0.0149503
0.172275 -0.00934534
0.132329 0.00244703
0.176388 -0.00228218
0.178197 -0.00672184
0.146865 0.00594114
0.177683 -0.0183189
0.17488 -0.017613
0.180897 -0.00796339
0.12952 -0.0140995
0.152628 0.000371925
0.156283 -0.0115856
0.16157 -0.0323965
0.148863 0.00797274
0.147213 -0.00831073
0.176848 0.00370067
0.133271 0.0306208
0.176051 -0.0546641
0.149175 0.0170143
0.135897 0.0423618
0.140341 0.0031278
0.146013 0.00719477
0.14814 0.0145848
0.142462 0.00589537
0.165031 0.0355038
0.134513 0.00549357
0.166306 0.0227463
0.167482 -0.0109182
0.135386 0.00955223
0.133045 0.0281675
0.128231 0.00581932
0.214976 -0.0101439
0.161226 -0.00291838
0.137781 0.00442002
0.16946 -0.0177746
0.164339 -0.0171829
0.120751 0.00665515
0.188851 -0.0204399
0.164206 0.00978797
0.158326 0.0426726
0.144002 -0.0072892
0.136329 0.0403448
0.176345 -0.0091144
0.156961 0.0209491
0.135907 0.0271748
0.139082 -0.0194308
0.168044 0.0128711
0.141509 -0.0165669
0.166061 -0.000331969
0.155473 0.00598538
0.142089 -0.0343611
0.133793 0.0196422
0.123098 -0.00697697
0.145919 -4.99962e-05
0.127683 -0.0638395
0.175845 -0.0098725
0.155781 -0.00635438
0.141428 0.0234103
0.141882 0.009014
0.162815 0.0145523
0.152463 -0.00194264
0.174807 0.0246458
0.181163 -0.024059
0.160002 0.0101225
0.127704 -0.0212132
0.194702 -0.0211542
0.203108 0.0103742
0.154394 0.00437049
0.109455 -0.00714955
0.154033 -0.00325683
0.171178 -0.00568226
0.133753 -0.0347682
0.160679 -0.0047775
0.169445 -0.0130175
0.146279 0.0109628
0.153487 0.00877789
0.151256 0.037569
0.138851 0.039616
0.140585 0.00119991
0.148601 0.0358174
0.139475 0.0276809
0.150101 0.00622804
0.155388 -0.0186165
0.153681 0.0100874
0.128295 0.0219095
0.164109 0.0026994
0.177425 0.00340815
0.150617 0.00650528
0.14444 -0.00259412
0.153461 0.00922076
0.133369 -0.00886595
0.15739 0.028931
0.1313 0.00878943
0.151228 -0.0307922
0.119005 -0.0175689
0.116648 -0.0401017
0.144595 -0.017397
0.152089 -0.0363408
0.128961 -0.0288967
0.19688 -0.0412613
0.139363 -0.0145008
0.163967 0.0044249
0.135822 0.00990049
0.206465 -0.00762645
0.162294 -0.00620104
0.184693 0.0160091
0.154935 -0.0387142
0.124012 0.00985719
0.178918 0.00220749
0.170148 0.0175453
0.122699 -0.00434386
0.129237 0.0109228
0.148112 -0.0256461
0.168858 0.0139709
0.144969 -0.00312644
0.138473 0.0303555
0.17908 -0.0391853
0.176474 -0.00878009
0.179395 0.00982206
0.15568 0.00708477
0.15466 0.0138531
0.109226 0.00430751
0.166203 -0.024162
0.145761 0.00687573
0.145858 -0.0121835
0.152602 0.00659809
0.184871 -0.000767212
0.14916 0.0141317
0.113542 -0.0389748
0.147379 -0.0116451
0.149893 -0.0429372
0.171739 0.0157658
0.140008 0.0139743
0.158643 0.0075411
0.160487 -0.0122527
0.128599 -0.0147595
0.18281 0.0138116
0.163579 0.0117222
0.157696 -0.0169744
0.155899 0.00177358
0.170302 0.00604804
0.163434 0.0117751
0.154803 0.00782063
0.126891 0.00183778
0.14519 0.00777713
0.0711872 -0.00240705
0.17904 -0.0102051
0.143066 -0.0212466
0.17863 0.0135009
0.145932 -0.0102808
0.148061 -0.021835
0.174632 -0.0331008
0.150133 -0.000797401
0.155281 -0.0115067
0.142126 -0.00229175
0.122221 0.0124917
0.156958 0.0333663
0.161802 -0.0121121
0.124275 0.00258566
0.13817 0.0345053
0.138772 -0.0237213
0.178977 0.0349085
0.114217 -0.0147082
0.128543 0.00280557
0.126024 -0.0146502
0.133608 0.00708694
0.148597 0.0230124
0.144962 -0.0106754
0.144894 0.00184101
0.158485 0.0148019
0.164843 -0.0137698
0.169827 0.0192646
0.17901 -0.00756956
0.164831 0.00500159
0.143904 0.00505399
0.162374 -0.00568771
0.190547 -0.00607115
0.141836 -0.00171374
0.131401 0.0313258
0.139527 -0.0152985
0.15009 -0.00334867
0.140889 0.00671511
0.170845 0.0327716
0.113654 0.00214312
0.133947 0.00372718
0.17314 0.0384944
0.147281 0.0271383
0.130786 -0.00138705
0.146287 0.000751118
0.209925 -0.00679851
0.154172 0.0177813
0.140331 0.0211798
0.131033 -0.0228684
0.154427 0.0195699
0.143437 0.00714786
0.190413 0.00267916
0.161299 -0.00252379
0.132583 -0.00143501
0.152001 0.0433105
0.1701 -0.00936037
0.14245 0.0168171
0.160889 0.0197028
0.16724 0.00605904
0.1596 -0.0116319
0.14395 0.00266608
0.122113 -0.0189937
0.126785 0.0257263
0.142366 0.008953
0.119377 0.0075495
0.16922 -0.0069111
0.124017 0.0043303
0.14991 0.000694792
0.151335 -0.0533854
0.150165 -0.0144866
0.192035 -0.0110369
0.155277 -0.0444206
0.100143 -0.00830775
0.154905 -0.0152044
0.177198 0.00531863
0.131002 -0.0246654
0.116758 0.0019552
0.152033 0.00852303
0.165001 -0.00965473
0.147222 -0.0196437
0.120368 -0.000939598
0.203406 -0.0138067
0.166765 0.0138996
0.12891 -0.00549904
0.139457 0.0444678
0.136629 -0.0292845
0.148769 -0.0107944
0.112372 -0.0324734
0.16632 -0.0306079
0.126837 0.0574583
0.169428 0.0202377
0.172685 -0.0171382
0.172708 0.0137704
0.13229 0.00622804
0.152588 -0.00837584
0.126674 0.00283043
0.157872 -0.00434474
0.157139 0.00750059
0.164915 -0.0114008
0.13347 0.00507368
0.185692 -0.030257
0.144131 -0.00375407
0.155335 -0.0292745
0.154378 -0.0155656
0.15055 0.00379294
0.154687 0.00921662
0.132225 0.00121788
0.149464 0.00591913
0.152916 0.0373578
0.137256 -0.0164294
0.154374 0.00593876
0.149269 -0.0256688
0.169812 0.0068743
0.157666 0.000738367
0.131684 0.0102623
0.135732 0.00376142
0.141906 0.0300271
0.140246 0.025793
0.148591 -0.0125329
0.157801 -0.0241848
0.139757 -0.00786019
0.162726 0.0270526
0.115387 0.0281458
0.156826 0.0378983
0.151262 0.0230415
0.175001 -0.0279807
0.151954 -0.0393822
0.154 -0.00670157
0.171828 -0.0100091
0.130939 -0.00952946
0.154463 -0.0112084
0.173301 0.0159588
0.156083 -0.00418359
0.177205 -0.00191891
0.179323 0.0111058
0.134349 0.0144805
0.121613 -0.00118176
0.18264 0.023704
0.158084 -0.0133673
0.157596 -0.0276661
0.149097 -0.0212598
0.160691 -0.00370007
0.170548 0.0165219
0.133142 -0.0190078
0.138496 -0.00103187
0.14917 0.0173676
0.176902 -0.0174896
0.134231 -0.00940045
0.149757 -0.00158932
0.177442 -0.0318484
0.146942 -0.0102546
0.148641 -0.00186484
0.161224 -0.020319
0.170597 -0.0266367
0.143907 0.0044603
0.153217 0.0315996
0.148536 0.00246147
0.147007 -0.00785176
0.14179 0.0143629
0.150698 -0.026804
0.156422 -0.0184781
0.164223 0.0239304
0.160979 -0.00437026
0.166266 -0.0102295
0.130254 0.0262483
0.153699 -0.0185695
0.145328 0.00822055
0.100031 -0.013105
0.136562 -0.00492769
0.106187 -0.00165548
0.18005 0.000977401
0.169652 -0.011478
0.128032 -0.00786326
0.169605 -0.000915738
0.157359 -0.00210259
0.168854 0.00720489
0.144843 -0.00210156
0.152315 -0.0101199
0.166721 0.0253981
0.187839 -0.0216068
0.167845 -0.00387475
0.137838 0.0087025
0.122476 0.0108657
0.163843 -0.0192972
0.168932 0.001034
0.136938 -0.00163487
0.160959 -0.00010218
0.124397 0.00387246
0.192595 -0.00223164
0.177585 -0.0229569
0.149257 0.00454452
0.157008 -0.000424424
0.153309 -0.0162336
0.131769 -0.0171421
0.129246 0.00245402
0.159927 -0.00271159
0.151818 0.0153819
0.177967 0.0253613
0.137325 0.0200437
0.123444 -0.00999676
0.171787 -0.00609781
0.109344 0.0073078
0.123146 0.00150664
0.122237 0.00196599
0.163062 0.026869
0.154879 0.030329
0.148346 0.01055
0.131575 0.0100009
0.156032 0.00314768
0.154945 -0.0185912
0.119496 -0.0082871
0.168625 -0.0176417
0.1777 0.00272727
0.144245 0.00220731
0.194835 -0.019401
0.125216 0.0217194
0.191609 0.0256039
0.159405 -0.00195162
0.168514 -0.00567236
0.131713 -0.0213858
0.124481 0.0134306
0.154136 0.0462095
0.150334 0.0213967
0.169328 -0.00230719
0.167735 0.0286225
0.146725 -0.0169333
0.178142 -0.00663553
0.108192 0.00451147
0.167697 -0.0183765
0.172128 0.0223304
0.130875 0.00620899
0.139928 -4.70361e-05
0.149707 -0.0109434
0.126476 0.0217799
0.155931 0.0265626
0.153062 -0.0443517
0.170528 -0.0140046
0.143932 0.00465514
0.172565 -0.00866054
0.170425 -0.00950456
0.177681 -0.00805005
0.175276 -0.0456761
0.144061 -0.0423764
0.167435 -0.00196885
0.184347 -0.0108756
0.131176 0.0108318
0.120758 -0.0378992
0.112057 0.000598486
0.127499 -0.00858729
0.137548 0.000519557
0.141584 0.0161178
0.152973 -0.00827763
0.176781 0.00802263
0.114259 -0.030661
0.156204 0.0172761
0.129789 0.0219927
0.115263 -0.023881
0.14455 -0.000773573
0.126584 -0.00421488
0.16496 0.0136924
0.119728 0.0160314
0.188377 -0.0182015
0.163058 -0.0198031
0.127566 -0.00561228
0.144732 -0.0416606
0.179233 -0.0102717
0.139261 0.00783287
0.181351 0.0174432
0.1266 -0.00998778
0.152101 0.0145937
0.185959 0.0355288
0.189985 0.00225604
0.131509 0.0224453
0.162044 -0.0159886
0.175546 0.0100976
0.13937 -0.0204677
0.130711 0.0078487
0.155692 0.00763129
0.127308 -0.025516
0.172007 -0.00900497
0.14539 -0.00420308
0.164247 -0.0171759
0.169826 -0.00680635
0.134401 0.007217
0.161982 -0.0347187
0.114762 -0.00315105
0.160599 0.00275278
0.161854 -0.0293263
0.150602 -0.0143002
0.133529 0.0107228
0.151028 -0.000198928
0.147694 -0.0191448
0.188177 -0.0244532
0.166462 -0.0147292
0.16528 0.0168649
0.119303 0.0145763
0.159518 0.00293807
0.158788 -0.00951034
0.176562 0.000990718
0.16439 0.0224939
0.171184 -0.00310663
0.163124 0.00335878
0.163151 -0.0368151
0.175048 -0.0178363
0.147462 -0.00640488
0.132067 -0.0220318
0.130736 0.0305487
0.150447 -0.0266824
0.139549 -0.0138215
0.155696 -0.00777118
0.123751 -0.00720532
0.183465 0.0119322
0.137111 0.00102289
0.144427 -0.000611299
0.147322 -0.00219737
0.133066 0.0185776
0.140396 0.00437083
0.135983 0.00909749
0.129517 0.0434263
0.159699 -0.0166958
0.142949 0.0112319
0.153838 0.0131537
0.146428 -0.00845028
0.134614 0.00955646
0.154985 -0.0262194
0.153716 0.00830599
0.188478 -0.00322272
0.173778 0.00578423
0.178273 -0.0321883
0.155682 0.0139958
0.154733 -0.000612643
0.132445 -0.00842026
0.145981 -0.00107628
0.13938 -0.000667288
0.186616 0.0194426
0.119935 -0.00616544
0.13514 -0.031403
0.141363 -0.0257393
0.137976 0.0233702
0.164719 -0.0124391
0.130378 0.0215265
0.15888 0.0137901
0.129119 -0.0179175
0.144638 -0.00300415
0.152015 0.0044973
0.191697 0.00469874
0.167516 0.0184613
0.1459 -0.0127599
0.118952 -0.0068686
0.165493 -0.00911638
0.177867 0.01823
0.145467 0.00704307
0.187934 -0.0342372
0.170093 -0.0266555
0.155269 -0.0117201
0.133249 0.0375927
0.151787 0.0254595
0.163197 0.00234142
0.152196 -0.00204875
0.157714 -0.00608859
0.16768 -0.031921
0.129222 0.0143292
0.167045 -0.0021918
0.139341 0.000723906
0.148776 -0.0111245
0.137814 -0.0121193
0.141509 0.0137065
0.136894 -0.00372124
0.1231 0.00577497
0.156682 -0.0150174
0.156722 0.0382957
0.156344 -0.00990615
0.157513 -0.00499598
0.159743 -0.0137257
0.148244 -0.00818629
0.110173 -0.0294905
0.131753 0.00103018
0.153949 0.0188469
0.150006 0.00616186
0.141257 -0.0223842
0.178839 -0.00245336
0.162198 -0.00594184
0.188003 0.0113453
0.126606 0.0019068
0.184678 -0.0141645
0.132655 0.0297434
0.147331 -0.00417363
0.158977 0.00819732
0.163047 0.0170616
0.173294 0.0138433
0.142644 -0.0142955
0.138355 -0.00497566
0.153602 -0.00576587
0.130912 -0.0186824
0.143287 -0.0143025
0.165657 -0.0260727
0.163153 -0.00440957
0.128359 0.00405239
0.103253 0.0144654
0.126717 -0.00610399
0.144654 -0.00741806
0.137641 0.0235047
0.124075 -0.0228533
0.145315 0.0360925
0.170835 -0.0361008
0.108757 0.0301773
0.135712 -0.0119683
0.126293 0.0131683
0.137678 0.00626185
0.124101 0.0101445
0.147222 0.0102183
0.135185 -0.0172034
0.151118 0.0199467
0.143601 0.0168295
0.141431 -0.00179622
0.136458 -0.0219133
0.162292 -0.0287916
0.178397 -0.0102417
0.144751 -0.0012354
0.100036 0.00582367
0.118386 -0.0273893
0.149719 0.00304672
0.122905 0.0120718
0.136709 -0.00835231
0.12764 0.028178
0.173051 0.00428414
0.167361 0.0112504
0.139721 0.00522644
0.179937 0.00896743
0.197552 -0.0326744
0.179541 -0.0129659
0.147382 -0.0194136
0.15074 -0.000854189
0.148075 -0.00800239
0.108753 -0.00545926
0.131804 0.0210091
0.147433 0.0135302
0.126252 0.0210301
0.141622 0.0238414
0.157522 -0.0313448
0.173675 -0.0278602
0.145487 0.019366
0.164601 -0.0282715
0.151993 -0.0118009
0.168232 -0.0258131
0.159371 0.0160398
0.159556 0.0418103
0.143393 0.0243971
0.178989 -0.0107562
0.152963 0.0047854
0.151595 -0.00118857
0.160453 -0.00797825
0.114524 -0.00939687
0.172114 0.0212966
0.180115 -0.0128723
0.151348 -0.00569748
0.152514 0.0068231
0.15605 -0.0136308
0.148836 0.0102405
0.17362 0.00834638
0.121229 0.0318873
0.144644 0.00130289
0.168608 0.0157638
0.139015 0.00957491
0.141327 -0.0105453
0.154245 -0.0411777
0.157544 0.00569865
0.162518 0.00377829
0.178975 0.0144982
0.148153 0.00724453
0.158766 -0.00276635
0.185692 -0.0534612
0.155604 0.0123668
0.143643 -0.0274931
0.179019 -0.00969717
0.153145 -0.028524
0.140975 0.00208566
0.145444 -0.0409963
0.156615 -0.0149438
0.157489 -0.00450675
0.117516 0.00938514
0.140285 0.000708037
0.127082 -0.0127489
0.100647 -0.00217374
0.163172 -0.00344698
0.166224 0.0145317
0.138312 0.024151
0.172562 -0.00294014
0.127863 0.0207178
0.180532 0.00441858
0.126376 0.00222345
0.114989 -0.032915
0.163038 0.0648305
0.136252 -0.0081593
0.098483 -0.00969313
0.150219 0.00669588
0.147609 0.0147382
0.144706 0.0224123
0.129521 -0.0181716
0.161585 0.0343607
0.16143 -0.00115273
0.133521 0.00371031
0.155529 -0.00735919
0.176492 -0.0187684
0.132353 -0.00560929
0.161115 0.0215553
0.124804 -0.000243454
0.163026 0.00943011
0.149858 -0.0418411
0.147428 0.0245099
0.175668 0.000324844
0.19007 0.0055342
0.187702 0.0313945
0.122014 0.00148887
0.171766 -0.00407689
0.190423 0.050545
0.186534 0.008013
0.155714 -0.0354282
0.185219 -0.0188077
0.152723 -0.0186151
0.146629 0.0320587
0.173321 -0.0062999
0.128935 0.0199896
0.135095 -0.012619
0.13917 -0.00131488
0.143841 -0.022175
0.181207 0.00884949
0.169189 0.0150118
0.161476 0.00922073
0.130496 -0.000788972
0.1813 -9.86819e-05
0.161744 0.0496199
0.158056 0.00749384
0.177206 -0.00581584
0.156913 -0.05302
0.169787 0.00855169
0.166556 -0.0104721
0.156095 -0.0285484
0.135349 0.00999315
0.150258 -0.00183754
0.133196 -0.0139021
0.146614 0.00227416
0.156845 0.00502855
0.156131 -0.0164353
0.176115 0.00314457
0.145581 -0.0213952
0.154788 -0.00796457
0.174783 -0.0058707
0.143688 -0.0464408
0.14159 0.00674274
0.145379 -0.0226154
0.165734 0.0389676
0.170449 -0.0516533
0.152357 -0.015658
0.113806 -0.00196153
0.129869 0.0033302
0.184659 -0.0100624
0.146375 0.0150838
0.138846 0.0234027
0.170486 0.0101044
0.145036 0.0131399
0.132338 -0.0204597
0.166366 -0.00145459
0.1618 -0.0309561
0.175724 0.0166351
0.131703 -0.00372025
0.12865 -0.0205784
0.154161 -0.00452867
0.167712 0.0213905
0.147713 0.0306965
0.171656 0.0266474
0.112697 -0.0242086
0.154831 0.00244196
0.160885 -0.00559771
0.159232 0.00600375
0.141138 -0.0224342
0.201703 -0.0209785
0.154135 -0.0318332
0.157614 -0.0416288
0.111894 0.0355544
0.128819 -0.00271819
0.133685 -0.00719966
0.152689 -0.00512136
0.140473 0.0189164
0.157699 -0.00677285
0.155242 0.00385691
0.160679 0.00763365
0.160523 -0.0194361
0.121066 -1.89773e-05
0.162622 -0.0181058
0.179147 -0.0140438
0.146814 0.048613
0.0883285 0.00430192
0.145872 -0.0138414
0.160037 -0.010538
0.15316 -0.0157792
0.153797 0.0263932
0.133139 -0.0363454
0.155231 -0.0222134
0.113548 0.01626
0.156694 -0.00846668
0.13467 -0.0178763
0.175894 -0.00582973
0.163829 0.00548111
0.16843 -0.00496985
0.163863 0.0111952
0.150436 0.0170677
0.143367 0.00340904
0.169154 -0.0252409
0.175447 -0.0323931
0.133075 0.0152962
0.14503 -0.00599583
0.147724 0.0474157
0.119803 -0.00263202
0.143735 0.01114
0.192762 -0.0122522
0.153998 0.0170701
0.133971 -0.0145797
0.135852 0.0111117
0.142674 0.0191108
0.11931 0.0369102
0.144572 0.005178
0.149759 -0.0176552
0.155883 -0.0113688
0.128778 0.0118486
0.160453 0.0209192
0.170614 -0.0112585
0.149337 -0.000565522
0.156859 0.0112992
0.143489 -0.00691786
0.0951578 -0.00443301
0.189799 0.0138166
0.161072 0.0237268
0.154972 -0.00804452
0.179174 -0.00122317
0.144703 -0.0257423
0.140464 -0.0121709
0.130493 0.00287486
0.148198 -0.018333
0.1469 0.00905205
0.156393 -0.0188924
0.147333 0.0166564
0.117399 0.0151569
0.139229 0.0110427
0.153735 -0.0221017
0.163195 0.0310518
0.140109 -0.0136741
0.165131 -0.000947803
0.140143 -0.00165164
0.133312 0.0310207
0.140518 0.0218134
0.141742 0.0185534
0.180262 -0.00711121
0.113289 -0.0125643
0.13259 0.00811032
0.125046 0.0414758
0.185132 -0.0193879
0.136278 -0.007336
0.168529 0.0147387
0.128942 0.019748
0.179345 0.0093871
0.165636 0.00164727
0.186779 0.0283023
0.161911 0.0212272
0.141506 0.0252416
0.135096 0.0256027
0.173872 -0.0112864
0.115692 0.00699958
0.178367 -0.0165491
0.129597 0.00478555
0.156669 -0.005393
0.147674 0.000367729
0.157372 -0.0102762
0.160012 -0.0389077
0.13264 0.00363282
0.162537 -0.0200478
0.169361 0.0160493
0.163725 -0.0352264
0.177902 -0.0163152
0.161329 0.00235465
0.14511 -0.0293123
0.154664 0.00380989
0.130553 0.0283531
0.186195 -0.0128719
0.194798 0.0130832
0.168206 -0.00932566
0.161963 0.0199153
0.134244 -0.0141334
0.14203 -0.029189
0.193749 -0.0161087
0.157049 -0.0203671
0.119641 -0.0220773
0.140367 0.0380463
0.145723 -0.0170539
0.155963 -0.0223021
0.169252 0.0166221
0.146454 0.00932402
0.108672 0.00178995
0.180917 -0.012547
0.144749 -0.000111884
0.182927 -0.0201374
0.152588 -0.0164596
0.147218 0.000131258
0.12348 0.00943783
0.167088 0.0065097
0.140481 -0.00561763
0.114303 0.0304973
0.152228 0.022968
0.100562 -0.0347211
0.141256 0.012933
0.134962 -0.00244943
0.167156 -0.00383765
0.138763 0.020463
0.141674 0.0185451
0.126506 -0.0148472
0.140203 -0.0455499
0.178513 0.000401308
0.125909 0.0269768
0.150927 0.0346529
0.153607 -0.00982409
0.147103 -0.0137021
0.139649 0.00699679
0.136785 -0.0153952
0.183613 0.0316456
0.150052 0.0253769
0.15337 0.0217275
0.160557 0.0142
0.20092 -0.00349048
0.154121 0.00262952
0.165114 -0.00431199
0.120183 0.00405696
0.136715 0.00162931
0.168781 -0.0174902
0.14593 -0.00759636
0.164593 0.00460601
0.136659 -0.0212486
0.173719 -0.0122862
0.175976 -0.0269426
0.138977 -0.0495696
0.153513 0.00576678
0.16371 -0.0217162
0.152065 0.0260412
0.126431 0.00836344
0.194501 0.0388477
0.150947 -0.0116843
0.177265 0.0216951
0.127624 0.0081842
0.137694 -0.0134709
0.131849 -0.0208065
0.133015 0.019997
0.149325 -0.00859134
0.147911 -0.036659
0.163919 0.0396653
0.142664 -0.00237778
0.126138 -0.00748305
0.160122 -0.0164833
0.174992 -0.0357679
0.144157 0.0334742
0.123105 0.0131213
0.128544 -0.0274045
0.148941 -0.0166661
0.182786 -0.0386901
0.153131 0.0381926
0.149658 -0.00664473
0.144374 0.00701067
0.134635 0.00732246
0.143512 0.0108366
0.150448 0.0294661
0.155503 0.00444049
0.161406 -0.00237169
0.15696 -0.00346306
0.137604 0.0290185
0.179706 0.00776898
0.169014 0.00247688
0.152745 -0.0289164
0.175142 0.00138097
0.119606 0.0206624
0.136668 0.00824575
0.134297 -0.034586
0.151579 0.03764
0.110933 0.0357619
0.123322 0.0214782
0.150723 0.00342867
0.130983 0.00212366
0.149016 0.00769264
0.152815 -0.0232008
0.129692 0.0118102
0.14996 -0.00871219
0.116831 0.00310602
0.162292 -0.0031277
0.142119 0.0120269
0.145557 0.0215031
0.160324 -0.00225787
0.138027 0.00420685
0.149794 -0.0127249
0.196327 0.0113554
0.119534 0.00216821
0.189981 -0.0412057
0.137475 0.00210656
0.162097 -0.0180158
0.141212 0.031219
0.170476 -0.0131174
0.17453 -0.00380565
0.127338 0.0109275
0.174744 0.00753284
0.187769 0.000230555
0.147913 0.000730301
0.167782 0.0218209
0.132897 0.0189618
0.140074 0.00435242
0.177911 0.0281738
0.137568 0.00766951
0.132884 0.021815
0.184449 0.0140495
0.134837 -0.0113347
0.182677 -0.00429762
0.156517 0.00585032
0.177843 0.00852932
0.13074 0.0163169
0.144779 -0.019701
0.144154 0.00874968
0.170478 0.0101032
0.1646 0.00770287
0.125951 0.00689889
0.172435 -0.0136506
0.146367 -0.00580801
0.186677 -0.0461025
0.150307 -0.0128485
0.140855 -0.0192771
0.168954 -0.0153063
0.158167 0.0308722
0.155878 0.0139157
0.130705 0.0285712
0.143505 0.0272242
0.132216 0.00945399
0.174123 -0.0312949
0.14131 0.0158078
0.124841 0.0230511
0.142217 0.0170641
0.123478 0.0308502
0.149516 -0.00668628
0.154558 0.0258659
0.185242 -0.00671491
0.166263 0.02072
0.135868 -0.0119238
0.138523 0.01866
0.171557 0.00772724
0.152042 -0.0205156
0.164947 0.0175014
0.135979 -0.0415412
0.147015 0.0213056
0.156692 0.00948826
0.142934 -0.00422496
0.13137 0.000771202
0.152677 0.0198499
0.163155 0.00843683
0.197638 0.0148135
0.147967 -0.00868702
0.178013 -0.00540527
0.200208 3.44902e-05
0.155318 -0.0149086
0.172538 -0.00215512
0.150825 0.00916588
0.185651 -0.0199058
0.171639 0.0295496
0.177941 0.0430306
0.152053 -0.00621106
0.14773 0.00507163
0.158019 -0.0343209
0.186439 -0.00584413
0.135442 0.0299386
0.173351 -0.00761241
0.175627 0.0155627
0.150313 0.0141283
0.163008 -0.0102273
0.159497 0.0117183
0.122913 0.0115899
0.147654 0.0243526
0.192196 0.0112013
0.139843 -0.0189444
0.136131 0.0134832
0.140895 -0.0245288
0.125149 0.0063325
0.13641 0.010731
0.158038 0.0400457
0.12733 0.0124304
0.130924 0.0166877
0.162979 0.0261436
0.160708 0.00337586
0.141837 -0.022374
0.146771 0.00415493
0.160151 -0.0220979
0.153872 -0.000724964
0.147752 -0.000654705
0.162715 -0.0393986
0.136669 -0.00407107
0.177264 -0.00010152
0.148008 -0.00935167
0.16108 0.0218447
0.142641 0.00324713
0.136886 0.0317621
0.159216 0.00308508
0.142323 0.0184828
0.158726 -0.0312307
0.195304 0.0113401
0.130266 -0.0231636
0.181349 0.00259104
0.17428 0.0145994
0.164413 0.0222113
0.138266 -0.0224466
0.198383 0.0170806
0.151067 0.00851777
0.161826 -0.00532821
0.145496 0.0038392
0.169138 0.0411616
0.1797 -0.00203393
0.186815 -0.00744581
0.138408 -0.0278209
0.163225 0.00216698
0.170001 0.0270429
0.131285 0.00811575
0.179413 0.0351993
0.136635 0.0119586
0.11789 -0.00725128
0.174361 0.0196316
0.126528 0.0188181
0.113969 -0.00258028
0.14277 0.0125466
0.155485 -0.0102352
0.153642 -0.00636027
0.194683 0.0189584
0.175556 -0.0226241
0.0985611 0.0145453
0.165465 -0.0205195
0.114734 -0.00917459
0.153845 -0.0153996
0.137482 0.0197906
0.153795 -0.000702727
0.147516 -0.0217274
0.139828 -0.012752
0.144208 0.0187712
0.154051 -0.0366858
0.114192 0.003394
0.148126 0.000313627
0.170124 -0.00923268
0.159246 -0.00635531
0.149497 0.00371522
0.129018 -0.0209412
0.147571 -0.015301
0.198542 0.0290985
0.152939 -0.0438492
0.13157 0.00543326
0.166692 -0.0223562
0.139 -0.0215509
0.191722 -0.0077689
0.154355 -0.00570226
0.168529 -0.0153286
0.139591 -0.00181576
0.159278 0.0278167
0.158673 -0.00808846
0.141239 0.0038136
0.173781 -0.00735454
0.133255 -0.00294405
0.210505 0.00149276
0.160894 0.0159817
0.108237 -0.0220411
0.160962 0.0170489
0.134795 -0.0206282
0.165482 0.00674513
0.160626 0.00525962
0.161905 -0.0112045
0.125491 -0.0119952
0.154897 -0.0291964
0.158114 0.0184094
0.147831 -0.0155383
0.137957 -0.00156854
0.139703 0.00774281
0.13652 -0.0172597
0.122144 0.0151734
0.16643 -0.000202143
0.196355 -0.0101122
0.165959 -0.0127057
0.162716 -0.0123112
0.0924074 -0.0379546
0.17641 0.0161735
0.170278 -0.0284754
0.138954 -0.0276975
0.141834 -0.00158183
0.180314 0.00269809
0.154551 -0.00461203
0.121981 0.00412241
0.175829 0.0116837
0.227137 0.0221533
0.142401 -0.0408004
0.141107 0.00315479
0.130813 0.0381411
0.134259 0.0218708
0.13837 0.0260801
0.151369 0.0206404
0.154436 -0.00906038
0.141043 0.00437009
0.121078 0.01857
0.172907 -0.00346555
0.167393 -0.0213868
0.150335 -0.0111349
0.129809 -0.00304954
0.128416 0.0421692
0.158908 -0.0123063
0.148544 -0.009314
0.119407 0.00654801
0.136772 0.0284769
0.140439 0.0159696
0.113369 0.00774755
0.120614 0.00974583
0.103304 0.00131656
0.130357 -0.0255206
0.147904 0.0359569
0.145782 0.0156246
0.158794 -0.0123551
0.15067 -0.0236982
0.180388 -0.0310567
0.193794 -0.0240637
0.147006 0.00710339
0.161626 0.0036218
0.166248 -0.0104412
0.14593 0.0308992
0.150321 0.0243438
0.151369 -0.0006133
0.127166 0.000246679
0.170405 0.00674961
0.173295 -0.0131191
0.145976 0.03024
0.128505 -0.00215517
0.138808 -0.00454089
0.127189 -0.00252822
0.134504 -0.0203908
0.15284 0.0165153
0.166433 -0.00583403
0.152861 0.0396032
0.126328 -0.0403939
0.161125 0.00897537
0.166837 0.00465562
0.132135 -0.00504326
0.157933 -0.00365498
0.144396 -0.0226612
0.174205 0.00954679
0.168602 -0.00203668
0.18783 0.0141082
0.198032 0.0456716
0.131125 0.0213216
0.148082 -0.00953926
0.149416 0.0403976
0.162933 -0.0037761
0.159102 -0.011291
0.172634 0.0215602
0.135802 0.00334169
0.161976 -0.0061927
0.17785 -0.00270753
0.127897 0.0048371
0.125606 0.00967772
0.175583 -0.0122349
0.125035 -0.0149761
0.148776 0.0407502
0.124317 -0.0125913
0.129455 0.00719225
0.166115 -0.0146743
0.172015 -0.00787434
0.126436 -0.0179201
0.148609 -0.0118995
0.16844 -0.0142386
0.137735 0.0313984
0.187758 0.0263875
0.14956 0.0193976
0.138408 0.00119203
0.151305 -0.0142592
0.147057 -0.000298333
0.149756 0.0213382
0.182337 -0.00799238
0.147272 -0.00109601
0.155789 -0.00318832
0.128119 0.000217824
0.161163 0.0247972
0.159046 -0.00158273
0.172029 0.0392918
0.175107 -0.0230274
0.173932 -0.02837
0.149896 0.0161645
0.10624 0.0246244
0.158006 0.00446378
0.169594 0.00938539
0.133357 0.00239941
0.168492 0.00274202
0.131392 0.0206366
0.149412 -0.00525754
0.155668 -0.0116675
0.168657 0.0141423
0.128495 -0.0132038
0.170423 -0.00696285
0.158955 -0.0254206
0.153019 0.0291029
0.135679 0.0062042
0.176983 -0.00203518
0.13459 -0.00915643
0.131494 -0.00166749
0.150554 -0.00752923
0.153931 -0.018882
0.144541 0.0339773
0.126906 -0.00831668
0.12943 -0.00454727
0.136844 -0.0131141
0.144672 0.0129262
0.167072 -0.00507261
0.16715 -0.0127156
0.146746 -0.004338
0.141495 0.00622269
0.15451 0.00997845
0.123882 -0.00826261
0.151599 -0.0391927
0.152673 0.00234699
0.117648 -0.0185895
0.107082 0.00262036
0.156894 0.0100476
0.168827 0.00585215
0.114368 0.0184611
0.129548 0.00695941
0.154066 -0.00993481
0.148235 -0.020904
0.158875 0.0154234
0.135996 0.00329353
0.140104 0.0121068
0.15442 -0.011913
0.12419 -0.0158882
0.132021 0.00372923
0.145461 -0.0156824
0.136836 -0.0196422
0.184685 -0.0207262
0.142129 -0.00578356
0.154701 -0.0120432
0.182464 0.00164518
0.143714 -0.0150128
0.172778 0.0179686
0.184676 -0.0169683
0.167294 0.00958308
0.118676 -0.00689286
0.14515 -0.00320156
0.182912 -0.0257026
0.183826 -0.00225086
0.121914 0.0027719
0.15395 0.00129412
0.110023 -0.00621181
0.15828 -0.0139199
0.210103 -0.00498288
0.148304 0.00127087
0.162976 0.000689145
0.171131 -0.0210004
0.147519 0.0191588
0.189403 -0.0227923
0.158399 -0.00040663
0.135933 0.022129
0.178027 0.00878172
0.147952 -0.0280605
0.152707 0.00372185
0.188276 0.00237031
0.163099 -0.0557893
0.133935 -0.00995731
0.191477 0.0184647
0.179123 -0.0198361
0.0952514 0.0112188
0.159485 -0.00582896
0.173423 0.0256172
0.161099 -0.0478345
0.154519 -0.0183073
0.177206 -0.0207513
0.140065 0.0153765
0.133405 0.0236277
0.126227 -0.00406774
0.163779 -0.0290841
0.149617 0.0112171
0.185203 -0.02555
0.141511 0.0176854
0.164358 0.00283322
0.133992 -0.0048941
0.129001 0.00762241
0.168411 -0.00785096
0.154976 0.0149951
0.165204 0.0211282
0.127543 0.0025904
0.157433 -0.010645
0.150446 0.0208267
0.159847 -0.0155329
0.168692 0.0114858
0.135762 0.00303545
0.175622 -0.00100818
0.164635 -0.00235384
0.14078 -0.014763
0.14995 -0.00401359
0.140268 -0.00923616
0.157077 -0.0048426
0.147397 -0.000973231
0.146926 -0.0159874
0.178785 -0.0283039
0.123266 0.0282564
0.148584 -0.00185984
0.147837 -0.0220528
0.11757 -0.0113556
0.143803 -0.0250333
0.14378 -0.00793201
0.173204 -0.0147119
0.14383 0.00441883
0.133731 0.0115456
0.151416 -0.0170598
0.183646 0.0181212
0.131362 -0.0253877
0.131162 -0.0600907
0.175431 0.00368131
0.150399 0.0144653
0.107865 0.0331242
0.166282 0.0143468
0.179675 -0.00956284
0.18348 -0.00430743
0.160647 0.0232314
0.148175 -0.0181868
0.160495 -0.00658844
0.154843 -0.0353017
0.169402 -0.00386654
0.133593 -0.00133831
0.152282 -0.0149997
0.118373 0.00590548
0.171125 -0.00875445
0.168056 -0.00734114
0.170179 -0.00236868
0.166387 -0.00498896
0.155334 -0.0122604
0.12604 0.0401206
0.150099 0.0147372
0.149645 0.00265042
0.141454 -0.013599
0.138579 0.000121041
0.128736 0.00766717
0.181027 0.000791371
0.151316 0.0131711
0.157219 -0.0213176
0.134656 -0.00448219
0.163152 0.00364207
0.121311 0.00073511
0.151509 0.0125039
0.147652 0.0129253
0.157703 0.00497531
0.177234 -0.00528057
0.143282 0.00600603
0.1352 -0.0112139
0.179739 0.00280527
0.158537 -0.0150587
0.149456 0.0270056
0.123 -0.00608979
0.150516 0.0336118
0.173892 -0.0148009
0.146863 -0.0137381
0.141686 0.00793401
0.124458 -0.000313898
0.158659 0.00239613
0.123633 0.0131291
0.168314 0.00321125
0.138883 0.010562
0.129372 0.0228053
0.170674 -0.019107
0.187868 0.00169564
0.118236 0.0328213
0.145848 0.00990176
0.164039 0.0193611
0.145083 -0.00366278
0.131666 0.0164018
0.137299 -0.00873227
0.206787 0.0159801
0.145784 0.0238648
0.156618 0.000118232
0.146204 0.00116414
0.156662 0.0116005
0.159567 0.0100303
0.137383 0.0189764
0.135232 0.0128503
0.173153 0.0237235
0.176643 0.012946
0.156034 0.0104375
0.110262 -0.0384425
0.148949 0.0216709
0.150477 0.00122979
0.157663 -0.014256
0.150824 -0.00908643
0.193464 0.0123705
0.159511 0.0261307
0.18538 0.0273759
0.159318 0.000790902
0.150539 0.000702362
0.155998 0.00231438
0.161137 0.0499924
0.138405 -0.00434028
0.130269 0.0398943
0.123546 0.00674716
0.163922 0.0107302
0.137435 0.00454268
0.110664 0.00288297
0.13968 -0.0159635
0.168768 -0.00761009
0.152522 -0.00265781
0.136961 0.00138305
0.165135 -0.00979248
0.164687 0.00363507
0.153515 0.0512993
0.123874 -0.0124046
0.14454 -0.0149364
0.149407 0.0075258
0.128358 0.0044737
0.154789 0.00481361
0.151576 -0.0124741
0.170672 -0.00498602
0.139161 0.0407332
0.159492 0.0128493
0.161259 -0.00332665
0.160034 -0.0296724
0.147054 0.00285905
0.161254 0.0162467
0.213469 0.0112621
0.145656 0.0193106
0.157854 0.0223685
0.153555 -0.0254856
0.172359 -0.0223243
0.130964 0.010887
0.16012 1.31599e-05
0.158842 -0.0142576
0.166573 0.0103136
0.139548 0.0288697
0.143624 -0.014831
0.159063 -0.0123503
0.131301 -0.00368775
0.15556 0.0229979
0.152856 0.00321988
0.176353 -0.0381633
0.193537 -0.00604797
0.135409 0.00536936
0.176645 -0.0123435
0.0976667 -0.00031106
0.133889 -0.0113387
0.147788 -0.0428355
0.169143 -0.00033323
0.16368 0.0355346
0.144227 0.0180615
0.138212 0.0206278
0.252504 0.0126119
0.142136 -0.00272787
0.153465 0.016772
0.161896 -0.00224664
0.136361 0.00759611
0.132859 -4.71468e-07
0.138656 -0.0100447
0.136491 0.0202666
0.0992107 -0.0183616
0.105727 0.00494327
0.161746 0.0155219
0.173638 0.0208349
0.18534 0.00477885
0.116393 -0.0100082
0.149468 0.00893057
0.139371 -0.0230321
0.145397 -0.0113924
0.166447 0.00732776
0.143777 -0.000438196
0.175867 0.0199607
0.150883 -0.0183222
0.125911 -0.00628855
0.182297 -0.000979225
0.121568 0.00811187
0.153076 -0.0140142
0.138721 -0.00707815
0.128131 0.00804579
0.14587 -0.000133059
0.139047 0.00967834
0.149599 -0.0189126
0.154764 0.000669014
0.147508 -0.0127113
0.144677 -0.0099106
0.170125 -0.0139606
0.145135 0.0509991
0.138948 -0.00722389
0.167915 0.00416073
0.146465 0.00455323
0.155294 -0.0325069
0.142062 0.0294857
0.113317 0.0321728
0.127318 -0.0278293
0.174078 0.00454771
0.1365 0.0197864
0.145873 -0.0119486
0.128929 -0.00804091
0.155155 -0.0100399
0.146227 -0.0108154
0.165501 0.00494736
0.152034 0.00226343
0.159097 0.0172451
0.175282 0.0413547
0.147739 0.00502639
0.179626 -0.00510748
0.158914 -0.017034
0.150905 -0.00567707
0.157678 0.00967314
0.12298 -0.0174509
0.200095 -0.00793561
0.191033 0.0252671
0.127265 0.0141765
0.116415 -0.00426455
0.134668 -0.00996404
0.134781 0.0077807
0.129986 0.0116352
0.120064 0.0145764
0.177372 -0.0209748
0.169079 0.0170059
0.174949 0.0179431
0.154874 0.000281952
0.146761 0.0145879
0.150469 -0.0109927
0.181952 -0.0236398
0.200761 0.0137876
0.112908 -0.0115028
0.14688 -0.0166476
0.125186 -0.0330039
0.164161 -0.016592
0.167778 0.000444249
0.149774 0.0386782
0.135736 -0.0322758
0.139373 -0.0173507
0.148613 0.0277378
0.147462 -0.00974151
0.132814 -0.00696869
0.183857 -0.0354934
0.1346 -0.0177609
0.131707 0.0115579
0.172356 0.0483576
0.127902 0.00318347
0.138924 0.0103112
0.143126 -0.015242
0.143619 0.00587239
0.14134 -0.00303783
0.143973 0.00658773
0.158965 0.075046
0.199414 -0.0106524
0.156339 -0.00621826
0.143466 0.0273488
0.145657 0.027825
0.156347 -0.0156864
0.152545 0.0103308
0.217011 0.0241999
0.149683 0.0064446
0.174175 -0.00936724
0.176787 0.0422992
0.126398 -0.00825503
0.13061 0.0509648
0.149772 -0.0135417
0.144415 0.017863
0.132274 0.0222324
0.139936 0.0389594
0.163144 -0.000785145
0.148344 -0.0257458
0.134684 -0.0294385
0.143821 -0.0088654
0.140097 -0.00421293
0.196499 -0.00442961
0.113815 0.0494478
0.140997 0.0151887
0.145415 -0.0158246
0.138405 0.00746138
0.147311 -0.00637556
0.150766 0.00746679
0.144576 -0.0192657
0.182975 -0.00358547
0.145699 -0.00353452
0.159887 -0.00831337
0.150329 -0.0264
0.186192 0.0177308
0.165134 -0.0167797
0.202367 0.00330362
0.125878 0.0228535
0.162703 0.00436712
0.143344 -0.0105233
0.103297 -0.0159054
0.174761 0.00817094
0.17445 0.0360287
0.166164 -0.00202841
0.18212 0.00444246
0.160385 -0.0292963
0.137828 0.0206297
0.191593 -0.0294989
0.156764 0.0328659
0.130496 0.0135009
0.191712 0.0101404
0.168293 0.0329011
0.134496 -0.00783891
0.158216 0.0397689
0.125097 0.00183746
0.185813 -0.0324967
0.152667 0.0207837
0.131802 -0.0177382
0.143603 -0.00860205
0.177578 -0.0116399
0.154839 -0.00940034
0.173168 0.0240034
0.128495 -0.0198515
0.0999109 0.0117008
0.159007 -0.0184938
0.144053 0.0152799
0.138473 -0.0132795
0.19067 -0.0106217
0.143529 -0.0295622
0.130135 0.00708779
0.161201 -0.0158166
0.167446 -0.0188857
0.138835 -0.00465678
0.129748 -0.00234721
0.187218 -0.0164696
0.156166 -0.0304901
0.15269 0.0174972
0.127056 0.0133747
0.149605 -0.0110024
0.130417 0.0184552
0.148111 0.0265221
0.160685 0.0247798
0.145709 -0.0166204
0.161708 0.0250606
0.128028 0.0581999
0.139606 -0.0311332
0.152674 -7.75618e-05
0.158398 0.0169998
0.135415 -0.00977151
0.206273 -0.0118732
0.159636 0.0260092
0.144124 0.00937954
0.164448 -0.00277755
0.182519 -0.0192608
0.116101 0.0223714
0.178172 -0.0364215
0.177276 0.0125332
0.185051 -0.00401945
0.130695 0.018552
0.123742 0.00981067
0.141321 -0.00759913
0.128536 0.0211268
0.144583 -0.00271788
0.131759 0.00689549
0.178126 -0.00551753
0.131058 0.0160854
0.168363 0.00991563
0.134998 -0.0107574
0.15043 -0.0186125
0.156107 0.0190481
0.18971 -0.0140993
0.144527 0.005187
0.162594 -0.0163288
0.157826 -0.025724
0.148099 -0.0076859
0.119927 -0.00734289
0.142996 -0.0325952
0.141855 -0.0156333
0.163354 0.012534
0.154981 0.00451079
0.167753 -0.00203821
0.142709 0.000549376
0.161101 0.00490414
0.148157 0.00785696
0.148823 0.000906314
0.170128 -0.00429868
0.183099 -0.00129003
0.14869 -0.0144202
0.171607 0.0709755
0.156622 -0.00622759
0.147693 -0.00328739
0.129555 -0.0132438
0.140025 0.0147798
0.175218 -0.00699481
0.133839 0.0315921
0.163549 0.0199863
0.159532 0.00994689
0.187787 -0.0380789
0.131613 0.0238842
0.164243 -0.00938278
0.179603 -0.025179
0.142484 0.00327264
0.132931 0.0318509
0.161288 -0.0184464
0.161646 -0.0357906
0.140614 -0.0191952
0.136447 0.0190209
0.141507 0.0183338
0.179935 -0.00242771
0.122352 -0.0165412
0.138102 -0.01401
0.141133 -0.0122392
0.139348 0.00120618
0.156108 -0.0297857
0.130347 0.0102005
0.176702 0.00630615
0.163648 0.00977491
0.128488 0.0213886
0.199419 -0.00815254
0.119646 -0.0183356
0.1439 -0.0109573
0.17649 -0.023378
0.162074 0.00110515
0.150819 -0.00824411
0.186711 0.0165607
0.164833 -0.00109217
0.130737 0.008563
0.152767 -0.0344585
0.212614 -0.0211055
0.164839 -0.00870229
0.180364 -0.00908712
0.145431 -0.00475377
0.117505 0.00721093
0.164846 0.0255928
0.183003 0.0134476
0.168695 -0.0226911
0.145638 0.0128832
0.118775 -0.0392851
0.140435 -0.0254734
0.133307 0.0184966
0.155324 -0.0159225
0.190001 -0.0401019
0.169605 -0.00694918
0.181596 -0.00236463
0.18648 0.0242476
0.140169 0.0249057
0.180058 0.00548061
0.155379 -0.0201044
0.155436 -0.0129679
0.117674 0.00931557
0.126255 -0.0214361
0.134178 0.0162969
0.131446 0.00202501
0.185118 0.0382794
0.155027 -0.0352561
0.13985 -0.00191776
0.179018 0.00668043
0.140932 0.0357775
0.161563 0.00798588
0.149341 -0.0271545
0.161668 -0.00986023
0.108876 -0.00768997
0.131835 -0.0208742
0.159343 -0.0173119
0.154477 0.00422846
0.146065 -0.0247576
0.126961 0.0468401
0.125597 -0.000213575
0.141428 -0.0359795
0.187414 0.000527961
0.171462 -0.0104083
0.163316 0.0073443
0.121457 -0.0109467
0.180424 0.00578063
0.164779 -0.00962179
0.146071 -0.0133206
0.142708 0.0236897
0.178832 -0.0193181
0.165016 0.0259664
0.158517 0.00367659
0.161502 0.0247364
0.160891 -0.00911681
0.133781 0.0160261
0.149726 -0.0083772
0.189863 -0.00674324
0.148711 -0.0242827
0.17866 0.014942
0.144389 0.0195623
0.147201 -0.0390695
0.131168 -0.0175864
0.163457 0.00324734
0.134795 -0.0178412
0.175047 0.0188151
0.125801 -0.0234471
0.164888 -0.00739682
0.161591 -0.0025624
0.187206 0.0347971
0.186949 -0.0183513
0.134211 0.0336034
0.145672 0.0124353
0.164794 0.0317508
0.188257 0.0160354
0.158098 -0.00420399
0.167548 -0.0128739
0.169515 -0.020153
0.165486 0.0415561
0.13536 -0.00929753
0.127141 0.0110335
0.135165 0.0138995
0.130534 -0.00883552
0.162929 -0.00862134
0.165703 0.0103178
0.190226 -0.031008
0.199148 0.021637
0.164617 0.0235263
0.142682 0.0227591
0.124603 0.0374997
0.129661 0.0270339
0.158946 0.0230023
0.111115 -0.0425443
0.132649 0.0331767
0.155483 0.00107771
0.122379 0.00664889
0.171457 0.0054174
0.12377 -0.0106341
0.133989 0.022164
0.141832 -0.000408212
0.133041 -0.0012165
0.117963 0.000552694
0.0981517 -0.00476456
0.147119 -0.00848951
0.180539 -0.00178461
0.113478 -0.0267719
0.145986 -0.0020608
0.158227 0.00286898
0.123337 0.0433803
0.130086 0.025401
0.119135 0.00486282
0.116023 -0.00678282
0.100032 0.0435725
0.149763 0.0187536
0.150578 -0.0130119
0.146571 -0.0163361
0.136334 0.0119989
0.175047 -0.000616296
0.137686 -0.0114584
0.162546 0.00455258
0.14858 0.00905497
0.167496 -0.0286976
0.189788 -0.00734696
0.156395 0.0100811
0.141095 -0.00572999
0.148626 0.0257389
0.164559 -0.0224687
0.143491 0.0270001
0.16267 0.00524817
0.140313 -0.0364324
0.145044 -0.0316303
0.140192 0.0388757
0.154658 -0.00994813
0.168144 -0.00884181
0.148751 0.0162531
0.170392 0.0238047
0.167504 -0.0251154
0.171269 0.00645745
0.175414 -0.00801524
0.161144 -0.0273213
0.146464 -0.00360187
0.133064 0.00129658
0.141578 -0.00533319
0.168723 0.040578
0.140759 -0.0108044
0.156281 -0.00583487
0.14011 -0.0207347
0.140715 0.000573839
0.2026 -0.0536451
0.161576 0.00328513
0.142794 0.00403211
0.140366 0.00268738
0.163496 0.00202515
0.166298 -0.00865541
0.128558 -0.0387166
0.162408 0.00041546
0.155458 -0.00020422
0.136912 0.000789139
0.174163 0.0124297
0.162123 0.00503079
0.176696 0.000445048
0.153251 0.00361278
0.130146 0.0181115
0.14144 -0.0256669
0.138395 0.0143338
0.122927 -0.00307028
0.132744 0.00525583
0.13869 -0.00607855
0.153878 0.00409144
0.168474 -0.0355159
0.136561 0.0308839
0.170638 0.00460982
0.139521 -0.0168799
0.107468 -0.0383643
0.158539 -0.00175536
0.161216 -0.0150218
0.159854 0.0135577
0.15047 -0.000280539
0.178497 0.00815709
0.136554 -0.0376232
0.151929 -0.00705866
0.124923 -0.00446182
0.144664 -0.00416295
0.157475 -0.0120198
0.170007 -0.00776264
0.190913 -0.00155571
0.14418 0.0226699
0.132303 0.00791865
0.184444 0.0167357
0.139596 -0.00579266
0.145245 0.00325368
0.124063 -0.0107897
0.19342 -0.0144374
0.15034 0.0031689
0.0884602 0.00979187
0.161758 0.014712
0.125641 -0.00803044
0.133506 -0.0226958
0.163641 0.03426
0.141587 0.0110723
0.122173 0.0298115
0.160125 0.0274267
0.144656 -0.0157508
0.144168 0.0105092
0.142596 -0.0124764
0.140573 0.00692412
0.171151 -0.00123211
0.118967 0.00992445
0.113345 0.00183682
0.160512 0.00823869
0.158144 0.0356868
0.151726 0.0207558
0.131668 -0.0164967
0.120759 0.00710904
0.135371 0.00226892
0.161854 0.0010888
0.116441 -0.00175076
0.171383 -0.00696276
0.188872 0.0114394
0.180646 0.0179949
0.128737 0.0114819
0.117351 0.0010024
0.169725 -0.0239149
0.165025 -0.0166174
0.136251 -0.00666874
0.153296 -0.00160396
0.154305 -0.0107235
0.150131 0.0545091
0.129541 -0.0249288
0.122647 -0.0044524
0.126068 0.00628226
0.168223 -0.0099267
0.172061 0.0113382
0.144316 -0.0175375
0.152531 -0.0113786
0.11747 0.0349955
0.156209 -0.00822175
0.152784 -0.00445738
0.106885 0.00288274
0.108528 0.0237858
0.147466 0.0166721
0.150345 0.0187246
0.149719 -0.0171613
0.150132 0.00528922
0.156675 -0.00319496
0.125306 0.0325653
0.130786 -0.00221725
0.127776 0.00236292
0.151769 0.00248579
0.200267 -0.00568702
0.137217 -0.0141167
0.138237 0.0128883
0.160514 -0.003865
0.133969 0.0187634
0.182212 -0.013834
0.130731 -0.0287637
0.16521 -0.0362908
0.147374 -0.00903003
0.158043 0.0136135
0.154068 0.0205746
0.182996 -0.0176645
0.147238 0.0268931
0.156983 0.000467329
0.163239 0.0147355
0.140083 0.0270072
0.173805 0.0554083
0.128985 -0.0693516
0.150659 0.0200134
0.169072 0.0194087
0.132006 -0.00127891
0.128882 0.00629916
0.190273 0.00402517
0.139265 -0.0171557
0.151677 0.00824617
0.145299 0.0116534
0.17464 0.000183055
0.210673 -0.0226513
0.162034 -0.0111072
0.150018 0.00556698
0.173523 0.00155385
0.148743 -0.0156181
0.171621 -0.00141118
0.173508 -0.00440414
0.166749 -0.00858527
0.185417 0.011014
0.147824 0.00913436
0.140104 0.00654285
0.153636 -0.0102809
0.158851 -0.00519465
0.140185 0.0230027
0.14606 0.0106298
0.146043 -0.0170216
0.150717 0.0175229
0.174064 0.00136296
0.149968 -0.00326705
0.114237 0.0107586
0.142066 0.0258882
0.167552 0.0143484
0.179126 -0.00503671
0.153189 0.00413789
0.146616 0.0288572
0.146782 -0.00226839
0.182936 -0.0105945
0.169978 0.0178367
0.150222 -0.0164825
0.139576 0.0349885
0.156459 -0.0223431
0.114329 0.0316925
0.185567 -0.00835231
0.163372 -0.0345172
0.122686 -0.013386
0.146616 -0.0229179
0.147108 0.0246298
0.168809 0.00108294
0.137114 -0.0135977
0.130846 0.0158847
0.153944 0.00592197
0.141718 -0.00342148
0.17198 0.0228429
0.143238 0.0241354
0.113553 -0.0126056
0.178522 0.000634519
0.163756 0.0035981
0.174808 -0.0430164
0.168543 0.0154573
0.133809 -0.00286506
0.224132 -0.00372567
