1274
1322
1294
1296
1358
1318
1328
1328
1262
1224
1270
1308
1366
1356
1346
1294
1308
1330
1330
1286
1348
1334
1338
1362
1320
1310
1366
1354
1250
1304
1234
1176
1264
1312
1294
1250
1248
1296
1324
1218
1272
1270
1262
1246
1282
1274
1336
1296
1322
1290
1250
1244
1326
1380
1326
1292
1340
1306
1372
1330
1316
1318
1354
1272
1262
1270
1282
1244
1270
1260
1324
1310
1382
1356
1330
1314
1352
1410
1318
1266
1284
1342
1338
1314
1280
1332
1294
1336
1288
1260
1256
1246
1272
1286
1364
1352
1328
1318
1302
1278
1276
1296
1336
1352
1276
1258
1248
1296
1332
1256
1288
1194
1208
1208
1296
1194
1264
1284
1304
1274
1318
1304
1358
1370
1330
1316
1250
1300
1308
1286
1364
1340
1282
1282
1204
1186
1186
1138
1112
1096
1120
1078
1006
1078
1070
1160
1102
1100
1050
1126
1112
1018
990
1022
1000
916
956
982
940
988
936
992
1024
1010
1052
1070
1046
1078
1076
1050
1074
1122
1080
1138
1056
1126
1140
1140
1190
1160
1210
1266
1238
1126
1258
1268
1322
1368
1340
1316
1306
1272
1340
1316
1266
1296
1248
1368
1300
1318
1314
1276
1222
1230
1236
1300
1248
1312
1256
1328
1272
1324
1340
1316
1322
1330
1206
1262
1390
1356
1298
1330
1286
1324
1384
1282
1266
1316
1274
1332
1320
1346
1254
1312
1338
1274
1338
1272
1314
1258
1310
1272
1158
1196
1190
1110
1080
1210
1208
1192
1230
1264
1328
1318
1308
1370
1368
1344
1304
1224
1310
1284
1178
1262
1308
1278
1246
1280
1318
1362
1328
1320
1314
1318
1258
1222
1246
1306
1364
1304
1276
1376
1346
1298
1340
1324
1314
1314
1272
1328
1306
1334
1300
1296
1334
1248
1290
1286
1340
1302
1328
1238
1354
1360
1266
1310
1374
1360
1334
1310
1312
1358
1316
1292
1326
1400
1292
1308
1286
1274
1270
1302
1238
1302
1342
1278
1346
1296
1272
1276
1258
1262
1260
1264
1272
1294
1350
1382
1324
1246
1274
1334
1370
1274
1326
1338
1340
1262
1294
1316
1206
1192
1316
1312
1366
1296
1228
1262
1248
1250
1246
1266
1338
1326
1286
1266
1342
1298
1312
1254
1292
1358
1352
1352
1302
1274
1288
1324
1344
1348
1372
1330
1354
1300
1320
1302
1324
1318
1356
1270
1356
1374
1360
1334
1278
1338
1262
1254
1302
1308
1280
1282
1364
1332
1342
1354
1330
1354
1274
1270
1314
1310
1342
1300
1304
1280
1288
1298
1316
1294
1276
1240
1264
1234
1212
1276
1342
1344
1340
1308
1280
1314
1330
1376
1286
1302
1336
1284
1216
1252
1292
1302
1344
1276
1336
1294
1316
1318
1308
1366
1394
1330
1310
1308
1252
1298
1320
1308
1380
1328
1282
1338
1216
1242
1334
1338
1346
1302
1326
1274
1302
1302
1296
1308
1294
1312
1366
1330
1328
1296
1298
1280
1322
1316
1312
1342
1334
1314
1366
1336
1330
1334
1316
1318
1262
1308
1332
1354
1332
1386
1378
1378
1296
1312
1342
1256
1280
1364
1340
1338
1286
1310
1342
1272
1314
1314
1288
1244
1262
1296
1346
1336
1304
1264
1326
1290
1252
1256
1268
1278
1332
1370
1406
1322
1242
1312
1258
1286
1262
1260
1326
1318
1366
1324
1302
1258
1214
1256
1336
1302
1318
1306
1316
1314
1364
1262
1276
1292
1314
1234
1250
1354
1332
1300
1270
1296
1262
1236
1292
1224
1278
1316
1370
1280
1302
1226
1210
1220
1230
1208
1288
1316
1308
1290
1356
1350
1308
1350
1282
1286
1368
1342
1308
1288
1272
1280
1358
1358
1362
1318
1282
1244
1300
1328
1338
1322
1296
1274
1274
1230
1346
1352
1312
1324
1328
1294
1290
1282
1266
1272
1258
1224
1216
1270
1332
1320
1260
1272
1316
1348
1248
1312
1338
1256
1294
1260
1304
1370
1330
1260
1248
1346
1292
1320
1342
1372
1342
1330
1236
1308
1300
1292
1304
1316
1320
1308
1294
1302
1304
1334
1274
1274
1252
1248
1268
1296
1292
1302
1354
1336
1362
1304
1324
1340
1330
1370
1342
1286
1374
1366
1368
1358
1372
1304
1350
1262
1290
1318
1270
1328
1366
1362
1358
1360
1284
1340
1298
1298
1320
1388
1302
1336
1302
1298
1358
1386
1340
1344
1318
1300
1336
1346
1334
1396
1330
1312
1340
1302
1338
1278
1298
1318
1302
1264
1324
1340
1292
1246
1242
1318
1334
1374
1256
1340
1290
1328
1280
1278
1314
1324
1374
1338
1314
1290
1298
1280
1268
1216
1280
1278
1250
1304
1292
1270
1342
1304
1334
1370
1338
1306
1280
1328
1292
1286
1258
1224
1140
1206
1352
1274
1284
1256
1266
1304
1340
1310
1306
1274
1308
1288
1260
1352
1314
1382
1334
1310
1260
1330
1338
1276
1274
1256
1290
1318
1272
1276
1322
1310
1210
1310
1242
1280
1252
1274
1222
1274
1260
1262
1232
1250
1360
1322
1348
1262
1202
1246
1290
1306
1330
1288
1274
1348
1326
1274
1204
1268
1242
1228
1236
1248
1228
1288
1352
1338
1314
1350
1338
1276
1296
1318
1326
1364
1258
1278
1158
1286
1296
1288
1266
1268
1292
1244
1296
1314
1286
1362
1326
1294
1362
1310
1260
1272
1272
1280
1254
1330
1342
1306
1238
1196
1226
1292
1278
1286
1294
1282
1308
1346
1338
1368
1340
1314
1332
1320
1338
1330
1324
1338
1342
1330
1344
1276
1290
1350
1270
1292
1322
1278
1316
1328
1294
1304
1244
1334
1304
1334
1378
1326
1300
1284
1352
1372
1306
1298
1336
1292
1214
1284
1304
1314
1362
1312
1250
1294
1304
1302
1302
1292
1326
1314
1302
1184
1250
1212
1152
1194
1162
1172
1204
1254
1250
1320
1378
1342
1244
1190
1158
1076
1148
1234
1250
1260
1184
1260
1356
1280
1350
1332
1280
1294
1234
1280
1268
1266
1224
1320
1376
1360
1296
1306
1278
1352
1352
1260
1198
1272
1334
1314
1328
1282
1276
1294
1294
1304
1296
1306
1312
1294
1292
1382
1352
1314
1272
1264
1310
1376
1342
1336
1320
1384
1338
1352
1288
1372
1354
1312
1306
1306
1248
1300
1334
1352
1328
1294
1268
1282
1204
1234
1200
1246
1220
1226
1182
1198
1208
1300
1268
1280
1360
1334
1330
1342
1310
1292
1316
1282
1286
1332
1304
1338
1328
1362
1288
1280
1276
1320
1286
1264
1312
1314
1334
1322
1320
1310
1362
1292
1302
1274
1280
1360
1314
1350
1300
1344
1294
1266
1288
1276
1362
1312
1264
1288
1264
1268
1292
1270
1320
1334
1346
1298
1298
1364
1330
1346
1262
1290
1348
1300
1350
1344
1310
1334
1296
1366
1316
1368
1342
1286
1340
1326
1296
1308
1274
1336
1332
1276
1298
1336
1340
1360
1312
1258
1314
1264
1286
1256
1356
1370
1244
1304
1342
1322
1384
1362
1260
1286
1314
1328
1302
1314
1296
1316
1330
1330
1276
1266
1234
1268
1272
1282
1306
1282
1274
1288
1304
1288
1280
1304
1368
1242
1280
1236
1318
1244
1206
1250
1294
1206
1186
1172
1210
1190
1208
1258
1226
1234
1192
1162
1206
1250
1252
1222
1200
1236
1314
1240
1324
1310
1286
1216
1288
1346
1320
1282
1336
1354
1338
1308
1270
1334
1252
1228
1310
1314
1278
1334
1268
1284
1328
1296
1332
1352
1260
1272
1336
1284
1256
1190
1200
1170
1202
1256
1220
1286
1276
1286
1278
1296
1310
1310
1332
1322
1330
1404
1392
1332
1298
1282
1234
1308
1344
1252
1124
1184
1260
1264
1268
1308
1164
1188
1258
1320
1336
1330
1340
1268
1268
1278
1282
1328
1356
1328
1392
1334
1320
1360
1268
1280
1348
1264
1304
1278
1280
1320
1324
1308
1274
1262
1294
1364
1328
1288
1332
1292
1300
1282
1244
1312
1332
1232
1292
1320
1362
1344
1294
1258
1308
1318
1324
1252
1352
1344
1324
1350
1324
1362
1326
1320
1316
1324
1256
1262
1268
1270
1278
1244
1228
1240
1250
1270
1280
1332
1348
1380
1396
1286
1300
1290
1326
1282
1308
1372
1370
1328
1290
1318
1308
1320
1330
1296
1300
1282
1304
1270
1360
1396
1350
1326
1340
1348
1326
1360
1334
1276
1248
1290
1292
1320
1254
1310
1306
1328
1300
1330
1326
1328
1294
1274
1284
1260
1266
1266
1236
1294
1246
1348
1328
1326
1290
1296
1282
1286
1324
1330
1286
1336
1304
1372
1348
1310
1278
1306
1290
1320
1288
1300
1340
1308
1272
1298
1300
1342
1316
1292
1288
1262
1274
1262
1318
1336
1316
1346
1262
1332
1270
1272
1276
1346
1376
1368
1244
1344
1280
1282
1314
1256
1270
1252
1346
1326
1330
1296
1310
1320
1300
1342
1354
1370
1304
1314
1356
1272
1256
1262
1302
1256
1300
1368
1394
1312
1372
1336
1244
1292
1342
1310
1230
1338
1284
1304
1314
1318
1326
1346
1294
1288
1272
1294
1326
1318
1340
1286
1300
1350
1340
1314
1328
1324
1374
1272
1360
1324
1296
1320
1328
1302
1288
1286
1314
1268
1288
1288
1276
1292
1238
1262
1238
1280
1226
1236
1256
1316
1284
1274
1298
1298
1304
1314
1344
1340
1310
1244
1292
1232
1234
1310
1340
1208
1244
1168
1202
1278
1326
1304
1286
1278
1288
1242
1236
1256
1260
1240
1234
1220
1222
1238
1288
1276
1282
1356
1306
1266
1242
1264
1274
1342
1338
1362
1324
1302
1322
1306
1282
1278
1338
1342
1300
1316
1270
1266
1236
1270
1248
1304
1300
1354
1374
1316
1264
1330
1370
1330
1356
1400
1308
1336
1342
1312
1364
1290
1290
1370
1372
1342
1326
1352
1400
1296
1316
1300
1342
1320
1370
1232
1300
1316
1300
1284
1256
1246
1330
1280
1326
1236
1182
1272
1298
1284
1388
1312
1326
1312
1322
1270
1278
1212
1288
1318
1358
1256
1312
1270
1306
1328
1310
1322
1290
1316
1300
1262
1316
1284
1272
1246
1252
1308
1330
1370
1372
1362
1278
1294
1372
1346
1270
1244
1338
1274
1292
1266
1280
1312
1396
1320
1348
1330
1280
1306
1342
1350
1318
1326
1282
1312
1306
1370
1330
1282
1246
1358
1318
1320
1390
1308
1356
1324
1328
1278
1318
1368
1328
1228
1230
1300
1312
1268
1256
1288
1304
1294
1328
1276
1344
1286
1332
1336
1266
1228
1262
1264
1264
1236
1234
1304
1294
1216
1270
1354
1302
1348
1340
1330
1384
1356
1332
1256
1292
1344
1314
1352
1310
1338
1308
1330
1280
1288
1320
1362
1332
1374
1328
1300
1314
1354
1304
1298
1288
1206
1290
1252
1324
1308
1270
1286
1352
1310
1318
1322
1358
1346
1342
1272
1274
1346
1278
1288
1322
1306
1290
1292
1256
1254
1234
1258
1362
1290
1270
1260
1348
1360
1342
1348
1310
1272
1318
1380
1336
1326
1364
1324
1336
1360
1308
1330
1222
1306
1248
1306
1310
1314
1364
1332
1342
1376
1398
1326
1270
1324
1226
1242
1260
1318
1310
1392
1346
1356
1294
1312
1260
1318
1336
1314
1300
1256
1328
1362
1318
1346
1338
1342
1380
1364
1320
1322
1308
1376
1322
1258
1276
1284
1324
1334
1334
1270
1290
1278
1388
1276
1346
1240
1262
1358
1376
1316
1354
1380
1368
1328
1262
1282
1306
1304
1260
1224
1316
1330
1334
1304
1256
1268
1342
1332
1302
1296
1280
1352
1350
1336
1370
1314
1306
1280
1238
1308
1334
1286
1268
1306
1292
1240
1248
1250
1276
1264
1362
1356
1280
1278
1324
1210
1214
1158
1218
1290
1260
1298
1258
1330
1302
1322
1272
1326
1386
1280
1284
1340
1394
1364
1344
1398
1354
1360
1344
1262
1252
1344
1320
1298
1306
1290
1354
1332
1326
1296
1366
1276
1310
1318
1332
1332
1318
1354
1320
1240
1288
1328
1396
1300
1392
1336
1318
1296
1336
1270
1312
1348
1372
1366
1324
1306
1272
1270
1300
1330
1356
1354
1358
1318
1332
1338
1244
1300
1320
1280
1290
1354
1304
1400
1316
1338
1288
1330
1352
1344
1386
1398
1360
1362
1298
1314
1372
1314
1282
1308
1358
1310
1294
1264
1320
1316
1308
1332
1326
1328
1354
1302
1344
1374
1332
1296
1276
1310
1344
1366
1366
1366
1304
1308
1296
1304
1346
1308
1312
1304
1306
1308
1240
1282
1270
1338
1312
1316
1304
1278
1254
1252
1290
1260
1320
1292
1312
1294
1384
1264
1280
1330
1292
1338
1320
1292
1316
1320
1332
1234
1318
1320
1328
1368
1300
1346
1350
1324
1368
1320
1256
1282
1350
1346
1322
1352
1354
1326
1306
1306
1262
1262
1288
1298
1258
1254
1234
1252
1232
1232
1280
1258
1302
1284
1314
1320
1306
1338
1338
1296
1350
1378
1362
1360
1314
1278
1298
1338
1350
1308
1312
1320
1330
1304
1272
1364
1306
1302
1384
1392
1368
1302
1374
1296
1198
1286
1294
1350
1314
1302
1298
1362
1342
1306
1284
1328
1298
1316
1340
1324
1310
1264
1276
1324
1318
1308
1330
1298
1352
1346
1364
1344
1276
1304
1320
1324
1324
1324
1296
1258
1300
1316
1302
1264
1278
1324
1304
1314
1320
1270
1282
1328
1292
1272
1276
1258
1232
1214
1210
1192
1172
1214
1228
1188
1210
1236
1286
1240
1208
1282
1290
1190
1222
1242
1200
1212
1190
1308
1260
1334
1304
1322
1330
1306
1306
1224
1304
1320
1284
1310
1286
1282
1276
1252
1270
1216
1338
1310
1312
1324
1334
1374
1390
1318
1258
1344
1240
1244
1262
1166
1238
1304
1272
1294
1342
1236
1302
1240
1254
1302
1260
1274
1264
1302
1316
1276
1286
1286
1228
1242
1308
1308
1250
1294
1348
1342
1308
1274
1332
1262
1308
1344
1348
1352
1358
1310
1310
1298
1350
1298
1322
1264
1252
1232
1240
1248
1304
1280
1312
1358
1356
1302
1338
1304
1290
1304
1364
1354
1310
1332
1304
1386
1374
1294
1278
1262
1266
1240
1228
1212
1228
1230
1286
1280
1292
1284
1334
1334
1314
1304
1244
1338
1330
1260
1288
1230
1220
1198
1256
1198
1302
1226
1212
1218
1262
1308
1334
1320
1324
1358
1368
1392
1338
1376
1302
1258
1282
1354
1310
1302
1308
1310
1264
1352
1334
1318
1342
1294
1290
1278
1292
1262
1260
1250
1322
1322
1332
1282
1252
1300
1298
1362
1262
1302
1312
1330
1274
1302
1266
1260
1246
1358
1296
1296
1272
1300
1314
1312
1298
1342
1312
1350
1338
1298
1280
1254
1284
1308
1320
1278
1306
1212
1180
1220
1220
1284
1284
1264
1246
1214
1160
1158
1192
1182
1124
1100
1172
1132
1164
1200
1204
1350
1302
1320
1300
1314
1310
1310
1268
1302
1314
1282
1288
1306
1344
1324
1346
1324
1316
1326
1358
1348
1324
1324
1316
1258
1248
1168
1172
1218
1182
1262
1274
1284
1244
1240
1240
1236
1288
1240
1302
1322
1302
1296
1264
1286
1320
1262
1314
1362
1296
1274
1286
1298
1266
1244
1184
1288
1344
1334
1248
1338
1324
1300
1252
1296
1340
1374
1360
1306
1308
1280
1232
1260
1304
1274
1276
1256
1296
1310
1266
1342
1294
1314
1236
1266
1260
1290
1290
1306
1290
1270
1268
1252
1256
1352
1330
1316
1306
1318
1322
1314
1330
1290
1322
1314
1322
1300
1284
1292
1370
1326
1344
1304
1348
1262
1256
1214
1256
1332
1274
1356
1332
1296
1310
1372
1364
1342
1346
1300
1310
1314
1232
1342
1318
1366
1384
1352
1306
1356
1342
1316
1354
1300
1296
1258
1294
1280
1220
1232
1268
1326
1236
1276
1258
1242
1312
1308
1270
1224
1268
1206
1248
1240
1260
1314
1284
1370
1368
1380
1324
1346
1364
1334
1302
1298
1264
1266
1236
1112
1168
1054
1188
1214
1250
1206
1278
1294
1350
1354
1374
1358
1354
1404
1386
1318
1356
1342
1290
1336
1300
1236
1300
1304
1320
1256
1314
1304
1346
1340
1326
1316
1318
1292
1298
1216
1328
1268
1362
1342
1318
1310
1320
1384
1344
1270
1294
1272
1264
1282
1250
1390
1292
1284
1306
1304
1278
1266
1334
1334
1314
1328
1338
1324
1308
1282
1276
1252
1350
1236
1280
1312
1326
1290
1294
1316
1280
1334
1286
1296
1326
1322
1334
1264
1342
1310
1318
1278
1310
1338
1350
1326
1324
1320
1262
1294
1292
1308
1352
1330
1290
1298
1294
1248
1262
1264
1234
1304
1306
1206
1276
1298
1304
1288
1320
1344
1350
1348
1320
1286
1306
1224
1230
1290
1294
1312
1324
1316
1326
1302
1332
1376
1320
1318
1274
1298
1310
1334
1320
1320
1326
1292
1316
1314
1332
1336
1318
1356
1296
1260
1314
1358
1286
1280
1228
1272
1228
1316
1316
1302
1342
1350
1412
1358
1344
1392
1328
1264
1298
1288
1326
1300
1330
1290
1328
1352
1344
1312
1296
1282
1302
1292
1340
1334
1350
1386
1288
1288
1312
1288
1246
1262
1230
1336
1268
1220
1208
1280
1204
1284
1306
1358
1260
1226
1242
1170
1230
1296
1242
1216
1324
1376
1296
1250
1254
1308
1404
1306
1364
1346
1346
1338
1322
1272
1292
1316
1332
1282
1378
1330
1346
1390
1332
1370
1330
1358
1296
1346
1354
1368
1304
1344
1310
1322
1272
1284
1268
1296
1338
1298
1260
1318
1304
1266
1356
1262
1322
1328
1306
1278
1308
1356
1284
1310
1336
1346
1316
1382
1354
1298
1332
1334
1282
1312
1302
1324
1274
1256
1208
1284
1308
1252
1328
1354
1292
1290
1290
1254
1226
1286
1298
1312
1340
1320
1340
1348
1350
1330
1392
1358
1342
1318
1286
1278
1356
1294
1244
1294
1302
1258
1288
1308
1302
1316
1306
1334
1346
1338
1338
1284
1378
1348
1338
1306
1316
1340
1352
1332
1350
1314
1372
1264
1332
1388
1268
1350
1298
1332
1334
1306
1348
1344
1348
1294
1268
1286
1330
1308
1286
1256
1254
1244
1240
1274
1282
1354
1330
1342
1302
1328
1288
1266
1298
1290
1362
1322
1330
1342
1272
1334
1386
1348
1358
1348
1390
1320
1290
1316
1324
1324
1218
1296
1274
1362
1284
1248
1268
1222
1244
1234
1210
1246
1320
1300
1210
1318
1278
1314
1318
1278
1286
1304
1352
1306
1302
1330
1296
1346
1376
1368
1336
1340
1354
1358
1342
1276
1254
1292
1234
1260
1224
1292
1312
1320
1352
1286
1300
1286
1262
1298
1312
1318
1326
1314
1288
1282
1308
1310
1272
1304
1340
1290
1384
1360
1266
1366
1316
1290
1320
1308
1350
1350
1268
1308
1326
1308
1248
1302
1304
1306
1284
1342
1338
1352
1262
1292
1258
1262
1312
1322
1362
1348
1398
1338
1310
1272
1290
1306
1306
1330
1282
1276
1320
1302
1438
1308
1314
1278
1226
1274
1278
1326
1294
1240
1278
1294
1230
1244
1322
1254
1274
1274
1364
1318
1318
1352
1302
1344
1286
1272
1230
1270
1234
1242
1222
1220
1254
1262
1276
1244
1206
1270
1226
1266
1324
1328
1318
1314
1320
1332
1290
1318
1344
1298
1306
1350
1324
1316
1338
1326
1300
1262
1292
1300
1270
1306
1278
1302
1284
1308
1322
1302
1308
1266
1302
1320
1238
1308
1264
1324
1206
1266
1196
1314
1306
1338
1340
1334
1314
1298
1352
1294
1316
1288
1248
1318
1340
1290
1308
1294
1308
1324
1304
1258
1264
1280
1300
1328
1268
1248
1284
1216
1178
1186
1306
1324
1232
1314
1318
1374
1316
1320
1362
1396
1316
1296
1332
1332
1354
1274
1364
1356
1318
1330
1220
1248
1280
1242
1288
1278
1294
1254
1226
1220
1220
1248
1194
1298
1302
1260
1264
1350
1300
1300
1238
1266
1258
1302
1272
1326
1342
1324
1304
1346
1308
1330
1276
1322
1236
1290
1340
1342
1352
1338
1316
1322
1250
1288
1244
1296
1300
1318
1360
1336
1296
1352
1308
1308
1324
1308
1338
1304
1252
1366
1392
1292
1334
1356
1262
1268
1242
1368
1340
1336
1306
1268
1322
1316
1268
1310
1310
1344
1314
1286
1340
1278
1360
1370
1374
1328
1300
1306
1278
1280
1286
1294
1224
1170
1260
1292
1246
1264
1288
1280
1298
1288
1212
1282
1286
1270
1332
1304
1292
1216
1320
1332
1364
1356
1352
1256
1320
1332
1282
1366
1378
1340
1322
1302
1332
1314
1318
1260
1214
1310
1280
1300
1332
1322
1286
1360
1284
1342
1330
1370
1340
1278
1324
1298
1314
1324
1294
1302
1258
1232
1286
1296
1286
1322
1324
1296
1360
1354
1316
1320
1332
1326
1260
1314
1352
1364
1318
1352
1374
1286
1304
1340
1304
1276
1296
1298
1306
1346
1304
1342
1350
1330
1312
1204
1288
1238
1238
1308
1280
1266
1298
1280
1300
1284
1334
1384
1388
1330
1220
1330
1322
1332
1290
1326
1314
1336
1322
1298
1322
1310
1280
1276
1346
1302
1344
1332
1256
1296
1280
1310
1260
1308
1334
1240
1336
1304
1278
1344
1338
1372
1302
1310
1306
1242
1294
1316
1286
1312
1310
1258
1298
1348
1306
1294
1382
1306
1336
1278
1348
1356
1360
1366
1296
1326
1292
1298
1306
1326
1302
1304
1266
1212
1220
1174
1222
1274
1314
1236
1252
1272
1266
1262
1268
1292
1254
1320
1338
1284
1268
1224
1280
1226
1244
1274
1262
1250
1254
1300
1210
1238
1248
1238
1274
1310
1322
1298
1212
1308
1300
1366
1282
1358
1290
1370
1290
1276
1300
1320
1248
1330
1370
1256
1236
1246
1320
1334
1320
1408
1332
1282
1268
1290
1252
1276
1274
1262
1302
1340
1260
1344
1352
1330
1406
1362
1332
1290
1202
1278
1260
1198
1246
1284
1228
1322
1306
1244
1344
1306
1238
1306
1380
1330
1350
1330
1310
1294
1236
1306
1334
1284
1254
1178
1236
1234
1298
1254
1276
1242
1286
1278
1326
1306
1320
1306
1316
1306
1282
1346
1298
1320
1372
1290
1408
1302
1296
1354
1342
1364
1332
1356
1390
1312
1380
1268
1276
1240
1304
1318
1348
1366
1318
1282
1246
1340
1276
1304
1314
1338
1348
1346
1306
1276
1288
1260
1274
1254
1284
1286
1270
1260
1250
1300
1226
1258
1292
1284
1266
1224
1308
1268
1268
1192
1242
1244
1232
1288
1350
1354
1338
1344
1254
1304
1244
1304
1300
1340
1280
1292
1258
1306
1238
1276
1272
1332
1296
1272
1266
1288
1314
1220
1204
1160
1260
1368
1380
1320
1360
1322
1276
1324
1310
1330
1282
1342
1308
1356
1356
1286
1254
1246
1284
1262
1232
1236
1282
1238
1350
1276
1278
1376
1260
1280
1300
1216
1272
1288
1208
1270
1320
1280
1260
1342
1342
1302
1322
1338
1300
1284
1272
1230
1164
1188
1228
1274
1262
1208
1258
1286
1380
1322
1308
1318
1260
1260
1192
1274
1256
1300
1314
1374
1376
1248
1368
1306
1316
1318
1256
1320
1296
1252
1302
1306
1312
1328
1350
1346
1318
1370
1334
1234
1306
1280
1258
1348
1352
1298
1350
1356
1362
1374
1314
1298
1324
1278
1250
1256
1246
1316
1246
1254
1198
1306
1226
1186
1258
1290
1336
1232
1280
1220
1256
1264
1258
1234
1280
1306
1314
1336
1312
1282
1242
1370
1366
1316
1296
1286
1288
1262
1262
1302
1324
1256
1308
1320
1324
1326
1268
1262
1272
1256
1258
1244
1376
1242
1320
1252
1346
1232
1328
1360
1358
1322
1330
1382
1350
1244
1280
1262
1242
1304
1216
1130
1214
1262
1258
1272
1268
1264
1318
1238
1260
1278
1264
1368
1324
1406
1306
1304
1326
1290
1270
1280
1370
1348
1290
1294
1272
1320
1342
1298
1298
1276
1246
1346
1390
1352
1314
1272
1272
1338
1268
1342
1370
1376
1302
1300
1330
1334
1314
1270
1378
1292
1348
1374
1360
1356
1360
1306
1352
1344
1276
1242
1276
1350
1366
1338
1300
1304
1294
1358
1372
1378
1324
1334
1318
1302
1328
1258
1216
1222
1258
1318
1338
1270
1288
1312
1282
1304
1298
1278
1334
1274
1324
1334
1284
1252
1216
1314
1316
1302
1324
1274
1322
1272
1276
1352
1354
1318
1382
1322
1242
1192
1250
1218
1180
1274
1324
1384
1288
1304
1364
1280
1334
1360
1304
1252
1282
1298
1328
1312
1348
1348
1330
1272
1316
1256
1258
1268
1318
1306
1322
1294
1300
1308
1394
1348
1318
1332
1346
1284
1364
1352
1300
1368
1336
1378
1312
1320
1286
1266
1268
1268
1298
1252
1270
1310
1228
1296
1320
1248
1372
1240
1322
1256
1328
1344
1376
1322
1288
1332
1324
1250
1338
1322
1352
1348
1372
1346
1350
1284
1298
1328
1322
1304
1246
1314
1292
1348
1244
1230
1234
1310
1326
1302
1286
1334
1292
1198
1266
1284
1296
1316
1350
1360
1344
1298
1252
1298
1310
1312
1266
1372
1372
1314
1332
1386
1334
1288
1266
1256
1266
1290
1318
1280
1302
1318
1314
1326
1336
1338
1294
1272
1244
1188
1234
1246
1280
1288
1338
1324
1224
1316
1346
1220
1232
1270
1252
1312
1310
1302
1304
1258
1262
1288
1260
1326
1206
1256
1348
1316
1316
1286
1252
1324
1258
1276
1260
1274
1308
1352
1294
1332
1350
1346
1352
1314
1304
1340
1230
1330
1290
1302
1296
1296
1324
1284
1330
1316
1340
1314
1290
1258
1282
1310
1382
1300
1296
1310
1272
1336
1342
1328
1314
1300
1298
1298
1256
1296
1286
1342
1284
1312
1256
1284
1306
1294
1372
1266
1368
1294
1318
1256
1290
1342
1308
1254
1294
1340
1370
1300
1330
1294
1260
1268
1310
1300
1228
1230
1244
1316
1336
1348
1362
1342
1306
1374
1308
1296
1246
1194
1242
1248
1204
1106
1180
1254
1310
1268
1252
1310
1340
1314
1342
1276
1302
1304
1296
1324
1272
1324
1332
1330
1300
1250
1318
1286
1344
1324
1306
1278
1260
1344
1326
1298
1268
1288
1184
1254
1216
1226
1234
1304
1204
1290
1322
1304
1324
1374
1310
1370
1322
1362
1370
1346
1270
1240
1260
1252
1308
1294
1332
1324
1338
1284
1324
1308
1282
1358
1320
1338
1292
1300
1178
1258
1250
1260
1274
1298
1280
1236
1338
1284
1288
1284
1304
1282
1260
1298
1338
1330
1336
1274
1162
1136
1264
1228
1338
1296
1270
1304
1352
1298
1274
1270
1268
1208
1232
1252
1186
1290
1304
1292
1316
1316
1264
1262
1328
1276
1278
1276
1332
1302
1284
1170
1128
1094
1138
1098
1148
1158
1154
1208
1160
1212
1232
1258
1218
1192
1254
1294
1228
1254
1264
1178
1174
1174
1234
1158
1268
1262
1298
1330
1346
1370
1362
1316
1334
1312
1364
1270
1262
1290
1348
1298
1326
1242
1292
1254
1240
1332
1264
1302
1290
1314
1204
1274
1302
1318
1326
1312
1300
1300
1316
1290
1300
1320
1334
1358
1350
1298
1196
1286
1332
1294
1328
1342
1318
1254
1310
1274
1356
1346
1264
1246
1318
1302
1286
1316
1328
1342
1328
1268
1340
1348
1336
1316
1312
1346
1254
1270
1348
1290
1332
1304
1296
1264
1296
1334
1296
1238
1286
1260
1332
1286
1334
1320
1356
1360
1362
1320
1334
1350
1302
1250
1292
1340
1312
1346
1364
1370
1330
1286
1374
1362
1304
1336
1274
1308
1302
1284
1316
1280
1318
1292
1334
1370
1290
1284
1298
1272
1314
1284
1304
1296
1252
1286
1264
1288
1342
1256
1288
1304
1246
1338
1296
1274
1196
1172
1250
1322
1282
1210
1288
1254
1272
1306
1324
1314
1272
1316
1316
1294
1348
1338
1308
1256
1268
1286
1254
1292
1300
1346
1346
1298
1320
1352
1362
1328
1328
1272
1272
1274
1360
1324
1344
1348
1332
1350
1326
1306
1252
1296
1308
1306
1310
1330
1300
1286
1306
1280
1338
1318
1268
1310
1292
1266
1320
1308
1378
1354
1316
1268
1274
1318
1318
1226
1322
1312
1274
1328
1304
1264
1212
1254
1320
1274
1324
1286
1338
1362
1340
1294
1378
1314
1228
1246
1260
1332
1296
1330
1352
1352
1328
1340
1244
1222
1294
1214
1250
1214
1326
1264
1274
1300
1340
1294
1272
1344
1286
1374
1368
1356
1352
1250
1338
1298
1290
1342
1292
1314
1264
1308
1286
1368
1346
1376
1328
1300
1286
1278
1290
1320
1314
1294
1342
1342
1314
1348
1294
1282
1324
1328
1386
1286
1374
1302
1322
1308
1244
1188
1310
1248
1328
1306
1246
1266
1308
1240
1286
1274
1366
1374
1372
1346
1314
1280
1292
1242
1264
1352
1356
1320
1294
1282
1296
1278
1274
1340
1250
1228
1180
1214
1300
1332
1284
1300
1238
1256
1192
1246
1336
1286
1272
1350
1252
1262
1304
1250
1264
1272
1332
1350
1362
1284
1348
1258
1214
1270
1288
1358
1304
1234
1294
1362
1302
1260
1294
1312
1278
1288
1270
1260
1292
1316
1326
1350
1312
1344
1300
1326
1312
1254
1310
1346
1376
1344
1346
1292
1236
1146
1230
1174
1196
1228
1276
1218
1208
1306
1296
1298
1276
1274
1354
1240
1194
1258
1352
1324
1312
1280
1324
1344
1310
1296
1258
1382
1348
1324
1360
1312
1348
1374
1272
1296
1284
1276
1306
1342
1364
1310
1320
1316
1326
1324
1258
1312
1352
1308
1354
1324
1320
1304
1288
1276
1332
1262
1320
1314
1338
1302
1302
1310
1308
1234
1268
1204
1264
1268
1288
1344
1310
1272
1322
1348
1312
1330
1324
1310
1276
1294
1202
1232
1290
1270
1230
1244
1310
1330
1220
1178
1168
1224
1134
1120
1194
1138
1132
1118
1132
1088
1154
1204
1146
1124
1052
1022
1034
1010
1030
1090
1162
1074
1112
1186
1174
1232
1254
1320
1298
1322
1354
1346
1348
1286
1276
1230
1142
1246
1296
1304
1316
1346
1336
1304
1278
1212
1256
1258
1280
1284
1320
1358
1332
1352
1326
1324
1358
1202
1250
1208
1138
1162
1142
1202
1200
1192
1130
1206
1206
1162
1254
1272
1214
1266
1362
1310
1312
1362
1296
1246
1310
1376
1314
1328
1322
1308
1328
1348
1268
1294
1286
1374
1342
1292
1298
1324
1292
1250
1376
1308
1294
1272
1276
1356
1332
1396
1370
1250
1344
1320
1216
1256
1276
1278
1274
1346
1316
1256
1304
1340
1372
1342
1238
1274
1328
1286
1332
1402
1260
1322
1370
1334
1334
1306
1274
1334
1322
1310
1286
1332
1396
1340
1248
1288
1302
1266
1264
1356
1314
1252
1282
1348
1366
1338
1262
1338
1228
1210
1236
1204
1282
1274
1244
1244
1238
1212
1300
1240
1272
1256
1270
1248
1328
1314
1338
1266
1316
1248
1214
1328
1374
1412
1348
1286
1358
1328
1338
1308
1326
1308
1346
1348
1356
1286
1258
1264
1348
1302
1320
1342
1350
1330
1278
1280
1266
1310
1262
1280
1278
1310
1302
1278
