0.521441 0.0159513
0.540689 -0.026712
0.538695 -0.0179765
0.546022 -0.0409866
0.517838 -0.0348608
0.520467 -0.0199888
0.538505 -0.0753282
0.533912 -0.0297497
0.517858 -0.00200595
0.562028 0.0039493
0.57197 -0.0161143
0.55428 0.0404696
0.570003 -0.0219393
0.578049 -0.0141818
0.539331 0.0398133
0.595665 0.011204
0.582845 0.00632681
0.594075 0.00748278
0.538089 0.0239614
0.583593 0.0219969
0.562189 0.0272311
0.551638 -0.0193552
0.531548 -0.0298617
0.561806 0.0143026
0.601487 0.0188196
0.541427 0.0223259
0.553742 0.00892272
0.555053 0.00176396
0.521081 0.0282635
0.554565 0.0377624
0.535781 0.0170873
0.593227 -0.0413179
0.556479 -0.0196564
0.547655 0.0108696
0.543166 0.00599025
0.517068 -0.00417174
0.522562 -0.00400169
0.538864 -0.00287574
0.545658 0.0380835
0.58515 0.0233075
0.541142 0.0252754
0.593526 0.0113548
0.56706 0.0155465
0.540373 0.0204336
0.524219 -0.0279569
0.569473 -0.021617
0.553413 -0.0526078
0.520076 -0.0236641
0.555956 -0.00250097
0.590023 -0.00991919
0.576185 -0.00759762
0.54736 -0.00611882
0.552579 0.0265649
0.533119 -0.0340194
0.527731 -0.00463811
0.587732 0.021995
0.578294 0.0337815
0.555223 -0.00022892
0.551873 -0.00364965
0.54782 0.0385751
0.590741 0.0180981
0.563328 -0.0024085
0.559128 0.0248192
0.615388 -0.00203879
0.612555 -0.0111556
0.573773 -0.00299031
0.589425 -0.0227371
0.553044 -0.0295412
0.566254 -0.0230445
0.545286 -0.0162361
0.569157 -0.00120463
0.624932 0.00225328
0.564395 0.01212
0.6001 0.006889
0.578074 0.0226104
0.567189 0.0267318
0.537333 -0.0156561
0.608004 -0.00287687
0.556862 0.00047349
0.52882 0.00575728
0.509482 0.0255754
0.604609 -0.0216471
0.558227 -0.0466788
0.537947 0.00541703
0.576416 -0.00792652
0.591125 0.00192427
0.596701 0.013561
0.578916 0.0453442
0.549843 0.00699608
0.496016 -0.0306221
0.555776 0.0205824
0.553181 -0.0366188
0.547332 -0.0214706
0.545526 -0.0384791
0.524803 -0.041507
0.523847 -0.00103472
0.567661 -0.0298751
0.542286 -0.0718251
0.509975 -0.0209944
0.523502 -0.0849751
0.517968 -0.0420526
0.547204 6.46437e-05
0.532897 -0.0712714
0.569011 -0.0107381
0.553746 -0.0244753
0.552137 0.00412976
0.534297 0.000189435
0.583581 0.00642497
0.575429 0.0298599
0.539523 0.0135714
0.581372 0.0228939
0.566461 0.00693343
0.54943 0.0240376
0.585294 0.0108271
0.550644 0.0119592
0.50716 0.0257921
0.577653 0.00426521
0.589952 0.0272635
0.546214 -0.0629441
0.539742 0.00254765
0.527334 0.00430293
0.560341 0.0163526
0.549259 -0.00220262
0.530006 -0.0290681
0.572598 0.0253929
0.580516 0.0256478
0.541412 0.0138713
0.551249 -0.0301454
0.564481 0.00765699
0.544946 0.0326792
0.550314 -0.00441424
0.553856 0.0100171
0.556328 1.19373e-05
0.608424 -0.029756
0.555565 -0.0498357
0.532926 -0.0601551
0.5333 -0.0139763
0.577919 -0.00767919
0.587879 0.0319445
0.547587 -0.0125792
0.543449 0.0439407
0.557068 0.0159756
0.541226 0.00979733
0.552119 0.00606557
0.578364 0.0325877
0.570445 0.00793032
0.564205 0.0049406
0.577302 -0.000282078
0.53763 -0.0130946
0.567871 0.0645651
0.525127 0.0109251
0.573645 -0.0125962
0.544944 -0.0189967
0.536226 -0.0273932
0.52328 0.0132838
0.566567 -0.00455118
0.52954 0.00257078
0.523798 -0.0117874
0.546364 0.0102132
0.540961 0.0438897
0.532879 0.0239862
0.548028 0.0016288
0.556094 0.0283388
0.575985 0.0394727
0.578464 -0.0152502
0.544566 -0.0173213
0.540444 0.0147833
0.552549 0.0436247
0.543822 0.0238744
0.549517 -0.00323999
0.534282 0.00905397
0.551849 0.00238617
0.506752 0.0157273
0.542404 0.0268139
0.520692 0.00213406
0.557602 -0.00609184
0.507315 -0.00917577
0.541796 -0.0367787
0.561806 -0.0247829
0.571883 0.0364233
0.521595 -0.00552518
0.573706 -0.011986
0.571176 -0.015386
0.557256 0.015087
0.56129 -0.0532117
0.56711 -0.0196693
0.575824 -0.0291291
0.539834 -0.00393309
0.544189 -0.0184267
0.541599 -0.012915
0.583974 0.00183827
0.552997 0.0133924
0.513093 -0.00067778
0.535638 0.00299207
0.50521 -0.00698339
0.573216 -0.00730332
0.552312 0.0426582
0.55383 -0.00640769
0.602666 -0.0212296
0.558567 0.0109605
0.519824 -0.00361098
0.56437 0.0132397
0.548467 0.0127884
0.531237 -0.0181324
0.570571 -0.0378586
0.597793 0.0133476
0.578244 -0.00763158
0.602188 0.0104217
0.621011 0.0234097
0.581624 -0.0460504
0.618336 -0.0234673
0.597136 -0.0187528
0.598563 0.0154866
0.548902 0.0158929
0.548314 0.0130973
0.556496 -0.00705425
0.555503 -0.0105099
0.562142 -0.0126189
0.555506 0.00216411
0.564524 0.0392874
0.532662 -0.0150172
0.539057 0.00758876
0.587851 0.0477907
0.5463 -0.01217
0.586243 0.0458867
0.528999 0.0357341
0.550217 0.0691655
0.546638 -0.036782
0.588827 0.0192229
0.531286 0.0437595
0.536127 -0.0440951
0.556984 -0.0282453
0.552897 -0.00309445
0.538952 -0.035298
0.589637 0.00640885
0.591323 0.0140724
0.558672 0.0315323
0.561222 0.0212729
0.584997 0.0217666
0.58035 0.0290649
0.545692 0.0108905
0.548273 0.0360492
0.571628 0.0302992
0.597855 0.00316495
0.562497 -0.00841042
0.569181 0.00936732
0.580586 -0.0140341
0.589492 -0.00845871
0.571186 0.0348543
0.563314 -0.00975571
0.481717 0.0197999
0.576665 0.00254475
0.529183 0.00650037
0.562893 0.0161984
0.555331 -0.0246518
0.532594 -0.035499
0.575277 0.00482577
0.581601 0.00498839
0.531848 -0.0201016
0.54273 -0.0509046
0.550299 -0.0253817
0.542794 0.00567535
0.504293 -0.0384959
0.548761 0.005946
0.535252 0.00137775
0.553754 -0.0122093
0.565491 -0.0364969
0.571075 -0.0369533
0.569871 -0.0317752
0.564452 -0.0212651
0.602566 0.024557
0.541125 0.0101465
0.543487 0.00185944
0.524255 -0.0291992
0.569436 0.0726055
0.521358 0.0350819
0.519548 0.0112445
0.571912 0.0402963
0.582824 -0.00639676
0.557854 -0.0175407
0.573083 -0.0337114
0.575004 -0.00300346
0.567073 -0.0346463
0.523234 0.00153741
0.515572 -0.0554217
0.516582 -0.0144845
0.557282 -0.00170272
0.575165 0.00539233
0.572482 0.0057175
0.571338 -0.0288018
0.586698 -0.00642974
0.538845 -0.059585
0.585524 -0.0280999
0.566185 -0.0293981
0.579658 0.00983669
0.495887 -0.00188563
0.555181 0.0093219
0.56127 0.0325815
0.580191 0.00346148
0.564704 0.00637822
0.580608 0.0230548
0.536542 0.0242698
0.536498 0.034895
0.588675 -0.0014349
0.550479 0.00059007
0.550208 -0.00779294
0.544735 -0.0176263
0.559875 0.0193473
0.519398 -0.00551984
0.553766 -0.00928016
0.54619 -0.0131777
0.575817 -0.0477086
0.583311 -0.0493332
0.56508 0.0181949
0.529658 0.0101616
0.535566 0.0250393
0.598144 -0.0238595
0.554449 -0.0176423
0.524522 0.0238896
0.582982 0.00563729
0.558249 -0.0317524
0.554248 0.0174788
0.577827 -0.00508867
0.560024 0.0311108
0.569899 -0.0358565
0.585306 -0.0278063
0.565845 -0.0172083
0.564978 0.0064499
0.578101 0.00755254
0.577397 -0.0158192
0.587924 0.022299
0.564014 -0.000242803
0.551577 0.0174909
0.563083 -0.0344807
0.584349 -0.0103871
0.545193 0.00447828
0.55853 -0.00545669
0.542669 -0.00622081
0.584165 0.012213
0.549054 0.00623369
0.542233 0.0257798
0.540351 0.00678067
0.600056 0.0450198
0.513287 0.0135254
0.533939 -0.00484883
0.584851 -0.000994164
0.553196 -0.0303811
0.560604 0.00276873
0.527888 -0.00691956
0.546403 0.0309687
0.566288 0.00999918
0.584747 -0.0118433
0.557284 0.0260856
0.604631 0.0171711
0.556235 0.0505913
0.532167 -0.00092022
0.560374 -0.00361125
0.571686 -0.00770636
0.562877 -0.000239996
0.552882 0.0112829
0.577937 -0.00578714
0.562635 -0.0205322
0.576752 0.0113337
0.590405 -0.0137773
0.600381 -0.0190748
0.529713 0.0111806
0.586469 0.00844137
0.551553 -0.0169761
0.52253 -0.00375425
0.551921 -0.00182888
0.554181 0.0301967
0.544229 0.0383931
0.595916 -0.0241155
0.545285 0.0398678
0.568382 0.0281636
0.561428 0.0258865
0.574826 0.00201208
0.555663 0.051574
0.53258 0.0316679
0.594142 0.0289015
0.540866 0.0453861
0.55666 0.024561
0.605604 0.00488871
0.557989 0.01453
0.569104 -0.0400805
0.592423 -0.0194326
0.616738 -0.00137373
0.564117 -0.00284325
0.590516 0.0254868
0.579283 0.0239183
0.564318 -0.0244704
0.550068 0.000664224
0.607917 0.0178613
0.599839 0.0206227
0.592105 0.00551041
0.56713 0.00557899
0.576844 0.00197504
0.584528 0.0116665
0.551603 0.00925763
0.596182 0.0366639
0.570419 -0.00268821
0.588714 0.0255885
0.541096 0.0297755
0.509219 -0.00825456
0.536147 0.00561719
0.557076 0.0317534
0.513079 0.0270483
0.527627 -0.0339007
0.50184 -0.00857327
0.518399 0.0065038
0.535506 -0.0104805
0.56451 -0.0254703
0.58459 0.00925827
0.481064 -0.0184468
0.554738 -0.0708515
0.563264 -0.00588054
0.55033 -0.0402388
0.5774 -0.00723755
0.56642 -0.0142717
0.528695 -0.0370113
0.566874 -0.00421847
0.539653 -0.0105156
0.518026 0.0247254
0.514702 0.0367756
0.541974 -0.0169758
0.546145 -0.0313493
0.556317 0.00373649
0.533314 -0.0300191
0.603839 -0.0386951
0.526547 -0.00976725
0.546537 -0.00145884
0.561748 -0.0140749
0.566396 -0.0388312
0.543111 -0.0275619
0.555693 -0.0509316
0.561418 -0.0202169
0.582755 -0.0266293
0.534072 -0.0409678
0.564132 -0.0544844
0.523232 -0.0100459
0.581075 -0.0127821
0.53937 -0.00431199
0.570923 0.000496654
0.569708 -0.0128056
0.556909 0.00745507
0.581482 -0.0273473
0.540157 -0.0120935
0.549407 0.0187063
0.515076 -0.0389703
0.556283 -0.0794199
0.522044 -0.0499118
0.499705 -0.00161766
0.551321 -0.0444782
0.536353 -0.0528436
0.592556 0.000728768
0.551767 0.00156742
0.533429 -0.0151507
0.593598 0.00812814
0.560237 0.0137427
0.539013 0.00236328
0.557289 -0.0359283
0.547714 0.0109141
0.565307 -0.015525
0.573462 -0.00132338
0.550119 -0.0123239
0.570711 -0.0217975
0.550977 0.0265962
0.548257 -0.0202763
0.562773 -0.00341105
0.567039 -0.0268458
0.573936 -0.041632
0.575472 -0.0112844
0.56747 -0.00747057
0.568225 0.0058154
0.552917 0.0120803
0.56267 0.0248743
0.561927 0.0363963
0.551903 0.0443226
0.573165 0.0487124
0.53694 0.0182678
0.537094 0.0377432
0.567546 0.0349817
0.560376 -0.0397428
0.585939 -9.13309e-05
0.593528 -0.0488831
0.578981 -0.034858
0.57239 -0.0401179
0.571562 -0.0311271
0.570065 -0.0159428
0.572115 -0.0301445
0.519304 -0.0247592
0.549446 0.021785
0.550192 -0.0133289
0.55434 -0.0110729
0.535117 -0.0245949
0.559085 0.0176623
0.576802 -0.018871
0.5524 0.0227508
0.524664 0.0458069
0.55293 -0.0132431
0.566096 -0.00552394
0.57012 0.022045
0.536784 0.0247568
0.566851 0.00676383
0.548018 -0.01066
0.530353 -0.0130759
0.580315 -0.0323213
0.570945 -0.00215908
0.571315 -0.00758076
0.592722 -0.0139306
0.558176 -0.020417
0.555991 -0.0154537
0.563405 -0.0250682
0.564778 0.00841125
0.618826 0.0120417
0.575475 -0.0214991
0.560539 0.0131072
0.587257 -0.0303794
0.554966 0.000719579
0.555014 0.00227288
0.570108 0.0178299
0.609564 -0.0185718
0.605822 0.0221669
0.575076 0.0425235
0.556795 0.0189575
0.520851 0.0224899
0.558291 0.00992803
0.536252 0.0193971
0.605296 -0.01331
0.537158 0.00615608
0.556067 0.00324421
0.569465 -0.0671202
0.523904 -0.0446743
0.559002 -0.0442207
0.558735 -0.0128721
0.620949 -0.0195493
0.582452 0.000925349
0.581791 -0.00256598
0.570533 0.0184072
0.610972 -0.00021884
0.567366 0.0187506
0.572688 -0.00199503
0.55514 -0.0201269
0.537931 -0.00726886
0.5197 -0.00148203
0.570894 -0.0173408
0.572143 0.0123208
0.537739 -0.00462645
0.514717 0.0231445
0.560563 -0.0397618
0.530769 0.0447253
0.555527 -0.0175884
0.54188 0.0188236
0.558141 -0.00264639
0.546282 -0.00818609
0.558419 -0.0351647
0.519499 -0.0470102
0.523284 -0.0316324
0.524874 -0.0244398
0.555573 0.0174082
0.548604 -0.0255717
0.561291 -0.00714934
0.522905 -0.054298
0.573569 -0.0483033
0.583851 -0.0613813
0.520097 -0.00832738
0.560919 -0.0150784
0.557543 -0.00797597
0.542631 0.0198854
0.527878 0.0505877
0.562287 0.0208824
0.585333 0.0659007
0.580689 0.0118906
0.562663 0.0127903
0.537885 0.0135576
0.567546 0.0162333
0.54311 -0.0215553
0.553595 -0.00238278
0.50729 0.00287943
0.5375 0.00637255
0.551495 0.00926556
0.549895 0.0101092
0.561715 -0.0286966
0.587276 0.0266218
0.560337 -0.00473674
0.55481 0.0114166
0.577723 0.0529718
0.537365 0.0144441
0.588921 0.00919461
0.534063 -0.0560359
0.527165 -0.0231477
0.545653 -0.000237421
0.628685 0.0134893
0.568296 0.0101618
0.515229 -0.0172729
0.561815 0.0168004
0.547804 0.027774
0.547375 -0.000838887
0.530948 0.0495345
0.563528 0.00666842
0.620494 0.00670182
0.584819 0.0530577
0.588862 0.0121053
0.572368 -0.00256035
0.527271 -0.00139267
0.5587 -0.0153787
0.549082 -0.00539699
0.533173 0.0156111
0.555885 -0.00520682
0.531619 0.0100267
0.577949 -0.0371007
0.596042 -0.0151829
0.584547 -0.00779304
0.569791 0.0290048
0.563085 -0.0148502
0.541917 -0.00309947
0.538571 -0.0517351
0.552598 -0.0504022
0.54833 -0.0669871
0.560188 -0.0302065
0.581254 -0.0212673
0.566711 -0.00371387
0.58146 -0.0200953
0.563097 -0.0224632
0.593385 -0.0137994
0.560256 -0.0229657
0.531542 -0.0104439
0.617858 -0.000455783
0.541896 -0.020549
0.566496 0.0009058
0.561714 0.0374212
0.534841 0.0172187
0.541111 -0.0149311
0.55162 0.0473431
0.533849 0.0200143
0.559837 0.0323837
0.528086 0.0156577
0.554925 0.00399426
0.564387 -0.0162898
0.530028 -0.00822623
0.530609 0.00532667
0.534481 0.0136483
0.57068 0.01212
0.562242 0.00023324
0.531991 -0.00502616
0.563258 0.00752873
0.550893 0.0552066
0.526985 0.0264983
0.553944 0.0205511
0.502868 -0.0268579
0.486296 -0.0027175
0.516735 -0.0197425
0.510833 0.0260076
0.539873 0.00187829
0.56179 0.0297135
0.533009 0.0341302
0.554426 0.044692
0.585912 -0.025434
0.578478 0.0152323
0.537114 -0.0168395
0.545377 -0.000332023
0.506477 -0.0250652
0.534287 0.0170321
0.53932 0.0550921
0.515427 -0.0245462
0.572338 -0.0092263
0.560705 0.00727924
0.532772 -0.0144325
0.5128 -0.00760632
0.531192 -0.0115444
0.553784 -0.0121906
0.582372 0.0299669
0.5655 0.0370848
0.571735 0.0248518
0.588918 0.00846158
0.603999 0.0595018
0.546468 0.0758289
0.551614 0.0031468
0.544468 0.0640807
0.578773 0.0586225
0.561507 0.0509515
0.548731 -0.0181679
0.585663 0.0312216
0.566397 0.0119182
0.54721 0.0156954
0.607833 0.017578
0.536689 -0.0227564
0.561001 -0.0131684
0.558651 -0.0593922
0.554679 -0.0521596
0.550237 -0.0235456
0.555731 -0.0488191
0.564643 0.0175367
0.572411 -0.0256043
0.56684 0.0214431
0.53736 -0.0291988
0.51286 -0.0194885
0.526413 -0.00290256
0.500393 -0.0279747
0.537995 -0.0451946
0.521254 -0.0665993
0.542836 0.0027337
0.554698 0.0250061
0.58104 0.0232726
0.574509 0.0442622
0.563428 0.0228497
0.576697 0.044482
0.559756 0.0608971
0.572471 -0.00132527
0.570366 0.0235112
0.557241 -0.00599329
0.547136 -0.0118541
0.570456 0.0152644
0.574195 -0.00827555
0.599643 0.00204589
0.557602 0.035027
0.546409 -0.0104729
0.521809 0.0402829
0.534594 -0.0158039
0.586055 0.000920347
0.575838 0.0138494
0.559926 -0.00795046
0.562504 0.0337751
0.559842 0.021117
0.614063 0.0233237
0.582773 0.0161755
0.540556 0.0262713
0.58609 0.0320731
0.562839 0.000979267
0.559987 -0.000155623
0.545352 0.0212836
0.551904 -0.00224719
0.557686 0.0290109
0.574413 -0.0314261
0.547784 -0.0104566
0.599301 -0.0471524
0.550914 -0.0197866
0.570031 -0.0206046
0.535666 0.0226435
0.525517 0.0433437
0.549333 0.00995176
0.570477 0.0244958
0.555843 0.012088
0.55379 -0.0096777
0.55882 -0.0210431
0.591611 0.00120862
0.556767 0.0379992
0.555242 0.00271578
0.573131 0.00172002
0.572675 0.0191265
0.599036 0.01442
0.587861 -0.0232392
0.599313 -0.04245
0.539506 0.00782464
0.540471 -0.0182438
0.59168 -0.00900966
0.566919 -0.0283183
0.578042 -0.015884
0.592271 -0.0285641
0.557582 -0.00853823
0.574382 -0.0066723
0.543699 -0.0395605
0.556964 -0.0114179
0.610206 -0.029865
0.561745 -0.00622485
0.545849 0.00369309
0.572302 0.0423481
0.53418 0.0040949
0.565323 0.010967
0.584176 0.0267314
0.527265 -0.00377176
0.533776 -0.0256155
0.594591 -0.0160303
0.516579 0.00444985
0.54392 0.0377718
0.584879 -0.0150045
0.519945 -0.0190273
0.530044 -0.0342398
0.599576 -0.0544144
0.55329 0.0212708
0.516136 0.00875932
0.564053 0.00527509
0.538949 0.0344071
0.535923 -0.00584137
0.537018 -0.0028629
0.538642 -0.00534473
0.566087 0.0138444
0.576869 0.00777432
0.565121 0.0379066
0.556249 0.00035053
0.543127 -0.00975279
0.546513 -0.012855
0.532841 -0.0205635
0.524921 0.000565226
0.57103 -0.00414092
0.563627 -0.0146606
0.5657 -0.0193391
0.597229 -0.0411648
0.576228 -0.0123238
0.613164 -0.0258709
0.555286 -0.0307025
0.559072 -0.016114
0.567451 -0.0243423
0.534377 0.0759259
0.499315 0.0178933
0.507912 -0.00524511
0.578096 -0.00471371
0.582768 0.00918847
0.531057 0.00949128
0.510713 -0.0306975
0.551327 -0.04854
0.533058 -0.000359443
0.459865 0.0463102
0.509035 0.000930728
0.520172 -0.0414785
0.556297 -0.0448034
0.588086 -0.0752915
0.562476 -0.0339192
0.507828 -0.0186686
0.561443 -0.00259541
0.564332 -0.00487134
0.546413 0.0293615
0.52369 0.0195122
0.53587 0.0312366
0.528533 -0.0139211
0.544073 -0.0214412
0.526062 -0.0546346
0.555128 -0.0375215
0.571964 -0.0110389
0.555545 -0.00694742
0.583935 0.0096565
0.545637 -0.0236948
0.531311 -0.00999508
0.527363 -0.0056487
0.545302 0.00870735
0.585507 -0.0175546
0.574525 0.00204611
0.548782 0.0130163
0.584815 0.0318479
0.533694 0.013749
0.53246 0.0283057
0.547891 -0.00879165
0.566199 0.0338072
0.533203 -0.0165543
0.593304 -0.0103841
0.587353 0.000646931
0.6073 0.0190322
0.567299 -0.00125919
0.53038 -0.0379105
0.56498 -0.0302298
0.565309 0.0170954
0.556954 0.00489677
0.560264 -0.0156367
0.543672 0.00232461
0.541376 0.0300196
0.564329 -0.00901634
0.571653 -0.0195822
0.574938 -0.0316024
0.574434 0.0153243
0.5715 -0.00333093
0.548415 0.00645872
0.579614 -0.00623636
0.546712 0.0221969
0.60048 0.000996377
0.564027 -0.0188272
0.557336 -0.0464547
0.558289 -0.00703434
0.567945 0.0110534
0.561642 -0.0162064
0.546253 -0.0215554
0.574745 0.00518131
0.54505 0.0166444
0.548495 0.0390594
0.546069 0.048397
0.57371 0.03561
0.565715 0.0321367
0.544689 0.0337813
0.52933 -0.0168638
0.55527 -0.0140437
0.590642 0.00274473
0.5544 0.0334892
0.575352 0.00990444
0.568541 0.0301704
0.576903 0.0215226
0.569477 0.00125715
0.581962 0.0301557
0.573966 -0.00042778
0.560297 -0.0507429
0.546083 -0.0155211
0.533499 0.00836661
0.557992 0.0242735
0.593006 -0.032031
0.578337 -0.00687461
0.595276 0.0170997
0.546631 -0.00467784
0.542309 -0.0212688
0.590177 -0.0193547
0.563149 0.0322218
0.569089 -0.0257689
0.54785 0.0167878
0.574771 0.04866
0.548434 0.035153
0.557865 0.00850666
0.568565 0.0218105
0.58404 0.00266693
0.564195 0.023415
0.55658 0.00367364
0.535956 -0.0480145
0.523366 0.0264185
0.544204 -0.0188941
0.569964 0.00852309
0.550811 0.0284843
0.537133 0.00734292
0.553395 0.0277863
0.551478 0.0303112
0.528201 -0.0180526
0.566867 7.55628e-06
0.562141 -0.0198546
0.539077 0.00282575
0.535017 -0.0379601
0.595921 -0.0246041
0.554688 0.0128605
0.540514 -0.0222965
0.562151 0.0201522
0.541554 -0.0277827
0.543031 0.0247341
0.561985 -0.0246855
0.558401 0.0157723
0.531043 0.0268813
0.574531 -0.0315915
0.539067 0.0102959
0.53135 0.0326571
0.540113 0.00907903
0.512219 0.0133882
0.553472 0.0428735
0.530096 0.0127013
0.559006 0.0631352
0.52811 0.0134352
0.538107 -0.0279769
0.534252 -0.0118273
0.558111 -0.0126445
0.550561 0.00726735
0.531728 -0.00528761
0.559827 0.00762914
0.567934 0.00467809
0.552647 0.0377496
0.52453 0.0247539
0.535055 0.0409542
0.578481 0.0201221
0.530878 0.0259311
0.544682 0.0243812
0.528422 -0.00078085
0.561253 0.0239071
0.549462 0.0237241
0.550867 -0.00784883
0.559299 -0.00809113
0.530267 -0.00517512
0.54922 -0.00225509
0.595379 0.014884
0.550529 0.0149523
0.507689 0.0295219
0.543803 -0.00240845
0.555309 0.0042065
0.551739 0.0048489
0.597691 -0.0212092
0.545713 0.0277943
0.557493 0.0197544
0.569054 0.00412844
0.541142 -0.0359842
0.543789 -0.00335785
0.564807 0.0100158
0.53673 0.00801981
0.548337 -0.0106325
0.542727 0.0253113
0.5676 0.00207163
0.575688 -0.00282043
0.583901 -0.0363459
0.554321 -0.0136218
0.561351 -0.00242215
0.560918 -0.0259949
0.601629 -0.0567474
0.562229 0.0208487
0.56677 -0.000347065
0.544819 0.00709605
0.572515 0.0502111
0.567333 0.0503792
0.523928 -0.00109159
0.605121 0.026266
0.561553 -0.00998278
0.554084 -0.0282892
0.530735 -0.0125383
0.598314 -0.0125326
0.541273 -0.00277241
0.552563 -0.0138335
0.564693 -0.0242696
0.566656 -0.0201712
0.59644 0.0106558
0.572153 0.0381102
0.577225 0.00073308
0.578618 0.00348149
0.598111 0.00554883
0.604567 0.00722212
0.531342 -0.0281774
0.580299 -0.0281055
0.510236 -0.0170802
0.546861 -0.00118444
0.472705 0.0217329
0.590814 -0.0420648
0.568113 -0.0126755
0.584597 0.0247704
0.565142 -0.0135288
0.581055 -0.0120128
0.518964 -0.0238484
0.582842 0.00661318
0.536114 -0.0120473
0.555444 -0.00118515
0.536644 -0.00151387
0.568835 0.0137836
0.562732 -0.0214063
0.566421 0.00457612
0.521232 0.0260763
0.503754 0.0360876
0.555194 0.0271579
0.519078 0.0406199
0.52742 -0.0374345
0.575031 0.021488
0.56463 -0.0207813
0.569329 -0.0564803
0.556144 -0.00613284
0.535122 0.00425629
0.568939 0.0335222
0.56985 -0.00915175
0.523647 -0.0209945
0.541375 0.0246995
0.589362 0.0141991
0.586384 -0.0086105
0.551535 0.017515
0.555277 0.0131951
0.558197 0.024212
0.575539 -0.0149048
0.548515 0.0228192
0.527374 -0.0208159
0.538265 0.0035413
0.55773 -0.0126492
0.547539 0.00344548
0.604027 0.00526274
0.516685 0.0179946
0.557827 -0.0130295
0.55052 -0.0312226
0.581612 -0.0111225
0.540523 0.00447112
0.54986 0.0332557
0.556327 0.00309636
0.605264 -0.000483166
0.573885 0.0275837
0.560475 0.0149492
0.504832 -0.0131364
0.520741 -0.0201729
0.553764 0.00619803
0.511994 -0.0244985
0.538976 0.0273317
0.523475 -0.00569627
0.554794 0.025335
0.526744 -0.0186044
0.52181 0.00343535
0.556539 -0.0313285
0.541034 -0.00261725
0.534679 -0.0312387
0.574938 -0.0191547
0.520706 -0.0113897
0.553566 0.0224831
0.559839 0.0450624
0.551824 0.041444
0.514608 0.0116012
0.548759 0.0107174
0.494861 -0.0415205
0.54684 -0.0301649
0.542039 0.0151088
0.574663 -0.000574127
0.562762 -0.0229452
0.571525 -0.00189421
0.564328 -0.0578064
0.530176 0.00322784
0.566203 -0.0193146
0.568432 -0.00875799
0.572984 -0.0350848
0.589817 -0.0203942
0.619035 0.0245351
0.591469 0.00167278
0.562221 -0.0297657
0.575206 -0.0425488
0.557313 -0.0133557
0.554846 -0.00663929
0.560525 0.00333904
0.61136 0.0213443
0.590068 -0.0120541
0.564286 0.0112006
0.584619 0.00232572
0.576877 -0.0439395
0.563452 -0.0262058
0.56203 -0.00666821
0.542228 -0.00685399
0.592749 0.00650761
0.546996 0.0393887
0.575054 -0.0127903
0.550123 -0.0281544
0.529058 0.0178993
0.572251 -0.0211913
0.571154 0.0294443
0.562075 -0.000131125
0.563233 0.00781522
0.565686 -0.0120744
0.573604 -0.0029476
0.567948 0.000490481
0.533038 0.00173004
0.570645 -0.0633812
0.564166 0.00394203
0.548998 0.0251712
0.555106 0.0185364
0.590149 -0.00828688
0.518395 -0.0140644
0.482346 -0.0317097
0.550336 -0.0212327
0.543888 0.0464042
0.55063 0.049717
0.517306 0.00810782
0.517083 0.00359226
0.509719 0.0334547
0.527926 0.0307732
0.551193 0.0308108
0.553632 0.0210503
0.582707 0.027035
0.582656 0.0481869
0.55816 -0.0261154
0.556469 -0.0112532
0.549408 0.0137167
0.548545 0.00888148
0.528892 -0.0097756
0.514125 0.0214994
0.538181 -0.00581063
0.494818 0.033189
0.506384 0.0296259
0.535056 0.0254481
0.561862 0.0141232
0.528436 0.00400853
0.576527 -0.00740391
0.529711 0.015836
0.522448 -0.0141002
0.540562 0.00605395
0.549461 0.00139356
0.559023 0.00550365
0.536008 -0.0177955
0.517015 -0.00878725
0.577353 0.0340755
0.551107 0.0151645
0.557977 -0.0133042
0.599335 0.0519143
0.565339 0.0108643
0.544292 -0.0117305
0.551529 -0.0139679
0.5624 -0.0177162
0.57537 0.00067137
0.550546 0.00781293
0.513555 -0.0113576
0.563862 -0.00507754
0.55464 -0.000183046
0.539158 0.0248596
0.552182 0.0367149
0.550305 -0.0147928
0.583699 -0.0187336
0.565355 0.0061001
0.542345 -0.0255156
0.550206 0.0200063
0.55393 -0.0308852
0.5579 -0.00260292
0.572647 0.0182591
0.605765 -0.0136071
0.599365 -0.021537
0.60094 -0.0126425
0.613876 0.0149877
0.556732 -0.0115264
0.582419 0.00901815
0.564923 -0.000394884
0.545892 -0.0154334
0.575787 -0.00834777
0.581635 0.0182001
0.542397 0.0211848
0.536246 -0.0169113
0.540029 -0.00633842
0.525454 0.0540244
0.608055 0.0221104
0.552202 0.0143939
0.528179 0.0295696
0.565441 0.0186466
0.554659 0.0017837
0.558077 0.0164685
0.577954 -0.00672271
0.576912 0.00769911
0.549625 -0.0322025
0.563362 -0.0616176
0.56134 0.032161
0.535192 -0.00775375
0.586565 -0.00123854
0.556526 0.0199287
0.554702 -0.00265692
0.544678 -0.0340752
0.550275 0.000556301
0.613777 -0.0287035
0.548325 -0.0287746
0.589803 0.0213263
0.546783 0.0144351
0.592376 -0.053215
0.571748 -0.0211848
0.528721 0.00116194
0.566016 0.00228842
0.566967 0.00683502
0.562761 -0.0250508
0.534236 -0.00367809
0.569349 0.000217713
0.546319 0.0139373
0.545029 -0.0103703
0.573561 0.0268739
0.599194 0.00520692
0.55459 -0.0177223
0.621203 -0.00313002
0.575705 -0.0176017
0.518706 -0.0387885
0.600587 -0.0221768
0.562629 -0.0233365
0.551409 -0.00557606
0.542951 -0.0129833
0.574726 -0.0326528
0.549286 0.00354402
0.539351 0.0275342
0.583004 -0.00608424
0.563164 0.00948354
0.511047 0.0295358
0.544524 -0.00432972
0.575891 -0.0296109
0.567747 -0.0363955
0.560751 -0.0053111
0.523545 -0.0028178
0.529595 0.0201843
0.563308 0.0132706
0.537761 0.0457515
0.528348 0.0104644
0.560701 0.0303473
0.519623 0.0444785
0.56033 -0.0357501
0.556975 0.0214104
0.561106 0.0529489
0.579005 0.0126877
0.562396 -0.00513923
0.570078 -0.0281297
0.542312 -0.0552803
0.59708 -0.0204267
0.510685 -0.0184989
0.504762 -0.00315007
0.537079 -0.0286596
0.537778 -0.0270865
0.564204 -0.0122555
0.589085 -0.0173577
0.56608 -0.0211249
0.560185 0.000476353
0.5421 0.00186514
0.520652 0.00630037
0.484643 0.00924762
0.542436 0.0242512
0.523633 -0.0123492
0.540753 -0.0200968
0.528472 -0.0185659
0.500015 -0.0411134
0.554217 -0.0191782
0.549034 0.01048
0.532852 -0.0106432
0.527674 0.0239747
0.572616 -0.0164606
0.542758 -0.00182183
0.526176 0.017106
0.543124 0.000516638
0.540505 0.0318502
0.56589 0.0051305
0.584398 0.010914
0.531971 -0.017733
0.573576 0.0288015
0.545718 -0.00447731
0.551522 -0.00916516
0.55978 -0.0273023
0.569007 0.0197973
0.561822 0.0439233
0.528735 0.0391353
0.514337 -0.0105078
0.580189 -0.000333474
0.538387 0.00907842
0.496365 -0.0141336
0.54757 0.0135775
0.554519 0.00721129
0.57802 -0.00571184
0.591941 -0.0145168
0.55886 0.0212156
0.567763 0.0190117
0.592478 0.0184347
0.590287 -0.0239111
0.544512 0.0271179
0.560785 -4.37061e-05
0.549339 0.0144757
0.547839 -0.0385677
0.527113 0.00635086
0.57592 0.0503061
0.528602 -0.0133045
0.555676 0.0350548
0.547283 0.0183979
0.539258 -0.00226155
0.574401 -0.0217653
0.566158 -0.0122719
0.566487 0.0296749
0.581753 0.0146966
0.558334 0.0449641
0.56384 0.0270073
0.562622 -0.0116654
0.573321 0.00109566
0.527544 -0.0266357
0.553243 -0.00124405
0.589478 -0.00478779
0.584503 -0.0104668
0.550884 -0.00766056
0.56847 0.00819216
0.594682 -0.01212
0.549956 0.0225643
0.563959 -0.00563674
0.565672 -0.0232355
0.553299 -0.0677455
0.592783 -0.0296074
0.489415 0.0230603
0.54588 0.0746492
0.606854 0.0416245
0.565501 0.00337889
0.601953 -0.000454818
0.551316 -0.0202549
0.574542 -0.00348455
0.551616 -0.00568313
0.589129 0.00813388
0.583452 -0.0220755
0.557474 -0.0675027
0.538405 -0.00744787
0.503344 -0.0243665
0.584713 -0.0566259
0.586999 -0.0375596
0.565685 -0.00798504
0.572904 0.043759
0.538594 0.015427
0.536435 -0.0237807
0.594155 -0.0495779
0.586036 -0.000792719
0.582689 -0.0150365
0.537474 0.0136461
0.531866 0.0239126
0.528531 0.00353205
0.567368 0.0416259
0.542444 0.0306214
0.512833 -0.00398992
0.563937 0.0207705
0.519316 0.000920832
0.557718 -0.00772457
0.571292 -0.0183257
0.540302 -0.00298298
0.523007 0.0231783
0.550922 -0.00241289
0.614015 -0.00517424
0.558086 -0.00534315
0.573304 -0.00686473
0.547521 0.0192525
0.535999 0.0130146
0.532094 0.0242922
0.546704 0.0328704
0.529258 -0.0135336
0.556235 0.0200709
0.543158 0.023784
0.566646 -0.0152332
0.562914 0.02631
0.56888 0.0325326
0.498903 -0.0210888
0.551364 0.0514308
0.528436 0.0200953
0.554452 0.0317914
0.581466 0.0132157
0.560349 0.0114035
0.547628 0.0201196
0.554285 0.00111952
0.587638 0.0175986
0.613605 0.0123641
0.601058 0.0405328
0.548953 0.009615
0.545053 -0.00986147
0.586548 0.0296562
0.578951 -0.0396024
0.54405 -0.0317903
0.53762 0.00318804
0.533698 -0.0191206
0.577915 -0.0227727
0.545495 -0.000939339
0.564519 -0.0269045
0.570084 -0.0108624
0.577082 0.00926202
0.59096 -0.0534571
0.573945 -0.0433204
0.546409 -0.0282366
0.551453 0.0077285
0.557843 -0.0314188
0.548478 -0.0388242
0.54516 -0.0602837
0.574636 -0.0489138
0.526666 -0.0388126
0.569027 -0.00185266
0.557989 0.00319355
0.549117 0.00460577
0.552353 0.0139333
0.528425 -0.00387606
0.545438 0.0180623
0.595902 0.00140257
0.560875 -0.00992466
0.566306 0.0412134
0.587062 -0.00889266
0.548963 0.0129535
0.557652 -0.00230146
0.567595 -0.0177366
0.554599 -0.0101875
0.547017 0.00520915
0.52045 0.0473927
0.52605 0.0189018
0.545618 0.00838304
0.563775 -0.0136608
0.543489 0.00883573
0.501744 -0.0342226
0.552245 -0.000192022
0.554771 0.022106
0.558485 0.000154639
0.523405 0.042521
0.561134 0.0556315
0.562036 0.0509408
0.566384 0.0387358
0.546984 0.054929
0.549641 0.00423727
0.551984 -0.0135883
0.573497 0.0080423
0.55662 0.00226708
0.580943 -0.0300222
0.568189 -0.0159802
0.561422 -0.0193133
0.534078 -0.0307457
0.609759 -0.0035114
0.549718 0.0295069
0.542479 0.011076
0.546335 -0.0250452
0.565276 0.0256757
0.522642 -0.00602794
0.544071 0.0107313
0.534121 -0.00612477
0.553358 -0.00473764
0.545604 -0.0115144
0.561508 0.00517852
0.589347 -0.0191309
0.53678 -0.00307762
0.546696 -0.012989
0.536456 -0.0232839
0.57194 0.0215326
0.55191 -0.0382502
0.539646 -0.0109576
0.548888 -0.00507588
0.550833 -0.0297759
0.53265 0.061969
0.546576 -0.0239992
0.512588 0.00116384
0.565686 0.00793566
0.542146 0.0296943
0.564802 0.0286613
0.587779 0.0120808
0.543616 -0.00221477
0.529678 -0.0214489
0.493056 0.00659076
0.559509 -0.0629466
0.530838 -0.0240314
0.566348 -0.0375741
0.539581 -0.0192676
0.556257 -0.0357512
0.517782 0.00395531
0.540881 0.00911605
0.533974 -0.00179963
0.57474 -0.000487349
0.606362 -0.0080687
0.546804 -0.0126366
0.574595 0.0407431
0.563109 0.0347203
0.555385 0.0333276
0.524818 -0.0161897
0.546858 -0.0210125
0.524832 -0.0268507
0.562304 -0.0122915
0.53859 -0.0594182
0.530138 -0.00642473
0.547542 -0.000702547
0.603847 0.0205657
0.519254 0.0250625
0.525356 -0.0146039
0.549299 0.0188586
0.545861 0.018275
0.573758 -0.0351036
0.504494 -0.0297618
0.541994 -0.00608639
0.565299 -0.0179581
0.573365 0.0282593
0.536532 0.00709868
0.510412 0.00409416
0.549698 0.0339379
0.558138 0.0327639
0.535721 0.0122079
0.546665 -0.0304121
0.577248 -0.00922711
0.591497 0.0233158
0.573976 0.00372969
0.551165 -0.0293301
0.605327 -0.0177597
0.577875 -0.0197699
0.543667 0.0288127
0.605194 -0.00736489
0.564795 0.00753111
0.577567 -0.0511408
0.563668 0.037416
0.544422 0.0249148
0.532446 0.0185588
0.534064 0.00244216
0.568659 -0.011959
0.598922 0.00261928
0.557217 -0.0236634
0.555379 -0.0145853
0.567732 -0.0133312
0.538612 -0.00274404
0.549882 0.000977827
0.54982 0.0121746
0.540615 0.011808
0.564589 -0.00136291
0.565591 -0.0351084
0.577934 -0.00541902
0.621052 -0.00271548
0.571193 -0.0484786
0.541229 -0.0217908
0.544596 0.00821122
0.559474 -0.0398253
0.5842 0.0164703
0.575011 -0.0108374
0.61168 0.0175161
0.568929 0.00505677
0.561476 0.00492255
0.598781 0.0378573
0.615691 0.0153151
0.523375 -0.00239842
0.556703 -0.0148087
0.593846 0.00658806
0.582653 0.00160951
0.552903 -0.00424459
0.56185 -0.013868
0.596136 0.0147648
0.582437 0.0150218
0.559058 -0.00120062
0.544245 -0.00220867
0.568422 0.0191085
0.559594 0.0356845
0.581609 0.00978642
0.542458 -0.0119914
0.581324 -0.0200715
0.577281 -0.00729666
0.586187 -0.0350356
0.54699 0.0181283
0.575313 0.0325861
0.566552 -0.00899885
0.555268 0.000759437
0.545341 0.0556147
0.560168 -0.00173019
0.581938 0.00873515
0.545643 0.0459439
0.599674 0.000828372
0.557446 0.0191328
0.600156 -0.0139137
0.567721 -0.0353616
0.501479 -0.00497916
0.552163 0.0202541
0.553311 -0.0116237
0.585144 -0.00318682
0.577333 -0.00232829
0.582973 -0.00200533
0.580152 -0.00214596
0.609958 0.0157227
0.575202 -0.00969652
0.525307 0.0461167
0.540103 0.00596358
0.55281 -0.00703885
0.581182 -0.0120542
0.578639 -0.0278336
0.567809 0.0340874
0.59206 0.0278446
0.559044 -0.0103728
0.572098 -0.028494
0.565219 -0.0053534
0.526422 -0.00613977
0.553046 0.0246811
0.56336 0.00207723
0.538236 0.0118827
0.542749 0.0517608
0.594993 -0.012676
0.536486 0.00334475
0.567389 -0.00549548
0.541839 -0.0264832
0.577327 0.0497327
0.561617 0.00310702
0.574117 0.0154523
0.576442 -0.0228984
0.584133 -0.00671226
0.537863 -0.0119495
0.561354 -0.00628595
0.592014 -0.00397251
0.592498 -0.00930435
0.548391 -0.0359157
0.532289 -0.029679
0.541857 0.0224613
0.562349 0.00720759
0.562558 0.00345471
0.566248 -0.0239193
0.567833 -0.0719011
0.528881 -0.0509949
0.563134 -0.00116475
0.579106 0.0108274
0.567472 -0.0314979
0.522643 0.0159875
0.548746 0.00811255
0.538235 -0.00632474
0.545171 -0.0159287
0.50941 -0.0186833
0.560185 -0.0285388
0.528477 0.00290275
0.573122 -0.0738174
0.570197 0.00129716
0.569066 -0.0424198
0.539803 0.0179185
0.561383 0.00355201
0.557846 -0.0101778
0.598385 -0.0116305
0.534782 0.0219727
0.533447 -0.00145122
0.534402 -0.0173529
0.531917 -0.0132808
0.576908 0.00581186
0.569599 0.013903
0.544811 -0.0304983
0.547884 -0.00728547
0.543824 0.0322468
0.576386 -0.00662132
0.56618 -0.0237138
0.515753 -0.0119716
0.567222 0.0235022
0.518624 0.0070146
0.589524 0.0521275
0.557438 0.0534739
0.551126 -0.0104819
0.528048 6.00934e-05
0.529276 -0.0259398
0.577592 -0.0175268
0.589597 -0.0327458
0.559922 -0.0157322
0.566419 0.00670649
0.58896 -0.0198187
0.53186 -0.0478104
0.57216 -0.014157
0.55464 -0.0364521
0.523337 0.00473209
0.52788 0.0264939
0.530793 -0.0020479
0.520236 -0.044525
0.558821 -0.00794281
0.551699 0.000203323
0.49093 -0.0191981
0.561917 -0.0147207
0.545882 0.0177777
0.523227 -0.00393721
0.554892 -0.0141692
0.536933 0.0153927
0.597434 0.04344
0.563325 0.0448737
0.562372 0.0150862
0.548036 0.0297511
0.570682 -0.0733606
0.570217 -0.0292654
0.56968 -0.00542726
0.548058 -0.0162846
0.584834 0.0179124
0.530217 -0.012439
0.536651 0.0256068
0.585417 -0.0100904
0.55283 0.00460487
0.545529 0.0456645
0.559619 -0.00468451
0.527575 -0.0193053
0.531869 -0.0102012
0.547717 -0.00213118
0.566 -0.0176878
0.520741 0.0278259
0.539701 -0.0373987
0.53234 -0.0367855
0.534577 -0.0046512
0.534923 -0.0302836
0.526557 0.0245653
0.550074 -0.00335211
0.586745 -0.00605983
0.542789 -0.0365023
0.538137 0.00918817
0.566922 0.0258809
0.556487 0.0114735
0.564357 -0.0129795
0.561547 0.0233503
0.549811 0.0310189
0.542136 0.0297849
0.557504 0.011499
0.564245 0.00364146
0.586743 0.0062977
0.587031 0.0241519
0.572383 -0.0312203
0.515952 0.00258927
0.56893 0.00338057
0.591039 -0.0360313
0.558776 -0.0184604
0.565347 -0.0109999
0.535376 -0.00428279
0.53009 0.0387595
0.603889 -0.017755
0.551855 0.00456685
0.569401 0.0131649
0.585248 -0.0277321
0.557179 -0.00154973
0.553739 -0.0168086
0.528794 -0.0201491
0.58054 -0.0259813
0.592245 -0.069885
0.523667 -0.00665124
0.574573 0.00929952
0.500359 -0.0151918
0.563211 0.00957386
0.53867 -0.00374587
0.600214 0.0539129
0.556163 0.0330694
0.556442 -0.00630189
0.578571 -0.0122049
0.602895 0.00950858
0.58499 -0.0166096
0.567301 -5.17777e-05
0.545971 -0.00563999
0.557834 -0.0099195
0.548231 -0.0129278
0.55085 -0.00755535
0.578626 -0.00113134
0.589174 -0.0286248
0.584424 -0.0240878
0.59797 -0.00448325
0.532346 0.0154786
0.564918 -0.0293797
0.564084 -0.0301251
0.557073 0.000970124
0.545572 -0.0027026
0.57893 -0.023738
0.5902 -0.00305647
0.573485 -0.00446525
0.533156 -0.0155523
0.55917 0.00520399
0.550192 0.0206495
0.544913 0.00452777
0.546074 -0.0222045
0.537325 0.0180763
0.557579 -0.0132994
0.562386 0.0166438
0.556443 -0.0554059
0.587112 -0.0516149
0.558267 0.00869578
0.540573 0.0141345
0.459255 0.0229416
0.518398 0.0104125
0.53805 0.0172783
0.57088 -0.012244
0.605942 0.00889014
0.549799 0.0145409
0.538204 0.0346608
0.594223 0.0325442
0.580455 -0.0166285
0.556859 0.00832857
0.576027 0.0109535
0.579768 -0.00981391
0.569144 0.0115795
0.547003 0.00299908
0.570968 0.0166025
0.564719 0.00348944
0.571518 0.0195969
0.508599 0.00931586
0.554164 0.0573345
0.579375 0.0336823
0.565194 0.0249009
0.541852 -0.00150591
0.584262 0.0118351
0.592601 0.0263753
0.573437 0.00463641
0.582902 -0.0687979
0.571223 -0.0498012
0.558322 -0.0299411
0.529475 -0.0174276
0.579049 0.001555
0.568711 -0.0397294
0.562122 -0.0170696
0.573614 0.00480715
0.562212 0.00148786
0.555264 0.0211865
0.577659 0.0139157
0.546488 0.00721201
0.520624 -0.053574
0.568205 -0.0163312
0.589027 0.0481384
0.57658 0.00926216
0.582891 0.00816852
0.587457 0.00978291
0.57326 -0.0149194
0.569421 -0.0132208
0.539231 -0.0158001
0.5466 0.017137
0.556441 0.0328832
0.541433 0.00412075
0.553297 0.0141354
0.581625 0.025999
0.503607 -0.0260676
0.544271 -0.0205444
0.554623 0.0137232
0.539254 -0.000413646
0.524676 -0.00959295
0.554404 -0.00106667
0.55857 -0.016244
0.579659 0.00758453
0.580385 0.00200455
0.572219 0.00133406
0.560054 -0.0266245
0.590642 -0.0167386
0.565493 0.0119951
0.526744 -0.0113489
0.536665 0.0188309
0.545452 -0.0246971
0.541453 0.00862737
0.577848 0.0216249
0.523521 0.0158467
0.587067 0.00354127
0.556045 0.0249445
0.564371 0.00800193
0.55738 -0.0216262
0.581393 -0.00477432
0.538304 0.00875869
0.521433 -0.00211163
0.55708 0.0522011
0.580547 -0.000733969
0.568619 0.0578743
0.57772 0.0382756
0.564685 -0.00865507
0.557905 0.0457567
0.61501 0.0221319
0.553556 0.0428222
0.521503 0.008225
0.565931 0.0257497
0.566709 0.0362383
0.561188 -0.0128294
0.581693 -0.0202609
0.560129 0.0180741
0.492635 0.00820944
0.530141 -0.00531062
0.525477 -0.0417942
0.565361 0.0433262
0.548554 0.00877412
0.566854 -0.00651098
0.560551 0.0504627
0.565119 0.0182497
0.563503 -0.00806677
0.587331 -0.0206614
0.534989 -0.0184532
0.5329 0.0649416
0.522994 0.0231818
0.562317 0.02041
0.533638 -0.00364854
0.567068 0.0421154
0.5861 0.0363307
0.591148 0.0418837
0.575228 0.0510621
0.507944 0.0338549
0.608464 0.0226723
0.556257 0.014943
0.536718 -0.0176799
0.618637 -0.006797
0.557736 0.0316113
0.575547 -0.0113034
0.554082 -0.0410151
0.553454 -0.0576188
0.548167 -0.0158268
0.485319 0.0253579
0.529724 -0.0460787
0.521387 -0.00876271
0.512038 -0.0530533
0.515064 -0.0267741
0.537192 -0.0137315
0.586794 -0.0222238
0.560582 -0.00380993
0.572427 0.0226766
0.560228 -0.0166545
0.560416 0.000149611
0.532847 0.034041
0.542084 -0.00885236
0.608602 0.000635778
0.535992 -0.01257
0.535098 -0.0284526
0.605529 0.0175546
0.613662 0.00914586
0.612526 -0.000307611
0.582684 -0.00856364
0.592617 -0.0150639
0.560983 -0.0302909
0.574851 0.00334485
0.576462 0.0375715
0.598918 0.029127
0.564211 0.00121749
0.51932 -0.00309224
0.552355 0.0147932
0.545739 -0.00458012
0.581708 -0.0258243
0.575693 -0.0189512
0.576677 0.00139555
0.562865 -0.0160096
0.550037 0.0214247
0.589181 0.0045173
0.556419 0.0136302
0.577276 0.00706796
0.526201 0.0254781
0.568784 -0.013045
0.577844 -0.00848191
0.605202 0.00799691
0.560444 0.0281079
0.594071 0.0321813
0.555211 -0.0159877
0.564792 0.0133206
0.560956 0.0353302
0.540398 -0.00247293
0.549882 -0.0276589
0.521636 0.00687118
0.563278 -0.0229816
0.557601 0.0169081
0.526943 -0.00257857
0.547862 0.0217736
0.562892 -0.0174884
0.556825 -0.00208726
0.527299 -0.0295259
0.512008 0.0047973
0.545342 0.0151735
0.53714 0.00519768
0.52576 0.038486
0.530575 0.0117517
0.584741 0.00975105
0.578897 0.0357485
0.533266 0.00304606
0.516628 -0.0164701
0.5891 -0.037364
0.528518 -0.0354612
0.604931 -0.0191324
0.542717 -0.011778
0.579278 -0.0283896
0.521734 0.0063089
0.528747 -0.00656697
0.521281 -0.0116941
0.555761 -0.0134425
0.553213 -0.0231982
0.573882 0.0121303
0.586864 -0.00817041
0.542391 0.00735553
0.532797 0.00997506
0.551556 -0.0223662
0.588929 0.0175579
0.586667 0.00144576
0.571212 -0.00763052
0.556581 -0.022532
0.550354 -0.0126499
0.594511 -0.0090053
0.558485 0.0109271
0.572716 -0.0225973
0.517254 -0.0162375
0.574521 0.0319702
0.572418 -0.0180112
0.592548 -0.00441799
0.573287 -0.03326
0.57982 -0.0164788
0.546757 -0.0239478
0.560762 -0.0355105
0.575841 0.00950304
0.549665 0.0111698
0.555642 -0.032507
0.567694 0.00260787
0.565997 0.0209029
0.509656 -0.0398275
0.578657 -0.0244926
0.579785 0.0250433
0.562745 -0.00793614
0.575073 0.00775278
0.549122 0.0215956
0.565133 0.0159106
0.556732 0.014398
0.597085 0.0096434
0.560144 -0.0236783
0.567018 -0.0103025
0.53215 0.0417813
0.556557 0.00236396
0.580676 -0.0265105
0.521876 -0.00403361
0.550655 -0.00444464
0.543882 -0.035228
0.560456 -0.0166428
0.525182 0.00502288
0.599737 -0.00472819
0.564944 0.0372528
0.557293 -0.0166813
0.496092 0.00360887
0.520132 0.00369259
0.580537 0.0141505
0.557967 -0.0313319
0.576886 -0.0402213
0.599487 -0.014206
0.557301 -0.0161152
0.576326 -0.00582292
0.503927 0.029714
0.537598 0.0384608
0.539972 0.0241189
0.552754 0.0017427
0.539154 -0.0150795
0.55022 0.00931266
0.585469 0.00058006
0.56718 -0.000713141
0.529879 -0.015276
0.545844 0.0366218
0.535289 -0.0131918
0.564081 0.00476496
0.511713 0.0232407
0.543737 0.0190172
0.585029 0.00200986
0.5251 -0.00381314
0.508318 -0.0242314
0.560114 0.0035287
0.571977 0.000735675
0.54841 0.00306715
0.531925 0.0231072
0.515506 0.00404668
0.513127 0.0207041
0.524121 0.00384424
0.575345 0.0201735
0.603446 -0.0256089
0.540383 0.0106913
0.570714 0.0239852
0.597204 0.0510574
0.537228 0.00180489
0.550354 0.000772537
0.59549 0.0142495
0.571669 0.0426204
0.542432 -0.0277791
0.521772 -0.00942655
0.599758 -0.0207747
0.583431 0.00914445
0.568748 0.00607263
0.5979 0.0296618
0.542251 0.00721402
0.51813 0.00572691
0.517931 0.036923
0.579397 0.000599188
0.560068 -0.0109906
0.586853 0.00637747
0.560564 -0.00938024
0.567688 -0.0131603
0.589018 -0.00733017
0.512077 0.00951927
0.538569 0.0449364
0.540295 0.0336265
0.565966 0.0309678
0.536755 0.0270901
0.528698 0.0526666
0.524571 0.00662645
0.550988 0.0172677
0.535339 0.0348096
0.540712 -0.0129144
0.538616 -0.0325775
0.556151 -0.0308109
0.530078 -0.0185601
0.540123 -0.0651816
0.525033 -0.00630493
0.534795 -0.000492949
0.553519 0.00314805
0.540078 -0.00681863
0.541873 -0.0137332
0.565859 -0.00265219
0.525675 -0.00246517
0.569996 0.0235157
0.549197 -0.0337458
0.566333 -0.00444287
0.555188 -0.00946661
0.550979 -0.00425131
0.542625 0.0196336
0.563314 0.0117728
0.559851 0.0213379
0.561526 -0.0216841
0.573455 0.0343023
0.581494 0.0258312
0.55809 0.00247733
0.477692 -0.019552
0.551371 -0.0127174
0.585649 0.00596619
0.57081 0.00476447
0.525837 -0.0200255
0.545442 -0.0254456
0.499577 0.0317032
0.527085 -0.00918726
0.51908 0.0017953
0.53751 0.0380595
0.567507 -0.0170502
0.604321 0.0176076
0.550448 -0.0098714
0.572515 0.025622
0.535225 0.0154026
0.565256 0.037339
0.566672 0.0249615
0.553831 0.0238925
0.626419 -0.0221501
0.580411 0.0295001
0.548711 0.0183464
0.540058 -0.043614
0.541198 0.0370135
0.575654 -0.000821042
0.584726 -0.0352853
0.557458 0.0159603
0.544453 0.0120697
0.595505 -0.0202897
0.561954 -0.00765765
0.564878 -0.0465957
0.5732 0.00676425
0.583258 -0.00351384
0.604872 -0.0228162
0.551584 0.00378052
0.553143 0.0283724
0.582235 0.00795271
0.577854 0.0141921
0.615833 0.0107605
0.561273 -0.00983772
0.581936 0.0315605
0.594789 -0.0159289
0.559553 -0.016645
0.529509 -0.00148818
0.558218 -0.032248
0.538451 0.0178341
0.542497 0.043986
0.54289 0.00507693
0.567116 -0.000830207
0.502182 0.0464331
0.512948 0.0188757
0.526652 0.0472461
0.539938 0.0444764
0.535901 0.000495547
0.534902 0.00268441
0.572583 -0.0171759
0.600881 0.00766075
0.599024 0.00264131
0.56155 0.0204709
0.520418 0.0195018
0.559965 0.0159773
0.56532 0.0340332
0.529906 0.0356772
0.518635 -0.0529875
0.558044 0.0532452
0.576535 -0.0410599
0.5754 -0.0471552
0.557303 -0.0243848
0.555729 -0.0237731
0.565006 -0.0178475
0.578352 -0.00267274
0.589524 -0.0151464
0.594704 -0.0156893
0.578407 -0.00732025
0.544206 0.0106306
0.57693 0.0282993
0.571848 0.00198975
0.565939 0.0121749
0.599362 -0.00333328
0.512922 -0.00812936
0.569705 0.0293507
0.568085 -0.00622521
0.526971 -0.0158361
0.587329 -0.0200633
0.561762 -0.00505639
0.596653 -0.00310858
0.580352 0.0100998
0.568482 -0.0165818
0.603232 -0.00965772
0.566281 0.0167788
0.578196 0.000173606
0.5872 0.0154165
0.579669 -0.0117793
0.571268 -0.0287455
0.561495 0.0108321
0.556322 -0.01853
0.571171 0.0114169
0.578822 0.0027982
0.576683 -0.00170986
0.591696 0.0314094
0.56275 0.00362169
0.578604 0.0262055
0.553034 0.000325354
0.543603 -0.0236489
0.616964 0.0415013
0.570253 0.0131548
0.555705 0.00649
0.570092 0.032348
0.534875 0.0137949
0.563289 0.0334622
0.525169 0.0188494
0.572697 0.00864756
0.595852 0.011514
0.530354 0.00366559
0.47967 0.0395526
0.575513 -0.000781882
0.567734 -0.0248497
0.600014 0.0138545
0.563433 0.00269729
0.563145 0.00972404
0.558078 0.0116546
0.560797 0.0646757
0.569524 0.0284451
0.545735 0.0108847
0.551557 -0.00660908
0.523219 -0.0098809
0.588059 -0.0165049
0.536827 -0.0161337
0.544205 -0.0104212
0.56583 -0.008803
0.547253 -0.010962
0.554294 -0.00522029
0.586682 -0.0212496
0.554758 -0.0553434
0.600255 -0.0328611
0.58956 -0.0181273
0.584467 -0.0222437
0.550173 -0.00326756
0.544913 0.00466414
0.568977 0.0489414
0.588739 0.0250185
0.531869 0.00962483
0.54715 0.0054319
0.525145 0.0129037
0.544998 -0.00868006
0.570821 0.00533929
0.536109 0.00229621
0.589216 -0.0259699
0.595851 -0.00199198
0.59906 0.00968355
0.580402 0.0188627
0.589793 -0.025614
0.531992 0.0172923
0.58659 -0.0366968
0.560072 -0.0186037
0.612092 0.00548683
0.578705 0.0226838
0.549623 0.0121542
0.556156 -0.00103082
0.596246 0.0117583
0.55731 -0.00456334
0.587424 -0.0317482
0.592761 0.00393516
0.56785 0.00644133
0.574018 -0.0532936
0.552534 -0.0398746
0.492984 -0.0048033
0.550092 -0.0225693
0.541856 -0.00591535
0.558541 -0.0211295
0.553134 -0.0028723
0.565731 -0.00807783
0.57936 -0.0196126
0.540436 0.000577397
0.55085 -0.000210814
0.532876 -0.00783601
0.600966 0.0163712
0.559711 0.0303089
0.588735 -7.80417e-06
0.596885 -0.0109171
0.581878 0.0100207
0.574813 0.0115022
0.552675 0.0270949
0.576813 -0.00486171
0.559154 0.00759451
0.56327 0.01357
0.556445 0.0309278
0.54946 -0.0233223
0.532291 -0.0323157
0.519744 -0.00743811
0.566968 -0.0225748
0.582136 -0.0639867
0.535704 -0.0456741
0.553678 -0.0326814
0.561979 -0.0295819
0.532653 -0.0318946
0.540726 0.0260546
0.548066 -0.00914349
0.55242 -0.0251975
0.545257 0.0134066
0.508577 0.0341771
0.563822 0.00127647
0.53527 0.00389923
0.548201 -0.00413003
0.54538 -0.00767069
0.582744 -0.0246509
0.529809 0.00585281
0.545419 0.00019054
0.533032 0.00527037
0.548921 0.00792037
0.5672 0.00267226
0.570859 -0.020706
0.531475 -0.00716937
0.550022 0.00816039
0.585463 0.0237008
0.606956 0.00226378
0.585687 0.00707901
0.499078 0.0132372
0.553953 0.00454907
0.54796 -0.0600556
0.585803 -0.00232325
0.615819 0.0052434
0.517433 -0.0314495
0.564592 0.0229106
0.601326 0.0311476
0.579067 0.000664042
0.579101 -0.00566626
0.553755 0.022067
0.579941 -0.0398738
0.520444 -0.0163799
0.563353 -0.00547515
0.598475 0.0166363
0.58331 0.0431544
0.596295 -0.00515988
0.583614 -0.029363
0.560102 0.0109119
0.560746 0.0220845
0.52612 0.00859092
0.543681 -0.00583401
0.573021 0.00540306
0.538119 0.00554545
0.525645 0.0149869
0.543065 -0.00504773
0.581095 0.0570236
0.587365 0.0210126
0.551061 0.00432866
0.558013 0.00886981
0.615853 0.00715443
0.540765 0.0305406
0.594348 -0.0212428
0.573979 0.00256532
0.56891 0.00814604
0.569557 0.0231899
0.584243 0.00324359
0.605003 0.000210828
0.54136 0.0117251
0.589569 -0.0189872
0.562701 -0.033935
0.610975 -0.00816908
0.556908 0.013809
0.572912 -0.00740534
0.563819 -0.0254814
0.598271 -0.0227785
0.565759 -0.0267612
0.575635 -0.0444383
0.573056 0.0290336
0.575046 0.00692608
0.52592 -0.00658192
0.593182 0.0054236
0.540134 0.0240711
0.559264 -0.027238
0.526514 0.0404902
0.516344 0.000669124
0.516675 0.0227548
0.510718 0.003059
0.567781 0.03266
0.537497 0.0253338
0.560361 -0.0227008
0.560401 -0.00504983
0.543162 0.0206554
0.55572 0.00143581
0.552539 -0.0324453
0.557885 0.0024196
0.532174 -0.0327796
0.571091 -0.0556422
0.547688 -0.0184476
0.600554 0.00247821
0.536629 0.00661596
0.531539 0.00161783
0.556858 0.0013851
0.567693 -0.0311174
0.538893 -0.00284153
0.524724 0.0111036
0.520945 -0.0078059
0.524891 -0.00726781
0.536253 0.00636581
0.512649 -0.0147197
0.587592 -0.00289892
0.575223 0.0057427
0.579919 -0.00795018
0.598742 0.00231898
0.571875 -0.0167557
0.572777 -0.00598942
0.562955 0.0248402
0.567535 0.0239389
0.538498 0.00249265
0.531625 -0.0199144
0.57639 0.0061844
0.509043 -0.00686669
0.567614 0.0143851
0.538627 0.000133901
0.55671 -0.000717201
0.610318 -0.0336397
0.585447 -0.0252958
0.57031 0.0268801
0.592309 0.00871004
0.583413 0.0351963
0.541475 -0.00842118
0.531199 -0.0156428
0.607058 -0.00311955
0.582722 -0.0049747
0.598517 -0.0365156
0.570386 0.0116566
0.581014 -0.0532865
0.527794 0.00193762
0.532532 -0.0261655
0.54555 0.0201747
0.551754 0.0390477
0.526053 -0.00120217
0.587905 -0.00150723
0.537011 0.00469863
0.571427 -0.00602556
0.566538 -0.0109982
0.547832 0.0296332
0.595509 -0.00120375
0.561933 -0.0166826
0.560689 -0.0365293
0.565661 -0.0514215
0.569216 -0.000473086
0.574762 -0.00184021
0.57796 0.0149686
0.558225 0.0377035
0.554061 0.0339107
0.562885 -0.00462915
0.534526 -0.00959336
0.531578 0.0015947
0.53123 -0.00659678
0.567039 0.0458153
0.560006 -0.000235138
0.557594 -0.00457332
0.545853 0.0287688
0.589776 0.0200159
0.561937 0.042035
0.567122 -0.020554
0.561253 0.0336794
0.577624 -0.0144834
0.564406 -0.0147805
0.575889 -0.0599445
0.552958 -0.0145223
0.542967 0.0374059
0.555836 0.041812
0.533738 0.0693604
0.547936 -0.0257286
0.538895 0.00424308
0.540183 -0.0098544
0.573632 0.0147765
0.584969 0.0352617
0.595702 -0.0216697
0.586172 -0.0143871
0.553596 0.00779335
0.552261 -0.0470126
0.590195 -0.0527863
0.543469 0.0229971
0.583738 -0.0334987
0.551932 -0.0476922
0.548169 -0.0507429
0.517224 0.017848
0.524648 -0.00420567
0.585832 0.0114514
0.54848 -0.00514276
0.547032 -0.00942214
0.600253 0.00204125
0.598373 -0.0324245
0.565589 -0.00885293
0.564781 -0.0137998
0.598944 0.0278258
0.570373 0.0135741
0.550491 0.0399826
0.536931 0.0241559
0.553667 -0.0258815
0.571112 -0.0181963
0.513026 -0.0228548
0.548063 -0.0362383
0.56327 0.0301002
0.572413 0.0216686
0.576964 -0.00400615
0.585734 -0.00797263
0.568024 -0.00763211
0.579953 -0.0276262
0.607848 -0.0339374
0.583772 0.000299938
0.584773 -0.0393953
0.537406 -0.0282401
0.578584 -0.00367952
0.568124 0.0201364
0.574889 -0.0145084
0.540023 -0.0191062
0.553698 0.0160977
0.558204 -0.00625585
0.57974 0.0406116
0.537885 0.0258258
0.5449 0.0205624
0.574883 -0.0142561
0.535923 -0.00370218
0.502895 0.0216988
0.55558 0.0697622
0.558513 0.0327156
0.546571 0.0242507
0.546458 0.0444903
0.556716 0.031342
0.564104 0.0326581
0.505503 0.0479939
0.541726 -0.0551722
0.561609 -0.00194101
0.544454 -0.0158332
0.558048 0.0207003
0.567542 0.000849112
0.574404 -0.00332831
0.571093 -0.0124251
0.575567 0.0347307
0.536818 -0.0107727
0.521374 -0.0168799
0.574399 -0.0160001
0.534913 0.00705124
0.55259 0.0148409
0.51952 -0.00720739
0.528196 0.0154026
0.589176 0.0178712
0.572265 -0.00327014
0.534066 -0.0316335
0.527242 0.0123204
0.557935 -0.00652316
0.599581 -0.0252838
0.603685 -0.01545
0.568472 -0.0177592
0.585659 -0.0127174
0.538929 0.0491311
0.565974 -0.0128791
0.561564 0.00770531
0.58066 -0.0234511
0.569814 -0.00223999
0.586892 -0.000340876
0.591065 0.0132178
0.598124 -0.0313259
0.638412 -0.000753584
0.608908 0.0128692
0.614769 0.00235251
0.543193 -0.0215296
0.558094 0.00725137
0.552807 0.017978
0.565482 0.001268
0.613887 0.00735448
0.608808 0.00724686
0.577218 0.00315381
0.571873 0.0116461
0.577749 0.00433427
0.536891 -0.0158186
0.540629 0.00064923
0.548631 0.0079188
0.545345 0.00520451
0.532841 0.0257387
0.526081 0.0425066
0.565581 0.0348632
0.531086 0.0344446
0.55686 0.0367973
0.558077 0.0596099
0.508627 -0.0196383
0.541043 -0.00576585
0.554359 -0.0156018
0.512318 -0.0418132
0.572095 0.00440501
0.552691 -0.0249686
0.516625 -0.031383
0.556458 0.0128829
0.551094 -0.0183067
0.582746 0.0249825
0.571069 0.0210624
0.562493 0.0236257
0.571091 0.0196495
0.565322 0.0365291
0.560557 0.030766
0.54335 0.00713142
0.589454 0.00941685
0.552808 -0.0216693
0.550702 -0.00593258
0.580362 0.0123287
0.617048 0.00820336
0.566049 0.0269204
0.527116 0.0173932
0.575877 0.00676433
0.594291 0.0166592
0.56631 -0.0110086
0.611793 0.039365
0.588584 0.069286
0.557803 0.00876874
0.555418 0.0250268
0.534003 0.0499181
0.545118 0.0400626
0.554748 -0.0111127
0.557744 -0.0220372
0.572578 0.0129609
0.547421 -0.00816257
0.557563 0.06151
0.549722 -0.00230655
0.555763 -0.0102903
0.557181 -0.00084882
0.590758 0.0256857
0.56819 0.0390915
0.551924 0.0322282
0.529603 0.0164565
0.551155 0.0345004
0.579442 0.0356496
0.577049 -0.0202737
0.551119 0.040962
0.578157 0.0363448
0.564872 0.00969011
0.541079 0.0325617
0.536046 0.00607609
0.513946 0.000447178
0.566421 -0.00404918
0.547529 0.00517195
0.547326 0.0451715
0.535978 0.0155405
0.579384 -0.00145841
0.581614 -0.0320784
0.603097 -0.037257
0.571595 0.0257229
0.528275 0.00440423
0.59165 0.00542924
0.59216 0.0155046
0.566276 0.0247198
0.576968 0.022534
0.574252 -0.00735929
0.575133 -0.0113885
0.561814 0.0162169
0.594133 -0.00150882
0.598079 -0.00641424
0.620346 -0.00631614
0.568315 -0.0198859
0.566732 -0.00208957
0.54956 0.0168346
0.59631 0.0177919
0.604669 -0.031146
0.582235 0.00745245
0.557941 -0.0406925
0.575629 0.00771918
0.512788 -0.0391621
0.558479 -0.0229715
0.544516 -0.00536097
0.569148 0.00920612
0.55411 -0.0213319
0.530224 -0.00304075
0.542436 0.020736
0.536769 0.00318027
0.54956 -0.0484088
0.514677 -0.0612091
0.548257 -0.0176783
0.586076 0.01302
0.53432 -0.0242491
0.523409 0.029411
0.540178 0.0440312
0.571438 0.00191087
0.539489 0.000657914
0.573984 0.00647777
0.52934 -0.00951265
0.553227 -0.0183996
0.563908 -0.0147502
0.582727 0.00710907
0.569632 -0.0146874
0.560049 0.0384517
0.582189 0.0263341
0.523663 -0.0249172
0.59946 -0.00295299
0.593541 0.00832374
0.552911 0.0426688
0.555066 0.0096843
0.555591 -0.0157254
0.534536 0.0135059
0.530425 -0.0324404
0.601087 0.0288835
0.563466 -0.0189438
0.565595 0.00509298
0.556187 -0.0147937
0.586772 0.0299837
0.547863 0.025754
0.587261 0.021779
0.5484 -0.00687572
0.56408 -0.029032
0.586015 0.0047875
0.5462 0.00671689
0.566948 -0.0244699
0.545648 0.00435904
0.531759 0.0105534
0.552509 0.00508699
0.54965 -0.0226306
0.560803 -0.061408
0.567836 0.0182771
0.532957 -0.00357382
0.564301 -0.0089119
0.572416 -0.00917651
0.584116 -0.000982528
0.557891 0.00600324
0.560685 0.0150329
0.517498 -0.0214323
0.543331 -0.035525
0.553315 -0.00123946
0.551093 -0.041649
0.568191 -0.00924899
0.557219 -0.0213443
0.542597 -0.0401028
0.571277 0.0121173
0.570569 0.03739
0.578734 0.010777
0.531817 -0.00684655
0.565777 0.00718435
0.495509 -0.00611127
0.551229 0.0107787
0.543674 0.00731387
0.59243 0.00244165
0.562231 0.0118704
0.593484 0.0167891
0.590972 0.011709
0.60697 -0.00809258
0.617433 0.00547874
0.540056 -0.00649183
0.575967 -0.0378044
0.539996 -0.041608
0.528776 -0.0677061
0.557719 0.0254365
0.547184 -0.00519892
0.592675 0.010792
0.537137 -0.00735908
0.579942 -0.0161065
0.550719 -0.012473
0.565816 0.000733262
0.550361 -0.0371749
0.547498 -0.012194
0.560924 0.0120332
0.536253 0.0185819
0.559397 -0.0351406
0.561512 -0.00929083
0.596123 0.00683027
0.60589 -0.0107649
0.601849 -0.00519902
0.613286 -0.0218294
0.577272 -0.0161042
0.572715 -0.0351673
0.580114 -0.0209324
0.554948 -0.00090405
0.585053 -0.00567574
0.572914 -0.0236125
0.557578 0.016947
0.578905 -0.00644708
0.563502 -0.00788867
0.573357 -0.023409
0.582378 0.0126096
0.605702 -0.0434903
0.575996 -0.0261421
0.520886 -0.00818893
0.565704 0.0113635
0.539203 -0.0296032
0.560493 0.016823
0.532725 -0.0151362
0.585929 -0.0194111
0.570156 -0.00712601
0.551769 0.00078858
0.549358 -0.0258217
0.560642 0.0110415
0.589624 0.0505582
0.611514 0.039763
0.519779 0.030108
0.570942 0.0240747
0.544967 0.0169319
0.563208 0.0142153
0.600565 0.0230326
0.576892 0.0216724
0.539492 0.025997
0.57666 0.00153505
0.551029 0.00457099
0.599493 -0.0485161
0.53976 -0.00140415
0.548983 0.0123413
0.573793 -0.00854056
0.56602 0.0275878
0.54536 0.00529588
0.534212 0.0444404
0.584149 0.00883922
0.544644 0.00597448
0.59076 0.0187229
0.56638 0.0295454
0.581645 0.0269039
0.57381 -0.00260505
0.559836 0.0153671
0.541431 -0.0118454
0.567519 -0.00581606
0.537665 0.0112295
0.563154 -0.013679
0.550704 -0.0256535
0.524804 -0.00679166
0.562052 -0.02173
0.531814 -0.00135477
0.531713 0.00236452
0.57302 0.0121037
0.546664 -0.00220087
0.569399 0.0136044
0.599759 -0.000235721
0.553058 -0.0272521
0.564176 -0.00819185
0.561345 -0.0175801
0.579613 0.015852
0.590889 -0.00785948
0.559671 0.00135457
0.571713 0.0166301
0.544038 -0.00874246
0.562109 0.0263028
0.566599 -0.0118043
0.584046 0.0174366
0.559923 0.0128481
0.60673 -0.0362006
0.571841 -0.0153216
0.587136 0.0473571
0.597729 -0.00675384
0.571138 0.00621478
0.594987 0.00165744
0.569599 -0.00977807
0.589589 -0.00657118
0.549563 0.0101934
0.533786 -0.0314719
0.569334 0.00993624
0.57176 -0.020305
0.582416 -0.01071
0.539119 0.0346477
0.607005 -0.00576011
0.606623 -0.0193083
0.606758 -0.00696895
0.553443 0.0262248
0.589461 -0.00628582
0.580613 -0.0273788
0.56954 0.018931
0.547116 -0.0213024
0.515953 -0.0438004
0.561248 -0.0165208
0.578183 0.0141327
0.551808 -0.0243158
0.546254 -0.0440224
0.521201 -0.0148043
0.547185 -0.00409987
0.549562 -0.00839923
0.562271 0.0124095
0.538198 -0.00386854
0.58883 0.03178
0.550698 -0.00173494
0.529412 -0.0109973
0.590663 0.0024357
0.60835 0.0518434
0.565259 -0.00433521
0.572182 0.00165776
0.507561 -0.0488211
0.556492 0.0171687
0.549011 -0.0251025
0.585793 -0.0104519
0.533619 -0.00486095
0.529356 -0.00120326
0.576248 0.0364852
0.543357 0.00315827
0.554666 0.000333862
0.534011 -0.0129594
0.556822 -0.0403229
0.552658 0.0411211
0.533061 -0.0138286
0.55806 -0.01186
0.561741 0.0082859
0.588196 -0.00541274
0.54924 -0.00146053
0.552675 -0.0150147
0.582242 0.00646268
0.584038 -0.0200752
0.56317 0.0060557
0.563472 -0.0393029
0.564305 -0.00702193
0.530577 -0.0543802
0.518457 -0.00280269
0.552549 0.00354951
0.550123 -0.0407489
0.526326 -0.0452257
0.558517 -0.0191452
0.559931 0.00969506
0.55869 -0.0019497
0.537923 -0.00422246
0.59637 -0.0348269
0.576441 -0.0226666
0.548596 0.0222069
0.56411 -0.00627562
0.522591 -0.00806238
0.554792 -0.0165208
0.55245 0.0298607
0.565646 0.0324577
0.565052 -0.0134891
0.579892 0.00256079
0.564149 0.0312259
0.545742 -0.0433068
0.579414 -0.012976
0.528882 0.0151051
0.587581 -0.029582
0.558056 -0.0248034
0.517224 -0.0364519
0.559336 -0.0446417
0.542548 -0.0427475
0.56141 -0.0454766
0.524492 -0.0119
0.577294 -0.000748557
0.549822 -0.0331037
0.579094 0.00542252
0.568899 -0.0233643
0.560221 -0.019556
0.524573 -0.0508714
0.576622 -0.0148925
0.566153 -0.00930178
0.557758 -0.00111603
0.597825 -0.053875
0.585481 -0.0185026
0.528773 -0.03182
0.576748 0.00574829
0.572253 -0.000189005
0.58396 -0.013581
0.565302 -0.0203108
0.581517 -0.0151776
0.594677 -0.0171698
0.597238 -0.0285366
0.580406 -0.0215317
0.586285 -0.0255586
0.568309 -0.00401901
0.554616 -0.00310117
0.579762 -0.0128396
0.540875 -0.0151175
0.53076 -0.029061
0.579093 0.00333108
0.5713 0.0188214
0.605305 0.00217506
0.594056 -0.0246118
0.536444 -0.0256922
0.543796 -0.011032
0.544153 0.0214456
0.543796 0.00549368
0.563443 0.0198034
0.590567 0.0162937
0.568441 -0.0181266
0.521103 0.0026734
0.552714 -0.0180883
0.566882 0.0145586
0.553853 0.00115456
0.544093 0.0418835
0.54991 -0.02903
0.590122 0.0082472
0.546617 -0.00957279
0.535398 0.00887909
0.504785 0.0152312
0.564935 -0.012464
0.513469 -0.0012918
0.555987 -0.000704776
0.531191 -0.00929856
0.556518 -0.0128738
0.53254 -0.038422
0.555989 -0.0258347
0.544169 -0.0129306
0.55237 0.00234739
0.532465 -0.0163463
0.551486 -0.0475188
0.564998 -0.0287589
0.560725 -0.00284113
0.568016 -0.0285006
0.598643 -0.00564702
0.568472 -0.0390244
0.548963 -0.0175057
0.523286 -0.00486056
0.509731 0.013187
0.550241 0.0152381
0.520911 0.0508201
0.522206 0.0517331
0.543097 0.032746
0.54783 -0.000119183
0.590995 0.0265739
0.547826 -0.00823287
0.580726 0.000847521
0.61505 0.0534629
0.564246 0.0323514
0.589445 0.0596312
0.561835 0.00542245
0.54669 0.0062739
0.546758 -0.0210032
0.577888 -0.0330692
0.567898 0.0108909
0.547554 -0.00805404
0.57365 -0.0194638
0.568817 -0.00513801
0.56557 -0.00179195
0.569638 -0.0173405
0.576019 -0.000621793
0.563722 -0.0330186
0.547869 -0.0244276
0.554687 0.0220142
0.58339 -0.00703084
0.577413 0.000211077
0.575527 0.023868
0.53398 0.0108923
0.551655 0.00392667
0.553067 0.0283021
0.563134 0.00844511
0.544798 0.0202849
0.564356 0.0319524
0.584359 -0.0213153
0.63646 -0.00869086
0.590976 -0.0115386
0.558134 0.0069676
0.577036 -0.00189109
0.551697 -0.0138517
0.552422 -0.0370888
0.562315 -0.0112788
0.566136 -0.0231949
0.558724 0.00106958
0.540832 0.0012485
0.512537 -0.0189659
0.585569 0.00523245
0.590139 0.01715
0.548795 0.00501875
0.520971 -0.0163526
0.566005 -0.0582224
0.548202 -0.019878
0.578917 -0.00999862
0.538738 -0.0570977
0.56466 0.00238255
0.568113 -0.0423756
0.608631 0.0058742
0.498825 0.0200161
0.551162 0.0096817
0.598723 0.00842393
0.507679 -0.0360782
0.55043 -0.0122472
0.555703 -9.20915e-05
0.587062 -0.0135795
0.590471 -0.0461819
0.536732 -0.0284748
0.55577 0.000903267
0.571065 -0.021996
0.613435 -0.0214554
0.539452 -0.00622809
0.580554 0.018234
0.558722 0.0260854
0.540036 0.0146189
0.53765 0.00682218
0.594021 0.0389495
0.554667 0.0100897
0.544564 0.0061366
0.565906 -0.0354152
0.570601 -0.0315929
0.527846 -0.0353344
0.569918 -0.0329714
0.563818 -0.00991971
0.541989 -0.016908
0.551556 -0.0153448
0.568433 -0.0235348
0.566215 -0.00664598
0.562114 -0.0591943
0.550252 -0.0300288
0.53993 -0.048137
0.552318 -0.0270701
0.564459 -0.0227691
0.541478 0.0143305
0.535268 0.0396849
0.524851 0.00504992
0.532404 0.0591222
0.570477 0.0250609
0.570339 0.0363443
0.55661 0.0297225
0.586321 -0.0104345
0.569803 0.0527639
0.533253 0.0257907
0.558884 0.0351137
0.554642 0.0253846
0.548163 -0.0116677
0.545247 0.0452225
0.542834 0.0299976
0.54832 0.00251377
0.557257 0.0279933
0.552844 0.0494709
0.576949 0.0519947
0.512708 0.016795
0.548744 0.0232622
0.545066 0.0325231
0.555946 -0.0242894
0.544573 0.0330035
0.538587 0.00549166
0.564834 -0.00657222
0.578241 0.0280281
0.57912 -0.0154569
0.556883 -0.00156871
0.569669 0.0417608
0.569307 0.0109479
0.569855 0.0422513
0.590776 0.0352473
0.583115 0.0109002
0.56696 0.0277444
0.575887 -0.0187188
0.588123 0.0234782
0.547928 0.036085
0.553539 0.0477283
0.52912 -0.015973
0.563342 0.0200514
0.555386 0.00642408
0.518984 0.0702849
0.549386 0.0159366
0.514852 0.0344266
0.505803 0.00374753
0.513466 0.00341416
0.521612 -0.0113722
0.545365 0.0250025
0.53079 0.0315601
0.548764 0.000285948
0.561923 0.0110589
0.545052 -0.0232285
0.544039 -0.0279291
0.531559 0.0280455
0.563411 0.00896482
0.518595 0.00516345
0.566833 -0.011852
0.616541 0.0023826
0.571289 -0.0111238
0.580055 -0.0224895
0.543297 -0.00941146
0.551981 -0.0356211
0.552172 -0.00953528
0.56925 -0.0232709
0.559428 -0.0119731
0.53451 -0.0201326
0.571052 0.0360014
0.543958 0.0302516
0.51413 0.00694371
0.539537 0.0391489
0.488019 0.00802717
0.52522 -0.0220856
0.555685 0.023335
0.576141 0.0010248
0.598275 -0.0231058
0.581152 -0.013166
0.578636 -0.0211803
0.572149 -0.0295442
0.562629 -0.00467025
0.552722 0.00636036
0.508 -0.0335871
0.560905 0.00926637
0.566986 0.0255116
0.591536 -0.0152035
0.58044 -0.00408694
0.584705 0.000947959
0.565451 0.0375333
0.559658 -0.0352766
0.589295 0.0134421
0.554309 -0.00600912
0.53189 0.00752857
0.556484 0.0270397
0.546024 0.0280925
0.562153 0.028509
0.594865 0.00528611
0.56472 0.0164115
0.588982 0.00652523
0.58553 -0.0102719
0.590025 0.0440482
0.53786 0.0192047
0.514919 0.0119713
0.524542 -0.00450077
0.562545 -0.0152265
0.53496 -0.0389157
0.564088 -0.0691055
0.517099 -0.0202416
0.52263 -0.017359
0.54894 -0.00876924
0.566479 0.00203139
0.568242 -0.0109515
0.552912 0.00878322
0.513603 -0.0299757
0.563624 -0.0433847
0.547621 -0.00282387
0.56313 -0.0551107
0.567016 -0.00572883
0.551405 -0.015476
0.560355 0.0266314
0.534618 0.0108946
0.55912 0.00431855
0.57252 -0.0268672
0.570067 0.0178053
0.552482 -0.0139726
0.576307 0.00310515
0.555067 0.0478819
0.583534 0.0354518
0.587717 0.0241673
0.51806 0.0224655
0.548205 0.0150824
0.523155 0.0265546
0.542288 0.0530964
0.569274 -0.0037038
0.546812 -0.0322289
0.580198 0.00135244
0.536915 -0.0297374
0.543764 0.018148
0.514942 -0.00130918
0.564904 0.0178308
0.54844 0.0118131
0.558645 0.0127075
0.56478 -0.0307242
0.580868 -0.0073474
0.525533 0.0139328
0.577089 0.0308485
0.566244 0.0323065
0.540164 -0.00166265
0.559441 -0.0209723
0.536913 0.00980454
0.542856 0.0177224
0.53309 0.0182174
0.590329 -0.0330036
0.573543 -0.0106611
0.582387 0.0206154
0.55658 0.0235131
0.525662 -0.0184527
0.552678 -0.0250757
0.533938 -0.0299366
0.530564 -0.011312
0.555446 -0.0203015
0.552263 -0.0304109
0.563911 -0.00783895
0.525262 -0.0239715
0.54539 -0.0268782
0.536421 -0.00496368
0.563477 -0.0397936
0.558478 -0.0194792
0.538436 -0.00738406
0.52625 0.0175803
0.542415 -0.00152163
0.577153 -0.0200831
0.573781 0.0107213
0.569188 -0.0240031
0.562542 -0.0130267
0.583055 -0.0103587
0.542281 -0.0423387
0.561795 -0.00713343
0.574839 0.0220376
0.591312 -0.0152798
0.561977 -0.00141824
0.557037 -0.0110418
0.558008 -0.0145612
0.537678 -0.0109507
0.520253 -0.034574
0.527993 0.00480839
0.545001 -0.013944
0.480248 -0.0405185
0.544448 0.00802165
0.569758 -0.0226866
0.538591 -0.0245972
0.519326 0.0222151
0.573182 0.0109956
0.592392 0.00467162
0.534697 0.0420313
0.519467 -0.0131403
0.58458 -0.0185615
0.583323 0.0259788
0.631527 0.00412398
0.604048 -0.017107
0.539575 -0.0450141
0.574335 -0.010221
0.540287 -0.021079
0.524197 0.00777251
0.610536 -0.00409144
0.600758 0.0272446
0.611809 -0.00817244
0.588437 0.01204
0.597545 -0.00977851
0.558081 -0.0218245
0.603601 0.0140095
0.601113 0.0308414
0.599734 0.0120221
0.583119 0.0113994
0.567398 0.0180444
0.561394 0.00177263
0.532634 -0.0118554
0.58978 -0.0264394
0.530029 0.01884
0.548334 0.00200042
0.565924 -0.0157513
0.540869 -0.0464203
0.5603 -0.0254511
0.608887 -0.0434272
0.595698 -0.00600714
0.565107 -0.0234621
0.580917 -0.018053
0.532948 -0.0221419
0.546202 -0.0146749
0.549179 -0.039006
0.543765 -0.025275
0.572497 0.0151197
0.519995 0.0133008
0.567969 0.00941457
0.540234 -0.00457471
0.55157 -0.0408512
0.586488 0.0171767
0.558641 0.0228945
0.519189 0.0193571
0.561132 -0.0542382
0.555207 -0.0378419
0.513926 0.0154022
0.569629 -0.017246
0.555716 0.00723623
0.54936 -0.0194692
0.601389 -0.0195315
0.569691 0.00952765
0.579639 -0.00997848
0.525474 0.0438863
0.545963 -0.000397839
0.533642 0.00570986
0.532657 0.0275922
0.553163 0.0426408
0.495562 0.0302037
0.585899 0.033803
0.549956 -0.016433
0.553212 -0.0132409
0.58415 -0.0410017
0.581722 -0.019501
0.555489 0.0129467
0.604573 0.0167421
0.551311 0.025708
0.544388 0.0261416
0.573464 0.0273002
0.565642 -0.0343051
0.5765 0.0272598
0.532683 0.0223515
0.551691 0.00270289
0.568621 0.00634414
0.554389 -0.00371234
0.557937 0.00979873
0.549069 0.0120171
0.536885 0.00309454
0.580774 0.0410523
0.546538 0.0045734
0.56214 0.00363764
0.553215 0.0287248
0.593366 0.0421148
0.585596 -0.00199056
0.553079 0.00783004
0.605143 -0.0178376
0.584337 -0.00042761
0.587065 -0.0298343
0.565753 -0.0576429
0.533258 -0.0352082
0.573359 -0.0442972
0.576143 -0.0316682
0.57799 -0.0114405
0.61751 0.0132629
0.570654 -0.00186199
0.566187 -0.00958032
0.574214 -0.0292743
0.556046 -0.0237407
0.543061 0.0330517
0.573236 -0.0409738
0.581277 -0.0331523
0.532205 -0.0232002
0.581759 -0.00585984
0.524788 0.0406024
0.546989 0.0293144
0.558052 0.041772
0.5527 0.0575209
0.564038 0.00549296
0.552278 0.0390391
0.567631 -0.024453
0.573213 0.0205221
0.546321 -0.0183928
0.52182 -0.00330705
0.565155 0.00758863
0.534978 -0.0204131
0.562959 0.0194839
0.559807 0.0101808
0.555596 -0.0255066
0.521856 -0.00526235
0.576556 0.00204862
0.518178 -0.0225812
0.552164 -0.0200057
0.569615 0.00150568
0.533485 0.0360654
0.541572 0.009533
0.564508 -0.00699509
0.579823 -0.0130294
0.590641 6.86371e-05
0.548251 0.0234244
0.561053 0.00476041
0.572575 0.0175241
0.536138 0.00407507
0.572303 0.0132008
0.5398 0.010796
0.552387 0.0264611
0.548201 0.00227344
0.548566 -0.029471
0.546626 0.0113334
0.525437 -0.00576526
0.529675 -0.000206201
0.596497 0.00765956
0.559951 0.0178831
0.582376 -0.0312809
0.568716 -0.0315834
0.55079 -0.021156
0.555027 -0.0143256
0.55309 -0.0191737
0.580612 -0.013662
0.543718 -0.039771
0.522064 0.0141712
0.55635 -0.0467442
0.595683 0.00374347
0.556967 -0.0303826
0.543898 0.0294128
0.535301 0.0200322
0.531495 0.00397899
0.54455 -0.0253669
0.535934 -0.0176251
0.543312 0.0115339
0.579823 0.00453507
0.517976 -0.0185813
0.502937 0.0235628
0.53524 -0.00141841
0.532379 0.020411
0.576188 0.0324393
0.578283 0.014731
0.53145 0.0209656
0.571706 0.00537947
0.556732 -0.0244384
0.566151 -0.0543456
0.568345 -0.0144949
0.529105 -0.00254551
0.544346 -0.00713375
0.573373 -0.0233413
0.571181 0.00469367
0.558966 -0.00667972
0.548737 -0.0410219
0.592122 0.00361019
0.581671 -0.0171856
0.558789 -0.0254313
0.597946 -0.0089629
0.583618 -0.0212988
0.572759 -0.0236506
0.58668 0.0043156
0.582802 -0.0245268
0.553338 0.0059177
0.572244 -0.0209004
0.583518 0.00262807
0.596142 0.0127553
0.585273 0.00971119
0.57622 -0.0217849
0.533559 -0.0195598
0.577793 0.00299822
0.589655 0.00423751
0.563403 0.000105004
0.590538 0.0169536
0.591838 0.00853415
0.569664 0.00381719
0.568407 -0.0302528
0.593313 0.00978543
0.56612 -0.00221454
0.569787 -0.0170525
0.564476 0.00824382
0.591039 0.0541908
0.60914 -0.00862599
0.579766 0.0547043
0.570257 0.00790091
0.592638 0.0379524
0.586675 0.0378003
0.557857 0.018782
0.567513 -0.0146055
0.549171 -0.000886271
0.53139 -0.000342937
0.54775 -0.0123594
0.541172 0.0313921
0.562885 0.00682613
0.57159 -0.000533312
0.555936 -0.00891979
0.57736 -0.0656473
0.483732 -0.0293462
0.499127 -0.0102322
0.560007 0.020082
0.534445 0.00372081
0.552854 -0.0283763
0.533968 -0.0181084
0.511573 0.00422439
0.536767 0.0133928
0.553282 0.00865058
0.574821 0.00165095
0.559722 -0.0501132
0.566413 0.0355312
0.55616 0.0310379
0.554773 -0.0238021
0.517985 0.0295462
0.542569 0.0239306
0.547694 0.0246036
0.552152 0.00449566
0.532254 -0.0111392
0.544897 -0.0392573
0.565801 -0.0278777
0.522083 -0.0051283
0.520789 -0.0104878
0.496684 0.0218571
0.534687 0.0448514
0.520232 0.0265061
0.56703 -0.0135032
0.537043 0.00196153
0.564366 0.0178976
0.570261 -0.0053801
0.561106 -0.0291726
0.555894 0.0358325
0.520153 0.0601124
0.567273 0.0169583
0.544384 -0.0144369
0.558676 -0.00490367
0.596695 0.00376036
0.553702 -0.00363427
0.54275 0.001122
0.572547 -0.0261864
0.55249 -0.0296081
0.574318 -0.0276036
0.540789 -0.0155131
0.577294 0.016105
0.578874 0.0284996
0.560908 0.0225372
0.530666 -0.0039769
0.54165 0.000756816
0.529817 0.000152913
0.549671 0.0100111
0.550609 0.00907337
0.573019 0.0300153
0.565783 0.0435356
0.546275 -0.0170832
0.5427 0.00525337
0.539003 0.0171386
0.547395 -0.00804302
0.543442 -0.011727
0.571211 -0.023707
0.549694 -0.0278665
0.541622 -0.00785676
0.551202 0.00209671
0.541765 -0.00576029
0.5957 -0.00799076
0.544397 0.0236994
0.606493 -0.00608967
0.63292 -0.0121251
0.61738 -0.00118167
0.579897 -0.00538619
0.601798 0.00710863
0.595022 -0.0128486
0.578107 0.0396082
0.616469 -0.00326823
0.569507 0.0339132
0.582667 -0.023579
0.592057 -0.00692585
0.560707 0.0155161
0.570972 0.0178937
0.57033 0.0431612
0.551549 -0.0147568
0.591936 0.00150729
0.6083 -0.0387318
0.549681 0.0132886
0.597379 0.0474762
0.558172 0.0499986
0.554488 0.0419877
0.564268 0.0117792
0.544258 -0.00712248
0.546381 0.00828481
0.561846 -0.0197873
0.552763 -0.00592354
0.584107 0.0474377
0.574891 0.0208382
0.537624 0.0281683
0.56648 -0.015739
0.557989 -0.0250165
0.54415 0.00916207
0.545268 -0.00858837
0.542243 0.00253909
0.55889 0.00726418
0.55302 -0.0122408
0.60836 0.0326736
0.552364 -0.0215451
0.555709 -0.0444437
0.580085 0.0208082
0.572255 -0.00877571
0.567733 0.0401812
0.570888 -0.0196677
0.58088 0.0249766
0.580396 -0.0203605
0.549992 -0.009742
0.54831 0.0281903
0.542237 0.0264431
0.566226 0.0298823
0.578077 -0.00891554
0.574765 -0.00527862
0.530293 -0.00779562
0.567806 -0.036731
0.572573 -0.0341649
0.55494 -0.0277084
0.625625 0.0163237
0.582235 0.00593079
0.575868 0.000367317
0.602569 0.00345135
0.563457 -0.0031219
0.587341 0.0173615
0.563902 -0.0108054
0.628904 0.0366162
0.643474 -0.00331805
0.609576 -0.0104317
0.632236 0.0135714
0.600352 0.0263911
0.601333 0.0191226
0.551803 0.00930055
0.51814 -0.0328443
0.534336 -0.0124176
0.547314 0.0263684
0.584361 -0.0191425
0.573066 -0.0785279
0.557148 -0.0258793
0.594968 -0.0304909
0.547494 -0.0300417
0.533989 -0.0212617
0.556626 -0.006539
0.541542 0.000668886
0.575982 -0.0211427
0.595092 0.0255663
0.573296 -0.0286462
0.536901 0.000364126
0.535361 0.00157966
0.567798 -0.0417131
0.579468 -0.0121394
0.550233 -0.0169134
0.57797 0.0107042
0.55913 -0.015636
0.57309 -0.0105004
0.556007 0.0197612
0.559218 0.0379839
0.565428 -0.0323062
0.574329 0.0139899
0.562067 -0.00199318
0.55077 -0.0407359
0.560469 0.0421593
0.546457 -0.0130266
0.531901 -0.0312935
0.538358 0.0135935
0.556044 -0.0241146
0.521647 0.0309204
0.600249 0.00862414
0.542376 0.0387633
0.50175 -0.0278545
0.583281 0.0237587
0.558418 0.0308949
0.531586 0.00231811
0.539005 -0.0121681
0.529227 -0.016979
0.548364 0.0504619
0.545563 -0.00313531
0.558369 -0.022485
0.5431 -0.00951601
0.573526 0.00963029
0.602936 -0.0213785
0.579891 0.0100025
0.601615 0.00052038
0.565087 0.0171777
0.588065 -0.0413114
0.548532 0.0284984
0.567208 0.00178936
0.575411 -0.0122041
0.570251 -0.0298096
0.522795 -0.00681114
0.530245 -0.0278241
0.55537 -0.0378997
0.542084 -0.0187511
0.579747 -0.000478829
0.574091 0.00279119
0.546632 0.0147122
0.56668 -0.0600689
0.531928 0.00826183
0.532805 -0.00444076
0.579164 -0.0233344
0.556178 -0.029038
0.540058 -0.000879401
0.571243 -0.00129277
0.570954 -0.0321386
0.533771 0.0290795
0.545175 0.0236727
0.556682 -0.0214405
0.556676 -0.0151056
0.542718 -0.00299896
0.523581 0.0262076
0.537449 0.0509025
0.538481 -0.0501369
0.571452 0.0231593
0.50569 -0.0280568
0.507409 -0.030819
0.540839 -0.00692842
0.575359 0.0137952
0.569749 0.0239729
0.529529 0.027778
0.592832 -0.0214223
0.557822 -0.00947823
0.551668 -0.00838809
0.576087 -0.00836624
0.591313 0.0194381
0.537466 0.0268716
0.583957 0.0117924
0.533021 -0.0383961
0.542031 -0.0151909
0.563718 0.0194633
0.563554 0.00534469
0.529704 -0.0100769
0.546331 -0.0247621
0.581197 0.0363963
0.599758 -0.000567128
0.560141 -0.0227045
0.560558 -0.00561375
0.539559 0.0108924
0.559473 0.00809219
0.543644 0.0301138
0.529353 0.008985
0.558351 0.0143585
0.583574 0.0105522
0.538818 -0.00767182
0.543672 -0.003267
0.553098 -0.0245544
0.54457 -0.010304
0.549302 -0.00726133
0.630131 0.0033475
0.568203 0.00280089
0.58323 0.00866168
0.5865 0.0116326
0.567333 0.0107985
0.592955 -0.0311091
0.602384 -0.000783451
0.565083 -0.0316246
0.544282 -0.0356793
0.53221 0.0534477
0.522195 -0.00205285
0.503179 0.00332869
0.521477 -0.00868321
0.529708 0.0021961
0.532421 0.0256882
0.52878 0.0216334
0.548896 0.0249394
0.561135 0.00550776
0.52883 -0.00710661
0.570224 -0.0308487
0.544145 -0.0215477
0.564351 -0.0207193
0.544475 -0.0128372
0.565849 0.000962878
0.533738 -0.0231345
0.585015 -0.0125441
0.548474 -0.0601268
0.563293 -0.00794313
0.528534 -0.00981078
0.591638 0.00605975
0.526974 -0.0262137
0.524968 -0.0304242
0.557779 0.0013468
0.556965 0.0255841
0.550274 0.0245248
0.593903 0.0149821
0.565428 -0.0118992
0.578702 -0.00104054
0.561112 -0.0142123
0.572889 0.0256132
0.563465 -0.00147498
0.597533 -0.0133877
0.545522 0.00831364
0.507321 -0.0242425
0.525279 0.00971154
0.567553 -0.0253064
0.537531 0.0104932
0.545635 0.00542241
0.566745 0.013254
0.558025 0.0201313
0.550066 0.0296908
0.522202 -0.0260693
0.553037 -0.0239874
0.570355 -0.0431335
0.54058 -0.00355223
0.563994 0.00574003
0.53236 -0.0219097
0.551627 -0.0232592
0.557329 -0.0155743
0.555017 0.00633291
0.508821 0.0469541
0.555738 0.0143423
0.546759 -0.00906587
0.537544 -0.00888711
0.539603 -0.0163386
0.554052 -0.00152526
0.521334 0.0159001
0.587591 -0.00637028
0.564367 0.0067458
0.590061 0.00426432
0.597136 -0.00394209
0.597927 0.0134709
0.623698 0.0117548
0.568707 0.0218592
0.584223 0.037524
0.597821 0.0211871
0.549905 -0.00820969
0.565271 0.0099317
0.586601 -0.0101206
0.59683 0.0387902
0.580593 0.0188613
0.585123 0.0340007
0.557393 -0.0133311
0.568028 0.00771757
0.570674 0.0469143
0.548054 0.0315493
0.521694 0.00674296
0.574785 0.0106288
0.571514 0.0377415
0.599874 0.0552316
0.585403 0.0399593
0.558623 0.0257967
0.595705 0.0054946
0.569377 0.0425295
0.531296 -0.0139634
0.580861 -0.027033
0.545954 0.0245398
0.56943 0.0225749
0.608817 0.0369259
0.547749 0.0304357
0.547069 0.0605487
0.572522 0.0223967
0.547502 0.0327913
0.57786 0.0469477
0.569147 0.0153135
0.552497 0.0528414
0.525538 -0.005554
0.603919 -0.0047835
0.535485 0.00227119
0.54872 0.0198414
0.517382 -0.0037777
0.568558 0.0370813
0.52775 0.0231495
0.553959 0.0149483
0.583735 0.00471529
0.576546 -0.0329858
0.57065 0.00554425
0.58367 -0.00286598
0.554888 -0.0114944
0.54807 -0.00957742
0.60585 -0.00307989
0.546176 0.0146801
0.526712 0.0314926
0.566346 0.00590694
0.564853 -0.0215619
0.514153 -0.0268036
0.560981 0.0222448
0.542154 0.0132477
0.580584 -0.0244355
0.515064 -0.0399825
0.564513 -0.0200201
0.484853 -0.0485046
0.538496 -0.000251919
0.496987 0.0364716
0.557467 0.00277668
0.520441 -0.0195276
0.532273 -0.00916204
0.589738 -0.0139015
0.550993 -0.0307313
0.562931 0.0159253
0.568724 -0.0175487
0.545893 0.000716091
0.554844 0.000401449
0.514962 -0.0105936
0.543465 -0.00722252
0.563061 0.0163373
0.519221 0.00859807
0.552687 -0.0237954
0.567994 -0.00284474
0.567191 0.0112228
0.544468 0.0383174
0.550784 -0.0193539
0.568887 0.00907112
0.595608 0.0053318
0.560381 -0.0270777
0.518898 0.0148783
0.576769 -0.015869
0.554773 0.0209586
0.523238 0.0174193
0.558257 0.0140457
0.564915 -0.0254743
0.556953 -0.0015787
0.557203 -0.0291853
0.565611 -0.0180207
0.556254 -0.0292221
0.546305 -0.00617275
0.556057 -0.0391435
0.566169 -0.0294525
0.526868 0.0234448
0.554248 -0.049332
0.541315 0.0146125
0.531679 -0.0304704
0.550141 0.0136691
0.506702 0.00963789
0.535388 0.00626838
0.550568 0.0487261
0.51229 -0.0178989
0.563202 0.0146833
0.535815 -0.00906513
0.521287 -0.00117471
0.513405 0.00497773
0.588542 -0.00322955
0.520775 -0.0131555
0.544151 0.0146732
0.584451 0.0261707
0.555427 -0.0123442
0.631027 0.00337545
0.539312 -0.0214442
0.602702 0.0117437
0.595955 -0.0222987
0.521116 0.000752124
0.526577 -0.00754762
0.564648 0.0143348
0.537595 -4.89677e-05
0.549004 -0.0128957
0.590289 -0.0428456
0.573018 -0.0460855
0.562875 -0.0402345
0.545164 -0.0149499
0.549074 0.00948533
0.589896 -0.00126648
0.589563 -0.00534416
0.551781 0.00357581
0.564398 -0.0418013
0.614722 -0.0135919
0.553743 0.00577647
0.576505 -0.0077428
0.552587 -0.0421235
0.552521 -0.0156698
0.568879 0.000934038
0.59287 -0.0165526
0.574707 -0.00848302
0.538145 0.00282277
0.57867 0.0364307
0.570872 -0.0212535
0.564785 0.0281048
0.59432 -0.0409093
0.515438 0.00610781
0.518622 -0.0262484
0.573703 0.00481924
0.580979 0.00395182
0.580128 -0.0197514
0.558717 -0.0137056
0.536329 0.0118583
0.587285 0.0230108
0.617865 -0.00520709
0.538924 -0.0298397
0.537704 -0.0110875
0.540183 -0.019349
0.529204 0.00118976
0.563236 0.0466806
0.598832 0.0328212
0.5549 0.0453281
0.558795 -1.03475e-05
0.562773 0.0147261
0.525671 -0.002713
0.593208 -0.0241743
0.560411 -0.00762258
0.567675 -0.0262835
0.538922 -0.03393
0.562995 -0.0324816
0.545087 0.0169883
0.579368 -0.00775895
0.537259 -0.00627241
0.561055 0.018588
0.566058 -0.00184805
0.551924 -0.0645949
0.525411 -0.0368678
0.557572 -0.012045
0.554626 -0.0113788
0.544699 0.0546096
0.559261 0.0312104
0.502047 0.0171411
0.560888 -0.0177768
0.532564 0.00821808
0.551341 -0.0373735
0.559114 0.0363585
0.569542 0.0464934
0.534158 0.0326029
0.577435 0.0325679
0.539512 -0.0192265
0.572336 -0.0302615
0.568892 -0.00706695
0.573999 0.00242511
0.562801 -0.022307
0.538485 0.0266244
0.533965 0.0218541
0.54473 0.00245325
0.537971 0.0147954
0.530188 0.0034471
0.539377 -0.0318999
0.555729 -0.0165813
0.514925 -0.00108531
0.571274 -0.00268139
0.560111 0.0151569
0.540933 -0.00490408
0.560085 -0.0301332
0.549782 0.00270737
0.507258 -0.0331527
0.496796 0.000564653
0.573464 0.00856424
0.548655 0.026637
0.539449 0.00797654
0.5062 -0.00864734
0.497496 0.0143751
0.547645 -0.000696973
0.526906 0.00884568
0.561861 0.0116114
0.609869 0.0172885
0.585715 0.0065181
0.611113 -0.0156963
0.577297 -0.0130897
0.579227 -0.0559072
0.566415 -0.0376707
0.571267 -0.00930503
0.560685 -0.0357576
0.512922 -0.00750743
0.550394 0.038669
0.595141 0.0279597
0.567272 0.0102081
0.565762 -0.0147245
0.619703 -0.0138773
0.580517 -0.00504953
0.574049 -0.0285327
0.555318 3.84214e-05
0.539809 -0.0125891
0.547625 -0.00689309
0.535582 0.00650488
0.55643 0.00660165
0.54073 -0.0124876
0.570653 -0.0156431
0.560963 -0.0114713
0.567413 -0.0183354
0.538891 -0.0186257
0.527994 0.0289324
0.543006 0.0301485
0.589625 0.0133467
0.605677 -0.036815
0.573586 -0.0133606
0.530332 -0.0171128
0.576026 0.0252628
0.575629 -0.0152253
0.555204 -0.00119694
0.590645 -0.00834327
0.605796 -0.0158559
0.575492 0.010461
0.59279 -0.0126905
0.588336 0.00106924
0.596122 -0.00749429
0.572019 -0.0212162
0.539087 -0.0352411
0.538889 -0.0228876
0.538309 0.00416315
0.527485 0.0118593
0.549745 0.0108132
0.556257 0.0202656
0.580442 0.0113569
0.560459 0.0031744
0.53151 0.00465742
0.544147 -0.00713782
0.529481 0.0113014
0.489839 0.000755068
0.547886 -0.0418155
0.564693 0.00555675
0.521208 0.0091473
0.535805 0.0200893
0.562715 -0.00555972
0.541851 -0.0274476
0.538121 -0.00707275
0.572181 -0.00417107
0.530623 0.0203676
0.512997 0.0166591
0.526001 -0.00753609
0.559691 0.0242391
0.547707 0.00278451
0.540663 0.033777
0.530893 -0.00615908
0.535438 -0.0495996
0.497394 0.016147
0.560513 0.0334129
0.567535 0.0314449
0.586697 -0.00750407
0.549006 -0.0325177
0.563499 -0.0245393
0.569891 -0.00859072
0.555427 -0.0416498
0.542443 -0.0198257
0.588238 0.00378338
0.51389 -0.0351791
0.558092 0.00848058
0.5782 0.000419599
0.564234 0.0022824
0.575973 -0.00671655
0.581691 0.00350663
0.599421 -0.00994816
0.559073 -0.0014485
0.527942 0.0146911
0.544833 0.0179884
0.527941 0.000258634
0.601939 0.0110796
0.587961 -0.00751229
0.561001 0.00166529
0.569224 -0.00247082
0.558743 -0.0123666
0.550808 -0.0383883
0.544543 -0.0180556
0.555688 -0.00732432
0.584578 0.00592501
0.590445 -0.00972779
0.545961 0.0132386
0.514871 0.0190478
0.564098 0.012
0.518501 -0.0137533
0.526824 -0.0206906
0.543756 -0.0107277
0.525089 -0.0211947
0.507727 0.0119446
0.529379 0.025535
0.534022 -0.0116825
0.58469 -0.0070156
0.592855 -0.00559715
0.591465 0.0378348
0.552768 0.0699792
0.496215 0.00858576
0.535267 0.00118408
0.550915 0.0149874
0.547132 -0.0210222
0.529921 0.00599785
0.55281 -0.02006
0.549569 -0.0272596
0.58055 0.0032595
0.536103 -0.016213
0.574259 -0.0293216
0.569733 -0.0108682
0.5872 -0.0357342
0.531739 -0.0151752
0.610829 -0.04301
0.57821 -0.00701186
0.540521 0.0113299
0.568297 -0.00175293
0.544596 -0.00405678
0.541852 0.036133
0.556589 -0.00773423
0.567961 0.00347123
0.568703 0.0120896
0.594025 0.0132476
0.573662 0.0280707
0.569179 -0.0060272
0.525443 -0.0366215
0.539332 0.0102653
0.553237 -0.00752403
0.546217 0.0227976
0.569482 -0.0291046
0.54419 -0.00202699
0.55556 -0.0433128
0.581435 0.0133481
0.526563 0.0150435
0.559514 -0.00615195
0.535836 -0.0335769
0.558815 0.0258773
0.576223 0.0408654
0.544844 0.0331957
0.575036 0.0127309
0.60253 -0.00426089
0.605414 0.0160066
0.570491 0.0296555
0.525497 -0.00790024
0.538467 -0.0137622
0.535811 -0.00692314
0.543088 -0.0345666
0.545869 0.0179248
0.642184 0.022237
0.580876 -0.0207011
0.564755 0.0482129
0.59916 -0.00787715
0.578677 0.0171384
0.572315 0.0314059
0.597242 0.0217673
0.584879 0.0118675
0.612791 0.02778
0.551291 -0.0304539
0.573204 0.0253986
0.583295 0.0295097
0.57642 -0.0416253
0.53987 -0.00743221
0.554028 -0.0292942
0.595921 -0.0343009
0.60061 -0.0538749
0.600937 -0.00485908
0.56968 0.00673323
0.568108 -0.0257135
0.585429 -0.00965401
0.579662 0.0319367
0.565239 0.0145804
0.548105 0.00359919
0.58133 0.030776
0.528811 -0.0184454
0.569526 -0.00569049
0.546786 -0.0357264
0.563758 -0.019468
0.562294 -0.056332
0.576676 -0.0336278
0.558327 0.0104101
0.562878 -0.0290389
0.513897 0.0347337
0.522118 0.00573961
0.541283 -0.00404606
0.573413 -0.0130067
0.55143 -0.0245449
0.531027 -0.018991
0.526512 -0.0062212
0.519456 0.0106148
0.550568 0.00711389
0.557892 0.0263202
0.570271 0.0099258
0.525987 0.00391295
0.520442 -0.0224975
0.534501 0.0221468
0.506934 0.00324989
0.521817 0.043782
0.561879 0.031471
0.515093 0.031911
0.560007 0.00907174
0.566239 0.0123681
0.568853 0.0355283
0.512322 0.0246066
0.536881 -0.0197036
0.574954 -0.000699721
0.573898 0.00603449
0.541019 -0.0246491
0.5516 0.0180179
0.535928 -0.00610013
0.555895 0.0125932
0.550924 0.00565361
0.567732 -0.0121849
0.525435 -0.0276274
0.51268 0.0148993
0.553725 -0.0251918
0.57624 -0.0111962
0.578919 -0.057154
0.557158 -0.0365327
0.515573 -0.00500451
0.557505 0.0304184
0.556237 0.00988364
0.550042 0.00650635
0.635377 0.00385734
0.590142 -0.00219201
0.55657 0.0173427
0.556444 0.011161
0.578112 -0.0133751
0.583483 0.0170293
0.580746 -0.0136613
0.536825 -0.0473722
0.561636 0.0117751
0.602264 -1.91713e-05
0.576161 0.010103
0.531728 0.00966436
0.632852 0.0176034
0.550491 0.00640453
0.609671 -0.00112484
0.541813 0.0281891
0.545822 -0.03817
0.537603 0.0018174
0.537817 -0.000927735
0.569209 -0.00514987
0.537331 -0.00610044
0.540856 -0.00211129
0.54758 0.0292033
0.551895 0.0219705
0.582984 0.00750448
0.534302 0.0195182
0.545519 -0.0130785
0.550954 0.0113504
0.584909 0.0172475
0.557665 0.0403526
0.580531 0.0310403
0.539127 0.0559555
0.53662 0.00378913
0.530888 -0.00545271
0.518565 0.0153525
0.586775 0.0302086
0.57063 -0.0154785
0.519351 0.00612721
0.501953 0.0652114
0.560708 0.0173118
0.55759 -0.000275096
0.544129 -0.00585739
0.507998 -0.00360828
0.55003 -0.0361418
0.523816 0.00317571
0.550931 -0.0235045
0.538971 0.0277069
0.52881 0.03611
0.552582 -0.0160534
0.577374 -0.0150886
0.560379 0.00529295
0.5967 -0.0320934
0.567608 0.00506195
0.598255 0.0272841
0.58795 0.00295024
0.571658 0.0200758
0.575842 0.0404683
0.580634 2.17764e-05
0.553779 0.00761508
0.567913 0.0336942
0.535982 0.0177401
0.556602 0.0161772
0.564285 -0.0377119
0.558489 -0.029393
0.524981 -0.024108
0.568098 0.0280255
0.515541 -0.0150111
0.561556 0.00319036
0.542801 -0.0281468
0.567493 -0.0142325
0.534011 -0.0410166
0.584537 -0.0128972
0.55773 -0.0216545
0.545 0.0498405
0.5056 0.0704191
0.57163 0.00224141
0.563282 -0.011569
0.532524 0.041844
0.571747 0.0352535
0.515473 -0.0368406
0.547188 -0.0195384
0.602883 -0.0383966
0.520137 0.0335398
0.538384 -0.0412971
0.527152 0.0307526
0.537907 -0.00570348
0.551466 -0.0263707
0.553753 0.016171
0.549995 -0.0118422
0.595993 0.0163221
0.596033 0.0190827
0.539692 -0.000165038
0.561509 -0.00899906
0.514175 0.0133901
0.583248 -0.000125332
0.570173 -0.0211255
0.538673 -0.0310129
0.573816 -0.0443357
0.601786 -0.0576128
0.587492 -0.0163503
0.569538 -0.0108692
0.591985 0.0130686
0.551866 0.0215172
0.512751 -0.0608161
0.536912 -0.0355383
0.565398 -0.0253424
0.540541 -0.00112404
0.532932 -0.0107698
0.536988 0.0386998
0.571938 -0.00786025
0.601651 0.0275868
0.533164 0.0363011
0.585383 0.0139824
0.546752 0.0284412
0.576215 0.0203443
0.557359 -0.0121633
0.543589 0.0426861
0.53502 0.029882
0.520909 0.0444996
0.520848 0.0206846
0.609694 -0.0384618
0.507058 -0.0336591
0.534338 -0.0185074
0.554455 -0.00742802
0.56133 -0.0380398
0.547354 -0.0215922
0.555666 0.040959
0.535569 -0.009047
0.535235 -0.00692311
0.564124 0.000611042
0.55814 -0.0114446
0.565467 -0.0120343
0.511409 0.00483498
0.564713 -0.0252057
0.571357 -0.00109078
0.557498 -0.0612824
0.554498 -0.024805
0.538069 0.0389447
0.566262 -0.0261198
0.55288 -0.0120457
0.550432 -0.0401871
0.583075 0.0400988
0.550781 0.0339936
0.52353 0.0279932
0.525258 0.034196
0.529356 0.0280348
0.542013 0.0260326
0.583652 0.0332228
0.555204 0.027004
0.568699 -0.0136314
0.538949 -0.00913779
0.552714 -0.0367536
0.588829 -0.0266905
0.56226 -0.0195406
0.551344 -0.0399915
0.544406 0.00804695
0.582211 0.00678119
0.497311 0.00082092
0.560635 -0.0204387
0.519097 0.0111146
0.536356 -0.0172926
0.546034 0.0115458
0.527813 0.00203163
0.557508 -0.0109051
0.520531 0.0413232
0.555577 0.0180657
0.540187 -0.00347078
0.533792 -0.035856
0.513107 -0.0255083
0.542282 0.0189614
0.563316 -0.0104443
0.535363 0.00686199
0.578876 0.00982434
0.53899 0.0209941
0.548584 0.0356824
0.560451 0.0553539
0.543981 0.0242985
0.567511 0.0145232
0.588604 0.0144477
0.575131 0.019148
0.565118 -0.0103201
0.578539 -0.0270382
0.529892 -0.0154842
0.561434 -0.00131874
0.57531 0.0187625
0.579291 0.0637517
0.603725 0.0153418
0.59031 0.00960746
0.550202 -0.00454829
0.559813 0.0220589
0.572909 0.0238813
0.520043 0.00911926
0.5647 -0.0439336
0.563777 -0.000138384
0.530566 -0.022428
0.526936 0.0112148
0.58453 0.00930231
0.545413 -0.0162496
0.586293 0.00245295
0.579944 -0.00744993
0.574222 -0.000925706
0.579574 -0.00514192
0.557054 0.0599589
0.545762 -0.0062439
0.550025 -0.0113422
0.543272 -0.0414981
0.544299 -0.0523189
0.499932 0.0231759
0.543761 -0.0314773
0.562525 -0.0441393
0.558127 0.00264863
0.551624 -0.0309522
0.596966 0.00398628
0.569874 -0.0123691
0.595002 0.00105998
0.599272 0.0149999
0.630671 -0.0148791
0.577662 -0.0439407
0.544382 0.00727079
0.595636 0.0341261
0.606584 0.0161654
0.572939 0.00408818
0.551079 0.0224777
0.534438 -0.0129522
0.557784 0.0071561
0.510866 -0.0166847
0.551001 0.00604377
0.548386 0.00206563
0.573741 -0.00739774
0.581818 -0.00482053
0.56598 -0.00602192
0.528621 0.0141113
0.533167 0.00593347
0.547079 0.0285873
0.554145 -0.000924528
0.542812 -0.00850697
0.555622 -0.0520495
0.543272 -0.0215152
0.556005 -0.0112293
0.56466 -0.0102571
0.55519 -0.0283754
0.569789 -0.0429963
0.555973 -0.0243196
0.539141 -0.0239214
0.554761 -0.0107127
0.588569 -0.039087
0.569958 0.00101937
0.533715 -0.0167687
0.551212 -0.0340402
0.552691 -0.00418773
0.555452 -0.00605579
0.605377 -0.0100078
0.559597 0.00893887
0.571168 0.00312493
0.559762 0.0236142
0.562198 -0.063206
0.552062 -0.0222235
0.599833 -0.019913
0.57465 -0.00662354
0.571864 0.000493206
0.520959 0.00161092
0.521723 -0.010262
0.559491 0.0176456
0.549081 -0.0112924
0.534087 -0.000505276
0.560425 -0.0116746
0.571231 -0.0141173
0.55401 0.00630898
0.554918 -0.027083
0.568564 0.0173723
0.533739 0.00790845
0.578895 0.0557091
0.545176 0.057632
0.541325 0.0688872
0.518071 0.00620657
0.526742 0.000350517
0.557857 0.00741058
0.577208 -0.00403773
0.589596 -0.0183078
0.557755 -1.32295e-06
0.559985 0.0319048
0.570802 0.00723554
0.556505 0.0120165
0.567214 0.0466159
0.555488 0.0151285
0.562142 0.0183035
0.55611 0.0114742
0.557801 -0.0114183
0.562393 -0.0234163
0.569577 0.0272344
0.553428 -0.0394532
0.581837 -0.0298863
0.569906 -0.0376151
0.574498 -0.0348709
0.584727 -0.0375233
0.562833 0.00133037
0.564218 -0.0248614
0.577272 -0.018913
0.561345 0.014728
0.562579 -0.0344352
0.570368 -0.0155077
0.560126 0.000500555
0.581197 -0.0162987
0.560107 0.0461524
0.584745 0.0355422
0.597602 0.0249042
0.573376 0.0327651
0.569017 0.006731
0.583888 0.0195405
0.604122 -0.016055
0.581629 -0.0414042
0.588021 -0.0260163
0.578774 -0.00610885
0.56507 -0.00465988
0.533933 0.00050714
0.583534 -0.0462843
0.568601 -0.0135957
0.534601 -0.0184808
0.590126 -0.00776488
0.586113 0.0342795
0.545524 0.0130124
0.570575 0.00697668
0.51565 0.00299021
0.572925 -0.0188852
0.55838 0.00527385
0.574277 -0.0198555
0.549252 0.00391811
0.518239 -0.0273582
0.575904 -0.00932676
0.577729 -0.00056606
0.555129 -0.0187648
0.564079 0.0176875
0.555651 -0.00281718
0.535287 0.0289
0.539684 -0.00197769
0.54909 -0.00431846
0.529688 -0.00692401
0.536019 0.0169016
0.506916 0.0183558
0.535348 0.0115874
0.543259 -0.00199708
0.538909 -0.0289426
0.521864 0.0130219
0.555132 -0.00384469
0.580267 0.0315807
0.525782 0.00772602
0.545102 0.0190803
0.527311 -0.036297
0.547724 -0.0543853
0.588997 -0.0138656
0.546292 -0.0151057
0.533801 -0.00931028
0.529689 0.00146497
0.554032 -0.000817084
0.529256 0.0031709
0.589046 -0.036706
0.551753 -0.0086006
0.543892 -0.0326658
0.538685 0.0101797
0.536805 0.00351597
0.570464 -0.0268539
0.573908 -0.0145916
0.588081 -0.0435192
0.578694 -0.0282508
0.506844 -0.0372597
0.50207 0.027445
0.534687 -0.012682
0.56292 0.00474588
0.560309 -0.0289021
0.546669 -0.0391156
0.5856 -0.00636741
0.534199 -0.0256023
0.55925 0.0185546
0.589509 -0.0086137
0.55488 -0.0154798
0.539824 0.0234518
0.555708 -0.0474534
0.551304 0.0029206
0.587348 0.010766
0.590568 0.00193485
0.555279 0.000133459
0.552291 0.0107123
0.545345 0.00671972
0.577589 0.00693587
0.550424 -0.00903679
0.563806 0.0114223
0.563361 0.0117158
0.545951 0.0223593
0.549597 0.018078
0.53296 -0.0104837
0.586855 -0.00499328
0.582822 0.0173905
0.592013 0.00515947
0.575158 0.0481798
0.569811 0.0202821
0.588079 0.0059852
0.62339 0.0201035
0.612163 0.0177891
0.610701 0.00558745
0.571019 -0.0105287
0.581036 0.0627199
0.580176 0.0596803
0.546923 0.0158101
0.57869 0.0141016
0.54668 0.0112759
0.499529 0.0124481
0.554695 0.0313035
0.559657 0.0145912
0.597123 0.0157048
0.563706 0.0060324
0.590928 -0.00156278
0.55511 0.00815836
0.558686 -0.0270678
0.565241 -0.00839447
0.525272 -0.00909208
0.523407 0.00530787
0.528435 0.0167607
0.559104 0.00795798
0.572675 -0.00845571
0.541934 0.00663226
0.553944 -0.0162998
0.528502 0.0145218
0.536341 -0.0263178
0.553137 -0.0135692
0.584174 -0.0536775
0.527059 0.0086087
0.503805 0.00323332
0.559295 -0.00817366
0.563405 -0.0449574
0.539031 0.0338368
0.548596 -0.0214335
0.575169 0.0226627
0.532171 0.0563176
0.540658 0.016801
0.55028 -0.0368596
0.552785 -0.0212918
0.606967 -0.0310934
0.537691 0.010717
0.546059 0.0305445
0.575144 0.00895865
0.542571 0.013965
0.568635 0.0545592
0.528566 0.0617707
0.580337 0.0277342
0.57014 -0.00858354
0.586325 0.0303839
0.569424 0.0284718
0.518304 0.0108603
0.573469 0.00842198
0.59709 -0.0331833
0.546248 0.00537417
0.592628 0.00574372
0.587635 -0.0222945
0.569269 0.00327519
0.555627 0.0228174
0.60935 0.00742689
0.574005 -0.000204091
0.587324 -0.00565628
0.559017 -0.0132497
0.528131 -0.00794387
0.527985 0.0213563
0.587562 -0.00961331
0.55778 0.0513857
0.534486 -0.0127772
0.551747 -0.0108798
0.567789 -0.000465444
0.567021 0.0266676
0.547452 0.0502924
0.513842 -0.00119753
0.588755 0.00801018
0.580216 -0.00939503
0.618374 -0.0063112
0.601014 -0.00106328
0.577451 0.00291734
0.552586 0.00131568
0.593372 -0.00149975
0.546124 0.000557558
0.58511 0.00357881
0.552266 -0.00146712
0.574893 -0.000819931
0.576264 -0.00597808
0.571273 -0.0160053
0.595392 -0.0256595
0.567785 -0.0158996
0.595471 -0.0561962
0.564369 -0.0249812
0.546239 0.00690241
0.540711 0.00927397
0.527472 0.0110687
0.547579 -0.00542988
0.540863 -0.0215563
0.514134 -0.00228959
0.582927 0.0124441
0.564378 -0.00243088
0.572239 -0.027235
0.594644 -0.0264053
0.548572 0.0356152
0.562425 0.00734587
0.570268 -0.0170721
0.563705 -0.0228111
0.566343 -0.0251785
0.588456 0.000110266
0.525 0.00932598
0.583096 -0.0127221
0.581891 -0.015239
0.562239 -0.0349033
0.569666 -0.0181138
0.548726 -0.0013789
0.560565 0.0331833
0.53737 0.0531654
0.580071 -0.0292123
0.497334 0.00358665
0.525795 0.0414658
0.530834 0.0232872
0.560119 0.0316018
0.542787 -0.0505445
0.573385 -0.016537
0.538724 -0.0462037
0.555463 -0.0321671
0.555154 0.0347611
0.558651 0.0169872
0.537852 0.0331139
0.592209 0.0448423
0.531344 0.0265854
0.542101 -0.0404595
0.558228 0.0308415
0.537882 0.0580323
0.54894 0.0170926
0.56453 0.0296402
0.574728 -0.00255783
0.605572 0.0172987
0.532064 -0.0151934
0.533408 0.00239899
0.567246 -0.0132641
0.548094 0.02771
0.581548 0.014705
0.558105 -0.00298349
0.548522 0.0114878
0.537055 0.00406926
0.538614 0.00532025
0.527518 -0.025867
0.535671 0.00720771
0.549798 -0.0434338
0.548826 -0.0005832
0.531818 0.00469319
0.548628 0.0265824
0.572682 0.00372693
0.532715 0.0190806
0.579767 -0.0071984
0.595795 0.0182303
0.550339 0.0132462
0.539667 0.0126201
0.52746 0.0177197
0.595529 -0.0139771
0.547608 -0.0379318
0.578396 -0.00496259
0.616956 -0.0186106
0.593018 -0.0360468
0.528529 -0.0496231
0.531386 0.0175787
0.542599 0.0177898
0.557408 -0.0290226
0.612185 -0.019574
0.529906 0.0149313
0.538918 -0.0330201
0.590988 0.00787617
0.538002 -0.00571971
0.576722 0.00542146
0.563937 -0.00444626
0.576471 0.017637
0.561336 0.0191115
0.567895 0.00995699
0.556097 0.0109388
0.621838 0.00154518
0.555196 0.0125373
0.597231 0.022386
0.574095 0.00140832
0.572127 0.0194922
0.563107 0.0320373
0.538426 0.0296329
0.57227 0.00161018
0.574714 -0.00931057
0.57607 -0.0246983
0.553999 0.00536743
0.531568 -0.0459674
0.573356 0.00185929
0.561934 0.0088218
0.489439 0.0209334
0.571707 -0.0101916
0.536598 0.0122631
0.528222 -0.00887644
0.528313 -0.031284
0.522791 0.0319873
0.518747 0.0469539
0.559995 0.0335934
0.56785 0.0261959
0.539147 0.0634507
0.553036 -0.00400056
0.574578 0.0167555
0.561704 0.00853322
0.60525 -0.0158102
0.577961 -0.0146003
0.563852 0.0328443
0.580741 0.00416469
0.522335 0.00313063
0.510951 -0.0344855
0.532618 -0.0375012
0.59078 -0.0189589
0.542968 0.0292753
0.548314 0.0235455
0.589477 0.0534405
0.55538 0.0177723
0.571907 0.00703373
0.573924 0.0302502
0.529399 0.0448095
0.591892 -0.0311405
0.532091 -0.00515501
0.569783 -0.000836827
0.568113 -0.0247081
0.550572 -0.0586236
0.582137 0.00750001
0.573839 0.019392
0.56676 -0.0259926
0.589714 -0.0190247
0.549774 0.0110046
0.558583 -0.0217099
0.52204 -0.00925699
0.549262 -0.0168886
0.543803 -0.00790131
0.533493 -0.00905795
0.534529 -0.00160491
0.567042 -0.003972
0.501169 -0.0364238
0.508804 0.00396759
0.564214 0.00366691
0.57164 -0.0298685
0.542422 -0.00729217
0.550905 0.0355657
0.581261 -0.0232323
0.541376 -0.0214954
0.554753 0.0426311
0.531622 0.0106942
0.527143 0.0171643
0.513011 -0.0554667
0.523694 0.00617873
0.557326 -0.00297553
0.561968 -0.0326507
0.516119 -0.0336596
0.54294 -0.023458
0.558259 0.00959782
0.552141 -0.0138504
0.559757 -0.00939823
0.537137 0.0152703
0.538122 0.0216742
0.516063 -0.0127178
0.533851 0.0168468
0.583982 0.00527114
0.530373 0.00943147
0.53003 -0.0279308
0.546252 0.0240452
0.552592 -0.0167025
0.570554 0.00119783
0.555174 -0.019185
0.589212 -0.0069415
0.548595 -0.00519909
0.534224 -0.00927187
0.551301 -0.0112958
0.597619 0.00560542
0.545227 -0.00499916
0.578752 -0.00783184
0.580391 0.0118325
0.552973 -0.0306199
0.548895 -0.0121725
0.542584 0.0052741
0.565603 0.00429226
0.537794 0.00689732
0.545484 -0.0335806
0.531037 -0.0253424
0.533833 -0.0366316
0.559174 -0.0430086
0.581872 -0.00655366
0.545001 0.0174341
0.574079 -0.051477
0.62112 -0.016505
0.556218 -0.0188222
0.570545 -0.00970444
0.567786 0.0156331
0.57744 0.0138479
0.535065 -0.012915
0.541895 -0.0332845
0.618994 0.00809102
0.568671 0.0174258
0.577633 -0.00386699
0.592024 0.0276952
0.603567 -0.0345846
0.528099 0.0161811
0.582448 -0.00632264
0.541556 0.00991034
0.556522 0.0227269
0.561622 -0.0309721
0.594136 0.0189382
0.559381 -0.0509844
0.586883 -0.0257067
0.559189 -0.00387698
0.569263 -0.0283474
0.555307 -0.01374
0.550202 -0.000308439
0.592145 -0.04664
0.566784 -0.0151249
0.538781 -0.0338537
0.535456 -0.0076352
0.558636 0.0210294
0.510465 0.00318996
0.531248 0.0345369
0.549479 0.0372333
0.533435 0.00176439
0.528047 0.0222916
0.529975 -0.0155599
0.54533 -0.0056122
0.542443 -0.0241376
0.522529 0.00010449
0.544537 -0.0244761
0.550233 -0.0174257
0.592552 0.022152
0.575298 0.0111508
