0.362008 0.163459
0.160965 0.116647
0.300546 0.226207
0.266868 0.389902
0.393885 0.38427
0.297187 0.493222
0.32818 0.518562
0.377817 0.19944
0.126219 0.427276
0.0797244 0.534115
0.303878 0.181611
0.395728 0.215195
0.207518 0.445858
0.397067 0.285483
0.434716 0.200429
0.242482 0.0816698
0.200099 0.128199
0.21488 0.171168
0.152696 0.299592
0.104816 0.183449
0.063257 0.0331708
0.257395 0.116216
0.259162 0.0961241
0.213147 0.12453
0.357666 0.30835
0.463905 0.136703
0.225874 0.441958
0.350949 0.0983085
0.402867 0.278075
0.439171 0.119042
0.40772 0.213141
0.349875 0.2384
0.198932 0.321422
0.23035 0.209623
0.25756 0.18974
0.202754 0.271326
0.0912149 0.285677
0.261545 0.319611
0.0877 0.148788
0.212316 0.221046
0.331364 0.317446
0.514029 0.393942
0.512978 0.116465
0.199541 0.351092
0.108982 0.351511
0.0456244 0.290163
0.232128 0.235797
0.334177 0.341514
0.134647 0.471526
0.241682 0.343993
0.262664 0.358961
0.28245 0.190035
0.135277 0.369993
0.253014 0.317512
0.373784 0.131182
0.382916 0.342414
0.259193 0.196999
0.328193 0.154794
0.463978 0.134822
0.492616 0.19361
0.382185 0.120734
0.0859412 0.0210678
0.176783 0.0499607
0.137881 0.256236
0.205554 0.253737
0.03605 0.316438
0.360892 0.240657
0.20245 0.178492
0.106481 0.193648
0.47707 0.247386
0.390627 0.319165
0.301228 0.381646
0.0929426 0.368336
0.124224 0.201891
0.254 0.199164
0.160568 0.262949
0.176549 0.405289
0.116159 0.516793
0.149567 0.533483
0.283147 0.385509
0.482235 0.333636
0.227455 0.314298
0.233195 0.0876965
0.251514 0.231965
0.304024 0.372262
0.462252 0.293403
0.436186 0.263274
0.272345 0.199106
0.25297 0.151472
0.33219 0.28082
0.144546 0.147817
0.290651 0.114098
0.377652 0.254084
0.55873 0.169353
0.463394 0.206982
0.313645 0.220144
0.237494 0.261991
0.310528 0.403396
0.272718 0.194775
0.363432 0.21947
0.0839308 0.116617
0.0594662 0.413417
0.0625777 0.409733
0.180564 0.411955
0.24099 0.406091
0.297127 0.379402
0.071558 0.440682
0.187127 0.398684
0.0949301 0.340059
0.299864 0.316515
0.287203 0.0115964
0.243473 0.135973
0.256605 0.389311
0.190473 0.474579
0.10198 0.364522
0.213194 0.311429
0.267568 0.35672
0.265909 0.292596
0.348041 0.397007
0.4536 0.396421
0.49636 0.206547
0.364777 0.322042
0.178101 0.157319
0.307367 0.0450512
0.528669 0.151799
0.316566 0.0469499
0.253938 0.243236
0.206574 0.21713
0.207764 0.423654
0.0815502 0.422485
0.272481 0.353186
0.31832 0.173123
0.38063 0.0892585
0.137893 0.0648704
0.320309 0.0728611
0.154362 0.0681019
0.0749955 0.246114
0.169015 0.52877
0.188668 0.375202
0.197584 0.179832
0.299644 0.206518
0.24305 0.235897
0.304359 0.446907
0.310181 0.410728
0.341535 0.195015
0.291458 0.268925
0.0586261 0.384179
0.194471 0.194383
0.22682 0.212951
0.475041 0.15102
0.451295 0.038004
0.275604 0.0809152
0.293097 0.20873
0.303328 0.378839
0.0703244 0.246599
0.189844 0.320856
0.152022 0.254999
0.188712 0.397741
0.153334 0.282835
0.15602 0.237541
0.211106 0.177892
0.129679 0.170626
0.116082 0.0304262
0.0205434 0.158572
0.20119 0.247198
0.0422235 0.233509
0.128033 0.329033
0.345436 0.330986
0.292546 0.215301
0.277664 0.456421
0.251033 0.197478
0.269119 0.199644
0.114857 0.536165
0.196108 0.406425
0.148504 0.225105
0.234773 0.339883
0.267479 0.49269
0.0465093 0.229675
0.140839 0.415086
0.210298 0.237155
0.0503386 0.20748
0.139292 0.099632
0.209477 0.131228
0.112541 0.1596
0.268163 0.153034
0.210909 0.373078
0.301802 0.273547
0.407014 0.349379
0.393921 0.314781
0.457894 0.257762
0.390583 0.243223
0.404226 0.228617
0.334831 0.415221
0.435297 0.328089
0.593909 0.329337
0.471764 0.35402
0.349279 0.336768
0.21107 0.223546
0.0852727 0.157171
0.206982 0.149159
0.296564 0.157603
0.229974 0.326578
0.210125 0.332762
0.282925 0.240411
0.203084 0.0998738
0.281994 0.0698431
0.243415 0.170451
0.245454 0.472044
0.222634 0.17702
0.116791 0.0920887
0.321579 0.283165
0.346563 0.234337
0.430867 0.192179
0.395366 0.186244
0.449217 0.204578
0.434521 0.278474
0.376632 0.279536
0.355782 0.419405
0.441174 0.3014
0.246214 0.315946
0.348112 0.33091
0.319003 0.397448
0.285195 0.261639
0.216933 0.268121
0.288549 0.157746
0.476449 0.272525
0.342442 0.286951
0.0916129 0.202752
0.0203879 0.140207
0.239395 0.329197
0.0874897 0.497317
0.193929 0.465565
0.341094 0.511808
0.403402 0.412738
0.379016 0.355881
0.280752 0.147415
0.216372 0.330696
0.300858 0.161069
0.219545 0.617599
0.333563 0.285115
0.31713 0.31003
0.372559 0.234881
0.371403 0.188507
0.460415 0.254211
0.195132 0.380772
0.140738 0.441638
0.235316 0.513742
0.211572 0.343733
0.0946725 0.44059
0.184206 0.394744
0.149362 0.0904683
0.0847202 0.166138
0.161157 0.34028
0.232233 0.0751687
0.386957 0.19204
0.17562 0.122627
0.460011 0.0759244
0.347967 0.0883744
0.436385 0.0783943
0.194035 0.221651
0.104626 0.203804
0.198806 0.201655
0.125709 0.375134
0.218043 0.31594
0.206188 0.16044
0.192731 0.357582
0.260521 0.188953
0.24694 0.329096
0.180093 0.254022
0.18923 0.108037
0.270604 0.17327
0.16563 0.184081
0.406906 0.162596
0.296843 0.106472
0.304612 0.184593
0.330422 0.411558
0.439744 0.376888
0.168946 0.176179
0.317286 0.149291
0.282001 0.0992721
0.106765 0.212009
0.200647 0.239065
0.21773 0.148658
0.142976 0.0898553
0.196891 0.324443
0.327622 0.412016
0.133758 0.194387
0.149637 0.200655
0.167974 0.297422
0.15503 0.289049
0.177923 0.43551
0.240261 0.51084
0.218198 0.40071
0.0823282 0.232784
0.215116 0.181385
0.334326 0.336946
0.104447 0.292103
0.255043 0.0784845
0.22996 0.231293
0.133426 0.0595613
0.160611 0.277493
0.170681 0.206242
0.0283177 0.128397
0.208263 0.341566
0.189372 0.191965
0.210264 0.20784
0.195174 0.194759
0.155775 0.148049
0.148175 0.0714102
0.267818 0.148797
0.50217 0.206373
0.251304 0.185451
0.147222 0.19565
0.411652 0.12697
0.247893 0.328893
0.221949 0.218778
0.201299 0.427171
0.239898 0.475529
0.220808 0.461684
0.204315 0.299151
0.137581 0.127041
0.155334 0.265849
0.459635 0.181013
0.428147 0.283652
0.458046 0.181053
0.491177 0.264947
0.40662 0.154214
0.216933 0.221761
0.153115 0.267193
0.176931 0.466978
0.237015 0.588084
0.179871 0.377482
0.185637 0.396403
0.232271 0.366882
0.0760415 0.362296
0.216508 0.274957
0.215089 0.179934
0.327059 0.249959
0.378537 0.0972935
0.455238 0.124934
0.312264 0.259581
0.375631 0.152452
0.30519 0.189139
0.487316 0.0836053
0.457315 0.329026
0.307209 0.56793
0.201259 0.475464
0.109287 0.426166
0.232032 0.0402822
0.249825 0.0269633
0.150994 0.261637
0.202417 0.363705
0.273044 0.240366
0.22907 0.198061
0.171854 0.198902
0.0774376 0.327029
0.209752 0.200137
0.4921 0.0456992
0.385331 0.354396
0.356658 0.230658
0.405538 0.327624
0.456671 0.0267448
0.501085 0.245769
0.317339 0.118552
0.12803 0.204115
0.105187 0.107177
0.104324 0.103153
0.226638 0.150106
0.258804 0.232479
0.29381 0.207066
0.222451 0.359627
0.287953 0.242934
0.307449 0.345653
0.33825 0.498467
0.328679 0.31785
0.360482 0.152762
0.211482 0.297736
0.108739 0.157914
0.159835 0.0962487
0.291385 0.140282
0.235762 0.204363
0.199914 0.221245
0.121915 0.389326
0.224227 0.317892
0.219799 0.180252
0.235381 0.31838
0.304801 0.0894125
0.266467 0.138633
0.240401 0.214463
0.232621 0.0343882
0.114251 0.282805
0.32952 0.165538
0.356967 0.196275
0.26063 0.189737
0.108531 0.292636
0.242574 0.264694
0.219429 0.280909
0.258196 0.185226
0.257057 0.257002
0.0532052 0.196877
0.0596354 0.346691
0.241406 0.402394
0.136266 0.193756
0.229531 0.328396
0.210549 0.34636
0.246073 0.05755
0.224485 0.134765
0.220246 0.1941
0.293462 0.0472116
0.510956 0.0932826
0.244567 0.0203218
0.127097 0.190301
0.0493195 0.130751
0.0692831 0.468078
0.245945 0.124508
0.287173 0.190854
0.355506 0.306256
0.298802 0.518083
0.273458 0.518043
0.152754 0.489611
0.26839 0.439982
0.0764717 0.313206
0.129219 0.134383
0.044599 0.218206
0.36048 0.271429
0.365891 0.440602
0.374673 0.370576
0.491808 0.234633
0.560121 0.299248
0.302131 0.368843
0.0393019 0.269527
0.142252 0.406059
0.165938 0.118508
0.0575458 0.141416
0.127837 0.0993705
0.140837 0.158464
0.0630137 0.153954
0.0850946 0.351142
0.252982 0.266425
0.219075 0.356102
0.116082 0.437066
0.221135 0.377825
0.188349 0.366297
0.0569194 0.514047
0.230616 0.481271
0.0809137 0.442444
0.25383 0.215579
0.348186 0.171699
0.171708 0.369452
0.105354 0.350804
0.222334 0.242168
0.225708 0.335215
0.249503 0.328543
0.174286 0.133089
0.0928692 0.113381
0.243831 0.127755
0.193925 0.185796
0.203642 0.34611
0.315627 0.225232
0.409117 0.201879
0.364565 0.269252
0.331502 0.301699
0.369309 0.106595
0.341944 0.333238
0.309549 0.261954
0.165554 0.455002
0.136037 0.480788
0.29349 0.446897
0.222843 0.3962
0.354378 0.153799
0.447788 0.167886
0.482433 0.298227
0.3198 0.342956
0.272974 0.149777
0.227425 0.304244
0.113132 0.140404
0.266846 0.22092
0.060322 0.0573347
0.208637 0.139377
0.256734 0.183101
0.180683 0.155884
0.0626494 0.1744
0.163792 0.334989
0.122625 0.310573
0.185676 0.244057
0.130781 0.360901
0.401678 0.331698
0.215134 0.207798
0.153148 0.226527
0.356672 0.246563
0.189443 0.175592
0.213831 0.252263
0.217237 0.0710645
0.29057 0.17427
0.160846 0.299967
0.110956 0.318948
0.0951129 0.185255
0.190101 0.324987
0.0490338 0.215533
0.239332 0.204677
0.322974 0.195999
0.34494 0.242554
0.154311 0.242918
0.225174 0.0895899
0.182591 0.310997
0.363638 0.271581
0.282443 0.401172
0.374471 0.356422
0.277575 0.188777
0.382762 0.284379
0.154408 0.0600078
0.0965485 0.199191
0.170303 0.179494
0.196534 0.101632
0.127373 0.0948554
0.362289 0.0676909
0.165659 0.194114
0.333265 0.125168
0.296092 0.180784
0.275051 0.135836
0.316555 0.22634
0.150511 0.258789
0.266429 0.103516
0.314501 0.0519628
0.0991413 0.103992
0.21196 0.179089
0.293844 0.342448
0.350599 0.280524
0.385199 0.250323
0.255704 0.239377
0.325328 0.463712
0.262515 0.138674
0.30404 0.279385
0.299302 0.20359
0.274231 0.209674
0.249269 0.343643
0.205982 0.345603
0.256165 0.288618
0.281763 0.258185
0.237655 0.283425
0.179 0.128405
0.122916 0.146714
0.204936 0.227364
0.220973 0.269666
0.198485 0.285995
0.092046 0.27758
0.216476 0.259511
0.132352 0.200527
0.233039 0.401566
0.329946 0.251146
0.51097 0.140218
0.267915 0.0819085
0.168172 0.340377
0.257196 0.249573
0.319898 0.273345
0.197218 0.161633
0.391701 0.218513
0.459655 0.359469
0.309731 0.377012
0.284433 0.43829
0.274707 0.407351
0.313642 0.399663
0.22008 0.472403
0.183002 0.180263
0.423967 0.151544
0.243561 0.279332
0.21121 0.0881555
0.324599 0.1642
0.330421 0.351998
0.318618 0.396265
0.24545 0.383302
0.146339 0.129372
0.145558 0.127897
0.175611 0.25475
0.204455 0.315457
0.297752 0.185457
0.368406 0.380974
0.369123 0.311191
0.367162 0.179724
0.332652 0.333814
0.414752 0.263098
0.149445 0.0856201
0.203655 0.430196
0.147832 0.491221
0.211712 0.494928
0.287845 0.502844
0.0523022 0.64671
0.0260537 0.331571
0.151838 0.295705
0.218973 0.196011
0.406546 0.276383
0.270211 0.386393
0.211623 0.367461
0.121702 0.152727
0.046496 0.131399
0.0770614 0.122649
0.164332 0.11973
0.206818 0.196496
0.286131 0.359229
0.443892 0.221243
0.366286 0.0932183
0.0814923 0.249684
0.191135 0.364564
0.320801 0.244818
0.52658 0.105249
0.411072 0.130009
0.223116 0.144567
0.342076 0.0883367
0.186589 0.159882
0.0313693 0.352786
0.347001 0.397684
0.234802 0.384285
0.217975 0.356727
0.0951519 0.302126
0.297108 0.450514
0.123568 0.329072
0.0154244 0.180595
0.112598 0.193956
0.360336 0.208755
0.451982 0.237992
0.368264 0.220249
0.486036 0.145492
0.393947 0.340281
0.143459 0.0684705
0.235069 0.237973
0.313566 0.119701
0.3955 0.267034
0.357332 0.313795
0.247922 0.279787
0.221217 0.179413
0.108498 0.135118
0.103538 0.145113
0.223282 0.128134
0.111626 0.171394
0.100812 0.126779
0.172673 0.226348
0.344776 0.239278
0.334558 0.339047
0.245396 0.329434
0.262393 0.434818
0.315967 0.214137
0.119849 0.289739
0.28407 0.191348
0.295506 0.254777
0.198135 0.278494
0.238162 0.142945
0.0686326 0.127328
0.243048 0.508785
0.352771 0.503014
0.185632 0.356628
0.145475 0.194086
0.119483 0.593331
0.268167 0.102294
0.18114 0.293024
0.0976992 0.28678
0.322512 0.384023
0.42065 0.272641
0.430342 0.21811
0.401478 0.30537
0.217896 0.256666
0.0757596 0.145695
0.222091 0.162913
0.182053 0.166298
0.247345 0.245566
0.215843 0.352094
0.0971517 0.405788
0.0858684 0.391443
0.171041 0.436714
0.156676 0.345041
0.103936 0.20267
0.285944 0.0916206
0.196413 0.216617
0.261556 0.328511
0.178322 0.363684
0.148769 0.304458
0.140516 0.327086
0.12012 0.265258
0.241796 0.0747459
0.211606 0.256982
0.11325 0.282464
0.323337 0.270695
0.359968 0.372013
0.487927 0.342452
0.333447 0.228074
0.220447 0.370583
0.0764788 0.309069
0.399301 0.308151
0.466152 0.460445
0.247925 0.585462
0.272528 0.58835
0.124032 0.35934
0.306634 0.259271
0.354827 0.143226
0.366644 0.227503
0.314018 0.275948
0.0878566 0.280135
0.121632 0.299888
0.255368 0.262254
0.193267 0.264496
0.246704 0.161357
0.0805225 0.299967
0.372161 0.257683
0.39563 0.144877
0.152642 0.252805
0.204256 0.160263
0.18711 0.075389
0.039612 0.0852085
0.266121 0.136555
0.239984 0.23907
0.235962 0.252464
0.410615 0.0658429
0.274151 0.224038
0.327641 0.228645
0.42676 0.160438
0.547616 0.291391
0.46625 0.298855
0.375925 0.157186
0.0383465 0.197128
0.194486 0.138115
0.0476556 0.191594
0.0824818 0.0976204
0.257372 0.160586
0.254863 0.445829
0.139542 0.31278
0.19066 0.16193
0.188407 0.385441
0.180253 0.363125
0.226094 0.225009
0.162319 0.0994777
0.0290748 0.359753
0.415116 0.253071
0.365643 0.294612
0.402523 0.139498
0.590879 0.277691
0.533997 0.102197
0.312573 0.23043
0.260168 0.309551
0.335842 0.277166
0.268713 0.455507
0.521936 0.51408
0.461785 0.386691
0.195258 0.339838
0.250125 0.399856
0.262398 0.327955
0.457592 0.286405
0.334351 0.309526
0.269491 0.154607
0.226713 0.0384092
0.361313 0.130471
0.477431 0.0729773
0.354244 0.129399
0.26653 0.0887535
0.244835 0.21713
0.372299 0.283494
0.391241 0.238673
0.378507 0.135373
0.419758 0.324335
0.216763 0.229669
0.234107 0.478603
0.278517 0.370652
0.252824 0.266484
0.0642233 0.425385
0.202394 0.450793
0.25853 0.353879
0.178616 0.389919
0.230249 0.0603755
0.297546 0.128048
0.150089 0.0922396
0.240645 0.252086
0.345317 0.301718
0.347551 0.304055
0.202366 0.0723716
0.211762 0.344901
0.193015 0.276821
0.184682 0.266594
0.154847 0.241011
0.219 0.331466
0.439358 0.475115
0.402167 0.46481
0.245888 0.323963
0.338696 0.256372
0.291654 0.317279
0.38464 0.254893
0.230043 0.399439
0.253859 0.316909
0.188017 0.20859
0.162215 0.394486
0.29467 0.331501
0.327823 0.220288
0.201011 0.201715
0.270833 0.0698445
0.279664 0.256102
0.427051 0.406947
0.310355 0.398003
0.227726 0.357519
0.195343 0.317822
0.187068 0.247334
0.0993526 0.397621
0.106373 0.405953
0.301353 0.167467
0.17232 0.0997654
0.372474 0.0602777
0.26869 0.0644851
0.199174 0.117062
0.24123 0.0792282
0.250807 0.168056
0.0640542 0.223886
0.372045 0.317813
0.26419 0.160477
0.329448 0.323574
0.404502 0.302448
0.317028 0.254423
0.20765 0.244375
0.341864 0.281802
0.0756478 0.301809
0.199236 0.374383
0.321968 0.396643
0.492556 0.448495
0.262024 0.456876
0.383654 0.349445
0.218863 0.289674
0.328797 0.199262
0.470554 0.214208
0.581324 0.289431
0.20613 0.220783
0.153531 0.440594
0.0525104 0.456788
0.217462 0.371541
0.314842 0.210884
0.528577 0.19654
0.457229 0.185628
0.521637 0.292698
0.357215 0.111488
0.41002 0.278498
0.286562 0.135729
0.118652 0.206208
0.221695 0.233645
0.224262 0.280592
0.187547 0.33966
0.364827 0.481275
0.215958 0.458854
0.263004 0.219477
0.115029 0.222223
0.299407 0.0723697
0.229366 0.316462
0.476341 0.134082
0.550424 0.274619
0.406048 0.281527
0.27775 0.0701258
0.304229 0.21223
0.243681 0.24334
0.185337 0.360025
0.0949147 0.357503
0.149642 0.0580649
0.14061 0.412118
0.208933 0.480664
0.116534 0.408726
0.215075 0.346101
0.328035 0.46779
0.23655 0.369737
0.35256 0.386373
0.473324 0.154229
0.288261 0.302046
0.452759 0.292796
0.471177 0.152793
0.42616 0.279103
0.458376 0.0476794
0.395951 0.0925126
0.302599 0.0328065
0.399651 0.113666
0.299236 0.0969055
0.211258 0.181295
0.258597 0.0508265
0.208359 0.111456
0.28988 0.197421
0.31674 0.17195
0.441868 0.106566
0.387778 0.0647598
0.495107 0.266883
0.248637 0.332808
0.207671 0.217365
0.362658 0.129881
0.340163 0.112951
0.265111 0.233796
0.110296 0.0919336
0.102815 0.0868955
0.137903 0.228577
0.230348 0.112889
0.237883 0.115296
0.140761 0.159406
0.301176 0.149464
0.221961 0.282055
0.193572 0.139811
0.352108 0.140803
0.306147 0.232485
0.274742 0.224972
0.37907 0.207131
0.00784811 0.363263
0.205048 0.339701
0.120116 0.231404
0.109869 0.0158449
0.288483 0.201315
0.361196 0.305118
0.335362 0.229564
0.28723 0.117496
0.162103 0.126435
0.245365 0.378445
0.221649 0.300149
0.304646 0.118937
0.424031 0.273443
0.342047 0.140837
0.00398779 0.231688
0.147731 0.367033
0.216093 0.340406
0.428499 0.297936
0.380043 0.37597
0.329546 0.17105
0.366526 0.228461
0.131541 0.262895
0.330535 0.260131
0.35153 0.109613
0.262515 0.356477
0.251498 0.433672
0.145907 0.196922
0.392624 0.339389
0.12433 0.112755
0.142956 0.313408
0.354522 0.149216
0.299646 0.219642
0.42109 0.328907
0.52716 0.18498
0.401648 0.34109
0.328344 0.377541
0.11221 0.380853
0.0820938 0.281391
0.203948 0.234644
0.286677 0.176008
0.265188 0.0916257
0.49757 0.188221
0.35478 0.190794
0.252325 0.252922
0.193632 0.380557
0.189085 0.359783
0.299289 0.350478
0.158879 0.399476
0.409992 0.159084
0.0416861 0.143071
0.296706 0.249031
0.399834 0.466262
0.246683 0.515932
0.376695 0.37231
0.373863 0.279749
0.459334 0.414041
0.259048 0.513442
0.0790891 0.441505
0.222655 0.238037
0.295927 0.309245
0.254554 0.294082
0.0394267 0.0618481
0.147903 0.109213
0.279042 0.221242
0.450267 0.168501
0.240172 0.0682388
0.215996 0.237226
0.217807 0.291338
0.3592 0.110896
0.194267 0.262791
0.310048 0.407789
0.266294 0.351615
0.181654 0.262843
0.339579 0.0857526
0.0846788 0.223632
0.221401 0.243346
0.235457 0.109252
0.0397205 0.265568
0.0773402 0.309289
0.0663261 0.297158
0.201846 0.135101
0.145501 0.242919
0.126434 0.153631
0.383469 0.242701
0.487173 0.228488
0.515999 0.153903
0.34421 0.284282
0.408036 0.296895
0.178084 0.389747
0.141093 0.409803
0.182634 0.133539
0.318319 0.301471
0.236857 0.259263
0.275153 0.0863597
0.314027 0.178321
0.242108 0.287834
0.157687 0.140647
0.285923 0.1346
0.193238 0.33343
0.392523 0.241066
0.204622 0.333781
0.177569 0.18943
0.158896 0.207124
0.0732223 0.245424
0.186081 0.227412
0.282893 0.0126486
0.198128 0.0305527
0.455358 0.218846
0.439573 0.368933
0.384116 0.251438
0.280639 0.169764
0.339391 0.155499
0.166895 0.401522
0.110521 0.413394
0.00343352 0.319259
0.0637732 0.214183
0.0866264 0.220714
0.210215 0.132994
0.294604 0.048307
0.357913 0.123699
0.199777 0.134724
0.423682 0.123598
0.244274 0.257169
0.377048 0.428672
0.239496 0.229314
0.326852 0.225481
0.408689 0.218806
0.30076 0.324083
0.239821 0.106991
0.267136 0.133446
0.277024 0.246072
0.197625 0.12931
0.419102 0.351251
0.150887 0.492399
0.119353 0.544524
0.119931 0.314185
0.204163 0.190521
0.0642979 0.116751
0.307589 0.162422
0.271062 0.204616
0.443391 0.0536619
0.462036 0.178142
0.430725 0.0850938
0.316887 0.0826459
0.285513 0.243805
0.396606 0.332454
0.309001 0.267868
0.244687 0.156696
0.364743 0.316298
0.271395 0.242154
0.379048 0.401869
0.348281 0.381237
0.124262 0.145392
0.21337 0.335214
0.155626 0.499015
0.119491 0.354573
0.0448225 0.41287
0.311013 0.293777
0.386862 0.176921
0.419886 0.151475
0.0890375 0.0952741
0.186712 0.0927449
0.101243 0.25567
0.18719 0.272006
0.445573 0.303313
0.495744 0.324874
0.295198 0.367285
0.106663 0.306153
0.186294 0.0842105
0.240754 0.176919
0.187128 0.103417
0.268104 0.371774
0.202594 0.297519
0.181525 0.200378
0.0156122 0.302224
0.359042 0.103954
0.150447 0.0367534
0.0742177 0.076251
0.0193221 0.440212
0.27989 0.262827
0.168268 0.281566
0.144605 0.359257
0.448426 0.446471
0.514337 0.147353
0.463272 0.183029
0.211845 0.160192
0.235163 0.159464
0.234478 0.111946
0.303615 0.173046
0.12234 0.0685195
0.123832 0.209281
0.228498 0.193942
0.211753 0.0687882
0.276068 0.235068
0.442899 0.322108
0.320229 0.0620064
0.136685 0.0358688
0.0595581 0.32351
0.0804229 0.0432876
0.0677321 0.160365
0.178239 0.368076
0.324248 0.0278516
0.179392 0.0412837
0.231866 0.237591
0.315039 0.22356
0.4112 0.105243
0.0682541 0.0697038
0.265434 0.191212
0.167741 0.435413
0.449254 0.313996
0.0728809 0.223196
0.206046 0.336573
0.11716 0.261015
0.232697 0.28487
0.323919 0.273472
0.552956 0.316655
0.398147 0.267778
0.400554 0.463487
0.102142 0.494893
0.354743 0.257161
0.278174 0.324465
0.307499 0.249995
0.206477 0.315045
0.182918 0.441237
0.0625489 0.173696
0.136328 0.177048
0.107769 0.244674
0.184643 0.0871286
0.0307983 0.280713
0.163745 0.321641
0.0598716 0.349523
0.0528836 0.417017
0.143958 0.315051
0.193688 0.277548
0.194497 0.0893986
0.158997 0.392106
0.42661 0.0832571
0.465755 0.196274
0.49011 0.256717
0.534992 0.273531
0.477406 0.510352
0.577596 0.280988
0.358043 0.0927036
0.394535 0.0211755
0.287683 0.0902932
0.342461 0.0412553
0.134149 0.124605
0.162498 0.118186
0.0255008 0.182851
0.182808 0.244429
0.0283602 0.33956
0.108767 0.285304
0.0274179 0.270139
0.174349 0.415917
0.230225 0.372544
0.0224969 0.361485
0.0959169 0.335498
0.0610256 0.146126
0.222331 0.104913
0.207867 0.194457
0.0936546 0.252337
0.195066 0.238873
0.0434738 0.105461
0.240544 0.177878
0.290971 0.431542
0.298161 0.380341
0.0698942 0.0950918
0.0943693 0.073334
0.167203 0.249471
0.160689 0.205621
0.157985 0.149313
0.367681 0.127187
0.162325 0.296019
0.122947 0.255751
0.0881543 0.347872
0.16549 0.121406
0.310986 0.190981
0.221837 0.109545
0.18031 0.226864
0.477684 0.136525
0.480801 0.132555
0.469838 0.142291
0.266513 0.219062
0.318645 0.21531
0.307516 0.0987938
0.361285 0.276711
0.221883 0.247276
0.172036 0.158889
0.248075 0.0870216
0.313325 0.10846
0.430634 0.294035
0.226006 0.342214
0.259507 0.246176
0.333553 0.229409
0.30835 0.421637
0.166875 0.232849
0.0687488 0.238864
0.0895748 0.547342
0.0956799 0.415051
0.271235 0.0560698
0.294241 0.0807917
0.349867 0.163509
0.341623 0.15803
0.504029 0.349271
0.346965 0.475607
0.118061 0.321332
0.238263 0.431449
0.298522 0.333729
0.116748 0.0931799
0.136591 0.0611781
0.149533 0.0708358
0.168614 0.187167
0.203426 0.301789
0.344407 0.400329
0.395393 0.361444
0.105775 0.202271
0.0399677 0.243124
0.182503 0.363264
0.0170908 0.435195
0.303157 0.440518
0.430429 0.469297
0.238411 0.271553
0.27698 0.229211
0.306896 0.303715
0.221922 0.195312
0.328821 0.188819
0.276793 0.397741
0.343426 0.355212
0.194243 0.252065
0.243491 0.123851
0.0467426 0.188266
0.442362 0.0990326
0.280554 0.096251
0.255762 0.209671
0.159393 0.363636
0.244778 0.357936
0.393733 0.350307
0.292635 0.367797
0.510028 0.28938
0.405064 0.224678
0.306266 0.141341
0.31957 0.107458
0.56186 0.0703335
0.330444 0.236444
0.389985 0.259748
0.0407964 0.122863
0.0366228 0.32117
0.121179 0.290278
0.123206 0.216872
0.158067 0.112271
0.29762 0.117714
0.254026 0.184185
0.347091 0.276126
0.225987 0.178229
0.352884 0.4109
0.509803 0.345505
0.405978 0.218451
0.332346 0.373156
0.437874 0.319799
0.266926 0.253915
0.223915 0.199127
0.148197 0.217393
0.0809998 0.287366
0.125943 0.290558
0.063359 0.204487
0.105856 0.290116
0.201749 0.195161
0.33031 0.0648898
0.304624 0.235259
0.174788 0.254657
0.304116 0.396
0.213106 0.544381
0.279072 0.492339
0.0787078 0.375242
0.0127258 0.239782
0.246747 0.0544599
0.0765381 0.0220794
0.267076 0.162898
0.201894 0.248948
0.268818 0.413514
0.177463 0.335009
0.234928 0.360002
0.236369 0.487362
0.141318 0.35734
0.217708 0.439581
0.112229 0.329771
0.024677 0.241645
0.21474 0.150158
0.107892 0.140458
0.124597 0.124433
0.105787 0.24774
0.0590156 0.147777
0.204934 0.209343
0.452369 0.191754
0.328372 0.211068
0.183708 0.18361
0.317146 0.294597
0.372738 0.191339
0.326559 0.160764
0.317807 0.0589022
0.384939 0.243174
0.319314 0.246741
0.369974 0.292721
0.306511 0.26624
0.206038 0.248148
0.307201 0.414584
0.413658 0.327863
0.224958 0.433925
0.157473 0.415516
0.108154 0.365139
0.306712 0.173105
0.0875573 0.202617
0.162377 0.288423
0.16552 0.204614
0.159761 0.185151
0.235862 0.187093
0.391388 0.13051
0.362468 0.14625
0.38586 0.339171
0.219724 0.199851
0.400204 0.0282744
0.392918 0.324487
0.32242 0.30481
0.393067 0.23971
0.349276 0.189848
0.143683 0.28157
0.0266351 0.0988871
0.128581 0.103256
0.259275 0.108368
0.26681 0.316113
0.140716 0.191344
0.34638 0.096394
0.291516 0.194578
0.120415 0.256469
0.163946 0.341765
0.122556 0.362479
0.215976 0.429197
0.235196 0.427177
0.0862816 0.214502
0.180515 0.0661114
0.18794 0.192083
0.262832 0.0896167
0.212673 0.140179
0.265568 0.289533
0.268732 0.293946
0.467944 0.229632
0.307586 0.266661
0.220753 0.39401
0.191415 0.321834
0.209733 0.361592
0.0890717 0.519548
0.0873215 0.408726
0.0914575 0.237361
0.152517 0.217718
0.0232568 0.253354
0.248416 0.283344
0.0411213 0.381594
0.184282 0.207742
0.211891 0.129666
0.112495 0.126156
0.227781 0.100087
0.162129 0.186315
0.20443 0.229069
0.144445 0.396361
0.0482643 0.173157
0.195131 0.248563
0.182332 0.308832
0.241417 0.3776
0.375658 0.422846
0.287004 0.172405
0.184175 0.288893
0.230025 0.361628
0.359922 0.33135
0.231127 0.325129
0.0302006 0.134702
0.305799 0.141052
0.420351 0.168237
0.188089 0.0839128
0.0739412 0.261829
0.359873 0.157118
0.287252 0.120564
0.324145 0.0961905
0.24058 0.145768
0.25263 0.127564
0.078255 0.152119
0.277368 0.257735
0.073879 0.287816
0.0725902 0.0920649
0.156892 0.122816
0.291504 0.0663939
0.192457 0.148692
0.301469 0.255337
0.249061 0.135015
0.048288 0.12811
0.0994353 0.189039
0.276034 0.17466
0.100628 0.171087
0.160472 0.413722
0.144717 0.213663
0.130399 0.433754
0.129088 0.466924
0.248417 0.311451
0.432842 0.0959256
0.323882 0.0605521
0.310321 0.0939217
0.206037 0.262782
0.310394 0.0847332
0.113295 0.217694
0.0989152 0.180137
0.18707 0.203343
0.137495 0.270945
0.398155 0.540748
0.280073 0.344407
0.398184 0.304361
0.354015 0.416872
0.481908 0.281162
0.165735 0.215992
0.105786 0.364478
0.229143 0.354165
0.402643 0.0755031
0.372244 0.0958786
0.368866 0.0904225
0.403191 0.153388
0.29942 0.171098
0.424254 0.213569
0.330047 0.187748
0.34309 0.198968
0.290861 0.134022
0.160611 0.214601
0.10269 0.117434
0.224101 0.226541
0.127668 0.280957
0.111385 0.340985
0.0646576 0.408039
0.10151 0.342002
0.225721 0.2954
0.189925 0.466994
0.272895 0.229854
0.373037 0.343001
0.427988 0.126455
0.244991 0.235991
0.320762 0.240729
0.375497 0.0549287
0.460594 0.116545
0.164685 0.0246246
0.395681 0.109545
0.323804 0.120301
0.252913 0.0157849
0.197304 0.171325
0.29764 0.141675
0.421433 0.150404
0.275109 0.305275
0.108218 0.214965
0.238464 0.514969
0.164334 0.345375
0.0775648 0.399801
0.317662 0.313039
0.159583 0.313294
0.384853 0.164605
0.345057 0.148032
0.401963 0.280379
0.297019 0.294321
0.300395 0.165503
0.300555 0.0422966
0.269844 0.0135358
0.119733 0.098179
0.207193 0.24701
0.0700374 0.244264
0.257527 0.400441
0.297238 0.500025
0.416279 0.322222
0.407712 0.131016
0.435466 0.21706
0.249772 0.366433
0.219349 0.34342
0.297901 0.228804
0.326753 0.0521576
0.269204 0.177515
0.257739 0.17174
0.364776 0.169698
0.03296 0.25458
0.290502 0.212409
0.29017 0.504474
0.140828 0.427957
0.0560533 0.291932
0.17261 0.292955
0.171883 0.32486
0.293179 0.264013
0.413582 0.286076
0.394773 0.121024
0.376967 0.116288
0.412931 0.301141
0.237106 0.383578
0.272399 0.189884
0.370777 0.162003
0.516509 0.253018
0.564036 0.198059
0.355473 0.148977
0.397322 0.0634566
0.268325 0.123782
0.355844 0.155687
0.390679 0.170923
0.291897 0.204214
0.107401 0.121743
0.176899 0.138174
0.184891 0.171812
0.300903 0.250849
0.154307 0.222672
0.213393 0.36996
0.231157 0.108885
0.215693 0.439416
0.184477 0.420422
0.245941 0.252586
0.449793 0.196223
0.344537 0.0840084
0.25672 0.238208
0.226739 0.357309
0.424566 0.428008
0.36029 0.40228
0.41981 0.352527
0.410248 0.461165
0.403942 0.31663
0.314824 0.300976
0.226414 0.25345
0.192758 0.356082
0.218806 0.413241
0.446344 0.211762
0.527328 0.279483
0.452489 0.0289574
0.43574 0.0929725
0.324737 0.147553
0.480382 0.46043
0.497616 0.356604
0.324672 0.355682
0.268882 0.267236
0.198648 0.0889151
0.334788 0.239159
0.262769 0.220152
0.238709 0.0848474
0.204882 0.117227
0.166718 0.321467
0.339583 0.136942
0.32021 0.0613571
0.152877 0.0722509
0.278326 0.148315
0.150329 0.380075
0.215098 0.239755
0.286103 0.125637
0.277789 0.417479
0.0606706 0.42128
0.234134 0.39833
0.297113 0.385782
0.297057 0.208613
0.389359 0.196841
0.22353 0.543932
0.102826 0.348777
0.154587 0.484315
0.206717 0.360027
0.270589 0.126079
0.211251 0.302178
0.13282 0.285481
0.176166 0.102895
0.232075 0.206259
0.321699 0.243549
0.2981 0.191273
0.268231 0.241246
0.142194 0.197906
0.150687 0.313466
0.248458 0.241086
0.435734 0.3939
0.244789 0.40103
0.28886 0.189603
0.290944 0.195436
0.345985 0.197792
0.209895 0.165898
0.251485 0.140078
0.3423 0.147614
0.328395 0.334503
0.282418 0.120539
0.461116 0.221596
0.440259 0.409854
0.37077 0.117883
0.225981 0.0491576
0.101696 0.218163
0.271576 0.232847
0.246018 0.201061
0.228774 0.167949
0.242374 0.0485049
0.289866 0.0971736
0.350421 0.0562661
0.383465 0.184215
0.343937 0.0306801
0.520683 0.110904
0.372972 0.341192
0.283632 0.130719
0.415876 0.0881939
0.37162 0.0838565
0.431122 0.161918
0.179594 0.390825
0.143156 0.220639
0.29646 0.414772
0.248181 0.358063
0.131839 0.369882
0.18287 0.290282
0.262547 0.215238
0.155561 0.502404
0.124264 0.409018
0.140038 0.47729
0.253443 0.345203
0.135206 0.411585
0.0249477 0.0984289
0.203136 0.254137
0.225779 0.183928
0.177999 0.269005
0.0858006 0.388185
0.0910911 0.403167
0.29352 0.547972
0.274996 0.429287
0.213418 0.247785
0.101084 0.226624
0.319538 0.262625
0.130807 0.189472
0.374463 0.101407
0.372383 0.172974
0.331037 0.131595
0.395772 0.172901
0.143449 0.0788827
0.30811 0.277006
0.314651 0.145058
0.428994 0.311832
0.187878 0.362544
0.22844 0.498154
0.231133 0.410111
0.411076 0.352339
0.390116 0.477531
0.388434 0.274095
0.183531 0.247449
0.215441 0.148694
0.33861 0.356703
0.324928 0.467931
0.358455 0.331313
0.130333 0.35507
0.138423 0.150379
0.337076 0.0911284
0.342581 0.0957119
0.369092 0.120556
0.264246 0.127677
0.297709 0.169156
0.44428 0.213167
0.33304 0.28012
0.31644 0.320617
0.165583 0.396416
0.146313 0.287763
0.0345773 0.135043
0.113077 0.193407
0.176379 0.175182
0.157164 0.152107
0.496972 0.100991
0.428004 0.120459
0.0089481 0.326582
0.0231955 0.282197
0.155096 0.149736
0.328479 0.312343
0.46822 0.037492
0.362882 0.238829
0.308565 0.25364
0.117865 0.163022
0.13278 0.317013
0.198027 0.266858
0.139591 0.200972
0.319326 0.241712
0.440417 0.241017
0.51643 0.168431
0.455162 0.02431
0.522621 0.0714146
0.303583 0.091566
0.252054 0.0642479
0.153009 0.0717202
0.358985 0.103923
0.334144 0.0687465
0.536953 0.234269
0.507713 0.243101
0.490557 0.260099
0.268017 0.248144
0.283965 0.336732
0.316248 0.31665
0.430651 0.0379599
0.318916 0.135408
0.342771 0.0725738
0.346381 0.33339
0.334882 0.380711
0.160742 0.1587
0.324069 0.156265
0.458969 0.133957
0.363649 0.199416
0.571149 0.311241
0.324506 0.175977
0.25813 0.0968788
0.24754 0.0779576
0.390931 0.0673438
0.487462 0.165061
0.472621 0.0805885
0.391927 0.285922
0.243449 0.346643
0.257303 0.431933
0.375229 0.330581
0.448457 0.146212
0.222314 0.147457
0.145186 0.0177973
0.285278 0.344017
0.114733 0.309717
0.394217 0.373339
0.151154 0.252632
0.104046 0.12852
0.234179 0.164123
0.0934149 0.170517
0.197342 0.167212
0.167442 0.100238
0.0670175 0.380716
0.230566 0.380237
0.318263 0.162415
0.379502 0.266506
0.404627 0.372537
0.444639 0.206269
0.271169 0.185804
0.343146 0.238775
0.1456 0.0880265
0.225412 0.249833
0.097593 0.428392
0.230699 0.502709
0.364244 0.167647
0.393995 0.214628
0.171883 0.174782
0.251218 0.395104
0.13897 0.376476
0.271058 0.347727
0.383937 0.258923
0.424893 0.154892
0.0828717 0.233404
0.176538 0.311527
0.153719 0.282984
0.249935 0.431866
0.27462 0.296064
0.34794 0.122702
0.39881 0.166504
0.406073 0.0477134
0.370348 0.234978
0.140389 0.189215
0.0530024 0.18173
0.192985 0.274786
0.236441 0.366644
0.320714 0.334001
0.34597 0.510729
0.376889 0.31432
0.365185 0.339145
0.363418 0.440468
0.385499 0.418249
0.27485 0.304709
0.160324 0.198344
0.310062 0.285498
0.30721 0.431835
0.180354 0.397448
0.108806 0.479574
0.149579 0.378179
0.336645 0.387231
0.16331 0.410688
0.219394 0.559111
0.221931 0.332345
0.255159 0.258145
0.284814 0.273264
0.214408 0.266892
0.265394 0.270607
0.332116 0.313596
0.22656 0.227866
0.254441 0.228503
0.168573 0.235536
0.324675 0.059815
0.248893 0.301609
0.260316 0.229571
0.191072 0.434897
0.297567 0.387473
0.261493 0.202594
0.475938 0.210336
0.313754 0.0571529
0.200652 0.231218
0.232089 0.216592
0.261732 0.223219
0.360365 0.0636608
0.209907 0.226087
0.326846 0.0982643
0.321844 0.176969
0.362868 0.334526
0.370913 0.283902
0.203297 0.361876
0.247681 0.384375
0.240007 0.330647
0.178041 0.121294
0.450658 0.0427036
0.461485 0.23995
0.391393 0.202314
0.529671 0.414524
0.413047 0.283028
0.147856 0.32787
0.0862117 0.470994
0.0855118 0.24966
0.14834 0.19599
0.125289 0.261413
0.116667 0.265041
0.0830943 0.126345
0.073853 0.161148
0.121906 0.365164
0.325249 0.32436
0.364727 0.408409
0.486994 0.427023
0.421893 0.280584
0.200457 0.327153
0.109149 0.286535
0.0367506 0.10058
0.0792895 0.250445
0.326736 0.223169
0.383792 0.0826096
0.346169 0.0626962
0.327659 0.289753
0.322143 0.0859421
0.223679 0.458136
0.231419 0.268207
0.151421 0.218956
0.273682 0.285581
0.0866234 0.0670356
0.176057 0.0593332
0.191092 0.11355
0.210517 0.160976
0.469808 0.194261
0.282822 0.313104
0.115432 0.372641
0.193413 0.479417
0.129189 0.140436
0.310802 0.101422
0.270342 0.346107
0.241323 0.257462
0.271753 0.328942
0.283556 0.256016
0.260756 0.391245
0.35574 0.322535
0.248844 0.459005
0.271952 0.444931
0.116079 0.30304
0.196249 0.426215
0.293007 0.231519
0.387863 0.213571
0.225468 0.417276
0.081398 0.368074
0.101277 0.319594
0.343634 0.254089
0.251832 0.28292
0.179612 0.184907
0.188413 0.345206
0.0216899 0.247329
0.218832 0.291076
0.0417272 0.358679
0.211339 0.316452
0.232395 0.400043
0.415342 0.264292
0.356521 0.213139
0.411004 0.0979172
0.321644 0.431287
0.186848 0.401175
0.21504 0.464262
0.259484 0.465955
0.328358 0.358967
0.14211 0.456521
0.270556 0.329762
0.115361 0.260175
0.245971 0.154491
0.268816 0.304563
0.284741 0.0362481
0.303359 0.406684
0.305413 0.0756017
0.0931823 0.188815
0.127196 0.306895
0.163823 0.419996
0.402498 0.358364
0.18638 0.376428
0.0509866 0.34633
0.374939 0.323822
0.392514 0.254612
0.427309 0.201599
0.348781 0.182962
0.345652 0.296809
0.438726 0.271865
0.319742 0.230645
0.272618 0.0361842
0.178161 0.12874
0.240923 0.137514
0.121581 0.313962
0.186699 0.268645
0.389797 0.443779
0.313595 0.24265
0.212819 0.389522
0.415934 0.0446231
0.4067 0.0798261
0.0493614 0.117685
0.278995 0.115449
0.329941 0.203178
0.195142 0.0885209
0.19779 0.211566
0.188431 0.134501
0.414441 0.359781
0.249522 0.369689
0.183019 0.414901
0.107805 0.267923
0.121089 0.450673
0.160317 0.300469
0.502937 0.208941
0.518916 0.112715
0.38923 0.198985
0.237278 0.137825
0.265592 0.0454816
0.185379 0.143011
0.121891 0.196217
0.17441 0.382089
0.276388 0.422346
0.347714 0.386212
0.292484 0.359063
0.325457 0.265318
0.164172 0.425403
0.050665 0.308271
0.155807 0.484171
0.165268 0.409236
0.146631 0.507016
0.0931349 0.467649
0.3049 0.343183
0.475204 0.121969
0.245922 0.12776
0.222194 0.185306
0.354007 0.142509
0.311758 0.304953
0.326305 0.0405893
0.402083 0.0892931
0.286047 0.373652
0.140727 0.355134
0.23292 0.25952
0.241515 0.314359
0.228419 0.33485
0.432128 0.271114
0.296282 0.138498
0.333099 0.18093
0.268931 0.312076
0.148995 0.402119
0.0429111 0.250216
0.234591 0.357142
0.225876 0.19456
0.168051 0.0890584
0.200041 0.193421
0.248599 0.257212
0.127524 0.0272481
0.162904 0.263793
0.0996621 0.306529
0.326502 0.113212
0.432587 0.347659
0.445437 0.423265
0.247776 0.25541
0.218835 0.245869
0.277971 0.249848
0.131238 0.201355
0.220451 0.124507
0.169801 0.203659
0.247837 0.224768
0.216436 0.160099
0.0984036 0.565655
0.156324 0.26137
0.297236 0.310417
0.415385 0.116291
0.420652 0.324101
0.415818 0.336346
0.271921 0.325235
0.168387 0.425935
0.114599 0.387339
0.2411 0.404997
0.101798 0.431859
0.0252217 0.424379
0.189883 0.316808
0.105752 0.408315
0.180214 0.492161
0.193845 0.104945
0.109478 0.210151
0.202936 0.236782
0.246104 0.314501
0.298865 0.325427
0.265991 0.243562
0.180748 0.133815
0.343938 0.28442
0.208179 0.268795
0.26539 0.392821
0.141758 0.394972
0.0977336 0.459069
0.250737 0.265538
0.247783 0.273703
0.151481 0.31529
0.163264 0.458396
0.154233 0.375966
0.14631 0.19213
0.0504032 0.363656
0.0944989 0.23026
0.090564 0.289817
0.182736 0.194559
0.208226 0.277446
0.06387 0.156382
0.27256 0.36942
0.0633629 0.278052
0.112471 0.485801
0.317779 0.349267
0.115972 0.158148
0.0757639 0.141653
0.166004 0.183672
0.127314 0.273546
0.093421 0.296484
0.1391 0.339259
0.353282 0.265722
0.263188 0.308798
0.330999 0.349767
0.393218 0.0594322
0.500302 0.156227
0.284176 0.225319
0.131393 0.217493
0.338685 0.331575
0.323552 0.404319
0.403793 0.369166
0.47301 0.257109
0.317031 0.353439
0.259917 0.421801
0.0903791 0.284881
0.218037 0.375427
0.376837 0.361965
0.313197 0.411209
0.175494 0.314631
0.37877 0.0817738
0.671673 0.156211
0.465267 0.103293
0.331954 0.259236
0.319572 0.485006
0.254373 0.366577
0.298278 0.34652
0.153939 0.488822
0.1197 0.427263
0.315334 0.338847
0.213685 0.238262
0.112184 0.236139
0.181023 0.338769
0.32245 0.303513
0.320327 0.342989
0.141035 0.503154
0.228944 0.42268
0.237361 0.324335
0.190731 0.280346
0.275973 0.335659
0.147041 0.145327
0.133165 0.177384
0.0581033 0.142994
0.184059 0.133191
0.0399553 0.196471
0.228809 0.366118
0.0570741 0.322141
0.217245 0.577698
0.326425 0.439173
0.323792 0.413706
0.291435 0.352209
0.162012 0.339415
0.155197 0.419345
0.201121 0.475662
0.256523 0.455281
0.302104 0.201261
0.209953 0.124701
0.516135 0.150781
0.515323 0.131107
0.433951 0.134018
0.495634 0.242959
0.326751 0.316463
0.361969 0.264532
0.0730711 0.411653
0.115432 0.296916
0.07074 0.310301
0.166165 0.37445
0.239555 0.452175
0.0713299 0.406513
0.0975343 0.441295
0.167822 0.503239
0.127488 0.62734
0.0980964 0.441469
0.0934762 0.411192
0.157502 0.363096
0.334548 0.267526
0.120163 0.311115
0.118399 0.177058
0.23043 0.0481557
0.264402 0.173815
0.423608 0.136373
0.0866396 0.102796
0.141623 0.0531703
0.265982 0.169712
0.297764 0.140311
0.270337 0.157642
0.236767 0.102438
0.0439923 0.32651
0.325427 0.150457
0.213733 0.0842694
0.0486209 0.323039
0.153414 0.313166
0.238738 0.35284
0.124002 0.313886
0.371024 0.319439
0.319342 0.545601
0.243203 0.226483
0.251747 0.441462
0.297422 0.43797
0.513182 0.413374
0.382056 0.457021
0.405498 0.264612
0.538973 0.110579
0.486834 0.19042
0.0584134 0.113175
0.0531833 0.31456
0.179002 0.251023
0.332354 0.163084
0.416038 0.201496
0.228941 0.353622
0.218813 0.493869
0.0428407 0.381408
0.175421 0.291136
0.360784 0.336925
0.246455 0.416649
0.187561 0.267508
0.158799 0.195974
0.194749 0.33134
0.247584 0.271039
0.218904 0.429493
0.235461 0.433907
0.279197 0.294649
0.129943 0.0996824
0.384412 0.181563
0.394568 0.224711
0.348994 0.31501
0.370634 0.386576
0.424273 0.119972
0.381753 0.113353
0.217619 0.139452
0.271083 0.22424
0.356077 0.257223
0.238194 0.252114
0.312403 0.12122
0.135455 0.10677
0.146053 0.192617
0.299758 0.161262
0.135417 0.320302
0.207009 0.289484
0.181891 0.462875
0.0873509 0.561089
0.103443 0.320955
0.252599 0.367933
0.137974 0.275339
0.190065 0.441319
0.154414 0.368183
0.143282 0.268642
0.368035 0.376646
0.125486 0.374041
0.208507 0.330305
0.318475 0.257309
0.398759 0.143448
0.546286 0.237429
0.641236 0.228743
0.536578 0.148058
0.523659 0.0505512
0.43942 0.181577
0.248337 0.214837
0.0960697 0.118934
0.231915 0.113624
0.0635953 0.145426
0.252284 0.298042
0.261506 0.172847
0.155419 0.221428
0.14765 0.357073
0.191061 0.142873
0.208294 0.0642737
0.351014 0.269759
0.278016 0.32971
0.170917 0.203442
0.222679 0.0940173
0.305757 0.0692964
0.452166 0.0377048
0.519724 0.243945
0.61826 0.160972
0.274683 0.0673185
0.112211 0.356036
0.188453 0.226381
0.144243 0.0596529
0.135052 0.0985224
0.144098 0.0400344
0.31147 0.0682369
0.204669 0.118566
0.261855 0.201517
0.046885 0.178679
0.208541 0.207642
0.279592 0.198137
0.158725 0.190809
0.277073 0.206182
0.218362 0.168632
0.0293993 0.292616
0.100308 0.221247
0.104599 0.184766
0.279769 0.270717
0.363158 0.130416
0.311608 0.266307
0.374655 0.0369523
0.436841 0.23037
0.213086 0.158096
0.347046 0.198594
0.157167 0.13334
0.16376 0.21768
0.391929 0.154358
0.310213 0.159978
0.0203375 0.314743
0.12046 0.292703
0.16195 0.287342
0.0650492 0.430497
0.148044 0.280529
0.0714162 0.189785
0.126727 0.247876
0.242672 0.165999
0.0646576 0.283116
0.220146 0.274626
0.172416 0.328074
0.121395 0.279025
0.305834 0.146325
0.390494 0.173077
0.320742 0.225253
0.176998 0.194857
0.251688 0.0296195
0.148942 0.235993
0.0595508 0.153751
0.121185 0.220742
0.259915 0.217152
0.33063 0.234793
0.339506 0.251718
0.401608 0.254715
0.373895 0.288845
0.523752 0.335487
0.518052 0.356216
0.210574 0.0702555
0.205927 0.15028
0.0490514 0.14185
0.0782586 0.177729
0.0653862 0.205575
0.0790996 0.233369
0.235452 0.208975
0.256842 0.0973779
0.127446 0.21789
0.114067 0.152638
0.13339 0.256027
0.157264 0.238681
0.205463 0.453689
0.146665 0.438483
0.369607 0.306589
0.258996 0.230658
0.455864 0.2365
0.491495 0.413838
0.266489 0.119733
0.438745 0.147117
0.28213 0.156651
0.446335 0.234084
0.349917 0.275069
0.265603 0.371561
0.356029 0.327856
0.245092 0.278817
0.0524241 0.428451
0.0709596 0.341547
0.0861052 0.237648
0.132673 0.359552
0.0919318 0.250478
0.186845 0.251972
0.199608 0.491525
0.0686449 0.422113
0.176898 0.356617
0.340687 0.393367
0.263787 0.323862
0.420768 0.207522
0.548824 0.344335
0.20438 0.528709
0.45483 0.281424
0.197719 0.0427889
0.324868 0.114293
0.487377 0.209693
0.241526 0.275483
0.317582 0.273165
0.249244 0.372142
0.272815 0.341544
0.211537 0.305701
0.256346 0.303225
0.384939 0.148984
0.36713 0.339413
0.33384 0.288161
0.181428 0.35385
0.0215748 0.241009
0.143637 0.167659
0.203152 0.228889
0.323017 0.127043
0.385267 0.0556233
0.0418443 0.17496
0.133628 0.20853
0.0871722 0.209103
0.381579 0.0391327
0.127496 0.189648
0.128135 0.275168
0.0566197 0.320949
0.341859 0.254233
0.393414 0.10569
0.413236 0.177216
0.228474 0.125812
0.208385 0.212456
0.0273158 0.309805
0.330194 0.519419
0.169737 0.355585
0.184686 0.289601
0.256421 0.210567
0.16222 0.144944
0.171516 0.145029
0.234171 0.128611
0.159102 0.144922
0.118293 0.25709
0.113099 0.162404
0.226224 0.203092
0.271354 0.215895
0.380001 0.35441
0.460057 0.434482
0.435873 0.478534
0.393715 0.250352
0.227809 0.158647
0.1711 0.254862
0.259031 0.145198
0.319637 0.185931
0.453649 0.220312
0.40385 0.354714
0.417381 0.348462
0.0731555 0.231444
0.0589874 0.165926
0.245125 0.130848
0.15854 0.256388
0.0668512 0.267228
0.0919888 0.301691
0.185551 0.189216
0.182296 0.107327
0.151769 0.109568
0.0461769 0.257442
0.209321 0.147948
0.403228 0.158627
0.54768 0.345769
0.321995 0.268977
0.106457 0.383648
0.19209 0.426638
0.093661 0.250171
0.167938 0.14676
0.199525 0.303069
0.155035 0.246612
0.389619 0.245321
0.253124 0.212014
0.32839 0.230324
0.349223 0.142843
0.265473 0.207036
0.232012 0.451143
0.182889 0.353325
0.260917 0.206829
0.225158 0.250684
0.119747 0.238054
0.371351 0.141121
0.346262 0.133748
0.190788 0.235084
0.140339 0.293637
0.226585 0.437265
0.171231 0.269398
0.366404 0.334984
0.375532 0.142936
0.501807 0.127063
0.428329 0.206203
0.516423 0.366976
0.505647 0.138277
0.349307 0.141785
0.287329 0.172039
0.20329 0.226758
0.176756 0.361052
0.145701 0.144829
0.207459 0.0870134
0.196307 0.116287
0.225226 0.159361
0.270477 0.143889
0.331938 0.172319
0.21483 0.277187
0.145828 0.206089
0.330758 0.326907
0.235357 0.169992
0.160086 0.165354
0.208404 0.176598
0.14662 0.248017
0.153848 0.200948
0.133408 0.31614
0.1284 0.388399
0.288409 0.34163
0.407086 0.180593
0.250941 0.210488
0.304798 0.00888451
0.369069 0.0954431
0.390712 0.236016
0.331747 0.0841703
0.365636 0.148473
0.5052 0.225221
0.422023 0.130636
0.312907 0.260562
0.353827 0.134497
0.438751 0.10541
0.280446 0.17853
0.261857 0.253711
0.0927143 0.412839
0.239278 0.295965
0.185793 0.391908
0.282784 0.44174
0.25562 0.303281
0.202963 0.243801
0.212422 0.304987
0.273061 0.351852
0.245061 0.31118
0.215191 0.138235
0.191299 0.418324
0.217752 0.407923
0.252389 0.298405
0.351683 0.44003
0.230671 0.28963
0.36028 0.300997
0.0920016 0.183149
0.252901 0.350814
0.141453 0.198763
0.114789 0.292001
0.114497 0.182727
0.087437 0.241788
0.128984 0.0100606
0.31031 0.280896
0.124536 0.264604
0.216628 0.372901
0.06952 0.474344
0.0600093 0.492263
0.204918 0.527531
0.119112 0.233168
0.268614 0.46974
0.405005 0.262475
0.407208 0.164678
0.223387 0.236378
0.148029 0.125361
0.0865321 0.14173
0.288185 0.161859
0.130084 0.100693
0.414742 0.204117
0.362821 0.220951
0.485143 0.169966
0.3419 0.197302
0.107199 0.252707
0.0372708 0.323018
0.187778 0.0730382
0.0849874 0.123129
0.40166 0.324956
0.289072 0.312228
0.458229 0.498922
0.323692 0.464939
0.314601 0.221733
0.220215 0.141081
0.252743 0.264844
0.225121 0.216731
0.122477 0.00317891
0.348906 0.230907
0.219881 0.36737
0.397132 0.396756
0.366621 0.0822206
0.510856 0.232795
0.465818 0.392997
0.251293 0.299683
0.0399733 0.179837
0.195479 0.243369
0.317455 0.228565
0.166257 0.198529
0.114599 0.508676
0.270852 0.295785
0.197825 0.610056
0.165119 0.372188
0.258693 0.111221
0.255384 0.161792
0.404616 0.458873
0.282018 0.291515
0.175474 0.286717
0.0942862 0.093844
0.208304 0.159817
0.0775914 0.222354
0.143716 0.154073
0.214388 0.107155
0.16654 0.0641876
0.20229 0.102153
0.305816 0.103509
0.251283 0.146617
0.201558 0.0752346
0.0898247 0.104213
0.0852865 0.215582
0.0857291 0.496951
0.162136 0.659683
0.128716 0.40988
0.0915567 0.495721
0.179179 0.430782
0.0523525 0.0808195
0.295128 0.234551
0.342999 0.194978
0.161722 0.369998
0.067839 0.319768
0.328441 0.400372
0.29732 0.480035
0.294319 0.279899
0.280656 0.205502
0.160533 0.203642
0.214312 0.132408
0.348772 0.273698
0.279168 0.113546
0.312019 0.191858
0.231164 0.271452
0.128916 0.0218554
0.164763 0.261204
0.127818 0.368691
0.192678 0.316869
0.0564936 0.24698
0.129804 0.205716
0.300418 0.289943
0.390016 0.333431
0.376638 0.40296
0.288489 0.39817
0.381959 0.175457
0.0825822 0.111476
0.270888 0.161471
0.346978 0.390021
0.298731 0.299067
0.419719 0.0290537
0.491281 0.149687
0.53983 0.189372
0.368879 0.197176
0.403573 0.0942244
0.232352 0.119215
0.229579 0.191924
0.192974 0.203794
0.266821 0.137425
0.322816 0.202372
0.291377 0.314053
0.168547 0.0781098
0.247598 0.289461
0.244259 0.206663
0.23065 0.0256295
0.125504 0.107199
0.348013 0.26515
0.362733 0.331322
0.181421 0.189499
0.178831 0.0907466
0.0725958 0.101832
0.103426 0.117556
0.0920546 0.15021
0.221186 0.284968
0.358115 0.412097
0.297503 0.341046
0.336189 0.0536482
0.218395 0.178011
0.408069 0.26758
0.559136 0.0967953
0.325689 0.111058
0.302157 0.233816
0.325022 0.338844
0.181827 0.365876
0.279516 0.328623
0.171815 0.398334
0.294729 0.226938
0.438508 0.070397
0.512317 0.288597
0.0854856 0.318998
0.278413 0.0267068
0.202803 0.206573
0.302935 0.213028
0.273869 0.185438
0.283743 0.294051
0.1997 0.209772
0.196234 0.280877
0.333381 0.525383
0.327658 0.435109
0.219114 0.285829
0.0903747 0.209097
0.171211 0.315054
0.081432 0.32655
0.226133 0.254079
0.347464 0.308134
0.408094 0.126074
0.386938 0.0109947
0.0490523 0.135233
0.124318 0.0793702
0.401985 0.0648743
0.240331 0.255452
0.272784 0.474418
0.253574 0.381793
0.271219 0.394847
0.296465 0.498037
0.429338 0.273933
0.372265 0.352193
0.333049 0.368329
0.333253 0.347057
0.292626 0.292565
0.279997 0.530929
0.506723 0.459802
0.316817 0.285961
0.144913 0.228946
0.101449 0.354455
0.0858676 0.201271
0.0706362 0.118668
0.163182 0.216725
0.207796 0.276971
0.306791 0.284865
0.2988 0.240553
0.322579 0.185377
0.517565 0.210858
0.245686 0.122259
0.440731 0.352823
0.384442 0.170914
0.202822 0.206126
0.405863 0.0669807
0.398759 0.203381
0.135195 0.372414
0.18766 0.269152
0.328842 0.296725
0.45768 0.199538
0.339696 0.349892
0.102946 0.248375
0.112178 0.106219
0.132637 0.347208
0.203367 0.270607
0.0740951 0.497168
0.0914601 0.261505
0.101406 0.358986
0.15913 0.451905
0.0964913 0.358792
0.0573619 0.23162
0.121054 0.274084
0.223542 0.455272
0.274492 0.307519
0.129334 0.400572
0.218819 0.260258
0.183884 0.134162
0.381228 0.155565
0.105753 0.14995
0.172432 0.112879
0.258393 0.2021
0.301788 0.0650017
0.330283 0.0977398
0.313373 0.239186
0.248071 0.293474
0.132701 0.176343
0.119988 0.307351
0.0518028 0.417093
0.119683 0.401209
0.286636 0.25977
0.116941 0.154698
0.0800779 0.0632799
0.121102 0.214156
0.319357 0.281939
0.101661 0.202821
0.290978 0.223967
0.122171 0.186745
0.343362 0.426902
0.291294 0.505402
0.280409 0.241047
0.289279 0.261093
0.182262 0.432298
0.204703 0.21051
0.166842 0.333504
0.225237 0.379396
0.0253451 0.243827
0.215332 0.161668
0.260454 0.210637
0.0528414 0.278504
0.269556 0.287928
0.0651832 0.0540684
0.231752 0.0733518
0.350948 0.212816
0.363737 0.226727
0.153066 0.195572
0.149052 0.197787
0.171332 0.10208
0.136417 0.15342
0.0736538 0.35953
0.22946 0.361115
0.0474236 0.326796
0.225719 0.175863
0.253537 0.182838
0.135181 0.254594
0.148818 0.107428
0.324263 0.161307
0.21859 0.200135
0.11179 0.107387
0.268831 0.185856
0.266344 0.149597
0.349881 0.0517404
0.437484 0.166716
0.0289966 0.130486
0.291728 0.235732
0.14797 0.145442
0.107127 0.152014
0.0865666 0.104046
0.18029 0.2382
0.0521945 0.342924
0.286481 0.321342
0.372213 0.440718
0.133832 0.532482
0.199167 0.3738
0.334632 0.106091
0.361606 0.105059
0.180675 0.0776862
0.298078 0.034278
0.293315 0.14081
0.278026 0.0492598
0.205068 0.16619
0.124261 0.354906
0.194686 0.338795
0.35728 0.342806
0.40495 0.261392
0.432189 0.190757
0.397934 0.200161
0.339954 0.332268
0.377325 0.300795
0.443299 0.274646
0.321982 0.204436
0.31148 0.235551
0.0881781 0.374244
0.309723 0.305423
0.130507 0.282469
0.234983 0.170003
0.199653 0.142169
0.0781232 0.439021
0.0734619 0.51869
0.169506 0.4917
0.204803 0.378512
0.112898 0.286572
0.20276 0.356271
0.270919 0.501406
0.0695944 0.343914
0.188277 0.15208
0.260979 0.262565
0.204804 0.320008
0.10083 0.210697
0.204424 0.186732
0.228543 0.243056
0.0512929 0.298858
0.224534 0.269753
0.323149 0.253057
0.154969 0.377991
0.113936 0.395877
0.240635 0.422303
0.111121 0.281395
0.310326 0.241789
0.297057 0.411789
0.402156 0.385317
0.244741 0.238454
0.181899 0.0366949
0.237919 0.15815
0.53308 0.226812
0.368876 0.110225
0.404859 0.211492
0.400787 0.0973586
0.396029 0.154933
0.319402 0.29399
0.335931 0.384546
0.235761 0.341755
0.120287 0.320605
0.183731 0.0984614
0.156691 0.0074999
0.0880929 0.226943
0.24332 0.332533
0.277664 0.134969
0.213814 0.18078
0.233472 0.313695
0.387836 0.179361
0.324805 0.279328
0.22305 0.129015
0.127327 0.182909
0.334437 0.24879
0.335768 0.284701
0.238414 0.37224
0.356753 0.383162
0.166673 0.306946
0.107634 0.105634
0.233943 0.148009
0.359732 0.355263
0.301198 0.31199
0.411136 0.207917
0.317157 0.336851
0.196927 0.471064
0.127579 0.290973
0.252627 0.0356589
0.211586 0.137415
0.161568 0.185121
0.336512 0.10825
0.345684 0.117143
0.127475 0.488741
0.137752 0.453004
0.0902528 0.348516
0.149223 0.128652
0.141209 0.124738
0.216745 0.263289
0.0428922 0.357957
0.0426655 0.397165
0.244364 0.286407
0.257087 0.183537
0.196651 0.105708
0.217061 0.211727
0.108775 0.16544
0.201054 0.214163
0.204072 0.249004
0.246827 0.300825
0.0982164 0.444077
0.0642607 0.490671
0.121452 0.332536
0.160578 0.245348
0.170673 0.153711
0.0730156 0.28862
0.20103 0.129449
0.155765 0.256235
0.297473 0.330974
0.319291 0.453863
0.218653 0.356526
0.425653 0.24977
0.413019 0.0618507
0.432404 0.266834
0.268429 0.247711
0.265525 0.381174
0.124699 0.373436
0.266056 0.261715
0.366576 0.066989
0.200615 0.0505916
0.18891 0.246469
0.199165 0.144208
0.107637 0.1144
0.0427378 0.294806
0.138684 0.183554
0.267458 0.0847395
0.307363 0.166031
0.360301 0.17775
0.224441 0.128371
0.339119 0.349329
0.216191 0.33336
0.283663 0.335904
0.0925488 0.457647
0.15867 0.322838
0.172613 0.438866
0.244045 0.395706
0.38274 0.364537
0.236729 0.398346
0.254205 0.378693
0.296078 0.114099
0.353206 0.215919
0.236205 0.0889519
0.381414 0.0843832
0.213636 0.126517
0.147085 0.15197
0.244534 0.195677
0.207514 0.237551
0.199786 0.125777
0.157991 0.392886
0.09379 0.518878
0.144734 0.455925
0.0196551 0.301176
0.148825 0.255407
0.275624 0.125134
0.111224 0.288361
0.256821 0.46188
0.437123 0.461397
0.433052 0.309873
0.350186 0.268325
0.277076 0.295283
0.177096 0.275381
0.0601224 0.2386
0.126121 0.297992
0.0449403 0.292919
0.236962 0.294703
0.156773 0.19733
0.139616 0.351542
0.288123 0.357245
0.375157 0.165265
0.395466 0.263537
0.426375 0.166342
0.46067 0.153189
0.294549 0.232629
0.150558 0.145672
0.0919738 0.146223
0.281823 0.24585
0.381273 0.341413
0.165799 0.434857
0.303654 0.252876
0.155712 0.321475
0.123751 0.209044
0.0328093 0.378723
0.199059 0.410011
0.204849 0.444584
0.230904 0.240223
0.299966 0.0494332
0.258665 0.239762
0.197245 0.0944757
0.187342 0.106399
0.134792 0.124797
0.174402 0.269552
0.095741 0.291755
0.116325 0.248864
0.115033 0.178044
0.271239 0.212197
0.285543 0.203211
0.0136848 0.240561
0.0846622 0.183951
0.121518 0.308125
0.278245 0.314537
0.038672 0.215477
0.305692 0.197973
0.121701 0.226869
0.393581 0.113897
0.435557 0.33541
0.284402 0.0855977
0.198599 0.195043
0.115953 0.148957
0.403867 0.259588
0.307751 0.242054
0.308294 0.313958
0.190158 0.153104
0.302177 0.248974
0.060064 0.159345
0.180492 0.342377
0.191278 0.313263
0.191536 0.186751
0.0997592 0.0927477
0.382838 0.0832105
0.205055 0.145954
0.293891 0.189409
0.284706 0.185289
0.371666 0.0820798
0.495999 0.0631559
0.45806 0.0714666
0.408588 0.12028
0.507603 0.0783404
0.292766 0.371075
0.278871 0.106452
0.467036 0.0273398
0.38396 0.0571788
0.0486319 0.200104
0.266232 0.254058
0.512472 0.279948
0.523187 0.340291
0.280309 0.245255
0.190137 0.328821
0.0742271 0.166124
0.0776668 0.0745342
0.18111 0.132925
0.242275 0.104926
0.244137 0.158887
0.0587354 0.227229
0.171576 0.251211
0.0561202 0.290207
0.227964 0.321677
0.176525 0.281313
0.123057 0.0897232
0.113982 0.276546
0.219215 0.176139
0.337187 0.287509
0.357154 0.283929
0.495537 0.457181
0.373557 0.534954
0.285403 0.573198
0.203978 0.107487
0.22219 0.105995
0.195667 0.243147
0.472747 0.0474012
0.294184 0.140785
0.133136 0.0974397
0.249661 0.19242
0.371254 0.0585663
0.299559 0.0773487
0.318118 0.205187
0.169689 0.114417
0.152334 0.199826
0.244853 0.116217
0.190822 0.105871
0.118112 0.393517
0.152866 0.189087
0.228629 0.221687
0.0849311 0.203317
0.123701 0.339366
0.156373 0.327927
0.299961 0.493812
0.238734 0.182304
0.244755 0.132412
0.242546 0.0909032
0.354148 0.209577
0.203084 0.15395
0.215188 0.20485
0.294214 0.278843
0.213347 0.296911
0.247718 0.192211
0.131573 0.0636591
0.157977 0.136362
0.224168 0.225661
0.285404 0.275842
0.377242 0.322049
0.381812 0.355606
0.523252 0.25776
0.524832 0.189917
0.373769 0.256896
0.233978 0.161727
0.345276 0.0438676
0.137601 0.07418
0.222393 0.362226
0.129178 0.290972
0.293578 0.292428
0.312083 0.201174
0.15374 0.201007
0.336273 0.282905
0.258089 0.222973
0.304767 0.334083
0.187885 0.284981
0.281199 0.247194
0.256006 0.264097
0.15039 0.103223
0.355844 0.231398
0.394865 0.176144
0.241993 0.283689
0.279477 0.404827
0.027246 0.361973
0.421062 0.400848
0.34787 0.333378
0.351142 0.359029
0.276552 0.371355
0.201228 0.330666
0.282051 0.331381
0.325284 0.296384
0.188656 0.0981908
0.29694 0.175341
0.122168 0.460396
0.0353726 0.420477
0.149827 0.192638
0.0895618 0.0347212
0.250925 0.272965
0.241978 0.399611
0.279402 0.341668
0.0296038 0.296604
0.144804 0.232815
0.148298 0.314722
0.085719 0.290452
0.149064 0.489215
0.10014 0.530861
0.10044 0.425534
0.140927 0.466206
0.264683 0.482256
0.137867 0.115754
0.339247 0.337865
0.189456 0.269411
0.234641 0.415157
0.112849 0.324359
0.0712978 0.336101
0.283816 0.25352
0.433276 0.10813
0.199849 0.176453
0.131647 0.179504
0.239373 0.0400253
0.491398 0.166402
0.401414 0.30591
0.349875 0.133558
0.290579 0.400647
0.464225 0.260449
0.388376 0.20923
0.425357 0.317784
0.130221 0.259102
0.210394 0.293345
0.370023 0.239549
0.229942 0.131575
0.185611 0.223379
0.0377695 0.202099
0.0607016 0.41689
0.144613 0.408126
0.145011 0.239435
0.283963 0.277667
0.467247 0.261773
0.584969 0.0806867
0.440257 0.097539
0.292278 0.112304
0.105203 0.294295
0.0487591 0.373241
0.0549107 0.342737
0.0974862 0.190666
0.0251791 0.121636
0.11897 0.201218
0.211532 0.146469
0.0889465 0.11407
0.172584 0.373057
0.138939 0.422011
0.0681674 0.371458
0.323951 0.357842
0.234608 0.413154
0.372669 0.267189
0.116883 0.0653365
0.138989 0.182486
0.0884229 0.351391
0.173612 0.285855
0.113526 0.12113
0.209157 0.433809
0.0942606 0.467675
0.167101 0.178944
0.140003 0.202802
0.0729907 0.132285
0.0765862 0.226867
0.108019 0.339741
0.148834 0.267304
0.174512 0.50727
0.130365 0.211571
0.558667 0.152805
0.434872 0.361826
0.408605 0.3799
0.435698 0.290724
0.250929 0.459814
0.235141 0.476174
0.136138 0.534217
0.273917 0.356961
0.332538 0.230632
0.0468346 0.20943
0.147393 0.292002
0.100617 0.484137
0.241179 0.383676
0.362267 0.149569
0.43369 0.174977
0.103872 0.0585386
0.0900114 0.0326247
0.144831 0.214734
0.136265 0.212517
0.396868 0.170641
0.279224 0.0773013
0.175249 0.0622822
0.205426 0.177021
0.17283 0.104349
0.0867689 0.0283815
0.30899 0.222727
0.349768 0.293866
0.320973 0.132422
0.0377018 0.182588
0.115318 0.254525
0.0977483 0.321075
0.231382 0.359514
0.191331 0.271435
0.227229 0.494739
0.198157 0.563017
0.311402 0.331379
0.150607 0.218726
0.344846 0.240223
0.366179 0.253274
0.349788 0.0284437
0.418942 0.150425
0.184425 0.194398
0.298338 0.118291
0.343128 0.191739
0.113934 0.25062
0.237561 0.12473
0.201048 0.270039
0.261775 0.158184
0.13896 0.0862151
0.284117 0.306593
0.389743 0.237202
0.254889 0.191491
0.375487 0.290885
0.318934 0.245489
0.189748 0.221277
0.325981 0.182069
0.254473 0.0902917
0.117606 0.128894
0.212819 0.380787
0.230059 0.137514
0.288117 0.350833
0.0998279 0.422486
0.0512948 0.525485
0.225761 0.489896
0.286373 0.353713
0.426885 0.184224
0.33919 0.181305
0.268226 0.193275
0.349005 0.193713
0.300157 0.302662
0.180792 0.144593
0.128575 0.181001
0.270264 0.162417
0.476698 0.128439
0.399347 0.354565
0.174614 0.278688
0.147144 0.188841
0.202937 0.113249
0.0447492 0.227503
0.390809 0.321089
0.342672 0.379056
0.322654 0.380337
0.282093 0.300976
0.496898 0.281592
0.382678 0.133755
0.277941 0.423954
0.38205 0.20254
0.36119 0.27922
0.285567 0.0966609
0.24802 0.28481
0.120751 0.1679
0.252751 0.17164
0.153387 0.13788
0.158904 0.133259
0.124018 0.24876
0.145448 0.182606
0.0879535 0.137388
0.271106 0.283725
0.163693 0.345832
0.361935 0.354882
0.100999 0.338808
0.0556083 0.27746
0.185997 0.312044
0.176081 0.378997
0.178382 0.428941
0.343406 0.04756
0.216954 0.260743
0.221403 0.130161
0.15616 0.193745
0.133716 0.103641
0.154881 0.244667
0.311988 0.0785827
0.433865 0.282435
0.0450401 0.262389
0.156234 0.235953
0.211878 0.191811
0.253658 0.26224
0.152928 0.285791
0.259984 0.281823
0.510141 0.465859
0.493809 0.280404
0.629037 0.389802
0.534322 0.130552
0.457042 0.095498
0.385575 0.250568
0.443713 0.155859
0.461499 0.094066
0.4126 0.37493
0.299217 0.174685
0.218665 0.367355
0.349972 0.230643
0.28071 0.298524
0.33834 0.168252
0.352052 0.158869
0.220822 0.0384944
0.274732 0.251721
0.238764 0.261681
0.287242 0.00204986
0.194471 0.174715
0.215335 0.425509
0.179741 0.477758
0.232486 0.421647
0.139314 0.24162
0.145818 0.372077
0.379735 0.237896
0.142882 0.292674
0.202576 0.254613
0.329455 0.378523
0.522292 0.330484
0.339635 0.24819
0.0355775 0.238332
0.144564 0.0330954
0.189114 0.112901
0.183188 0.16678
0.358402 0.0854626
0.25027 0.233631
0.419149 0.0858354
0.285721 0.246409
0.175579 0.301406
0.280429 0.238066
0.16156 0.382723
0.195482 0.379916
0.124875 0.254469
0.102236 0.256356
0.274476 0.177814
0.184308 0.332817
0.0952974 0.112356
0.506892 0.403863
0.317974 0.0452807
0.211024 0.290911
0.0776307 0.280155
0.189026 0.199001
0.0621291 0.178769
0.279643 0.187271
0.201518 0.469749
0.234342 0.190254
0.420025 0.202345
0.387456 0.179083
0.30472 0.251618
0.404194 0.317872
0.354029 0.326533
0.0611462 0.435117
0.157968 0.183135
0.344908 0.0591028
0.305992 0.141483
0.264464 0.244659
0.175853 0.396031
0.317564 0.311574
0.460586 0.263447
0.473486 0.24696
0.286543 0.174859
0.470001 0.306694
0.362921 0.160576
0.214176 0.139749
0.236391 0.443747
0.220747 0.295034
0.383395 0.154992
0.395974 0.325537
0.330484 0.277537
0.285963 0.406951
0.104451 0.146686
0.12148 0.120637
0.316862 0.125637
0.163031 0.321707
0.142451 0.264602
0.120671 0.132422
0.344159 0.333292
0.281178 0.262303
0.17185 0.278788
0.184673 0.483594
0.176443 0.380872
0.293788 0.457266
0.290908 0.368636
0.277912 0.490828
0.104317 0.334579
0.193347 0.0177421
0.189107 0.105171
0.0205496 0.223579
0.0808546 0.235793
0.109851 0.350328
0.25933 0.161796
0.0476232 0.194242
0.165229 0.194318
0.245425 0.1804
0.127258 0.213692
0.320922 0.262648
0.252728 0.454114
0.275171 0.159448
0.0986264 0.132447
0.236727 0.108315
0.219347 0.24482
0.205176 0.253268
0.448279 0.253712
0.26366 0.290154
0.36362 0.298783
0.32388 0.283481
0.164024 0.345166
0.104438 0.442667
0.328553 0.290046
0.207821 0.180257
0.18318 0.207712
0.122251 0.300987
0.145369 0.279379
0.347967 0.0333921
0.358773 0.305115
0.280805 0.271957
0.174862 0.423844
0.132361 0.544289
0.147565 0.40965
0.341986 0.362486
0.193042 0.478604
0.325131 0.289841
0.33921 0.100475
0.277575 0.0835308
0.262182 0.127517
0.342867 0.156107
0.352876 0.431648
0.43738 0.361862
0.262382 0.352023
0.40146 0.0513482
0.498142 0.162734
0.455638 0.442807
0.141418 0.325235
0.339074 0.22205
0.246299 0.168513
0.210635 0.102962
0.299112 0.403463
0.280717 0.401874
0.307171 0.407097
0.44938 0.176761
0.349346 0.151696
0.186593 0.331089
0.118574 0.183494
0.22872 0.327439
0.404312 0.382582
0.424264 0.413592
0.191741 0.328135
0.23212 0.203807
0.348817 0.177387
0.466763 0.268738
0.3504 0.239243
0.330258 0.310565
0.296963 0.0953839
0.0953017 0.137983
0.169344 0.325527
0.127667 0.248638
0.0959641 0.251436
0.181065 0.333373
0.0282374 0.402017
0.283406 0.196097
0.350369 0.33136
0.260393 0.0685009
0.234877 0.180338
0.321676 0.185695
0.223407 0.140988
0.412293 0.386142
0.424306 0.355535
0.351066 0.317898
0.291557 0.320111
0.182647 0.240354
0.278318 0.190349
0.392908 0.167652
0.101256 0.185906
0.243914 0.287588
0.243869 0.0975984
0.313216 0.244061
0.329218 0.267166
0.309643 0.392935
0.30668 0.539202
0.28191 0.426659
0.310734 0.356091
0.350675 0.444935
0.563117 0.155633
0.270812 0.192483
0.168576 0.165426
0.234069 0.121327
0.310959 0.146046
0.29365 0.159705
0.223165 0.255748
0.191176 0.331768
0.317977 0.35296
0.247915 0.214388
0.153829 0.283113
0.208514 0.226584
0.114728 0.0577265
0.19854 0.0493996
0.0479823 0.165181
0.232211 0.321589
0.131515 0.378024
0.192512 0.373295
0.299 0.347206
0.301885 0.478555
0.416477 0.277778
0.354504 0.316647
0.251507 0.161379
0.152258 0.227176
0.408957 0.179761
0.469427 0.0832588
0.399626 0.194084
0.464099 0.256179
0.205054 0.368346
0.183718 0.285868
0.222219 0.263141
0.255813 0.248534
0.202289 0.212115
0.272561 0.145373
0.149735 0.345613
0.129599 0.242454
0.0918261 0.0435949
0.187628 0.202653
0.139224 0.277619
0.203033 0.279793
0.291566 0.18435
0.322628 0.138961
0.291115 0.270307
0.28903 0.105877
0.453191 0.199641
0.251298 0.0385138
0.163259 0.242373
0.084467 0.371677
0.213532 0.196283
0.241832 0.106093
0.0606532 0.336548
0.13192 0.342334
0.225419 0.212277
0.154831 0.237899
0.124472 0.150309
0.121885 0.129419
0.16005 0.138046
0.19507 0.246262
0.23611 0.0700107
0.318371 0.307517
0.169404 0.198267
0.40977 0.11968
0.474928 0.131754
0.230048 0.194327
0.334039 0.0859612
0.210702 0.190004
0.31793 0.214149
0.342859 0.46038
0.256283 0.421706
0.132935 0.298816
0.324173 0.15094
0.0966254 0.148133
0.196587 0.316341
0.0396533 0.347268
0.103729 0.337013
0.145415 0.277115
0.304129 0.376119
0.246659 0.197255
0.457111 0.0159804
0.30035 0.047294
0.485459 0.096282
0.468616 0.168759
0.274404 0.451685
0.392071 0.198922
0.42976 0.113391
0.227084 0.229276
0.370706 0.0269227
0.255037 0.199462
0.279693 0.215887
0.152884 0.20332
0.365301 0.135539
0.322398 0.168386
0.35528 0.182581
0.378579 0.304292
0.323679 0.371793
0.468497 0.334
0.355568 0.294822
0.285335 0.139003
0.37123 0.0545956
0.250324 0.479136
0.252148 0.218886
0.214856 0.202228
0.210602 0.315348
0.191962 0.287693
0.168411 0.382049
0.374284 0.338082
0.434969 0.2466
0.290362 0.38577
0.209372 0.438994
0.24078 0.203622
0.116247 0.262978
0.140218 0.272994
0.0203823 0.202183
0.147543 0.383293
0.291592 0.273023
0.149021 0.218974
0.298921 0.249739
0.0702044 0.2203
0.194503 0.247496
0.178412 0.355129
0.234141 0.344653
0.181193 0.210803
0.364012 0.437746
0.336937 0.261604
0.107507 0.225173
0.229689 0.165598
0.35488 0.273183
0.426397 0.280567
0.370383 0.124559
0.322927 0.150858
0.21425 0.244969
0.16024 0.197998
0.324905 0.23245
0.355724 0.201134
0.414823 0.304516
0.119652 0.161608
0.452897 0.319469
0.239755 0.176945
0.313184 0.193933
0.26418 0.331752
0.223384 0.389395
0.199025 0.42897
0.204902 0.235728
0.113077 0.302504
0.12202 0.32401
0.164175 0.3325
0.112098 0.293453
0.375547 0.043408
0.257269 0.0495199
0.193322 0.227806
0.433831 0.243671
0.092251 0.186078
0.448385 0.224731
0.361803 0.364205
0.376875 0.323952
0.280273 0.297339
0.290372 0.191798
0.27227 0.101443
0.271352 0.109114
0.300166 0.181558
0.415767 0.180634
0.295891 0.18608
0.0377811 0.0546183
0.279021 0.217296
0.197551 0.275046
0.218174 0.335314
0.347731 0.324601
0.306526 0.435148
0.44654 0.298402
0.505805 0.281884
0.463504 0.0426199
0.15655 0.313399
0.286618 0.263339
0.392902 0.355913
0.164997 0.232039
0.155397 0.229956
0.180117 0.40021
0.397554 0.441063
0.315069 0.363656
0.273399 0.373558
0.321584 0.357233
0.267314 0.286073
0.185655 0.219473
0.374271 0.082258
0.420583 0.184774
0.360021 0.205751
0.356476 0.303717
0.319177 0.365043
0.120531 0.336513
0.132201 0.348074
0.149299 0.0532534
0.222834 0.278465
0.0762861 0.221736
0.256997 0.326879
0.22122 0.180753
0.397753 0.0781523
0.501791 0.164832
0.450695 0.166786
0.275091 0.125567
0.0985558 0.0734861
0.138333 0.187062
0.237678 0.122311
0.305239 0.173246
0.302067 0.203503
0.495081 0.310459
0.221605 0.212169
0.148482 0.409176
0.186382 0.251368
0.194916 0.280279
0.064949 0.138013
0.116348 0.0709292
0.0908691 0.120386
0.262846 0.0428892
0.321758 0.202741
0.30787 0.167633
0.0897709 0.311931
0.182628 0.242273
0.143833 0.207511
0.43377 0.33623
0.315319 0.184798
0.338186 0.194908
0.358207 0.227978
0.247205 0.125387
0.0255751 0.197288
0.0624119 0.134192
0.112309 0.074813
0.0675297 0.159219
0.267607 0.140961
0.162155 0.299341
0.223958 0.219421
0.0696886 0.159345
0.198706 0.123392
0.169545 0.36652
0.209871 0.232577
0.0402019 0.309767
0.20217 0.0921898
0.102913 0.113301
0.24657 0.20846
0.325428 0.130564
0.217163 0.262102
0.389572 0.1726
0.224868 0.1714
0.348287 0.200802
0.387263 0.0392068
0.476349 0.113553
0.411083 0.0731626
0.268412 0.368814
0.292288 0.326057
0.404821 0.207841
0.356793 0.21828
0.323011 0.227366
0.293307 0.0696099
0.346168 0.0739098
0.382988 0.165476
0.193724 0.206099
0.502505 0.227322
0.325609 0.193123
0.438894 0.07279
0.40702 0.193942
0.308218 0.147409
0.346982 0.145618
0.166917 0.339566
0.112538 0.234061
0.2196 0.224745
0.19091 0.290641
0.208242 0.526846
0.400423 0.414249
0.401067 0.3863
0.438062 0.211039
0.168283 0.122729
0.1542 0.180259
0.227237 0.0804352
0.0771382 0.265516
0.195564 0.458254
0.187419 0.312001
0.143056 0.273472
0.278679 0.297947
0.270977 0.247069
0.447176 0.0476454
0.391926 0.154858
0.413481 0.117222
0.142742 0.33507
0.243174 0.0906843
0.326009 0.146629
0.320393 0.168496
0.377485 0.398346
0.418114 0.322378
0.331302 0.417368
0.489608 0.231398
0.527948 0.130364
0.269815 0.214118
0.372493 0.378355
0.260235 0.386222
0.230119 0.393043
0.47507 0.385779
0.249716 0.349114
0.204406 0.289602
0.269099 0.275603
0.179365 0.199958
0.162419 0.275532
0.0586768 0.454565
0.183867 0.332002
0.375428 0.21556
0.208723 0.425725
0.320163 0.426692
0.116317 0.247549
0.321032 0.166739
0.130128 0.194478
0.235383 0.215471
0.304409 0.129571
0.322797 0.416259
0.0574144 0.342113
0.337986 0.313745
0.261646 0.411731
0.182652 0.187702
0.203545 0.351876
0.343156 0.354837
0.126452 0.248678
0.0884683 0.214672
0.129877 0.295255
0.179666 0.16576
0.327864 0.135557
0.0597272 0.455621
0.254825 0.35943
0.443986 0.340714
0.459256 0.255883
0.367659 0.220583
0.413692 0.310152
0.378907 0.169968
0.366529 0.295941
0.50579 0.103421
0.182957 0.162441
0.0970448 0.175908
0.127916 0.159241
0.139947 0.303436
0.0940958 0.268245
0.175948 0.423861
0.0826958 0.183875
0.118593 0.158982
0.295856 0.116417
0.129439 0.204452
0.326924 0.159263
0.10706 0.176862
0.0964467 0.159095
0.14578 0.236656
0.310371 0.510742
0.423292 0.593704
0.214515 0.463641
0.36628 0.529435
0.350301 0.413439
0.358419 0.344741
0.172848 0.169602
0.196126 0.0604772
0.290843 0.299724
0.24427 0.111294
0.327628 0.0945772
0.275707 0.195646
0.306985 0.321428
0.287774 0.431057
0.129072 0.188787
0.247095 0.215921
0.327252 0.335576
0.363344 0.357456
0.363127 0.134829
0.434087 0.0981599
0.49668 0.279729
0.216308 0.449196
0.15256 0.498787
0.128264 0.42328
0.163177 0.421474
0.154783 0.422925
0.272111 0.357678
0.262638 0.38929
0.359252 0.192055
0.372696 0.264891
0.269152 0.396852
0.515645 0.204346
0.291893 0.404376
0.155699 0.328439
0.243224 0.400172
0.346251 0.156248
0.255763 0.208966
0.201356 0.342243
0.116459 0.204684
0.282191 0.446133
0.152053 0.16
0.177026 0.171809
0.274287 0.156277
0.207943 0.149825
0.258972 0.180872
0.21206 0.369485
0.038997 0.132815
0.198045 0.141213
0.438176 0.134618
0.286394 0.093549
0.371275 0.287272
0.490142 0.144834
0.129869 0.142682
0.0635078 0.112802
0.351806 0.138493
0.311973 0.265981
0.222143 0.283208
0.0506903 0.288928
0.0551272 0.330802
0.242465 0.416919
0.255024 0.398779
0.240201 0.440079
0.355517 0.441021
0.297343 0.45713
0.270805 0.539689
0.106949 0.32457
0.181587 0.268307
0.37812 0.121647
0.478275 0.0975832
0.574971 0.292515
0.582092 0.278022
0.494294 0.227387
0.514994 0.316616
0.468822 0.244384
0.623961 0.275091
0.405331 0.236256
0.30531 0.280488
0.275162 0.312232
0.131978 0.472885
0.328436 0.196225
0.360945 0.208021
0.391709 0.170936
0.413715 0.312061
0.297304 0.276088
0.259796 0.195296
0.232127 0.230246
0.0985108 0.289832
0.236114 0.386606
0.274174 0.375853
0.237695 0.38222
0.289871 0.388271
0.324336 0.400683
0.194148 0.281418
0.273424 0.111864
0.169498 0.304488
0.0809096 0.0871408
0.197823 0.175081
0.223022 0.212299
0.439692 0.205106
0.405579 0.317755
0.424867 0.129557
0.372058 0.0640554
0.265283 0.137668
0.213785 0.120882
0.157303 0.194892
0.201016 0.363298
0.240608 0.358371
0.209026 0.353964
0.144179 0.219394
0.165757 0.160032
0.35046 0.18194
0.235931 0.165044
0.301719 0.128147
0.36816 0.299416
0.481762 0.286331
0.421125 0.397937
0.486821 0.350121
0.351807 0.216618
0.263284 0.202269
0.472312 0.110386
0.362629 0.0934124
0.171578 0.21239
0.182414 0.36637
0.197356 0.194065
0.326056 0.151872
0.25864 0.261195
0.424333 0.377615
0.407058 0.209387
0.0610923 0.424606
0.0497719 0.404255
0.146957 0.264198
0.27909 0.0499947
0.296319 0.102016
0.355759 0.0774206
0.298826 0.315065
0.205094 0.290356
0.100602 0.109036
0.123409 0.23315
0.174207 0.104607
0.146714 0.294826
0.0686277 0.332158
0.173194 0.243211
0.0754551 0.193997
0.273651 0.212945
0.371472 0.174949
0.168032 0.302818
0.39495 0.092425
0.129616 0.107762
0.10858 0.176041
0.178324 0.393586
0.220096 0.394485
0.165202 0.437646
0.202198 0.451631
0.115997 0.397437
0.426297 0.454232
0.32063 0.455312
0.255806 0.428912
0.298274 0.326813
0.319375 0.225844
0.187347 0.196206
0.106627 0.36982
0.18771 0.374213
0.349345 0.518824
0.464041 0.287341
0.541909 0.186927
0.267963 0.127207
0.246584 0.382797
0.413129 0.0398792
0.2388 0.161434
0.257703 0.210558
0.291335 0.131693
0.422995 0.122087
0.350434 0.0473618
0.037566 0.125149
0.335492 0.159165
0.347116 0.207524
0.334248 0.148244
0.183659 0.281749
0.318227 0.222651
0.326236 0.300219
0.238176 0.0426993
0.168465 0.0932458
0.0518038 0.166413
0.144364 0.143846
0.236337 0.0747957
0.209454 0.150899
0.0585577 0.166203
0.17917 0.139613
0.191197 0.0423112
0.079141 0.238335
0.0554013 0.25259
0.0705407 0.228114
0.0873898 0.239171
0.13124 0.0443087
0.250134 0.0385748
0.344799 0.0599547
0.159752 0.111209
0.243349 0.227131
0.262385 0.0619332
0.442937 0.307363
0.490913 0.125863
0.34788 0.0361856
0.0643957 0.194436
0.230287 0.284676
0.202718 0.26363
0.178244 0.272186
0.27691 0.287663
0.302387 0.0886676
0.233404 0.334065
0.232656 0.146108
0.0656507 0.0636997
0.203545 0.218481
0.252165 0.149308
0.23814 0.257762
0.259619 0.440116
0.343668 0.539465
0.36523 0.236514
0.403734 0.174603
0.179471 0.176833
0.134915 0.189094
0.190208 0.178616
0.285537 0.103666
0.153873 0.135317
0.238313 0.388898
0.0316642 0.417958
0.164879 0.246287
0.346823 0.289611
0.304102 0.363854
0.0660664 0.216815
0.0217206 0.329652
0.247033 0.342416
0.24091 0.336129
0.208297 0.283806
0.154107 0.15093
0.138819 0.297342
0.100343 0.27745
0.193797 0.29693
0.138633 0.374886
0.256008 0.0733496
0.267474 0.288346
0.298465 0.375162
0.301007 0.322719
0.118326 0.177671
0.262872 0.283182
0.185342 0.22297
0.372389 0.360986
0.462358 0.274862
0.455564 0.271368
0.290279 0.351439
0.219229 0.313688
0.184134 0.34321
0.0653457 0.475334
0.232093 0.432872
0.30652 0.521815
0.0969094 0.326299
0.149202 0.251279
0.106853 0.32113
0.254827 0.271934
0.0935382 0.320141
0.124044 0.142476
0.143615 0.247062
0.0922073 0.237168
0.269482 0.2283
0.244304 0.229879
0.332694 0.132691
0.153331 0.221145
0.23402 0.403402
0.169764 0.330289
0.108426 0.382591
0.195478 0.29294
0.167308 0.304186
0.258704 0.518496
0.322573 0.328293
0.120332 0.441372
0.187513 0.343748
0.231069 0.159884
0.0645693 0.382172
0.15735 0.218953
0.156359 0.270588
0.197096 0.275013
0.375951 0.417986
0.267037 0.430337
0.130779 0.584369
0.33681 0.384529
0.446316 0.558917
0.360188 0.334368
0.426532 0.295863
0.426037 0.141554
0.612471 0.25182
0.387694 0.231916
0.170575 0.421142
0.241062 0.345536
0.148777 0.170255
0.368956 0.219495
0.345324 0.290701
0.219394 0.306774
0.162992 0.0882398
0.193776 0.1747
0.296046 0.146569
0.383208 0.203599
0.0675459 0.186574
0.209404 0.319356
0.308413 0.21227
0.371296 0.333635
0.294663 0.217968
0.413591 0.106913
0.112659 0.0380084
0.212212 0.140946
0.125583 0.208353
0.0783314 0.148553
0.204003 0.179293
0.119178 0.515536
0.279482 0.574452
0.329384 0.509981
0.141583 0.456516
0.263314 0.37602
0.148292 0.392327
0.245822 0.213569
0.273823 0.478132
0.194792 0.148109
0.165523 0.316504
0.179193 0.351587
0.12141 0.208545
0.0646995 0.219982
0.0532513 0.266433
0.102529 0.445547
0.14185 0.322368
0.243169 0.152598
0.12783 0.245594
0.347365 0.316596
0.254029 0.0950943
0.279787 0.330019
0.301717 0.149316
0.222198 0.135547
0.473979 0.271094
0.327786 0.276194
0.247211 0.203572
0.33231 0.334234
0.406893 0.292268
0.396282 0.279364
0.42456 0.265583
0.370718 0.301087
0.389172 0.331122
0.243048 0.464407
0.122173 0.386638
0.219315 0.279707
0.254627 0.444275
0.227074 0.0280009
0.054667 0.0705145
0.249846 0.0793067
0.412553 0.265295
0.475014 0.340039
0.292836 0.314339
0.247699 0.165242
0.305869 0.159638
0.244573 0.39222
0.133434 0.372771
0.17629 0.283068
0.265542 0.143466
0.359243 0.0685008
0.230541 0.266723
0.200756 0.249164
0.281067 0.204823
0.263903 0.127579
0.262654 0.144801
0.169976 0.0888047
0.0899222 0.245558
0.129395 0.195762
0.242216 0.127035
0.113492 0.218636
0.357142 0.0728171
0.268319 0.0661493
0.159231 0.341611
0.161828 0.277308
0.139269 0.246273
0.119014 0.469429
0.151132 0.189512
0.236688 0.0726767
0.382371 0.202443
0.440291 0.11943
0.295164 0.267527
0.328872 0.104087
0.518974 0.29133
0.540454 0.214017
0.196625 0.129534
0.123864 0.139337
0.125872 0.231065
0.153281 0.21166
0.410001 0.226936
0.345131 0.113263
0.139159 0.110832
0.444482 0.19654
0.224332 0.327398
0.357984 0.467354
0.251627 0.196727
0.185732 0.113527
0.243209 0.366424
0.0671494 0.152469
0.0296418 0.264348
0.0791846 0.104263
0.243704 0.338554
0.250143 0.274896
0.293294 0.340832
0.140079 0.116263
0.304997 0.371218
0.258674 0.262752
0.18849 0.333054
0.289605 0.239192
0.381523 0.191959
0.330941 0.165377
0.313308 0.354554
0.309215 0.187451
0.218281 0.0361702
0.248861 0.181491
0.155355 0.161808
0.241203 0.142087
0.326096 0.108213
0.345942 0.276092
0.355827 0.274203
0.200956 0.318967
0.18392 0.32096
0.146342 0.325287
0.137247 0.438165
0.324292 0.254256
0.351795 0.130839
0.425301 0.310668
0.0298875 0.5849
0.176924 0.490382
0.309574 0.406622
0.203437 0.358608
0.310714 0.125262
0.503567 0.0378301
0.337418 0.111092
0.194378 0.0825704
0.143714 0.196147
0.0432819 0.393235
0.392012 0.365357
0.206922 0.189798
0.48084 0.211695
0.522055 0.248525
0.371863 0.192849
0.301309 0.180573
0.231054 0.264753
0.11019 0.322978
0.0243262 0.389584
0.205108 0.296174
0.225948 0.500871
0.244527 0.473911
0.261888 0.264987
0.340719 0.0979532
0.164617 0.273361
0.278321 0.122533
0.266457 0.083115
0.404764 0.216333
0.399099 0.348738
0.189103 0.133835
0.0644433 0.252942
0.213777 0.216724
0.132085 0.190881
0.260103 0.268424
0.233463 0.226914
0.396055 0.193678
0.430666 0.313252
0.410496 0.22587
0.174302 0.142391
0.0624277 0.187645
0.337945 0.120171
0.457428 0.158115
0.315448 0.0326164
0.111184 0.131579
0.265744 0.0199027
0.233356 0.227043
0.253305 0.0931982
0.207892 0.173594
0.369573 0.254125
0.318669 0.481003
0.277483 0.452863
0.305214 0.405271
0.0583325 0.480332
0.163483 0.448413
0.173961 0.479403
0.163394 0.48398
0.164944 0.391082
0.0840644 0.33923
0.332691 0.195092
0.194971 0.0857609
0.330265 0.103945
0.533067 0.184224
0.233321 0.342575
0.386264 0.216576
0.362148 0.0392955
0.130676 0.20753
0.244194 0.308085
0.135396 0.330614
0.327125 0.125699
0.335632 0.156353
0.230815 0.224596
0.139937 0.167095
0.169159 0.145785
0.044457 0.240228
0.293107 0.0952843
0.199709 0.294846
0.178599 0.323304
0.290689 0.324422
0.259155 0.451678
0.219333 0.23899
0.181786 0.366835
0.310747 0.295925
0.238892 0.276987
0.31997 0.160293
0.149252 0.172503
0.167446 0.307796
0.166258 0.434653
0.328144 0.444413
0.287103 0.401923
0.0699949 0.534382
0.165437 0.386048
0.369093 0.147048
0.32584 0.172989
0.227613 0.294623
0.463341 0.133779
0.446892 0.0864905
0.207664 0.0667732
0.193847 0.319367
0.233262 0.122344
0.10361 0.133296
0.0193381 0.12758
0.127092 0.349679
0.122097 0.535328
0.231178 0.41564
0.202917 0.126761
0.20403 0.111711
0.132851 0.409736
0.335477 0.425571
0.271145 0.234227
0.356943 0.183754
0.440861 0.174429
0.398372 0.208406
0.369043 0.108145
0.354303 0.232472
0.203096 0.0572479
0.366638 0.195278
0.284697 0.0153349
0.168132 0.275237
0.365697 0.284654
0.441411 0.286241
0.332433 0.217713
0.217873 0.203306
0.259018 0.28426
0.223082 0.0556441
0.431057 0.0481484
0.458465 0.0914546
0.506286 0.141204
0.377482 0.125865
0.319204 0.331093
0.354801 0.248039
0.321999 0.250103
0.360899 0.223228
0.323786 0.361339
0.149116 0.424368
0.306996 0.314098
0.383952 0.0390812
0.219873 0.219194
0.148368 0.171893
0.0553476 0.336761
0.273147 0.325311
0.19006 0.551623
0.0995359 0.511785
0.230451 0.507779
0.0399035 0.434525
0.162431 0.523439
0.231475 0.27532
0.334566 0.38845
0.169008 0.282753
0.107674 0.171639
0.317947 0.0504897
0.429113 0.0298096
0.330321 0.235837
0.293004 0.354428
0.295391 0.0537058
0.110771 0.380925
0.0745407 0.424592
0.193335 0.216049
0.0758254 0.18403
0.160523 0.144664
0.424222 0.0925888
0.364385 0.202131
0.457427 0.182538
0.167241 0.307927
0.19519 0.165867
0.293357 0.264584
0.396467 0.10852
0.347727 0.27502
0.483231 0.134249
0.431635 0.262391
0.435436 0.280657
0.526566 0.288294
0.282662 0.184255
0.431333 0.182623
0.181299 0.261178
0.261637 0.438801
0.0647675 0.418438
0.196919 0.329719
0.357486 0.304814
0.424746 0.232946
0.230097 0.309223
0.434522 0.300194
0.138987 0.145531
0.205611 0.103844
0.407316 0.188701
0.145451 0.311647
0.146185 0.275602
0.307847 0.300659
0.260755 0.15579
0.275053 0.139056
0.231208 0.362589
0.091414 0.251352
0.0354449 0.285243
0.289431 0.328843
0.337362 0.253054
0.34002 0.190837
0.384363 0.250702
0.229634 0.334462
0.260846 0.296837
0.147199 0.285414
0.263876 0.0765778
0.27536 0.099177
0.08613 0.0586595
0.133511 0.117994
0.267601 0.186825
0.237294 0.0889001
0.239378 0.161026
0.224552 0.363197
0.0850786 0.342102
0.227088 0.175059
0.0689013 0.122192
0.105871 0.0869857
0.230475 0.0909903
0.414195 0.246025
0.206227 0.242613
0.38961 0.17247
0.230191 0.342022
0.113187 0.350438
0.198237 0.326408
0.350568 0.247471
0.400494 0.273423
0.370729 0.255094
0.150631 0.453085
0.248307 0.327797
0.103194 0.368623
0.117991 0.139939
0.0853967 0.183623
0.231776 0.220864
0.0418885 0.129587
0.276154 0.21803
0.221202 0.305083
0.231623 0.233945
0.166134 0.319535
0.163785 0.339037
0.22006 0.21326
0.14478 0.312094
0.026158 0.16648
0.220508 0.335711
0.354474 0.153346
0.276224 0.337384
0.201885 0.460004
0.0660906 0.406029
0.158945 0.317859
0.101542 0.408841
0.2754 0.346064
0.0876051 0.382301
0.0338624 0.219945
0.0255052 0.219132
0.158155 0.272339
0.252433 0.248656
0.307553 0.345915
0.0713529 0.332536
0.116803 0.3684
0.334074 0.502825
0.351566 0.378487
0.202181 0.47766
0.300391 0.295119
0.295837 0.285429
0.4342 0.178658
0.337872 0.090784
0.233694 0.0990429
0.099 0.223209
0.13516 0.15247
0.0964777 0.165588
0.0224092 0.0963011
0.125541 0.348633
0.302237 0.258282
0.187304 0.0488714
0.188007 0.200697
0.375078 0.253475
0.312344 0.291527
0.305493 0.235305
0.27383 0.193902
0.110267 0.334349
0.170835 0.339962
0.161503 0.294426
0.260095 0.228785
0.358259 0.136978
0.295075 0.0878358
0.300323 0.249633
0.214611 0.070766
0.182272 0.0402604
0.0561233 0.0355677
0.164985 0.382853
0.25817 0.547825
0.314202 0.149671
0.314757 0.281785
0.303333 0.185509
0.375122 0.128735
0.396359 0.207372
0.212526 0.170732
0.144666 0.222633
0.244384 0.115437
0.377295 0.237596
0.388948 0.114773
0.0841068 0.150405
0.111291 0.231299
0.173039 0.136357
0.310087 0.203229
0.234802 0.35817
0.255616 0.204125
0.437667 0.0965106
0.350717 0.146761
0.313949 0.27794
0.127631 0.421997
0.0290609 0.394708
0.153898 0.292797
0.189149 0.105889
0.297339 0.21188
0.49219 0.205028
0.341031 0.129891
0.354672 0.0995744
0.395304 0.241583
0.413858 0.168524
0.444478 0.209583
0.573728 0.232731
0.312471 0.339013
0.291952 0.387366
0.286666 0.359084
0.0456004 0.306067
0.307149 0.194765
0.30999 0.189503
0.321585 0.344227
0.451033 0.23491
0.391778 0.278123
0.35754 0.1097
0.142029 0.23631
0.0930718 0.259608
0.223961 0.0379642
0.102798 0.272532
0.212426 0.1366
0.191038 0.488532
0.122863 0.471808
0.173302 0.292708
0.134485 0.345278
0.274974 0.441179
0.322841 0.424756
0.122926 0.337987
0.248963 0.392544
0.269432 0.236162
0.33622 0.299429
0.250434 0.165188
0.21863 0.0949126
0.121507 0.137817
0.0429185 0.265373
0.0638346 0.227531
0.132281 0.299919
0.24965 0.447039
0.235282 0.289948
0.119188 0.319147
0.352864 0.32633
0.5361 0.193229
0.283639 0.299739
0.240234 0.102154
0.371992 0.284448
0.318284 0.296599
0.388682 0.159747
0.237081 0.237034
0.274483 0.168814
0.0898368 0.294251
0.311816 0.309143
0.161787 0.202462
0.255992 0.315731
0.0454093 0.308871
0.223859 0.332338
0.0641101 0.34883
0.12967 0.24533
0.160314 0.411026
0.186463 0.263088
0.340875 0.188457
0.251799 0.224687
0.277727 0.299956
0.118252 0.247638
0.217813 0.24538
0.132975 0.220158
0.115948 0.214144
0.193606 0.104575
0.264126 0.0623957
0.318287 0.063306
0.441596 0.205666
0.377747 0.150005
0.297054 0.0468047
0.283369 0.109821
0.0782556 0.330367
0.222571 0.128213
0.0747736 0.174875
0.165191 0.192353
0.206165 0.279899
0.360136 0.17752
0.394877 0.403279
0.0945979 0.0710567
0.0947786 0.149161
0.0484314 0.059215
0.270999 0.240856
0.372616 0.0828699
0.0424785 0.280701
0.0280396 0.163997
0.0771664 0.267652
0.252462 0.252219
0.414706 0.126858
0.175784 0.0834803
0.147597 0.150977
0.197457 0.211128
0.351069 0.167486
0.270342 0.315314
0.259929 0.272719
0.103856 0.363531
0.339069 0.240424
0.379707 0.334688
0.251054 0.224501
0.292266 0.24814
0.0808843 0.24967
0.0529492 0.110337
0.163104 0.134241
0.194982 0.117738
0.130235 0.338511
0.0496206 0.388816
0.280449 0.326765
0.210447 0.434588
0.217447 0.10519
0.14608 0.187391
0.558406 0.146475
0.464867 0.302269
0.41893 0.339821
0.249427 0.0889115
0.299666 0.170102
0.343119 0.187788
0.458855 0.18449
0.357462 0.211865
0.0931529 0.188508
0.242684 0.211966
0.112989 0.369686
0.170658 0.227655
0.0716532 0.317253
0.0502193 0.293173
0.350857 0.193474
0.339079 0.201992
0.173041 0.277908
0.393894 0.332497
0.175319 0.0968038
0.417715 0.224868
0.337652 0.338856
0.243734 0.396752
0.17228 0.273616
0.266334 0.26185
0.259191 0.13267
0.31243 0.2662
0.187314 0.495904
0.130537 0.160854
0.307885 0.042075
0.33907 0.294401
0.192893 0.20676
0.261954 0.403226
0.342373 0.158072
0.2956 0.103376
0.36661 0.319885
0.356985 0.303462
0.24984 0.38536
0.19473 0.537978
0.160436 0.464685
0.215932 0.314347
0.0967885 0.411111
0.13961 0.471454
0.154902 0.359607
0.174088 0.291539
0.297578 0.140264
0.135271 0.153699
0.236145 0.065736
0.184198 0.143018
0.283507 0.136728
0.374436 0.348876
0.11564 0.328109
0.0742083 0.103931
0.340117 0.189679
0.0618885 0.198041
0.229245 0.147134
0.170053 0.333951
0.333529 0.290782
0.184309 0.206999
0.264259 0.235375
0.128079 0.376623
0.0604156 0.2706
0.404173 0.184486
0.589615 0.0874528
0.56853 0.1072
0.405146 0.120172
0.634878 0.118331
0.516763 0.149419
0.430124 0.160106
0.455641 0.135475
0.283609 0.0629433
0.336088 0.394684
0.317829 0.233528
0.336724 0.217195
0.22754 0.261939
0.131126 0.346277
0.335449 0.12519
0.0313197 0.0452891
0.0961459 0.316633
0.0423265 0.184548
0.178751 0.279575
0.0727979 0.209754
0.300131 0.256731
0.224578 0.20094
0.112769 0.270873
0.138322 0.195493
0.249816 0.266299
0.422001 0.438302
0.478823 0.497887
0.290783 0.32919
0.160291 0.202465
0.127144 0.0612767
0.216034 0.307663
0.184181 0.472325
0.27538 0.385826
0.329553 0.172533
0.408325 0.359358
0.356009 0.0656454
0.409692 0.150155
0.307947 0.140132
0.321467 0.150332
0.471428 0.24994
0.366497 0.357226
0.416934 0.191342
0.27135 0.240745
0.219865 0.255957
0.354802 0.169078
0.498818 0.124541
0.588362 0.0935251
0.440215 0.436099
0.319913 0.31996
0.276039 0.16298
0.186377 0.20802
0.324397 0.43067
0.291237 0.277157
0.251879 0.0557472
0.110226 0.323975
0.0558861 0.18327
0.2949 0.151978
0.19496 0.117455
0.0706757 0.16389
0.0690299 0.136731
0.117757 0.161899
0.186578 0.155771
0.0550475 0.210963
0.237913 0.148601
0.105045 0.168785
0.23206 0.167108
0.290884 0.180047
0.251736 0.18854
0.10612 0.324826
0.351278 0.320271
0.201798 0.0967126
0.0932366 0.305363
0.129479 0.221707
0.205984 0.46148
0.0938034 0.472828
0.272251 0.291728
0.314827 0.216818
0.225482 0.413738
0.228244 0.425324
0.205829 0.304956
0.195837 0.237989
0.345991 0.220213
0.149862 0.19493
0.12095 0.259711
0.18998 0.354041
0.205011 0.34894
0.220443 0.381719
0.401401 0.310906
0.279525 0.266385
0.311327 0.201651
0.319874 0.20864
0.186525 0.167071
0.22589 0.312249
0.437889 0.40776
0.239496 0.270065
0.203016 0.425567
0.397201 0.304362
0.18115 0.560515
0.167606 0.471358
0.181218 0.404675
0.279689 0.255378
0.330008 0.0587209
0.0971604 0.407069
0.0520542 0.223268
0.155157 0.490424
0.216148 0.0795803
0.302702 0.0549759
0.163849 0.29862
0.128759 0.326771
0.0632609 0.354847
0.170871 0.402194
0.0689322 0.294485
0.0751662 0.191177
0.115649 0.305007
0.213737 0.29811
0.089767 0.283282
0.16911 0.256665
0.41778 0.151639
0.54508 0.217528
0.252989 0.222588
0.257799 0.326847
0.215772 0.269803
0.163875 0.257339
0.140834 0.183015
0.212769 0.413612
0.369003 0.418917
0.470253 0.502527
0.458878 0.343596
0.263472 0.410537
0.50874 0.195698
0.315275 0.286422
0.071706 0.0642485
0.196467 0.226753
0.202485 0.0589397
0.318988 0.107116
0.145149 0.0908763
0.285548 0.0410163
0.362942 0.120318
0.330442 0.0876924
0.35188 0.0722455
0.394462 0.221967
0.155362 0.310876
0.272764 0.368468
0.150706 0.125871
0.0919993 0.150657
0.19361 0.0423199
0.131565 0.166414
0.0391627 0.115352
0.156916 0.337638
0.278918 0.456122
0.251145 0.443338
0.409543 0.285953
0.511324 0.0483204
0.493253 0.318469
0.497683 0.344837
0.464154 0.183081
0.48247 0.25045
0.323671 0.307606
0.189486 0.115983
0.327053 0.262546
0.140472 0.305496
0.235453 0.103501
0.264515 0.278822
0.34377 0.240748
0.372561 0.0700827
0.0688963 0.333008
0.12292 0.194423
0.0596053 0.335185
0.362591 0.529711
0.419163 0.249222
0.365901 0.53438
0.248841 0.412978
0.356263 0.368647
0.0782735 0.389041
0.0997435 0.277353
0.239396 0.379991
0.0463749 0.348016
0.191448 0.273317
0.401985 0.135671
0.377915 0.133257
0.249007 0.154209
0.246908 0.344891
0.218177 0.302633
0.352496 0.291041
0.364656 0.246213
0.114593 0.244277
0.0553439 0.160136
0.206077 0.288061
0.174549 0.217773
0.0352068 0.430945
0.0464515 0.299396
0.335573 0.211482
0.383846 0.263346
0.401044 0.242761
0.295435 0.125735
0.151164 0.268139
0.343369 0.447388
0.3454 0.101413
0.316855 0.100876
0.125109 0.181686
0.242652 0.114356
0.0657292 0.0427317
0.3075 0.144393
0.105956 0.220726
0.0229537 0.269797
0.255587 0.151001
0.228467 0.308164
0.284143 0.520426
0.225339 0.420923
0.244701 0.363237
0.330843 0.475656
0.212749 0.371065
0.120152 0.241318
0.179699 0.300034
0.13906 0.181259
0.0961029 0.220843
0.400853 0.096611
0.16909 0.0945308
0.168248 0.0828879
0.353974 0.277511
0.299296 0.0792551
0.144086 0.0815481
0.0738004 0.0683468
0.316408 0.257232
0.27665 0.206709
0.18813 0.414115
0.138586 0.403295
0.122301 0.34075
0.233123 0.434479
0.175684 0.204308
0.162805 0.190901
0.341824 0.195723
0.250234 0.135843
0.147192 0.226359
0.213728 0.182942
0.128239 0.125239
0.332889 0.29467
0.389693 0.0845422
0.390591 0.318433
0.377506 0.160668
0.348333 0.0783179
0.365591 0.329539
0.149207 0.271296
0.31337 0.249533
0.053395 0.310503
0.273472 0.235883
0.271695 0.364527
0.156226 0.255016
0.447845 0.276845
0.218045 0.190655
0.142669 0.229746
0.243844 0.422913
0.310263 0.308946
0.32436 0.203622
0.308666 0.0355579
0.294414 0.275732
0.422006 0.220957
0.337419 0.248691
0.51901 0.17502
0.154637 0.179481
0.0934017 0.0673085
0.322038 0.27534
0.213968 0.361098
0.274099 0.255107
0.366416 0.343026
0.319901 0.0897637
0.466461 0.237892
0.370462 0.319944
0.129006 0.516282
0.0625251 0.387481
0.0229751 0.363185
0.103797 0.154199
0.377493 0.243487
0.315773 0.223835
0.259769 0.219955
0.0463825 0.111808
0.245497 0.0504366
0.232593 0.145813
0.230054 0.0340594
0.195923 0.164462
0.241575 0.20915
0.284216 0.243388
0.300826 0.188903
0.0542536 0.141404
0.0637316 0.0239781
0.107445 0.122093
0.0943458 0.0647547
0.285939 0.267789
0.281634 0.412466
0.481016 0.301754
0.229448 0.0927343
0.253518 0.212232
0.185325 0.196512
0.306156 0.269226
0.37342 0.236778
0.318935 0.280774
0.339026 0.0962792
0.266931 0.157422
0.383384 0.231178
0.173037 0.314479
0.153268 0.284809
0.084792 0.185484
0.241644 0.223769
0.186141 0.305597
0.318468 0.319807
0.208465 0.281528
0.254136 0.279066
0.153319 0.466933
0.200267 0.465973
0.168621 0.432827
0.139515 0.29497
0.327032 0.297061
0.247013 0.287586
0.246377 0.14412
0.19413 0.120136
0.136796 0.144719
0.243663 0.250801
0.1906 0.263096
