-145.431
-126.292
-151.812
-138.9
-107.294
-133.8
-138.784
-145.02
-108.317
-126.752
-111.284
-104.234
-110.889
-151.277
-114.548
-138.852
-140.786
-112.848
-111.939
-120.738
-154.241
-138.791
-131.094
-121.771
-110.235
-121.815
-127.5
-109.797
-113.753
-155.735
-123.396
-134.083
-111.415
-138.15
-129.181
-118.969
-159.516
-97.8575
-144.001
-152.222
-127.445
-149.654
-102.757
-114.375
-113.371
-143.244
-140.797
-133.161
-129.215
-146.023
-116.761
-147.252
-130.265
-127.533
-133.606
-158.308
-140.972
-125.878
-157.456
-103.863
-97.181
-129.623
-124.509
-124.347
-96.125
-105.596
-144.13
-154.171
-131.765
-150.991
-121.713
-135.157
-143.84
-117.644
-155.096
-158.212
-155.21
-130.484
-142.015
-106.356
-138.823
-111.066
-134.395
-130.998
-132.484
-148.35
-109.494
-129.739
-134.119
-148.94
-140.334
-129.818
-100.901
-160.967
-160.628
-168.309
-144.847
-124.458
-139.166
-150.44
-110.073
-158.931
-157.939
-139.725
-117.685
-135.492
-149.067
-115.603
-135.36
-118.496
-144.259
-135.987
-116.842
-126.012
-121.636
-154.859
-111.568
-112.271
-121.013
-130.348
-125.824
-145.845
-120.996
-115.106
-115.84
-145.218
-137.011
-150.531
-127.941
-119.332
-128.775
-120.146
-151.684
-139.121
-120.701
-114.439
-134.573
-144.734
-151.371
-143.734
-128.462
-168.719
-145.571
-106.802
-140.946
-172.326
-127.138
-148.677
-129.237
-147.691
-130.862
-144.339
-145.168
-123.625
-171.409
-157.774
-114.925
-147.735
-155.82
-126.055
-136.731
-143.741
-142.839
-164.644
-127.751
-115.708
-138.607
-95.0315
-114.781
-136.052
-94.1417
-138.504
-150.093
-135.998
-125.548
-131.137
-89.548
-126.375
-157.286
-144.859
-135.8
-152.82
-148.964
-141.924
-145.037
-128.56
-114.039
-133.93
-121.485
-129.858
-132.32
-112.92
-145.808
-113.269
-120.242
-110.294
-137.363
-167.367
-121.143
-134.612
-132.167
-146.392
-128.247
-144.014
-134.935
-127.383
-114.41
-107.286
-138.721
-125.034
-112.108
-149.37
-152.611
-137.834
-113.719
-126.112
-150.751
-109.216
-132.647
-137.902
-126.693
-101.312
-137.453
-149.478
-130.656
-139.678
-114.27
-135.141
-130.96
-128.531
-148.696
-116.018
-154.519
-107.832
-135.69
-155.652
-149.226
-107.273
-122.646
-134.389
-133.062
-131.391
-141.054
-107.777
-126.683
-139.221
-144.589
-119.385
-149.128
-127.805
-95.3168
-159.224
-122.799
-138.471
-132.588
-123.004
-140.617
-162.1
-120.223
-177.269
-123.481
-157.128
-119.712
-123.001
-131.631
-130.829
-138.598
-128.118
-128.458
-121.012
-136.772
-127.023
-140.021
-138.339
-129.019
-127.252
-153.806
-109.299
-143.219
-141.588
-132.147
-126.875
-134.386
-163.05
-163.652
-125.903
-127.754
-123.682
-152.935
-155.357
-129.941
-111.248
-121.744
-119.643
-108.787
-165.662
-142.905
-136.478
-163.583
-115.415
-123.207
-118.865
-138.317
-125.745
-143.129
-109.108
-127.161
-109.427
-151.903
-139.489
-140.552
-126.869
-127.382
-137.894
-133.408
-130.538
-136.234
-125.403
-133.771
-136.33
-137.786
-149.387
-144.096
-152.953
-113.443
-118.317
-106.58
-136.658
-115.201
-133.767
-108.735
-138.55
-107.664
-119.671
-123.245
-125.664
-172.215
-176.721
-136.891
-136.619
-140.616
-111.313
-130.148
-108.306
-129.873
-161.193
-134.405
-131.317
-149.052
-147.48
-126.112
-129.009
-105.318
-130.843
-115.897
-106.265
-133.797
-123.806
-129.419
-117.039
-119.406
-125.682
-156.13
-159.526
-148.243
-136.786
-133.941
-132.12
-132.073
-125.385
-137.007
-118.086
-134.462
-126.748
-97.6316
-125.177
-152.121
-114.258
-123.78
-152.246
-169.415
-134.82
-125.332
-134.339
-143.578
-108.871
-151.879
-120.535
-110.504
-122.165
-126.381
-123.15
-145.519
-153.233
-128.619
-119.957
-129.884
-106.617
-150.378
-129.901
-126.977
-156.922
-156.344
-118.64
-113.135
-119.81
-129.901
-117.796
-155.463
-112.134
-159.521
-120.809
-131.236
-139.296
-143.782
-129.388
-159.556
-129.025
-103.026
-155.787
-133.688
-136.634
-134.746
-148.28
-141.998
-152.28
-136.559
-157.446
-149.734
-146.358
-134.648
-162.802
-138.336
-171.188
-92.5104
-133.44
-113.731
-162.666
-129.883
-139.101
-142.787
-94.3643
-129.237
-116.893
-116.776
-140.943
-153.824
-153.956
-156.242
-135.814
-163.632
-140.204
-127.201
-113.479
-145.187
-124.737
-137.444
-119.048
-126.741
-124.701
-125.331
-158.306
-161.394
-138.394
-113.951
-161.397
-135.433
-138.886
-130.808
-159.26
-109.11
-94.9037
-136.393
-146.902
-134.38
-135.782
-140.047
-129.201
-106.87
-135.538
-144.042
-148.044
-155.191
-115.898
-121.765
-146.933
-129.301
-122.547
-122.175
-128.83
-154.447
-123.17
-157.247
-158.357
-134.32
-159.747
-144.452
-104.754
-124.046
-112.545
-149.317
-99.4517
-106.677
-117.557
-145.519
-127.84
-127.162
-87.2503
-161.432
-143.192
-122.953
-138.027
-127.222
-134.786
-109.057
-100.438
-143.013
-112.544
-109.29
-148.234
-147.515
-120.12
-150.123
-82.2605
-143.924
-131.162
-102.36
-121.82
-121.411
-124.74
-136.476
-154.172
-158.87
-154.504
-133.58
-141.548
-130.217
-127.866
-139.399
-150.706
-153.564
-140.101
-103.594
-177.159
-139.663
-108.183
-152.796
-102.263
-129.329
-116.505
-132.956
-130.213
-136.619
-137.267
-128.303
-121.803
-127.106
-179.116
-149.744
-143.363
-145.766
-164.194
-135.785
-115.874
-127.851
-135.563
-118.013
-160.001
-99.4744
-106.214
-127.784
-133.663
-138.844
-99.5274
-124.729
-118.53
-119.184
-127.756
-125.768
-121.333
-132.698
-118.598
-152.735
-116.513
-135.845
-134.161
-135.729
-113.695
-137.048
-125.549
-108.398
-120.869
-144.338
-118.027
-133.787
-135.331
-132.927
-138.822
-133.122
-136.611
-128.513
-127.737
-120.443
-130.71
-140.796
-151.661
-158.705
-103.649
-123.769
-151.413
-146.772
-140.245
-115.419
-133.374
-142.411
-133.197
-138.097
-170.738
-125.362
-143.335
-100.331
-147.337
-147.804
-112.659
-114.211
-131.919
-109.581
-141.407
-119.187
-127.831
-136.014
-139.405
-116.532
-124.783
-116.482
-117.061
-128.412
-126.56
-136.317
-149.099
-111.601
-117.836
-104.334
-125.731
-147.487
-111.241
-149.722
-130.606
-118.755
-121.658
-121.846
-133.47
-148.596
-92.1125
-157.755
-124.054
-114.34
-125.461
-103.343
-131.484
-142.394
-158.476
-172.628
-144.642
-101.763
-123.296
-127.242
-135.775
-128.023
-142.256
-126.503
-143.378
-156.114
-130.15
-112.324
-127.004
-132.841
-119.359
-153.7
-170.814
-146.046
-161.443
-125.942
-144.356
-90.823
-121.856
-132.454
-145.303
-118.939
-130.723
-167.248
-115.049
-150.911
-109.435
-129.439
-106.196
-141.659
-154.623
-137.692
-148.852
-103.009
-139.707
-143.206
-149.458
-111.068
-124.606
-113.579
-156.196
-162.001
-114.64
-163.041
-121.919
-122.568
-145.362
-113.898
-124.844
-159.965
-97.8521
-156.476
-149.992
-120.688
-122.529
-135.463
-144.003
-142.856
-114.273
-136.193
-138.869
-167.756
-142.666
-158.692
-138.703
-132.938
-118.982
-140.949
-105.041
-142.916
-146.237
-125.29
-117.1
-167.206
-148.403
-145.322
-136.395
-140.516
-123.75
-107.953
-123.24
-134.651
-154.663
-136.191
-134.6
-138.531
-137.55
-149.166
-123.284
-127.279
-112.504
-129.547
-154.848
-123.605
-112.404
-131.731
-147.248
-96.1275
-120.434
-134.322
-151.277
-149.285
-119.431
-128.92
-142.274
-133.817
-162.89
-137.217
-136.986
-120.777
-116.086
-135.432
-132.032
-104.823
-143.851
-120.498
-120.588
-150.363
-105.769
-133.728
-166.519
-133.512
-122.22
-117.562
-115.12
-128.447
-161.414
-170.306
-104.011
-119.855
-108.451
-110.401
-159.935
-106.266
-156.492
-122.272
-122.08
-132.19
-148.689
-122.247
-134.157
-149.606
-123.327
-133.98
-109.705
-136.955
-108.197
-90.88
-142.745
-159.019
-139.236
-130.539
-137.057
-152.772
-120.959
-118.183
-122.362
-106.873
-131.128
-116.377
-141.51
-109.622
-123.251
-137.985
-125.778
-129.899
-156.786
-129.593
-122.981
-163.535
-150.812
-145.45
-136.357
-143.526
-143.01
-143.357
-140.301
-81.005
-113.154
-121.521
-114.611
-151.731
-120.96
-124.846
-146.296
-158.779
-110.802
-120.034
-133.718
-136.511
-148.138
-153.491
-105.433
-118.842
-141.958
-114.408
-128.58
-118.685
-127.363
-127.863
-136.684
-104.88
-109.531
-138.419
-137.585
-145.076
-138.127
-118.329
-129.895
-135.641
-134.937
-130.736
-128.639
-154.888
-143.996
-140.322
-120.786
-142.832
-140.889
-116.184
-117.408
-119.761
-143.808
-156.892
-130.92
-138.969
-133.037
-87.7588
-105.675
-137.925
-123.834
-134.847
-118.113
-149.368
-119.145
-130.272
-122.031
-127.14
-120.183
-122.688
-144.621
-98.8521
-130.625
-134.132
-141.228
-118.383
-177.409
-116.425
-141.862
-152.333
-127.815
-133.13
-110.553
-115.193
-156.571
-103.308
-158.114
-149.401
-115.056
-139.937
-130.115
-136.81
-139.57
-120.782
-137.04
-149.004
-154.317
-135.185
-117.039
-141.149
-122.66
-132.261
-98.4754
-183.653
-165.186
-115.216
-145.287
-164.885
-136.403
-141.245
-109.74
-126.415
-136.212
-103.923
-142.258
-157.562
-133.726
-129.666
-111.437
-142.026
-133.045
-121.712
-128.418
-119.227
-145.381
-115.871
-136.642
-141.382
-140.265
-151.388
-119.421
-118.2
-146.451
-143.251
-158.147
-120.434
-148.087
-163.613
-108.152
-103.991
-120.843
-148.106
-120.875
-133.698
-156.647
-109.138
-135.72
-154.295
-136.431
-143.593
-139.162
-137.069
-142.809
-148.875
-153.924
-129.732
-124.878
-129.087
-112.862
-102.14
-104.242
-142.029
-146.061
-98.9257
-148.7
-135.334
-162.435
-132.876
-107.207
-135.12
-154.531
-153.882
-142.388
-119.966
-156.645
-160.521
-164.78
-154.473
-126.616
-98.3662
-121.964
-137.557
-133.731
-137.401
-95.4927
-132.74
-136.61
-124.817
-128.893
-132.581
-118.366
-142.675
-139.568
-126.546
-119.043
-124.777
-134.214
-142.798
-132.13
-106.498
-97.7751
-137.505
-103.748
-135.66
-116.578
-135.822
-131.282
-136.646
-139.528
-149.636
-141.999
-116.873
-69.5549
-130.741
-143.39
-129.462
-126.021
-129.044
-145.583
-116.367
-153.696
-108.256
-154.251
-130.651
-134.45
-142.377
-158.395
-126.15
-113.812
-104.939
-117.098
-119.886
-123.323
-139.299
-134.17
-158.877
-105.638
-167.117
-100.852
-134.35
-135.056
-137.684
-139.899
-120.505
-140.037
-128.482
-121.249
-119.642
-138.985
-149.788
-126.04
-120.009
-153.124
-130.86
-153.202
-150.703
-146.271
-143.101
-125.155
-122.807
-155.604
-120.447
-155.379
-123.079
-142.821
-138.068
-146.518
-133.297
-121.923
-125.508
-159.23
-157.093
-137.936
-129.646
-109.751
-131.842
-136.227
-129.998
-168.957
-114.149
-143.367
-137.699
-137.319
-135.228
-124.122
-119.485
-103.545
-142.243
-117.044
-118.257
-140.089
-141.227
-136.642
-136.647
-97.026
-150.188
-140.397
-148.507
-126.348
-127.86
-101.848
-117.452
-126.322
-138.829
-120.846
-113.158
-146.314
-160.707
-114.105
-140.386
-131.873
-129.055
-109.842
-133.128
-111.923
-114.147
-131.913
-141.728
-163.023
-152.725
-127.298
-129.441
-122.586
-117.401
-126.946
-137.256
-178.981
-118.306
-132.369
-163.041
-138.443
-130.294
-118.921
-129.505
-119.232
-151.73
-154.628
-140.431
-124.131
-129.669
-134.129
-145.314
-119.161
-107.278
-155.021
-149.014
-124.383
-137.361
-151.296
-122.977
-157.113
-144.157
-102.38
-144.734
-166.269
-153.991
-117.49
-133.356
-117.981
-133.895
-167.314
-127.668
-155.159
-147.622
-106.85
-125.962
-103.801
-121.482
-116.85
-140.474
-160.679
-140.327
-107.545
-135.843
-83.8999
-155.877
-133.386
-123.113
-110.503
-147.785
-120.691
-107.549
-140.782
-147.354
-156.34
-116.203
-122.692
-147.607
-179.211
-116.643
-142.301
-150.157
-122.884
-134.086
-124.656
-168.056
-99.4114
-169.598
-126.867
-104.458
-145.854
-130.195
-131.498
-122.095
-136.29
-137.458
-140.753
-137.463
-150.396
-109.665
-124.914
-126.457
-136.933
-106.131
-103.326
-128.202
-120.856
-133.734
-147.551
-137.062
-111.111
-139.314
-128.343
-148.565
-103.158
-129.32
-140.44
-130.894
-132.866
-150.386
-128.456
-119.902
-111.631
-141.846
-130.333
-145.102
-127.176
-138.241
-171.189
-118.44
-108.492
-152.804
-140.614
-116.433
-153.905
-155.294
-143.926
-117.872
-95.2463
-161.283
-147.803
-135.049
-138.218
-143.311
-150.306
-131.932
-149.044
-107.87
-107.616
-122.372
-150.502
-117.834
-106.063
-134.721
-142.492
-152.771
-176.554
-149.614
-165.186
-122.741
-107.664
-125.752
-130.086
-133.447
-133.018
-125.95
-117.278
-117.43
-154.823
-120.01
-137.564
-163.97
-153.301
-138.168
-138.651
-145.502
-128.735
-142.699
-117.309
-139.909
-129.89
-140.124
-128.534
-131.97
-115.295
-90.2996
-121.65
-134.486
-129.294
-148.598
-136.906
-128.647
-146.473
-143.044
-134.376
-140.245
-107.84
-161.727
-115.022
-130.427
-108.142
-99.9247
-104.248
-161.509
-152.819
-149.421
-117.061
-154.969
-105.672
-140.77
-125.989
-146.646
-144.945
-133.43
-130.406
-98.45
-136.048
-154.633
-109.413
-157.841
-131.546
-146.945
-118.204
-156.929
-125.936
-134.85
-149.383
-128.605
-127.612
-129.736
-144.487
-152
-144.662
-142.054
-135.156
-161.246
-144.431
-125.123
-135.837
-136.415
-118.5
-153.241
-105.447
-161.264
-118.636
-118.448
-122.342
-149.835
-126.575
-160.95
-159.944
-150.985
-139.189
-134.878
-133.685
-130.295
-134.558
-96.0424
-175.902
-149.739
-119.373
-100.765
-69.3659
-135.825
-117.224
-98.9867
-150.554
-126.682
-146.783
-154.415
-144.437
-115.562
-129.091
-139.554
-125.281
-125.338
-129.711
-135.81
-115.385
-167.736
-97.9513
-106.638
-126.284
-138.75
-115.795
-124.855
-154.98
-117.197
-126.554
-145.523
-134.788
-152.745
-140.369
-135.911
-131.121
-160.663
-165.786
-145.659
-123.095
-141.449
-118.796
-173.02
-152.661
-149.218
-111.553
-115.129
-121.685
-125.425
-101.994
-140.791
-159.968
-166.946
-106.236
-155.861
-136.051
-137.628
-129.575
-134.677
-117.429
-126.769
-125.912
-128.834
-129.288
-160.883
-142.48
-145.915
-120.356
-162.829
-153.491
-143.949
-156.435
-140.926
-138.645
-109.248
-130.194
-130.752
-127.147
-144.643
-136.156
-128.565
-136.212
-126.589
-131.943
-145.996
-153.145
-176.291
-100.338
-135.619
-138.031
-163.263
-122.071
-141.99
-110.76
-155.041
-110.937
-135.307
-124.778
-98.6553
-132.783
-131.562
-114.368
-112.879
-133.705
-132.367
-173.685
-132.166
-100.875
-140.001
-109.203
-142.431
-107.842
-140.611
-111.162
-148.661
-136.046
-150.898
-172.24
-139.205
-150.313
-124.476
-123.048
-165.572
-141.522
-140.161
-125.926
-120.606
-126.536
-144.119
-121.358
-149.616
-136.451
-139.762
-120.841
-131.47
-138.478
-142.255
-139.571
-149.782
-111.041
-134.755
-117.34
-151.467
-141.877
-154.303
-133.038
-133.536
-124.936
-115.99
-136.657
-102.079
-111.252
-124.473
-127.873
-119.901
-130.696
-149.021
-143.076
-157.474
-153.648
-90.3664
-149.197
-125.995
-113.045
-102.661
-113.064
-138.983
-129.996
-179.945
-139.674
-131.107
-147.49
-132.176
-148.165
-81.1831
-149.847
-155.493
-155.025
-134.105
-136.088
-133.018
-143.274
-122.94
-135.521
-128.609
-106.872
-150.876
-118.153
-128.785
-145.423
-118.854
-141.409
-118.226
-128.614
-123.909
-133.411
-110.854
-137.664
-147.548
-157.779
-153.834
-133.839
-172.646
-124.788
-122.527
-128.855
-129.649
-117.35
-80.631
-110.615
-138.699
-137.211
-147.81
-142.963
-142.296
-125.392
-117.032
-134.131
-120.304
-151.794
-126.897
-138.327
-131.511
-141.433
-138.739
-148.874
-113.319
-142.779
-129.247
-106.777
-125.925
-121.515
-131.897
-166.839
-112.877
-137.908
-129.841
-141.817
-122.169
-114.861
-132.717
-145.337
-119.559
-123.482
-136.336
-124.215
-166.363
-134.68
-159.741
-99.4558
-115.569
-125.609
-125.21
-162.561
-142.763
-149.034
-140.826
-136.815
-143.119
-153.551
-113.826
-112.233
-147.404
-143.16
-147.471
-161.539
-139.508
-137.312
-106.095
-111.716
-138.79
-117.737
-129.889
-99.3604
-96.184
-136.323
-133.421
-112.789
-148.274
-122.827
-117.907
-154.256
-137.473
-128.859
-143.191
-104.108
-154.415
-142.036
-134.095
-136.897
-138.236
-134.401
-127.694
-86.5687
-134.201
-117.214
-142.796
-120.263
-117.784
-140.591
-137.327
-144.488
-133.444
-153.045
-108.368
-111.841
-106.779
-183.693
-93.8591
-114.072
-138.203
-170.526
-110.942
-128.051
-129.03
-99.8396
-124.147
-144.15
-175.932
-155.343
-117.748
-116.134
-131.558
-125.61
-130.634
-126.319
-149.792
-147.619
-123.132
-142.325
-103.583
-109.642
-151.852
-162.33
-128.479
-113.293
-134.738
-108.824
-121.654
-131.118
-160.305
-154.447
-121.445
-148.036
-140.658
-121.147
-129.236
-117.82
-147.333
-131.933
-135.623
-139.171
-125.937
-162.624
-122.334
-125.832
-109.266
-128.445
-118.145
-139.454
-155.118
-153.904
-124.51
-127.546
-144.153
-117.982
-156.153
-126.95
-137.471
-123.81
-149.068
-129.301
-159.038
-134.342
-105.919
-156.224
-150.427
-127.958
-122.105
-154.96
-165.255
-122.392
-121.286
-129.007
-148.494
-131.355
-113.291
-131.139
-106.466
-114.349
-98.9911
-109.95
-134.424
-141.666
-128.698
-120.154
-159.192
-126.004
-145.015
-137.365
-109.515
-146.915
-116.305
-133.814
-133.947
-126.082
-138.023
-143.251
-133.641
-149.741
-99.1982
-117.058
-120.666
-101.505
-114.073
-119.41
-137.999
-172.659
-154.137
-141.022
-128.314
-138.018
-107.675
-172.816
-98.1644
-113.799
-154.144
-122.868
-131.241
-134.846
-144.955
-143.117
-136.35
-164.988
-126.978
-165.288
-113.791
-126.21
-159.502
-129.167
-138.842
-146.244
-107.243
-154.067
-141.465
-135.165
-122.985
-182.036
-128.458
-169.286
-127.804
-157.434
-138.055
-125.723
-152.337
-115.77
-126.541
-141.449
-130.542
-155.271
-120.737
-103.271
-137.637
-138.443
-130.619
-105.703
-149.604
-138.499
-128.417
-122.328
-143.635
-148.068
-107.749
-153.249
-144.359
-128.723
-133.964
-140.839
-139.408
-133.108
-122.808
-122.748
-144.807
-144.769
-148.093
-150.711
-149.886
-125.675
-143.921
-119.956
-111.716
-145.049
-148.785
-115.742
-173.206
-134.923
-115.079
-165.246
-125.685
-125.946
-113.673
-126.696
-148.376
-141.834
-148.115
-131.475
-135.631
-121.718
-97.9641
-139.985
-105.068
-136.722
-138.165
-144.29
-145.738
-93.7191
-117.045
-135.027
-119.355
-111.902
-147.22
-138.325
-158.788
-136.852
-130.881
-114.219
-137.333
-142.105
-127.751
-124.748
-144.753
-130.064
-166.752
-117.677
-141.07
-123.771
-155.767
-144.111
-141.143
-113.417
-133.024
-136.779
-116.13
-128.361
-138.362
-149.681
-112.245
-139.227
-129.681
-123.909
-157.479
-136.734
-120.963
-147.859
-142.62
-139.413
-132.173
-136.51
-124.88
-111.632
-115.242
-107.323
-145.165
-152.817
-139.362
-147.182
-137.373
-102.732
-124.497
-105.703
-134.543
-144.247
-130.094
-112.047
-133.771
-136.049
-121.872
-121.238
-127.159
-119.033
-107.713
-136.096
-135.678
-127.537
-124.414
-117.208
-145.801
-124.484
-125.788
-137.16
-133.622
-124.549
-110.692
-140.019
-135.147
-114.798
-147.139
-142.195
-135.48
-116.292
-146.285
-133.3
-108.053
-124.517
-137.021
-116.711
-115.875
-146.547
-97.0056
-123.764
-108.368
-127.599
-144.06
-132.373
-120.063
-139.17
-120.573
-107.452
-137.829
-127.772
-130.765
-138.111
-133.676
-175.749
-146.419
-113.549
-151.199
-146.095
-127.872
-151.151
-144.347
-131.948
-157.212
-154.347
-153.589
-163.138
-136.992
-140.05
-121.001
-140.979
-134.851
-131.358
-121.308
-101.937
-118.416
-96.2593
-157.624
-161.41
-146.14
-129.895
-137.249
-113.041
-136.752
-140.254
-155.656
-122.151
-148.539
-137.288
-145.186
-120.273
-126.388
-94.3648
-87.1723
-136.556
-120.653
-166.69
-151.058
-81.7648
-116.048
-171.799
-138.254
-122.642
-128.303
-136.707
-126.551
-139.081
-160.124
-120.106
-148.077
-111.266
-105.108
-120.752
-126.174
-116.094
-147.839
-155.81
-118.597
-148.791
-128.884
-140.032
-135.004
-132.572
-150.723
-127.857
-142.945
-124.963
-149.31
-139.765
-118.576
-133.669
-123.017
-141.531
-143.856
-148.688
-142.377
-151.743
-117.131
-120.861
-118.59
-167.347
-101.031
-158.622
-123.572
-149.102
-122.197
-168.402
-129.113
-114.303
-130.638
-153.267
-168.593
-106.813
-140.832
-139.088
-120.154
-143.905
-116.481
-150.126
-147.246
-156.261
-118.075
-138.432
-123.353
-101.8
-124.981
-136.508
-151.083
-104.459
-139.565
-136.545
-165.044
-114.023
-116.747
-146.518
-135.007
-100.117
-114.732
-127.254
-129.556
-113.073
-120.969
-124.022
-114.901
-123.578
-155.101
-128.427
-132.972
-153.875
-139.512
-109.934
-117.38
-135.01
-136.397
-137.069
-115.658
-92.519
-120.896
-118.728
-164.146
-155.521
-105.596
-144.743
-143.135
-113.592
-125.456
-122.556
-145.961
-116.859
-143.816
-139.377
-148.024
-130.492
-147.166
-136.893
-165.329
-136.869
-113.078
-117.588
-160.114
-122.609
-143.467
-181.677
-145.662
-124.528
-119.833
-107.705
-144.402
-96.1454
-159.183
-120.435
-122.978
-128.031
-125.008
-129.434
-158.136
-135.029
-155.639
-123.351
-139.346
-137.326
-134.118
-147.59
-129.264
-123.409
-157.811
-131.571
-142.669
-118.002
-128.362
-147.809
-128.97
-133.423
-106.006
-142.667
-106.155
-121.828
-130.843
-134.676
-117.931
-126.611
-147.505
-133.353
-141.516
-134.268
-92.967
-101.087
-147.827
-146.036
-120.617
-123.609
-99.9859
-163.861
-148.518
-116.134
-125.155
-141.071
-147.344
-156.478
-157.529
-133.795
-148.406
-120.947
-133.701
-145.691
-128.43
-138.391
-119.824
-149.98
-149.058
-117.855
-141.212
-103.795
-128.774
-142.231
-149.828
-123.394
-129.191
-136.214
-140.932
-135.872
-121.845
-129.374
-115.803
-159.362
-130.461
-117.557
-114.506
-140.546
-117.407
-143.675
-146.816
-129.532
-144.139
-133.547
-120.433
-146.424
-144.84
-97.9489
-146.765
-138.804
-147.63
-149.826
-118.655
-125.513
-132.632
-127.156
-146.901
-128.305
-108.62
-163.999
-138.989
-122.735
-94.5597
-134.278
-109.43
-120.05
-122.395
-116.231
-146.997
-125.944
-141.384
-118.294
-144.635
-146.648
-125.764
-150.171
-103.129
-120.835
-130.956
-117.915
-116.315
-114.289
-173.038
-146.176
-146.208
-127.438
-167.618
-151.09
-126.994
-145.836
-121.232
-119.377
-105.809
-119.721
-159.066
-151.418
-150.481
-103.98
-161.2
-140.987
-114.219
-119.032
-149.357
-125.515
-129.595
-126.697
-152.544
-159.367
-126.909
-158.027
-103.557
-149.746
-124.78
-123.943
-157.903
-153.134
-170.24
-119.636
-136.3
-114.502
-118.832
-160.651
-154.843
-122.408
-129.745
-154.269
-113.341
-131.911
-133.735
-155.536
-117.291
-109.931
-136.71
-130.762
-118.925
-151.361
-119.84
-112.894
-149.132
-141.137
-119.308
-92.5399
-99.9126
-133.622
-109.008
-140.237
-103.01
-151.06
-170.144
-153.072
-123.537
-144.875
-124.333
-160.486
-133.395
-140.297
-148.201
-125.342
-119.346
-124.957
-144.382
-159.618
-175.105
-142.183
-105.573
-91.6295
-144.954
-156.973
-139.608
-128.46
-127.773
-121.37
-126.909
-127.232
-110.8
-131.669
-147.161
-150.035
-121.091
-157.906
-126.819
-137.304
-113.225
-123.423
-139.659
-153.642
-151.799
-123.963
-135.78
-135.547
-116.521
-116.275
-134.554
-133.538
-117.117
-144.302
-126.46
-123.342
-135.9
-141.324
-156.554
-147.302
-147.424
-161.027
-116.605
-128.177
-101.993
-144.318
-164.305
-135.965
-141.09
-121.386
-142.908
-122.508
-149.734
-138.504
-119.564
-145.016
-147.644
-145.807
-131.8
-154.879
-146.23
-135.302
-132.573
-133.164
-140.256
-130.665
-121.595
-146.42
-138.441
-143.473
-152.666
-156.365
-153.011
-130.067
-130.128
-126.442
-127.263
-98.7542
-100.529
-131.089
-102.83
-112.605
-112.727
-145.814
-135.76
-160.692
-166.846
-143.823
-134.867
-101.514
-91.3518
-152.637
-127.718
-139.673
-151.768
-123.02
-157.839
-134.019
-124.086
-106.997
-113.726
-129.998
-137.385
-141.012
-108.727
-144.352
-119.414
-122.527
-138.512
-123.401
-156.153
-144.15
-144.619
-112.879
-128.201
-100.133
-131.466
-139.704
-116.654
-139.781
-129.339
-165.323
-154.698
-129.608
-140.515
-145.314
-124.021
-126.815
-159.297
-137.679
-116.081
-129.167
-146.191
-126.879
-152.243
-158.472
-133.48
-139.028
-109.895
-145.264
-159.794
-123.039
-133.693
-148.89
-114.915
-148.836
-136.008
-139.25
-143.441
-142.131
-147.299
-121.342
-160.494
-131.423
-154.411
-112.307
-128.42
-145.301
-106.824
-124.855
-113.31
-142.697
-124.531
-121.585
-122.368
-124.597
-128.926
-139.984
-151.367
-132.404
-163.141
-149.018
-139.332
-121.352
-124.975
-164.596
-109.526
-117.023
-148.141
-117.764
-145.521
-125.749
-145.002
-110.663
-137.77
-132.892
-128.256
-123.939
-131.966
-133.519
-135.767
-138.317
-114.889
-97.4982
-127.918
-134.925
-146.071
-128.934
-110.093
-129.386
-123.171
-115.35
-135.297
-162.054
-131.942
-100.838
-144.09
-108.953
-128.885
-172.04
-110.664
-148.641
-118.296
-136.35
-133.735
-131.987
-116.703
-150.639
-115.028
-121.5
-159.893
-152.952
-134.637
-132.739
-151.191
-138.723
-127.6
-134.826
-150.657
-133.3
-100.855
-149.274
-114.516
-143.342
-119.515
-121.154
-113.214
-90.0983
-146.948
-158.942
-135.407
-154.495
-112.527
-128.399
-134.26
-126.799
-110.987
-113.393
-137.856
-130.962
-117.542
-146.873
-141.961
-137.833
-122.268
-104.129
-138.417
-122.4
-125.076
-131.915
-121.003
-133.216
-124.743
-126.809
-126.747
-149.697
-109.451
-132.847
-154.128
-137.104
-143.711
-109.955
-129.289
-146.043
-121.809
-152.846
-134.938
-145.298
-140.634
-124.507
-138.076
-142.76
-142.289
-154.574
-141.868
-122.645
-109.306
-129.821
-149.861
-134.694
-128.365
-131.72
-122.174
-133.49
-168.281
-144.223
-159.139
-119.522
-129.793
-137.305
-137.255
-150.357
-142.647
-129.505
-136.803
-126.842
-143.139
-100.72
-151.403
-127.211
-119.778
-118.668
-124.31
-110.452
-151.096
-146.588
-157.07
-138.171
-159.604
-137.466
-133.459
-138.344
-125.109
-124.046
-142.73
-131.573
-128.603
-119.519
-127.652
-111.554
-131.37
-128.119
-137.228
-137.479
-123.668
-126.015
-121.212
-142.976
-127.431
-119.072
-117.215
-160.162
-100.312
-114.423
-134.762
-159.743
-127.86
-146.06
-132.898
-130.082
-115.564
-143.171
-156.665
-94.8943
-135.648
-152.338
-146.298
-130.101
-152.304
-110.543
-110.205
-119.824
-136.907
-144.043
-150.263
-126.579
-145.577
-150.806
-123.528
-129.291
-142.189
-147.284
-126.33
-118.787
-87.5781
-144.863
-162.038
-101.506
-132.646
-138.112
-126.607
-127.82
-143.126
-152.881
-118.429
-113.032
-115.16
-138.596
-129.147
-123.508
-123.661
-109.065
-139.675
-120.761
-116.642
-125.558
-98.2717
-121.971
-123.126
-118.561
-133.147
-120.207
-129.289
-128.633
-114.905
-120.881
-113.826
-129.75
-144.991
-152.567
-132.97
-132.373
-127.558
-154.938
-145.058
-112.919
-141.223
-111.767
-155.385
-129.011
-142.22
-104.998
-129.516
-120.908
-160.985
-165.098
-124.05
-124.973
-151.928
-145.808
-128.91
-120.865
-115.477
-131.992
-126.767
-135.696
-132.17
-135.675
-136.346
-146.765
-121.605
-128.53
-148.15
-155.689
-134.847
-153.977
-134.448
-136.722
-134.578
-167.74
-108.388
-113.596
-124.729
-137.69
-156.134
-132.775
-165.353
-130.539
-128.022
-121.654
-137.421
-130.627
-144.925
-160.984
-134.261
-175.664
-144.116
-134.921
-167.243
-130.051
-123.031
-119.373
-119.827
-127.664
-138.007
-123.259
-160.633
-113.626
-134.767
-128.728
-147.75
-137.904
-140.099
-133.923
-159.874
-118.576
-150.736
-141.807
-140.263
-139.755
-135.293
-146.931
-139.656
-135.252
-144.697
-115.745
-122.021
-108.254
-156.886
-140.264
-148.304
-129.316
-135.189
-166.194
-110.583
-132.584
-143.571
-111.274
-131.296
-159.28
-154.129
-117.834
-142.623
-149.462
-151.009
-161.739
-139.91
-97.8385
-143.895
-110.789
-134.332
-120.115
-144.633
-154.098
-143.608
-140.121
-109.238
-172.811
-160.656
-142.034
-144.473
-138.042
-129.233
-129.021
-141.038
-144.008
-110.769
-147.99
-99.7073
-159.595
-157.12
-135.855
-121.287
-149.03
-146.448
-144.994
-129.777
-95.1315
-129.52
-138.331
-123.882
-157.623
-154.737
-126.223
-118.042
-128.009
-112.618
-149.001
-144.728
-136.271
-152.736
-98.5139
-103.077
-117.128
-102.302
-133.462
-145.34
-140.813
-145.726
-130.234
-134.638
-126.576
-157.118
-155.57
-137.343
-119.319
-118.917
-136.709
-132.749
-154.108
-88.0356
-147.758
-134.141
-157.778
-132.292
-121.308
-123.675
-161.825
-131.237
-115.702
-131.977
-146.067
-112.246
-150.5
-146.626
-133.042
-138.048
-113.728
-134.583
-126.875
-147.064
-150.874
-141.064
-130.789
-125.788
-112.429
-133.09
-149.989
-154.034
-118.301
-149.09
-108.798
-142.518
-146.204
-122.474
-125.725
-114.216
-129.342
-138.838
-136.572
-124.521
-117.766
-125.722
-144.083
-141.651
-136.696
-118.924
-154.279
-143.921
-119.411
-99.6735
-147.638
-128.224
-155.499
-125.403
-157.298
-172.712
-118.227
-151.446
-130.151
-120.156
-122.916
-130.16
-162.239
-120.185
-154.822
-89.4064
-147.291
-131.089
-136.747
-123.058
-138.671
-113.865
-158.457
-133.251
-136.331
-148.774
-110.991
-141.509
-107.232
-124.07
-136.973
-122.994
-132.586
-113.329
-175.859
-129.135
-142.309
-113.584
-118.468
-116.224
-143.266
-117.997
-117.895
-114.401
-123.663
-122.818
-146.051
-171.281
-107.199
-140.345
-150.635
-130.898
-120.182
-94.8459
-126.546
-138.055
-100.723
-135.904
-149.583
-99.2611
-103.212
-149.725
-144.102
-155.357
-121.234
-171.186
-136.612
-124.434
-116.135
-126.172
-136.137
-149.153
-109.741
-164.22
-107.897
-129.508
-149.211
-165.913
-120.629
-145.835
-128.314
-161.299
-120.471
-153.955
-128.618
-143.033
-126.187
-111.773
-101.323
-111.359
-122.672
-123.55
-139.115
-138.677
-125.653
-121.102
-102.449
-107.865
-140.365
-146.56
-139.277
-153.39
-149.537
-135.616
-124.015
-132.49
-128.782
-170.088
-140.392
-133.659
-147.148
-128.898
-113.254
-156.574
-124.238
-155.359
-149.76
-130.271
-127.109
-114.843
-110.586
-116.207
-147.769
-89.5548
-117.763
-122.003
-107.955
-124.212
-136.013
-100.458
-129.094
-126.354
-141.242
-100.93
-153.739
-146.433
-110.221
-133.593
-141.177
-123.13
-150.174
-134.27
-139.376
-126.642
-171.55
-132.801
-152.761
-171.814
-162.315
-135.897
-132.092
-151.623
-152.375
-133.974
-116.12
-156.701
-152.279
-130.211
-130.325
-154.899
-129.219
-143.921
-95.6851
-164.646
-123.919
-158.092
-115.104
-121.906
-132.157
-137.582
-151.789
-138.035
-132.721
-169.653
-143.076
-154.84
-146.278
-169.438
-113.713
-160.658
-115.639
-148.764
-116.645
-139.497
-142.473
-149.392
-127.972
-143.93
-132.647
-124.226
-127.995
-148.002
-145.286
-123.822
-128.353
-111.178
-126.416
-138.694
-140.274
-145.932
-113.88
-145.383
-148.666
-127.705
-148.734
-141.915
-175.152
-157.902
-155.321
-116.065
-121.763
-135.504
-131.283
-130.857
-117.886
-128.978
-150.038
-126.703
-157.617
-138.479
-139.72
-175.87
-110.956
-130.118
-120.487
-124.862
-122.073
-128.367
-125.853
-144.755
-118.604
-138.114
-135.377
-116.482
-127.026
-138.591
-129.962
-116.833
-148.61
-137.495
-114.001
-140.883
-131.185
-153.651
-145.795
-126.636
-144.387
-91.1542
-144.75
-137.43
-154.984
-119.82
-162.481
-132.987
-114.088
-122.426
-122.975
-124.378
-157.679
-107.019
-117.997
-142.038
-74.9424
-118.403
-154.239
-156.976
-156.336
-137.603
-157.324
-135.663
-152.595
-119.699
-145.214
-133.473
-150.53
-120.53
-140.766
-166.32
-133.233
-126.386
-136.532
-105.712
-159.006
-160.385
-147.957
-149.811
-118.784
-127.088
-137.223
-147.209
-141.35
-117.117
-136.572
-144.228
-152.299
-98.1436
-148.76
-153.252
-143.132
-149.778
-151.919
-132.753
-163.554
-148.04
-121.508
-136.29
-143.789
-125.214
-137.912
-134.387
-112.231
-123.991
-139.861
-131.595
-117.307
-141.106
-140.419
-117.67
-105.183
-132.786
-139.971
-147.095
-137.163
-124.372
-92.5216
-149.242
-132.731
-131.99
-144.781
-156.516
-165.758
-121.971
-94.7621
-141.613
-137.861
-164.386
-142.065
-152.483
-137.049
-154.887
-136.569
-134.062
-140.405
-155.393
-145.824
-140.653
-117.398
-119.811
-149.02
-141.126
-132.99
-137.247
-137.954
-130.56
-118.172
-113.964
-151.113
-139.938
-137.157
-139.262
-157.768
-155.333
-94.0132
-145.536
-159.382
-121.43
-132.073
-162.179
-123.467
-146.507
-142.745
-155.954
-138.716
-123.705
-144.527
-162.126
-120.33
-132.626
-129.172
-140.271
-154.944
-128.28
-154.436
-149.85
-122.968
-179.946
-155.125
-134.983
-121.068
-143.457
-132.5
-129.274
-136.455
-133.782
-156.822
-149.184
-149.814
-131.004
-128.683
-152.923
-147.296
-134.332
-120.84
-125.424
-109.891
-115.117
-172.827
-117.171
-148.782
-114.854
-153.104
-140.62
-120.6
-113.117
-118.511
-126.691
-141.601
-150.179
-135.028
-102.357
-141.956
-144.916
-143.956
-108.245
-146.185
-131.413
-147.845
-147.498
-168.184
-140.189
-138.741
-114.997
-100.736
-131.684
-143.18
-135.997
-162.241
-134.122
-109.735
-136.574
-151.389
-154.448
-122.705
-121.036
-149.094
-155.614
-128.933
-117.768
-126.59
-135.908
-137.354
-139.036
-141.325
-133.295
-128.8
-129.396
-168.076
-127.65
-130.63
-123.873
-139.832
-162.652
-146.206
-126.536
-126.902
-137.697
-166.128
-130.266
-123.281
-113.552
-143.105
-132.858
-132.72
-153.188
-146.143
-129
-139.065
-116.366
-117.157
-112.568
-131.281
-100.734
-143.126
-131.043
-119.182
-101.495
-145.804
-139.708
-137.371
-113.201
-134.469
-131.569
-139.68
-122.101
-143.126
-142.684
-112.774
-143.708
-134.42
-137.185
-148.761
-135.762
-137.504
-118.882
-157.677
-139.77
-131.9
-100.123
-166.388
-131.984
-149.862
-135.344
-128.478
-123.701
-126.346
-170.475
-147.943
-119.003
-131.127
-127.32
-149.048
-153.951
-141.023
-138.81
-152.24
-149.729
-143.652
-161.828
-137.821
-134.826
-157.499
-177.635
-150.926
-116.513
-155.156
-148.434
-135.605
-134.885
-138.396
-120.546
-113.993
-116.853
-145.738
-149.739
-186.004
-139.021
-156.752
-173.362
-132.859
-126.918
-136.38
-126.833
-131.163
-119.561
-114.557
-114.81
-128.575
-144.291
-102.03
-167.987
-164.559
-107.194
-137.137
-126.864
-123.363
-126.799
-128.588
-158.768
-143.915
-133.372
-145.672
-111.662
-138.708
-169.783
-106.862
-102.832
-141.481
-116.484
-106.365
-141.143
-167.763
-134.779
-113.926
-146.901
-163.102
-131.24
-131.012
-114.065
-162.182
-168.342
-143.861
-118.241
-106.507
-118.265
-122.129
-128.189
-158.702
-126.477
-97.5733
-117.164
-121.163
-143.222
-137.304
-138.497
-149.581
-142.101
-123.582
-157.65
-114.06
-143.618
-134.389
-138.599
-121.725
-102.012
-124.151
-156.275
-136.719
-132.088
-127.026
-137.904
-139.108
-139.968
-168.452
-138.987
-133.726
-106.586
-106.249
-166.622
-135.944
-136.962
-143.403
-136.609
-114.242
-125.822
-149.313
-164.099
-171.002
-126.134
-134.609
-149.391
-165.045
-151.603
-82.4779
-115.994
-132.342
-118.151
-147.344
-129.077
-138.6
-159.62
-138.055
-138.477
-110.764
-130.885
-161.162
-135.654
-149.875
-142.96
-135.131
-128.058
-150.833
-131.561
-118.244
-126.342
-154.703
-113.171
-147.813
-139.883
-155.825
-150.919
-122.412
-129.356
-124.921
-116.941
-133.49
-120.189
-145.337
-126.207
-118.645
-130.028
-139.073
-140.412
-111.427
-128.066
-160.718
-131.522
-141.314
-143.856
-132.373
-139.231
-155.691
-134.47
-100.9
-122.422
-154.867
-126.167
-128.674
-157.929
-160.624
-127.31
-126.791
-86.9683
-141.438
-139.603
-125.97
-117.848
-128.532
-151.026
-113.25
-148.023
-99.1924
-138.856
-105.276
-151.275
-156.454
-144.496
-126.997
-126.753
-133.183
-122.529
-138.554
-136.991
-156.281
-130.001
-124.049
-130.174
-114.108
-137.076
-134.38
-145.624
-154.209
-104.818
-128.434
-104.767
-116.503
-121.269
-143.506
-104.287
-118.061
-174.984
-134.653
-136.151
-119.447
-134.639
-140.914
-119.222
-157.017
-159.88
-121.956
-149.597
-139.427
-123.121
-140.515
-140.531
-124.113
-164.533
-137.87
-156.104
-149.675
-140.418
-141.617
-160.739
-153.818
-124.051
-113.711
-139.947
-143.573
-110.565
-125.756
-145.358
-129.284
-107.391
-168.263
-142.494
-119.081
-110.986
-100.498
-116.446
-127.766
-131.727
-124.086
-88.2073
-151.4
-143.123
-145.154
-132.847
-164.192
-148.642
-140.949
-133.696
-153.355
-112.562
-99.7952
-98.6704
-140.559
-154.457
-147.538
-133.897
-143.021
-113.288
-148.149
-122.094
-142.901
-142.362
-128.021
-121.934
-133.893
-139.753
-153.537
-87.4046
-159.425
-122.584
-131.522
-145.779
-131.835
-146.774
-118.672
-131.018
-154.224
-134.648
-145.344
-131.694
-146.514
-110.93
-170.568
-153.414
-134.684
-173.436
-158.137
-106.752
-117.14
-152.19
-160.084
-154.543
-149.131
-166.913
-144.235
-119.219
-141.937
-140.142
-114.513
-127.851
-142.375
-114.134
-105.437
-137.955
-127.03
-134.18
-142.532
-98.3861
-112.634
-185.055
-112.284
-160.473
-135.155
-136.191
-148.771
-147.605
-118.645
-145.926
-127.328
-128.058
-120.922
-151.738
-163.79
-89.6186
-136.489
-155.291
-137.787
-140.42
-120.412
-148.163
-140.308
-128.105
-114.866
-126.629
-135.314
-141.698
-167.536
-137.096
-152.606
-133.881
-148.72
-163.13
-179.176
-127.082
-130.393
-174
-158.314
-160.162
-143.872
-128.15
-165.065
-156.121
-137.014
-116.226
-123.758
-123.672
-134.688
-140.233
-104.364
-133.785
-130.251
-116.835
-126.714
-117.518
-109.365
-146.136
-132.038
-137.166
-114.692
-132.535
-122.443
-117.545
-107.918
-129.626
-135.912
-150.337
-138.739
-113.256
-120.799
-146.488
-124.938
-112.112
-86.6125
-156.352
-113.425
-146.237
-136.768
-120.653
-126.751
-132.449
-134.642
-95.9068
-149.241
-136.708
-120.08
-165.417
-108.403
-140.469
-107.838
-126.942
-111.622
-107.263
-117.618
-127.378
-134.978
-130.938
-110.579
-118.724
-145.593
-146.04
-140.897
-146.469
-111.637
-109.715
-125.556
-129.93
-160.53
-144.176
-99.9838
-116.787
-156.772
-136.654
-138.655
-154.298
-130.452
-121.615
-114.76
-107.249
-101.089
-141.131
-161.85
-150.894
-97.968
-95.8704
-139.24
-124.751
-117.468
-150.642
-140.447
-169.514
-115.315
-133.67
-158.892
-136.38
-131.969
-120.577
-121.156
-121.395
-168.61
-137.522
-126.304
-145.411
-135.015
-99.1235
-133.867
-109.164
-148.17
-124.44
-131.943
-149.137
-158.424
-137.144
-157.93
-147.217
-134.845
-177.374
-154.74
-138.483
-126.377
-107.157
-163.36
-138.659
-146.02
-135.115
-167.288
-137.858
-109.513
-162.292
-124.55
-165.765
-120.136
-124.005
-149.703
-162.712
-129.998
-113.698
-112.499
-153.423
-140.469
-159.456
-132.751
-128.757
-152.601
-91.2378
-126.972
-154.672
-133.302
-142.958
-116.637
-140.01
-136.925
-141.727
-137.165
-116.533
-131.494
-143.081
-135.868
-125.785
-146.104
-124.835
-159.625
-144.537
-125.956
-173.735
-134.354
-100.894
-108.372
-114.353
-147.81
-115.499
-159.61
-131.439
-120.589
-137.218
-133.283
-107.314
-135.898
-129.512
-128.956
-139.189
-139.419
-129.559
-116.516
-130.918
-129.401
-134.828
-131.206
-107.917
-134.823
-124.779
-140.591
-95.8724
-140.744
-121.09
-154.039
-124.807
-101.26
-135.785
-140.094
-145.669
-155.226
-156.194
-130.853
-135.157
-108.943
-135.737
-98.9056
-150.902
-147.361
-155.742
-106.685
-140.713
-114.813
-155.367
-145.07
-129.517
-161.204
-108.098
-134.211
-120.445
-122.388
-148.269
-129.07
-127.193
-153.298
-111.898
-100.845
-110.444
-154.278
-145.74
-144.194
-158.721
-133.159
-131.675
-122.425
-170.265
-121.046
-137.692
-119.183
-172.655
-136.659
-122.823
-145.857
-142.315
-117.224
-122.315
-140.197
-118.205
-132.401
-135.334
-125.322
-131.013
-127.324
-163.213
-99.7906
-168.089
-136.966
-138.009
-95.4465
-119.946
-104.582
-121.881
-129.758
-108.531
-122.233
-106.879
-111.25
-141.425
-139.654
-155.318
-147.265
-126.351
-113.188
-93.8278
-134.501
-154.123
-118.584
-116.917
-118.636
-149.502
-148.571
-121.571
-140.19
-124.916
-129.752
-150.989
-134.693
-125.562
-104.116
-113.967
-115.305
-119.858
-152.602
-148.408
-122.996
-99.4596
-132.102
-127.125
-153.629
-139.476
-101.795
-125.278
-124.94
-149.154
-150.453
-141.975
-143.474
-148.157
-140.36
-149.245
-139.228
-134.398
-154.322
-153.294
-117.926
-155.997
-175.743
-142.465
-153.364
-120.738
-118.45
-127.651
-129.76
-112.736
-112.827
-123.107
-113.368
-145.116
-115.959
-124.371
-99.4198
-116.187
-140.026
-133.909
-136.734
-110.307
-147.618
-154.282
-126.138
-165.742
-133.682
-133.103
-155.258
-125.053
-146.062
-125.791
-137.422
-122.925
-154.247
-119.454
-148.076
-140.384
-98.0109
-155.163
-86.289
-90.1986
-123.914
-124.133
-158.145
-111.997
-135.604
-147.499
-145.251
-88.3414
-116.722
-134.052
-123.741
-104.84
-148.298
-148.123
-136.225
-135.421
-151.918
-109.349
-108.717
-139.387
-136.541
-146.67
-118.731
-121.202
-128.349
-129.15
-111.861
-153.508
-140.035
-137.086
-135.19
-144.444
-139.252
-109.601
-120.097
-126.023
-151.225
-170.895
-140.992
-140.73
-158.722
-144.131
-118.718
-138.34
-145.083
-154.949
-136.694
-158.079
-104.182
-109.272
-123.324
-155.722
-119.398
-116.769
-104.903
-131.484
-150.22
-146.021
-121.623
-164.782
-168.614
-157.314
-152.279
-131.574
-141.677
-139.066
-120.683
-151.829
-129.399
-155.164
-116.1
-134.59
-164.291
-129.153
-156.386
-140.793
-167.726
-130.448
-124.37
-123.252
-129.327
-125.479
-152.91
-141.777
-127.392
-140.555
-137.748
-113.66
-112.171
-139.53
-118.375
-119.575
-112.71
-127.357
-115.848
-146.876
-114.432
-121.624
-109.986
-129.962
-152.753
-136.167
-134.986
-136.964
-130.716
-118.298
-166.081
-122.967
-150.714
-132.269
-158.718
-135.284
-129.747
-132.691
-154.742
-126.572
-128.54
-121.362
-129.37
-127.731
-115.735
-118.491
-108.346
-143.083
-127.778
-112.964
-132.356
-134.488
-104.701
-135.445
-147.562
-124.013
-114.735
-124.489
-131.862
-133.287
-138.946
-141.843
-118.84
-176.235
-122.494
-142.098
-135.332
-146.278
-154.362
-137.702
-128.654
-119.962
-164.62
-146.041
-169.747
-95.7611
-152.045
-144.463
-125.207
-108.088
-127.087
-143.817
-129.158
-168.186
-119.441
-134.042
-116.646
-132.771
-148.462
-123.394
-112.781
-153.736
-146.783
-158.837
-144.78
-120.543
-111.957
-133.107
-123.921
-133.357
-124.592
-150.477
-178.419
-131.178
-126.841
-117.322
-112.029
-126.806
-146.871
-105.792
-109.621
-123.396
-176.077
-142.529
-152.94
-149.749
-133.335
-148.451
-103.007
-128.404
-129.092
-136.679
-158.906
-163.955
-154.431
-156.349
-139.766
-133.25
-132.946
-134.375
-146.776
-108.277
-109.907
-160.344
-132.475
-119.157
-170.15
-111.882
-155.36
-136.875
-120.444
-134.911
-164.958
-147.432
-145.247
-122.025
-115.428
-178.928
-159.893
-129.359
-132.822
-125.559
-137.796
-129.288
-157.143
-169.169
-107.686
-132.11
-144.409
-132.211
-113.42
-133.998
-146.65
-141.875
-145.589
-154.624
-146.36
-126.814
-164.344
-156.756
-133.632
-119.234
-147.172
-153.379
-115.126
-113.403
-129.58
-111.651
-129.097
-119.826
-159.67
-99.434
-150.818
-104.122
-140.479
-118.762
-138.859
-111.018
-138.412
-140.923
-139.961
-129.678
-137.533
-133.147
-156.029
-126.303
-130.962
-125.858
-92.864
-128.576
-130.705
-157.49
-121.83
-131.952
-83.2698
-107.223
-115.18
-131.329
-114.569
-124.683
-165.007
-171.248
-129.372
-137.578
-163.317
-134.598
-147.685
-104.703
-117.327
-118.931
-118.75
-141.807
-155.745
-154.734
-121.229
-126.136
-138.411
-163.365
-123.34
-121.234
-133.059
-133.065
-157.705
-131.804
-111.729
-140.71
-152.813
-109.822
-103.692
-132.29
-125.282
-143.292
-148.832
-140.331
-155.547
-144.326
-113.514
-163.114
-113.136
-161.186
-144.327
-133.786
-170.568
-150.937
-155.151
-141.825
-134.909
-143.821
-151.823
-122.142
-140.727
-120.995
-157.2
-136.702
-139.26
-155.342
-137.998
-106.866
-147.222
-104.348
-141.107
-130.986
-123.528
-158.556
-134.567
-131.024
-128.813
-156.745
-166.213
-128.99
-136.364
-156.56
-145.311
-162.582
-139.715
-149.808
-111.723
-125.502
-146.814
-142.372
-144.645
-157.445
-161.419
-137.971
-158.572
-128.204
-108.085
-104.03
-147.415
-153.772
-140.873
-136.341
-173.1
-130.881
-133.338
-117.526
-150.711
-152.54
-143.128
-143.25
-146.279
-167.876
-148.995
-170.247
-164.37
-133.92
-146.448
-153.271
-152.408
-166.777
-116.979
-143.549
-139.192
-94.5919
-116.081
-138.621
-127.168
-130.341
-133.834
-141.503
-118.828
-106.478
-117.507
-166.376
-142.635
-108.637
-159.592
-144.663
-138.179
-128.005
-152.308
-117.256
-139.148
-152.058
-142.126
-118.906
-117.456
-134.094
-163.798
-144.277
-130.15
-117.751
-99.7617
-124.994
-117.113
-133.861
-122.202
-115.196
-147.147
-153.094
-118.701
-134.764
-128.264
-114.515
-145.495
-113.396
-138.884
-131.793
-148.017
-145.897
-129.641
-130.528
-134.866
-154.667
-169.366
-140.221
-136.365
-134.438
-167.76
-154.252
-130.03
-138.474
-120.618
-117.347
-133.485
-130.589
-115.224
-110.901
-140.507
-145.26
-136.888
-143.987
-128.063
-128.442
-147.231
-182.762
-141.998
-158.375
-146.221
-123.669
-125.807
-139.289
-134.297
-145.946
-138.718
-126.259
-100.899
-130.887
-155.882
-135.765
-121.838
-166.885
-152.37
-158.02
-115.033
-136.029
-126.484
-126.893
-115.833
-125.139
-149.075
-132.092
-132.431
-117.618
-115.851
-151.685
-153.414
-111.4
-137.107
-145.527
-114.737
-138.721
-121.638
-139.965
-149.158
-146.295
-141.671
-120.173
-151.574
-156.344
-129.466
-140.857
-127.46
-142.055
-145.081
-138.14
-150.967
-125.374
-138.907
-148.434
-109.751
-163.39
-151.139
-167.597
-125.167
-115.967
-110.054
-114.733
-130.237
-137.099
-147.54
-136.008
-143.369
-126.432
-158.817
-150.779
-122.609
-151.089
-125.391
-133.257
-163.858
-107.565
-128.432
-144.155
-146.771
-161.821
-98.9728
-126.406
-132.492
-123.639
-128.114
-130.042
-142.978
-117.271
-182.869
-137.718
-156.959
-155.291
-132.291
-160.535
-149.29
-157.717
-112.467
-129.197
-149.031
-140.03
-147.777
-135.211
-149.136
-145.139
-153.552
-124.788
-133.677
-117.223
-133.514
-130.063
-130.914
-144.079
-138.517
-101.757
-128.376
-181.088
-120.88
-125.701
-134.724
-158.902
-129.028
-128.186
-137.825
-106.372
-146.197
-125.909
-124.6
-133.522
-127.462
-148.063
-152.176
-128.808
-129.589
-123.322
-142.54
-111.974
-130.996
-141.849
-103.55
-122.994
-157.927
-106.811
-147.86
-107.467
-117.208
-145.663
-164.551
-102.976
-142.344
-115.729
-145.384
-148.099
-131.568
-111.97
-118.77
-103.462
-141.212
-127.348
-116.497
-128.961
-135.207
-132.884
-130.827
-131.46
-126.052
-142.73
-128.856
-108.641
-117.94
-147.356
-156.627
-137.618
-129.586
-138.35
-111.866
-132.91
-129.558
-151.7
-137.701
-130.17
-127.258
-104.608
-138.685
-131.723
-148.266
-134.505
-140.02
-164.474
-106.285
-176.907
-118.292
-166.88
-138.298
-128.681
-140.386
-152.335
-146.082
-126.558
-90.6618
-125.293
-159.05
-100.139
-148.988
-123.346
-99.5737
-106.557
-122.396
-123.995
-148.206
-154.778
-154.352
-135.247
-131.465
-145.438
-141.428
-123.777
-136.618
-111.721
-111.813
-130.828
-143.556
-135.501
-170.448
-167.763
-127.289
-148.394
-119.599
-102.436
-103.63
-136.482
-132.121
-148.836
-101.489
-127.195
-165.291
-141.288
-142.63
-158.745
-111.189
-165.44
-138.047
