-3249.57
-3229.52
-3185.64
-3217.71
-3188.98
-3249.94
-3133.55
-3088.56
-3141.94
-3163.11
-3131.22
-3185.7
-3186.12
-3202.97
-3182.25
-3185.04
-3216.89
-3172.47
-3201.26
-3191.82
-3270.92
-3150.01
-3243.11
-3162.49
-3159.96
-3167.06
-3246.02
-3160.97
-3193.15
-3144.94
-3237.75
-3182.75
-3198.93
-3209.95
-3197.61
-3150.76
-3205.8
-3177.14
-3151.41
-3181.52
-3241.08
-3196.11
-3176.62
-3238.88
-3161.14
-3271.52
-3217.24
-3182.14
-3211.13
-3179.83
-3170.17
-3201.18
-3184.71
-3206.89
-3211.4
-3212.57
-3131.03
-3154.67
-3253.23
-3235.05
-3223.56
-3207.67
-3158.8
-3188.17
-3179.14
-3222.88
-3209.6
-3158.95
-3201.07
-3190.42
-3203.9
-3199.19
-3134.49
-3159.76
-3139.31
-3202.02
-3172.12
-3135.78
-3151.2
-3185.47
-3098.78
-3161.88
-3238.22
-3227.88
-3220.25
-3284.16
-3219.27
-3201.21
-3245.65
-3176.34
-3272.77
-3220.34
-3171.73
-3166.95
-3196.47
-3189.04
-3161.38
-3183.99
-3181.8
-3148.36
-3081.82
-3186.82
-3204.25
-3202.02
-3160.58
-3157.04
-3202.94
-3152.41
-3222.47
-3152.48
-3211.85
-3160.15
-3174.31
-3131.67
-3206.26
-3190.79
-3213.48
-3205.6
-3264.21
-3231.04
-3158.23
-3187.04
-3241.12
-3205.92
-3225.11
-3173.84
-3199.98
-3199.23
-3173.16
-3241.19
-3265.28
-3160.44
-3242.7
-3231.57
-3247.35
-3216.13
-3226.14
-3176.17
-3176.86
-3177.15
-3184.57
-3188.23
-3225.41
-3194.7
-3164.15
-3181.23
-3178.06
-3188.9
-3189.78
-3228.54
-3204.47
-3211.53
-3201.18
-3184.72
-3195.18
-3150.54
-3235.11
-3169.7
-3140.47
-3131.63
-3185.31
-3154.25
-3230.86
-3249.55
-3176.82
-3229.92
-3164.61
-3212
-3243
-3214.63
-3227.71
-3189.77
-3100.63
-3170.5
-3236.54
-3128.55
-3146.25
-3202.97
-3155.85
-3230.24
-3176.57
-3193.27
-3205.38
-3199.39
-3139.24
-3182.51
-3193.53
-3242.01
-3227.15
-3153.88
-3176.93
-3159.92
-3161.05
-3132.52
-3167.35
-3219.47
-3178.34
-3187.85
-3151.16
-3095.65
-3145.98
-3211.01
-3216.54
-3156.43
-3146.83
-3166.31
-3205.6
-3128.11
-3173.43
-3161.91
-3203.76
-3222.4
-3168.04
-3206.85
-3187.09
-3160.72
-3112.35
-3192.8
-3226.62
-3219.52
-3171.34
-3139.75
-3204.23
-3176.62
-3183.93
-3235.5
-3227
-3202.32
-3203.72
-3225.04
-3089.43
-3175.48
-3176.49
-3267.16
-3159.32
-3156.74
-3146.37
-3210.97
-3116.96
-3149.21
-3174.08
-3215.14
-3206.66
-3184.25
-3212.8
-3122.06
-3126.47
-3261.98
-3216.29
-3207.15
-3183.06
-3212.19
-3167.7
-3258.83
-3190.13
-3242.36
-3207.92
-3218.42
-3188.72
-3206.07
-3183.26
-3186.69
-3146.71
-3243.45
-3251.01
-3217.13
-3203.07
-3188.36
-3214.21
-3240.69
-3232.27
-3142.79
-3202.53
-3213.35
-3170.36
-3167.9
-3198.54
-3228.04
-3220.85
-3253.49
-3191.12
-3218.4
-3149.27
-3178.06
-3242.02
-3181.76
-3169.8
-3180.3
-3212.06
-3217.98
-3176.6
-3229.76
-3239.4
-3240.62
-3222.78
-3204.85
-3163.48
-3139.26
-3208.32
-3195.86
-3214
-3194.83
-3206.27
-3151.83
-3177.81
-3135.85
-3214.62
-3223.66
-3253.64
-3232.18
-3164.77
-3222.15
-3142.59
-3140.84
-3173.15
-3168.45
-3153.89
-3155.4
-3175.51
-3221.13
-3189.78
-3205.59
-3129.7
-3158.97
-3167.37
-3188.57
-3187.87
-3231
-3147.07
-3215.69
-3129.62
-3163.06
-3174.75
-3239.94
-3228.25
-3233.48
-3181.99
-3139.21
-3138.95
-3178.68
-3135.33
-3194.38
-3214.43
-3242.74
-3132.39
-3176.6
-3230.2
-3199.59
-3184.62
-3168.74
-3156.77
-3158.83
-3239.91
-3260.3
-3171.79
-3239.18
-3119.05
-3114.61
-3194.94
-3165.71
-3194.74
-3157.25
-3183.89
-3134.06
-3178.27
-3200.44
-3157.75
-3208.76
-3241.84
-3220.35
-3227.08
-3223.16
-3192.44
-3224.25
-3185.91
-3166.22
-3222.04
-3201.8
-3189.39
-3184.38
-3151.93
-3221.93
-3223.75
-3225.16
-3150.71
-3172.52
-3224.98
-3206.77
-3171.09
-3249.11
-3196.27
-3233.19
-3204.48
-3208.57
-3177.1
-3256.94
-3215.68
-3216.99
-3209.79
-3156.14
-3218.88
-3197.01
-3221.79
-3234.5
-3195
-3269.81
-3138.77
-3200.51
-3212.71
-3175.85
-3159.79
-3114.53
-3158.13
-3141.46
-3147.52
-3128.11
-3153.9
-3156.27
-3173.95
-3168.92
-3161.17
-3171.07
-3198.96
-3188.89
-3178.69
-3145.15
-3142.13
-3190.52
-3140.29
-3176.12
-3158.31
-3123.39
-3293.73
-3152.46
-3227.14
-3198.42
-3228.06
-3216.13
-3176.1
-3134.23
-3091.47
-3134.99
-3246.05
-3143.09
-3181.95
-3156.81
-3145.04
-3223.94
-3130.79
-3171.45
-3147.36
-3208.62
-3187.89
-3101.42
-3178.22
-3166.52
-3189.67
-3132.66
-3194.79
-3170.05
-3201.04
-3166.14
-3159.93
-3129.53
-3142.4
-3176.7
-3249.6
-3159.27
-3227.9
-3249.84
-3150.8
-3182.53
-3156.55
-3181.44
-3192.17
-3195.65
-3188.07
-3230.83
-3203.28
-3251.34
-3130.83
-3252.5
-3189.51
-3112.61
-3157.99
-3162.9
-3180.62
-3141.34
-3160.22
-3118.84
-3166.85
-3157.93
-3218.27
-3226.14
-3159.14
-3211.01
-3222.25
-3214.15
-3247.06
-3259.72
-3172.69
-3236.65
-3166.39
-3240.09
-3201.22
-3204.53
-3137.8
-3208.21
-3216.76
-3283.08
-3197.58
-3139.55
-3193.05
-3164.72
-3153.35
-3226.7
-3201.63
-3171.41
-3174.66
-3179.29
-3214.79
-3222.55
-3120.4
-3202.34
-3239.84
-3199.51
-3239.06
-3229.72
-3171
-3136.52
-3213.52
-3138.42
-3211.77
-3234.58
-3146.52
-3187.34
-3159.94
-3108.86
-3145.38
-3175.64
-3179.89
-3183.79
-3226
-3200.33
-3200.48
-3132.44
-3218.09
-3185.48
-3194.28
-3196.14
-3220.73
-3231.06
-3214.23
-3182.98
-3203.23
-3214.56
-3213.85
-3213.23
-3267.09
-3250.34
-3199.95
-3160.92
-3258.96
-3257.66
-3167.86
-3182.46
-3287.88
-3168.66
-3146.33
-3190.04
-3173.3
-3192.81
-3236.86
-3215.77
-3187.98
-3182.91
-3203.1
-3218.59
-3155.66
-3203.57
-3169.5
-3194.61
-3208.82
-3194.77
-3242.46
-3225.1
-3137.82
-3183.95
-3218.6
-3232.71
-3176.86
-3213.94
-3227.87
-3187.64
-3151.58
-3179.89
-3207.55
-3157.76
-3177.37
-3184.3
-3241.04
-3240.83
-3250.5
-3212.44
-3202.86
-3197.77
-3120.56
-3109.14
-3131.92
-3156.97
-3126.13
-3125.03
-3178.84
-3183.52
-3196.18
-3174.76
-3191.76
-3206.33
-3211.54
-3192.42
-3268.41
-3163.66
-3220.12
-3248.37
-3155.53
-3231.15
-3207.81
-3188.46
-3104.62
-3132.87
-3151.86
-3153.61
-3238.88
-3171.84
-3154.53
-3189.26
-3137.71
-3219.03
-3219.27
-3143.76
-3151.64
-3201.56
-3224.76
-3164.79
-3183.51
-3188.09
-3230.27
-3206.07
-3192.25
-3193.11
-3218.01
-3151.2
-3177.89
-3168.61
-3200.91
-3171.68
-3191.81
-3170.43
-3146.1
-3159.83
-3307.55
-3168.29
-3174.27
-3184.88
-3202.23
-3114.85
-3181.67
-3179.54
-3164.06
-3197.08
-3227.12
-3219.89
-3202.06
-3188.87
-3153.03
-3200.48
-3216.79
-3184.88
-3189.01
-3175.85
-3188.21
-3185.5
-3217.22
-3201.63
-3161.49
-3182.13
-3171.6
-3181.48
-3178.58
-3198.16
-3196.78
-3110.07
-3148.53
-3205.97
-3148.85
-3149.96
-3236.44
-3218.14
-3188.77
-3232.9
-3185.85
-3166.37
-3208.65
-3167.88
-3226.27
-3178.5
-3197.27
-3193.27
-3238.19
-3116.23
-3175.9
-3208.52
-3240.05
-3239.21
-3185.17
-3218.89
-3231.96
-3157.91
-3143.94
-3140.25
-3207.22
-3180.65
-3156.54
-3212.04
-3193.93
-3156.68
-3175.42
-3138.68
-3183.27
-3177.09
-3160.89
-3177.8
-3173.85
-3254.51
-3186.98
-3181.29
-3166.2
-3189.52
-3158.76
-3125.88
-3199.32
-3142.11
-3223.03
-3212.01
-3151.26
-3115.41
-3165.86
-3234.31
-3294.39
-3163.16
-3186.93
-3172.45
-3216.67
-3243.22
-3181.62
-3218.43
-3198.48
-3228.01
-3198.89
-3193.86
-3119.37
-3208.77
-3132.69
-3161.9
-3182.82
-3154.33
-3214.95
-3221.96
-3185.01
-3203.5
-3151.22
-3163.3
-3157.02
-3191.11
-3186.07
-3189.43
-3200.29
-3150.99
-3170.3
-3194.58
-3267.76
-3183.52
-3186.22
-3195.35
-3220.8
-3184.83
-3120.59
-3160.88
-3127.83
-3175.28
-3175.18
-3198.7
-3191.25
-3167.67
-3193.01
-3177.65
-3148.28
-3188.96
-3156.46
-3133.11
-3187.3
-3222.16
-3189.02
-3176.19
-3257.12
-3207.69
-3176.45
-3173.04
-3273.66
-3212.33
-3181.79
-3252.26
-3211
-3214.41
-3183.5
-3130.47
-3198.21
-3197.24
-3158.65
-3218.29
-3246.75
-3169.72
-3178.18
-3223.18
-3194.25
-3284.92
-3170.32
-3229.06
-3132.59
-3158.62
-3197.43
-3190.01
-3197.41
-3204.81
-3169.93
-3150.13
-3154.1
-3195.21
-3247.66
-3176.8
-3171.45
-3206.09
-3158.12
-3223.15
-3185.24
-3213.09
-3220.3
-3175.76
-3197.18
-3224.21
-3275.86
-3198.47
-3153.17
-3190.26
-3215.03
-3225.9
-3271.44
-3240.22
-3190.62
-3192.22
-3196.99
-3200.71
-3161.72
-3171.15
-3136.69
-3181.23
-3161.38
-3212.65
-3228.56
-3234.12
-3130.73
-3184.46
-3203.05
-3237.3
-3180.93
-3184.54
-3159.86
-3241.35
-3160.4
-3180.65
-3141.29
-3181.47
-3159.53
-3224.83
-3155.36
-3241.52
-3207.66
-3171.28
-3196.79
-3204.17
-3170.16
-3221.89
-3153.24
-3191.82
-3118.41
-3194.07
-3160.41
-3211.25
-3126.95
-3162.38
-3184.62
-3179.2
-3234.12
-3120.8
-3160.49
-3183.55
-3246.84
-3240.02
-3202.33
-3179.01
-3158.4
-3205.67
-3228.04
-3249.7
-3246.77
-3233.11
-3210.13
-3148.31
-3219.62
-3236.74
-3172.42
-3157.85
-3170.64
-3143.73
-3173.3
-3189.09
-3192.74
-3124.69
-3148.96
-3185.51
-3188.02
-3164.27
-3129.39
-3166.51
-3168.25
-3149.79
-3144.71
-3189.69
-3259.84
-3222.95
-3172.72
-3207.18
-3181.51
-3091.59
-3222.09
-3183.28
-3220.46
-3181.45
-3192.83
-3112.67
-3133.72
-3177.69
-3240.64
-3246.35
-3215.36
-3240.69
-3143.19
-3159.42
-3135.65
-3157.52
-3159.15
-3145.77
-3141.31
-3224.6
-3188.65
-3182.02
-3179.78
-3213.69
-3172.42
-3179.38
-3146.41
-3207.18
-3217.68
-3186.52
-3240.82
-3218.97
-3198.34
-3221.13
-3265.35
-3273.44
-3203.12
-3218.64
-3201.7
-3197.43
-3142.55
-3128.15
-3157.82
-3188.74
-3177.29
-3221.83
-3111.62
-3129.93
-3208.48
-3132.2
-3249.2
-3207.85
-3169.37
-3121.49
-3134.68
-3272.32
-3196.61
-3196.65
-3164.82
-3199.9
-3191.37
-3210.44
-3170.21
-3247.02
-3183.03
-3179.59
-3194.25
-3206.78
-3174.47
-3197.86
-3150.32
-3140.2
-3210.24
-3196.91
-3146.59
-3224.51
-3192.26
-3227.08
-3206.64
-3182.16
-3198.59
-3147.35
-3187.22
-3179.72
-3133.6
-3145.58
-3209.92
-3262.79
-3259.52
-3218.93
-3268.21
-3243.61
-3171.69
-3212.93
-3243.95
-3180.14
-3203.09
-3165.67
-3229.61
-3204.52
-3189.25
-3191.17
-3231.09
-3201.99
-3191.92
-3181.06
-3169.65
-3177.88
-3125.82
-3228.29
-3184.25
-3186.75
-3169.16
-3165.54
-3189.1
-3169.35
-3185.48
-3106.09
-3113.1
-3160.72
-3188.51
-3135.21
-3209.19
-3274.81
-3175.18
-3239.27
-3201.59
-3220.09
-3222.45
-3179.51
-3163.31
-3152.46
-3199.42
-3168.21
-3201.3
-3219.72
-3223.15
-3198.94
-3204.96
-3221.06
-3234.88
-3224.19
-3159.88
-3213.15
-3211.06
-3179.51
-3204.57
-3159
-3168.58
-3295.26
-3254.05
-3231.28
-3178.67
-3225.02
-3213.09
-3185.37
-3184.7
-3161.25
-3143.31
-3170.93
-3243.18
-3196.71
-3171.07
-3184.25
-3163.92
-3212.95
-3214.26
-3224.28
-3286.8
-3181.83
-3209.32
-3261.15
-3156.3
-3197.96
-3175.67
-3222.2
-3133.67
-3170.32
-3123.63
-3173.14
-3187.75
-3190.9
-3211.54
-3145.74
-3188.83
-3182.83
-3214.02
-3248.53
-3241.43
-3228.61
-3260.4
-3234.45
-3184.56
-3171.54
-3209.34
-3167.08
-3143.46
-3154.15
-3189.76
-3165.98
-3138.68
-3178.19
-3152.54
-3209.89
-3149.13
-3143.09
-3202.08
-3164.29
-3143.82
-3235.7
-3224.96
-3181.16
-3177.85
-3160.85
-3189.06
-3164.46
-3163.81
-3176.44
-3192.53
-3191.54
-3169.53
-3160.67
-3227.65
-3155.2
-3264.68
-3198.42
-3218.78
-3173.66
-3099.82
-3220.03
-3209.86
-3170.64
-3210.86
-3198.8
-3172.18
-3120.8
-3181.21
-3202.48
-3199.95
-3223.24
-3214.39
-3168.04
-3207.11
-3188.29
-3209.14
-3181.26
-3242.94
-3207.69
-3234.37
-3189.14
-3208.36
-3230.02
-3179.14
-3160.94
-3181.41
-3112.63
-3144.62
-3220.37
-3154.13
-3241.32
-3225.06
-3192.98
-3162.87
-3217.61
-3170.41
-3204.92
-3207.06
-3154.72
-3222.06
-3175.38
-3205.64
-3257.47
-3250.88
-3187.83
-3169.98
-3147.26
-3156.6
-3213.55
-3129.83
-3159.36
-3137.13
-3172.13
-3225.42
-3212.17
-3149.6
-3213.05
-3219.79
-3155.53
-3243.33
-3169.91
-3233.1
-3238.22
-3213.55
-3195.78
-3157.13
-3225.57
-3151.17
-3146.76
-3203.35
-3136.45
-3136.11
-3088.3
-3195.16
-3211.4
-3214.92
-3170.13
-3156.9
-3230.94
-3218.81
-3193.61
-3256.65
-3264.97
-3189.67
-3226.44
-3218.82
-3261.21
-3233.5
-3249.92
-3202.02
-3159.56
-3147.31
-3111.17
-3078.88
-3207.5
-3161.4
-3205.77
-3191.26
-3079.51
-3210.91
-3222.69
-3245.06
-3172.46
-3228.21
-3231
-3214.3
-3184.46
-3219.78
-3199.28
-3198.6
-3152.32
-3180.92
-3257.95
-3232.63
-3176.81
-3230.91
-3229.6
-3171.47
-3165.12
-3194.62
-3234.68
-3207.42
-3145.76
-3179.57
-3116.64
-3205.49
-3098.31
-3197.55
-3185.89
-3244.14
-3191.02
-3119.69
-3195.91
-3252.44
-3147.4
-3191.69
-3259.2
-3185.89
-3182.77
-3133.28
-3209.96
-3227.86
-3248.75
-3222.45
-3178.51
-3193.11
-3257.65
-3190.9
-3211.67
-3175.78
-3220.19
-3115.67
-3218.06
-3163.51
-3199.01
-3197.18
-3241.49
-3213.58
-3256.34
-3275.08
-3186.13
-3185.08
-3205.04
-3225.51
-3141.56
-3149.62
-3116.48
-3119.27
-3206.64
-3223.87
-3160.66
-3170.64
-3164.88
-3185.34
-3213.62
-3156.37
-3197.4
-3174.12
-3185.48
-3174.89
-3134.88
-3181.97
-3228.51
-3224.47
-3208.69
-3182.18
-3156.45
-3172.49
-3176.08
-3262.58
-3219.11
-3194.51
-3192.86
-3172.32
-3232.34
-3164.72
-3214.82
-3221.59
-3198.12
-3184.96
-3204.28
-3181.78
-3194.05
-3206.11
-3217
-3239.45
-3211.51
-3206.03
-3192.2
-3199.05
-3180.2
-3204.05
-3159.07
-3188.57
-3185.4
-3208.54
-3245.49
-3154.83
-3189.91
-3274
-3201.03
-3246.13
-3193.45
-3217.47
-3171.88
-3199.8
-3233.91
-3181.04
-3182.27
-3122.35
-3206.15
-3146
-3201.06
-3158.04
-3148.2
-3209.3
-3187.42
-3202.05
-3157.45
-3218.05
-3120.17
-3183.27
-3196.07
-3253.58
-3264.32
-3237.65
-3137.4
-3156.47
-3120.06
-3177.98
-3221.96
-3167.87
-3211.82
-3160.18
-3229.67
-3141.5
-3183.3
-3178.99
-3186.94
-3158.32
-3207.77
-3187.2
-3188.76
-3160.42
-3135.4
-3145.04
-3133.09
-3181
-3172.85
-3199.69
-3183.85
-3147.22
-3196.36
-3182.85
-3252.26
-3209.96
-3160.1
-3202.98
-3211.31
-3185.85
-3231.23
-3153.84
-3203.28
-3199.36
-3200.71
-3208.85
-3155.31
-3230.38
-3161.15
-3174.69
-3209.9
-3193.41
-3209.81
-3235.99
-3171.77
-3215.1
-3223.71
-3232.99
-3212.58
-3182.26
-3220.96
-3192.99
-3176.25
-3134.38
-3162.41
-3138.76
-3173.6
-3166.75
-3148.85
-3178.32
-3189.07
-3167.17
-3130.92
-3123.59
-3201.97
-3148.68
-3188.39
-3159.14
-3239.74
-3189.69
-3252.63
-3182.07
-3219.32
-3196.08
-3140.15
-3185.14
-3196.82
-3065.35
-3172.17
-3166.99
-3238.79
-3155.3
-3222.76
-3144.49
-3212.11
-3243.43
-3202.79
-3215.36
-3230.3
-3178.49
-3123.21
-3166.06
-3159.18
-3175.67
-3162.69
-3099.62
-3151.35
-3203.84
-3237
-3159.34
-3164.17
-3270.69
-3257.91
-3141.77
-3216.29
-3185.92
-3201.14
-3169.94
-3176.89
-3190.68
-3193.01
-3122.5
-3180.84
-3199.15
-3228.71
-3265.97
-3188.03
-3262
-3265.46
-3180.28
-3208.06
-3208.06
-3192.88
-3247.29
-3223.73
-3197.28
-3131.52
-3247.47
-3229.31
-3212.21
-3175.71
-3157.32
-3184.19
-3189.39
-3242.58
-3172.88
-3148.83
-3174.3
-3295.78
-3245.23
-3220.13
-3202.32
-3169.4
-3146.01
-3167.56
-3124.46
-3190.12
-3165.73
-3193.47
-3182.04
-3138.33
-3186.22
-3119.13
-3175.8
-3175.1
-3249.39
-3203.55
-3157.11
-3239.23
-3191.07
-3173.78
-3205.67
-3157.44
-3243.75
-3180.4
-3205.89
-3179.65
-3162.07
-3163.81
-3191.42
-3151.35
-3193.22
-3221.14
-3178.84
-3216.59
-3173.98
-3171.57
-3177.21
-3177.68
-3089.13
-3174.49
-3172.74
-3192.03
-3124.39
-3138.87
-3189.56
-3133.16
-3159.04
-3177.06
-3193.93
-3219.19
-3180.28
-3236.36
-3178.71
-3263.57
-3210.74
-3155.67
-3152.96
-3149.58
-3177.49
-3188.67
-3221.3
-3191.84
-3182.82
-3272.9
-3241.19
-3201.22
-3172.37
-3236.21
-3183.03
-3180.1
-3209.76
-3166.5
-3166.23
-3213.87
-3149.25
-3242.65
-3187.95
-3139.13
-3161.61
-3202.65
-3158.5
-3169.89
-3179.81
-3210.04
-3231.97
-3181.62
-3166.72
-3156.58
-3226.79
-3173.24
-3234.93
-3184.53
-3186.54
-3186.61
-3227.36
-3189.98
-3207.45
-3233.48
-3180.61
-3162.84
-3141.45
-3204.23
-3231.9
-3182.75
-3234.17
-3145.98
-3171.42
-3138.33
-3178.74
-3165.35
-3245.01
-3157.79
-3222.99
-3186.95
-3142.72
-3180.34
-3216.6
-3202.07
-3194.7
-3157.84
-3187.43
-3218.08
-3211.12
-3212.55
-3186.96
-3188.64
-3150.31
-3211.11
-3219.19
-3196.39
-3203.16
-3171
-3206.93
-3233.53
-3153.47
-3161.32
-3244.03
-3220.93
-3205.86
-3217.35
-3169.75
-3218.56
-3173.15
-3186.02
-3218.09
-3184.61
-3237.86
-3258.73
-3199.11
-3215.11
-3244.2
-3186.58
-3211.63
-3217.15
-3237.92
-3232.79
-3206.46
-3185.83
-3140.45
-3193.47
-3219.27
-3248.87
-3236.61
-3234.38
-3215.37
-3239.71
-3220.75
-3210.12
-3258.52
-3253.26
-3201.73
-3216.75
-3236.8
-3225.92
-3161.71
-3208.04
-3179.71
-3209.36
-3235.47
-3178.07
-3219.88
-3273.15
-3192.29
-3129.89
-3158.25
-3201.04
-3150.23
-3180.57
-3185.22
-3231.85
-3201.1
-3203.03
-3227.5
-3186.58
-3242.03
-3179.31
-3188.87
-3210.02
-3256.87
-3155.05
-3224.56
-3235.89
-3203.98
-3206.9
-3160.52
-3179.4
-3155.98
-3133.49
-3184.52
-3203.01
-3209.3
-3172.24
-3212.9
-3187.33
-3117.45
-3164.18
-3214.58
-3150.43
-3132.39
-3165.43
-3149.08
-3164.08
-3178.33
-3129.51
-3107.16
-3103.61
-3152.9
-3180.54
-3152.88
-3242.19
-3112.61
-3160.74
-3149.63
-3113.12
-3176.27
-3186.85
-3096.64
-3153.08
-3145.14
-3160.19
-3204.45
-3217.67
-3154.91
-3147.91
-3164.17
-3187.14
-3134.01
-3173.85
-3166.76
-3190.46
-3193.85
-3192.29
-3202.7
-3231.31
-3191.2
-3154.75
-3233.61
-3196.47
-3215.1
-3188.99
-3217.13
-3216.65
-3172.37
-3185.26
-3154.52
-3181.78
-3147.4
-3160.08
-3229.84
-3211.1
-3186.48
-3137.27
-3163.2
-3192.02
-3152.63
-3204.95
-3176.19
-3191.08
-3217.6
-3204.09
-3215.42
-3223.21
-3175.58
-3197.35
-3218.07
-3258.2
-3197.2
-3214.34
-3223.34
-3216.91
-3183.4
-3159.12
-3160.84
-3184.82
-3159.09
-3226.07
-3203.68
-3241.03
-3264.78
-3261.21
-3175.93
-3137.55
-3268.75
-3178.03
-3199.77
-3209.72
-3164.28
-3230
-3235.16
-3117.25
-3216
-3240.94
-3184.49
-3156.2
-3182.58
-3180.74
-3156.12
-3146.58
-3082.92
-3152.32
-3164.46
-3096.9
-3187.72
-3217.87
-3238.18
-3153.64
-3191.28
-3226.36
-3169.97
-3190.37
-3189.6
-3155.14
-3135.26
-3162.23
-3198.1
-3199.44
-3141.11
-3135.63
-3252.59
-3259.62
-3172.98
-3197
-3178.75
-3179.41
-3131.71
-3183.47
-3179.69
-3176.47
-3193.27
-3206.38
-3198.72
-3233.92
-3158.02
-3182.74
-3194.51
-3218.26
-3204.52
-3198.37
-3190.96
-3195.95
-3259.29
-3199.66
-3152.84
-3237.99
-3244.54
-3195.52
-3178.2
-3183.52
-3237.41
-3283.7
-3231.38
-3217.89
-3251.74
-3221.3
-3233.35
-3181.72
-3251.41
-3177.35
-3172.57
-3238.85
-3186.22
-3159.34
-3183.52
-3138.96
-3183.68
-3203.17
-3203.5
-3216.81
-3158.43
-3175.31
-3121.72
-3153.94
-3174.35
-3182.9
-3230.43
-3150.12
-3198.55
-3184.23
-3219.61
-3086.1
-3183.58
-3209.43
-3167.85
-3204.93
-3165.18
-3161.16
-3237.31
-3157.25
-3212.51
-3136.78
-3162.76
-3173.91
-3178.8
-3175.94
-3137.45
-3178.05
-3157.41
-3170.2
-3237.85
-3186.61
-3171.62
-3203.84
-3295.04
-3228.81
-3130.39
-3215.81
-3213.1
-3171.75
-3196.19
-3176.02
-3169.46
-3166.48
-3118.35
-3120.16
-3217.84
-3173.77
-3169.23
-3214.26
-3200.33
-3225.28
-3203.61
-3246.62
-3220.31
-3129.41
-3149.76
-3196.11
-3250.56
-3197.16
-3252.5
-3141.12
-3132.33
-3168.91
-3140.6
-3172.95
-3232.28
-3197.32
-3168.88
-3205.83
-3257.72
-3190.31
-3227.31
-3157.8
-3214.1
-3195.06
-3165.71
-3187.76
-3169.58
-3190.67
-3212.72
-3233.62
-3235.47
-3192
-3221.66
-3152.07
-3155.94
-3144.35
-3194.6
-3134.81
-3238.62
-3228.85
-3201.29
-3150.8
-3252.79
-3206.77
-3277.37
-3165.99
-3165.37
-3217.79
-3215.31
-3192.77
-3237.56
-3112.65
-3077.49
-3168.53
-3202.91
-3174.45
-3109.21
-3155.13
-3110.36
-3192.68
-3175.21
-3134.13
-3197.25
-3166.8
-3167.27
-3160.01
-3157.6
-3176.45
-3200.08
-3215.87
-3212.63
-3142.19
-3244.94
-3168.76
-3170.41
-3242.04
-3157.4
-3243.2
-3220.31
-3202.86
-3219.97
-3199.98
-3210.81
-3229.31
-3176.84
-3273.88
-3255.33
-3201.79
-3252.7
-3218.86
-3241.24
-3240.36
-3176.64
-3214.92
-3219.83
-3191.9
-3191.02
-3245.44
-3169.92
-3227.88
-3194.41
-3186.6
-3226.1
-3189.83
-3186.21
-3156.32
-3132.24
-3129.19
-3230.31
-3187.36
-3218.85
-3207.49
-3146.05
-3197.86
-3203.09
-3218.54
-3233.42
-3250.06
-3224.45
-3242.78
-3189.12
-3200.74
-3163.84
-3185.02
-3209.7
-3187.4
-3210.23
-3109.28
-3211.25
-3211.64
-3218.82
-3150.51
-3169.26
-3119.33
-3145.34
-3125.77
-3130.27
-3170.77
-3158.73
-3159.1
-3182.54
-3171.88
-3231.96
-3196.81
-3195.14
-3174.85
-3194.3
-3110.57
-3241.65
-3172.09
-3185.48
-3165.72
-3222.09
-3215.18
-3191.21
-3168.54
-3164.31
-3169.84
-3218.37
-3143.18
-3202.99
-3182.84
-3178.89
-3171.96
-3162.81
-3195.16
-3177.61
-3174.54
-3124.75
-3195.94
-3142.51
-3173.5
-3120.79
-3166.59
-3210.35
-3167.09
-3113.33
-3135.67
-3151.05
-3142.98
-3193.97
-3143.38
-3139.27
-3166.21
-3195.75
-3198.1
-3194.32
-3207.65
-3143.69
-3203.13
-3143.23
-3228.46
-3165.56
-3153.8
-3209.3
-3129.72
-3130.82
-3175.88
-3234.93
-3188.74
-3168.4
-3148.13
-3246.78
-3259.91
-3187.23
-3290.15
-3197.53
-3197.06
-3238.01
-3183.47
-3147.36
-3190.67
-3174.24
-3168.79
-3145.31
-3183.25
-3186.9
-3199.39
-3194.44
-3183.8
-3167.91
-3232.69
-3169.09
-3155.39
-3209.63
-3167.37
-3211.84
-3224.53
-3198.78
-3276.48
-3244.52
-3137.17
-3167.86
-3144.01
-3208.7
-3169.96
-3137.98
-3191.88
-3207.46
-3119.42
-3192.51
-3166.61
-3130.72
-3163.22
-3198.14
-3183.29
-3169.05
-3199.16
-3188.89
-3211.61
-3275
-3194.5
-3296.15
-3176.83
-3223.66
-3227.25
-3159.01
-3215.19
-3147.83
-3205.72
-3211.41
-3194.21
-3207.35
-3219.41
-3230.25
-3214.34
-3190.94
-3132.44
-3209.38
-3172.92
-3183.72
-3176.84
-3157.19
-3132.02
-3162.4
-3139.26
-3184.51
-3188.33
-3155.54
-3116.51
-3222.88
-3184.44
-3220.01
-3162.58
-3250.88
-3224.69
-3197.08
-3131.91
-3220.76
-3199.66
-3156.33
-3253.97
-3153.11
-3205.22
-3197.45
-3227.05
-3204.46
-3167.63
-3174.56
-3194.15
-3172.04
-3152.42
-3206.36
-3168.73
-3208.35
-3245.3
-3184.91
-3236.13
-3200.11
-3235.36
-3278.88
-3175.85
-3209.31
-3226.46
-3263.17
-3180.99
-3160.94
-3175.98
-3150.17
-3109.52
-3132.92
-3110.37
-3111.22
-3149.11
-3169.72
-3214.76
-3217.89
-3139.84
-3123.03
-3200.88
-3192.5
-3224.9
-3180.36
-3195.11
-3135.75
-3184.93
-3183.5
-3154.99
-3176.38
-3258.75
-3167.51
-3220.55
-3149.86
-3213.84
-3172.84
-3154.84
-3274.64
-3238.46
-3195.64
-3182.7
-3218.92
-3200.67
-3175.81
-3195.26
-3220.04
-3208.63
-3087.37
-3156.69
-3190.72
-3258.27
-3307.11
-3190.16
-3239.99
-3257.78
-3200.94
-3214.96
-3223.2
-3190.58
-3131.91
-3209.2
-3185.07
-3153.12
-3152.56
-3233.56
-3222.43
-3152.03
-3167.42
-3248.15
-3202.91
-3220.6
-3193.73
-3245.85
-3205.36
-3184.99
-3176.29
-3239.07
-3209.08
-3219.89
-3230.24
-3076.58
-3213.88
-3195.22
-3170.21
-3193.46
-3136.51
-3142.12
-3150.58
-3172.89
-3138.7
-3221.66
-3182.08
-3115.08
-3089.16
-3132.92
-3143
-3223.92
-3202.74
-3153.16
-3123.27
-3122.52
-3169.58
-3060.52
-3135.91
-3130.11
-3109.79
-3200.7
-3173.55
-3121.04
-3180.11
-3096.68
-3128.28
-3230.99
-3227.73
-3171.78
-3220.11
-3175.24
-3187.81
-3188.32
-3213.01
-3128.15
-3182.72
-3140.74
-3175.68
-3110.08
-3233.73
-3184.64
-3211.02
-3210.16
-3185.4
-3211.36
-3206.28
-3179.12
-3181.95
-3193.58
-3121.24
-3204.6
-3188.32
-3242.21
-3231.11
-3205.75
-3188.32
-3188.78
-3230.11
-3210.88
-3136.56
-3187.26
-3194.67
-3219.33
-3177.47
-3188.33
-3186.86
-3218
-3258.92
-3196.36
-3205.02
-3145.65
-3166.63
-3194.98
-3204.92
-3148.99
-3224.98
-3170.65
-3134.21
-3124.69
-3176.01
-3164.31
-3256.58
-3151.44
-3126.78
-3178.99
-3197.85
-3188.23
-3209.1
-3171.09
-3208.7
-3233.58
-3189.45
-3218.48
-3142.11
-3168.85
-3190.64
-3164.85
-3168.62
-3258.63
-3178.7
-3198.52
-3171.91
-3187.15
-3225.07
-3166.94
-3186.07
-3233.24
-3257.78
-3264.59
-3235.25
-3205.57
-3211.03
-3186.86
-3226.39
-3202.92
-3173.96
-3187.75
-3176.75
-3167.36
-3148.2
-3222.74
-3190.39
-3212.27
-3224.27
-3156.23
-3212.26
-3144.22
-3221.56
-3182.49
-3180.9
-3173.79
-3229.29
-3206.83
-3161.62
-3182.57
-3198.47
-3180.64
-3190.15
-3178.62
-3221.1
-3202.83
-3149.26
-3189.85
-3183.4
-3135.58
-3193.64
-3172.55
-3159.09
-3199.64
-3213.03
-3210.93
-3200.28
-3156.27
-3211.72
-3159.43
-3179.02
-3169.73
-3177.95
-3177.08
-3207.2
-3203.3
-3247.22
-3186.03
-3246.87
-3216.4
-3211.25
-3169.48
-3234.97
-3291.85
-3171.95
-3180.44
-3093.86
-3226.76
-3176.25
-3165.29
-3220.2
-3226.5
-3263.89
-3223.55
-3209.05
-3217.55
-3160.58
-3169.32
-3174.95
-3164.83
-3165.17
-3198.08
-3163.78
-3223.67
-3200.82
-3143.45
-3199.27
-3214.17
-3200.84
-3116.73
-3185.31
-3199.84
-3167.71
-3119.32
-3208.92
-3197.12
-3189.74
-3215.2
-3178.48
-3202.02
-3226.9
-3240.65
-3230.87
-3199.32
-3188.92
-3189.66
-3186.12
-3199.06
-3206.18
-3111.05
-3152.2
-3229.79
-3215.38
-3228.43
-3159.1
-3219.27
-3182.42
-3188.46
-3217.53
-3136.97
-3212.3
-3242.79
-3236.98
-3201.75
-3205.14
-3164
-3241.32
-3202.67
-3193.95
-3145.65
-3140.37
-3202.36
-3227.76
-3212.63
-3242.56
-3239.46
-3183.19
-3180.77
-3180.48
-3122.63
-3129.08
-3157.72
-3227.71
-3199.01
-3127.24
-3193.84
-3132.37
-3257.07
-3225.54
-3197.48
-3161.19
-3174.69
-3170.54
-3170.99
-3272.56
-3188.74
-3240.57
-3199.71
-3192.99
-3166.93
-3164.21
-3172.7
-3135.34
-3200.42
-3177.07
-3229.07
-3170.48
-3235.78
-3209.74
-3183.09
-3204.75
-3303.27
-3186.57
-3266.94
-3195.34
-3220.97
-3179.24
-3170.81
-3168.74
-3235.6
-3187.74
-3180.14
-3150.9
-3213.31
-3153.21
-3180.11
-3115.4
-3123.24
-3237.29
-3148.56
-3130.06
-3155.59
-3143.23
-3161.49
-3171.39
-3175.3
-3102.14
-3152.95
-3161.31
-3145.84
-3160.42
-3143.23
-3166.07
-3194.76
-3170.19
-3207.8
-3160.2
-3143.1
-3153.01
-3192.81
-3196.85
-3210.51
-3209.74
-3226.35
-3119.04
-3189.13
-3193.93
-3148.5
-3195.32
-3213.7
-3153.62
-3084.25
-3200.61
-3226.62
-3200.38
-3196.76
-3119.81
-3171.27
-3143.86
-3163.23
-3229.52
-3234.82
-3250.07
-3211.12
-3206.02
-3282.23
-3208.25
-3122.94
-3215.54
-3219.71
-3161.17
-3243.41
-3205.99
-3227.53
-3198.85
-3214.52
-3158.69
-3240.06
-3194.84
-3127.41
-3178.76
-3204.43
-3154.21
-3137.82
-3153.59
-3150.74
-3159.19
-3174.04
-3199.95
-3180.24
-3164.19
-3169.61
-3143.9
-3141.95
-3194.9
-3177.64
-3165.02
-3197.93
-3121.93
-3184.25
-3061
-3150.4
-3145.77
-3177.67
-3178.22
-3162.9
-3211.32
-3137.58
-3175.72
-3202.88
-3182.52
-3146.82
-3194.98
-3174.76
-3225.33
-3177.66
-3177.09
-3178.57
-3203.36
-3208.85
-3272.13
-3241.09
-3177.98
-3201.93
-3213.47
-3175.8
-3230.74
-3189.94
-3217.11
-3218.8
-3160.93
-3160.5
-3223.18
-3154.92
-3160.11
-3110.59
-3169.69
-3133.59
-3165.26
-3221.34
-3182.88
-3199.31
-3247.27
-3139.75
-3282.43
-3185.69
-3126.6
-3210.88
-3165.8
-3110.38
-3160.17
-3189.04
-3170.5
-3133.62
-3140.9
-3135.19
-3092.51
-3152.18
-3217.61
-3198.01
-3228.04
-3228.88
-3155.04
-3167.91
-3187.88
-3229.89
-3205.47
-3166.9
-3150.59
-3130.42
-3170.72
-3157.54
-3194.56
-3191.48
-3137.84
-3158.95
-3201.06
-3185.32
-3208.68
-3150.46
-3282.02
-3192.47
-3204.31
-3241.66
-3172.43
-3190.3
-3198.41
-3206.61
-3247.63
-3237.1
-3210.81
-3190.87
-3253.76
-3217.5
-3177.69
-3269.65
-3183.92
-3210.97
-3207.61
-3140.48
-3187.68
-3210.24
-3165.19
-3177.88
-3146.77
-3126.11
-3165.55
-3130.44
-3205.96
-3183.61
-3216.08
-3154.78
-3156.28
-3157.68
-3192.65
-3249.83
-3187
-3093.15
-3208.98
-3218.03
-3182.23
-3217.37
-3167.82
-3214.47
-3196.42
-3261.53
-3238.18
-3171.45
-3256.89
-3177.63
-3158.98
-3228.37
-3195.39
-3227.46
-3190.86
-3152.42
-3185.75
-3169.35
-3235.89
-3154.31
-3188.2
-3218.56
-3224.08
-3152.67
-3168.76
-3231.82
-3255.19
-3146.15
-3161.39
-3225.62
-3178.67
-3203.78
-3141.26
-3164.64
-3159.85
-3157.84
-3194.97
-3187.88
-3184.8
-3149.43
-3193.79
-3167.02
-3164.46
-3248.73
-3196.23
-3151.92
-3200.28
-3145.9
-3180.53
-3235.64
-3189.98
-3173.52
-3160.5
-3214.43
-3142.56
-3214.79
-3140.25
-3166.57
-3192.88
-3182.91
-3150.43
-3149.52
-3220.33
-3216.12
-3163.84
-3234.32
-3166.52
-3163.93
-3164.54
-3191.4
-3152.09
-3162.27
-3199.52
-3192.85
-3220.16
-3231.66
-3151.61
-3149.12
-3170.21
-3232.75
-3128.35
-3160.46
-3106.83
-3239.85
-3247.38
-3203.97
-3185.71
-3185.92
-3222.46
-3147.8
-3270.37
-3236.11
-3198.94
-3183.18
-3193.63
-3177.45
-3144.4
-3174.61
-3184.16
-3126.11
-3166.41
-3159.37
-3192.11
-3223.2
-3164.76
-3237.42
-3207.98
-3150.1
-3116.17
-3147.97
-3207.91
-3213.82
-3200.49
-3209.23
-3200.65
-3206.15
-3163.57
-3152.35
-3130.17
-3149.24
-3261.09
-3138.7
-3158.28
-3165.19
-3198.68
-3186.12
-3159.94
-3161.58
-3233.17
-3187.39
-3205.91
-3220.8
-3174.64
-3168.94
-3133.41
-3191.7
-3225.03
-3197.6
-3202.51
-3200.21
-3178.01
-3227.56
-3184.2
-3215.54
-3191.01
-3232.08
-3160.31
-3184.74
-3137.67
-3219.45
-3184.04
-3188.85
-3117.77
-3177.02
-3226.09
-3153.87
-3128.85
-3126.3
-3126.91
-3139.76
-3205.18
-3109.55
-3119.85
-3171.67
-3196
-3195.07
-3154.05
-3247.63
-3184.29
-3207.79
-3207.48
-3162.89
-3158.71
-3180.07
-3154.66
-3177.14
-3181.28
-3248.94
-3192.87
-3167.71
-3157.19
-3182.4
-3159.96
-3202.28
-3212.06
-3205.81
-3206.76
-3212.23
-3184.52
-3137.01
-3129.35
-3177.2
-3236.81
-3209.68
-3196.58
-3121.81
-3165.19
-3168.6
-3203.99
-3163.09
-3169.86
-3223.91
-3178.73
-3176.04
-3204.97
-3179.46
-3176.41
-3203.12
-3161.5
-3220.42
-3172.33
-3197.1
-3215.59
-3179.53
-3213.22
-3186.12
-3128.68
-3181.8
-3205.07
-3211.2
-3150.91
-3201.31
-3187.41
-3156.23
-3194.15
-3142.53
-3153.63
-3177.55
-3190.81
-3189
-3171.37
-3173.88
-3156.82
-3249.58
-3195.1
-3187.39
-3195.78
-3149.71
-3198.04
-3153.1
-3125.91
-3206.85
-3174.79
-3159.95
-3213.04
-3214.87
-3185.13
-3230.2
-3157.85
-3183.61
-3128.89
-3146.3
-3227.94
-3187.94
-3174.88
-3215.49
-3238.36
-3131.73
-3158.75
-3215.16
-3200.22
-3199.66
-3196.98
-3149.1
-3173.93
-3179.66
-3170.03
-3143.4
-3205.3
-3210.28
-3170.16
-3243.7
-3242.66
-3186.46
-3239.83
-3238.58
-3232.19
-3183.13
-3196.14
-3194.58
-3192.15
-3189.6
-3186.8
-3229.77
-3174.05
-3155.26
-3227.38
-3237.2
-3209.65
-3171.82
-3182.72
-3197.68
-3172.55
-3293.71
-3170.78
-3143.39
-3159.42
-3193.79
-3167.78
-3246.59
-3139.91
-3197.68
-3192.44
-3173.7
-3192.51
-3187.18
-3234.19
-3177.21
-3146.03
-3156.83
-3228.05
-3209.69
-3167.53
-3208.82
-3231.35
-3228.9
-3226.68
-3232.92
-3221.56
-3197.1
-3205.91
-3179.28
-3167.88
-3184.74
-3161.85
-3215.07
-3187.95
-3160
-3216.6
-3148.78
-3143.67
-3155
-3131.88
-3153.91
-3200.49
-3175.97
-3245.8
-3225.13
-3258
-3222.79
-3258.06
-3202.06
-3180.78
-3188.79
-3247.37
-3133.74
-3157.59
-3137.57
-3212.83
-3195.66
-3204.02
-3232.88
-3188.82
-3164.43
-3144.83
-3180.3
-3244.74
-3206.19
-3190.16
-3246.54
-3215.07
-3170.89
-3154.96
-3249.64
-3222.34
-3194.46
-3175.33
-3208.09
-3159.19
-3130.86
-3193.92
-3211.75
-3116.22
-3128.94
-3173.31
-3131.55
-3193.02
-3227.87
-3181.5
-3209.81
-3185.39
-3172.48
-3148.53
-3163.7
-3190.04
-3189.19
-3181.8
-3258.66
-3165.02
-3234.23
-3191.42
-3205.74
-3223.72
-3190.04
-3194.8
-3219.11
-3140.43
-3159.81
-3155.27
-3237.63
-3238.99
-3202.53
-3188.24
-3202.51
-3238.87
-3207.47
-3256.2
-3217.98
-3203.84
-3231.68
-3211.71
-3180.86
-3181.69
-3210.53
-3213.17
-3247.02
-3195.21
-3218.07
-3225.89
-3209.89
-3217.39
-3187.65
-3185.82
-3245.71
-3205.19
-3163.42
-3139.23
-3235.44
-3235.83
-3193.47
-3184.27
-3190.53
-3165.72
-3189.51
-3163.74
-3221.82
-3203.27
-3239.94
-3206.23
-3262.04
-3193.3
-3164.38
-3192.63
-3161.17
-3179.5
-3169.87
-3177.76
-3173.05
-3147.41
-3194.11
-3156.78
-3225.46
-3198.35
-3112.94
-3223.12
-3166.14
-3167.34
-3191.62
-3157.14
-3241.96
-3231.63
-3184.36
-3171.65
-3195.34
-3198.98
-3207.01
-3260.26
-3232.15
-3221.88
-3175.29
-3204.17
-3142.95
-3171.25
-3209.55
-3185.43
-3248.59
-3126.75
-3197.59
-3204
-3256.97
-3183.97
-3192.61
-3196.66
-3254.39
-3203.34
-3173.55
-3170.8
-3165.59
-3122.69
-3177.42
-3178.96
-3161.94
-3194.16
-3221.41
-3142
-3202.08
-3213.73
-3190.27
-3174.81
-3230.93
-3271.47
-3176.16
-3193.56
-3203.09
-3207.68
-3193.42
-3212.41
-3197.1
-3225.54
-3187.43
-3219.17
-3149.23
-3167.5
-3192.7
-3161.98
-3193.53
-3145.82
-3166.02
-3087.43
-3099.74
-3156.59
-3221.24
-3113.99
-3174.52
-3135.37
-3195.04
-3163.21
-3152.84
-3144.71
-3072.88
-3124.29
-3163.44
-3215.19
-3223.87
-3266.06
-3186.01
-3174.13
-3206.77
-3168.2
-3191.74
-3151.12
-3202.83
-3185.99
-3195.07
-3176.95
-3172.73
-3175.23
-3162.58
-3192.43
-3228.95
-3172.7
-3203.63
-3244.17
-3147.47
-3127.71
-3155.09
-3137.85
-3177.64
-3209.62
-3230.49
-3196.91
-3212.41
-3223.32
-3186.92
-3210.82
-3231.12
-3175.23
-3196.9
-3164.8
-3134.81
-3167.02
-3206.26
-3234.96
-3232.62
-3251.52
-3132.91
-3148.82
-3170.13
-3182
-3179.79
-3183.19
-3210.28
-3224.01
-3191.24
-3200.65
-3168.06
-3135.28
-3162.74
-3182.43
-3200.15
-3196.47
-3194.08
-3211.14
-3163.89
-3170.14
-3186.74
-3248.08
-3209.77
-3131.51
-3177.14
-3203.82
-3194.24
-3198.58
-3175
-3236.61
-3155.37
-3152.01
-3125.72
-3154.7
-3249.71
-3181.81
-3213.95
-3264.22
-3217.65
-3180.81
-3164.56
-3119.24
-3209.21
-3154.91
-3228.28
-3196.56
-3205.61
-3260.65
-3173.06
-3181.54
-3150.83
-3219.94
-3204.52
-3195.73
-3225.42
-3193.48
-3194.58
-3133.78
-3149.55
-3146.28
-3227.63
-3152.27
-3166.55
-3167.54
-3164.75
-3174.4
-3192.71
-3189.03
-3177.67
-3227.27
-3188.39
-3162.95
-3185.95
-3169.34
-3160.19
-3208.77
-3163.49
-3232.58
-3163.21
-3165.85
-3163.96
-3240.71
-3235.51
-3216.8
-3249.33
-3238.45
-3196.73
-3182.59
-3246.75
-3105.26
-3171.37
-3174.25
-3201.56
-3194.36
-3136.11
-3153.5
-3227.49
-3139.64
-3211.63
-3160.39
-3217.76
-3172.29
-3192.77
-3191.47
-3172.31
-3214.69
-3186.22
-3247.61
-3261.59
-3211.56
-3191.97
-3196.85
-3165.98
-3204.35
-3181.17
-3159.18
-3135.88
-3202.97
-3146.66
-3188.01
-3182.15
-3209.71
-3267.88
-3196.35
-3188.99
-3219.24
-3235.18
-3167.88
-3221.27
-3186.28
-3240.14
-3221.87
-3212.96
-3140.93
-3197.01
-3171.11
-3186.31
-3122.48
-3204.86
-3190.14
-3239.69
-3226.89
-3199.49
-3198.74
-3097.18
-3180.41
-3200.81
-3200.73
-3246.34
-3201.86
-3177.27
-3178.02
-3184.84
-3246.71
-3210.86
-3215.23
-3216.32
-3232.98
-3246.63
-3151.78
-3233.87
-3256.37
-3197.9
-3190.21
-3172.02
-3170.51
-3179.99
-3179.48
-3210.5
-3173.63
-3167.29
-3155.93
-3133.73
-3159.27
-3129.38
-3203.99
-3182.35
-3234.41
-3244.24
-3192.05
-3241.54
-3140.81
-3118.48
-3124.89
-3134.38
-3204.18
-3168.88
-3144.56
-3169.58
-3189.5
-3207.85
-3140.27
-3224.85
-3176.5
-3247.32
-3220.45
-3201.3
-3185.53
-3238.56
-3137.75
-3202.1
-3197.8
-3130.97
-3180.27
-3222.05
-3201.34
-3199.84
-3197.53
-3195
-3167.74
-3180.44
-3195.18
-3170.5
-3163.63
-3166.39
-3164.54
-3278.31
-3184.18
-3232.79
-3183.46
-3196.31
-3134.33
-3228.13
-3184.11
-3159.42
-3192.31
-3212.11
-3217.1
-3236.83
-3173.88
-3172.65
-3214.94
-3165.7
-3099.21
-3133.77
-3158.52
-3214.55
-3199.28
-3168.16
-3227.52
-3223.89
-3194.41
-3095.3
-3144.66
-3150.45
-3154.2
-3175.82
-3163.78
-3217.86
-3215.66
-3165.09
-3196.72
-3187.65
-3152.15
-3153.97
-3186.79
-3238.95
-3247.73
-3208.29
-3212.08
-3068.56
-3174.24
-3173.74
-3190.28
-3217.72
-3109.15
-3135.74
-3153.67
-3180.86
-3155.56
-3181.62
-3215
-3184
-3170.74
-3130.28
-3189.05
-3206.97
-3205.57
-3117.43
-3161.25
-3195.62
-3183.5
-3247.7
-3182.03
-3144.72
-3172.97
-3218.43
-3183.9
-3192.35
-3154.95
-3141.3
-3239.49
-3164.37
-3219.08
-3221.1
-3177
-3161.15
-3217.03
-3244.88
-3207.33
-3196.12
-3138.03
-3216.7
-3164.2
-3156.96
-3166.5
-3169.88
-3199.34
-3172.38
-3195.73
-3130.24
-3163.24
-3141.4
-3175.98
-3258.42
-3219.89
-3199.35
-3154.32
-3215.48
-3173.41
-3192.14
-3156.26
-3185.17
-3202.2
-3197.71
-3167.12
-3203.95
-3221.2
-3236.47
-3199.73
-3173.49
-3184.63
-3201.46
-3213.3
-3172.16
-3256.39
-3182.45
-3188.49
-3177.25
-3170.67
-3119.99
-3183.89
-3161.1
-3210.98
-3196.46
-3172.3
-3172.85
-3198.24
-3216.06
-3219.16
-3148.08
-3131.11
-3227.65
-3222.34
-3200.01
-3139.03
-3133.61
-3096.15
-3155.81
-3239.37
-3239.61
-3188.77
-3196.16
-3179.55
-3173.9
-3259.37
-3195.56
-3146.85
-3132.87
-3123.94
-3209.25
-3143
-3203.11
-3224.93
-3173
-3177.44
-3162.95
-3182.04
-3250.54
-3200.06
-3169.64
-3281.5
-3224.86
-3189.46
-3179.51
-3226.01
-3218.03
-3188.39
-3211.15
-3232.79
-3178.92
-3168.97
-3141.61
-3212.26
-3197.14
-3196
-3234.42
-3200.74
-3232.99
-3224.61
-3200.85
-3183.26
-3223.23
-3147.25
-3201.71
-3172.9
-3194.61
-3165.61
-3166.68
-3216.45
-3161.47
-3162.12
-3196.53
-3147.07
-3162.26
-3176.12
-3170.45
-3219.16
-3184.91
-3191.43
-3140.28
-3194.41
-3237.83
-3203.5
-3175.22
-3188.09
-3191
-3178.95
-3200.34
-3196.26
-3211.08
-3148.32
-3175.03
-3154.71
-3261.19
-3178.52
-3179
-3162.52
-3125.43
-3243.22
-3207.85
-3179.71
-3179.14
-3192.67
-3179.74
-3144.34
-3199.75
-3165.84
-3162.76
-3180.4
-3159.74
-3197.92
-3108.63
-3181.54
-3229.68
-3229.96
-3173.06
-3202.03
-3140.92
-3201.62
-3192.26
-3141.94
-3211.15
-3114.05
-3164.87
-3190.91
-3221.9
-3225.1
-3177
-3144.94
-3216.07
-3226.91
-3167.59
-3174.71
-3214.28
-3270.39
-3182.85
-3209.69
-3250.26
-3221.89
-3221.29
-3196.1
-3223.81
-3166.31
-3209.26
-3218.74
-3164.58
-3236.88
-3187.17
-3163.88
-3178.87
-3243.97
-3243.01
-3189.07
-3178.3
-3266.79
-3176.15
-3230.05
-3114.37
-3116
-3110.43
-3110.82
-3122.51
-3185.04
-3119.59
-3085.67
-3116.29
-3111.53
-3121.61
-3118.99
-3182.76
-3187.87
-3180.96
-3186.29
-3158.94
-3188.74
-3193.15
-3177.23
-3188.32
-3266.42
-3225.28
-3191.65
-3102.62
-3209.85
-3182.13
-3149.85
-3233.33
-3166.58
-3193.41
-3162.24
-3126.48
-3121.25
-3190.62
-3144.17
-3218
-3155.95
-3151.61
-3189.04
-3197.86
-3205.1
-3188.05
-3197.92
-3212.59
-3232.05
-3216.68
-3213.22
-3201.19
-3170.59
-3128.43
-3179.1
-3187.13
-3196.15
-3208.23
-3142.51
-3118.01
-3172.8
-3184.87
-3171.7
-3196.73
-3186.23
-3144.92
-3136.03
-3186.76
-3210.93
-3242.11
-3168.39
-3180.08
-3245.18
-3260.45
-3198.32
-3140.25
-3160.98
-3195.92
-3203.39
-3224.84
-3143.06
-3196.1
-3178.68
-3215.74
-3206.73
-3179.71
-3143.42
-3181.08
-3219.51
-3194
-3207.52
-3198.18
-3173.46
-3104.67
-3150.6
-3203.01
-3174.62
-3194.22
-3128.55
-3148.58
-3160.54
-3158.05
-3114.33
-3154.72
-3127.1
-3139.97
-3131.57
-3157.29
-3170.42
-3131.41
-3088.8
-3244.08
-3181.05
-3164.75
-3227.86
-3164.15
-3181.98
-3207.23
-3176.86
-3222.26
-3156.58
-3212.1
-3149.17
-3214.6
-3222.16
-3134.46
-3206.31
-3193.42
-3174.1
-3188.31
-3221.01
-3200.71
-3261.13
-3239.02
-3143.57
-3193.47
-3128.66
-3225.4
-3213.13
-3236.55
-3236.69
-3254.05
-3182.23
-3190.06
-3136.71
-3222.89
-3211.39
-3198.47
-3238.04
-3222.33
-3186.61
-3133.79
-3262.46
-3188.02
-3189.95
-3184.99
-3236.14
-3237.94
-3159.16
-3222.22
-3241.35
-3174.42
-3174.2
-3254.37
-3207.92
-3228.07
-3197.81
-3164.45
-3144.71
-3124.15
-3180.72
-3197.95
-3161.82
-3171.18
-3185.56
-3209.47
-3194.88
-3159.63
-3228.49
-3200.25
-3123.17
-3174.39
-3230.27
-3166.28
-3197.69
-3169.97
-3179.35
-3219.46
-3220.51
-3142.24
-3209.52
-3209.9
-3130.37
-3208.47
-3247.77
-3177.52
-3223.06
-3162.55
-3188.36
-3212.74
-3121.26
-3206.78
-3217.89
-3209.11
-3143.24
-3138.39
-3215
-3179.28
-3255.56
-3199.06
-3255.09
-3169.98
-3220.98
-3191.96
-3192.63
-3134.38
-3149.04
-3182.32
-3185.34
-3166.72
-3188.48
-3188.44
-3165.85
-3245.49
-3186.44
-3217.34
-3211.8
-3192.22
-3242.5
-3211.8
-3242.7
-3252.01
-3178.08
-3237.01
-3190.57
-3255.49
-3216.03
-3143.88
-3151.97
-3185.36
-3180.91
-3136.92
-3107.1
-3151.02
-3182.72
-3193.61
-3185.22
-3187.16
-3249.23
-3259.91
-3168.25
-3213.62
-3224.11
-3205.72
-3318.95
-3213.49
-3240.82
-3145.65
-3202.88
-3217.42
-3226.33
-3169.99
-3171.8
-3201.89
-3164.38
-3208.2
-3217.37
-3118.75
-3114.61
-3185.15
-3174.56
-3214.67
-3204.91
-3162.2
-3120.86
-3271.57
-3174.19
-3214.56
-3243.11
-3263.04
-3297.39
-3208.37
-3203.35
-3197.2
-3186.63
-3192.45
-3162.06
-3122.76
-3176.55
-3205.68
-3217.41
-3212.68
-3146.23
-3183.83
-3187.92
-3150.7
-3174.63
-3189.33
-3165.88
-3219.81
-3182.23
-3197.67
-3250.61
-3193.67
-3261.69
-3182.26
-3265.36
-3141.55
-3162.36
-3171.65
-3185.01
-3209.52
-3195.8
-3225.46
-3167.18
-3209.06
-3164.73
-3122.2
-3237.7
-3163.64
-3165.91
-3203.77
-3151.16
-3177.05
-3143.78
-3183.83
-3185.52
-3231.23
-3201.84
-3208.31
-3188.71
-3129.99
-3242.16
-3159.53
-3228.85
-3142.78
-3181.95
-3208.03
-3191.91
-3179.17
-3212.59
-3185.33
-3205.5
-3245.58
-3254.09
-3165.6
-3185.84
-3197.15
-3145
-3158.35
-3190.36
-3233.06
-3223.15
-3242.48
-3161.27
-3241.62
-3145.95
-3133.93
-3207.09
-3232.55
-3179.41
-3251.91
-3182.98
-3206.9
-3207.14
-3227.37
-3223.09
-3228.25
-3246.25
-3236.63
-3227.78
-3194.79
-3171.63
-3177.1
-3164.4
-3134.13
-3138.47
-3177.08
-3199.34
-3154.59
-3165.25
-3182.69
-3153.99
-3188.96
-3131.19
-3184.72
-3233.3
-3204.54
-3134.17
-3222.41
-3153.87
-3183.73
-3175.41
-3210.81
-3225.79
-3264.83
-3217.67
-3174.04
-3250.23
-3184.22
-3200.37
-3229.42
-3219.77
-3157.35
-3212.92
-3175.34
-3213.7
-3185.77
-3260.14
-3185.59
-3191.41
-3168.3
-3232.11
-3211.93
-3152.26
-3168.91
-3159.73
-3213.25
-3188.58
-3167.7
-3137.3
-3196.93
-3176.71
-3173.86
-3269.23
-3265.39
-3245.89
-3247.7
-3142.14
-3153.41
-3221.29
-3149.86
-3224.32
-3168.78
-3251.19
-3198.54
-3248.44
-3281.56
-3226.47
-3236.97
-3274.74
-3180.53
-3187.78
-3208.95
-3154.43
-3170.78
-3227.22
-3135.74
-3130.2
-3206.75
-3161.37
-3162.76
-3122.84
-3190.97
-3228.68
-3191.28
-3229.06
-3162.19
-3222.87
-3135.99
-3224.68
-3203.86
-3196.62
-3166.04
-3172.18
-3205.79
-3156.77
-3197.6
-3212.26
-3167.22
-3096.03
-3197.76
-3168.3
-3180.51
-3184.29
-3235.66
-3208.53
-3179.67
-3254.13
-3221.19
-3127.84
-3170.38
-3184.94
-3214.07
-3192.35
-3244.61
-3201.27
-3181.39
-3191.7
-3155.96
-3188.86
-3221.67
-3173.3
-3160.95
-3191.14
-3179.68
-3166.32
-3184.08
-3182.55
-3163.77
-3190.39
-3243.16
-3168.05
-3231.09
-3207.95
-3220.14
-3167.73
-3207.5
-3182.25
-3185.8
-3156.74
-3200.4
-3177.36
-3211.49
-3186.71
-3207.39
-3193.44
-3167.87
-3200.58
-3183.82
-3232.57
-3201.63
-3211.8
-3178.63
-3214.33
-3292.36
-3203.57
-3155.61
-3190.47
-3239.57
-3186.04
-3236.67
-3123.56
-3205.13
-3181.69
-3160.91
-3149.55
-3163.4
-3223.98
-3192.43
-3227.96
-3249.55
-3153.11
-3159.21
-3186.09
-3087.89
-3200.87
-3199.15
-3221.23
-3191.33
-3188.82
-3204.12
-3182.02
-3218.54
-3189.38
-3228.97
-3209.11
-3150.79
-3172.68
-3174.42
-3178
-3171.54
-3245.99
-3176.65
-3231.43
-3204.47
-3214.31
-3203.95
-3203.39
-3271.12
-3210.7
-3211.1
-3190.89
-3149.57
-3194.65
-3221.87
-3164.97
-3161.53
-3174.85
-3151.55
-3247.98
-3203.85
-3193.28
-3199.93
-3237.41
-3188
-3192.61
-3199.55
-3261.73
-3193.73
-3156.91
-3171.7
-3138.24
-3165.46
-3227.36
-3221.06
-3142.54
-3196.57
-3149.87
-3228.63
-3205.77
-3215.97
-3159.24
-3207.58
-3205.07
-3188.3
-3146.38
-3160.56
-3169.34
-3093.59
-3181.17
-3194.91
-3191.38
-3186.27
-3200.87
-3132.02
-3277.21
-3206.25
-3232.19
-3229.35
-3216.34
-3226.32
-3190.22
-3256.75
-3198.65
-3205.56
-3191.14
-3168.13
-3159.34
-3221.17
-3282.78
-3271.39
-3175.3
-3190.84
-3253.85
-3130.35
-3221.22
-3204.23
-3164.92
-3197.52
-3154.13
-3221.06
-3146.18
-3156.32
-3119.04
-3094.05
-3128.18
-3204.76
-3175.89
-3253.93
-3275.37
-3231.24
-3237.58
-3191.74
-3155.08
-3236.66
-3142.22
-3177.31
-3205.38
-3216.75
-3120.08
-3188.08
-3142.52
-3204.19
-3178.27
-3109.31
-3126.95
-3197.67
-3112.9
-3136.66
-3186.04
-3228.63
-3178.03
-3155.44
-3206.94
-3181.29
-3220.44
-3195.9
-3192.28
-3212.31
-3268.65
-3185.73
-3245.12
-3202.27
-3173.03
-3125.72
-3171.18
-3196.12
-3183.67
-3184.06
-3212.69
-3184.05
-3179.75
-3151.24
-3137.37
-3208.22
-3219.16
-3199.22
-3217.87
-3194.25
-3221.94
-3181.57
-3256.26
-3227.12
-3255.43
-3222.65
-3230.85
-3162.78
-3240.31
-3243.73
-3207.21
-3146.46
-3182.4
-3109.11
-3143.97
-3166.01
-3195.67
-3124.79
-3137.54
-3185.53
-3222.22
-3219.33
-3208.92
-3128.04
-3215.59
-3173.37
-3198.89
-3166.81
-3133.05
-3122.1
-3197
-3243.26
-3236.63
-3231.92
-3198.16
-3239.38
-3230.26
-3220.91
-3165.58
-3223.62
-3181.94
-3216.94
-3237.83
-3216.4
-3221.75
-3198.22
-3209.65
-3187.15
-3189.64
-3179.34
-3173.13
-3219.22
-3252.03
-3204.18
-3257.43
-3220.85
-3275.08
-3240.77
-3188.58
-3202.79
-3205.12
-3240.62
-3183.18
-3175.52
-3190.39
-3148.74
-3190.08
-3216.03
-3158.07
-3183.24
-3139.26
-3163.23
-3147.33
-3157.86
-3194.72
-3163.96
-3167.97
-3192.73
-3211.15
-3206.62
-3174.45
-3190.98
-3214.05
-3180.08
-3233.96
-3188.72
-3173.36
-3171.11
-3106.49
-3179.21
-3149.71
-3158.2
-3205.51
-3117.74
-3142.97
-3148.73
-3111.82
-3217.57
-3218.94
-3180.17
-3173.1
-3230.11
-3211.75
-3218.03
-3130.12
-3187.42
-3180.08
-3211.89
-3219.12
-3278.23
-3126.56
-3107.19
-3125.47
-3180.41
-3103.54
-3149.12
-3192.84
-3171.47
-3174.76
-3170.99
-3156.95
-3129.94
-3195.68
-3194.44
-3229.19
-3239.36
-3175.87
-3204.75
-3184.41
-3206.69
-3214.12
-3191.06
-3182.9
-3223.48
-3167.74
-3212.74
-3162.16
-3147.73
-3199.85
-3187.68
-3171.67
-3160.63
-3163.36
-3195.84
-3168.75
-3171.63
-3274.63
-3159.14
-3247.66
-3129.66
-3192.21
-3177.76
-3221.22
-3142.6
-3162.08
-3204.42
-3139.82
-3188.37
-3165.5
-3169.57
-3167.09
-3251.41
-3231.07
-3225.5
-3221.09
-3223.99
-3231.21
-3208.7
-3175.14
-3197.37
-3238.27
-3196
-3149.71
-3140.28
-3215.72
-3223.29
-3145.97
-3165.47
-3168.3
-3211.42
-3198.28
-3165.32
-3242.8
-3229.89
-3182.51
-3196.85
-3250.7
-3245
-3197.28
-3226.91
-3144.95
-3154.86
-3191.64
-3233.88
-3157.06
-3171.9
-3229.87
-3159.65
-3147.09
-3201.31
-3176.46
-3228.94
-3174.93
-3172.31
-3186.67
-3200.7
-3178.78
-3173.23
-3202.5
-3200.81
-3188.88
-3178.73
-3219.87
-3175.59
-3177.99
-3176.38
-3163.31
-3224.27
-3216.11
-3186.41
-3196.21
-3200.91
-3228.94
-3143.16
-3148.11
-3209.9
-3122.72
-3231.95
-3171.82
-3193.65
-3190.94
-3215.22
-3190.73
-3149.74
-3234.21
-3198.17
-3189.54
-3140.94
-3152.1
-3175.98
-3240.64
-3268.49
-3269.49
-3147.43
-3178.36
-3222.21
-3189.59
-3138.98
-3165.19
-3169.63
-3189.09
-3141.36
-3072.42
-3205.32
-3202
-3241.16
-3177.43
-3160.49
-3145.04
-3239.03
-3126.16
-3202.41
-3191.98
-3166.17
-3203.85
-3164.28
-3155.54
-3241.03
-3165.85
-3116.9
-3215.78
-3134.72
-3171.75
-3162.51
-3184.15
-3122.17
-3147.79
-3161.53
-3195.19
-3179.85
-3167.33
-3216.73
-3217.93
-3216.46
-3214.32
-3206.32
-3219.1
-3162.44
-3202.74
-3110.57
-3141.84
-3074.66
-3236.07
-3191.04
-3200.06
-3201.98
-3228.76
-3204.82
-3165.39
-3210.61
-3247.88
-3178.68
-3252.86
-3209.8
-3208.74
-3173.54
-3186.42
-3242.04
-3188.42
-3230.66
-3236.68
-3193.22
-3262.88
-3248.63
-3200.36
-3168.26
-3158.44
-3168.01
-3200.14
-3206.93
-3155.24
-3135.72
-3140.94
-3117.7
-3143.16
-3165.94
-3163.14
-3113.19
-3205.65
-3169.13
-3219.05
-3160.76
-3168.56
-3189.21
-3223.94
-3192.09
