-80.2286
-76.3316
-79.2297
-82.8846
-91.5291
-76.8453
-76.61
-78.7964
-72.1515
-87.1772
-77.3948
-76.3215
-76.823
-61.0396
-63.7453
-88.8388
-75.1581
-67.1549
-65.0035
-66.828
-74.1156
-79.9468
-78.0793
-67.8183
-67.9811
-77.0483
-93.9705
-80.317
-79.1335
-84.3644
-70.638
-63.9395
-70.7337
-64.4892
-85.2635
-65.4828
-52.572
-65.7586
-86.0747
-75.4713
-77.7049
-90.8541
-77.3511
-77.4231
-71.7384
-74.8887
-88.2754
-67.8128
-78.7184
-81.9813
-71.1675
-70.2355
-69.8868
-87.0764
-76.4763
-82.4921
-80.1343
-71.8721
-70.7568
-78.5363
-92.3385
-88.3212
-91.4796
-81.2324
-59.0753
-85.0938
-81.8998
-79.7361
-67.8698
-52.5159
-63.1315
-67.0374
-74.0857
-81.8109
-77.0792
-64.7001
-81.1591
-85.2884
-72.8315
-75.4139
-65.1511
-84.3154
-73.8729
-79.8913
-73.7745
-74.4213
-78.8339
-73.1616
-70.2656
-92.3668
-88.7638
-80.7127
-71.7799
-77.6237
-74.3156
-63.7791
-83.2836
-72.9233
-56.8331
-90.6491
-92.8038
-65.1508
-80.4808
-94.223
-70.5374
-72.3525
-88.1574
-66.44
-72.2904
-95.5186
-90.6635
-66.4334
-71.6675
-60.5297
-72.3501
-87.4263
-77.2937
-65.4405
-84.0138
-78.9185
-69.9409
-76.9134
-70.6871
-46.5577
-62.3863
-66.034
-65.4521
-51.0374
-87.0077
-65.9937
-80.4353
-78.0527
-64.5088
-71.4459
-77.5074
-70.6767
-78.1032
-75.787
-101.343
-62.187
-52.4943
-83.2643
-82.8195
-60.5773
-76.7195
-76.7947
-74.4945
-85.3615
-65.9578
-91.4977
-83.29
-87.785
-85.3973
-58.1715
-88.0766
-85.6687
-68.2989
-67.2204
-83.4277
-74.9911
-72.3254
-74.2791
-87.2321
-71.0319
-72.156
-77.7237
-93.2767
-67.8877
-77.1989
-76.3732
-69.6291
-63.6029
-90.14
-72.1936
-97.2059
-64.5487
-66.2532
-63.8824
-63.7945
-75.097
-85.3814
-70.8111
-79.1163
-88.0559
-80.7963
-74.9759
-87.6612
-66.2845
-68.6766
-65.4228
-59.2499
-66.0944
-78.6638
-73.7909
-85.3821
-68.0783
-70.2443
-83.3946
-53.7845
-71.3758
-72.1364
-73.814
-94.2647
-75.4986
-76.5951
-67.545
-75.1266
-60.7678
-62.5355
-85.5
-68.5546
-67.203
-79.8825
-66.1622
-75.4908
-75.6046
-75.8382
-75.063
-84.1992
-78.2458
-72.326
-67.9745
-79.139
-59.8101
-63.5771
-84.7685
-55.9434
-82.1639
-91.4512
-87.1939
-81.5345
-72.8525
-64.3486
-64.4468
-77.5931
-61.6962
-80.3313
-91.9968
-72.4154
-90.6614
-81.822
-77.6786
-72.5027
-89.743
-63.2976
-72.6078
-78.2036
-50.7647
-77.5555
-71.1563
-62.0816
-71.3782
-68.4559
-73.3149
-77.1633
-77.2191
-74.8734
-66.0099
-70.4811
-81.213
-92.3668
-64.299
-80.9348
-70.2286
-88.6799
-81.3254
-73.9332
-71.4939
-75.5288
-75.7741
-73.349
-70.0622
-55.9746
-59.5129
-79.6196
-71.3088
-76.2666
-71.2802
-82.1688
-58.8402
-81.9801
-80.747
-79.2158
-93.0544
-72.0176
-80.0033
-80.8642
-84.9158
-60.5486
-81.1857
-68.5673
-68.0279
-70.5063
-71.7473
-73.0319
-69.5961
-82.6316
-80.8705
-64.153
-80.9135
-82.9045
-68.6553
-75.4397
-81.4154
-84.9549
-94.3136
-84.6413
-81.4099
-77.0853
-84.2305
-71.5412
-58.0625
-61.182
-83.4729
-66.692
-70.252
-79.7854
-78.5555
-82.4096
-84.9536
-87.0263
-77.6528
-81.2759
-86.3783
-79.327
-73.8556
-73.7692
-76.5967
-73.4511
-79.1046
-86.3572
-87.9315
-74.2804
-78.1839
-80.1919
-77.285
-77.4275
-77.2879
-77.8595
-75.2819
-74.4721
-74.9049
-68.4183
-81.1031
-79.5814
-65.2485
-74.2797
-76.3386
-67.3729
-74.1292
-92.8975
-59.0815
-50.091
-83.3739
-75.7247
-75.7671
-89.9016
-73.7671
-101.023
-74.6725
-47.6031
-81.2414
-68.3912
-66.2252
-84.2934
-80.839
-77.3217
-87.2806
-65.794
-78.9145
-69.9315
-67.321
-74.269
-83.0323
-71.9927
-65.9907
-64.9664
-67.6712
-61.0248
-66.6347
-68.4523
-74.1606
-79.5427
-66.3046
-71.1736
-86.1234
-68.3003
-78.2011
-69.7748
-87.5446
-72.0766
-67.1781
-65.2512
-69.3699
-70.6627
-77.3832
-57.9688
-79.1036
-87.5377
-82.9843
-54.6557
-66.3078
-70.9367
-80.4955
-78.1995
-79.6285
-68.4886
-72.4894
-78.325
-83.7328
-87.5678
-74.8091
-57.5771
-70.5947
-76.3347
-72.5136
-70.8145
-60.0957
-74.9895
-74.5206
-79.066
-57.5674
-74.5546
-79.6809
-80.6473
-73.1701
-75.6172
-76.8954
-73.4837
-67.0837
-73.9087
-77.2161
-75.3885
-83.8628
-88.9252
-60.9985
-70.13
-56.2867
-78.627
-78.279
-75.8695
-69.8753
-83.8375
-84.7578
-67.588
-68.1106
-65.4951
-76.047
-63.992
-92.9395
-74.3059
-85.2812
-67.0459
-58.727
-85.8458
-72.366
-73.4727
-77.1144
-61.0195
-92.8359
-90.1312
-76.3032
-63.8719
-56.8938
-70.0487
-79.7954
-63.1465
-81.0291
-81.3973
-69.9044
-76.3729
-77.0004
-80.9937
-66.2192
-86.5016
-68.9143
-62.8275
-65.762
-66.4279
-70.7717
-69.4095
-56.2834
-69.9644
-70.3394
-71.1719
-72.5342
-54.0788
-70.2813
-71.2734
-67.9087
-72.344
-83.3767
-69.4434
-75.6247
-75.3528
-96.4813
-89.6392
-76.4177
-83.6412
-84.6132
-63.1882
-83.6272
-66.8036
-67.2456
-70.5813
-74.5139
-81.4326
-98.3677
-52.5882
-71.3375
-79.9413
-71.04
-73.5627
-62.6302
-69.3651
-68.1098
-78.7941
-64.2228
-77.6911
-69.776
-66.7448
-72.4654
-55.9057
-76.5115
-62.7727
-91.4453
-80.2086
-75.1413
-73.2426
-82.0398
-60.8058
-73.921
-63.6474
-71.5909
-73.2439
-76.073
-90.5467
-99.6945
-77.2752
-59.5848
-73.2345
-69.0888
-90.9909
-80.9682
-73.0675
-76.2318
-72.0951
-73.1904
-65.659
-72.9682
-67.8561
-79.3447
-71.6818
-93.0221
-66.5065
-71.8629
-76.5106
-58.2446
-71.6165
-63.3777
-67.1115
-71.2272
-87.4641
-83.398
-81.7956
-70.8169
-69.7684
-63.9657
-62.453
-72.0607
-77.6575
-64.8997
-74.5972
-67.4913
-53.2955
-75.5834
-76.7583
-77.8023
-66.436
-78.6662
-85.5817
-66.4847
-87.4788
-81.1057
-75.9337
-78.9952
-77.5863
-62.8306
-87.0379
-73.8977
-71.9016
-83.2402
-89.5459
-54.8817
-81.8441
-69.8474
-82.6135
-80.7012
-55.69
-98.923
-71.4911
-67.5357
-76.8667
-53.1767
-70.9689
-76.2289
-63.8142
-87.3693
-71.6882
-49.1466
-79.9915
-72.6522
-79.6912
-69.8642
-73.5509
-79.7464
-82.4577
-66.0012
-69.9249
-71.1895
-78.9501
-57.4668
-70.1981
-70.3879
-73.1602
-83.1689
-85.9841
-76.8242
-78.8067
-74.3951
-75.2287
-82.7989
-76.2002
-62.5024
-67.8301
-70.4802
-47.238
-81.5974
-88.4341
-77.0268
-72.021
-69.4985
-83.5798
-69.8763
-91.4745
-75.4591
-71.9951
-93.8908
-72.9128
-67.411
-88.1157
-90.8335
-64.725
-87.2564
-86.5208
-82.3001
-78.9169
-86.1416
-57.6022
-58.7716
-79.0998
-68.5164
-71.3582
-71.1399
-62.8477
-77.4734
-66.544
-73.2204
-84.0181
-83.6716
-91.6425
-60.6779
-75.9672
-83.6413
-54.5802
-72.5567
-85.7062
-89.8852
-76.8442
-82.6487
-82.3335
-92.662
-74.3057
-86.1486
-62.5617
-84.7134
-82.0592
-82.1901
-86.6019
-92.2346
-88.1474
-71.0812
-82.4137
-78.5966
-79.8313
-81.1239
-81.2537
-74.4521
-69.9341
-77.7801
-75.0129
-82.6769
-62.8611
-82.4519
-57.7661
-65.9105
-59.3734
-81.1363
-69.8902
-79.1467
-61.0648
-74.4238
-67.1005
-65.6202
-81.923
-70.8396
-55.6738
-80.1836
-87.7813
-74.7889
-68.0708
-56.7966
-65.8653
-53.5485
-65.6115
-65.2957
-59.1762
-76.3289
-69.6828
-84.2883
-70.2472
-78.4174
-69.0661
-72.0646
-76.8608
-74.4956
-66.3866
-89.6897
-63.662
-68.3172
-65.8734
-72.0451
-81.7282
-80.5846
-79.1055
-62.9397
-71.8221
-68.0593
-74.6249
-80.2027
-76.0417
-84.7289
-67.909
-77.0767
-71.6409
-90.0904
-78.4318
-71.7723
-76.7306
-102.141
-73.439
-76.8098
-82.7712
-76.789
-76.9678
-78.6028
-67.7383
-70.4016
-81.1815
-48.7812
-87.2855
-67.3759
-72.3645
-81.9515
-75.1019
-75.9138
-66.2452
-68.1562
-75.4151
-73.7451
-56.0108
-73.9846
-81.5533
-74.3383
-75.3284
-78.0171
-87.8035
-72.8491
-76.005
-74.4367
-75.0733
-63.3698
-74.5625
-58.1394
-87.3869
-67.2163
-59.3254
-75.3036
-78.8382
-81.9419
-80.3145
-62.3362
-87.0267
-72.3636
-64.6174
-68.7043
-82.8564
-69.572
-66.3666
-100.611
-80.9231
-75.6279
-92.2902
-75.4029
-81.9269
-56.9859
-55.3684
-78.4844
-83.9929
-76.4953
-74.129
-85.1733
-63.7669
-60.2071
-80.2363
-76.6788
-94.3318
-61.8432
-86.8956
-68.3996
-70.8051
-68.9787
-71.6313
-66.8708
-61.7818
-52.2187
-68.4524
-64.0607
-87.2479
-86.5894
-91.3086
-90.7683
-74.9491
-89.4811
-73.3438
-77.9975
-63.5023
-76.0989
-58.0179
-61.1199
-82.4707
-77.0713
-67.4712
-74.8655
-79.3877
-64.3535
-69.4514
-60.6495
-61.9217
-80.4588
-77.9327
-81.6538
-81.1903
-82.2705
-78.8135
-62.5668
-75.5907
-71.4403
-77.4855
-85.125
-75.5519
-77.3079
-69.3811
-79.1258
-63.0605
-76.0847
-79.5619
-77.8441
-77.0955
-85.0057
-67.6631
-74.6387
-76.1525
-66.08
-82.2529
-87.2686
-79.5548
-77.5042
-61.8003
-77.0435
-85.9084
-76.2485
-84.2793
-66.945
-66.8532
-75.31
-50.5021
-80.9611
-63.2613
-67.6756
-73.3711
-81.1885
-70.4035
-68.6262
-59.0347
-68.6458
-77.3702
-60.683
-72.4178
-87.5179
-67.3915
-80.5428
-74.2736
-84.3376
-71.087
-79.1208
-74.1836
-56.925
-61.4436
-67.4119
-80.6815
-64.2563
-52.8231
-92.9322
-80.2068
-72.2762
-69.3057
-65.1128
-73.9036
-90.6684
-64.2382
-69.8817
-88.7518
-94.1274
-66.0244
-66.6776
-77.4679
-82.1309
-77.2863
-66.6628
-81.6539
-81.34
-76.164
-80.5339
-84.7036
-75.0143
-65.0758
-73.0944
-54.8531
-75.9278
-71.7639
-90.3043
-83.4084
-79.8748
-71.0498
-54.7582
-79.8258
-77.1386
-71.1006
-81.2865
-60.116
-65.9983
-84.2587
-77.9824
-75.3908
-73.5611
-77.0928
-64.6565
-63.8177
-69.6651
-77.9238
-77.1549
-63.6713
-70.128
-71.0057
-57.4328
-64.5326
-83.6105
-85.1698
-73.2665
-58.043
-80.5056
-60.061
-72.0057
-79.6673
-70.105
-79.7481
-71.173
-94.5954
-83.553
-74.1161
-75.9297
-65.8498
-70.9264
-78.7174
-69.4765
-81.1483
-75.0516
-65.2889
-68.5393
-81.9223
-84.3155
-83.7503
-70.8987
-87.3769
-82.1005
-65.5397
-73.0457
-76.7838
-57.8106
-71.4008
-64.573
-81.5821
-77.739
-64.8733
-62.7751
-60.0759
-71.1494
-81.482
-90.4316
-68.6929
-72.7223
-76.9582
-73.424
-65.143
-90.5961
-68.5255
-64.2717
-89.5938
-63.1347
-68.8406
-79.2735
-70.0116
-59.8486
-65.9682
-76.5504
-79.5534
-65.3274
-78.7256
-74.9851
-62.9378
-71.7581
-66.1947
-89.6423
-80.0367
-88.4009
-71.7942
-78.1949
-79.7229
-75.9811
-77.5015
-68.9431
-71.9351
-80.9179
-70.9796
-97.231
-66.9526
-72.9081
-75.323
-84.2334
-82.4482
-71.1777
-78.8316
-63.6328
-57.3603
-77.4125
-86.8546
-86.4012
-73.4258
-79.4409
-79.9049
-55.7469
-72.6988
-82.8901
-74.4117
-72.7288
-73.0619
-93.1183
-79.6674
-80.7764
-76.7395
-64.2175
-71.0097
-77.304
-85.2168
-85.2058
-92.7204
-80.35
-61.7495
-70.0565
-74.4442
-73.991
-70.0435
-83.2117
-67.2205
-61.8083
-66.3377
-79.4217
-78.7672
-88.792
-75.1285
-86.3053
-84.5889
-88.2972
-96.4794
-98.118
-62.3021
-72.9671
-65.6981
-67.5354
-66.4924
-81.0394
-68.0697
-84.8481
-91.3557
-71.6396
-75.2056
-76.4149
-83.6735
-80.3271
-85.6034
-82.4476
-76.3816
-69.1738
-72.2669
-69.5112
-59.4856
-66.7344
-79.7779
-97.8132
-56.1235
-79.044
-68.9747
-61.0506
-75.0854
-75.9708
-73.0496
-87.708
-80.5948
-87.4246
-69.8087
-92.1688
-66.26
-64.6239
-76.8657
-77.08
-73.0476
-74.6297
-69.6631
-73.9206
-69.3005
-74.7088
-86.4014
-71.7674
-73.6931
-59.2228
-90.2738
-85.3383
-95.0996
-75.4605
-77.8766
-72.7889
-66.5229
-63.8762
-69.6444
-64.0478
-73.477
-71.2976
-75.3339
-78.9785
-74.0403
-77.1887
-90.1212
-69.7916
-76.3884
-73.4523
-55.0602
-77.6255
-73.2213
-78.4655
-79.9837
-79.9089
-59.0564
-69.1658
-80.5257
-84.5176
-82.2938
-69.2607
-77.5962
-83.8547
-72.0762
-84.9229
-80.8173
-70.5653
-75.187
-82.9504
-65.9375
-55.6995
-90.0023
-86.7409
-84.8544
-74.9889
-74.7483
-88.4447
-81.6521
-85.1571
-67.8425
-63.507
-73.3966
-76.7863
-77.9346
-88.7566
-77.219
-78.2013
-71.1212
-85.7042
-78.0502
-92.0458
-74.9736
-74.2837
-79.1832
-65.1344
-61.5067
-77.2895
-87.9138
-85.4954
-74.2139
-65.0844
-84.2368
-70.3127
-58.7321
-68.7332
-69.9671
-80.0111
-71.9456
-78.4465
-75.4893
-88.1029
-63.0838
-87.7788
-74.3136
-63.6406
-72.1453
-56.0713
-67.4955
-63.4115
-62.1982
-52.7829
-75.7594
-90.8443
-88.4276
-68.5967
-58.7264
-67.3999
-65.9827
-70.6334
-90.3221
-68.3569
-80.7987
-79.7263
-70.0002
-77.1475
-80.3193
-65.9862
-69.4874
-78.6144
-83.3953
-92.1352
-43.0584
-76.7266
-72.8098
-72.6447
-74.4711
-68.1412
-73.2748
-76.0877
-66.6905
-56.0389
-68.253
-77.9541
-95.9937
-74.308
-69.5927
-74.5314
-75.1765
-84.5642
-67.5815
-73.229
-84.6116
-86.737
-84.6915
-63.418
-70.4729
-89.0375
-64.9944
-85.4542
-66.8857
-79.5281
-80.7283
-74.8222
-73.0772
-78.3177
-57.497
-85.056
-78.2574
-80.712
-66.3323
-84.2887
-68.1027
-84.1359
-85.8627
-69.2501
-68.0867
-81.1391
-73.0927
-85.4747
-83.2126
-70.6092
-64.1297
-68.7344
-81.4024
-73.4838
-88.8417
-74.6713
-87.1657
-80.7413
-78.9327
-80.2009
-90.6869
-93.3098
-78.2596
-76.7974
-74.8006
-98.2342
-67.4282
-69.1419
-69.3649
-68.7358
-78.9113
-82.4656
-61.3554
-62.2489
-65.4454
-61.0904
-75.6402
-75.0579
-78.0524
-69.8092
-63.239
-76.8124
-77.2256
-85.4344
-74.442
-91.3543
-87.1148
-68.5649
-70.9819
-75.0796
-76.8404
-78.3438
-75.1761
-80.6194
-81.4496
-91.1532
-66.8798
-77.0656
-88.0866
-81.3508
-73.0848
-70.9924
-80.7295
-75.4659
-58.8749
-65.3486
-61.3523
-74.1165
-75.8508
-74.0256
-82.6257
-79.9343
-87.7577
-86.4897
-86.9583
-78.2914
-80.4909
-85.9729
-67.9726
-68.417
-82.4695
-79.6246
-87.1231
-84.9162
-84.7137
-73.2675
-67.9714
-81.0837
-87.4489
-79.0126
-66.8557
-67.167
-70.1782
-60.9939
-75.5927
-66.9209
-65.8314
-77.089
-70.7759
-73.0411
-76.5516
-82.3719
-77.6249
-66.5153
-71.5055
-92.192
-71.3667
-94.2045
-69.0677
-72.5426
-64.4672
-69.6305
-82.2188
-69.9578
-83.6534
-67.2066
-65.8661
-82.6548
-72.8166
-66.1031
-74.5918
-87.7192
-70.3904
-69.6482
-97.2407
-83.2549
-78.3459
-61.1567
-89.5076
-78.9732
-55.6307
-86.9088
-72.8246
-74.7891
-63.0244
-64.9625
-64.1241
-79.306
-71.3653
-70.5485
-62.9974
-91.5144
-77.9299
-67.2637
-92.2364
-79.6762
-70.3598
-90.4453
-66.6575
-84.7167
-73.7357
-64.1898
-78.5741
-68.5353
-76.0521
-64.1345
-64.5997
-64.9343
-75.0105
-77.1866
-78.3843
-79.5431
-69.038
-64.4369
-94.943
-89.051
-89.7505
-73.8757
-74.9369
-67.7276
-82.2703
-74.2221
-86.7351
-73.567
-68.8223
-74.6322
-60.0433
-76.7702
-87.185
-80.4649
-65.1241
-80.6818
-74.9536
-84.3145
-73.0242
-75.1941
-84.6891
-84.0007
-71.7631
-76.0116
-71.817
-59.5496
-83.7825
-87.8494
-74.962
-94.643
-77.6783
-55.699
-69.7594
-74.3234
-83.9283
-81.2491
-71.2229
-69.1878
-64.4375
-55.9857
-75.4636
-75.2665
-91.7022
-73.0544
-65.5679
-84.9597
-84.2566
-80.8039
-72.7617
-75.8249
-88.4944
-73.4623
-66.2586
-75.898
-59.9641
-64.4088
-74.1191
-71.5902
-73.3316
-77.2761
-74.957
-76.7967
-79.2377
-78.8888
-71.902
-74.7956
-69.3396
-76.8437
-74.5404
-54.5446
-62.98
-64.3831
-66.1667
-78.5545
-66.2272
-77.3753
-75.6137
-81.0746
-73.4145
-83.1523
-71.8306
-80.9866
-72.2195
-79.6639
-67.7006
-72.2347
-76.1944
-89.9212
-72.8429
-71.3132
-70.1052
-59.0525
-82.6172
-64.354
-66.063
-65.8703
-77.7486
-72.3796
-82.641
-90.2758
-83.2993
-76.5212
-79.2457
-70.5953
-73.8926
-95.4617
-83.4764
-83.8185
-82.1317
-63.355
-87.3211
-75.6877
-72.8186
-61.1044
-63.2401
-76.3811
-85.3557
-70.3639
-63.5555
-82.4203
-68.9502
-67.2174
-64.4735
-90.3264
-67.4818
-74.6431
-73.9197
-77.0545
-69.3295
-72.2087
-58.8567
-73.9013
-68.2
-78.9801
-83.9846
-52.6448
-71.2186
-69.8062
-71.5309
-76.5373
-69.7396
-78.0122
-79.5205
-63.344
-72.8363
-58.1313
-75.8152
-76.4638
-82.6604
-76.2836
-70.9642
-71.3258
-75.4558
-75.1343
-77.9978
-66.5505
-55.8935
-74.1652
-88.0411
-68.9691
-66.8303
-69.9127
-70.8163
-60.2613
-89.6613
-81.667
-63.8968
-78.1694
-69.0178
-71.7505
-76.5038
-58.3168
-86.3454
-74.4281
-78.8551
-84.3511
-75.5858
-81.7192
-85.2831
-73.4809
-75.9851
-83.799
-75.1481
-64.9791
-84.5491
-52.5527
-84.1973
-71.0488
-73.5485
-63.3097
-70.7502
-78.6286
-80.1782
-81.1833
-75.376
-79.8106
-52.5229
-87.9562
-71.458
-79.4404
-70.1442
-79.6523
-59.8578
-72.6655
-84.6544
-97.8273
-80.3783
-64.3801
-83.3593
-80.391
-75.7802
-80.3891
-74.8641
-70.203
-71.7217
-86.4872
-63.8022
-87.7654
-72.6552
-79.1422
-91.0406
-75.3095
-71.6157
-63.7073
-84.7346
-72.3187
-82.2569
-70.4078
-68.2725
-78.4671
-79.4488
-78.0359
-70.6333
-71.5127
-75.8137
-54.3806
-69.3015
-64.5192
-59.6989
-67.4299
-74.8978
-75.2998
-92.8768
-76.0345
-72.431
-69.9476
-73.6172
-70.6056
-64.4483
-67.3334
-79.0781
-69.831
-68.9549
-92.6152
-71.1875
-74.2232
-74.8558
-60.012
-58.2381
-74.8934
-61.8627
-64.2117
-78.2468
-81.3598
-79.0838
-73.8779
-85.8371
-82.465
-93.8341
-74.0674
-88.0441
-63.343
-89.3525
-77.9474
-64.88
-72.7199
-76.7297
-66.8963
-74.9651
-75.5494
-71.9275
-68.9769
-72.8445
-68.6014
-62.9023
-84.7986
-64.6517
-76.1457
-68.4745
-67.7509
-86.2352
-80.6598
-75.2755
-75.4857
-65.9244
-81.4939
-85.4868
-80.8418
-74.5065
-71.4734
-73.3307
-78.4356
-77.5768
-82.0924
-77.6701
-84.3528
-74.2134
-56.9775
-71.6739
-63.0816
-69.1363
-82.7681
-86.5942
-59.1008
-69.8204
-66.8462
-67.5754
-75.5528
-66.6066
-64.4858
-81.06
-73.0197
-74.4316
-77.8963
-70.9897
-81.4324
-81.4911
-74.6538
-55.8825
-79.6413
-79.7675
-72.3682
-63.4839
-85.0823
-68.8482
-65.0186
-75.0559
-80.9809
-83.3747
-86.5139
-103.531
-81.6156
-97.287
-82.662
-71.0957
-85.5296
-53.6732
-75.7599
-67.8871
-76.5065
-91.4118
-71.7931
-70.2899
-76.5214
-64.9869
-69.4623
-58.0345
-66.75
-88.0919
-56.6417
-60.5821
-82.7887
-83.1171
-70.9018
-82.2493
-81.0971
-75.8096
-72.7866
-64.7453
-81.8861
-85.7418
-79.0799
-78.7622
-78.6769
-68.6969
-74.0807
-70.3138
-54.0083
-75.8565
-71.096
-72.9439
-73.1929
-68.6955
-74.9193
-80.5577
-71.4264
-85.3311
-75.8646
-81.7166
-68.3439
-81.5397
-82.9565
-81.4399
-67.7566
-67.1664
-67.037
-90.0414
-75.8019
-68.8781
-58.4167
-76.2076
-83.6571
-75.0802
-77.3885
-81.9216
-63.8085
-59.4868
-74.5199
-82.7602
-78.78
-56.5632
-70.4306
-76.7644
-78.229
-74.9684
-75.2751
-62.4711
-63.2742
-90.9494
-83.657
-82.1524
-66.9343
-75.9647
-86.3604
-73.0283
-59.1307
-87.4377
-59.1476
-73.765
-74.4646
-70.4783
-78.5837
-63.7498
-74.67
-76.1954
-67.5711
-59.8156
-73.5469
-85.1125
-81.4725
-48.4277
-72.5314
-66.4631
-72.6003
-65.6345
-73.8846
-82.2644
-84.0487
-81.6875
-70.2882
-58.6914
-72.7614
-74.5283
-53.5181
-59.3104
-82.275
-72.2879
-61.8307
-65.7159
-89.6458
-87.6676
-74.4912
-90.5027
-74.2262
-75.2994
-89.0446
-76.6957
-66.4737
-62.1603
-67.2076
-74.9893
-76.0827
-69.4592
-72.7853
-83.2532
-86.2975
-64.3374
-69.9985
-72.4537
-78.2261
-71.9617
-84.2649
-54.364
-78.1432
-74.5628
-66.2608
-74.2857
-59.6969
-78.0706
-81.0339
-63.4335
-67.1064
-80.4168
-69.8098
-73.8556
-71.8561
-61.1745
-76.1923
-73.4
-71.5257
-61.7259
-76.2235
-74.4075
-68.1292
-77.9177
-70.0271
-72.6412
-67.5871
-78.9347
-81.7559
-66.3344
-69.1007
-76.3554
-95.3738
-72.0775
-87.7706
-69.7273
-75.5942
-64.035
-68.4138
-53.5413
-76.3543
-63.5986
-66.4372
-74.4311
-78.7506
-74.3783
-75.3432
-94.0352
-80.7052
-81.3432
-64.4445
-72.7804
-78.7438
-85.8146
-76.4688
-76.8689
-75.6811
-57.6476
-64.5754
-72.6872
-81.8363
-66.7217
-81.8199
-75.1008
-79.8865
-68.6366
-62.0477
-94.0188
-75.6826
-58.962
-74.5326
-90.0593
-61.7749
-66.1052
-81.9618
-77.278
-75.6606
-80.3584
-75.8674
-98.1898
-74.5486
-75.2892
-79.469
-61.9487
-59.9134
-59.2959
-72.5226
-70.0035
-65.2911
-81.0187
-93.2446
-81.6876
-69.2764
-75.2377
-75.1763
-89.2137
-78.9371
-59.5564
-60.0009
-83.8763
-67.1373
-86.3089
-77.8438
-81.6755
-77.9084
-86.4321
-80.5277
-76.9187
-92.392
-86.444
-65.6277
-68.9264
-83.2778
-66.04
-62.6753
-79.17
-57.8534
-65.7415
-73.2596
-60.2987
-80.9007
-54.6601
-66.8756
-73.6876
-84.3639
-77.0699
-56.6294
-76.7252
-75.9818
-80.9892
-71.354
-83.8851
-78.2597
-66.2083
-82.4498
-94.6446
-65.6691
-61.9543
-76.5491
-74.6919
-78.3658
-71.2161
-64.9104
-59.5737
-63.6068
-57.5102
-74.6584
-89.0989
-64.2846
-65.045
-70.3504
-72.9415
-74.9575
-62.9848
-90.4942
-71.1134
-68.4638
-84.5819
-80.2055
-65.7082
-77.3775
-65.6417
-80.6145
-75.4711
-80.8306
-79.9388
-73.3688
-66.9625
-65.1081
-97.2339
-68.441
-86.1474
-71.1453
-77.6975
-76.1377
-70.4919
-72.6009
-78.4618
-78.22
-93.2439
-81.679
-86.3444
-83.0504
-83.4832
-66.1079
-63.9653
-59.9897
-96.9718
-64.9864
-80.3791
-59.2261
-90.8709
-97.3283
-68.087
-70.8693
-70.9908
-88.22
-73.7116
-66.2549
-72.8814
-77.3626
-68.1006
-88.39
-83.3931
-77.0122
-80.5347
-101.039
-60.0759
-88.6753
-61.0277
-61.7569
-74.802
-70.2738
-64.924
-65.5897
-60.0135
-64.3634
-76.9235
-64.8261
-96.1289
-74.7283
-74.9624
-73.285
-74.9199
-66.3008
-76.5286
-73.6055
-82.4195
-79.5984
-68.2571
-79.715
-65.8185
-77.2963
-78.7987
-79.2548
-80.0825
-90.0027
-75.7997
-76.3641
-84.8558
-74.524
-66.49
-77.2486
-72.2164
-85.896
-77.3348
-70.9272
-77.5628
-68.368
-76.9272
-70.3485
-74.9229
-86.5881
-87.6237
-76.6526
-73.6753
-74.4332
-75.319
-62.6062
-74.3861
-59.2525
-70.9278
-75.1415
-79.1524
-76.269
-79.6577
-71.7385
-66.8554
-69.6708
-56.3733
-73.0956
-93.5733
-92.7242
-86.0582
-71.0947
-93.4124
-84.9096
-89.5109
-85.1785
-68.1404
-75.1478
-67.3402
-69.2637
-81.6228
-71.9043
-80.2248
-80.798
-77.4341
-56.9873
-79.5529
-68.1333
-66.2453
-67.3961
-95.092
-57.287
-64.3014
-70.9372
-68.4429
-49.6156
-50.2715
-96.7694
-76.0862
-77.1619
-63.2734
-84.5741
-88.3145
-83.4115
-62.7975
-71.5105
-73.2643
-73.7152
-77.8265
-90.3795
-86.1261
-69.7343
-83.0548
-68.0382
-71.743
-82.7748
-64.0353
-62.2344
-97.4771
-82.3286
-64.6253
-62.6794
-67.2912
-74.2452
-54.7653
-64.3914
-90.0085
-76.0107
-84.7976
-82.7821
-69.2521
-73.0789
-70.3827
-79.408
-82.1834
-85.4583
-85.4555
-72.3463
-79.6463
-80.8064
-79.4764
-79.7008
-73.6947
-86.7246
-77.9404
-68.1528
-76.3584
-62.5919
-74.1084
-71.8094
-63.959
-81.1641
-75.7326
-69.9975
-74.1267
-77.5382
-82.1857
-85.4265
-87.8366
-68.5391
-69.6426
-65.6572
-60.4311
-84.4757
-82.5742
-68.8154
-72.8815
-81.7934
-63.3474
-60.3349
-73.1697
-76.4871
-73.8977
-76.8256
-57.9358
-70.5404
-83.6573
-60.864
-73.2727
-70.9835
-78.5522
-87.3293
-64.666
-85.5656
-63.2048
-59.9288
-77.256
-83.7569
-71.2651
-73.118
-56.1829
-75.8884
-68.6106
-82.6457
-68.0028
-74.4181
-63.7678
-77.3071
-79.6199
-65.3861
-45.2346
-75.4679
-87.5443
-55.1244
-87.3937
-63.0256
-85.5743
-74.0721
-78.8068
-62.0156
-64.7933
-96.9809
-72.4975
-78.6792
-71.8343
-68.4381
-69.2849
-67.7931
-67.8831
-72.1072
-75.5047
-59.3191
-65.8494
-77.2342
-69.626
-73.6449
-71.8374
-76.6199
-66.0286
-90.2846
-74.9023
-69.6662
-73.1524
-79.9704
-74.6995
-61.4132
-70.803
-77.2981
-68.8905
-79.524
-83.1533
-76.1474
-69.4516
-62.678
-65.0347
-71.1457
-68.2437
-67.9986
-55.2557
-76.0688
-65.2846
-74.6734
-66.9244
-79.4071
-83.567
-84.9493
-72.0454
-98.7662
-80.1687
-78.9112
-94.1153
-65.6147
-66.5435
-63.807
-83.1651
-77.0632
-68.2174
-80.5676
-77.8665
-71.9197
-86.3742
-72.2069
-80.9301
-60.2501
-73.0121
-65.2574
-60.7819
-74.0753
-84.4375
-63.9643
-84.1852
-72.6098
-66.6933
-74.0918
-97.8911
-94.7039
-72.7864
-75.4986
-63.8018
-73.4559
-76.1734
-83.156
-75.2673
-74.9194
-95.6256
-61.9482
-81.9581
-64.4928
-62.4905
-65.1663
-52.0228
-73.6952
-65.0362
-70.8319
-93.3608
-82.6488
-66.3909
-82.7452
-69.3855
-87.888
-64.9549
-73.0249
-59.3377
-63.5073
-71.57
-74.271
-82.2543
-62.3921
-77.0296
-94.9796
-63.2302
-67.0162
-64.257
-70.5637
-72.4882
-66.4474
-75.0913
-80.9027
-80.2091
-66.9325
-73.4727
-59.0753
-65.2974
-62.1358
-61.9409
-75.2967
-69.7702
-59.8027
-79.9808
-79.4835
-79.596
-65.8824
-82.7342
-82.6057
-52.7629
-79.6729
-76.9258
-84.8444
-96.2908
-72.6465
-65.3352
-83.1473
-86.952
-65.1394
-75.5473
-71.9791
-57.7251
-71.2131
-85.8921
-55.7159
-92.673
-84.1513
-85.2379
-72.2819
-75.4306
-77.9947
-65.2383
-70.4742
-64.2812
-74.5123
-70.0441
-76.6798
-75.884
-74.5627
-61.7282
-82.3981
-76.3463
-73.3799
-65.0076
-87.4013
-74.4055
-74.3518
-67.037
-89.1434
-80.698
-93.2593
-80.6581
-67.9392
-66.6464
-81.2065
-73.9612
-86.8519
-82.2313
-85.7664
-62.537
-57.1762
-46.3467
-75.874
-72.0881
-88.5144
-84.4622
-66.5117
-69.1366
-78.0771
-74.9234
-69.5294
-69.1484
-71.1968
-75.9507
-75.5792
-63.2611
-60.847
-70.2514
-79.5262
-83.7944
-76.7905
-82.062
-70.2108
-83.7185
-81.8756
-68.8805
-60.0334
-82.2221
-66.2121
-68.2993
-74.311
-74.0585
-68.2599
-66.9585
-52.8113
-61.7499
-69.8501
-76.6198
-69.5291
-69.6214
-85.3918
-63.8145
-43.6274
-72.7224
-74.2656
-99.2333
-70.0876
-78.0198
-79.2803
-71.6208
-80.27
-57.0457
-82.2118
-65.2763
-71.6265
-86.0917
-75.517
-51.432
-64.4794
-77.8864
-72.2346
-74.544
-68.144
-75.2691
-84.1877
-84.9085
-81.3465
-77.0528
-71.3997
-90.6568
-67.7545
-63.856
-86.9097
-76.2988
-67.8122
-73.3624
-79.4825
-77.6786
-55.4204
-80.279
-79.5898
-71.2098
-77.229
-74.9838
-71.3206
-77.2176
-73.4035
-79.5974
-82.3729
-72.6758
-76.7301
-70.054
-88.659
-73.8588
-58.5872
-71.5171
-82.5089
-58.531
-59.8809
-58.2133
-84.8514
-67.3513
-94.9892
-81.4808
-85.2798
-73.6728
-72.6482
-79.3144
-79.0149
-69.9862
-82.4657
-76.0978
-70.4582
-83.7709
-65.0314
-91.1708
-53.5061
-82.8436
-82.5583
-74.9171
-53.7151
-64.7429
-72.1761
-78.725
-75.7631
-64.4966
-79.5034
-66.0922
-73.7759
-87.241
-53.6714
-72.2355
-66.4637
-74.3931
-73.6743
-54.1604
-66.5291
-74.5042
-84.1516
-64.0191
-86.2983
-81.5214
-91.062
-81.7959
-60.813
-73.0207
-77.2091
-61.0711
-81.4034
-74.9096
-68.6687
-79.9072
-80.7006
-57.4594
-71.0392
-62.8311
-92.3125
-73.8249
-80.586
-78.6954
-71.8487
-93.5329
-75.5945
-71.7443
-72.0108
-105.956
-69.865
-62.3191
-70.4844
-74.8816
-80.888
-88.9838
-69.9387
-69.1138
-81.9064
-62.4458
-78.7722
-63.8582
-88.6559
-64.8119
-64.7771
-79.4088
-88.0301
-77.0922
-76.1876
-77.9393
-88.3106
-58.2947
-59.1007
-80.5586
-68.3526
-90.8123
-75.2485
-83.191
-69.0328
-70.1157
-86.1914
-98.0516
-60.3121
-67.5152
-61.7943
-76.857
-69.4332
-89.1755
-94.0969
-60.6895
-71.9032
-67.3686
-83.0042
-70.2794
-59.2646
-73.6132
-72.3154
-66.8494
-67.5003
-76.9599
-76.1609
-74.3646
-71.4729
-58.6498
-83.8648
-82.1184
-76.1605
-63.003
-67.038
-85.3456
-66.389
-74.9201
-78.5292
-76.1151
-77.2425
-102.152
-74.7585
-70.7902
-85.1852
-54.6787
-67.0642
-73.8801
-79.9984
-80.6575
-70.2293
-77.1132
-81.2478
-70.3893
-66.4174
-87.1937
-73.6626
-82.7447
-73.8344
-63.1008
-73.8321
-63.6386
-73.1966
-76.6445
-72.984
-72.6992
-87.7495
-62.4948
-96.0562
-77.0489
-76.0816
-87.2102
-82.6937
-84.4708
-71.1159
-60.448
-86.7459
-76.6565
-72.3637
-71.2342
-74.4141
-79.3813
-61.5606
-79.3904
-66.9834
-62.8774
-77.3729
-63.4569
-79.4217
-72.9821
-74.7001
-69.6916
-81.3758
-78.9811
-75.6715
-81.0574
-70.6484
-58.816
-76.64
-58.0651
-79.4917
-85.439
-76.7637
-68.7531
-58.3561
-77.2565
-68.0216
-78.6958
-63.2273
-72.6305
-94.8984
-78.6603
-82.9628
-71.2188
-79.6538
-76.6746
-61.9959
-65.023
-67.3726
-61.6827
-79.4548
-75.7762
-60.1387
-77.7891
-53.5269
-69.7093
-64.6627
-89.3301
-81.3335
-81.4462
-86.826
-75.1433
-87.6213
-83.9698
-88.4715
-81.9485
-85.3567
-85.7549
-83.5858
-73.3935
-77.6815
-90.0777
-65.8027
-91.5883
-75.9215
-76.1709
-74.7974
-86.4629
-72.7528
-81.1228
-84.364
-75.8704
-96.2952
-67.2391
-85.8011
-82.1994
-71.0056
-93.0158
-66.3387
-78.0294
-87.8045
-79.2651
-68.1826
-54.9188
-78.5531
-78.2015
-69.1937
-68.4646
-66.8976
-74.234
-79.788
-80.7204
-72.0736
-64.4413
-78.5748
-81.1794
-87.7125
-69.3892
-69.3627
-62.5709
-80.6418
-77.1629
-83.0305
-75.375
-64.25
-77.584
-71.2131
-70.488
-88.0248
-82.3677
-76.9676
-92.9349
-95.7084
-89.1833
-84.2546
-72.9102
-65.4317
-63.3731
-59.4189
-47.78
-66.0817
-59.565
-83.2682
-78.8884
-77.4981
-82.7344
-89.8973
-78.1038
-65.2893
-72.5645
-72.1279
-81.7524
-85.2213
-68.6274
-75.2263
-80.8003
-67.7054
-79.8154
-63.5934
-70.1466
-62.5669
-87.3783
-87.7113
-82.4123
-87.3947
-84.9535
-75.7537
-83.436
-78.6549
-82.4853
-84.9793
-88.109
-85.7505
-74.7386
-69.262
-79.1782
-85.0745
-78.308
-85.1904
-80.2726
-54.8275
-89.3524
-83.4585
-68.062
-66.5822
-102.319
-62.3007
-70.568
-81.1671
-69.9062
-81.2
-68.6393
-68.1577
-66.7803
-70.0189
-59.2269
-78.4086
-70.451
-75.8261
-69.3961
-88.9344
-63.368
-81.0135
-83.8976
-85.5682
-71.526
-68.0019
-77.7395
-88.9374
-76.6621
-68.5338
-71.8838
-100.754
-58.8825
-76.5915
-77.6617
-67.8747
-82.3753
-77.7651
-87.7342
-76.4785
-79.3759
-76.7887
-78.4505
-63.4633
-57.8266
-84.0885
-79.182
-98.2412
-90.6628
-67.8809
-68.9983
-83.3532
-68.9645
-58.083
-79.7688
-86.8225
-78.4567
-73.7282
-74.8604
-65.6579
-88.5183
-72.3179
-78.2082
-72.3224
-73.4504
-69.12
-72.2669
-83.923
-81.7596
-50.8159
-67.0264
-89.0463
-76.1423
-83.5849
-71.5586
-84.9052
-83.3352
-75.006
-76.2078
-96.1443
-78.8879
-63.6835
-64.1438
-90.0044
-77.3728
-68.1961
-55.4712
-85.7316
-79.674
-82.8023
-82.3006
-57.9345
-75.0573
-85.8571
-64.5109
-73.201
-75.8647
-72.2576
-74.4268
-87.7768
-80.8998
-82.8072
-75.1435
-65.6344
-75.5128
-69.3144
-80.5325
-75.2516
-61.7264
-59.6261
-58.993
-71.7129
-74.529
-75.3553
-67.0742
-66.1238
-70.6604
-58.0642
-75.7919
-82.0489
-73.7559
-84.39
-59.4323
-68.3263
-75.3123
-61.1141
-78.3906
-79.2944
-72.314
-81.6883
-70.8776
-78.2906
-78.2523
-79.3471
-76.6888
-85.0994
-73.0922
-71.4348
-56.3654
-54.3528
-82.5384
-74.7071
-69.01
-68.5839
-77.4516
-76.2466
-64.1753
-66.0439
-60.0298
-69.5889
-57.8094
-61.3526
-77.5133
-70.702
-66.7226
-79.4003
-73.0474
-59.2849
-80.49
-83.8075
-87.9911
-66.9224
-67.1384
-71.7937
-64.9995
-78.2473
-82.9314
-82.4061
-78.1316
-72.8161
-87.8371
-71.1742
-68.2001
-73.0499
-86.6919
-70.4563
-48.8129
-88.4607
-74.2914
-58.5397
-77.6553
-64.2325
-81.3855
-69.2085
-82.332
-90.1671
-62.3171
-67.6017
-73.3325
-68.4828
-83.2887
-72.5019
-70.1929
-72.6404
-76.207
-62.8852
-77.0138
-67.1493
-68.2613
-71.483
-76.9771
-77.4951
-72.6549
-83.4548
-74.6077
-76.6393
-71.0258
-69.907
-84.3522
-78.5725
-73.1746
-65.5775
-73.9772
-75.6959
-87.5734
-71.6434
-59.2384
-58.7348
-65.5639
-75.6898
-74.7836
-69.7745
-66.0552
-61.9608
-48.4414
-64.6547
-84.0537
-56.5186
-85.6238
-66.9885
-62.3176
-70.4559
-81.2253
-68.5242
-82.0313
-77.6671
-80.1524
-70.8751
-54.6651
-88.514
-84.8637
-53.232
-70.4294
-68.1776
-68.506
-69.6452
-100.865
-47.4627
-63.6082
-75.7345
-78.9666
-72.062
-65.6471
-85.8356
-83.1185
-63.5875
-73.2808
-91.2145
-60.6968
-76.4723
-92.8944
-69.0924
-73.0445
-50.5633
-89.5842
-82.3427
-72.3355
-71.7657
-78.2386
-76.2016
-52.8764
-81.6491
-53.8996
-84.9288
-61.0528
-68.0269
-73.1152
-66.0607
-63.5511
-66.2318
-68.3308
-60.1852
-65.3666
-69.6616
-81.6027
-76.3454
-59.8161
-59.2238
-71.8417
-87.7819
-78.2073
-74.103
-87.1613
-72.0874
-82.6142
-83.0276
-69.2984
-70.8978
-84.1364
-74.0219
-65.2966
-77.7399
-85.3664
-82.9648
-79.4081
-69.2409
-84.7841
-73.5131
-85.1439
-77.5872
-55.4663
-60.3456
-77.4115
-70.8018
-95.1019
-63.7503
-81.8711
-90.0151
-75.6731
-71.6396
-73.173
-78.3617
-69.9406
-78.06
-72.3483
-92.9508
-70.5042
-75.5963
-90.0095
-90.425
-71.0582
-67.5844
-65.4354
-66.841
-82.8126
-63.7
-77.9511
-80.6355
-72.8103
-72.3183
-78.9171
-82.1232
-63.2695
-77.4967
-69.3162
-71.9336
-84.6646
-54.4435
-68.9733
-66.7374
-64.4204
-57.7539
-67.4831
-72.9229
-88.2338
-76.6487
-81.2677
-62.825
-75.4709
-82.4191
-54.0896
-85.0972
-63.108
-81.4035
-84.8725
-71.6327
-71.7504
-49.0489
-88.7957
-72.6418
-64.8027
-74.754
-78.4193
-83.785
-77.8755
-71.7839
-58.0112
-71.3087
-70.7218
-61.3206
-74.5044
-71.7639
-71.5855
-56.3805
-73.6584
-71.6868
-72.3351
-57.1414
-61.7142
-72.4733
-96.1859
-76.4539
-65.8281
-61.6736
-75.0195
-63.5878
-78.7308
-66.4245
-74.5589
-93.7733
-56.718
-86.0621
-88.8326
-77.6473
-82.137
-72.6414
-83.8151
-82.3047
-87.7013
-82.1053
-66.2281
-59.2234
-75.7546
-66.1498
-70.2055
-71.5965
-81.8051
-81.5173
-84.0026
-73.4968
-71.817
-76.7265
-82.5955
-73.9035
-68.9943
-62.9708
-71.2126
-60.3238
-82.6394
-77.488
-60.9306
-76.7853
-74.8117
-57.7962
-72.3385
-69.6186
-64.5176
-69.8008
-73.1767
-71.6136
-73.875
-78.0636
-64.1365
-65.8135
-73.4091
-91.0408
-78.6277
-67.6434
-75.1786
-71.3188
-83.6827
-88.6208
-68.2698
-80.7799
-56.1788
-57.5289
-78.4167
-70.2374
-87.5602
-78.6777
-79.2544
-79.5524
-82.2709
-66.8707
-69.354
-102.132
-85.4425
-75.005
-68.6409
-77.719
-61.3666
-73.2331
-65.0458
-82.1982
-85.942
-81.596
-84.4195
-74.8667
-68.7332
-77.5611
-72.3604
-71.5197
-73.3624
-67.3122
-67.452
-85.9322
-52.7053
-79.5944
-70.9984
-73.1686
-70.4005
-74.3312
-67.4063
-86.4995
-94.4589
-89.6085
-85.0006
-80.8529
-91.5909
-57.5126
-71.7281
-94.5482
-67.0364
-83.1151
-69.7206
-88.5468
-78.2421
-73.5198
-76.4177
-75.7944
-70.8943
-81.4954
-59.8428
-71.0112
-71.1076
-78.7144
-82.2507
-85.6553
-78.7645
-76.4042
-82.3308
-82.8675
-77.4896
-84.8622
-63.9587
-69.798
-75.9537
-85.0309
-88.8972
-86.5698
-62.1435
-66.0301
-66.0071
-52.2688
-71.2858
-80.86
-63.857
-81.437
-79.1067
-80.2777
-65.2303
-76.8604
-74.1459
-77.1234
-90.5727
-66.1722
-71.0201
-87.7977
-81.6199
-62.6597
-75.8202
-67.7617
-78.8158
-64.2502
-64.9437
-82.1043
-70.0418
-80.9356
-80.5209
-65.8246
-92.2941
-72.1742
-82.1223
-63.6608
-88.7379
-80.4598
-78.3729
-80.4675
-73.7112
-72.8949
-74.7756
-78.0665
-96.3851
-86.3884
-82.4286
-61.7328
-62.0975
-79.0664
-67.9093
-66.1634
-77.0908
-72.3361
-69.8622
-80.3134
-70.8849
-69.435
-69.3183
-87.0216
-67.5407
-74.2959
-66.3325
-61.2366
-74.4622
-74.4623
-75.6728
-72.3054
-79.0268
-82.0547
-79.9368
-72.6748
-68.2143
-76.1128
-65.7161
-86.9615
-79.8345
-52.1912
-72.67
-71.6615
-67.6708
-59.803
-73.0116
-82.323
-73.7143
-71.5828
-76.5464
-74.3321
-98.0836
-92.1849
-80.8459
-72.748
-83.7888
-63.0106
-78.3152
-71.2833
-67.4484
-74.3446
-69.4732
-89.9226
-64.4996
-61.2377
-82.0832
-73.3548
-68.8581
-62.8468
-63.2537
-75.7429
-69.1561
-67.8037
-74.1519
-88.7865
-77.3518
-62.0407
-81.3553
-69.9267
-80.1276
-83.6631
-94.7332
-84.6237
-59.0645
-74.3531
-71.2606
-66.6662
-70.0708
-84.9669
-68.8278
-67.9471
-92.3185
-74.6863
-69.0079
-71.0944
-77.92
-71.5571
-72.3975
-62.8507
-76.1326
-67.3529
-81.1612
-78.5546
-79.5141
-77.7082
-85.6608
-63.3117
-68.5569
-84.6904
-66.4275
-64.4371
-77.0177
-74.3853
-92.0227
-69.7828
-66.583
-83.7425
-72.2154
-67.1183
-71.1083
-75.2208
-68.3763
-80.7536
-84.0907
-81.9538
-62.8956
-97.4668
-70.1704
-85.1098
-84.2679
-65.0526
-82.7187
-66.342
-81.3906
-68.2234
-68.6571
-84.582
-77.481
-75.8914
-60.5398
-61.6659
-86.7687
-65.1411
-78.7305
-62.9206
-82.1854
-74.8655
-74.7241
-74.8266
-83.1539
-73.1025
-70.5226
-68.1138
-64.0843
-79.5602
-75.6694
-77.0628
-73.425
-67.526
-65.1446
-78.7358
-62.1006
-84.2974
-100.118
-57.5781
-77.9944
-58.2863
-76.6346
-75.5016
-82.7161
-84.0222
-62.4262
-85.3375
-72.6953
-79.7055
-71.3909
-63.7302
-61.8898
-77.4012
-71.3818
-74.7459
-72.9305
-82.3465
-65.0847
-74.833
-79.1629
-83.7761
-73.0935
-78.733
-88.5682
-67.69
-70.6491
-85.6265
-87.8444
-76.6218
-77.2676
-70.7139
-70.3255
-75.3852
-82.513
-57.9062
-67.3069
-76.0153
-65.2271
-73.7634
-90.2068
-96.2015
-79.2348
-88.4942
-69.1044
-69.9837
-77.7411
-93.2539
-68.5233
-76.7921
-67.7394
-75.5986
-86.1567
-72.1219
-65.8181
-85.1624
-53.6975
-84.1666
-81.0895
-79.3471
-87.2152
-76.001
-66.9881
-81.6144
-51.8285
-64.2665
-79.4896
-83.1612
-73.8539
-82.4497
-81.7157
-79.3126
-83.2954
-72.7265
-70.7608
-82.0334
-69.9008
-57.3427
-79.7192
-75.6468
-71.7708
-69.6916
-70.974
-70.508
-67.4768
-73.9473
-80.6969
-89.9869
-84.1547
-74.7036
-76.5499
-58.3745
-78.295
-77.0535
-88.1603
-75.7175
-65.7691
-97.1819
-63.5554
-53.1022
-71.5738
-83.5314
-63.72
-70.5159
-82.4346
-62.1382
-72.5468
-70.7982
-80.8799
-66.3879
-78.671
-71.5377
-74.0981
-78.3453
-84.3679
-51.8875
-74.2096
-69.457
-65.484
-77.4013
-62.576
-75.8705
-93.649
-91.066
-82.176
-80.9728
-71.4857
-74.6726
-60.2178
-75.7268
-65.2099
-69.5411
-80.558
-73.098
-74.166
-69.7013
-78.3505
-59.3023
-75.1255
-76.1605
-74.2651
-61.4272
-85.7051
-76.8088
-65.1774
-73.2005
-85.4213
-75.1944
-67.9946
-69.3
-84.5076
-63.4884
-79.4155
-74.1097
-71.1934
-66.9044
-67.3303
-89.6378
-62.395
-87.5738
-72.8292
-72.1975
-82.982
-59.7554
-70.6757
-80.3615
-81.83
-67.5825
-60.0109
-82.7481
-79.1977
-85.9923
-75.0727
-83.6663
-77.9972
-79.1972
-107.656
-75.0993
-67.7266
-54.0619
-73.203
-73.5618
-58.47
-65.1754
-59.6141
-69.9802
-75.6332
-69.7628
-81.8784
-60.0857
-72.0592
-75.3148
-80.2403
-78.4315
-76.4679
-79.9865
-59.4147
-73.7324
-92.8348
-69.7298
-69.8404
-81.7757
-62.7961
-76.5199
-81.4052
-61.7959
-69.252
-57.3888
-61.1883
-84.4576
-71.2227
-84.2873
-94.4872
-81.3246
-67.2102
-71.801
-87.1621
-72.9331
-95.3963
-91.3441
-58.5583
-61.0591
-63.4632
-72.464
-71.8374
-80.2867
-62.6398
-86.1631
-89.714
-78.02
-73.1542
-64.5758
-89.2734
-91.0763
-68.2762
-62.9174
-86.3053
-69.0996
-87.6453
-82.3172
-77.1573
-61.9987
-78.0432
-75.0022
-65.6438
-82.0347
-76.5533
-82.4217
-88.9636
-80.6772
-53.139
-52.808
-72.3
-74.1754
-77.0486
-87.8704
-65.8661
-76.3933
-62.3304
-93.2235
-86.809
-72.3328
-88.0832
-69.4298
-78.8846
-87.6091
-77.8634
-81.8099
-95.5062
-61.0565
-72.5844
-64.8903
-59.8496
-78.2575
-79.8294
-76.2305
-78.5173
-79.5678
-63.0773
-76.282
-80.2038
-68.7331
-81.9052
-63.5143
-75.2336
-74.9856
-75.3077
-84.5082
-66.4824
-87.7387
-70.732
-87.094
-70.9864
-66.6306
-80.3742
-75.3502
-92.3617
-68.052
-75.5105
-66.6795
-68.688
-78.1738
-66.5503
-62.2189
-81.7667
-88.0467
-81.7516
-72.1376
-88.6544
-60.0495
-57.8038
-71.2813
-73.2742
-76.3467
-80.0535
-83.9617
-64.4316
-61.5853
-76.5798
-80.5111
-85.5837
-70.0898
-70.5308
-78.3114
-81.0979
-65.3484
-57.1677
-73.28
-82.6613
-74.5092
-75.6761
-77.0589
-70.7029
-74.8197
-54.5167
-69.9303
-78.0236
-70.0405
-74.1547
-68.6485
-84.6176
-86.3149
-80.812
-96.8337
-63.2115
-86.2848
-80.7339
-86.5318
-100.905
-73.9952
-78.191
-86.284
-74.9016
-70.0077
-74.6831
-56.3917
-68.7014
-82.2581
-69.2396
-73.2571
-60.1103
-81.4138
-83.4251
-73.1992
-74.1042
-76.7782
-91.434
-86.8937
-81.6237
-70.4725
-70.5843
-73.9958
-57.3455
-69.2993
-78.1466
-79.5106
-76.4494
-72.6866
-70.0416
-47.0915
-86.5221
-66.5635
-76.6502
-71.7777
-81.1341
-85.4968
-72.8656
-76.143
-84.7462
-79.9708
-70.5891
-61.5523
-87.6059
-73.0581
-70.2766
-87.2028
-77.208
-88.7885
-59.7561
-73.7614
-68.0375
-64.1442
-90.0942
-89.4032
-74.3526
-66.8096
-78.3602
-71.2215
-74.2004
-65.2754
-87.6475
-75.3028
-67.846
-93.186
-70.8337
-54.5643
-47.2234
-65.7431
-77.7395
-78.194
-85.4395
-70.4192
-66.5477
-69.0249
-81.4004
-72.7468
-76.6729
-67.7877
-89.1957
-69.2652
-72.6997
-71.2449
-66.6693
-83.6502
-67.9979
-58.8584
-78.9919
-78.53
-76.2492
-76.0779
-72.5431
-61.4392
-60.2025
-81.1464
-79.9214
-66.2004
-69.5413
-78.18
-81.2055
-69.6024
-64.6808
-95.4482
-77.8921
-54.9898
-73.5463
-86.8002
-76.8325
-78.6026
-57.489
-75.0254
-83.6305
-71.0212
-58.9057
-81.0626
-74.5917
-77.3851
-69.3267
-56.6726
-71.5631
-75.563
-80.5103
-62.2908
-63.0559
-59.5867
-78.3452
-77.4779
-83.6035
-78.44
-79.6587
-85.1591
-81.5122
-77.582
-70.3744
-66.6337
-60.2409
-81.3506
-84.247
-79.6457
-80.7373
-88.1291
-60.3846
-65.9276
-73.2258
-72.5485
-88.3386
-63.8072
-56.4557
-74.7253
-76.644
-54.9228
-67.355
-65.171
-73.0892
-70.5401
-78.5448
-70.6561
-75.1073
-81.7443
-59.2071
-73.5505
-85.9567
-77.4274
-66.6387
-71.2934
-70.5186
-68.2762
-68.9768
-77.5493
-74.4852
-73.4787
-78.6403
-79.6751
-74.316
-62.0686
-64.2709
-80.2163
-78.4081
-59.8659
-68.3058
-68.627
-68.1931
-88.5928
-83.1415
-83.2434
-67.2767
-72.0729
-71.0397
-86.5962
-75.1433
-80.4383
-68.389
-79.3437
-74.0834
-63.5388
-82.9568
-79.9176
-79.5455
-69.7901
-78.2617
-85.3271
-84.1333
-67.3
-71.5754
-73.8342
-83.4164
-55.1445
-83.1206
-76.845
-84.5146
-83.7858
-81.2115
-60.5382
-75.6029
-76.1
-61.3895
-65.9892
-72.2494
-72.1692
-89.161
-77.6912
-78.6084
-62.9212
-75.0755
-79.6044
-85.7287
-85.7345
-65.5297
-73.558
-83.9389
-77.2874
-65.4378
-73.6325
-68.0287
-84.5805
-57.1369
-76.0936
-84.7829
-75.4764
-74.5314
-87.0242
-70.2303
-69.191
-81.5476
-68.4021
-63.1129
-72.4095
-56.0798
-75.369
-70.6058
-79.5182
-84.6084
-85.0186
-77.5846
-71.0189
-80.0498
-84.0789
-63.2773
-82.6207
-73.5875
-67.7029
-77.9301
-88.9312
-70.7778
-77.2003
-66.6591
-77.098
-74.678
-83.9
-60.1599
-83.7157
-52.8417
-75.5274
-64.6446
-76.8198
-77.3112
-67.1054
-63.9892
-80.5599
-76.1834
-72.6572
-76.0757
-76.3086
-77.1194
-68.5691
-85.3794
-63.7828
-71.3324
-85.8084
-93.8092
-61.7878
-74.4848
-69.7912
-70.8362
-71.8743
-72.8599
-54.4372
-70.9712
-75.6504
-73.5669
-75.5528
-85.4067
-78.5311
-74.026
-72.8978
-59.4975
-69.2282
-63.244
-94.7915
-82.4794
-75.1169
-66.3281
-86.1771
-71.6353
-68.6037
-89.8784
-74.9261
-96.0161
-86.7409
-81.7031
-77.8575
-67.9789
-88.626
-51.9295
-71.5711
-62.7251
-65.1926
-59.7831
-83.8821
-63.5463
-77.8661
-72.3667
-74.3602
-64.4809
-67.3858
-82.2987
-78.3385
-76.0531
-60.9684
-63.417
-74.4033
-79.8334
-62.9742
-68.0257
-82.5093
-69.927
-90.5095
-75.0405
-67.1839
-71.2649
-76.7786
-82.825
-84.0051
-74.6458
-85.0789
-75.1383
-82.3895
-74.1578
-81.1221
-63.7392
-80.6123
-83.0556
-91.5549
-82.7657
-78.1219
-88.0842
-88.8208
-70.2847
-90.1296
-81.2251
-85.9868
-73.5517
-96.8956
-71.7583
-74.4619
-79.0276
-80.0532
-82.3829
-72.2201
-72.1898
-79.8878
-80.6244
-61.7442
-78.4019
-69.2264
-66.428
-67.9533
-75.7272
-75.8101
-67.7582
-76.0464
-79.4048
-74.3089
-59.6526
-83.5093
-83.0299
-78.4238
-71.895
-74.8748
-51.1082
-83.9521
-65.2194
-75.2058
-77.6195
-76.189
-66.1537
-86.0106
-64.1949
-88.8814
-71.686
-70.3397
-71.3763
-66.3486
-90.5655
-73.9527
-69.2973
-70.6437
-79.884
-66.945
-76.4262
-71.5543
-74.4263
-62.2371
-65.1903
-66.096
-64.3748
-79.6261
-62.6888
-75.1132
-82.558
-64.9218
-87.3986
-90.9767
-63.3318
-75.607
-59.1694
-90.2214
-54.2133
-83.5019
-71.0041
-72.1749
-90.676
-76.5339
-64.5919
-68.9571
-68.1226
-72.8024
-87.4318
-67.7753
-65.8904
-70.3827
-71.2393
-90.7017
-76.393
-83.5079
-72.3906
-71.3712
-76.5118
-64.49
-68.0262
-59.9576
-83.0649
-70.6888
-63.7938
-78.0852
-87.4206
-76.894
-66.0413
-95.0056
-75.0351
-70.4715
-66.2573
-70.549
-90.3173
-77.2836
-73.5917
-78.3013
-95.9939
-73.4531
-76.295
-71.2535
-77.148
-52.0803
-75.8619
-64.058
-77.6096
-75.0513
-75.4606
-77.7642
-64.0697
-69.2828
-70.186
-79.1335
-74.8932
-74.2081
-54.7677
-68.6909
-64.5293
-54.015
-84.2774
-75.3085
-87.7089
-58.9123
-69.7277
-76.9934
-50.0744
-78.7942
-91.0225
-75.7321
-83.9989
-57.5239
-66.9994
-55.8729
-64.6356
-70.5886
-80.5104
-73.836
-60.5293
-78.2664
-76.7985
-55.0428
-64.8267
-85.7333
-68.443
-72.3378
-65.9032
-91.5827
-82.5363
-63.6649
-72.1603
-73.1511
-92.4752
-57.3303
-67.4293
-46.9398
-60.865
-70.3634
-72.4302
-70.9139
-72.1273
-59.3837
-91.7895
-82.8231
-73.5842
-63.3129
-80.8891
-91.1484
-62.2328
-78.2766
-78.1576
-63.1069
-72.9596
-87.8083
-91.7011
-84.8374
-72.9949
-73.1263
-79.1677
-63.0769
-82.6376
-63.8795
-82.3617
-65.1763
-72.0531
-81.3562
-76.2362
-86.4144
-67.2546
-64.6344
-81.4852
-80.3034
-70.0341
-73.026
-61.3822
-78.509
-74.5231
-76.1108
-81.8884
-62.9222
-57.0333
-81.581
-75.0978
-67.0223
-73.8063
-65.6751
-56.3171
-87.3245
-82.939
-53.5752
-67.5361
-79.5791
-69.6781
-72.8371
-56.3022
-82.406
-87.3488
-65.0851
-79.2141
-74.4597
-74.1465
-55.3351
-69.5617
-78.7357
-73.8067
-92.9973
-80.2072
-78.4842
-57.2971
-75.3643
-75.1376
-67.1203
-75.8317
-60.7
-85.9496
-68.2956
-72.9986
-81.0735
-73.0824
-81.6205
-76.262
-79.9175
-66.7018
-92.1831
-67.1846
-94.9274
-81.4377
-66.3904
-83.0153
-66.1722
-84.8603
-59.7068
-75.1035
-79.5351
-68.8482
-81.2659
-76.0627
-74.3909
-70.3642
-71.0928
-79.8894
-68.9338
-62.535
-87.0084
-85.7247
-65.3848
-80.5584
-90.9997
-70.2308
-81.7007
-74.077
-89.0488
-77.1636
-69.037
-88.6629
-58.9695
-96.6348
-65.29
-59.9159
-79.0039
-88.5875
-69.9866
-65.99
-82.5467
-62.8522
-69.7992
-68.0178
-71.7959
-58.325
-84.2263
-68.6195
-74.6122
-68.68
-80.3216
-84.8393
-81.2215
-70.6403
-93.1343
-80.2498
-77.1727
-85.9396
-68.4606
-79.2419
-82.7082
-76.0962
-66.816
-90.1635
-67.0435
-67.4841
-80.5405
-72.6852
-80.5377
-68.482
-87.8676
-54.7127
-88.5884
-81.6461
-72.4323
-67.2229
-57.2868
-82.1271
-75.8592
-80.2908
-67.8383
-86.9086
-59.6469
-84.8132
-68.355
-71.2615
-76.517
-75.2597
-89.3262
-69.8954
-70.1317
-77.8814
-89.7783
-70.579
-61.4719
-67.8159
-76.8391
-61.7357
-93.1241
-76.5377
-78.7924
-62.5216
-71.3862
-75.1904
-85.3696
-71.5991
-58.0081
-72.6561
-72.025
-62.7238
-44.7276
-69.0549
-72.1352
-72.2258
-77.5934
-81.8045
-38.4462
-77.9492
-85.6958
-69.1734
-68.6347
-80.4175
-84.7304
-55.0397
-80.8451
-59.6662
-76.7753
-61.1911
-66.9353
-65.4184
-78.3898
-71.6102
-79.3824
-91.2056
-65.0902
-55.664
-70.1547
-80.7698
-61.3452
-72.4355
-85.2861
-80.3589
-75.4236
-73.9383
-81.2064
-79.5199
-70.7888
-65.0853
-77.1557
-74.2708
-77.835
-78.4509
-65.2706
-86.6671
-71.3914
-59.3084
-75.2223
-79.3531
-83.0685
-86.6606
-70.0152
-77.2966
-98.6458
-82.1133
-74.6415
-75.2757
-78.5857
-78.7049
-63.8834
-89.5533
-72.7712
-82.229
-77.3468
-44.1053
-92.2668
-85.8824
-71.3873
-75.4819
-70.1835
-78.2163
-68.2103
-73.4482
-63.3087
-81.2034
-64.767
-86.9126
-56.4249
-88.7306
-83.5123
-85.0045
-80.0189
-70.7094
-70.2697
-72.1846
-84.4945
-78.0355
-52.2506
-69.5364
-83.0878
-79.96
-67.7695
-90.2398
-67.232
-68.8237
-70.6112
-62.6967
-63.9459
-75.3724
-80.3901
-73.6368
-86.7666
-69.0813
-75.0536
-84.1473
-73.1235
-65.0503
-73.9072
-72.0351
-75.2503
-71.1051
-83.0614
-56.9728
-68.3003
-77.0038
-75.1766
-78.244
-58.3134
-76.5379
-77.2655
-72.7507
-74.3099
-76.705
-72.8648
-75.1066
-84.8146
-76.4585
-73.1116
-74.9654
-66.5036
-72.3723
-53.9592
-72.8712
-71.1298
-95.784
-57.2142
-85.0016
-74.6939
-59.332
-76.5619
-76.9005
-69.8426
-71.3789
-53.8891
-60.9331
-68.276
-69.2154
-83.78
-77.5263
-72.0907
-84.1443
-68.7366
-65.1235
-74.7225
-81.6501
-78.3516
-83.788
-87.6087
-71.2688
-65.796
-57.0021
-76.1989
-75.6187
-63.0671
-75.2329
-65.6779
-87.1747
-71.6124
-76.6836
-81.8366
-93.9653
-63.1644
-70.3727
-75.9782
-68.6645
-76.4859
-87.2105
-72.4569
-80.0287
-60.616
-75.4932
-71.6248
-86.5291
-80.7867
-97.6011
-64.1951
-66.9749
-75.7907
-73.1903
-73.4805
-70.8921
-92.3496
-79.8815
-88.0912
-79.7934
-71.591
-82.8459
-62.6032
-71.3115
-84.9008
-90.6936
-70.439
-73.0996
-76.7961
-86.3049
-77.888
