0.44557 0.00274162
0.427587 -0.00228711
0.473193 0.000373117
0.505814 0.00941683
0.463773 -0.0033281
0.440531 -0.0130682
0.439446 0.00891958
0.498832 -0.0010999
0.433871 -9.48565e-05
0.427854 0.00157791
0.399514 -0.00716188
0.448014 -0.0226407
0.403832 -0.0257414
0.403294 -0.0148564
0.454895 -0.0109659
0.435913 -0.00176132
0.474423 -0.00121734
0.339892 -0.00666414
0.357911 0.0166626
0.385053 0.0150821
0.408133 -0.00494774
0.396872 -0.0071342
0.328935 0.00671126
0.27506 -0.0181634
0.256163 -0.0109008
0.335045 -0.0336531
0.288472 -0.0125886
0.3373 -0.0206776
0.371127 -0.0334128
0.250299 -0.000501056
0.240476 0.0212214
0.258574 -0.017779
0.337525 0.0177223
0.478991 0.00978352
0.456291 -0.00125382
0.468945 0.00883714
0.480221 -0.000546068
0.477223 -0.0109567
0.389425 -0.0267335
0.339799 -0.00733714
0.470763 -0.00332545
0.443757 0.00799923
0.439713 -0.0100051
0.410754 -0.00483671
0.375135 -0.0113472
0.382571 0.0143457
0.237571 0.023314
0.311061 -0.0124849
0.244438 -0.00341651
0.261899 0.00953971
0.308688 -0.00916697
0.245863 0.022404
0.226614 0.0200112
0.305972 0.0165501
0.248193 0.0162931
0.328151 -0.0298198
0.284164 0.00800857
0.256176 0.00169197
0.198457 -0.0137474
0.243956 -0.00808342
0.307753 -0.019147
0.392348 -0.0057233
0.386535 -0.00248021
0.342972 0.00561386
0.3765 0.0109369
0.381669 0.00643868
0.37514 0.000838637
0.405512 -0.00515482
0.440216 0.013673
0.401843 0.0027845
0.357006 -0.00844983
0.260583 0.0244429
0.336962 -0.00445897
0.267878 -0.005781
0.364562 0.0163021
0.364227 -0.0201219
0.362715 -0.0014608
0.354564 -0.0308481
0.353706 0.00787841
0.415871 0.0117543
0.379915 0.00865517
0.401581 0.0127224
0.445128 -0.00338439
0.425902 -0.00863315
0.408304 0.00978901
0.432132 0.0137324
0.410353 0.00782576
0.370592 -0.00569483
0.347451 0.0102216
0.358487 -0.00594212
0.355893 -0.0155915
0.347797 -0.00793896
0.382692 0.0121582
0.300901 -0.0164022
0.271435 0.00539596
0.314782 -0.00337916
0.340999 -0.00423402
0.259356 0.00468059
0.309029 0.00667235
0.336752 -0.0173241
0.421604 -0.00864586
0.362164 -0.00530917
0.307707 -0.00220534
0.288089 0.00182977
0.282382 -0.0125099
0.280116 0.00271132
0.30659 -0.00179003
0.28007 -0.00106507
0.369478 -0.0076996
0.297727 0.00621977
0.277361 -0.00763868
0.330892 0.0118404
0.395205 -0.014388
0.300712 0.000248603
0.330028 -0.00210792
0.401888 0.00286662
0.352668 0.0126813
0.296265 0.0250866
0.245811 0.0030279
0.260694 -0.00177005
0.302007 0.0131968
0.392756 0.0219437
0.313077 0.016817
0.364708 -0.000466778
0.37651 0.022687
0.378873 -0.0083494
0.300049 0.0360347
0.253889 0.0167741
0.262099 -0.0115331
0.288543 -0.00461046
0.327103 -0.0115281
0.37032 -0.019891
0.422824 -0.00379644
0.377976 -0.0138492
0.355275 -0.00502264
0.318472 -0.0137306
0.346685 -0.0128244
0.31045 -0.0202224
0.430811 -0.0126978
0.334514 -0.00404662
0.408538 0.00882544
0.329561 0.00624428
0.436127 -0.00463348
0.463401 -0.00318142
0.468424 0.0057566
0.381687 -0.0111438
0.484091 -0.00910193
0.467611 -0.00737321
0.389482 0.0133181
0.367392 0.00333384
0.384168 -0.000347083
0.325578 0.00641894
0.394331 -0.00047474
0.356857 0.0120342
0.366679 0.00271067
0.262919 0.00138924
0.281108 -0.0136307
0.287487 0.000604495
0.30636 -0.0021452
0.375889 0.0033819
0.374205 -0.00304337
0.324845 -0.0139279
0.356337 0.00126828
0.382774 0.000227242
0.36394 -0.000856823
0.300075 0.0148995
0.409179 -0.00481291
0.362048 -0.00612609
0.375955 0.00866439
0.397006 -0.000342336
0.365956 0.00725503
0.3655 -0.0221797
0.385168 -0.00832488
0.311615 0.00661289
0.325392 0.0138429
0.331234 0.00686396
0.367706 0.0187344
0.465687 -0.0173358
0.464741 -0.034514
0.453535 -0.00544031
0.370927 -0.0159584
0.440419 -0.00377096
0.436778 -0.0262646
0.41823 -0.00872143
0.434573 -0.0251112
0.3231 -0.015965
0.315417 0.00161787
0.329949 -0.000514118
0.268139 -0.00317
0.3017 0.00342952
0.331871 0.0139751
0.297305 -0.00561957
0.31386 -0.00330251
0.257511 0.00986211
0.28153 0.0296446
0.215928 0.00680404
0.25625 0.00306587
0.326776 0.0177379
0.249067 -0.0156578
0.332776 0.00916272
0.281139 -0.0256807
0.283039 -0.00320667
0.286265 -0.00705296
0.313622 0.0248834
0.331589 -0.0155756
0.267962 -0.0115603
0.245741 -0.0131908
0.192601 -0.0165086
0.265657 0.00147393
0.284007 -0.0125945
0.325753 0.0195365
0.323463 0.00685167
0.333409 0.00262384
0.316154 0.00525193
0.293008 0.0588739
0.358111 -0.00375057
0.32481 -0.0264644
0.359492 0.0158873
0.287218 -0.00758177
0.292625 0.0104212
0.299804 -0.0123733
0.329604 -0.0206669
0.269654 -0.0246312
0.259339 -0.0130269
0.23018 -0.00295595
0.272792 0.00914111
0.268931 0.0212296
0.387061 0.00249795
0.352079 0.00537154
0.413113 -0.0077016
0.387819 0.00396884
0.355763 -0.026679
0.354959 0.00136006
0.376548 0.0166874
0.369676 -0.000643594
0.388153 -0.00216734
0.371432 -0.00705284
0.344997 -0.0043432
0.431025 -0.0328529
0.354284 -0.00424522
0.41253 0.0151679
0.387108 -0.00708121
0.427186 -0.0148929
0.333927 -0.00134404
0.440871 0.000622562
0.422062 0.000459293
0.35648 0.00272125
0.309114 -0.0220724
0.366011 0.00666862
0.414359 0.00497031
0.380451 0.0137516
0.379598 0.0234917
0.358245 -0.00574284
0.324249 -0.00673949
0.389937 0.0134158
0.415945 0.00833915
0.420013 -0.00135613
0.34278 -0.0177542
0.341638 0.00194929
0.280825 0.0245122
0.39359 -0.00490764
0.330294 -0.0246852
0.327302 0.0057788
0.306477 -0.00349995
0.370365 -0.00023316
0.307111 0.0140616
0.253292 0.000842517
0.269053 -0.0231182
0.299578 0.00358649
0.258549 -0.00998332
0.29611 -0.0105921
0.236199 0.0193926
0.19729 -0.00418843
0.253235 0.0066696
0.230345 0.00919859
0.300064 0.016503
0.321019 -0.00573767
0.318127 -0.00861083
0.282073 -0.00753012
0.328736 -0.00542359
0.221447 -0.0108111
0.300404 -0.014193
0.298609 0.00866914
0.265844 0.00709321
0.359036 0.00661982
0.431196 -0.0100118
0.357824 0.0028921
0.341934 -0.0137172
0.360113 0.00662169
0.277949 0.0103305
0.263082 -0.00397574
0.289936 0.0156664
0.323855 -0.0279849
0.313706 -0.0129244
0.352705 -0.00193373
0.330367 0.0189532
0.246142 -0.0175125
0.307693 0.0317109
0.269691 -0.0331808
0.264733 0.010534
0.334595 0.0128343
0.318267 0.00854979
0.328828 -0.021126
0.302024 0.00871281
0.379086 0.0132537
0.317064 0.0219605
0.356653 -0.0126498
0.384362 -0.000207442
0.341559 0.00738129
0.353566 -0.00155207
0.411746 0.00585915
0.369464 -0.000555258
0.351611 -0.026577
0.346815 -0.0041536
0.298221 0.00125621
0.257536 0.0121878
0.367276 -0.00806196
0.309689 -0.000465311
0.325218 -0.00306695
0.411898 0.00275419
0.460419 -0.0169319
0.436992 -0.000779868
0.477314 0.00971076
0.437524 0.00754391
0.407348 -0.0113839
0.48994 -0.00919137
0.410959 -0.000923068
0.403523 0.0102532
0.441637 0.0191869
0.415428 0.00433292
0.402814 -0.00436884
0.385134 -0.0234349
0.370568 -0.0199605
0.333089 -0.0151716
0.33271 0.00145515
0.427152 0.0150862
0.40981 0.0211286
0.442632 -0.019622
0.426701 -0.00375424
0.437035 0.0135152
0.374898 0.00173476
0.496027 -0.0148845
0.395772 0.0055351
0.415819 0.00646711
0.390229 0.00220704
0.46463 0.00118407
0.417662 0.00127581
0.371268 -0.00481706
0.334009 -0.00959986
0.365128 -0.0213943
0.396504 0.000536527
0.358642 0.00533784
0.335574 0.00879441
0.300553 -0.0165119
0.316969 -0.00292187
0.332387 0.0145181
0.28307 -0.0320567
0.326595 -0.0153954
0.398831 -0.00977501
0.376748 -0.00734441
0.30172 -0.00511241
0.346693 -0.00894189
0.312054 -0.0156921
0.272538 0.00579717
0.290803 -0.00206066
0.297546 0.0030817
0.202063 -0.015617
0.267276 0.00991531
0.351073 0.000888284
0.417672 -0.00839393
0.374703 -0.00586113
0.398858 -0.00190221
0.340341 0.0156858
0.367875 0.00215613
0.329202 -0.00759877
0.354804 -0.0079227
0.287461 0.0143499
0.342051 0.00412945
0.326693 0.0106929
0.363353 0.0116509
0.421909 0.0164141
0.384745 0.0109751
0.436024 -0.0144469
0.393859 -0.00229377
0.455511 -0.0117421
0.439103 -0.00152084
0.437281 -0.00511555
0.458753 0.000104363
0.363952 0.00780001
0.36737 -0.00179697
0.348669 0.0158029
0.346347 0.0189545
0.356137 -0.00541431
0.385319 0.00371956
0.351014 -0.00132566
0.377765 0.00432929
0.342129 0.000995478
0.306329 0.0118251
0.335791 -0.0159947
0.295649 0.00807431
0.306193 -0.00317617
0.30277 0.0279781
0.333405 0.000252441
0.371201 -0.011295
0.391 -0.0182241
0.38343 -0.0137386
0.39471 0.0105327
0.358584 0.0543528
0.378477 -0.0033928
0.367422 -0.00879559
0.313043 0.00596706
0.330874 0.000822539
0.333334 -0.0125034
0.387894 0.0151815
0.328382 0.0160361
0.401432 0.00511117
0.346698 -0.00151973
0.354142 0.0031992
0.386597 -0.00448011
0.418358 -0.0135559
0.399973 0.00600786
0.463462 0.00945237
0.408039 -0.000329448
0.357905 -0.00480886
0.316703 0.0121388
0.35722 -0.0020228
0.378501 -0.0234348
0.427736 -0.00342007
0.393806 -0.00123538
0.430024 -0.00622812
0.371133 0.0178444
0.420556 0.00293437
0.436511 -0.0116577
0.374774 -0.0119383
0.381447 -0.0117066
0.328878 0.0144792
0.290143 -0.0130656
0.309237 -0.00836531
0.345892 0.00951284
0.350091 -0.00460335
0.300072 0.0162191
0.37134 -0.0228397
0.338744 -0.025638
0.3575 -0.0230051
0.334743 -0.0542773
0.272625 -0.00894968
0.258709 -0.00952443
0.278384 0.00530671
0.329761 0.00512866
0.288446 -0.0017606
0.310203 0.000900721
0.338566 0.00888454
0.283618 -0.0105206
0.384397 0.0055438
0.355462 0.00155361
0.347199 0.00933859
0.359623 0.0232023
0.433824 0.00363663
0.3583 -0.0218596
0.251235 -0.00668491
0.31308 -0.00136561
0.360356 -0.021048
0.363478 0.00883756
0.346322 0.0107999
0.339859 -0.00276058
0.344649 -0.00562268
0.363117 -0.00015173
0.311965 -0.00399381
0.34312 -0.011484
0.302431 0.010612
0.341686 0.0142419
0.325613 -0.0303306
0.31418 -0.00851012
0.325052 -0.00249041
0.318207 -0.010145
0.30621 -0.0124731
0.281392 0.0181567
0.354665 0.0116269
0.344806 0.0129651
0.321555 -0.00305153
0.354518 -0.00386138
0.223908 -0.0122276
0.215076 0.0203445
0.269457 -0.0160051
0.322087 0.0292058
0.300454 0.00465279
0.358583 -0.00830812
0.346355 -0.0137515
0.290935 -0.00271341
0.344473 0.00998058
0.371523 0.00454819
0.282439 -0.0212475
0.248704 -0.00759536
0.312638 0.00313591
0.367661 -0.0185947
0.317571 0.0166737
0.288777 -0.00256038
0.250832 -0.00663637
0.320209 -0.00904992
0.295083 -0.0179372
0.282592 0.01478
0.280795 0.00668912
0.362925 -0.0306368
0.303261 -0.016293
0.268687 -0.00383261
0.186398 0.00183591
0.159346 -0.00377544
0.178226 0.00933851
0.219451 -0.0316804
0.2124 -0.00565583
0.272932 0.0129818
0.255587 -0.0127039
0.255421 -0.0299585
0.263996 -0.0603242
0.220392 -0.010337
0.189735 -0.00473724
0.219583 -0.0173304
0.244736 -0.0206081
0.27445 -0.00676228
0.343303 -0.0353786
0.26913 0.000621567
0.319305 0.00541838
0.407815 0.000392786
0.355351 0.0123385
0.367131 0.00782261
0.380706 0.0179439
0.428803 0.0138699
0.386783 -0.00492452
0.345359 -0.00336895
0.324772 0.00106974
0.328276 -0.0318192
0.357926 0.000582661
0.331452 0.0115439
0.259821 -0.00664191
0.305659 -0.00671526
0.3053 -0.00863836
0.226537 0.0226032
0.249865 -0.00861168
0.266117 -0.0348165
0.342521 -0.00845491
0.3532 -0.0334617
0.355595 -0.00494989
0.327305 -0.0108749
0.32503 -0.0137811
0.325024 -0.0185611
0.345528 -0.00816475
0.388733 -0.0121479
0.347871 0.0187879
0.366112 0.00850438
0.339696 -0.00601575
0.456483 -0.0108408
0.394218 0.00425081
0.349008 -0.0263123
0.415619 0.00377117
0.461166 0.0122318
0.462273 -0.0183977
0.438812 0.00304775
0.40885 -0.00441359
0.41222 -0.0195653
0.261703 -0.0152814
0.33421 -0.00371045
0.348901 0.0101942
0.281493 0.0158095
0.327154 -0.0113263
0.305163 0.00127299
0.329268 0.00844165
0.40093 0.0245216
0.381783 0.0128813
0.322019 -0.00024763
0.343713 0.00798348
0.354873 -0.0105426
0.298636 -0.00662105
0.200749 -0.00408292
0.27264 -0.0242842
0.282046 -0.00936843
0.371941 0.00611261
0.30283 0.0163918
0.238529 -0.00268995
0.195733 -0.0223734
0.23892 -0.0276323
0.282114 -0.0105215
0.239564 0.0140889
0.264381 -0.0194877
0.228278 0.0110266
0.25726 0.0159781
0.245129 -0.00121598
0.3246 -0.0181294
0.290868 -0.0111885
0.288868 -0.0155562
0.28637 0.00284227
0.345243 0.00458748
0.376268 -0.00391439
0.249796 -0.00611404
0.243459 -0.0210655
0.286487 -0.0188553
0.320594 0.00540114
0.272892 0.00042381
0.358459 -0.0195899
0.288318 0.00934047
0.215078 0.00723051
0.236474 0.00658019
0.207146 0.0143905
0.250016 -0.00527719
0.340893 -0.0115531
0.384549 0.0301931
0.303651 -0.00728754
0.363054 -0.00439002
0.306059 -0.0223509
0.242441 -0.0153126
0.312364 0.00855831
0.280931 0.00223377
0.365305 0.00419037
0.297589 -0.0128801
0.284785 -0.00766377
0.239609 -0.0167368
0.239594 -0.000284709
0.229864 -0.0406236
0.239806 0.0053158
0.341955 -0.00813491
0.382517 0.00187216
0.351835 -0.0165218
0.350378 -0.0195535
0.293435 -0.007076
0.290059 -0.00820343
0.266356 -0.0106897
0.219615 0.0121805
0.264949 0.0166974
0.265054 0.00142339
0.340889 0.00788677
0.280093 0.0374911
0.280565 0.0193354
0.272004 0.00791839
0.265234 0.0211707
0.243736 0.0101743
0.293281 -0.00579692
0.335828 0.00723656
0.42373 -0.00592316
0.437595 -0.0131958
0.402032 -0.017799
0.343308 -0.00222816
0.338626 0.00985762
0.373549 -0.0290494
0.408456 0.00170762
0.365418 0.00827747
0.363858 -0.00207477
0.309108 0.0123458
0.351475 0.00826161
0.353335 0.00565956
0.387486 -0.0186282
0.353585 -0.0104151
0.370101 0.00285835
0.377653 0.0258263
0.28727 0.00326243
0.365343 -0.0189837
0.432278 -0.0105716
0.506506 -0.00675518
0.360998 0.0165367
0.325243 -0.0224927
0.345991 -0.01135
0.339043 -0.0132782
0.312721 0.00895282
0.348118 -0.0140528
0.344868 0.0166689
0.349951 0.0104446
0.366276 -0.0123342
0.305335 -0.00851784
0.341631 -0.00600215
0.333785 -0.0102748
0.382 -0.0219317
0.341551 0.0193819
0.300388 -0.00421641
0.375589 -0.00340446
0.364812 -0.00836829
0.436424 -0.0193384
0.33337 0.0119606
0.341706 -0.00905075
0.383492 0.00789985
0.297297 0.00426724
0.257544 0.0161508
0.331806 0.00297215
0.320288 0.0130456
0.239283 0.0131056
0.287807 -0.0139512
0.24986 0.00158491
0.3086 0.00167917
0.348776 0.0409026
0.285646 0.0257206
0.303818 -0.00365914
0.306943 -0.00493176
0.227343 0.0068596
0.210117 0.0146253
0.250499 0.0123312
0.262701 -0.0130821
0.278163 0.0129455
0.251327 0.00498496
0.238333 0.00692863
0.239273 -0.00993458
0.265924 0.0144139
0.277512 -0.0225349
0.221181 -0.00197667
0.26098 -0.0142401
0.240024 -0.00900814
0.297492 0.00469313
0.263422 0.000737838
0.308438 -0.0122685
0.306071 0.00626681
0.253583 0.00952644
0.283338 6.82291e-05
0.246136 -0.0178324
0.308574 -0.00650275
0.331624 -0.030461
0.24278 -0.00879495
0.221786 -0.0316041
0.236539 -0.0156218
0.194883 0.0214225
0.304843 -0.00209811
0.270272 -0.00411474
0.333561 0.0012784
0.343555 0.0120679
0.446561 -0.00652865
0.357239 0.00491632
0.338808 -0.00429115
0.404663 0.009033
0.450687 -0.0151144
0.431869 0.00192211
0.407586 0.00428493
0.39923 0.00918105
0.401982 0.00474004
0.429885 -0.0072311
0.435123 -0.00600013
0.446753 0.0181559
0.38078 -0.00931873
0.378865 0.0200937
0.33462 -0.0214506
0.322483 0.0211838
0.337163 0.0276506
0.324351 -0.0134055
0.210347 -0.00482604
0.280015 0.0109349
0.345963 -0.00123075
0.369059 -0.0083362
0.332785 -0.0179643
0.381698 0.00413649
0.342422 -0.0022733
0.321981 0.0180494
0.357258 0.0356404
0.269944 0.0171378
0.323207 -0.0139449
0.33337 -0.0112707
0.302477 -0.0141876
0.33207 -0.0122764
0.360267 0.00810618
0.444259 0.00106927
0.315525 -0.0296075
0.365205 -0.0014055
0.366731 0.0145821
0.321934 0.0103412
0.381318 0.00452687
0.270233 0.00234254
0.317014 -0.000113449
0.337563 -0.00910747
0.278797 0.00928817
0.287115 0.0122338
0.304839 0.00393893
0.190542 -0.0138151
0.161043 0.0323026
0.215742 -0.0326691
0.304732 -0.0190388
0.274936 -0.0293633
0.361157 0.00954932
0.307005 0.0240312
0.334468 0.0074995
0.335432 0.0116434
0.369682 -0.0306588
0.363809 -0.00648954
0.332879 0.00145775
0.361187 0.00559487
0.369184 0.00108159
0.314638 0.00682406
0.325214 0.00873688
0.333569 -0.0370986
0.333041 -0.0134699
0.371412 -0.00833253
0.318995 0.00991731
0.407532 0.00131956
0.406219 -0.0121552
0.351117 -0.0114174
0.366021 -0.00735979
0.412196 0.00245452
0.459178 -0.00698923
0.361706 0.000425364
0.366125 0.0224105
0.438072 -0.00961279
0.435011 -0.00721307
0.360953 0.00285214
0.358323 0.0103441
0.332088 0.0123644
0.394552 -0.0284942
0.340035 0.015626
0.299005 -0.0117711
0.265028 -0.00658774
0.320443 -0.0239294
0.304505 -0.00667616
0.313082 -0.000522818
0.30901 -0.00327601
0.264512 -0.0107319
0.359391 0.00255862
0.30613 0.027365
0.36279 -0.0103437
0.349681 -0.010446
0.362739 0.0078672
0.35234 -0.00361132
0.41591 0.00804824
0.342809 0.00472109
0.436874 -0.0107305
0.387209 0.00589986
0.396533 -0.00130018
0.407869 8.68338e-05
0.305022 -0.00356027
0.290847 0.0118257
0.422755 -0.00509359
0.319004 0.0182416
0.376603 0.0215265
0.360125 0.00220522
0.353949 -0.00541777
0.31503 -0.00490838
0.351105 0.00818552
0.265419 -0.006731
0.279138 0.0019866
0.294099 0.0127663
0.3215 -0.00470964
0.367352 -0.00180684
0.335998 -0.00964739
0.376656 -0.0124468
0.323705 0.000666608
0.269546 0.0143597
0.3008 0.0289841
0.257955 0.0287992
0.244878 0.0193567
0.359015 -0.000883198
0.318571 0.0113663
0.416343 -0.00213937
0.35045 -0.0055106
0.37538 -0.00542367
0.268254 -0.0328806
0.229164 0.00212611
0.303332 -0.0126381
0.332118 -0.00738831
0.355034 -0.00251555
0.247753 -0.0061096
0.276379 0.0227192
0.238774 -0.0256864
0.310241 -0.0239431
0.358907 0.00356921
0.329969 -0.0184351
0.386756 -0.0113563
0.300665 0.0243041
0.321906 -0.0144784
0.349582 -0.0194542
0.286596 -0.00647952
0.379507 0.0180802
0.295081 -0.00089227
0.29866 0.0139637
0.342591 -0.0123325
0.32872 0.00443823
0.273993 0.00815089
0.187433 -0.0101144
0.32597 -0.000968818
0.384649 0.00940614
0.334549 -0.0145591
0.342657 -0.00353573
0.343625 0.00163096
0.301544 -0.0216248
0.324227 0.00906585
0.379562 -6.009e-05
0.341738 -0.00627009
0.346109 -0.000833207
0.282606 -0.00503404
0.403918 0.00573243
0.332596 -0.00947219
0.325596 -0.00287501
0.34881 -0.00221351
0.371795 -0.0174925
0.339917 0.00152455
0.363629 0.0119285
0.313407 -0.0157735
0.390019 0.00185305
0.273324 -0.00996076
0.327824 -0.00920013
0.319186 0.0140184
0.410022 0.00700715
0.456379 0.0115932
0.416654 0.0077413
0.49483 0.0103952
0.384741 -0.0147363
0.437689 -0.00635048
0.428988 -0.000354815
0.476979 -0.00402121
0.437399 -0.0195371
0.406396 0.00572392
0.360275 -0.00912619
0.313348 0.0112794
0.245804 0.0147703
0.328498 -0.0143514
0.378426 0.0126168
0.340661 0.00554425
0.304768 0.0165542
0.35562 0.00777227
0.296927 -0.00998299
0.332993 -0.0168961
0.317721 0.00403235
0.264885 -0.0354892
0.312766 0.00458706
0.389433 -0.00170996
0.326852 -0.0138649
0.391539 0.0151115
0.321968 0.0174914
0.310361 0.0096356
0.39865 0.00955756
0.381815 -0.00844172
0.428055 -0.00424017
0.348667 -0.00191503
0.389485 -0.00424528
0.239748 -0.00068128
0.134986 0.00584341
0.206811 -0.010117
0.189722 -0.00937669
0.24357 -0.0117066
0.28068 0.00384636
0.27214 -0.00788798
0.324882 -0.0112957
0.354658 -0.00570208
0.350945 0.00925612
0.309368 0.00285345
0.212132 -0.00552878
0.274308 -0.00331741
0.302096 0.00392642
0.321427 1.52324e-05
0.267342 0.00306813
0.269551 -0.0303862
0.269591 -0.00297185
0.208272 -0.00450098
0.296278 0.012135
0.35063 -0.00729436
0.345736 0.021798
0.384871 -0.0036374
0.395203 -0.0162771
0.347267 0.0117781
0.309572 -0.0122064
0.365607 0.000993824
0.33842 -0.024349
0.292074 -0.0157678
0.34122 0.0221668
0.310208 0.00445524
0.293462 -0.00797122
0.365947 0.0198074
0.414411 -0.0120986
0.34012 -0.00426361
0.359631 0.00575807
0.428623 0.0251885
0.410358 0.0106372
0.363073 0.0123036
0.422572 -0.00223925
0.472931 -0.00346311
0.339714 -0.0128682
0.381972 0.000962354
0.380845 -0.00266361
0.423092 -0.00855267
0.364516 -0.000217588
0.313696 0.00278163
0.316576 -0.040949
0.330702 0.0059556
0.317728 0.0022529
0.365953 0.0012391
0.438869 0.000189262
0.401073 0.00566359
0.371253 -0.00165033
0.376563 -0.0212566
0.395416 0.0152965
0.298287 -0.0160238
0.304345 -0.008198
0.327677 -0.00146529
0.344148 -0.0213361
0.35666 0.0117397
0.427636 0.0135334
0.373238 -0.0144362
0.345526 -0.0146667
0.291511 -0.00742292
0.248264 -0.0115522
0.283913 0.0194584
0.380041 0.0155206
0.225878 0.00403391
0.227036 -0.029873
0.250118 0.00150153
0.311733 0.00050859
0.269734 -0.00579784
0.339108 0.0215611
0.313774 -0.00512855
0.32489 -0.00943966
0.347074 0.00532417
0.381835 -0.00791038
0.365375 -0.00989144
0.348922 0.0155927
0.347194 -0.0111045
0.280929 0.0150901
0.307972 0.0145282
0.296955 -0.00144657
0.394492 -0.0125128
0.375528 -0.0252267
0.333237 -0.019372
0.41928 -0.0153197
0.345114 0.00414389
0.380276 0.0282087
0.293922 0.0143984
0.277032 0.00932607
0.264955 -0.0208312
0.341967 -0.0104233
0.317605 0.0152235
0.283644 -0.0119339
0.397563 0.0125296
0.362712 0.004568
0.369769 0.0244195
0.319657 0.0179307
0.379966 -0.0185806
0.296076 0.0151551
0.270834 0.00172172
0.291482 0.00493132
0.351802 -0.000514271
0.284414 -0.025507
0.359182 -0.0201548
0.315363 -0.00741206
0.285119 -0.0115664
0.339893 0.0252884
0.336907 -0.00607851
0.394412 -0.00575112
0.345092 0.00397547
0.361341 -0.000247768
0.329154 -0.00477917
0.34029 -0.00416902
0.349146 0.0017158
0.406907 0.016805
0.359775 0.0100623
0.319989 -0.00864923
0.305597 -0.00216384
0.393395 0.0170716
0.361437 0.00670843
0.384541 0.0208815
0.303156 0.0209341
0.266569 -0.0262193
0.257949 -0.020553
0.227346 0.00199515
0.325421 0.0178413
0.392527 -0.0026299
0.314545 0.0103754
0.263257 -0.004234
0.354884 0.0152127
0.477048 0.0144596
0.337888 0.0140873
0.371567 -0.0062488
0.404728 0.00844038
0.35814 -0.0134194
0.363622 -0.0031976
0.379031 0.0150141
0.400477 0.0229015
0.36054 0.00305496
0.369404 -0.00593666
0.399531 0.0125612
0.330989 0.00291906
0.371179 0.000330511
0.34547 0.00710755
0.275606 -0.008621
0.321643 -0.0121869
0.314473 0.00254411
0.270611 -0.0054062
0.34483 -0.0194056
0.407374 0.0095936
0.303067 0.00980522
0.392248 0.00625292
0.405559 -0.0062652
0.306773 0.012243
0.320491 -0.0113057
0.313706 -0.00905859
0.373698 0.0254927
0.38256 -0.0156416
0.355606 -0.00606852
0.317954 -0.0125222
0.335814 0.00431913
0.279665 0.00548935
0.295942 -0.00636049
0.333634 -0.0074919
0.363945 0.00670895
0.454901 0.004764
0.384955 0.0195845
0.364545 0.0055435
0.311407 0.0005503
0.313626 0.0232923
0.333805 0.0361408
0.34601 0.00279416
0.373208 0.0152207
0.344398 -0.00398035
0.271442 0.00918415
0.32981 -0.00307314
0.324386 -0.0135237
0.334154 0.0058696
0.352579 -0.00933682
0.335504 -0.00987985
0.357648 -0.00241225
0.342574 0.00344813
0.368007 -0.00538917
0.295543 0.00489884
0.326158 -0.0215595
0.286041 0.00560964
0.339065 0.0103269
0.338332 0.00226209
0.342196 -0.0294948
0.333584 0.000918308
0.315809 -0.00865794
0.373036 0.00164532
0.321211 0.010224
0.404441 -0.0063309
0.425087 0.0157003
0.386515 0.00154218
0.359555 0.00783894
0.456518 0.00753945
0.393157 -0.0142341
0.315546 0.00579687
0.297369 0.0139321
0.337457 0.0248476
0.268307 -0.000589485
0.346536 0.00508254
0.379637 0.0172461
0.364324 -0.0210522
0.326644 -0.011293
0.3803 0.0172588
0.366397 0.00126974
0.359952 -0.00277618
0.292657 0.00213492
0.306263 -0.012034
0.285184 0.00950227
0.325759 0.00366926
0.360953 -0.00712458
0.390216 -0.00227232
0.254859 -0.00739609
0.21987 -0.0173681
0.240509 -0.00102091
0.210165 -0.0292033
0.211471 -0.00944729
0.235779 0.00539337
0.3257 0.017581
0.294301 -0.0073204
0.251866 0.025775
0.336039 0.0269975
0.400216 0.00325288
0.411492 -0.00444487
0.356089 -0.00383871
0.346736 0.00494925
0.425061 0.00699327
0.398426 0.00949219
0.401107 -0.0158593
0.346454 0.00116427
0.353948 0.0148206
0.328669 0.0166224
0.362486 0.0190139
0.330079 0.0115123
0.325951 0.00207788
0.3768 -0.00931049
0.322956 0.0164705
0.317113 -0.0164646
0.359423 0.00369586
0.37417 0.00802595
0.341226 0.00436414
0.322617 -0.0012217
0.325427 0.00774131
0.336604 0.0189979
0.270958 -0.0153803
0.315033 -0.00378576
0.336543 -0.00330712
0.363039 -0.00530839
0.380217 0.000943576
0.358809 -0.0246498
0.376188 -0.0146687
0.365825 7.15588e-05
0.387828 0.0135087
0.41076 0.00346894
0.327502 0.00712236
0.321423 0.0224862
0.375227 0.0130528
0.306678 0.00814047
0.346064 -0.00783772
0.393978 0.00854413
0.356666 -0.00134397
0.369666 0.0090511
0.416873 0.00607333
0.334782 0.00490252
0.421043 0.0103336
0.438598 -0.00199678
0.363051 0.00825975
0.348957 0.00712618
0.223373 0.00796048
0.248181 -0.0161915
0.336329 -0.00701184
0.350643 0.00334285
0.382071 -0.023912
0.321483 -0.0027863
0.390239 0.00711187
0.330634 9.16092e-05
0.34533 0.0043675
0.309818 -0.00801824
0.28081 -0.0121372
0.375357 0.00788583
0.356751 -0.0082897
0.304954 -0.0265868
0.284129 -0.00534527
0.278868 -0.00424645
0.296407 0.0195703
0.306009 0.0168571
0.323242 0.00199888
0.321225 -0.013148
0.387221 -0.00665122
0.290712 -0.00600629
0.346645 0.00878634
0.400872 0.0258744
0.308466 -0.0172615
0.332894 0.00722703
0.337651 -0.0144265
0.336815 0.00181673
0.344255 0.0305397
0.333796 -0.0116868
0.300709 -0.0297751
0.350736 0.00394108
0.38277 -0.00594171
0.41937 0.0107194
0.428999 -0.00349481
0.399523 0.00595238
0.427945 -0.00654884
0.364781 -0.00290701
0.39691 -0.0140912
0.395001 -0.00150575
0.350386 -0.0217987
0.403252 0.0133446
0.345702 -0.00622506
0.373616 -0.00979237
0.31672 0.0115009
0.295732 0.00745739
0.390971 0.00111326
0.382956 -0.012851
0.43141 0.00656247
0.357071 0.0258798
0.417448 0.0218592
0.409236 -0.00719134
0.278641 0.00684488
0.257975 0.0175113
0.232915 -0.00582505
0.30216 -0.0227678
0.230044 0.00452036
0.213681 0.00132445
0.344847 -0.00740137
0.373001 -0.00524083
0.438331 0.0140134
0.34781 -0.00363074
0.386241 -0.00104195
0.433216 -0.00657232
0.442877 -0.0025066
0.445357 0.00892646
0.396344 -0.000577916
0.418585 -0.0179021
0.409238 0.00152783
0.340755 -0.00570115
0.330075 -0.0279876
0.293747 -0.00532374
0.336336 -0.0185784
0.254393 -0.0299693
0.340923 0.00990567
0.382558 -0.010632
0.261073 0.0111938
0.376762 -0.00255159
0.364446 -0.00131709
0.345858 0.0203214
0.36967 -0.000957885
0.383629 -0.0122129
0.315095 -0.00430952
0.32071 -0.00384686
0.358587 0.011686
0.350869 0.00232218
0.292099 -0.0134295
0.285809 -0.0103374
0.290944 -0.02153
0.355705 0.0155229
0.327578 -0.0252555
0.396072 -0.0121286
0.397741 -0.00377726
0.360885 0.000887714
0.443794 -0.00199179
0.44792 -0.00546009
0.407742 -0.026837
0.299351 0.0222752
0.296498 0.00480629
0.337883 0.00743026
0.348106 0.000426235
0.360955 -0.0048434
0.330419 0.0192705
0.273478 -0.0360626
0.345911 0.00225523
0.347948 0.0132143
0.382246 0.016706
0.345579 -0.0269372
0.357039 -0.00105365
0.39956 -0.00483911
0.36452 0.00355417
0.414998 0.0153397
0.409099 0.00774148
0.332822 0.0210458
0.340957 0.0607764
0.32637 0.0215191
0.416708 0.0252682
0.354135 0.0252292
0.349508 -0.0100794
0.397855 0.00606075
0.411673 -0.00972023
0.460656 0.00649746
0.374772 -0.0309645
0.350455 0.00245721
0.413932 0.0149431
0.396683 -0.000620627
0.41627 -0.00928508
0.365342 -0.00540333
0.342664 0.0299408
0.318228 0.0102658
0.292906 -0.0064812
0.353342 -0.00504103
0.315446 0.0112968
0.320301 0.0100014
0.263331 -0.00487087
0.276289 -0.00930848
0.236282 -0.015248
0.296204 -0.0122899
0.379204 0.0275725
0.396486 0.00364161
0.346962 0.0131986
0.329095 -0.00183459
0.312501 -0.00288038
0.346827 0.00814296
0.246499 0.00633156
0.273191 0.0139689
0.213999 0.00496028
0.268044 -0.00655702
0.337788 0.0301756
0.300279 0.0132232
0.294813 -0.0216894
0.30363 -0.00785565
0.255335 0.0212225
0.288753 -0.0255488
0.259568 -0.0123011
0.286316 -0.0141989
0.315936 0.0246437
0.273815 0.0105022
0.299009 0.0103934
0.30282 -0.00363009
0.268267 0.0049597
0.218629 0.0295105
0.240322 -0.0223438
0.289596 -0.00305993
0.197757 -0.0150478
0.224445 0.0236555
0.205941 0.0240235
0.201231 0.00797597
0.251696 -0.0147692
0.271743 -0.0296041
0.196641 -0.00638338
0.213391 0.0144372
0.182707 0.0206855
0.233615 0.02423
0.228212 -0.00285903
0.283098 0.0211589
0.43837 0.0115678
0.324636 -0.00328687
0.468695 0.0236224
0.406913 -0.000400834
0.40151 0.00158841
0.387071 0.0116149
0.388919 -0.00560918
0.329887 0.007694
0.369558 0.00300339
0.392235 -0.0249373
0.313878 0.0215413
0.348324 -0.0119304
0.321595 0.0261185
0.390766 0.00681842
0.384578 -0.000340474
0.352673 -0.0144307
0.384353 0.00154808
0.379998 -0.000887143
0.376163 -0.0278126
0.367174 -0.00165553
0.278901 0.0040062
0.276467 0.00827077
0.251051 -0.00368407
0.262383 0.000587334
0.276309 -0.0050819
0.301353 -0.0130158
0.414233 0.00207215
0.369548 -0.00206982
0.390632 -0.0130465
0.319039 -0.0223993
0.370404 -0.0167056
0.351411 0.00437885
0.401001 -0.0216914
0.360201 -0.00465429
0.351595 -0.00731636
0.371777 -0.022207
0.424896 -0.0172924
0.436299 0.00526659
0.457812 -0.0184146
0.410618 -0.00218878
0.249319 0.0113538
0.391687 0.00646917
0.35639 -0.0121674
0.398174 -0.00181148
0.390649 -6.83289e-05
0.415321 0.0167655
0.415523 -0.00195917
0.451183 -0.028214
0.375302 0.0250815
0.400462 0.0223623
0.414409 -0.0204089
0.441973 0.0242431
0.327654 0.00438796
0.280449 0.0155208
0.379288 0.00768629
0.333403 0.00148464
0.301579 -0.00241699
0.38257 0.00238102
0.350229 0.0108068
0.376315 0.00748741
0.446927 0.015403
0.393358 0.0197946
0.394031 0.0142185
0.377485 0.0136496
0.409576 0.0354839
0.314953 -0.00446087
0.331321 0.0106916
0.341335 0.0142057
0.373419 -0.0199677
0.352568 -0.0216062
0.302725 -0.00638022
0.309902 0.0244591
0.309156 0.00455273
0.369471 0.0040156
0.365848 -0.0339575
0.264386 0.0131746
0.227118 -0.0533892
0.339161 0.00800323
0.362649 0.00877517
0.350687 -0.00236021
0.311107 -0.0162333
0.383061 0.007025
0.278678 0.0103373
0.335603 0.0022598
0.32386 -0.00739313
0.384797 0.0181077
0.383268 0.0434491
0.347968 -0.00324114
0.268444 0.00181325
0.30284 -0.00490586
0.312883 -0.0186845
0.241949 0.0150548
0.288519 0.00628489
0.276193 0.0295833
0.223336 0.0131407
0.228739 -0.0139702
0.21393 0.0036749
0.288445 -0.0326159
0.257742 -0.018177
0.264005 0.00998964
0.218838 -0.0103349
0.217521 0.0146444
0.291413 -0.0102357
0.359106 0.00722811
0.363789 -0.0157138
0.410062 0.0017153
0.367347 0.00525263
0.421377 -0.0082657
0.337398 -0.01751
0.403674 0.0039394
0.36625 -0.0096271
0.293613 0.0101672
0.329757 0.012274
0.286959 -0.0102263
0.26393 0.0182418
0.31518 0.00322557
0.311177 0.021263
0.29216 -1.8077e-05
0.347898 -0.0032999
0.303031 -0.0132628
0.334244 -0.0112617
0.346853 -0.00222467
0.315141 -0.011131
0.384626 0.0136091
0.384124 0.0202866
0.285904 0.00965546
0.350795 0.00211241
0.318223 -0.0125958
0.272326 -0.0128931
0.314767 0.00615495
0.351363 -0.00274101
0.336193 -0.0076756
0.355452 -0.0129692
0.367257 -0.0299608
0.422368 -0.0187008
0.383132 -0.0280478
0.344537 0.0189089
0.293948 0.0045033
0.246617 -0.0219736
0.260253 -0.0171021
0.268884 0.00495697
0.293213 -0.00483437
0.354571 0.0156951
0.370395 -0.0142338
0.3548 -0.0265005
0.272418 -0.00558986
0.275496 -0.0111973
0.321888 0.0148615
0.396894 -0.0188978
0.302333 -0.00981807
0.354541 0.010255
0.373687 -0.00289341
0.382339 0.0275618
0.430428 0.0114574
0.408277 -0.00235672
0.379323 0.00203486
0.259882 -0.0146836
0.333341 0.0160103
0.329726 -0.00726219
0.404424 0.0133249
0.369265 0.010977
0.351688 0.00684269
0.315059 -0.0214502
0.390636 -0.00921268
0.353729 0.00425176
0.440763 0.00256878
0.438146 0.00173542
0.401751 -0.0235806
0.441434 -0.0137812
0.373949 -0.014008
0.289081 0.0101329
0.336802 0.00561505
0.319169 -0.00233262
0.277471 0.0157147
0.293728 0.0155906
0.255457 -0.0100244
0.335598 -0.00554059
0.305344 -0.0151288
0.24736 -0.00697637
0.324629 -0.0188404
0.295106 0.0121765
0.281186 0.00468688
0.275077 -0.00674251
0.345342 0.0142589
0.377755 0.0130626
0.341861 -0.00836724
0.318377 0.00553247
0.360337 8.95918e-06
0.334868 0.00130885
0.337845 0.00696713
0.321539 -0.0191929
0.29624 -0.022079
0.331405 0.00195381
0.396792 -0.00937456
0.34402 0.0140467
0.387506 0.0126774
0.453131 0.0215718
0.409714 0.00188472
0.401657 0.0127812
0.392724 0.0133065
0.331229 -0.00423308
0.333446 0.0039023
0.291068 0.00804598
0.272571 -0.0426225
0.254432 -0.0116507
0.29537 -0.0138302
0.279713 -0.000944609
0.320797 0.0186321
0.265741 -0.00119857
0.350118 0.0195388
0.330633 -0.00863108
0.276016 -0.0134369
0.262033 0.00117351
0.317119 0.0100507
0.277917 -2.06592e-05
0.191677 0.0139419
0.202656 -0.00262437
0.262198 0.0132752
0.333217 0.0340102
0.286578 -0.0239218
0.358684 -0.00843142
0.264132 -0.0056191
0.318292 0.0184869
0.418284 0.00481328
0.428152 -0.00140855
0.373309 0.00342056
0.392824 -0.017593
0.307292 0.00997092
0.29867 0.00428089
0.391386 0.0331166
0.401476 -0.012262
0.428138 -0.0191761
0.419621 0.0213759
0.385637 0.0186733
0.372292 0.0135859
0.446719 -0.00254206
0.458318 0.00191216
0.473837 0.000725016
0.475754 0.0122969
0.434733 0.01637
0.383599 -0.00966412
0.39371 0.0022123
0.352468 0.00969252
0.387152 -0.00345082
0.406853 0.00151403
0.389226 -0.00179145
0.397162 -0.0185166
0.347633 -8.09887e-05
0.34616 0.00434484
0.32189 0.0023461
0.25012 -0.0201506
0.371808 -0.00760809
0.319435 -0.0231357
0.338812 0.00609744
0.363818 -0.00654335
0.425944 -0.017418
0.420944 -0.0294852
0.38729 0.0069041
0.374997 -0.0169528
0.390595 -0.00250095
0.400539 -0.0181938
0.395212 -0.0202349
0.338164 0.00160323
0.334208 -0.0152724
0.366014 0.0236819
0.362934 0.00767754
0.457964 -0.00600238
0.382389 -0.00247046
0.347963 0.0050898
0.432448 0.00940646
0.427053 -0.0180712
0.413256 -0.015638
0.35771 -0.00538569
0.340865 0.00144431
0.363335 -0.00813995
0.329464 -0.01105
0.386261 0.00352917
0.31954 0.0103104
0.479502 -0.00564265
0.364366 -0.0014645
0.348803 0.0189561
0.371289 0.0231133
0.313598 -0.0155952
0.365316 0.00688271
0.380363 -0.00521269
0.374284 0.000901538
0.344189 0.00646439
0.309135 0.0305164
0.268522 -0.025165
0.278826 0.0138569
0.245436 0.02528
0.237284 0.0124853
0.296371 0.0190577
0.261539 0.00262962
0.238697 -0.0278918
0.229205 -0.00202583
0.240853 0.00067835
0.298532 0.00957108
0.248391 0.040484
0.309727 0.00898764
0.315932 -0.0193099
0.32912 0.00898804
0.305726 -0.0182971
0.356012 0.0160025
0.306443 0.0190065
0.38901 -0.00260963
0.338524 -0.0111059
0.328133 0.0122358
0.298187 0.0144742
0.285063 0.00287424
0.333031 0.0074092
0.373345 -0.0207132
0.299008 0.00142147
0.301658 -0.00581907
0.337051 -0.00509583
0.376207 -0.0185026
0.365856 0.0036058
0.346638 0.00540006
0.313851 0.0327621
0.35227 0.00764729
0.304117 -0.00628536
0.256834 -0.00936178
0.225162 0.00730422
0.269794 -0.0350434
0.261444 -0.00283043
0.244111 -0.0143174
0.31983 -0.0316159
0.390591 0.0311784
0.300807 0.00546849
0.380082 0.0046026
0.361657 0.0112359
0.387933 0.0139217
0.348933 0.00615455
0.351396 0.0200037
0.332474 0.00751384
0.335178 -0.00474849
0.273207 0.0180879
0.318468 0.00758824
0.265332 0.00552638
0.300112 0.0228374
0.264284 0.0297543
0.29093 0.000157356
0.298523 -0.00836254
0.246528 0.00298287
0.267988 0.0268903
0.272999 -0.00891161
0.332134 0.0180813
0.275813 0.0236528
0.363213 0.00252427
0.428156 -0.0129957
0.381466 -0.00127605
0.379451 -0.00326093
0.342043 0.0131963
0.389261 0.00224398
0.337777 -0.0258857
0.385348 0.00564774
0.363323 0.00453414
0.370358 -0.0149648
0.256465 -0.00904712
0.259231 -0.00659069
0.315184 0.0021425
0.442042 0.00821805
0.394955 -0.00732396
0.380895 -0.0041682
0.430957 0.0197561
0.400828 0.00801589
0.414705 -0.00261662
0.268538 0.000191185
0.300862 0.000347356
0.270789 0.0220589
0.36828 0.00884705
0.383543 -0.0136009
0.33338 -0.00256435
0.323078 -0.0328108
0.339522 -0.00564577
0.273771 0.00311898
0.279726 -0.0313031
0.256591 -0.00862047
0.280373 0.00460434
0.348875 -0.000553769
0.366028 -0.00245832
0.377535 -0.0144044
0.443226 -0.0130065
0.377414 0.0180646
0.391809 0.00290353
0.434863 -0.00109433
0.346592 0.00609658
0.250086 -0.0234561
0.308611 -0.0151209
0.324423 -0.00665877
0.410061 -0.00437353
0.375704 0.0346731
0.218251 0.0248847
0.24108 -0.00565897
0.241283 0.0383697
0.309758 0.000740659
0.289811 -0.025591
0.245909 0.0119213
0.214341 0.0139593
0.230677 -0.00310903
0.229902 0.00268061
0.158816 0.00764063
0.172222 -0.00320619
0.26222 -0.00189766
0.306805 -0.0197874
0.267672 0.00116589
0.326454 0.00799871
0.383842 -0.01498
0.346197 0.0240928
0.388203 -0.00957445
0.372648 0.0248095
0.31391 0.00856837
0.328891 -0.00696315
0.314065 -0.00199656
0.286813 -0.00646741
0.226806 0.0049153
0.218516 0.0242719
0.229704 -0.0157193
0.339445 0.0027635
0.338042 0.00132664
0.390294 -0.00448006
0.37657 -0.0112223
0.409456 0.0176438
0.394322 -0.0168135
0.360711 0.00477946
0.308082 0.0392916
0.356085 -0.0190834
0.337342 0.00594517
0.322388 -0.0109393
0.355543 0.000840057
0.349687 -0.00432024
0.324837 0.000185976
0.305559 0.00369936
0.322529 0.00653941
0.319231 0.0233824
0.297941 -0.0219075
0.387876 -0.00562183
0.432051 0.0151888
0.421421 0.00133865
0.32385 -0.0201964
0.373082 0.0128144
0.328295 0.0264611
0.335934 -0.00483803
0.349058 0.00866106
0.395997 0.0102574
0.3058 -0.0278245
0.339097 -0.00482184
0.292124 0.00557054
0.35001 0.000970001
0.303791 0.0167718
0.344793 -0.00410794
0.370647 -0.00357844
0.344411 -5.2316e-06
0.392399 0.015464
0.32089 -0.00882452
0.3729 -0.0417493
0.377412 0.00117784
0.369632 0.00161323
0.362665 -0.0078165
0.363189 0.00708969
0.328708 -0.00437141
0.271278 -0.0294818
0.322407 -0.00954152
0.247135 -0.000424472
0.279294 0.0111408
0.361358 -0.0039223
0.353066 -0.006906
0.353315 -0.00492165
0.346672 -0.000925688
0.337487 0.00884206
0.242245 0.0177716
0.253375 -0.0131022
0.359075 -0.0214988
0.316718 0.0125776
0.358098 -0.00179584
0.355356 0.012603
0.362968 -0.0285416
0.360791 -0.00497754
0.314426 -0.00250904
0.290686 -0.0142157
0.29932 0.0147298
0.316903 -0.00651963
0.38874 0.00932628
0.383998 0.00388071
0.357337 -0.0136631
0.33335 0.017343
0.32751 0.0172764
0.374633 0.00820543
0.34861 -0.00289931
0.31879 -0.0126893
0.30093 -0.0102761
0.290386 -0.00769621
0.30456 0.00690466
0.268761 -0.0121938
0.25672 -0.0279584
0.249982 -0.0394797
0.27438 0.0039905
0.266597 0.00843999
0.227161 0.00432011
0.222009 -0.00971353
0.220122 0.0418514
0.270816 0.0536902
0.18123 0.0383783
0.209572 -0.0112493
0.241342 0.00870876
0.251251 -0.00911548
0.297534 0.042188
0.341356 0.00473731
0.336866 -0.00983491
0.325327 -0.0013897
0.295631 0.0133014
0.348323 -0.0149582
0.397919 -0.0182025
0.375199 -2.19596e-05
0.326964 -0.0185329
0.26407 0.027531
0.267651 -0.0102562
0.351003 -0.0282309
0.332875 0.0219251
0.272562 -0.0114934
0.324921 -0.0101637
0.34256 -0.0264829
0.388634 2.03547e-05
0.393277 -0.0178006
0.382375 0.00754656
0.387473 -0.000248831
0.397796 0.00731497
0.371441 0.0090291
0.381305 0.00711425
0.366705 0.00490552
0.314258 -0.0211541
0.409126 -0.00517493
0.296925 0.0160957
0.278666 0.0196169
0.309968 0.00985825
0.304952 0.00439021
0.239182 0.0177474
0.364819 -0.016717
0.282636 -0.00680484
0.296277 0.00805339
0.321674 -0.0123793
0.334684 -0.0129699
0.32967 0.0161722
0.381956 0.00737707
0.388515 0.0146399
0.381898 0.0133614
0.290735 0.00305504
0.280442 -0.000949011
0.325236 0.00636102
0.382881 -0.0225858
0.350114 -0.0134998
0.388726 -0.00123668
0.348737 -0.00940941
0.360945 -0.00148043
0.343586 0.0214278
0.333004 -0.00585139
0.380175 -0.00224481
0.382824 0.0154973
0.341059 -0.00626561
0.373173 0.00623234
0.352403 -0.0147156
0.369492 -0.00594435
0.312393 0.0394503
0.348375 -0.00855117
0.32796 0.0126822
0.306687 -0.015338
0.267726 -0.00682602
0.262308 -0.00564521
0.296639 -0.00100494
0.254914 -0.00109086
0.313134 -0.00840829
0.311173 0.00103116
0.300319 -0.00752746
0.328564 -0.00693765
0.318961 -0.0106485
0.361493 -0.00769379
0.376932 0.000204877
0.311867 0.000194219
0.322127 0.0197927
0.281485 -0.0118531
0.289225 -0.0132147
0.291278 -0.0380263
0.262466 -0.000914251
0.238829 -0.0106898
0.195003 -0.0113086
0.23267 -0.0328332
0.295409 -0.00657613
0.278356 -0.0069479
0.183182 0.0305801
0.224327 -0.0140283
0.211321 -0.0251767
0.289351 0.0305476
0.296532 -0.00676084
0.285041 -0.00566849
0.266282 0.0279712
0.364771 -0.000714698
0.372144 0.00874599
0.361005 -0.00710121
0.315144 -0.0123427
0.356771 -0.0280503
0.396797 0.00528994
0.378072 0.020313
0.318207 0.0133309
0.387552 0.00397523
0.34401 0.0225036
0.321532 -0.0176695
0.388762 -0.0195494
0.296115 -0.00696657
0.322461 0.0315611
0.378069 0.0105939
0.398543 -0.0274758
0.329394 -0.000695016
0.359144 0.00617801
0.273966 -0.0212044
0.259695 0.00739507
0.305008 0.014346
0.382047 -0.0189781
0.398494 -0.0131107
0.404331 -0.00131814
0.359856 -0.0141524
0.295795 -0.0226317
0.318866 -0.0194767
0.221772 0.0186279
0.320642 0.00120477
0.294331 0.00507829
0.225328 0.0165806
0.274738 -0.00362122
0.38932 -0.0141897
0.385973 6.0491e-05
0.452631 -0.00189938
0.479233 -0.0090979
0.447599 0.0110598
0.446981 -0.0109564
0.47088 -0.00334399
0.428895 -0.0150409
0.422801 0.0145018
0.418454 0.00784419
0.435622 0.010398
0.373279 0.019505
0.456311 0.00738093
0.427497 -0.0235426
0.372909 0.0131356
0.431816 -0.0116114
0.399311 0.00195326
0.357746 -0.00281759
0.403676 -0.00889644
0.385854 -0.00466643
0.357546 0.014085
0.313434 0.00918803
0.330585 -0.0083518
0.342066 -8.61151e-05
0.294996 -0.00155616
0.276468 -0.0197338
0.345789 -0.00757931
0.37061 0.00900858
0.409039 0.0200808
0.364188 0.000501545
0.347935 0.0165024
0.364572 0.0284332
0.425444 -0.00982918
0.401067 -0.00622349
0.327282 0.00770612
0.381218 0.00775597
0.41315 -0.0146473
0.406382 0.0105427
0.441047 0.0150212
0.412142 -0.00237556
0.390008 -0.0105141
0.325595 0.00143488
0.3555 0.00154438
0.334888 0.00559606
0.337616 0.0237945
0.329769 -0.0133781
0.285869 -0.0029969
0.269251 -0.00575935
0.313903 0.00690275
0.322665 -0.00225985
0.330479 -0.0153717
0.3024 0.0467642
0.329382 0.0108336
0.355184 0.00298446
0.316621 0.016553
0.314399 -0.00207883
0.340029 -0.0044048
0.365903 0.00423602
0.322995 0.0203448
0.311654 -0.00935351
0.400125 -0.00452524
0.259833 -0.0237632
0.303607 -0.00996542
0.289203 0.0102887
0.37008 0.00476322
0.328604 0.00439884
0.4111 0.00261924
0.427313 -0.0102972
0.380498 -2.42658e-06
0.348887 0.00148586
0.317701 -0.00296402
0.364462 0.0115027
0.349161 0.00540841
0.342379 -0.0019054
0.305078 -0.0106739
0.396252 0.0288494
0.431723 -0.000809294
0.346104 -0.0170242
0.344812 0.0166756
0.341852 -0.00400744
0.438324 0.00473724
0.314099 0.00533628
0.313227 -0.00290404
0.29075 -0.0145175
0.280209 0.0130784
0.305229 0.0137961
0.433002 -0.00333094
0.446867 0.0132046
0.329547 -0.00638138
0.396192 -0.00334473
0.380478 -0.00640051
0.28744 -0.000514515
0.270609 0.0023708
0.316494 0.0325908
0.337038 0.0165547
0.385374 0.00232653
0.280632 -0.000422506
0.339672 -0.00504267
0.442491 0.00648671
0.323022 0.016486
0.384879 -0.016852
0.35916 -0.0054213
0.385006 -0.0121105
0.294997 -0.0187011
0.300156 -0.00854642
0.312114 0.00187353
0.336567 0.00289259
0.27715 -0.00240697
0.361145 -0.00551417
0.37501 0.000186424
0.385328 -0.00134422
0.389568 0.00595524
0.342231 -0.0135306
0.219684 0.00826127
0.210779 -0.0203563
0.303844 0.0107798
0.273551 -0.0202798
0.284196 8.80917e-05
0.439756 0.0111618
0.379196 -0.0163177
0.401077 0.0182222
0.330131 0.0041578
0.258187 0.0221674
0.264902 -0.0216076
0.282617 -0.0124019
0.232266 0.0102064
0.294696 0.00464993
0.257888 -0.0119113
0.306269 0.000956784
0.293878 0.0177252
0.306873 0.00815911
0.295243 -0.0139834
0.372737 0.0325635
0.40631 -0.00245807
0.38324 0.00293671
0.330184 0.00657182
0.35568 0.00467169
0.389963 0.0165598
0.341048 0.0034118
0.385603 -0.011233
0.323941 0.0213031
0.229278 0.0272094
0.212888 -0.00217496
0.26183 0.00347864
0.338968 0.00115342
0.342817 0.00479935
0.262381 -0.00508109
0.323425 0.00096852
0.32585 0.00871021
0.335996 -0.0307196
0.351714 0.00281568
0.317217 0.0183634
0.276037 0.017687
0.296775 -0.00925242
0.271913 -0.00714004
0.32881 0.0166263
0.342643 -0.00567733
0.30441 -0.0137621
0.23981 -0.00403189
0.334641 0.0128774
0.336071 0.00576465
0.392319 0.0176033
0.376617 -0.026519
0.374627 -0.0108267
0.411918 0.000165664
0.392516 -0.0241064
0.43198 0.0106727
0.44634 -0.00625509
0.39085 -0.00517533
0.415447 -0.00136506
0.39088 -0.00941034
0.452466 -0.0583729
0.329807 -0.039831
0.311503 -0.00724497
0.264171 -0.0272768
0.271709 -0.0112682
0.291375 -0.014166
0.326553 -9.24234e-06
0.340851 -0.00400348
0.359908 0.0217268
0.377507 0.00113469
0.246152 -0.00172966
0.311981 0.0221712
0.31983 -0.0140337
0.346863 -0.00916707
0.320424 -0.0171939
0.261608 -0.00823569
0.259555 0.0255215
0.3226 0.0211211
0.204543 0.0254857
0.209351 -0.0291806
0.242535 -0.00203551
0.371517 0.0151646
0.31482 -0.0030919
0.342109 0.00132968
0.400598 0.003218
0.308166 -0.0120731
0.412529 0.0107742
0.364177 -0.0135002
0.338403 0.00148199
0.368308 0.00455445
0.312233 0.00395483
0.395516 -0.00885687
0.378832 0.00459373
0.322407 0.00459725
0.321897 -0.00586672
0.333328 0.00198503
0.320662 0.0033329
0.315128 -0.011458
0.332448 -0.0148083
0.343048 -0.00951326
0.329795 0.0113886
0.344784 0.00634626
0.284527 0.0116169
0.355669 0.0149177
0.358431 -0.00469177
0.354168 -0.00999471
0.357875 -0.00720894
0.362849 -0.0071302
0.326557 0.0118676
0.337286 0.0185951
0.385268 -0.00907352
0.32281 0.0132735
0.371953 -0.010666
0.355186 0.000542171
0.392826 0.00964404
0.373368 -0.0152655
0.418496 -0.0342485
0.351212 0.0103567
0.387935 -0.00189196
0.391955 0.00364767
0.380357 0.00116904
0.351754 0.00454606
0.336743 0.0329285
0.330849 -0.0306654
0.319263 0.000201198
0.358675 -0.0109572
0.341777 0.0217372
0.318975 -0.0115585
0.363432 -0.0181272
0.324778 0.0236572
0.273718 0.0087391
0.331088 0.00731444
0.23299 0.0219906
0.241194 0.00663344
0.25011 -0.0132501
0.321912 -0.0283479
0.322509 0.0134879
0.390498 0.00646868
0.324961 0.00166109
0.354197 0.0132359
0.344444 -0.0104538
0.313332 0.00577949
0.334373 -0.015334
0.375621 -0.000299332
0.296096 0.000328174
0.274678 0.00596982
0.313648 -0.00745818
0.322495 0.00711961
0.366333 0.00174252
0.309809 -0.00244891
0.390506 -0.00503462
0.383444 0.00665521
0.288156 -0.00975598
0.332166 -0.0150166
0.252802 -0.00219811
0.304591 0.00825406
0.398789 -0.0202906
0.382498 0.0180377
0.334296 0.00440802
0.319132 -0.00715132
0.331554 0.0204274
0.309579 0.00717185
0.264346 -0.0158951
0.260096 0.0198489
0.259627 0.0228909
0.356865 -0.00676392
0.358439 0.0180153
0.307194 -0.00142472
0.393011 -0.00423586
0.370843 -0.0138602
0.391504 0.0271246
0.205312 0.0113958
0.228182 0.0232833
0.222089 -0.0082603
0.28334 0.0022621
0.334405 0.000621619
0.348463 0.0033038
0.43635 -0.00379856
0.340778 0.000338079
0.258717 -0.0196947
0.260412 0.00237183
0.267616 -0.000243624
0.282468 0.0260178
0.307035 -0.0118686
0.298553 0.0212007
0.245357 -0.00467102
0.221542 0.00420027
0.181924 -0.0175496
0.284748 0.0161502
0.302475 -0.00933829
0.344139 -0.00705547
0.408419 0.0046567
0.409566 0.00225659
0.444412 -0.00418862
0.507392 -0.0103061
0.502799 0.0255939
0.398846 -0.0041687
0.450821 -0.0238674
0.330844 -0.000784559
0.430408 0.00531871
0.378701 -0.0218212
0.372326 0.00557809
0.367779 -0.0221707
0.280796 0.0302593
0.297988 0.0136334
0.328189 -0.00727116
0.315916 0.0268876
0.381248 -0.000741089
0.354768 -0.00751561
0.288476 -0.00784049
0.400369 0.0122835
0.374372 0.00456907
0.470801 -0.00313058
0.386721 -0.00551684
0.378731 0.00173484
0.261666 0.00947597
0.242023 -0.0239764
0.324908 -0.0112742
0.298983 -0.0198272
0.271099 0.00419282
0.303474 0.00161603
0.361501 -0.00592487
0.367562 -0.00318198
0.37225 -0.00141977
0.354307 -0.00867166
0.328525 -0.0213438
0.364753 0.00376208
0.291334 0.0112152
0.291434 0.00602555
0.368238 0.000314912
0.249706 0.0154724
0.281814 -0.0129484
0.268546 -0.0230249
0.396325 0.00236083
0.369525 0.0113717
0.390363 0.0128788
0.334551 0.000626127
0.305588 0.00637302
0.313147 -0.00959351
0.20523 -0.015797
0.212478 -0.0390713
0.292523 -0.00463064
0.358409 0.00199922
0.330081 0.0130026
0.330585 0.0197651
0.353844 0.0124359
0.331764 -0.0177074
0.355753 -0.0112937
0.407055 -0.0266526
0.39832 -0.0120599
0.449472 0.0102135
0.333701 -0.00141127
0.313982 -0.00795281
0.311193 0.00356014
0.324472 0.0071869
0.360609 -0.00454423
0.414252 0.0112159
0.385245 0.00880898
0.421108 -0.00299147
0.489284 0.00609719
0.412009 -0.0157427
0.430395 0.0115183
0.304699 0.0207166
0.305879 0.00658225
0.295174 0.0027467
0.28872 -0.00942432
0.272351 0.0027885
0.274145 -0.00172646
0.280839 -0.0188664
0.244112 -0.00261895
0.280906 0.0159901
0.27706 0.00341698
0.382016 -0.00710617
0.342268 -0.000434891
0.354002 0.00786408
0.32968 -0.00106311
0.358194 0.00580221
0.372707 0.00510219
0.355259 0.00050532
0.351501 0.000669675
0.387837 -0.00840491
0.356244 -0.00951443
0.336662 0.00850761
0.3463 0.00745489
0.300574 0.0132588
0.328837 -0.0027394
0.338659 -0.00342033
0.300745 -0.000456216
0.315669 -0.00440644
0.372557 0.0112246
0.333586 0.0314245
0.327264 -0.00670437
0.329841 0.00222571
0.33176 -0.00656179
0.335052 0.000861973
0.3088 -0.00448836
0.36074 -0.0164981
0.279178 0.00766634
0.24798 -0.000128201
0.274537 -0.00868298
0.296264 0.00582521
0.266926 0.00572456
0.261723 -0.00078553
0.336361 -0.0185126
0.290853 0.000239081
0.338651 -0.00431754
0.39156 -0.00442615
0.361644 0.0210817
0.28768 0.00181546
0.291571 0.00955873
0.338705 0.00208509
0.361957 0.00216049
0.402044 0.00165642
0.384475 0.00526549
0.375979 -0.0100162
0.409462 0.0131396
0.447409 0.0178798
0.381732 -0.0156524
0.343926 -0.0113446
0.31496 -0.000491111
0.347751 0.00379494
0.340906 0.00530158
0.357607 0.000673907
0.339625 0.00855724
0.37828 0.00576978
0.33469 -0.00227629
0.4018 0.00295471
0.337521 -0.0180983
0.409714 -0.0282258
0.330423 0.0246023
0.308221 0.0135174
0.330371 0.00327277
0.319092 -0.0182841
0.354281 0.0102437
0.300981 0.0112699
0.307826 -0.0109114
0.325475 -0.0288806
0.440593 -0.0207688
0.393558 0.00229879
0.364969 0.00239623
0.427567 -0.00147286
0.452228 -0.00759405
0.469253 0.0119214
0.434635 0.0140816
0.387021 0.00742249
0.420771 -0.00580153
0.358145 -0.0179512
0.41517 -0.00612374
0.431372 -0.00171886
0.381377 0.00852902
0.331569 0.00980817
0.322634 0.00639093
0.308212 -0.00363232
0.240915 -0.0092645
0.317255 0.0147237
0.36709 0.0159763
0.340005 -0.00207486
0.327665 -0.0240491
0.36557 -0.00914587
0.307676 0.0167186
0.237007 -0.0205044
0.208586 0.00446588
0.235858 -0.000638264
0.327419 0.0127378
0.337589 -0.0086522
0.332933 -0.00152625
0.332526 -0.0234116
0.352662 -0.0134254
0.300031 0.0241737
0.349515 -0.00710371
0.25896 0.0041623
0.28832 -0.00767688
0.306321 -0.00883535
0.319105 -0.0119062
0.331078 0.0148882
0.281497 -0.0119837
0.351806 0.0129416
0.365073 -0.0174766
0.364396 -0.0118168
0.334435 0.0124965
0.288434 -0.0231941
0.334321 -0.00787949
0.362803 -0.0173417
0.39873 0.00943895
0.390254 -0.0110901
0.31341 -0.00090182
0.32656 0.000917878
0.368346 -0.00895645
0.321908 0.00769918
0.32096 0.000675728
0.409218 -0.00531309
0.293066 -0.00216292
0.318766 -0.024937
0.275625 0.00704646
0.328214 -0.0237789
0.322707 0.00349286
0.407444 -4.19157e-06
0.36648 0.0034646
0.314057 -0.00207022
0.316806 0.0227816
0.299161 0.0107281
0.323259 0.00843215
0.243196 -0.0203331
0.278508 -0.0126741
0.242909 0.00696275
0.302348 0.0263407
0.251974 0.0110903
0.285748 0.0174496
0.340487 -0.0299525
0.393706 -0.030627
0.306304 0.00658958
0.31351 0.0108637
0.271598 0.0276336
0.269288 0.0274568
0.353296 0.0556692
0.325591 0.000747051
0.368388 0.00605624
0.395469 0.00602424
0.353491 0.0126251
0.284184 0.0161004
0.301422 0.00279644
0.309041 -0.00614542
0.250082 0.0289783
0.266673 -0.00619744
0.249465 0.0235378
0.330195 0.00537214
0.334994 -0.00203604
0.434154 -0.0100245
0.428255 -0.0176347
0.369654 0.000451262
0.383332 -0.000633878
0.373136 -0.00281088
0.320123 -0.00369788
0.306333 -0.014628
0.284953 -0.00690386
0.336863 0.0142082
0.319887 -0.00754208
0.323778 0.0230691
0.382363 0.0172937
0.357949 -0.00732235
0.337261 -0.0110697
0.348936 -0.00723454
0.36481 -0.00591676
0.335235 7.45457e-05
0.314801 -0.0142374
0.332134 0.0128471
0.337343 -0.0147705
0.358314 -0.0133679
0.37327 -0.00221547
0.345574 0.00393828
0.385371 -0.00306786
0.423041 -0.0130859
0.31532 -0.0294231
0.389284 -0.00434888
0.46241 -0.00875718
0.437632 0.00898452
0.31825 -0.00900514
0.365246 0.00876943
0.294931 0.00482821
0.335932 0.0253053
0.260435 0.0253685
0.34596 -0.0230038
0.306063 0.00328352
0.304334 0.0162697
0.273138 -0.00219521
0.273944 -0.0159638
0.23125 0.00305331
0.321054 -0.0162109
0.35746 0.0010576
0.363786 -0.0121834
0.264798 0.0360894
0.291776 0.00434836
0.329209 0.0194148
0.335345 -0.00789676
0.358968 0.014506
0.316085 0.018379
0.28669 0.0137331
0.340952 0.00634654
0.430917 0.0150762
0.365947 0.0393299
0.300979 -0.00602914
0.2912 0.00700967
0.298499 0.0104797
0.295579 0.00242974
0.357141 0.00222681
0.353358 0.0112952
0.353529 0.00424324
0.355729 0.0127175
0.404594 0.0206707
0.38229 0.0321829
0.418208 0.00993888
0.454392 -0.00263599
0.419669 -0.0223605
0.403826 0.00936782
0.382545 -0.00535632
0.280326 0.00678027
0.248309 0.00472707
0.311665 -0.00247442
0.414961 -0.0116178
0.344231 -0.0179532
0.244382 -0.00800366
0.251969 -0.0347582
0.275319 -0.00365819
0.337545 0.0060576
0.328395 -0.0121684
0.38238 0.022081
0.311719 0.0185192
0.364679 0.0241005
0.368056 0.0110701
0.291717 -0.000775055
0.450447 0.0272455
0.344207 0.0116237
0.348667 -0.0127651
0.373105 0.0170858
0.331236 0.0196336
0.372303 0.00454011
0.351523 -0.00145426
0.354264 0.000515741
0.386718 -0.00409537
0.378458 0.0137782
0.318029 0.0148472
0.263329 0.00449457
0.375459 -0.00592928
0.344311 0.00113079
0.422035 -0.00648083
0.330092 -0.0108852
0.380803 0.00321759
0.381148 -0.00211958
0.367183 0.00993501
0.381589 -0.0054577
0.431369 -0.00142237
0.393423 -0.00554406
0.425565 -0.00435096
0.300619 -0.00656105
0.343355 0.01741
0.284826 0.0124644
0.320866 -0.0394298
0.31698 -0.0263003
0.295915 -0.00998395
0.293658 -0.00714139
0.329218 -0.00412539
0.360914 -0.00218933
0.339085 0.0100784
0.336917 0.0217273
0.330852 0.00731472
0.300162 -0.0138443
0.311306 0.000926987
0.260265 0.0128317
0.291984 0.0142599
0.329213 -0.0176178
0.285924 0.0246054
0.2954 0.0124588
0.261381 -0.0142362
0.266863 -0.00220149
0.316626 0.00327453
0.335633 -0.0138607
0.25988 0.00602475
0.278821 0.00464743
0.329785 -0.0143305
0.300641 0.00364166
0.305126 0.00201135
0.295737 0.0150076
0.301862 -0.00391998
0.3332 0.00349857
0.296972 0.00504675
0.322139 0.00493973
0.357168 -0.00782595
0.387774 -0.00438047
0.370076 0.00379718
0.316891 -0.00571079
0.380341 -0.0152316
0.393684 -0.00920483
0.384308 -0.0259389
0.370114 0.00349306
0.284401 0.0343164
0.301548 0.00373568
0.397742 -0.00332269
0.417589 -0.0148182
0.363953 -0.0176402
0.331981 0.0243506
0.301705 0.00262666
0.34259 0.00554556
0.380314 0.00222433
0.346987 0.00761879
0.315466 -0.0372601
0.408852 -0.0114168
0.340472 -0.00386899
0.371045 0.0143838
0.349492 0.00404873
0.27577 0.0194234
0.303437 -0.00777647
0.359427 -0.0241577
0.388536 0.0039936
0.406472 -0.00164598
0.301048 -0.0191672
0.36267 -0.0175339
0.364929 0.0109771
0.304121 -0.010976
0.373125 0.0108096
0.346445 0.0173481
0.296522 0.00860812
0.367938 0.0098237
0.402391 -0.0148747
0.40762 -0.00636574
0.362165 0.00440786
0.377686 0.00163979
0.417222 0.00785412
0.34902 0.000193289
0.406358 -0.00818251
0.396064 0.00352917
0.406064 0.0180094
0.40063 -0.00153959
0.381464 -0.0187775
0.379509 -0.0339254
0.276124 -0.0494305
0.302827 -0.0206796
0.359748 -0.0123687
0.328166 -0.017976
0.385117 0.00398254
0.396491 -0.00372037
0.353181 -0.0107081
0.388523 -0.00610807
0.317413 0.00147005
0.297936 -0.017891
0.319756 -0.0140863
0.256663 -0.0158917
0.287379 0.0129506
0.263127 -0.00323367
0.277645 0.00873059
0.206785 0.0124138
0.235648 -0.00641343
0.349135 -0.00503969
0.372325 -0.0136711
0.378648 -0.0100706
0.342634 -0.0277838
0.371559 -0.00657677
0.303962 0.00922941
0.360869 0.0201273
0.411217 0.0011121
0.402656 0.000705716
0.415221 0.0138619
0.39703 -0.0151078
0.457354 0.0210944
0.403889 0.00341023
0.332944 -0.0168992
0.444917 -0.0301534
0.458976 -0.0162073
0.495344 -0.011402
0.408422 0.0168893
0.414415 -0.0148805
0.358514 -0.00510001
0.370574 0.00131126
0.42056 -0.0085462
0.365071 -0.00767401
0.30941 0.00471226
0.330575 0.0179297
0.356931 -0.0105237
0.347358 0.00613613
0.34746 -0.0200941
0.344603 0.0231193
0.360494 0.0111331
0.374646 -0.0145629
0.310962 0.0272074
0.369559 -0.00945452
0.285281 0.011999
0.288477 0.0024445
0.249967 0.0213583
0.267468 0.000161089
0.333746 0.0154736
0.29869 -0.0090985
0.308329 -0.00179047
0.392892 -0.0149451
0.437112 -0.000760653
0.432405 0.00431173
0.376496 -0.00514785
0.438835 -0.00271963
0.331147 0.0158252
0.298647 -0.00051021
0.330359 0.0218539
0.321138 0.00837028
0.353171 -0.00343459
0.417107 -0.00470977
0.438707 -0.00328553
0.346842 -0.0041153
0.346933 -0.000855804
0.386952 0.00856991
0.414071 -0.0109739
0.390942 0.0132622
0.294004 -0.00202983
0.305553 -0.0177763
0.291571 0.00311211
0.297614 -0.00901464
0.327645 0.0256734
0.356153 0.0129976
0.315702 -0.0173728
0.348812 0.00825563
0.324543 0.00755217
0.316454 0.0107324
0.267504 -0.0221412
0.31115 -0.0173171
0.319811 -0.00572124
0.349689 0.000137524
0.271369 0.0112161
0.226517 -0.0237721
0.264476 0.0175088
0.289146 0.0126547
0.222957 -0.0131124
0.295686 0.000231122
0.384662 0.00947119
0.341549 0.0152327
0.364266 -0.033742
0.368434 -0.00439564
0.359446 0.002881
0.338457 -0.00223497
0.289047 0.00721948
0.303865 0.00353011
0.450218 0.0100327
0.432966 -0.00518712
0.42743 0.0257295
0.35871 0.00365801
0.368856 -0.0190734
0.384926 0.0119572
0.345671 0.00926011
0.354882 0.0198496
0.37038 0.000899219
0.264831 -0.0222924
0.284967 0.00419392
0.309427 -0.00198671
0.265993 0.0173361
0.307151 0.0172375
0.343799 0.00582306
0.302377 0.0186745
0.326395 -0.00973259
0.269787 -0.0282519
0.329643 -0.00658671
0.296787 -0.0120536
0.318533 0.00571431
0.35094 0.0107652
0.344724 -0.00399874
0.342751 0.0114051
0.364667 -0.00392884
0.38951 0.00742768
0.356828 -0.00108004
0.32707 0.00723951
0.288865 -0.00229122
0.268411 0.0198924
0.307131 0.00610091
0.311335 0.0113127
0.349506 -0.00856796
0.327853 -0.0503779
0.401956 -0.0237221
0.367395 -0.0129743
0.453956 0.00816822
0.326125 0.0383659
0.313868 -0.0167822
0.331756 0.0052394
0.384518 -0.00498353
0.391552 -0.00711309
0.369745 -0.00912472
0.292745 -0.00156993
0.283498 0.0225374
0.30037 0.00530502
0.253195 0.0271362
0.255531 -0.00720719
0.277257 0.0236518
0.360517 -0.00285595
0.43028 0.0118788
0.294336 -0.000322999
0.340648 0.00976068
0.351574 0.00288649
0.416447 -0.0220994
0.388274 -0.00194879
0.377523 -0.00150625
0.379065 0.0178353
0.30384 0.00581605
0.31834 -0.00227145
0.342822 0.0109628
0.364828 0.00321121
0.320985 0.000226046
0.361566 0.0104694
0.304356 -0.0138268
0.29106 0.0145033
0.263163 0.00537928
0.286393 0.0225775
0.292401 0.0130449
0.381418 0.011341
0.363058 0.0175707
0.431007 -0.00865949
0.414759 -0.00562029
0.380283 0.00331378
0.426603 0.000319831
0.363018 -0.000273237
0.338436 0.0218183
0.337026 0.0126079
0.258949 0.0043558
0.355829 0.0163588
0.362481 0.0094202
0.331468 -0.0026566
0.316803 -0.0157792
0.246524 0.015644
0.28333 0.0174568
0.268761 0.00601471
0.316495 0.00618455
0.232641 0.000868104
0.244001 0.0211697
0.352945 0.00286232
0.307562 -0.00060462
0.304957 0.0137498
0.297977 -0.0152955
0.301367 -0.00557024
0.318932 0.00481872
0.290682 0.0211282
0.355477 0.01613
0.356974 -0.00783521
0.28152 0.0124817
0.33445 0.00147071
0.385701 0.0014891
0.29544 0.00671477
0.320693 0.00275767
0.407306 0.00793511
0.286982 0.0265769
0.343465 -0.00913304
0.301144 0.00983742
0.274724 -0.0263786
0.26859 -0.0392668
0.204067 0.00120003
0.278913 -0.00898954
0.325057 -0.00236225
0.290137 -0.000676615
0.253318 -0.0265625
0.338648 0.0129444
0.350522 -0.0146176
0.356913 0.0249857
0.350433 -0.0096979
0.366232 -0.025936
0.371383 0.00261639
0.308844 0.00486736
0.337779 0.00488786
0.38448 0.0017993
0.314404 0.026468
0.28671 0.0118437
0.305894 -0.00615818
0.322004 0.0124424
0.336085 -0.00937363
0.328281 -0.00212128
0.337668 -0.0150442
0.289364 0.00307291
0.247844 0.0216092
0.14067 0.00371916
0.182416 0.0211193
0.235442 -0.0182555
0.172358 0.0090427
0.235952 -0.0179218
0.268294 0.00994077
0.222205 0.00408155
0.183952 0.0214045
0.22714 0.003415
0.239754 0.00677897
0.293837 -0.00207761
0.222896 0.0285449
0.257133 -0.00956075
0.244805 0.015975
0.265462 -0.00274027
0.322279 0.00179444
0.288908 0.00433757
0.299783 0.00801574
0.348369 -0.00826299
0.37143 -0.00710908
0.36431 -0.00410724
0.338554 0.00861025
0.425943 -0.0202407
0.386894 -0.00299635
0.431525 -0.0234594
0.370997 0.0040397
0.411952 -0.0131331
0.346221 0.0277593
0.314183 0.00390903
0.329251 -0.00111532
0.316992 -0.00898555
0.298297 0.00793435
0.328805 0.000761994
0.352275 -0.0324205
0.319277 -0.0042011
0.305774 0.000886656
0.283097 -0.0175299
0.417552 -0.0123933
0.513736 0.00690029
0.377177 0.0020008
0.339487 -0.00842384
0.344641 0.00885219
0.331034 -0.00496893
0.38373 -0.0112076
0.385934 0.0124809
0.405374 0.0113852
0.342273 0.019759
0.357543 -0.0339623
0.42851 -0.0134451
0.39812 0.0365797
0.409639 -0.013205
0.432634 -0.0189185
0.343255 -0.0133809
0.377854 -0.0170765
0.333833 -0.000614355
0.321699 -0.0127193
0.34793 -0.000487509
0.402764 0.000548099
0.309101 0.0200374
0.377751 0.00294481
0.313962 0.0193946
0.327699 -0.0116963
0.327903 0.00927405
0.3873 0.0132392
0.287056 -0.0136928
0.284928 0.00764467
0.270925 0.0174996
0.374135 -0.00323568
0.3292 0.00597256
0.320193 -0.0131801
0.36842 -0.00469369
0.306315 0.00319483
0.341784 -0.0120873
0.355884 -0.00521644
0.314728 0.00301452
0.28016 0.0145989
0.242156 -0.027457
0.302234 0.0165567
0.360835 -0.00123981
0.38496 -0.00766951
0.266419 0.0019693
0.290788 -0.00749223
0.435362 0.00188817
0.427989 0.00115467
0.434622 0.00414034
0.481033 0.00555134
0.445273 -0.00668849
0.392365 -0.000422394
0.477859 -0.00259322
0.46586 0.0035799
0.390357 -0.0116704
0.345582 -0.00531678
0.287977 -0.0272673
0.303899 0.0153548
0.268298 0.0202541
0.283352 0.00161544
0.370689 0.00615576
0.368288 0.00647002
0.325185 0.0172936
0.378512 -0.00781021
0.415288 -0.0174819
0.413522 -0.00406426
0.355577 -0.0236824
0.381668 -0.0016301
0.417485 -0.00974841
0.308722 -0.0031125
0.295794 -0.00595693
0.353038 0.00990096
0.352296 -0.00599318
0.372491 -0.0317198
0.303503 -0.00442183
0.271137 -0.0192577
0.337333 -0.00732504
0.340723 0.00144848
0.325615 0.0102173
0.286751 -0.000635194
0.280761 -0.00155673
0.32017 -0.0126582
0.300784 -0.0121182
0.312735 -0.0159461
0.296355 -0.0261651
0.33362 0.00710068
0.368744 -0.0163086
0.260906 0.00314986
0.240135 0.000879555
0.352294 -0.00250594
0.343261 -0.00507263
0.373951 0.0229134
0.355412 0.0179837
0.349976 -0.0165247
0.355596 0.00576094
0.475961 -0.0113452
0.428706 0.000948852
0.390635 0.00801777
0.413836 -0.00495058
0.474441 0.00157446
0.416272 -0.00744667
0.498595 0.0169947
0.411412 -0.00541975
0.380135 -0.00140312
0.4658 -0.0214511
0.467451 -0.0121949
0.471143 0.0093816
0.450228 -0.00566929
0.389117 0.0192878
0.426545 0.0076877
0.348585 -0.0136401
0.404367 -0.00755068
0.391929 0.00795671
0.401784 -0.00555434
0.374778 -0.00843703
0.314021 0.00742117
0.358957 -0.0303546
0.377729 -0.00307335
0.285594 -0.0053409
0.367657 0.0158996
0.312138 -0.0213899
0.336297 -0.00497932
0.388064 -0.00108871
0.367708 0.0105333
0.318087 -0.00960062
0.349072 0.0077514
0.370526 0.00529199
0.371029 -0.00741956
0.379414 -0.00831532
0.345379 -0.00518598
0.338046 -0.00528395
0.347255 0.00186163
0.316871 -0.00055308
0.276434 0.00222062
0.297526 0.01029
0.274474 0.0129373
0.280093 0.00937576
0.324421 0.00734033
0.331434 0.00210188
0.308669 0.00853733
0.337883 0.00995826
0.350281 0.0135001
0.371353 0.011296
0.301282 0.0168959
0.286831 0.0285418
0.253754 0.00708212
0.275712 -0.00902422
0.308931 -0.00159708
0.312749 0.00505407
0.329014 -0.00891818
0.34706 -0.00895849
0.364388 -0.00694201
0.385812 0.0115168
0.353337 -0.0158533
0.333222 0.00422031
0.370999 0.010924
0.261255 -0.0322292
0.253833 0.0141888
0.269113 0.010642
0.293684 0.00677532
0.33536 0.0472168
0.226109 0.00744401
0.336169 -0.02307
0.343708 0.0198002
0.326328 0.0142148
0.327435 -0.0294447
0.385236 0.0305354
0.427123 0.00275472
0.35935 -0.00587131
0.431724 -0.0111759
0.364184 -0.0147861
0.384815 0.00132759
0.2669 0.00811765
0.292661 -0.00777479
0.235067 0.000691592
0.336227 -0.00144986
0.285501 -0.0193458
0.199032 -0.026642
0.326161 -6.53091e-05
0.367098 0.00451777
0.338599 0.00545474
0.285052 -0.00747454
0.331766 -0.0112263
0.3206 -0.0148036
0.309198 -0.000748044
0.314852 -0.0206813
0.317885 -0.0263056
0.363573 -0.00749649
0.440016 -0.000568248
0.399666 0.00385515
0.347076 0.00763218
0.289449 -0.0101273
0.322851 0.00579313
0.315993 0.0055586
0.343462 0.0147259
0.280483 -0.0102644
0.39348 -0.00625538
0.461785 0.00466568
0.408361 0.0125893
0.381468 0.00561331
0.314137 -0.00668961
0.41133 0.00159968
0.32049 -0.00150494
0.290679 0.000975694
0.290946 0.00571974
0.357273 -0.00134207
0.312939 -0.00089452
0.412568 0.00874955
0.393833 0.00284521
0.394858 -0.0226036
0.333805 0.0149796
0.290963 0.0160662
0.240873 -0.0033216
0.257199 0.00681132
0.267427 -0.0077075
0.238478 0.0158108
0.315653 -0.00175981
0.274524 -0.0113642
0.274839 -0.0198871
0.336586 -0.0226833
0.332542 -0.000671577
0.398009 0.00869748
0.39928 -0.0117955
0.447693 0.00129263
0.361098 0.0076319
0.396263 0.00971576
0.363347 -0.00240405
0.433807 -0.00391831
0.416219 -0.0108659
0.377713 0.0178411
0.427868 -0.00350173
0.340564 0.00324335
0.458141 -0.00546834
0.426438 0.00389666
0.440623 0.00388189
0.414363 -0.0174312
0.38411 0.0019673
0.444253 -5.7265e-06
0.404639 -0.00634948
0.407615 0.00931195
0.459899 0.0136298
0.354796 -0.0139157
0.412084 0.00894144
0.309822 -0.0047058
0.337856 0.0155676
0.337001 -0.00516922
0.415363 0.00496768
0.436425 -0.000884362
0.332136 0.00936762
0.267993 0.0111093
0.25863 0.0184888
0.27068 -0.00859166
0.258396 -0.00401555
0.257179 -0.00530426
0.365618 -0.00883604
0.317418 -0.0074845
0.275013 -0.00175636
0.366152 0.0149688
0.341296 -0.00312086
0.384138 0.00764772
0.360527 -0.00641801
0.384999 -0.0077282
0.39624 0.00981181
0.349499 0.00720174
0.338139 0.0090934
0.385042 0.0035563
0.388325 0.00336248
0.401847 0.00548097
0.274601 -0.0172078
0.332963 0.00231313
0.349248 -0.0122516
0.435361 0.00313491
0.371115 0.0134116
0.344398 0.00281362
0.409114 0.0198671
0.396468 -0.0136207
0.332302 0.0158566
0.327522 0.027381
0.26691 -0.00966429
0.363014 0.00601852
0.29087 0.00533302
0.331567 -0.00459219
0.315171 0.00348331
0.296838 -0.0186366
0.308428 -0.0170899
0.256921 -0.0308578
0.331039 -0.00442316
0.297809 -0.0244697
0.356563 -0.00607696
0.373225 -0.00675442
0.365954 -0.0106565
0.391305 0.00655852
0.398118 -0.0105001
0.361794 -0.0188112
0.369025 -0.00109078
0.386557 -0.0075282
0.385827 -0.00344764
0.338238 0.0244765
0.314416 0.00289766
0.274992 0.0175181
0.336967 0.02543
0.350934 -0.0161304
0.407056 -0.00268182
0.416408 0.01571
0.394186 -0.0156766
0.393487 -0.0192877
0.40414 0.00347904
0.463149 -0.0119309
0.431248 0.00563737
0.527168 -0.00396975
0.465301 0.00728152
0.434458 0.0198144
0.362413 -0.00786974
0.381213 0.0154206
0.491189 0.0189038
0.393668 -0.00939168
0.432967 0.0238734
0.345092 -0.0105084
0.353396 -0.0065029
0.355079 0.00617149
0.336139 0.010064
0.324995 -0.0220465
0.290822 0.0130502
0.275097 -0.00182866
0.291594 -0.00680285
0.353245 -0.00279431
0.319397 0.0121687
0.364824 -0.000762254
0.315085 0.00462602
0.304543 0.00260922
0.311464 -0.00796817
0.30048 0.000692968
0.268558 -0.0217142
0.343145 -0.00290968
0.271252 0.00385837
0.354543 0.00456412
0.290953 0.0100766
0.346826 0.00630576
0.304656 -0.0218167
0.331098 0.00116803
0.38751 0.000271242
0.307209 -0.0118988
0.414982 0.0185929
0.428521 0.000193109
0.33751 0.0189738
0.328056 -0.0107359
0.345396 -0.0151255
0.393748 -0.00505536
0.368356 0.0126044
0.315865 -0.00687412
0.314921 0.0199145
0.278308 0.0178558
0.240929 -0.00241484
0.330723 0.00821544
0.297481 0.0101142
0.278505 -0.00365443
0.290223 -0.0113389
0.317384 -0.0132544
0.418522 -0.00705344
0.362804 -0.0130656
0.386442 0.0170043
0.323654 -0.00790628
0.335559 0.00735631
0.34718 0.00279291
0.310375 -0.0284599
0.414637 -0.00800831
0.332828 -0.0010325
0.362267 0.0084869
0.370136 0.00233762
0.306299 -0.0143678
0.253675 0.00453576
0.243659 0.00702491
0.27063 -0.0139746
0.326669 0.00275504
0.343068 0.00106545
0.279908 -0.0199485
0.322618 -0.0101137
0.275672 0.0244106
0.345355 -0.000607094
0.347193 -0.00216448
0.302349 -0.0015104
0.368651 -0.00123134
0.308447 -0.0174016
0.261225 0.00428021
0.300165 -0.0172888
0.355046 -1.86453e-05
0.400313 -0.00520507
0.359946 -0.0180483
0.356119 0.00566119
0.337745 -0.00404827
0.334729 0.0197933
0.309767 0.00708129
0.330208 0.0243801
0.347943 0.016213
0.298015 0.0112619
0.242269 0.00651694
0.283373 0.00206196
0.296896 0.0141366
0.362537 -0.0231854
0.342855 0.00334632
0.318108 -0.00430091
0.265834 0.000647182
0.32326 0.0216418
0.412008 0.00685089
0.313016 -0.00690688
0.321743 -0.00194084
0.311833 -0.00701686
0.259011 0.00684194
0.287476 0.00189451
0.306277 0.00527752
0.331863 -0.0173912
0.311596 0.0340479
0.405259 0.00381606
0.389082 -0.0230708
0.405776 0.00420691
0.407901 -0.00880633
0.403338 -0.0032366
0.436669 -0.00306307
0.352795 -0.00536523
0.456328 0.000139384
0.450381 0.00709323
0.402293 -0.00276681
0.429711 0.015435
0.367557 0.000707565
0.394744 -0.00179603
0.448461 0.00425074
0.415037 0.000178041
0.420758 -0.00958275
0.391954 0.00569456
0.394854 -0.00368626
0.37326 0.0022957
0.318032 -0.000229388
0.390345 -0.00490037
0.399903 0.0166101
0.324248 -0.0126485
0.317391 0.0092254
0.30004 0.0179777
0.303404 -0.0165399
0.353241 -0.00141102
0.293595 -0.00690883
0.311423 -0.00103364
0.42514 -0.00594978
0.42603 -0.00134748
0.403923 0.00989146
0.373875 0.00374429
0.371078 0.00282571
0.333978 -0.00179267
0.337801 0.00813515
0.225554 -0.0113661
0.240444 0.0126131
0.321798 0.0276772
0.249028 0.00557106
0.281072 -5.16491e-05
0.392425 -0.000131362
0.390259 -0.00282408
0.392503 6.81158e-05
0.285382 -0.0210776
0.319998 -0.00785724
0.333037 -0.00909454
0.318775 0.0184763
0.375225 -0.00641425
0.315429 -0.00628392
0.284555 0.00118585
0.402816 0.00419401
0.343006 0.0026259
0.373912 -0.000524714
0.417719 0.0151328
0.412398 0.0220408
0.301898 0.0316119
0.388208 3.42165e-05
0.360485 0.00647934
0.33126 0.0032232
0.288838 -0.0152814
0.31045 0.0279972
0.28653 0.0134165
0.306751 0.0099543
0.395399 -0.00325784
0.319304 -0.012059
0.349858 0.0104292
0.356417 -0.0127833
0.279099 0.0136538
0.281556 0.0116381
0.216631 0.0124338
0.312651 -0.00904057
0.293313 -0.00917154
0.270416 -0.00356682
0.263281 0.0147743
0.270853 -0.0111563
0.253001 -0.00819005
0.281881 0.0294438
0.234034 -0.00443674
0.23419 0.0149801
0.266919 -0.00590967
0.294397 -0.000823814
0.177776 0.0293902
0.169948 0.0123062
0.184156 0.0272593
0.287521 -0.0127783
0.261599 -0.0135914
0.207816 -0.0272629
0.232917 -0.00309962
0.305546 -0.000384905
0.347294 -0.001509
0.385876 -0.000517277
0.359441 0.018969
0.389497 -0.00971956
0.350064 -0.011905
0.391013 0.000481203
0.333255 0.0027818
0.353741 0.0184642
0.352725 -0.0209339
0.341795 -0.00450679
0.354277 0.00283545
0.323734 0.0180884
0.413603 -0.00789732
0.421817 -0.00181725
0.275283 0.0144536
0.326781 -0.00173561
0.279346 -0.0171484
0.269676 -0.0360173
0.249537 0.0221557
0.245242 0.00763856
0.318877 0.0199439
0.281325 0.0106443
0.273746 0.0154581
0.27758 0.00668191
0.368182 -0.000228198
0.340248 -0.00524985
0.448067 0.0202684
0.394254 -0.0232261
0.374892 0.000623042
0.357045 -0.00441599
0.362697 0.0250163
0.416511 -0.0265338
0.341784 -0.00329149
0.329076 -0.00345882
0.26931 -0.00689549
0.317222 0.00334414
0.326622 0.0098571
0.335704 0.00317524
0.279764 -0.00699116
0.273241 -0.000895056
0.293507 0.00249016
0.284924 -0.0106361
0.20589 -0.0214031
0.35535 0.000897593
0.371686 -0.0118332
0.391059 -0.0149856
0.376645 -0.00461723
0.359276 0.0155605
0.411609 0.00318577
0.385225 -0.00200116
0.326582 0.00550362
0.298204 0.0143318
0.30605 0.0182544
0.225631 -0.0255232
0.27903 0.00319908
0.223632 0.0125025
0.231929 0.0419205
0.188317 -0.0173891
0.237859 0.0206365
0.325526 0.00568972
0.320047 0.0117908
0.278729 0.00401192
0.332451 -0.00723882
0.289468 -0.0134816
0.32183 0.00112467
0.36816 0.0163537
0.380378 -0.00545211
0.307367 -0.00149673
0.364406 0.013851
0.275968 0.000420416
0.26986 -0.00822679
0.328859 0.00993379
0.306331 0.00612579
0.314036 -0.00323874
0.337099 0.00486659
0.260465 -0.0325649
0.292192 -0.0279413
0.346438 -0.0100707
0.307668 0.0026781
0.3366 -0.00637221
0.345515 0.00378614
0.35768 -0.0280325
0.324711 -0.00825216
0.339716 -0.016314
0.251468 0.00173485
0.267517 -0.0116416
0.255326 -0.0001585
0.279053 -0.0113649
0.234943 -0.0117783
0.392122 0.00568348
0.331087 0.0106422
0.333645 -0.0244862
0.36641 0.00679213
0.406807 0.000564409
0.435053 -0.0034274
0.415954 0.000905273
0.372554 0.00968457
0.419125 0.000810532
0.357455 -0.0106156
0.327565 -0.00450586
0.265266 -0.0132278
0.251898 0.0242568
0.335383 0.00805763
0.340369 -0.0139345
0.336176 0.00302664
0.38815 0.00485852
0.410124 -0.0326209
0.347631 -0.0075946
0.423129 0.0012316
0.336086 -0.0153033
0.34859 0.00929884
0.320819 -0.0392647
0.230599 -0.0106824
0.250767 -0.0268944
0.221343 -0.0288881
0.281459 0.00495956
0.274368 -0.0106047
0.242788 -0.0229007
0.312634 -0.00938215
0.259328 0.0016414
0.286989 0.00800707
0.283411 -0.00161011
0.379587 0.00828317
0.378976 0.00105817
0.393704 -0.0282258
0.346468 0.00246699
0.361279 -0.00563587
0.401843 0.00905618
0.30639 0.00621041
0.290145 0.00296565
0.348101 0.00708122
0.307828 -0.0048732
0.254044 -0.00454993
0.318875 0.0094312
0.360866 -0.0111715
0.355091 0.0128151
0.345119 0.00712105
0.372385 -0.00624062
0.396015 -0.00964722
0.317282 0.0175435
0.260812 0.00397417
0.251897 0.0040107
0.309475 -0.00125227
0.26805 -0.0285251
0.327573 -0.0113072
0.282756 0.00819245
0.393765 -0.0106234
0.368743 -0.0186037
0.397133 0.00230524
0.305789 0.0104814
0.40275 -0.00758314
0.359043 -0.0116458
0.373451 -0.00202069
0.214634 0.0011492
0.349138 -0.0348771
0.352264 -0.0245725
0.350105 -0.0212654
0.315607 -0.0167523
0.284647 -0.0187846
0.222047 -0.057084
0.274632 0.0495559
0.199268 0.0309362
0.213367 0.0151771
0.221469 -0.0151026
0.175952 0.0126255
0.253431 0.0207976
0.351684 0.00273404
0.300179 -0.0026381
0.32485 -0.000572177
0.377065 0.0105024
0.387862 -0.026059
0.452438 -0.00661191
0.37552 -0.00175929
0.3807 -0.00249167
0.367329 0.0128664
0.311349 -0.00675734
0.299348 -0.0274751
0.322993 -0.00530727
0.365698 -0.000166102
0.34104 0.0123687
0.459153 -0.0072185
0.274325 -0.00222867
0.279254 0.0136351
0.323278 -0.0248251
0.274788 -0.00960253
0.329054 0.000555382
0.34033 0.00672249
0.364998 -0.00491549
0.316422 -0.0013879
0.340517 0.00708898
0.350877 0.000779928
0.31794 -0.0108375
0.321817 -0.000250422
0.319602 0.018479
0.327403 0.003899
0.29778 0.0240554
0.32894 0.01786
0.41663 -0.00804333
0.369184 -0.020355
0.334865 -0.00671961
0.238228 -0.0201575
0.229775 0.00247715
0.261669 0.00587198
0.183389 -0.0178601
0.219544 0.0224344
0.269162 -0.00509779
0.299597 -0.0133317
0.292247 0.0255986
0.343713 -0.0060126
0.299892 0.0127255
0.270698 -0.0146914
0.279052 -0.00232488
0.2643 -0.0322526
0.316939 0.00743624
0.379407 0.00400625
0.376873 -0.00313956
0.382503 -0.0152479
0.243043 0.0311579
0.283876 0.00269042
0.310566 -0.0266387
0.323839 -0.0184089
0.318345 -0.010282
0.308988 0.00370094
0.245002 -0.00382119
0.396856 -0.00618187
0.35592 -0.0013658
0.300952 0.0108948
0.378843 -0.00673138
0.333398 0.0219014
0.335799 0.00649999
0.349021 -0.00542528
0.350878 0.0124215
0.335641 -0.010646
0.388635 0.0193265
0.392529 0.00697776
0.402999 -0.0151945
0.43045 -0.0286031
0.419133 0.000531722
0.356883 -0.00890557
0.433997 -0.0181683
0.447367 0.00764814
0.388708 0.0033648
0.436915 0.013615
0.376917 0.0100946
0.398713 0.00269012
0.432922 -0.013269
0.339901 -0.00396865
0.313116 -0.00109816
0.315424 -0.019959
0.325211 -0.00922879
0.431923 0.00757902
0.297738 -0.0131646
0.338581 -0.00166936
0.388791 -0.00276338
0.365379 0.0275215
0.322516 -6.14912e-05
0.332966 -0.0133124
0.30527 0.0124809
0.359606 0.000518674
0.369653 0.0115135
0.320701 -0.0041422
0.343796 0.0147876
0.255698 -0.00875908
0.324479 0.0280037
0.312502 0.0192773
0.36062 0.00328644
0.301846 -0.00391885
0.310767 -0.00079806
0.321969 0.00498347
0.320761 -0.000223607
0.363367 0.0089773
0.384199 -0.0215356
0.29265 -0.000900922
0.351432 0.00474314
0.230108 0.00821661
0.310778 -0.0177307
0.444228 -0.00998818
0.396441 -0.0160302
0.390322 -0.00469641
0.393852 0.0113532
0.354881 -0.00948208
0.391802 -0.00558706
0.293779 0.0123027
0.251014 0.0178116
0.230551 -0.00336993
0.259771 0.00687822
0.24003 0.0094393
0.292757 0.00476349
0.299043 -0.0182464
0.265342 -0.0326316
0.267489 0.00675268
0.248561 -0.040793
0.211353 -0.0118351
0.29548 -0.00237545
0.282264 -0.00624692
0.319448 -0.0108592
0.316627 0.00686966
0.336053 0.0142867
0.28785 0.0153967
0.356267 0.00768952
0.366176 -0.0153069
0.340464 -0.0166101
0.450428 -0.00553107
0.335708 -0.00906064
0.277421 0.004518
0.252419 -0.0195649
0.204945 -0.0197438
0.28974 0.0150332
0.326248 0.0139926
0.34693 0.00225648
0.331988 0.000726757
0.381346 0.00445876
0.310783 0.0135793
0.293315 0.00865594
0.302022 -0.000461952
0.372055 0.0106581
0.397013 0.0157142
0.338685 -0.00725133
0.300183 -0.0204346
0.258904 0.011597
0.335575 0.012367
0.44087 0.0036228
0.383191 -0.0191038
0.368724 -0.019686
0.264152 -0.0179901
0.362938 -0.0140358
0.375353 -0.00443571
0.320387 0.00075201
0.372843 0.0119877
0.394597 -0.00388448
0.443176 -0.00989264
0.386331 -0.01015
0.396775 -0.022226
0.305868 -0.00274142
0.315825 -0.00101097
0.343166 0.00753721
0.25927 0.00269055
0.379042 0.00825568
0.326464 -0.0478077
0.365511 -0.0425884
0.395416 -0.016819
0.277198 -0.00193508
0.272322 0.0274458
0.284451 -0.04768
0.208955 -0.00327566
0.223331 -0.0125585
0.224149 -0.0436372
0.253925 -0.00134598
0.311506 -0.00811649
0.274982 -0.00545729
0.219641 -0.0135933
0.27791 -0.0213039
0.333491 0.00432941
0.355297 0.00794657
0.290042 -0.0266916
0.25128 0.0037169
0.220943 -0.0120615
0.298687 0.0207799
0.24392 -3.08768e-05
0.287608 -0.00101022
0.292228 -0.00216619
0.306476 0.0263921
0.273074 0.0166569
0.273751 -0.0132245
0.277139 0.00654594
0.269949 0.0110458
0.266001 -0.0218538
0.327042 -0.0192644
0.429426 -0.00613201
0.423474 -0.00366683
0.46009 0.00151824
0.417103 0.0122299
0.313913 -0.0103358
0.303239 -0.0078851
0.300463 -0.00854325
0.251323 0.0141419
0.286189 -0.0217665
0.299562 -0.011701
0.246578 -0.00927144
0.303477 -0.00673244
0.268242 0.00439263
0.264819 0.0132572
0.25592 0.00716839
0.198124 0.0117989
0.292845 -0.00905902
0.306334 -0.018431
0.285619 0.0233677
0.243141 0.0164887
0.243383 -0.028676
0.222863 0.0231031
0.255163 -0.00244965
0.274939 -0.00610894
0.299103 -0.00197379
0.244517 0.00572122
0.249778 0.016095
0.253124 0.00201681
0.200812 0.00558773
0.254801 0.0115073
0.19386 -0.0325348
0.214092 0.000732004
0.271801 0.0209584
0.298172 0.0170936
0.243968 -0.000368553
0.2025 -0.0108754
0.274937 -0.00819652
0.213331 -0.00187245
0.186701 -0.00350614
0.281203 0.00364673
0.337021 0.00354345
0.311417 -0.025075
0.271296 -0.00273038
0.325988 0.00114046
0.358154 0.00470017
0.397669 -0.0287643
0.34063 0.00296728
0.420582 0.0407224
0.338796 -0.0156493
0.292811 -0.00836253
0.241234 0.00731542
0.39397 0.00991844
0.320587 -0.000690441
0.337389 -0.00900806
0.294004 0.0159929
0.295986 -0.00536061
0.29901 -0.00196194
0.280975 0.0131692
0.292457 0.00657881
0.319849 -0.0214331
0.343834 0.0309555
0.328416 -0.00933633
0.354082 -0.00996532
0.381111 -0.0205632
0.338181 0.0220876
0.339771 0.0104607
0.273118 -0.0363987
0.333914 0.00476895
0.368504 -0.00133439
0.388047 0.0104756
0.33721 -0.0043412
0.301768 0.0110452
0.290762 0.0049097
0.308076 -0.0128787
0.28279 0.00413818
0.182597 -0.0180585
0.307419 -0.0262743
0.327693 0.00432465
0.296864 0.000694709
0.294326 0.0146054
0.38062 0.00380069
0.434019 0.00781296
0.355548 -0.0153824
0.33386 0.00341099
0.343092 -0.0231222
0.3586 -0.0281787
0.356378 -0.0260741
0.393891 0.00591324
0.35199 -0.016498
0.204139 0.0203921
0.297496 -0.0143894
0.417308 -0.0136628
0.386912 -0.00597553
0.406539 0.00459141
0.31096 -0.00255798
0.31949 0.00465578
0.315766 -0.0170792
0.227745 -0.0112569
0.205846 -0.00174224
0.195951 0.00889207
0.216065 0.0161911
0.146135 0.024879
0.255013 0.000745277
0.314192 -0.0134107
0.361816 0.0161889
0.345429 0.000565392
0.313904 -0.0107728
0.396146 0.0163391
0.393619 -0.015949
0.428391 -0.00327535
0.438706 0.00874986
0.425902 0.0019323
0.416744 0.000753455
0.407544 0.00513696
0.406144 -0.0242921
0.368286 0.00700595
0.267301 -0.0066213
0.330588 -0.00624323
0.359448 -0.00536193
0.316719 -0.0199931
0.348624 0.00873168
0.303408 0.0094731
0.385834 -0.0065494
0.39409 0.0067933
0.463179 -0.00711545
0.382826 -0.0267027
0.366628 0.00776841
0.342216 -0.0111533
0.276704 -0.00966601
0.335283 -0.0107824
0.351381 -0.0021454
0.377099 0.00117438
0.327478 -0.005247
0.4268 -0.0217578
0.371189 0.0132062
0.397185 -0.00726694
0.382719 -0.0107157
0.325941 -0.0136764
0.279511 0.0070303
0.311485 -0.00509815
0.325168 -0.0101791
0.309472 -0.0284012
0.343814 -0.021541
0.369815 0.0055558
0.332367 -0.00064986
0.355019 -0.0106527
0.32828 0.00121906
0.376692 0.00979398
0.479443 -0.00264019
0.460252 0.000460029
0.422558 0.00625288
0.359591 -0.0110077
0.444779 -0.00948956
0.388673 0.000764789
0.421815 -0.00759081
0.368648 -0.0244767
0.365427 0.0146176
0.374906 -0.00667631
0.379129 0.00657828
0.398563 0.0110534
0.436449 0.00152803
0.410832 -0.013141
0.33677 0.00275338
0.379386 -0.00110879
0.365372 0.0097595
0.402755 0.000289625
0.402741 0.0206505
0.404597 0.0224347
0.367548 0.00979964
0.362592 -0.0238947
0.324915 -0.0127512
0.341951 -0.00202162
0.302595 -0.00961129
0.273925 0.0157749
0.324601 -0.00297102
0.378907 -0.0155066
0.424922 0.0074988
0.366265 0.00903347
0.399316 0.0162766
0.446335 -0.0230435
0.411776 0.0140145
0.428178 0.0115044
0.435782 0.000357325
0.410618 -0.00448001
0.380121 0.0178652
0.406637 3.07705e-05
0.371539 0.000197882
0.41134 -0.0139001
0.36278 0.0126741
0.316479 -0.00215547
0.288444 -0.00141121
0.354484 -0.00248763
0.421485 -0.0147875
0.355192 0.0249718
0.398929 0.00223388
0.422421 -0.0207615
0.388442 0.00884554
0.418675 -0.0033077
0.352655 -0.00068626
0.279411 -0.0116771
0.283158 -0.004944
0.2478 -0.0315582
0.272426 -0.0183157
0.355318 -0.00700962
0.339406 0.00790242
0.362832 0.0140654
0.332674 -0.00325611
0.290428 -0.0109467
0.284259 0.00407514
0.306018 0.000580132
0.258156 -0.0015676
0.228113 -0.0177929
0.334922 -0.0123166
0.389593 0.0114373
0.43111 -0.00152614
0.347089 -0.00123452
0.345856 0.0051408
0.330763 -0.015948
0.360652 -0.0138597
0.342423 -0.00817925
0.360921 -0.00523006
0.349149 -0.0070692
0.385252 0.0044112
0.299715 0.00149051
0.410895 -0.0137558
0.398121 0.00934832
0.41145 -0.00764122
0.405678 -0.00547382
0.440756 0.0183937
0.374915 -0.011468
0.314406 -0.000276483
0.363902 -0.00130848
0.361324 0.0147471
0.299359 -0.00300426
0.323153 -0.0111122
0.329081 0.0109778
0.266282 -0.0217536
0.268133 -0.0024674
0.371641 0.00695084
0.298838 0.00804746
0.333147 -0.00378972
0.392172 -0.00169914
0.370419 -0.0170604
0.34016 0.00644096
0.310997 0.0017628
0.320947 0.000441729
0.353161 -0.00342314
0.298428 -8.41414e-05
0.342658 -0.0186126
0.374056 0.00147576
0.350173 -0.00997325
0.364018 -0.0111125
0.287176 -0.0151249
0.205947 0.00415164
0.331518 -0.0137727
0.381277 0.00559891
0.306941 0.00852694
0.2753 0.0170644
0.307006 0.00520285
0.33281 0.0166093
0.354641 0.00665289
0.390553 -0.0103328
0.279663 0.0142927
0.372867 -0.00169782
0.460561 0.0112308
0.438567 -0.0149039
0.389749 0.00778397
0.42993 0.0211217
0.382837 -0.00719826
0.414615 -0.0124921
0.460846 -0.0243711
0.434165 -0.00418957
0.418981 0.000667042
0.476628 0.00646562
0.478257 0.0126099
0.478023 0.00143693
0.453108 0.00237813
0.429257 -0.0068946
0.422924 0.0057352
0.364125 -0.0106895
0.394355 -0.0137281
0.436537 -0.000229866
0.413869 -0.0259856
0.390631 -0.0091844
0.438291 -0.00253892
0.330489 0.0179932
0.373633 0.0105655
0.37288 -0.000596273
0.379836 0.00517078
0.301327 0.0151201
0.315722 0.000188775
0.351395 0.00531733
0.367845 0.00937708
0.328303 0.00169601
0.298121 0.00834155
0.270488 -0.0104517
0.323174 0.012318
0.387838 0.0275838
0.328022 0.0070809
0.314916 0.0114907
0.294939 0.0018548
0.362354 0.011551
0.396439 0.00648941
0.358202 -0.00661146
0.339021 -0.00675637
0.377578 0.00832163
0.430862 0.00379247
0.385201 -0.00111508
0.365077 -0.012231
0.325326 -0.0193416
0.364963 -0.0335832
0.412067 -0.0127435
0.397536 -0.00736818
0.451447 -0.000884824
0.352464 -0.0145341
0.329838 -0.0210905
0.30039 -0.00766608
0.269891 0.0290481
0.233319 0.0128688
0.235466 0.0260124
0.2529 -0.0123788
0.315778 -0.0145278
0.26208 -0.00264725
0.287791 0.0179203
0.255394 0.00864427
0.314816 -0.00468774
0.322824 0.0128671
0.343369 0.000696397
0.358073 -0.00126496
0.391411 -0.0115962
0.400759 -0.00589674
0.301662 -0.0219284
0.317422 0.00621991
0.310251 0.00713651
0.328877 0.0182649
0.365499 0.0246408
0.359514 0.0181668
0.325054 0.00892147
0.2882 -0.00687722
0.321719 -0.00641517
0.309174 -0.0127589
0.331006 0.0177653
0.281177 0.0210584
0.292679 -0.00526702
0.252273 0.00826175
0.262878 0.0108674
0.30027 0.00469784
0.326144 -0.00552944
0.368536 0.0165612
0.34624 -0.00559539
0.352321 0.0027765
0.419158 -0.0153518
0.380724 -0.0110263
0.400323 0.0197344
0.429949 -0.00628248
0.3806 0.0296285
0.413787 -0.00618041
0.39401 0.0083277
0.353648 0.0157112
0.366066 -0.00859153
0.378595 -0.00277157
0.396592 -0.0067554
0.391684 0.0202333
0.288937 -0.014926
0.350749 -0.0214461
0.393547 0.0122175
0.395514 0.00244615
0.391931 0.00138538
0.379792 0.00453582
0.297937 0.000942113
0.30693 -0.0215979
0.306257 0.0168543
0.374006 0.00115628
0.383867 0.000772838
0.391481 -0.00204285
0.33398 0.00638411
0.353079 0.0200455
0.356028 0.0167157
0.337696 -0.0017433
0.299667 0.00936125
0.422805 0.0034451
0.317213 0.010968
0.296329 0.016338
0.385152 -0.018108
0.346496 0.00459749
0.418478 0.00147512
0.401881 0.0101122
0.460687 0.00451898
0.425699 0.00527621
0.363173 -0.00559664
0.434653 0.00682914
0.353172 -0.0115495
0.285466 -0.0242082
0.32 -0.0109474
0.315277 -0.00349357
0.354424 -0.0136543
0.386442 -0.0451903
0.360376 -0.0112386
0.429238 -0.0131578
0.423987 -0.00371421
0.380155 0.00166571
0.348272 -0.0146281
0.366235 0.0036979
0.357838 -0.0155994
0.339324 -1.83307e-05
0.396232 0.0141196
0.29438 -0.00352279
0.265616 -0.00953751
0.322075 -0.00161875
0.316604 0.00598177
0.326217 -0.0128851
0.223338 -0.00473554
0.302467 0.0194553
0.455495 -0.00338622
0.298897 -0.0171242
0.295489 -0.0156774
0.261572 0.00408867
0.229659 0.00239167
0.25891 -0.00226571
0.265994 -0.00876519
0.265184 0.00113471
0.321924 0.0167022
0.316376 -0.00461285
0.271728 0.0107774
0.304222 -0.00955969
0.185713 -0.0200265
0.242795 -0.0115681
0.230476 -0.0142567
0.285763 -0.0229041
0.304651 0.00111537
0.317022 -0.00736272
0.32578 0.0175762
0.342955 0.0053536
0.251626 0.0326837
0.188379 -0.000254165
0.215888 -0.0384517
0.236267 -0.0277548
0.180084 -0.0118003
0.237542 -0.00206628
0.239638 0.0038529
0.253318 0.0256755
0.268898 -0.00443239
0.264093 0.0200317
0.212199 0.0219815
0.255836 -0.01321
0.191515 0.0170972
0.267433 0.0289052
0.279821 0.0138051
0.208264 0.0180426
0.260076 -0.0144152
0.356807 0.00254568
0.324394 0.0209526
0.380369 0.00796776
0.36813 0.0195547
0.331857 -0.0145404
0.295473 -0.00308126
0.217732 0.00217975
0.276676 -0.00426992
0.262706 0.00723144
0.352634 -0.0154274
0.344036 -0.0174144
0.384794 0.00119131
0.340101 -0.00259985
0.348136 0.00243081
0.297985 -0.0207119
0.37966 0.0149799
0.321782 0.00362262
0.315927 0.029251
0.373768 -0.00766948
0.395662 0.00351501
0.330991 0.00287224
0.333287 -0.00427925
0.282252 0.0278947
0.271078 0.00965483
0.294351 0.0106607
0.349706 -0.0247038
0.317461 0.00637563
0.313252 -0.000483912
0.356344 -0.00369051
0.298038 -0.0263428
0.300945 0.0036258
0.258254 -0.000848518
0.409075 -0.00162026
0.263195 0.0130631
0.30118 -0.00631632
0.309318 -0.0111965
0.338643 -0.012294
0.34125 -0.000100359
0.412238 0.0035786
0.33549 -0.0341496
0.327718 -0.00133858
0.289635 -0.00659298
0.318526 -0.00310513
0.443558 0.00397338
0.442628 -0.000515825
0.323894 0.00704262
0.254897 -0.0047176
0.3243 0.01418
0.318956 0.0164452
0.316281 -0.00628763
0.439334 0.0264457
0.369848 -0.00782049
0.31064 -0.0178053
0.240185 0.00860668
0.337972 0.0136926
0.328359 -0.0288707
0.272265 0.0127602
0.310457 0.00933159
0.360825 -0.0151466
0.399293 0.000775943
0.377587 -0.00889937
0.36645 -0.00418215
0.410842 0.00313016
0.29884 0.00531324
0.291186 -0.00604567
0.39673 0.00182379
0.350081 0.000602353
0.372423 -0.00231382
0.296258 0.00123865
0.387328 0.00330672
0.341363 -0.00481652
0.335769 -0.0175861
0.354094 -0.0274856
0.336123 0.0119367
0.358188 -0.00284684
0.413208 0.00321165
0.33439 -0.0185468
0.340295 0.002413
0.274122 -0.00140826
0.277986 -0.00891894
0.382154 0.000824601
0.388162 -0.00437027
0.309082 -0.00729049
0.361999 -0.0236548
0.311728 0.0113097
0.340422 -0.00390642
0.393816 -0.0027264
0.432594 0.0133708
0.33114 0.00182528
0.248708 0.0160508
0.320835 -0.000216946
0.407361 -0.0259072
0.463409 -0.00460739
0.354895 0.00156961
0.297967 0.0258095
0.338733 0.005114
0.308985 -0.00346663
0.344734 -0.00408767
0.35604 -0.00127606
0.391251 -0.00784877
0.335273 0.0193658
0.342019 0.0110342
0.309918 -0.00731319
0.315025 -0.0262232
0.276151 0.0153535
0.267905 -0.00212419
0.228132 -0.0208648
0.260708 -0.00747325
0.344839 0.00883896
0.320855 -0.0238208
0.302803 -0.011349
0.262052 0.00873007
0.271715 -0.0167603
0.340112 -0.00472687
0.281489 -0.0168299
0.356017 0.019893
0.407638 0.00768706
0.352082 -0.00775606
0.323196 -0.00173635
0.331166 -6.1588e-05
0.273376 0.0199148
0.397073 0.0156211
0.333022 0.0161817
0.361173 0.0214356
0.44469 0.0167629
0.412943 0.00151745
0.386544 -0.013232
0.387264 -0.0250499
0.345268 0.00742065
0.356723 -0.00105887
0.368571 -0.00328369
0.329811 0.0155966
0.3021 -0.0169509
0.366946 0.00119704
0.379533 0.015509
0.316717 0.00193574
0.251553 0.00837071
0.19662 0.0236205
0.256951 0.0136503
0.335248 0.00840032
0.319909 -1.77342e-06
0.345404 -0.0130432
0.347124 -0.0100649
0.29646 -0.014078
0.331426 0.0142065
0.436456 0.00677767
0.365138 0.000781777
0.361918 -0.00586801
0.467274 -0.00858685
0.426811 -0.00769147
0.392135 0.0104299
0.414101 0.00549418
0.383187 -0.00096527
0.332673 0.00898225
0.340591 0.00279893
0.323321 -0.00896933
0.325822 -0.0327199
0.379988 -0.0111989
0.339037 -0.0104059
0.332971 -0.0151832
0.289044 0.0024756
0.298372 -0.0124135
0.277347 -0.0350391
0.237862 -0.00276197
0.256273 -0.00854902
0.278661 -0.00736803
0.323135 -0.00513474
0.205554 0.0011368
0.215084 0.00645489
0.177516 0.0258737
0.176274 0.026524
0.229935 0.00321235
0.163516 0.00122129
0.211534 0.0152148
0.167774 0.0220835
0.163733 -0.0212076
0.217113 -0.0019628
0.179304 0.0053649
0.232533 -0.0256652
0.244815 -0.0116618
0.212787 -0.0144209
0.264897 -0.0379746
0.298957 0.0259649
0.287003 0.00610367
0.281579 0.0128
0.257627 -0.0296437
0.3257 0.00398348
0.298089 0.0109974
0.307108 0.0125284
0.248077 -0.00268926
0.217283 0.00648146
0.231926 -0.0132378
0.310128 0.0188266
0.281265 0.00712642
0.371653 0.0216699
0.328294 0.00419185
0.331988 0.00122328
0.403994 0.000110108
0.335758 -0.00126255
0.298053 -0.0184065
0.31653 -0.00547102
0.340497 -0.0317315
0.301712 -0.00576834
0.416422 -0.00472709
0.395424 0.00726687
0.387032 0.00670176
0.415232 0.00326799
0.329977 -0.00704302
0.356379 0.0291306
0.289973 0.02508
0.320962 0.0084012
0.395628 0.00616059
0.376438 0.0012149
0.34331 -0.0300829
0.319921 0.000900977
0.341378 0.0161956
0.338938 0.0099781
0.393513 -0.009448
0.351075 0.00657582
0.34776 0.0167838
0.37672 -0.0121358
0.374583 -0.00893045
0.387545 -0.017958
0.35534 -0.0105626
0.302858 0.00414964
0.339285 0.0154596
0.386166 0.00961224
0.408866 0.0128623
0.357284 0.00476458
0.294461 -0.0336201
0.358549 0.0017303
0.44253 0.0136113
0.384302 0.0205141
0.376514 -0.00946561
0.368881 0.0138519
0.247601 -0.00347506
0.323117 0.00313312
0.306702 0.0105626
0.31886 0.00918225
0.287353 0.00988298
0.320931 -0.0147875
0.298187 0.00529483
0.342664 -0.0069447
0.343914 -0.0258852
0.343633 0.00357109
0.351281 -0.0125576
0.339982 0.00368334
0.34981 0.0274689
0.383609 0.0117263
0.42192 0.0106859
0.334051 -0.00395869
0.349307 -0.0134157
0.373798 0.00926532
0.340707 0.00163488
0.339932 0.000828163
0.312002 0.00859889
0.32332 0.0139473
0.363442 -0.00106846
0.37752 -0.0103298
0.365135 -0.00804791
0.367205 -0.00552877
0.338797 -0.00339871
0.377638 -0.0259931
0.421069 0.00331256
0.429299 0.00710154
0.382779 -0.00069526
0.370076 -0.042609
0.337807 -0.00392848
0.355015 -0.0198376
0.293034 -0.00425117
0.260936 -0.0118323
0.246034 -0.0152677
0.178133 0.00390937
0.186605 -0.0192691
0.192272 0.000134243
0.274421 0.00447186
0.237218 -0.0131678
0.263868 -0.02516
0.213822 0.00783148
0.206604 -0.011729
0.220507 -0.0251642
0.251336 0.0357645
0.223753 0.0242017
0.223646 0.0186139
0.228406 -0.00223209
0.208185 -0.022834
0.239049 -0.0350698
0.233764 -0.0111375
0.164238 -0.00828901
0.151484 0.00893381
0.186564 -0.0110306
0.169113 -0.00194873
0.285368 -0.0240716
0.259754 0.0146208
0.228619 0.0103393
0.247532 -0.00296155
0.191422 -0.0115813
0.2463 -0.0152863
0.251441 -0.0261906
0.181853 0.029947
0.2133 -0.0122242
0.237729 -0.0249908
0.270642 -0.00678239
0.262472 -0.0222841
0.236892 -0.0270343
0.224096 0.0190672
0.285819 0.0222123
0.313021 0.00758725
0.304182 0.0366571
0.303923 0.016859
0.281769 -0.00692051
0.329425 0.0309011
0.311088 -0.00402009
0.324998 0.000120078
0.269959 -0.00837462
0.384393 -0.00421642
0.357921 0.0256529
0.313724 -0.00262728
0.266046 -0.00307747
0.351596 0.0063519
0.327528 -0.016041
0.2912 -0.0154655
0.377534 0.00471691
0.340836 0.00901211
0.360197 0.00305078
0.381337 -0.00739301
0.386154 -0.00632136
0.469003 0.0100548
0.470454 0.0331838
0.361187 -0.0140121
0.455759 -0.000477527
0.444858 0.0118571
0.350983 -0.00487792
0.356654 0.0079771
0.400877 -0.00245608
0.393913 -0.00351295
0.387906 -0.0152323
0.469564 -0.00665551
0.467628 -0.0256191
0.409899 0.00132917
0.450876 -0.00386955
0.437445 0.00134946
0.475089 0.00384746
0.459838 -0.0027749
0.490708 0.0043082
0.447717 -0.00625278
0.438886 -0.0140507
0.398652 0.0160603
0.392801 -0.0125947
0.400398 -0.0176964
0.427721 0.00561383
0.382912 0.000899593
0.403234 0.0165146
0.377483 0.0031788
0.430559 0.00751028
0.434059 -0.00293144
0.373174 -0.00185586
0.433157 -0.00791049
0.417045 -0.001301
0.390073 -0.019961
0.459154 0.00767305
0.395135 0.00475321
0.393966 0.00396091
0.45419 -0.0109486
0.429891 0.010032
0.411252 0.00101368
0.371259 0.00681429
0.345895 0.0190627
0.373724 0.0133153
0.393041 0.000984843
0.378683 -0.00439495
0.396293 -0.00890048
0.41927 0.00915444
0.395113 0.00906027
0.367495 -0.0114431
0.39288 0.0076032
0.360848 -0.00913611
0.310244 -0.0104538
0.246761 0.00759228
0.303016 0.0022693
0.308979 -0.0108863
0.31 0.00309677
0.367127 0.0081483
0.28692 0.0112649
0.272135 0.0134753
0.284334 0.0294055
0.24036 0.00361613
0.226814 0.0259297
0.255807 -0.00247822
0.195819 0.00501397
0.238292 0.0421815
0.253708 0.0130222
0.218395 0.00658752
0.187361 0.0128687
0.228928 -0.0172629
0.214652 0.012957
0.278027 0.0434455
0.21907 -0.0330646
0.18005 -0.0424548
0.252952 0.0202625
0.223718 -0.0291256
0.347917 0.0231205
0.284179 -0.00967785
0.306642 -0.0266883
0.387635 -0.00914924
0.301869 0.0103844
0.26528 -0.0089835
0.266719 -0.00960313
0.400468 0.00902087
0.417975 -0.0125234
0.346982 -0.0192326
0.380967 0.00176809
0.336925 0.00118746
0.382033 0.00674871
0.424986 0.00849651
0.372192 0.00946085
0.335397 -0.00518648
0.283443 -0.0044362
0.311193 -0.00987957
0.30157 -0.0136114
0.325885 0.00603226
0.342566 0.0136503
0.403899 -0.0147978
0.340568 -0.00801764
0.366305 -0.00376614
0.288597 0.0165133
0.275045 0.0109827
0.321954 0.00910454
0.282544 -0.00286391
0.312913 0.00187711
0.295559 0.000967131
0.307264 -0.00302771
0.252436 0.00124973
0.278555 -0.000749771
0.276761 -0.00119383
0.27869 0.00683832
0.271371 -0.0194751
0.29846 -0.0262279
0.309263 0.0239149
0.255077 0.0184768
0.276059 0.0199822
0.265848 -0.00712273
0.301512 0.0110942
0.319375 -0.00891397
0.391687 0.00468067
0.369405 -0.0151559
0.397843 -0.00763682
0.365893 -0.0151581
0.363401 0.00980159
0.408911 -0.00214438
0.368829 0.0199019
0.386444 -0.00245719
0.4 0.0271039
0.399651 0.00157458
0.36779 -0.00938938
0.389416 0.0138788
0.448525 0.0121777
0.358254 0.0287647
0.350472 0.0175038
0.372959 -0.0322711
0.35871 0.00946979
0.331369 -0.00372165
0.36512 -0.00640094
0.321028 -0.00845113
0.395563 0.0107833
0.41954 0.00837051
0.295518 0.00145842
0.309318 -0.00299007
0.247948 -0.0289354
0.250056 0.00908607
0.235537 -0.0127424
0.289878 0.0221817
0.33877 6.21894e-05
0.350488 0.0251879
0.284706 -0.0198452
0.208862 -0.0270557
0.226469 0.0266019
0.276344 -0.0209121
0.259179 -0.0145822
0.270817 0.0290459
0.265538 0.0193532
0.287159 -0.00769819
0.361593 0.0080351
0.308759 -0.0122254
0.402419 0.00120125
0.358903 0.00686027
0.514007 -0.0021756
0.439098 -0.00677331
0.32701 -0.0176599
0.388077 -0.00828266
0.425589 0.00578722
0.397301 -0.00696592
0.415168 -0.00274149
0.421494 0.00185966
0.349669 -0.014092
0.427608 0.00675826
0.320386 -0.00212903
0.300134 -0.0023111
0.245506 -0.00620591
0.277294 -0.0120031
0.236365 -0.00431926
0.298722 0.00364678
0.335358 0.00675321
0.302971 0.00179725
0.33935 0.00128646
0.316485 -0.00469666
0.276785 0.0170588
0.338288 0.0252314
0.364478 0.0189219
0.337685 -0.0112177
0.369069 0.00244197
0.378924 -0.00800668
0.338188 0.00508126
0.293526 0.00324994
0.315812 -0.0334205
0.33915 -0.0262237
0.368692 -0.0464384
0.340779 0.0033718
0.328034 0.008214
0.404339 -0.00280522
0.346002 -0.0137593
0.390062 0.0176914
0.423283 -0.0195866
0.417396 -0.00985774
0.405143 0.00463966
0.255262 0.0141651
0.287666 -0.00708907
0.276455 -2.10584e-05
0.381715 0.00492128
0.261371 -0.00304471
0.290002 0.00485767
0.335089 -0.00748742
0.291556 0.00606519
0.314514 -0.00811146
0.302467 -0.0142987
0.32372 0.0187741
0.345793 -0.00383236
0.353171 0.00209911
0.317107 -0.00960251
0.325411 0.0268749
0.377787 0.0299259
0.383506 0.0273794
0.322559 0.00385513
0.297938 0.00795947
0.316233 -0.0135503
0.305867 -0.0062333
0.252976 0.0214202
0.344874 -0.0134968
0.35589 0.00336379
0.273547 -0.0119723
0.344186 0.0188635
0.317737 -0.00413632
0.344767 -0.00908974
0.318494 0.0209159
0.330048 0.00578341
0.340495 0.00531475
0.351301 0.00805488
0.389594 -0.00205519
0.395857 0.000541997
0.305695 0.00948959
0.312988 0.0149843
0.331809 -0.00099939
0.34361 0.00592114
0.318902 0.0252117
0.277319 -0.0220225
0.230884 -0.00994756
0.274504 0.0233269
0.301217 0.0149053
0.311934 0.00735827
0.313543 -9.8031e-05
0.325591 -0.0079086
0.431256 0.00324531
0.396614 0.010289
0.359873 0.018329
0.447474 0.0133334
0.414483 -0.0126533
0.36931 -0.00381765
0.294493 0.00212467
0.263257 -0.0125219
0.227519 -0.0279298
0.289358 0.00106392
0.288432 -0.0272484
0.40105 0.0110719
0.410151 -0.0115384
0.395345 -0.00590492
0.397543 -0.0100818
0.363599 -0.0214518
0.41119 -0.00273519
0.419639 0.0195181
0.394607 0.0103768
0.341793 -0.00556431
0.3635 -0.00497483
0.233654 0.0222886
0.260447 -0.0223921
0.310434 0.0103343
0.327413 0.00809055
0.357665 0.00485012
0.358854 0.0172461
0.369069 -0.00172165
0.403132 0.00824388
0.344338 0.019114
0.322043 0.00642804
0.388493 -0.0121341
0.335622 -0.0208053
0.386171 0.0188797
0.326889 -0.0013522
0.376927 -0.0271353
0.309245 -0.0212111
0.279649 0.00582988
0.297173 0.00143602
0.293061 0.00339621
0.298837 0.00870388
0.338694 0.0396515
0.366144 -0.00629856
0.292346 0.0104903
0.241796 -0.00379703
0.34467 0.0177665
0.350645 0.020092
0.300824 -0.0135206
0.353819 -0.00190939
0.392272 -0.0101439
0.267096 -0.00810577
0.325123 -0.0109771
0.316084 -0.0055868
0.248503 -0.0332514
0.281524 0.00863498
0.308939 0.0250752
0.405764 -0.00338346
0.417475 -0.00938479
0.369326 0.0362593
0.357769 0.0127919
0.368571 -0.0079779
0.350903 -0.00343995
0.335875 -0.0120626
0.285953 -0.0146895
0.397 0.000969189
0.379416 -0.000728056
0.289138 0.00730724
0.255664 -0.0124468
0.294239 -0.00529464
0.373142 0.0205966
0.309931 0.00706958
0.371731 0.00134204
0.370312 -0.0163104
0.402823 -0.00445762
0.362839 0.017171
0.323769 -0.010887
0.310323 0.0142199
0.350641 -0.00904131
0.288702 -0.00618193
0.343819 -0.0255112
0.373283 0.0049284
0.316514 0.000692855
0.374916 0.0105199
0.297492 0.0057459
0.252767 -0.0162461
0.336322 -0.000938156
0.313366 -0.0158075
0.332963 -0.00679355
0.345043 -0.011264
0.297715 0.00379914
0.298067 -0.0067951
0.27767 -0.0108603
0.335049 0.00583354
0.340479 -0.00697909
0.352502 -0.0130453
0.381098 -0.00913396
0.381873 0.0171397
0.436499 0.00544163
0.438739 0.0124186
0.410309 -0.00209305
0.333205 -0.00548158
0.347185 -0.00109157
0.283798 -0.023961
0.274319 -0.0207966
0.290284 0.0239922
0.252895 -0.0115884
0.303452 0.00366914
0.314549 0.00540201
0.317543 0.00879119
0.33297 -0.00692072
0.33878 0.00672262
0.303093 0.00422273
0.308692 -0.0193639
