124
170
126
154
126
226
206
290
256
344
282
318
290
284
232
264
248
276
184
126
206
196
88
-36
42
218
144
132
186
108
316
248
350
272
242
304
334
418
424
454
406
404
432
390
328
396
344
430
330
366
422
414
578
494
518
388
440
440
464
514
478
404
508
570
582
468
524
496
468
394
250
364
294
330
424
404
458
616
544
488
542
514
490
566
300
358
310
262
342
328
380
242
304
180
286
328
250
278
416
398
490
518
468
294
214
168
76
100
166
266
402
342
326
214
156
144
128
134
214
228
212
254
168
250
258
272
300
274
298
232
310
292
380
456
530
450
278
480
460
460
524
510
498
432
344
324
450
434
398
496
496
512
420
402
322
326
330
408
346
392
376
374
242
216
248
278
408
336
336
422
482
470
448
342
378
332
402
390
364
440
426
472
396
368
430
422
422
352
454
376
444
462
546
486
444
450
428
394
424
366
254
248
134
144
6
-36
68
24
24
42
-36
-30
-80
-4
-92
-174
-86
-50
-2
48
-28
-24
-34
-44
-14
28
-2
72
-12
22
174
46
4
24
78
78
58
28
-130
-224
-126
-128
-90
-114
-90
-90
-136
-204
-104
-80
-96
-126
-78
-118
-26
70
92
84
-44
62
24
64
184
168
318
320
290
298
252
156
130
82
16
-88
-150
-100
-4
44
18
0
34
38
174
112
210
204
178
238
328
234
338
384
396
366
360
330
326
256
292
304
322
246
286
362
366
276
306
274
326
388
392
442
310
374
392
378
432
414
310
294
370
436
394
398
484
478
434
372
400
428
462
544
406
374
436
466
378
356
264
430
444
418
428
324
306
326
396
376
306
438
514
510
434
540
436
480
476
434
412
480
436
416
458
454
524
554
458
424
404
268
344
318
342
218
244
402
266
278
248
250
172
240
322
310
238
338
402
354
340
330
326
342
344
368
246
218
228
94
94
-52
-64
38
44
66
18
-46
-128
-24
-26
-132
4
-38
54
84
112
206
184
102
76
-66
-220
-166
-202
-176
-116
-222
-202
-268
-210
-312
-210
-172
-192
-138
-286
-224
-248
-306
-346
-354
-322
-316
-326
-344
-228
-226
-186
-258
-276
-338
-200
-222
-274
-174
-130
-172
-22
-170
-148
-82
-60
-158
-198
-230
-234
-226
-122
-110
-96
-106
-208
-26
-86
24
74
100
94
250
132
-50
-70
-124
-182
-170
-184
-66
-126
-284
-330
-278
-340
-286
-298
-244
-272
-182
-102
-76
-56
-84
-72
-32
-42
34
0
148
118
186
150
130
242
108
150
264
294
260
294
234
306
268
330
260
224
244
128
210
98
148
130
180
170
66
70
58
124
310
300
314
218
308
306
372
330
292
140
74
20
-74
-148
16
-80
-116
-42
-110
-210
-308
-316
-202
-282
-280
-284
-274
-452
-326
-352
-232
-148
-198
-328
-246
-50
-74
-162
-160
-204
-148
-202
6
-116
-16
-28
-148
-66
-88
-128
-90
-60
-16
-84
6
-50
-128
-160
-94
-176
-252
-300
-258
-342
-326
-286
-342
-398
-458
-464
-436
-482
-474
-472
-550
-506
-392
-310
-216
-230
-172
-130
-152
-196
-212
-192
-294
-284
-288
-268
-274
-198
-198
-256
-350
-244
-140
-38
72
14
58
-80
-120
-34
76
14
-90
12
58
-92
-12
-36
102
144
-4
76
-24
-44
-110
-106
-46
-160
-236
-166
-218
-258
-84
-90
-70
-76
-210
-154
-168
-68
-122
-226
-280
-292
-174
-278
-420
-424
-306
-254
-274
-402
-338
-324
-302
-394
-404
-350
-280
-318
-254
-272
-264
-324
-314
-414
-468
-472
-440
-372
-402
-538
-582
-480
-428
-454
-304
-318
-262
-244
-206
-62
-160
-58
-110
-52
-2
32
-94
-272
-146
-156
-216
-244
-200
-226
-236
-150
-194
-176
-254
-344
-378
-224
-306
-420
-456
-470
-528
-542
-492
-396
-320
-238
-420
-392
-390
-380
-368
-552
-506
-468
-450
-352
-336
-370
-292
-108
-178
-68
-80
-106
-210
-234
-190
-82
-132
-34
-86
-76
8
-28
-4
-74
-32
-142
-96
-106
-282
-294
-196
-226
-182
-234
-100
-70
-190
-114
-78
-24
28
68
42
66
98
48
80
192
178
320
326
274
426
442
396
298
246
276
186
238
176
270
264
340
270
278
276
312
476
402
288
232
264
240
232
334
400
356
398
392
360
310
322
310
424
346
328
378
338
330
342
262
212
186
148
94
14
52
70
40
124
188
158
136
40
180
158
220
260
430
236
192
230
224
222
168
186
148
232
234
152
142
134
100
142
174
208
176
184
178
130
118
48
148
-30
-26
-26
32
158
80
218
242
232
252
396
264
262
240
292
360
312
390
346
416
388
414
538
420
338
274
188
384
486
396
412
372
378
366
420
332
270
344
462
366
364
334
262
196
288
278
348
350
346
452
292
306
306
310
322
270
336
426
490
434
434
448
374
356
284
444
312
266
318
272
262
240
234
200
188
262
232
110
130
74
34
108
52
76
190
120
96
16
-110
-48
72
80
258
306
268
238
340
378
312
272
426
420
392
440
436
264
342
372
348
402
416
448
348
328
326
336
252
220
286
344
388
468
500
440
380
458
286
326
280
390
244
330
184
252
288
256
368
410
468
402
346
336
232
292
318
280
222
336
308
418
346
348
368
310
280
384
340
316
438
326
362
324
362
250
268
202
338
290
278
338
296
280
394
380
324
418
414
342
322
442
488
478
458
496
542
388
360
460
544
520
434
472
480
554
492
274
206
310
258
172
106
94
142
86
106
126
100
200
214
178
160
196
228
202
258
262
208
218
260
188
160
120
64
116
22
88
46
82
116
130
98
214
206
120
256
308
356
342
442
516
464
412
382
344
420
430
440
390
410
402
372
376
448
348
340
332
336
320
248
318
316
352
334
280
286
304
396
402
292
432
300
378
348
446
408
426
410
372
200
256
222
146
154
168
172
112
118
50
76
160
-6
-10
-18
236
94
6
-136
-74
-128
-142
-184
-30
-140
-100
20
-70
42
-140
-126
-126
-174
-240
-202
-282
-330
-332
-228
-254
-298
-372
-408
-326
-372
-340
-278
-270
-266
-416
-308
-318
-272
-284
-190
-146
-166
-114
-122
-206
-202
-258
-212
-242
-182
-238
-174
-188
-84
-22
-70
-74
22
-90
-10
62
-48
96
-154
-62
-118
122
54
-88
-94
-236
-320
-248
-214
-274
-358
-330
-402
-420
-402
-266
-334
-330
-334
-378
-356
-326
-372
-364
-398
-260
-400
-284
-322
-242
-290
-276
-164
-202
-234
-244
-226
-366
-360
-390
-342
-414
-376
-476
-486
-464
-398
-368
-398
-450
-540
-480
-496
-464
-488
-384
-364
-434
-346
-398
-318
-386
-354
-224
-164
-236
-300
-324
-384
-410
-332
-318
-378
-348
-372
-416
-486
-508
-450
-482
-412
-484
-442
-440
-410
-416
-352
-386
-380
-368
-348
-322
-278
-270
-242
-258
-162
-258
-394
-224
-282
-252
-328
-314
-236
-272
-390
-384
-328
-268
-238
-144
-214
-192
-250
-166
-176
-60
-82
-162
-88
-116
-32
-152
-142
-230
-190
-92
-134
-146
-292
-208
-218
-186
-112
-62
-62
-50
-88
26
144
214
250
388
358
284
388
448
374
350
432
380
368
436
434
378
480
452
396
486
508
438
420
396
386
384
312
350
344
270
390
240
302
390
368
314
302
300
414
524
492
500
384
480
446
480
396
434
422
374
358
332
416
380
294
278
358
378
216
340
412
322
428
492
416
486
356
378
398
432
436
380
348
338
342
304
400
350
188
248
294
258
334
296
332
164
170
268
346
402
308
404
482
376
436
312
308
436
458
588
520
536
476
430
520
432
416
554
468
436
434
308
314
382
244
322
352
332
420
358
528
494
548
490
406
328
310
222
268
334
340
440
438
388
416
380
338
424
398
384
432
386
370
378
432
384
354
240
228
274
360
398
452
396
432
454
552
446
378
416
432
442
394
354
414
260
226
284
276
386
292
204
134
192
180
216
214
390
260
414
232
154
174
176
202
174
256
396
306
160
290
162
80
56
150
310
268
246
300
278
242
272
180
140
110
52
52
94
188
178
240
252
256
166
80
70
184
168
182
202
62
162
356
282
96
190
150
120
274
148
198
270
130
64
104
180
166
154
240
160
294
280
364
400
312
160
216
314
364
292
312
248
256
338
300
172
156
230
382
376
434
438
382
274
190
296
222
320
252
390
324
362
330
398
348
336
274
332
304
394
370
468
554
416
378
420
472
460
456
416
406
392
438
436
522
430
338
458
396
260
288
298
286
474
554
476
420
456
384
422
324
218
122
170
100
222
184
134
200
198
178
308
228
306
310
308
230
244
154
36
218
122
198
298
218
376
340
350
332
292
296
316
296
366
314
284
356
300
340
380
208
304
394
358
412
424
308
396
340
306
216
120
146
36
286
250
300
402
462
364
320
262
296
320
318
150
118
56
134
134
142
190
206
182
168
204
308
316
342
340
468
396
378
376
396
388
264
348
254
194
144
132
166
140
226
196
84
144
212
288
194
312
288
350
296
240
272
360
444
450
402
396
416
482
448
442
540
350
464
480
420
388
438
332
422
486
444
354
356
390
378
276
262
238
290
306
420
362
358
444
444
504
478
490
434
440
284
402
326
382
292
230
286
420
416
516
654
560
522
608
464
486
518
466
524
638
510
636
656
524
414
468
480
476
562
444
552
434
458
538
398
458
392
450
280
342
370
338
496
392
468
446
416
360
414
336
268
340
322
304
320
220
224
240
218
220
238
222
256
256
258
272
238
208
238
278
114
116
26
142
150
152
174
194
166
146
144
16
14
-34
60
38
24
156
214
252
382
358
286
244
234
246
262
350
346
422
376
348
274
246
352
416
388
384
312
204
192
292
168
234
218
216
282
268
278
212
156
52
130
32
142
216
38
90
-24
100
-10
-18
26
-22
-124
-180
-64
-164
-52
32
-22
-50
-64
38
36
-86
-74
-162
-48
30
40
76
116
104
96
-2
86
128
214
266
198
164
198
196
218
326
424
466
382
322
324
356
360
276
206
270
202
174
88
68
36
70
58
-62
-58
-200
-230
-252
-96
-42
-128
-86
-166
-184
-184
-276
-288
-256
-338
-204
-234
-168
-226
-76
-214
-136
-158
-122
-40
-86
-66
-72
-32
24
36
68
4
78
114
292
190
188
172
376
468
390
402
508
458
428
370
214
326
164
250
316
394
354
344
176
90
64
8
24
64
84
222
186
24
-8
120
82
86
162
146
96
124
112
152
118
48
-22
22
44
92
148
104
120
120
66
-8
-6
104
96
144
220
190
162
16
30
80
-30
236
180
194
244
342
314
386
376
400
372
358
314
346
412
348
372
312
360
396
526
580
482
522
500
528
470
390
394
452
500
458
376
264
322
346
472
442
428
220
228
238
344
242
240
312
264
204
-8
28
72
126
66
168
146
206
210
76
96
106
152
70
54
102
120
94
66
50
14
36
98
70
100
-144
18
-14
82
8
42
10
20
-16
-64
-48
68
38
278
194
142
160
208
264
174
26
20
118
72
70
240
264
290
194
102
150
126
196
104
232
186
312
346
444
418
440
426
382
428
376
406
280
188
122
-84
26
-2
50
36
150
120
114
132
134
74
156
144
346
330
324
378
374
268
260
330
276
428
372
322
356
314
372
398
364
374
376
320
318
374
268
328
422
408
364
304
216
260
268
220
256
198
196
154
276
98
170
188
138
52
146
110
254
296
452
472
440
524
446
500
490
460
454
428
438
296
290
442
356
332
402
344
386
348
454
440
428
522
446
466
514
482
456
470
338
352
408
410
520
430
380
366
340
326
352
434
542
538
448
432
316
334
356
252
164
222
86
234
250
312
110
134
150
308
310
354
322
268
334
326
216
246
348
436
402
384
412
472
442
438
434
394
336
274
324
360
360
306
376
450
392
502
472
444
454
458
466
500
496
502
498
436
406
496
460
318
390
370
330
304
416
412
340
246
360
364
468
490
540
568
556
528
490
580
480
580
504
460
384
472
452
438
440
418
398
408
492
410
328
514
508
440
516
410
550
544
480
434
428
362
364
276
250
202
284
250
400
318
298
366
312
376
368
342
336
388
370
422
400
322
406
474
458
368
326
374
366
366
338
416
476
374
552
560
530
466
422
566
584
484
444
436
386
308
234
260
282
194
180
190
242
102
136
170
132
120
180
166
302
284
324
386
236
414
370
350
318
262
350
286
280
232
268
224
280
310
284
364
472
414
268
240
160
230
378
364
338
482
490
460
544
490
428
286
276
280
184
200
200
276
272
258
262
216
264
274
236
220
270
374
262
230
252
348
270
158
250
366
380
338
344
318
432
348
240
158
200
232
264
234
376
302
404
400
128
248
216
178
248
138
200
154
130
220
228
212
178
206
144
142
162
272
238
218
372
360
400
458
436
368
240
350
282
208
258
322
354
384
246
322
356
248
356
366
486
522
478
438
412
404
354
454
464
520
550
476
482
496
462
536
438
464
582
490
446
488
540
426
292
390
448
454
440
456
542
512
468
510
452
446
442
388
418
440
450
442
366
436
466
568
534
434
478
438
342
324
276
400
440
296
346
492
452
348
434
480
406
402
496
386
378
346
254
232
212
342
362
386
366
352
412
350
336
342
402
338
384
432
318
430
382
346
446
502
406
382
358
338
306
428
516
420
332
432
302
408
402
448
396
354
396
524
488
422
496
496
434
436
416
484
434
558
462
376
384
468
374
434
304
306
188
338
316
240
384
526
490
476
352
400
410
350
390
450
428
500
390
308
312
62
150
166
174
-28
116
108
132
272
286
412
360
310
410
376
282
364
524
388
372
348
446
418
562
504
534
466
326
412
494
486
518
500
480
526
508
562
544
438
558
518
558
504
452
518
528
470
434
328
316
278
338
314
220
414
396
238
338
370
326
394
332
328
322
306
302
378
428
532
420
390
464
398
432
438
444
428
468
410
466
408
304
416
286
360
138
190
292
224
282
302
280
248
262
254
336
434
390
252
102
36
38
160
212
192
142
314
328
366
396
524
488
488
432
404
334
368
282
350
466
430
424
382
378
416
502
402
462
540
462
428
494
386
368
360
356
304
346
438
424
352
298
292
340
308
318
378
456
374
356
356
338
404
376
412
324
386
412
468
352
342
370
318
418
416
554
388
390
498
394
496
450
276
398
384
310
264
110
156
128
110
86
18
-28
32
132
54
112
146
150
132
84
168
120
18
-108
36
-50
64
-44
-116
-62
26
-14
10
54
114
-82
12
100
68
82
40
172
174
60
190
62
24
72
70
118
-58
-80
-168
-22
-82
-74
-220
-226
-216
-86
-268
-170
-140
-234
-272
-172
-198
-184
-86
-48
-112
-150
-208
-244
-316
-260
-332
-242
-136
-120
-16
-202
-188
-140
-168
-196
-102
-130
-146
-220
-216
-194
-206
-234
-194
-230
-310
-292
-278
-402
-392
-350
-294
-298
-204
-202
-98
-104
-126
6
70
32
-68
-118
-172
-142
-240
-234
-166
-230
-182
-218
-126
-304
-112
-48
-172
-172
-188
-98
-294
-286
-230
-314
-358
-378
-466
-464
-508
-514
-492
-492
-550
-462
-480
-600
-494
-532
-470
-608
-424
-372
-378
-234
-308
-274
-322
-362
-404
-442
-316
-330
-150
-322
-352
-372
-372
-396
-304
-332
-448
-532
-408
-330
-340
-328
-414
-352
-240
-300
-272
-334
-270
-250
-294
-330
-310
-262
-194
-358
-314
-142
-180
-212
-138
-132
-164
-232
-198
-176
-176
-196
-278
-352
-254
-34
-166
-242
-322
-390
-366
-412
-426
-530
-422
-468
-502
-444
-444
-530
-468
-476
-530
-574
-470
-488
-386
-298
-436
-436
-452
-534
-488
-494
-480
-552
-472
-424
-432
-474
-348
-382
-526
-510
-512
-510
-498
-406
-326
-338
-448
-500
-496
-450
-412
-456
-428
-446
-394
-430
-404
-456
-476
-392
-392
-354
-370
-402
-490
-382
-310
-362
-344
-396
-440
-356
-458
-516
-530
-420
-378
-424
-378
-286
-448
-560
-502
-502
-416
-442
-516
-436
-234
-262
-420
-450
-396
-356
-450
-464
-362
-500
-518
-528
-516
-560
-476
-568
-490
-508
-416
-542
-458
-412
-434
-468
-538
-570
-520
-478
-406
-364
-334
-194
-216
-180
-258
-318
-312
-196
-268
-288
-342
-372
-400
-380
-394
-470
-502
-484
-328
-292
-366
-360
-324
-284
-344
-190
-316
-330
-336
-290
-248
-272
-318
-308
-348
-460
-456
-426
-418
-438
-502
-470
-494
-370
-364
-328
-340
-224
-240
-318
-270
-374
-362
-444
-386
-430
-438
-338
-452
-486
-454
-464
-576
-404
-468
-426
-412
-480
-312
-276
-258
-388
-394
-376
-284
-262
-252
-252
-288
-240
-228
-216
-312
-350
-310
-346
-286
-174
-262
-238
-310
-268
-288
-180
-108
-198
-292
-288
-248
-316
-368
-472
-400
-438
-428
-478
-436
-510
-546
-556
-340
-414
-448
-558
-550
-396
-388
-360
-374
-482
-474
-440
-384
-438
-484
-510
-474
-400
-360
-254
-256
-214
-232
-74
-124
-96
52
-112
-66
-140
-38
-152
-206
-48
-148
-198
-238
-302
-154
-210
-114
-280
-402
-396
-476
-442
-440
-450
-528
-544
-506
-500
-546
-484
-448
-386
-342
-276
-396
-430
-382
-324
-262
-142
-212
-274
-252
-214
-390
-386
-422
-278
-220
-272
-100
-106
-170
-4
-30
-18
-48
-64
-106
-148
-160
-176
-174
-230
-232
-194
-230
-134
-56
32
32
-10
-12
-74
-118
-106
-126
28
-140
16
-50
-234
-246
-180
-254
-86
-162
-184
-236
-158
-150
-242
-160
-214
-248
-156
-220
-364
-322
-446
-428
-494
-312
-406
-314
-336
-192
-194
-238
-126
-120
-30
-48
-50
70
-58
-24
-126
-158
-186
-174
-188
-128
-186
-88
-132
-48
-90
-176
-244
-188
-250
-64
-104
-162
-94
-80
0
94
56
98
22
-138
-92
-240
-298
-308
-256
-364
-444
-330
-332
-346
-198
-274
-276
-324
-376
-408
-472
-480
-428
-494
-444
-486
-462
-448
-510
-390
-422
-376
-548
-570
-584
-538
-396
-430
-344
-350
-398
-218
-354
-256
-394
-432
-446
-344
-358
-346
-288
-228
-182
-218
-224
-364
-380
-262
-274
-290
-306
-260
-276
-224
-312
-294
-182
-142
-228
-254
-390
-414
-348
-392
-332
-386
-364
-284
-262
-220
-180
-242
-58
-178
-214
-312
-364
-298
-426
-476
-380
-396
-458
-466
-378
-454
-408
-418
-404
-432
-472
-472
-514
-408
-498
-432
-442
-500
-400
-264
-298
-266
-370
-398
-394
-442
-296
-362
-398
-374
-202
-140
-136
-252
-188
-278
-236
-244
-234
-358
-420
-426
-332
-322
-260
-264
-300
-230
-270
-230
-192
-56
0
38
-12
-52
-224
-126
-94
-140
-154
-212
-276
-120
-136
-138
-156
-198
-198
-116
-154
-92
-104
-164
-120
-6
-2
70
192
126
188
86
170
154
110
210
264
94
118
156
184
190
242
144
178
198
254
108
54
260
214
120
206
50
-64
32
44
54
144
340
224
244
166
216
190
214
190
330
274
488
458
414
470
440
358
390
452
368
440
470
546
428
408
404
408
492
338
458
322
322
360
348
340
368
338
322
380
280
164
192
244
222
322
296
284
114
256
220
198
224
244
294
270
264
268
210
228
360
316
240
402
338
424
490
530
566
542
502
590
548
624
540
482
364
348
318
390
392
516
416
492
450
388
340
310
308
354
378
366
282
208
342
264
398
336
246
370
396
414
434
418
444
506
424
486
404
500
382
416
354
402
338
370
424
416
432
484
416
270
372
340
250
368
436
460
276
330
388
332
378
366
422
356
238
188
228
288
278
324
294
252
312
246
338
256
166
254
142
150
180
268
152
76
74
50
-14
-64
-54
-192
-170
-142
-102
-40
-130
-52
-176
-338
-300
-118
-138
-100
-118
-136
-214
-248
-266
-248
-86
-90
-106
-40
-86
-114
-218
-206
-202
-174
-162
-152
-130
-166
-178
-26
-22
-146
-296
-200
-284
-182
-268
-236
-164
-306
-388
-492
-290
-258
-234
-202
-212
-130
-48
-28
26
10
72
16
24
32
-6
40
140
126
54
54
36
-60
32
66
146
146
160
186
254
186
270
240
218
222
384
406
416
390
518
358
422
470
504
390
370
456
446
502
470
490
474
484
504
442
504
366
470
498
380
302
270
178
228
298
322
412
402
352
362
284
424
398
440
302
296
292
184
42
-14
-24
-42
-108
6
-6
-56
-66
-24
-114
-216
-22
-116
-176
-222
-176
-110
0
-140
-148
-24
-46
-120
-176
-204
-190
-228
-76
-112
-156
-112
-12
-18
-66
-108
-48
-88
-90
-100
-148
-72
-50
-100
-82
-116
-56
-138
-128
-238
-196
-208
-80
-98
-54
40
142
90
182
224
174
278
158
230
174
182
146
-80
-46
16
-98
-138
-146
-136
-170
-264
-176
-138
-104
-86
-184
-166
-120
-204
-262
-388
-356
-236
-248
-370
-276
-332
-406
-444
-442
-362
-368
-460
-480
-492
-422
-316
-320
-286
-238
-274
-156
-186
-152
-158
96
56
94
94
138
118
158
228
168
156
244
204
222
210
116
100
-10
60
-74
-90
-108
-144
-90
-70
-140
66
146
38
92
52
138
126
48
72
94
-2
12
32
110
162
158
220
134
104
104
80
276
132
154
160
116
132
202
128
140
248
188
338
270
290
168
182
136
102
8
58
-90
-46
-38
-150
-230
-260
-294
-152
-112
-98
-248
-266
-136
-204
-240
-314
-320
-264
-252
-280
-204
-268
-354
-242
-202
-286
-384
-310
-314
-312
-340
-420
-400
-440
-440
-470
-520
-474
-354
-532
-512
-444
-460
-406
-278
-382
-376
-434
-506
-284
-420
-452
-456
-404
-426
-416
-552
-438
-380
-490
-484
-432
-388
-266
-306
-414
-228
-224
-242
-218
-124
-226
-232
-128
-178
-188
-396
-386
-306
-316
-358
-372
-256
-262
-270
-272
-132
-78
-116
-152
-82
-206
-252
-338
-354
-406
-184
-258
-254
-220
-288
-250
-300
-272
-262
-352
-480
-414
-346
-344
-284
-208
-178
-100
-58
-14
-172
-216
-254
-302
-260
-194
-240
-198
-100
-166
-116
-242
-180
-208
-230
-398
-456
-468
-382
-462
-474
-556
-438
-442
-452
-320
-334
-254
-258
-200
-248
-254
-236
-274
-226
-234
-280
-196
-138
-130
-318
-410
-444
-508
-522
-480
-502
-528
-394
-274
-224
-276
-194
-212
-250
-304
-352
-374
-380
-390
-276
-368
-358
-376
-312
-292
-314
-350
-436
-366
-376
-396
-288
-344
-276
-170
-134
-256
-210
-190
-202
-222
-330
-464
-456
-298
-240
-360
-258
-208
-286
-248
-266
-254
-382
-464
-370
-392
-238
-208
-148
-194
-122
-230
-202
-220
-234
-230
-212
-134
-74
-138
-338
-292
-194
-208
-310
-304
-292
-212
-276
-258
-302
-342
-202
-284
-344
-332
-296
-342
-356
-408
-406
-372
-418
-360
-278
-334
-442
-346
-360
-248
-262
-210
-258
-180
-138
-196
-100
-128
-172
-308
-300
-254
-402
-332
-340
-456
-366
-460
-466
-548
-506
-488
-558
-544
-448
-524
-500
-388
-474
-468
-380
-424
-358
-324
-392
-380
-266
-352
-398
-326
-388
-388
-322
-374
-408
-384
-438
-412
-380
-398
-382
-384
-386
-454
-416
-466
-486
-516
-496
-374
-430
-388
-456
-564
-600
-520
-498
-470
-406
-364
-398
-306
-224
-204
-102
-178
-76
-68
-68
-118
-300
-294
-290
-188
-144
-132
-72
-22
-18
112
152
164
192
120
230
216
230
164
94
-4
-86
-48
60
140
6
-20
24
132
116
118
128
218
224
328
330
354
492
420
346
342
318
394
390
352
280
232
138
168
164
194
224
184
258
334
334
364
418
472
386
296
338
310
410
344
278
278
262
198
114
2
186
46
150
166
22
82
20
48
86
70
134
196
204
274
288
166
188
246
210
258
242
354
296
234
208
180
282
204
186
136
234
226
314
262
298
274
286
256
260
388
292
310
330
346
292
234
112
194
460
482
514
462
422
446
372
378
356
294
310
282
386
380
358
350
372
346
302
404
302
338
364
422
386
348
332
394
458
396
438
436
462
490
500
504
454
424
494
444
468
512
646
490
428
502
370
440
542
556
550
486
542
534
552
470
386
458
444
460
546
514
434
566
440
486
346
344
288
338
458
314
486
420
396
378
400
416
462
538
464
546
470
480
440
310
366
300
338
352
322
200
214
294
252
210
128
200
138
82
116
188
116
154
50
96
56
136
24
62
50
168
48
-70
42
104
40
108
70
100
214
162
90
94
92
-16
118
94
-20
26
-108
0
-2
12
-32
8
42
80
92
64
148
232
362
204
152
318
256
272
296
190
164
108
188
160
224
192
90
252
200
124
124
138
140
26
18
132
166
164
226
186
168
274
252
352
354
332
278
348
286
364
386
380
350
288
240
346
322
312
316
304
376
288
324
346
342
488
440
406
396
422
402
364
412
590
502
588
518
482
394
338
352
246
360
398
378
442
426
394
350
402
444
438
504
422
368
306
372
436
340
216
196
278
334
334
358
272
144
254
228
136
274
338
336
412
406
436
450
500
454
506
386
452
362
364
350
418
388
306
326
266
250
192
190
-18
64
152
-38
60
92
76
62
88
76
88
22
84
124
104
84
170
218
258
190
32
104
86
78
76
122
22
70
20
72
92
98
140
86
56
58
-16
8
-118
-72
-78
-118
-190
-70
-140
62
-16
60
-20
-36
6
40
42
-30
-30
-58
-150
-28
-122
-152
-68
-158
-106
-68
-72
2
12
-66
-104
-102
-132
-124
-134
-180
-74
-158
-236
-260
-230
-184
-152
-188
-224
-326
-334
-328
-356
-422
-442
-314
-294
-280
