-2.08794444 0.55083845 1.18598740 0.83461189
-4.30170232 0.85938805 0.70890830 0.51132395
-3.45534929 0.98685070 0.90131359 0.16163447
-4.14871897 0.95956312 4.45386310 0.28149355
-2.95970704 0.95574293 -3.55240598 0.29420309
4.41929154 0.98383035 -1.89952545 0.17910286
5.10246896 0.47322806 -4.37950309 0.88093995
0.28812067 0.81315041 -4.15372433 0.58205361
-2.03929945 0.48750008 5.76692331 0.87312294
-2.53285883 0.81905976 -5.68494729 0.57370821
4.90456360 0.39978302 4.13533448 0.91660981
-2.61314195 0.57298748 0.13398370 0.81956412
2.24166051 0.81868284 5.40080638 0.57424594
5.42307786 0.98357239 3.69674970 0.18051415
0.57609491 0.53415198 3.26906290 0.84538847
3.91130966 0.55184081 5.07911225 0.83394947
-0.06585678 0.37540316 -5.58838046 0.92686162
-4.89356936 0.86309427 4.66863464 0.50504285
-4.00930157 0.92383100 -0.24281628 0.38280057
2.15102379 0.93195432 -3.19495449 0.36257572
3.31218603 0.60608393 1.58114070 0.79540069
5.45658367 0.61418653 5.57021688 0.78916089
-0.43709779 0.89759276 -1.97292988 0.44082562
-5.27551352 0.69269031 2.63636481 0.72123515
-4.14809807 0.92595744 0.22635091 0.37762788
-0.75705612 0.90529273 4.93548285 0.42478826
0.66704280 0.45160550 -2.39354065 0.89221773
-2.15627765 0.81833786 -3.13641246 0.57473746
-2.29593657 0.60323721 5.85532624 0.79756183
-1.06408573 0.33295811 4.64297736 0.94294162
-3.38658746 0.65579444 -2.71443667 0.75493951
-4.77461748 0.80419129 3.14259058 0.59437056
-1.44134585 0.63436179 -3.69054435 0.77303630
5.25943471 0.45369457 4.01606786 0.89115725
-5.91948191 0.61928698 -1.98058447 0.78516472
3.74628465 0.24437781 -4.60715536 0.96968009
2.44505749 0.67175612 -4.86230019 0.74077238
-1.28088240 0.88222218 -1.46489278 0.47083333
-1.59427183 0.78634287 3.42467155 0.61779033
6.12205679 0.67763558 2.42799690 0.73539786
-3.17407890 0.50582692 2.85211688 0.86263499
-0.57048163 0.49165322 -2.98873240 0.87079108
3.43212298 0.67625422 3.36042706 0.73666833
3.18587962 0.90046067 -4.05185002 0.43493745
-4.73431219 0.99537958 -3.02511858 0.09601818
2.68981782 0.71402996 4.51985069 0.70011515
-0.97805103 0.88141266 -1.67752980 0.47234704
-6.09525408 0.96842024 -3.82156783 0.24932356
-5.69955617 0.71416267 1.66494971 0.69997977
5.42311951 0.97955679 3.18224686 0.20116785
-2.47624261 0.67360127 3.22650186 0.73909494
-5.92271888 0.56865320 -3.92333820 0.82257738
3.43484400 0.62098201 2.80751631 0.78382481
-1.12708832 0.71060719 -3.06594418 0.70358896
3.32601059 0.37447543 3.43170592 0.92723684
-5.89387081 0.75395529 3.01452584 0.65692574
0.53544165 0.55174269 -4.17948154 0.83401439
-0.88168277 0.62495324 -2.64039388 0.78066219
-3.99769308 0.71429334 4.23708852 0.69984643
-0.66912636 0.10410502 3.39207405 0.99456631
1.47068502 0.61845449 -4.12189558 0.78582062
-3.92480521 0.74236586 -2.68858666 0.66999472
-5.35305566 0.88818711 5.01990185 0.45948195
-5.94338192 0.68365708 -2.81666072 0.72980340
-0.23079510 0.90220445 1.81047127 0.43130862
4.59522665 0.69778601 -3.48328823 0.71630628
3.35683044 0.85644753 -1.37721255 0.51623408
5.16242819 0.87125024 -2.69392965 0.49083909
-1.41693562 0.81222920 2.38044186 0.58333843
-2.05399833 0.81642786 -3.41076224 0.57744745
-4.47215945 0.46224015 -2.18453867 0.88675478
5.71823977 0.60150860 -2.04150179 0.79886632
-4.90829410 0.25221907 1.78111063 0.96767016
-5.90368432 0.86941123 0.74075033 0.49408917
-5.34810612 0.93284157 -0.84972893 0.36028685
-4.94302962 0.94057584 -4.87862927 0.33958370
2.78251449 0.58473732 -3.65478791 0.81122270
-3.14306428 0.32943963 -2.89309773 0.94417664
0.95625315 0.38966110 -3.15442302 0.92095832
-1.29272391 0.62024700 -5.61566178 0.78440657
-0.03605988 0.60425232 -4.50770554 0.79679303
-1.91202084 0.96066879 2.92823780 0.27769672
-1.58412189 0.47286136 4.67283196 0.88113684
5.06246568 0.96962994 4.97422036 0.24457673
2.13594578 0.30742015 1.06150756 0.95157388
6.17521852 0.93818818 -4.84007865 0.34612562
-4.93733657 0.81928830 5.93027195 0.57338180
2.81793035 0.53426474 3.23972649 0.84531721
1.72129721 0.75609250 2.95706495 0.65446477
1.28176648 0.59376899 -3.48368202 0.80463556
2.26645226 0.60102644 -3.49421876 0.79922914
0.88606066 0.63211269 2.85634806 0.77487648
1.32331140 0.89219379 0.91073670 0.45165279
-3.73924535 0.73496433 -5.40732320 0.67810577
-3.36203814 0.60175467 -4.64203777 0.79868098
-3.90598160 0.31499093 1.62247643 0.94909468
-3.13915240 0.68848778 -5.81656827 0.72524795
5.27482265 0.31279139 1.81281980 0.94982185
3.30616510 0.85481640 3.75638025 0.51893056
-5.05702585 0.38189441 -2.10741890 0.92420596
0.82923537 0.97960574 -3.14648559 0.20092934
3.45562799 0.59751749 -2.26817793 0.80185588
2.30828518 0.31307398 -2.92275759 0.94972874
1.67935452 0.71674377 3.07276726 0.69733663
1.12380976 0.96555184 -2.52924901 0.26021076
-3.22433488 0.65331160 4.12586449 0.75708913
-0.95032189 0.95603459 -5.48434195 0.29325392
-2.87601200 0.33479122 -2.23100891 0.94229233
-1.17539631 0.76093079 -5.56420316 0.64883306
3.48980825 0.56033832 0.69862851 0.82826383
4.69395509 0.67763918 1.29418210 0.73539455
2.68119234 0.55865406 -5.24542520 0.82940077
-5.80341202 0.51708065 -4.83670705 0.85593668
-5.23743092 0.76061313 -4.02141366 0.64920542
0.90233112 0.95817935 -2.86683134 0.28616836
-5.46239207 0.90958466 5.35755598 0.41551865
1.18231628 0.97667935 4.79800641 0.21470314
-3.02429320 0.33853974 3.82435098 0.94095209
-2.24076156 0.80630546 -1.99118995 0.59149937
2.16328406 0.30519317 -1.62470662 0.95229046
-3.64966421 0.67857548 -2.10836778 0.73453068
3.65835830 0.46827776 1.36323123 0.88358132
3.08436914 0.42963602 -4.73224308 0.90300215
4.09594134 0.93488960 5.88409265 0.35493864
-0.42744588 0.74165731 1.43290247 0.67077898
-1.50011196 0.88128139 -2.93044928 0.47259190
3.83945095 0.86521828 -3.78973757 0.50139537
-3.63756353 0.49901887 3.11376307 0.86659112
4.07297326 0.47530057 -4.43683130 0.87982348
2.30631720 0.70308402 -4.93707965 0.71110679
0.98694093 0.55946622 2.80763610 0.82885315
-4.51557651 0.70854174 -1.39007757 0.70566890
-3.84452433 0.45786148 4.64860977 0.88902355
4.15417390 0.88203758 2.84463161 0.47117907
-3.15332011 0.85386427 2.43484502 0.52049574
3.44072458 0.94360081 4.03564681 0.33108535
2.12523280 0.61005615 -2.73113451 0.79235819
-4.14448150 0.53813463 1.93635606 0.84285890
3.37881467 0.93549173 2.14259202 0.35334858
4.62396146 0.91197179 -2.52276949 0.41025291
-1.17180546 0.88682321 -1.79572483 0.46210886
-1.93831989 0.90746217 -5.79444311 0.42013380
3.92640189 0.70942958 -2.08251696 0.70477632
2.34167292 0.94786340 -5.53697755 0.31867691
1.15369861 0.55342884 5.90688155 0.83289646
3.43919369 0.93679004 5.14383848 0.34989202
2.29073207 0.54074646 -2.46501973 0.84118563
-2.22720770 0.43082181 3.98843467 0.90243702
6.18649721 0.42791863 -1.97937022 0.90381726
-3.75456372 0.37033015 -2.59021610 0.92890020
-4.98764256 0.61453815 -5.78110245 0.78888711
1.89525891 0.73183590 -0.96308195 0.68148090
3.27625053 0.59175567 3.67830776 0.80611738
4.07091147 0.93997851 5.81887329 0.34123364
-3.21334541 0.43549384 -0.22395808 0.90019171
4.99427059 0.87654157 -0.98690419 0.48132617
4.70423401 0.59847755 4.75601265 0.80113958
5.63498303 0.72228694 -4.68688279 0.69159351
3.70563703 0.62601634 0.66553088 0.77980994
-5.16059019 0.74901315 5.57208410 0.66255513
-1.99592103 0.36048791 3.85942887 0.93276389
2.25795404 0.77250169 -1.67528718 0.63501271
3.49631624 0.97590716 0.73840499 0.21818621
4.73886882 0.66389634 -1.62789222 0.74782461
0.90712042 0.88462255 3.00955080 0.46630778
1.80771066 0.95134101 3.33692653 0.30814004
-4.14826268 0.78568732 0.53691906 0.61862382
6.25277868 0.33098028 -1.38078798 0.94363767
-4.51391810 0.45699704 -2.29183690 0.88946822
-3.14145865 0.90453349 -1.62801722 0.42640259
-2.82840495 0.92227730 -2.06927418 0.38652890
-3.22489177 0.93565770 4.72251399 0.35290887
-4.74232151 0.90937994 2.76818155 0.41596650
-3.35812997 0.81635011 -4.12625268 0.57755736
-2.26117735 0.84294909 -3.26432391 0.53799334
3.44426055 0.37694053 4.71820643 0.92623746
4.18450082 0.45889985 2.41233649 0.88848800
2.91316541 0.39936498 -2.69293074 0.91679202
1.80259203 0.67785395 -5.45992045 0.73519659
-5.09578902 0.66002443 -5.68788827 0.75124413
1.30709071 0.78811561 -3.35763750 0.61552724
2.01041134 0.78993131 -2.83604495 0.61319534
2.12090322 0.64934766 -3.14210285 0.76049169
5.10669090 0.99853968 1.68929961 0.05402326
-4.97144910 0.72819892 3.54138117 0.68536584
2.63066302 0.32029884 -2.50781265 0.94731656
-4.79219097 0.92289207 -5.41840799 0.38505872
4.04657771 0.97807137 2.26343011 0.20827003
-2.73758667 0.92685815 -3.15369844 0.37541172
-2.97485251 0.74257551 2.54921421 0.66976235
-1.11850625 0.76487479 3.24996302 0.64417898
1.02032774 0.44031265 -2.07705791 0.89784451
-2.10277815 0.53382702 -3.73510079 0.84559370
1.70837778 0.59556462 -1.40403167 0.80330740
2.67306222 0.93259060 -6.24049250 0.36093597
-4.29039658 0.60288308 4.03331238 0.79782955
-2.26858814 0.43792801 2.52963782 0.89901004
1.67748634 0.58613554 -3.49522101 0.81021301
0.13404774 0.19363567 3.86257495 0.98107351
5.66812740 0.08932575 -1.23826597 0.99600247
5.51504023 0.42540384 -2.02621305 0.90500363
0.23804142 0.32772180 -2.39850044 0.94477427
-5.63048807 0.71825548 -0.28022145 0.69577946
-3.02046131 0.44380515 5.33705968 0.89612331
2.61276295 0.59711806 3.76515796 0.80215337
4.17115163 0.47007176 -2.87382349 0.88262820
-6.16680822 0.69669924 -4.07756343 0.71736335
5.72515021 0.94739063 3.80567819 0.32007966
5.92991053 0.75500873 4.92425753 0.65571474
0.97998935 0.81816894 4.87042396 0.57497789
-0.15796909 0.31727446 -1.43428860 0.94833376
2.46293147 0.92765537 4.54585631 0.37343744
-2.34992653 0.79884053 4.09741096 0.60154286
-3.58882974 0.76009809 3.31190834 0.64980835
-2.92997677 0.41947007 -3.51072073 0.90776917
1.90232177 0.82627203 0.82898883 0.56327128
-0.77264639 0.38647639 5.25641392 0.92229930
-5.07114393 0.86186676 2.27080000 0.50713479
1.73547220 0.85229616 -0.13020078 0.52305951
2.49008152 0.76321073 5.64080028 0.64614966
1.14305782 0.92239546 -0.56901603 0.38624682
-6.22734915 0.70083623 -4.15508481 0.71332221
0.45373404 0.43677887 2.27092488 0.89956891
6.18911024 0.98890640 5.58447244 0.14854003
-0.32332355 0.13967320 -4.84246011 0.99019766
4.96837342 0.76341300 -3.03942103 0.64591067
3.55900387 0.71978436 5.19244883 0.69419772
3.50481114 0.94097457 -3.76139403 0.33847726
2.68832916 0.94678424 -4.83742798 0.32186891
3.66795938 0.88300486 -3.78648699 0.46936385
-1.50100256 0.89252484 3.14746044 0.45099824
-0.01666346 0.58568124 2.17687592 0.81054147
1.44937438 0.81349815 4.33119153 0.58156750
6.27628445 0.48014872 5.48604066 0.87718710
-0.22525312 0.53968494 4.70377341 0.84186707
-3.03771791 0.11168671 -1.06273167 0.99374347
0.91582722 0.72703704 -2.97496852 0.68659824
-4.60402454 0.57774660 -2.96226825 0.81621618
-3.59344978 0.71624892 3.09936642 0.69784488
-1.65949395 0.98723064 0.08329383 0.15929739
5.87352752 0.72763399 -0.30555551 0.68596558
-1.15856204 0.82159243 -2.02405242 0.57007532
3.53212089 0.55437662 5.55229999 0.83226592
2.25293801 0.90273968 4.53409847 0.43018725
-1.94771049 0.82447689 3.08460987 0.56589562
-2.70386234 0.94674959 2.06305411 0.32197083
-3.30447639 0.81851678 -5.74511987 0.57448262
-0.97223387 0.92724935 3.10559473 0.37444445
-0.54687007 0.71617891 -1.68865284 0.69791674
-2.00522779 0.28608336 6.07564266 0.95820473
5.13992389 0.64095168 -1.87813091 0.76758123
-2.10565659 0.87024198 5.94287881 0.49262450
-5.32756918 0.82734623 -1.25828060 0.56169228
-5.62515321 0.66127316 2.57503978 0.75014519
-4.38045472 0.06798621 2.95565995 0.99768626
4.63149810 0.95920075 6.00022923 0.28272587
