0.242245 -0.00535665
0.259864 -0.0263063
0.214196 -0.0109978
0.254572 -0.00716849
0.245821 0.0531079
0.253822 0.0235542
0.205881 -0.0160976
0.243535 0.0111939
0.266693 0.00253442
0.239221 0.0406046
0.209497 -0.00838877
0.255586 -0.0098021
0.230292 -0.0158603
0.197771 0.0071883
0.260918 0.0257386
0.235173 0.0360639
0.179521 -0.00551699
0.217492 -0.00229953
0.188697 -0.00747616
0.267384 -0.0159662
0.166989 -0.00115853
0.222458 0.0532376
0.221552 0.00135812
0.269832 -0.00793561
0.259096 -0.0258745
0.269494 -0.0256563
0.187104 0.0192856
0.20896 -0.0235382
0.242281 0.0274888
0.258561 0.0198756
0.197392 0.0370877
0.206878 -0.0255127
0.194753 -0.0135078
0.252179 -0.0262319
0.230043 0.0114277
0.289095 0.0126358
0.225154 0.0194417
0.210882 0.00894302
0.203489 0.020294
0.238694 -0.000146066
0.211278 -0.038069
0.197797 -0.0143415
0.257731 0.039439
0.179778 0.0461506
0.251961 0.0205675
0.146264 -0.0177792
0.238262 0.0553638
0.194987 -0.00406328
0.280269 -0.0256377
0.184811 -0.00596174
0.207214 0.0164172
0.1859 -0.00855329
0.166668 0.035352
0.222701 0.0151542
0.239935 0.00134961
0.226585 -0.0131538
0.221088 0.00268583
0.195316 -0.00278937
0.213714 0.0132077
0.245834 -0.0218843
0.233189 -0.0192886
0.209402 0.0185723
0.230306 -0.0260901
0.185687 0.0156606
0.182654 -0.00430441
0.213751 -0.00236665
0.226275 0.0223926
0.193347 0.00520587
0.170515 7.8315e-05
0.164501 0.0408777
0.314514 0.0402974
0.190696 -0.013592
0.219758 0.0186256
0.269177 -0.00112399
0.184897 0.00408307
0.194914 0.0481944
0.282164 -0.0139459
0.229414 0.00787529
0.18148 0.0518384
0.184783 -0.0297184
0.170178 -0.0153349
0.206071 -0.024069
0.17016 0.00757573
0.183054 0.0325179
0.203377 -0.00972941
0.195681 0.0465869
0.280684 0.0063653
0.220661 -0.0085008
0.206257 0.0116033
0.218398 -0.0253321
0.193737 -0.0234395
0.21405 -0.0283245
0.260722 -0.00460781
0.18699 0.0154104
0.197659 0.0366418
0.22778 0.014109
0.213602 0.0142194
0.215661 -0.00931668
0.195636 0.00263648
0.170698 0.0310804
0.235885 2.02153e-05
0.180845 0.00888302
0.236288 0.00452823
0.205758 -0.00707131
0.223732 0.0184464
0.200444 0.00917745
0.187695 0.00344579
0.208164 -0.0187483
0.233875 0.00176304
0.194186 0.00419995
0.288097 -0.0230786
0.251128 0.00393673
0.174409 0.0195972
0.229795 0.0198038
0.208607 -0.00205395
0.229502 0.0109342
0.223525 -0.00108707
0.243664 0.0135097
0.192864 -0.000703444
0.268761 -0.0150859
0.229323 0.0263953
0.221522 -0.0132766
0.257382 -0.0292898
0.218053 0.0240365
0.224696 -0.00726789
0.220862 -0.0118212
0.300083 -0.0496248
0.184316 0.0248782
0.216474 0.00619566
0.229231 -0.0349952
0.219652 0.0453974
0.2048 -0.0175688
0.224648 0.0296086
0.228398 0.0147428
0.190866 -0.00047888
0.22858 -0.00397042
0.193391 0.0195228
0.197156 -0.0152168
0.184616 -0.0136137
0.209138 -0.014636
0.198349 0.0234108
0.141689 0.00370344
0.137183 0.0371092
0.246783 -0.0184301
0.218558 0.00557088
0.243548 0.0266667
0.198105 0.0283045
0.174211 0.00796845
0.20727 0.0148852
0.219799 0.0321348
0.196082 0.0292373
0.203457 0.0029494
0.189587 0.00323135
0.215598 -0.0204165
0.178577 -0.0299331
0.281587 -0.0414985
0.231939 -0.0542555
0.244152 0.00863952
0.2276 0.0176921
0.268828 -0.028737
0.208201 0.0371597
0.240631 -0.0303707
0.26879 -0.0230031
0.194029 0.0101532
0.15217 -0.0184661
0.226451 0.00872936
0.272398 -0.000753464
0.202047 -0.0247036
0.232069 -0.00827837
0.193845 -0.005636
0.256627 -0.0162544
0.181243 0.0307114
0.184582 -0.0110456
0.233695 0.000968714
0.165391 0.0382598
0.242872 0.0341853
0.202513 0.0162801
0.187053 -0.0192518
0.238198 0.0534527
0.207236 0.0170586
0.221395 0.00881127
0.210859 0.017916
0.204622 -0.00825594
0.218578 0.0171045
0.250354 -0.0213785
0.203286 0.00311506
0.23102 0.0241552
0.213007 -0.00411053
0.258811 0.00879133
0.219066 -0.0325097
0.200791 0.0131937
0.182293 0.0077222
0.221084 0.00435691
0.236741 -0.0122229
0.216729 0.0155099
0.257427 0.0273523
0.19952 0.0177679
0.217788 -0.0144187
0.20919 0.0178372
0.206279 -0.00188516
0.209517 0.0477391
0.252872 0.00442635
0.276016 -0.0218861
0.259581 0.0285966
0.217401 0.00256397
0.229974 -0.0693713
0.228089 0.0132784
0.166119 0.0198013
0.219117 0.0158091
0.225296 0.0177429
0.238439 0.0290568
0.167259 -0.013215
0.1968 0.0258995
0.197336 0.00842583
0.178634 0.041651
0.202806 -0.0401563
0.230278 -0.0259895
0.158076 -0.00155114
0.239011 0.029247
0.22842 0.0196784
0.231138 -0.00287347
0.255095 -0.0288928
0.283018 0.027645
0.229084 -0.00952211
0.216065 -0.00373224
0.201728 -0.0244324
0.194909 0.0310912
0.265851 0.0326373
0.173427 -0.0433167
0.165576 -0.0145777
0.260028 -0.0245104
0.1642 0.0469022
0.183047 -0.0156361
0.262745 -0.00541989
0.216601 0.0121263
0.257322 0.00939845
0.24819 0.0401174
0.251452 0.00785156
0.32882 0.0338031
0.227889 -0.00020279
0.201469 -0.0209714
0.221721 -0.0447926
0.223375 0.00551834
0.217889 0.0166698
0.193927 0.0366099
0.201245 0.0226733
0.195297 -0.0183827
0.183426 0.00418533
0.261293 0.0129173
0.275467 0.0172816
0.24941 -0.0351298
0.211688 0.00766863
0.23432 0.0181263
0.220774 -0.0114132
0.135164 0.00298961
0.21464 0.0324485
0.238077 -0.0272661
0.209735 -0.0271
0.152807 0.0128189
0.202591 -0.00528363
0.224391 -0.0302774
0.213778 0.0124483
0.199201 -0.0201551
0.210244 0.00391421
0.232393 0.0230207
0.25815 0.050523
0.316853 0.019057
0.240913 0.00376632
0.199348 -0.00978769
0.243036 0.0312882
0.264405 -0.0280455
0.199995 -0.0433839
0.247511 -0.0315943
0.246733 -0.0136656
0.151361 -0.00735688
0.261351 -0.00424237
0.247754 0.0122384
0.238852 -0.00750397
0.252057 0.00287647
0.246469 0.00483879
0.159766 -0.0308467
0.204673 0.0341273
0.267693 -0.0086251
0.261768 -0.00653457
0.204866 0.015553
0.262625 -0.0183364
0.221873 0.0107113
0.213491 0.00859879
0.231944 0.000278751
0.20154 -0.0123383
0.221325 -0.0404805
0.24927 -0.00177583
0.290777 -0.0131896
0.210986 -0.00863285
0.207744 0.0249054
0.242644 0.0703396
0.236489 0.0205659
0.285453 -0.0181862
0.249334 -0.0156278
0.203033 -0.0293558
0.238688 0.0115443
0.247286 -0.0157632
0.262967 -0.0257509
0.205528 0.0153809
0.233459 0.00557335
0.239941 -0.0102134
0.196017 -0.0283841
0.241971 0.0240574
0.205301 0.0291667
0.171277 0.00772727
0.251221 -0.00105157
0.171571 0.00688894
0.200528 0.0121802
0.246026 0.00152882
0.183888 -0.0265291
0.188145 0.018774
0.232077 -0.0329935
0.226229 -0.0277222
0.270025 0.00877857
0.234568 0.00342801
0.301594 0.00709927
0.205045 0.0348836
0.201856 -0.00889542
0.191503 -0.0174303
0.251583 -0.0090146
0.175058 0.00479008
0.21014 -0.00736927
0.197929 -0.0212043
0.176935 0.0279625
0.297454 -0.0147882
0.196452 -0.0207368
0.236422 0.0279445
0.19045 -0.0291844
0.203576 -0.026246
0.205057 -0.0191349
0.244845 -0.0419778
0.213149 0.0495296
0.169915 0.0295343
0.207032 0.010442
0.20431 -0.00120782
0.226115 -0.0345289
0.216875 0.0593313
0.156914 -0.0164088
0.182251 -0.00824053
0.206703 0.0299816
0.172082 -0.00297103
0.183651 -0.0259804
0.156232 0.0187012
0.22625 -0.00488814
0.192674 -0.0241399
0.169727 -0.0300666
0.168594 0.0179328
0.212863 -1.34116e-05
0.224634 0.00523828
0.225825 0.0137222
0.218646 0.00158317
0.189771 -0.0240959
0.248214 0.020278
0.232775 -0.00166026
0.22337 -0.0163095
0.201049 -0.00577118
0.206767 0.0149834
0.258558 0.0393141
0.359032 0.000110985
0.224339 0.0213527
0.213854 0.015302
0.192412 -0.00659804
0.180275 0.00959419
0.238944 0.0145174
0.193283 0.0119084
0.25514 -0.00491726
0.206004 0.00207319
0.236052 0.00101734
0.239814 0.00682415
0.238923 -0.0256719
0.202568 -0.0235573
0.233247 0.0220771
0.224128 0.0308786
0.179713 -0.00165535
0.252888 -0.014351
0.20094 0.0221171
0.2293 -0.0508143
0.185087 0.000568276
0.228681 0.028806
0.271537 0.0689663
0.242022 -0.00319881
0.261384 0.0149189
0.254001 0.0187158
0.219504 0.0468863
0.168695 0.00746681
0.213903 -0.0414347
0.198447 -0.0280234
0.234312 0.00213291
0.221649 0.0353743
0.19291 -0.0608601
0.239876 -0.0249418
0.234337 0.00935403
0.206315 -0.00911225
0.257594 -0.0243172
0.196283 0.00774028
0.220321 -0.0210705
0.192893 -0.0558973
0.211491 0.0201676
0.247332 0.00785041
0.256308 0.0384875
0.203415 -0.0378073
0.175897 0.0106857
0.198479 -0.0340122
0.160603 0.00313692
0.199849 0.00634246
0.251875 0.0298256
0.247917 -0.0471647
0.219331 -0.00878025
0.151394 -0.0111204
0.152391 -0.014528
0.222299 0.00606746
0.25377 -0.0191608
0.260123 0.00821778
0.216804 0.0183833
0.186727 -0.0224411
0.238675 -0.0215178
0.224766 0.0178666
0.206757 0.0109957
0.246413 -0.00857746
0.209736 0.00625155
0.175583 0.00625831
0.238521 0.0160741
0.182815 0.0177145
0.181881 0.0182469
0.23159 -0.0195261
0.244746 -0.0117476
0.209531 0.00938142
0.241086 0.0274228
0.212024 -0.0141588
0.183609 -0.0188065
0.200786 0.0450622
0.227934 -0.0201587
0.211349 0.00488241
0.197095 -0.0246418
0.249479 0.00369842
0.258143 -0.026308
0.210488 0.00133545
0.190402 0.0555303
0.238694 0.0104412
0.171799 0.0253172
0.24254 0.00640222
0.229282 0.0157644
0.216725 -0.0385413
0.220826 0.00104471
0.246182 0.0378429
0.209143 -0.0197101
0.202605 0.0141319
0.146353 0.0163278
0.254603 0.0201602
0.252416 -0.0169113
0.164254 0.0361735
0.171763 -0.0277984
0.172897 -0.00985779
0.182246 -0.0290909
0.192053 -0.0160135
0.271226 -0.0265851
0.181301 0.0105594
0.268044 -0.0307067
0.201437 0.00256695
0.20611 -0.0339207
0.23294 0.0258461
0.213508 -0.0275258
0.246163 -0.00443458
0.246162 -0.0238368
0.177818 -0.0208223
0.215102 -0.0290856
0.231885 -0.038348
0.19113 0.000612853
0.235649 0.00803274
0.263369 -0.00449316
0.216718 -0.0374028
0.248568 0.0656758
0.169037 -0.0307511
0.202102 0.0301966
0.15711 -0.0339587
0.254997 0.00428487
0.261493 0.0147148
0.226944 0.015097
0.200313 0.0162204
0.183957 0.0192844
0.179678 0.0111805
0.268104 -0.00672421
0.239241 0.00205628
0.212567 -0.0192253
0.206766 -0.0127138
0.210411 0.000834103
0.24912 -0.0665623
0.235001 -0.0316199
0.215084 -0.013728
0.217936 0.0102656
0.176834 -0.02243
0.253315 0.0226597
0.240582 0.00801371
0.228126 0.00219207
0.181047 0.029719
0.226012 -0.0368016
0.233736 -0.0278307
0.212697 -0.0706511
0.21 0.00467903
0.18119 -0.0383687
0.241642 0.00459882
0.194136 0.021887
0.236664 0.0322087
0.231015 0.00465951
0.189528 0.016127
0.271407 -0.0191673
0.248745 0.0233091
0.201464 0.013353
0.210865 0.00137741
0.206678 0.0118517
0.16198 -0.0508635
0.198097 0.00441222
0.238444 -0.0257548
0.185977 0.0125964
0.219742 -0.0294269
0.219975 0.0671129
0.193145 -0.00619358
0.263974 -0.02448
0.224829 -0.044859
0.244696 -0.00451493
0.245268 -0.0431431
0.191002 -0.0123976
0.232292 -0.0243112
0.266489 0.0340478
0.261624 0.0294614
0.290264 0.0371903
0.26803 0.00127462
0.220111 0.0189183
0.211756 -0.00922996
0.291108 0.0139765
0.2916 0.00816937
0.307105 0.0150967
0.220728 0.0221286
0.260157 -0.0116505
0.208067 0.0086517
0.208048 -0.0129935
0.180552 0.0240253
0.197326 -0.014161
0.23096 -0.000506302
0.19517 0.00295142
0.201934 0.000759478
0.188214 0.00274171
0.214808 -0.0025987
0.245133 -0.0240928
0.216311 0.0202098
0.160144 0.0195729
0.266646 -0.0318706
0.204809 -0.0323727
0.238113 -0.0255491
0.236496 -0.0154129
0.196007 -0.0122852
0.225281 0.0318699
0.204382 0.0368654
0.260778 -0.0317484
0.252414 -0.00908659
0.225323 0.0259462
0.193519 -0.00872936
0.222256 0.0134731
0.2618 0.0370494
0.244139 -0.00510648
0.213652 -0.0203798
0.302991 0.0466843
0.272208 -0.0558213
0.207902 -0.0205917
0.224022 0.0282959
0.252176 -0.0227144
0.185336 -0.0300171
0.239066 0.00673413
0.169867 -0.0328216
0.199822 0.013007
0.25507 0.00724426
0.171696 0.0181701
0.256596 0.00419608
0.266419 -0.0311066
0.196774 -0.0276249
0.179316 0.015185
0.254571 -0.02418
0.178927 -0.0144024
0.22151 -0.0527219
0.264822 0.012929
0.202085 0.0019681
0.200773 0.000640127
0.20882 -0.06916
0.244773 0.0454151
0.196919 -0.036511
0.215631 0.0183238
0.23058 -0.021028
0.208201 -0.000620397
0.232772 0.0108607
0.251358 -0.0285328
0.217589 -0.0192853
0.290184 -0.0364392
0.224967 0.00484231
0.172309 0.0540047
0.219537 0.0328374
0.191935 -0.0505792
0.251862 0.00130736
0.214649 -0.00783672
0.158382 0.0389538
0.181919 -0.0196155
0.253267 -0.0309452
0.259034 -0.00235109
0.24604 -0.00216697
0.196525 0.0431067
0.235727 0.024138
0.200634 -0.00930896
0.194601 -0.00884941
0.205723 0.0197275
0.14065 0.00436859
0.2098 -0.0423411
0.261038 -0.0480208
0.244423 -0.0192782
0.188203 0.005952
0.215323 0.00470273
0.189941 0.0482986
0.223673 -0.00133757
0.200966 0.014358
0.251911 0.0261522
0.240518 0.0195083
0.24612 -0.00717141
0.23466 0.0133147
0.28532 0.00814157
0.196232 -0.00231553
0.186115 0.00974467
0.141627 0.0303515
0.253756 -0.0405493
0.209503 -0.0111229
0.230009 0.002044
0.188059 -0.0312632
0.204965 0.0100115
0.217852 0.0311227
0.193446 -0.00694823
0.225463 -0.0102308
0.217946 -0.0184969
0.248458 -0.00346908
0.207119 -0.00453949
0.266759 -0.00453308
0.224103 -0.0357724
0.214547 -0.00361911
0.248625 0.0264831
0.207018 0.00350204
0.243718 -0.00826941
0.198007 0.0258492
0.166776 0.035223
0.198259 -0.00331474
0.208927 0.0107399
0.187803 -0.00779684
0.18852 -0.00747917
0.139753 0.0271784
0.236802 0.0264053
0.231259 0.0075101
0.201302 0.0437398
0.272363 0.0312137
0.294133 0.0133769
0.159401 -0.0134267
0.203863 -0.00239511
0.189046 -0.0396082
0.194196 -0.0252974
0.176401 -0.0015123
0.265503 0.00850505
0.281487 0.0169046
0.260075 -0.00878561
0.236059 0.00169642
0.248993 0.0352647
0.237537 -0.0374263
0.181552 0.0110003
0.205526 0.00541086
0.172911 -0.00434226
0.17301 -0.00564809
0.251072 -0.00777915
0.249739 0.028743
0.265368 -0.0655009
0.184691 -0.00458319
0.226269 0.0435571
0.251222 0.0312194
0.239745 -0.00690812
0.177035 0.0347583
0.226451 0.0250427
0.217458 -0.0341061
0.195875 0.00438212
0.206226 -0.0201939
0.21594 0.035682
0.249682 0.0395497
0.188034 0.00320497
0.199898 -0.0051395
0.259233 -0.0437223
0.218378 -0.000549757
0.207637 -0.0295652
0.208174 0.00217671
0.20004 -0.0298071
0.258212 0.00757991
0.195802 -0.00365163
0.214207 0.0109569
0.193184 0.00571309
0.252208 0.0319238
0.287457 -0.0256276
0.24732 -0.00343856
0.225518 -0.0375665
0.239055 -0.0138992
0.181703 0.00416783
0.234125 -0.00261217
0.215307 0.0732526
0.215949 -0.0478467
0.20898 -0.0315153
0.184423 0.00134749
0.20514 -0.0140242
0.175112 -0.0075954
0.200935 0.0146486
0.239985 0.0122422
0.190423 0.00918559
0.175693 0.0107757
0.243162 -0.0187261
0.278024 0.0254906
0.269322 -0.0216534
0.215818 0.0116551
0.171358 0.0168506
0.23125 0.0080831
0.191312 -0.028411
0.211108 -0.0297205
0.193972 0.00900177
0.248279 -0.0258348
0.239098 0.0110571
0.220054 0.0134968
0.177773 0.0301869
0.245073 0.0317125
0.26151 -0.027262
0.190254 -0.0256988
0.213618 0.00701459
0.174148 0.0424855
0.197033 -0.00676164
0.219416 0.00428072
0.156737 0.0131982
0.247174 0.0258641
0.237751 0.00177292
0.241985 0.0312055
0.201992 -0.022637
0.221422 0.00828133
0.245693 -0.00664912
0.224476 -0.0292799
0.192038 -0.000442291
0.245414 -0.00693733
0.239236 0.0216502
0.244445 0.0267254
0.195462 0.0186407
0.251645 -0.016228
0.228797 -0.0387318
0.223228 -0.0248236
0.243888 0.0169789
0.195101 -0.0338531
0.209694 -0.0502748
0.254662 -0.0161822
0.26134 -0.0175239
0.221078 -0.00257881
0.179573 -0.0189057
0.233221 -0.0205922
0.241031 0.00986568
0.164373 0.00660077
0.261489 0.00501416
0.203054 -0.00132639
0.236231 -0.0439329
0.230614 0.0233363
0.213906 -0.0101057
0.190329 0.00850327
0.262547 0.0381556
0.163238 0.00207146
0.218295 0.0572214
0.189339 -0.0216397
0.236231 0.0250925
0.169657 -0.0250235
0.236849 -0.00112755
0.196856 -0.00812833
0.178848 -0.0215031
0.221385 -0.00694937
0.228865 -0.0207761
0.190551 0.0211475
0.220981 -0.00834943
0.231054 0.0329484
0.19356 0.00640282
0.219126 0.0358251
0.185384 0.000161458
0.186693 0.00375686
0.200072 0.0268129
0.213272 -0.02805
0.26325 -0.00136329
0.184269 0.0141163
0.245537 -0.0105577
0.227981 0.00938791
0.200934 -0.0045832
0.262588 0.00136388
0.209173 0.0327436
0.192357 -0.0145532
0.180574 0.0128062
0.173731 -0.0193003
0.257827 -0.0269891
0.242367 0.000892593
0.230201 0.0119954
0.255783 -0.014403
0.169599 -0.00240442
0.207743 0.00537529
0.220487 0.0348174
0.222594 -0.0250393
0.229331 0.000408773
0.176528 -0.0119486
0.240534 0.0183599
0.22675 0.00764882
0.222182 0.0316641
0.211935 -0.0187744
0.173505 0.00194134
0.213842 -0.0091688
0.205992 0.00318049
0.211824 0.0479492
0.175019 0.00225486
0.296771 0.0386308
0.265335 0.0154577
0.231582 -0.0142573
0.21926 0.0327195
0.226162 0.00691113
0.260583 -0.0258596
0.294284 0.0388248
0.247021 0.00591083
0.222809 -0.0176751
0.252849 0.0294206
0.175753 0.0228126
0.189443 -0.0345955
0.229901 0.0160934
0.255731 -0.0435927
0.22818 -0.00575365
0.216748 -0.0355085
0.223234 0.0167124
0.217703 -0.0457625
0.257626 0.0221892
0.203251 0.00576592
0.196268 0.000207669
0.217513 0.0507255
0.208099 0.0216863
0.214409 -0.0273032
0.258437 0.0031088
0.196496 0.0120487
0.166438 -0.0203782
0.156389 0.00210636
0.226671 -0.00352733
0.20479 -0.011307
0.213943 -0.0255288
0.233945 0.0303177
0.213111 0.00978716
0.227325 -0.0256181
0.23228 0.01074
0.253533 0.0482972
0.250778 0.0520256
0.246954 0.0179535
0.179852 -0.00219487
0.208546 -0.00342752
0.168438 0.00962342
0.270858 -0.0326358
0.221916 -0.00362103
0.210091 0.049915
0.215537 0.01166
0.235663 0.0715652
0.219245 0.000241847
0.187956 0.035845
0.188529 0.00808104
0.153692 -0.0211621
0.224228 -0.0173144
0.237385 0.00124506
0.204253 0.028984
0.280588 -0.0162899
0.221696 0.00149236
0.232568 0.0019714
0.211464 -0.0223008
0.218355 0.00108678
0.234453 0.0126568
0.177211 0.00300861
0.273185 0.0307821
0.222772 -0.0219622
0.209239 0.0455883
0.214911 -0.0370911
0.230066 0.0146539
0.206784 -0.0152371
0.206583 -0.0262166
0.236869 -0.0015346
0.24487 0.0286153
0.221821 -0.0186288
0.154865 -0.0221095
0.210735 -0.0351419
0.189213 0.0196593
0.204623 -0.0039688
0.233747 -0.0346529
0.202702 0.0154876
0.241136 -0.0152085
0.180348 0.0251926
0.25976 -0.02251
0.227496 0.0407129
0.208022 -3.96221e-06
0.217972 0.00209257
0.169065 -0.00918862
0.28801 0.00237279
0.221301 0.0223895
0.217079 -0.00681686
0.192307 0.00867386
0.169726 -0.0238359
0.249245 0.0030596
0.202074 0.0235908
0.189662 -8.58557e-05
0.2535 -0.00750808
0.20399 0.00818963
0.207745 0.00407526
0.213566 0.00759394
0.245259 0.00821982
0.188498 -0.0119348
0.225408 -0.0351664
0.272032 0.0315573
0.201462 0.0184569
0.170157 0.0114685
0.202429 0.0456157
0.196322 -0.00191768
0.182845 0.0509956
0.224931 -0.0260219
0.203639 -0.01315
0.248221 -0.0335027
0.282861 -0.0332907
0.234084 0.0483278
0.192616 -0.00482395
0.226869 -0.0238615
0.213411 -0.0181629
0.211529 0.0291955
0.273666 0.0824141
0.260813 -0.0210319
0.254165 -0.0583791
0.217536 0.0195696
0.213223 0.0101423
0.251178 0.00119998
0.20626 0.00468519
0.2015 -0.00383751
0.180103 0.036282
0.206813 0.0113683
0.184362 0.00523424
0.184725 0.0221511
0.169601 0.0129281
0.216812 0.0297745
0.169008 -0.0274765
0.177191 -0.0106492
0.219046 -0.0244844
0.214476 -0.00543676
0.240575 0.0286886
0.202994 -0.0313913
0.218746 -0.0119998
0.190319 0.0152671
0.162342 0.0345067
0.207043 -0.00743559
0.26666 0.00972387
0.306475 -0.00435963
0.229054 -0.00428332
0.277671 -0.00733881
0.306967 0.00288434
0.198351 0.0296097
0.224924 0.000241281
0.258287 0.000378679
0.274008 0.0351316
0.199337 0.0382946
0.213776 -0.00824174
0.197196 -0.0709466
0.238185 -0.00694207
0.189665 0.00931173
0.245571 0.0190992
0.237334 0.0155773
0.203102 -0.00762498
0.244912 -0.00597548
0.252075 -0.00504212
0.243224 -0.00294093
0.187825 -0.0197858
0.198161 -0.0188765
0.220298 -0.000437726
0.189237 0.00428071
0.226198 -0.00200803
0.157221 0.00308747
0.236235 0.0446965
0.240028 0.0226665
0.199213 0.0373544
0.188455 -0.00463289
0.207835 0.0134089
0.247787 0.00481324
0.262559 0.0235361
0.287287 0.00306755
0.237147 0.00482153
0.197482 0.0565308
0.192152 0.0173225
0.214833 -0.0221771
0.192654 -0.0243373
0.208573 0.00258467
0.242687 -0.0143629
0.202495 -0.00551314
0.224349 0.0186646
0.230455 -0.00712286
0.19711 0.029975
0.294503 0.00100703
0.266843 -0.0160876
0.26336 -0.0139818
0.162002 0.0300906
0.180201 0.0155954
0.180368 0.044349
0.228423 0.0366957
0.196837 0.0300456
0.249826 0.0288594
0.194187 0.00473695
0.261644 0.0024827
0.241024 8.19493e-06
0.212732 -0.0107557
0.233437 -0.000246966
0.197487 -0.022203
0.193799 0.00653636
0.158849 -0.0204378
0.173483 0.00115834
0.200948 0.0204729
0.264987 -0.000604151
0.202357 -0.0177994
0.216719 -0.0108011
0.204991 -0.0405208
0.216894 -0.00974587
0.227736 0.0106894
0.217831 0.00681517
0.183712 0.0378284
0.165514 0.0308803
0.25716 -0.0349316
0.248333 -0.00702716
0.196747 0.00466632
0.206016 -0.0052698
0.229778 0.0198215
0.163754 -0.0397585
0.230156 0.0081807
0.19219 0.0165886
0.18458 0.0136022
0.249904 0.00216214
0.193472 0.0422051
0.21453 -0.0102765
0.207993 -0.0271339
0.252273 0.0604162
0.181188 -0.00617505
0.246063 -0.0119869
0.182335 -0.0284374
0.190513 0.0277437
0.261784 0.00984462
0.247228 0.0432318
0.279692 0.002085
0.252471 0.0043478
0.22645 -0.0285959
0.240114 -0.00142521
0.213708 -0.0376004
0.28522 -0.0295151
0.20771 0.00761958
0.189955 -0.0331408
0.272282 -0.025368
0.286631 -0.0254849
0.265363 -0.00528423
0.198555 0.00967694
0.243002 -0.0219551
0.210116 0.0119398
0.2206 0.0220879
0.231011 -0.00284025
0.258213 0.016808
0.198262 -0.0192592
0.16635 0.0112605
0.14015 0.00862961
0.228939 0.0344714
0.2295 0.0254503
0.194023 0.0243293
0.197274 0.0117533
0.233108 -0.0211945
0.240138 0.0422095
0.144648 0.00180352
0.162261 -0.00159472
0.163451 -0.0205808
0.193568 -0.00190865
0.2362 -0.00338499
0.275994 0.00184937
0.265326 -0.0120746
0.291687 0.0312784
0.18138 0.0119009
0.253957 -0.0556949
0.211021 -0.0106228
0.224768 0.00602357
0.198357 0.0240063
0.157127 -0.00296053
0.234058 0.0147998
0.23191 0.0292489
0.207107 0.0377355
0.239306 -0.00927094
0.24079 0.0316955
0.205794 -0.0185179
0.234639 -0.00722143
0.190379 0.0101391
0.333698 0.00622245
0.181016 -0.00415339
0.206238 0.0127649
0.212356 0.0129819
0.222321 0.0576554
0.241268 -0.0220225
0.224844 -0.00747258
0.200358 -0.0199757
0.240956 -0.00437421
0.193262 -0.00993248
0.197123 0.0343959
0.212023 -0.00391286
0.206356 -0.0124214
0.202603 0.00827417
0.250603 0.0329298
0.297167 0.00880638
0.21916 0.0234185
0.174591 0.0188713
0.180358 0.0364007
0.257977 -0.0157157
0.183207 -0.0213107
0.21775 -0.0221012
0.224234 0.019441
0.236536 -0.0181301
0.166822 0.015299
0.240547 -0.0156817
0.235583 -0.00608035
0.236419 0.0193987
0.222911 -0.0241174
0.22486 -0.00891983
0.230981 0.000295761
0.15674 0.0309213
0.15115 -0.00915853
0.195777 0.0156792
0.181109 -0.0118822
0.244954 -0.008312
0.248271 -0.0228784
0.269571 0.000663351
0.236165 -0.0218264
0.153439 0.053237
0.201532 -0.032781
0.202475 0.00439845
0.168018 0.0151255
0.217992 0.0055472
0.165779 -0.00308736
0.228619 -0.0550422
0.205166 -0.00528535
0.243932 -0.0170766
0.168134 -0.0574819
0.201852 0.00636953
0.164554 -0.0343365
0.243259 0.0419761
0.167948 0.0350136
0.206121 -0.0154578
0.233648 -0.0170742
0.190735 -0.0315865
0.224641 0.00368399
0.240822 0.0133255
0.254722 0.00602163
0.234088 -0.0393047
0.218331 -0.0373486
0.244783 0.019223
0.228715 -0.00164187
0.164534 -0.00410895
0.152957 0.00217879
0.217637 0.0181682
0.181998 -0.005459
0.236338 -0.0204316
0.250092 0.0429671
0.237461 0.0097568
0.154688 -0.0318571
0.225226 0.0285436
0.217313 0.00351522
0.253218 -0.0141702
0.202205 -0.0210061
0.18546 0.00194092
0.205026 0.0317174
0.226415 0.0533803
0.193106 -0.0469542
0.193123 0.00518387
0.198994 -0.012042
0.238092 0.0309829
0.15379 -0.00348826
0.214027 0.0244509
0.250326 0.0160796
0.26292 0.0168141
0.201376 -0.00249295
0.256556 0.0188387
0.206641 0.0177375
0.184988 -0.00674064
0.240409 -0.0204056
0.243948 -0.00546367
0.229077 0.0240207
0.195297 -0.0293092
0.258521 0.0148446
0.216305 0.00516791
0.256032 -0.0220551
0.17455 0.0223608
0.186254 0.0110423
0.257182 -0.00933528
0.180418 0.01926
0.235915 -0.0138181
0.226349 -0.00665894
0.228129 0.00670947
0.214217 0.0273069
0.179919 0.0235449
0.239209 -0.0407026
0.199729 0.0370729
0.256284 -0.025921
0.209754 -0.0248454
0.204759 -0.026929
0.233703 -0.0307189
0.238026 0.0518216
0.211042 0.0387964
0.236857 -0.00122779
0.266449 0.0292655
0.192186 0.0449218
0.276012 0.0356453
0.163757 -0.0206455
0.185227 -0.0305195
0.255531 0.0139536
0.213531 -0.0102604
0.191598 -0.0245029
0.255302 0.0450678
0.234384 0.00779654
0.178801 -0.00339627
0.139103 -0.0156843
0.195676 0.0350672
0.214102 -0.00222157
0.251782 0.00574822
0.237022 -0.0216815
0.182669 0.00038611
0.234181 -0.012839
0.21388 0.00218583
0.213092 0.00648248
0.223822 0.0183364
0.226364 0.00835941
0.183498 -0.00406369
0.217442 0.0377156
0.181449 0.0179826
0.191573 0.0239672
0.231139 -0.0307187
0.220885 -0.0233007
0.197942 -0.00638586
0.194915 0.0254385
0.170743 0.0228935
0.234749 -0.00474386
0.181235 0.0055375
0.224707 -0.0148546
0.250538 -0.00697436
0.224227 0.0657417
0.222404 0.0319831
0.220189 -0.00448309
0.220919 -0.0346396
0.252265 0.00552242
0.209924 -0.0261185
0.215481 0.0766494
0.231864 0.058194
0.179671 0.0369446
0.195363 0.00440445
0.221516 0.0253961
0.207322 0.000960258
0.221682 -0.0331048
0.241501 0.00240394
0.201095 0.0245022
0.235886 0.028742
0.183538 0.0484669
0.186435 0.00803381
0.140843 -0.00725394
0.287147 0.0169167
0.231507 0.0129562
0.226403 0.00915635
0.244572 -0.0523732
0.152228 0.0250242
0.165166 -0.00429429
0.176855 0.00189439
0.291097 -0.0348107
0.227025 0.0211135
0.232705 -0.0160145
0.261009 0.0116803
0.180997 -0.0177255
0.18386 0.00191073
0.19694 -0.0321908
0.204115 0.0138621
0.209464 0.00364224
0.206313 -0.0184699
0.230911 0.0320581
0.226979 -0.0359632
0.226111 -0.0350185
0.216432 0.0280351
0.286877 0.0171109
0.246977 0.0173845
0.190366 -0.00570921
0.257763 0.00529884
0.175702 0.0213825
0.230487 0.00586508
0.219513 0.0213856
0.263673 0.023322
0.25113 -0.042576
0.280597 0.0106694
0.23086 -0.026612
0.217618 -0.00855075
0.196614 -0.00857658
0.22494 -0.0275443
0.233583 -0.031868
0.249833 -0.00581163
0.247883 -0.0199868
0.240524 -0.00729375
0.244756 0.0172882
0.212747 0.0321223
0.318964 -0.0247768
0.280899 0.0354051
0.249725 0.00784796
0.210902 0.0220772
0.267191 -0.00227628
0.243758 0.0114524
0.268269 0.00655468
0.189481 0.0463443
0.196341 -0.0257904
0.233107 0.0295723
0.266931 -0.0272441
0.218769 -0.0223022
0.218349 0.00602258
0.275814 0.00430777
0.212209 0.014873
0.215048 0.0312797
0.30582 0.017521
0.246195 0.00145215
0.222737 -0.0130388
0.224015 0.0230682
0.277913 -0.00442757
0.210944 -0.0299423
0.194986 0.011082
0.192099 -0.00755391
0.256961 0.0140518
0.181507 0.0143584
0.212111 0.0332493
0.249592 0.0083339
0.254395 -0.00118437
0.193795 0.0129134
0.191728 -0.0316157
0.25435 -0.016613
0.206858 0.000543215
0.167862 -0.00893518
0.205437 0.0162962
0.214524 0.00141914
0.208092 0.00114146
0.203678 -0.0063829
0.249217 -0.000799866
0.207313 0.0134518
0.234757 -0.0036938
0.275355 -0.00373599
0.250903 0.00863639
0.180506 -0.0160561
0.282409 0.00262379
0.250989 -0.0106541
0.224315 -0.0109934
0.280511 -0.027569
0.216696 0.00651396
0.215782 0.0178702
0.208035 -0.00929693
0.224112 0.000864263
0.201715 0.00529756
0.21152 0.0494257
0.209799 0.0168796
0.173511 0.00828675
0.167096 -0.0393531
0.219812 0.0534114
0.205734 -0.0132612
0.237475 -0.00619606
0.234671 -0.00372513
0.265012 -0.00191605
0.220789 -0.0125655
0.204132 -0.0139757
0.238211 0.0251875
0.267251 -0.0161706
0.261767 0.00625795
0.215925 -0.0262649
0.281503 0.0022331
0.218382 -0.0285781
0.18218 -0.0486725
0.222228 -0.0119893
0.206403 -0.0456527
0.19317 -0.0203087
0.223398 -0.0187558
0.210348 0.00708695
0.244273 -0.0362272
0.246257 -0.0451675
0.216182 0.0287733
0.244129 0.0508795
0.218954 0.016959
0.194934 -0.00365437
0.188479 0.00082993
0.190025 0.0526942
0.242487 0.061403
0.209443 0.0264937
0.188197 -0.0187587
0.173545 0.0344995
0.16969 0.0251296
0.217313 0.0350285
0.184505 0.00440771
0.263544 0.0258875
0.259603 -0.0245183
0.203009 -0.0423239
0.19891 0.0273488
0.193959 -0.00631729
0.177193 -0.00949667
0.273942 0.012548
0.225173 0.00860015
0.280785 0.027172
0.227411 0.00529895
0.189608 0.000956902
0.248317 -0.0311885
0.293027 -0.0124389
0.217212 -0.0438748
0.276179 -0.0543574
0.159893 -0.0256885
0.186077 -0.027042
0.237792 -0.0137469
0.201702 -0.0205168
0.208202 0.0293165
0.284187 0.00216284
0.220516 0.0102846
0.197381 0.0491542
0.227425 0.010912
0.24361 0.0327543
0.217112 -0.00120179
0.228086 1.78094e-05
0.197015 0.0337337
0.209238 -0.0141825
0.185476 -0.0113924
0.194924 -0.0428106
0.179715 -0.0172723
0.246953 -0.0248917
0.205171 -0.00331492
0.227443 0.0412283
0.209866 -0.0312978
0.190218 0.0179821
0.226225 0.016143
0.195652 0.0266834
0.228255 -0.0210472
0.224818 0.0153821
0.152397 0.00554048
0.203242 0.007833
0.231814 -0.010979
0.16717 0.00620784
0.235892 0.0232729
0.197079 -0.0254122
0.244457 -0.0172179
0.167674 0.00361962
0.185123 -0.0201488
0.176127 0.0328576
0.180595 0.0285009
0.176178 -0.0350981
0.204021 0.0193696
0.222449 0.024166
0.185013 0.019084
0.190655 -0.0213739
0.233618 -0.000649846
0.225885 0.0342172
0.17717 -0.000126723
0.202853 -0.0171822
0.2285 -0.062524
0.258812 -0.0222667
0.249324 0.0327815
0.230261 -0.00436451
0.194632 -0.0505348
0.260619 -0.0505234
0.255463 -0.0182275
0.16892 -0.0195658
0.153332 -0.0162585
0.199414 0.00149439
0.221194 -0.0158986
0.253167 -0.0320283
0.17943 -0.0100335
0.216815 -0.00447133
0.210751 0.0171466
0.288221 -0.0287882
0.30202 -0.0192955
0.238163 -0.024103
0.235418 -0.0231035
0.22133 -0.0369204
0.195652 -0.0218418
0.219599 0.0179291
0.173236 0.0362195
0.180233 0.0324148
0.147357 0.0218789
0.216339 0.0309082
0.221883 0.00196562
0.245569 -0.026337
0.232559 0.00534825
0.205139 0.00690972
0.253859 -0.0172509
0.222487 -0.00047002
0.265343 -0.0179652
0.20488 0.00773642
0.24168 0.0694235
0.193256 0.04264
0.206366 0.0149391
0.212731 -0.00427878
0.203325 0.0029606
0.292794 -0.00239502
0.26831 -0.028279
0.194274 -0.0199176
0.233896 0.00757149
0.20335 -0.0164362
0.191005 -0.0400983
0.213035 0.00642131
0.192462 -0.00420305
0.233568 -0.0125581
0.244559 -0.0104739
0.201608 0.0342843
0.192331 0.0158484
0.234663 0.0358734
0.192212 -0.00260258
0.209911 -0.0151812
0.192254 0.000926175
0.203088 0.00883624
0.238987 -0.0206954
0.248549 -0.0190141
0.27448 0.00532526
0.180791 -0.0502286
0.226196 0.00912618
0.241491 -0.026835
0.22523 -0.0401865
0.177701 -0.0134329
0.230571 0.0159968
0.251298 0.0203616
0.292038 -0.0091408
0.269713 0.0262865
0.220561 0.0267254
0.216425 -0.00916899
0.29576 0.00773375
0.188924 0.0118119
0.195516 -0.00771404
0.230625 0.031723
0.219686 0.02349
0.230584 -0.00779023
0.275656 0.00550818
0.216164 -0.00704589
0.216241 0.0022576
0.186111 -0.00787721
0.237451 -0.0279787
0.233396 0.0318301
0.169405 0.0436902
0.171111 0.00295537
0.1682 -0.00307227
0.222737 0.00279599
0.234573 0.00549818
0.219182 0.0179624
0.24728 0.000269957
0.200186 0.0149324
0.246035 0.0254197
0.156336 0.00394322
0.199442 -0.0239169
0.199005 -0.0440985
0.187214 -0.0259786
0.22065 0.0144928
0.232856 -0.00149226
0.255709 0.0149424
0.299333 -0.0032758
0.301286 -0.0121432
0.244507 -0.0235637
0.273238 0.0267292
0.186997 0.00792113
0.216087 0.00938187
0.213397 -0.000616591
0.211092 -0.00708633
0.200964 -0.017422
0.195608 0.00221451
0.168826 0.0301278
0.162265 0.00372741
0.263107 0.020972
0.222828 0.00970387
0.368431 -0.0142082
0.244066 -0.000499016
0.197963 0.0105474
0.2273 0.0237006
0.193025 -0.0300086
0.220694 -0.0297793
0.184109 -0.0229727
0.215625 -0.0160015
0.285791 0.0104005
0.274708 0.00125612
0.183689 -0.00544357
0.221002 -0.000192142
0.166889 0.00769022
0.167946 -0.0158973
0.211579 -0.026876
0.258271 -0.00873919
0.194834 -0.021915
0.217014 0.00943608
0.167731 0.0245082
0.193788 0.0132006
0.195296 0.00987933
0.260048 -0.00730835
0.209956 0.0380155
0.182464 0.0235168
0.148132 0.00242317
0.23471 -0.00396663
0.197325 -0.0226358
0.239089 0.006919
0.236416 -0.00043126
0.215633 0.00203534
0.243885 0.02443
0.243605 0.0381175
0.233387 -0.00222188
0.185775 -0.00325695
0.251534 0.0161755
0.238614 0.0403865
0.214322 0.0459788
0.21955 0.01084
0.230476 -0.0213981
0.253323 -0.0392317
0.18611 -0.0190039
0.274104 0.0588687
0.243229 0.028645
0.333307 -0.000602986
0.214378 -0.00970352
0.208293 4.51421e-05
0.216436 0.0114008
0.209432 -0.0212633
0.180439 -0.00744732
0.225205 -0.0283281
0.188961 -0.00184339
0.289925 0.0238062
0.211862 -0.0036501
0.204206 0.00864145
0.268841 -0.00697576
0.199841 -0.0273357
0.275538 0.0391115
0.237789 0.039746
0.214212 -0.0273968
0.218902 -0.0172087
0.311719 0.035386
0.242395 -0.0404957
0.263982 -0.0135863
0.34525 -0.0209871
0.229879 -0.00810232
0.219734 -0.010113
0.179319 0.0262283
0.207119 0.00107438
0.22443 -0.00420986
0.224151 0.0100693
0.166489 0.0248405
0.177004 0.0110944
0.194434 0.0186149
0.240191 0.0318624
0.178953 -0.00591322
0.21321 0.0232846
0.240623 -0.0189535
0.274551 0.014484
0.239196 0.00437661
0.222577 -0.00720326
0.221706 0.0135703
0.216694 0.0103642
0.219659 0.00379289
0.223194 0.0515139
0.153308 -0.00624108
0.223154 0.0088917
0.252721 -0.0388588
0.187736 -0.0220527
0.224492 -0.034783
0.225918 0.0201662
0.217454 -0.00189455
0.176378 0.00779708
0.27336 0.0176303
0.217282 -0.0306801
0.2082 -0.00815371
0.258034 -0.00173469
0.212515 0.0158939
0.212064 0.0149307
0.244204 -0.0219136
0.197179 -0.00420147
0.173356 -0.00130216
0.176528 0.0206346
0.188565 0.0343253
0.187952 0.00956573
0.264779 0.0379951
0.170542 0.0126046
0.203687 0.0246461
0.18293 -0.0142056
0.179677 -0.00613869
0.226209 -0.02012
0.224707 -0.00621
0.210521 -0.0702166
0.225521 -0.0368837
0.200761 0.0174411
0.193011 0.0143532
0.249126 0.00510528
0.233665 -0.00656888
0.253451 0.00897758
0.221418 0.0161911
0.171825 -0.0293917
0.234917 -0.00155416
0.163669 -0.0347228
0.190919 0.0233522
0.229208 -0.0263114
0.241872 0.0278128
0.224315 0.00559502
0.211479 0.0195932
0.229773 0.00879325
0.290383 -0.0134129
0.231167 0.0378877
0.255797 0.014845
0.221066 0.0184021
0.193119 0.0262028
0.228594 0.0619902
0.290016 0.00307318
0.279088 0.0421778
0.222431 0.0181516
0.21632 -0.0290533
0.229159 0.0216398
0.18349 -0.0126539
0.216307 -0.0431376
0.20455 -0.0026951
0.1674 0.0358003
0.228966 -0.0123204
0.245445 -0.0207151
0.246295 -0.0256891
0.231793 -0.0414438
0.207554 0.0175141
0.182327 -0.0216699
0.181618 -0.0114231
0.187232 0.0348507
0.25431 0.00757892
0.210227 -0.0134991
0.24418 0.000512725
0.19054 0.000227679
0.259007 0.00573886
0.204856 0.00812913
0.193225 -0.0386264
0.246453 -0.0159576
0.298361 0.019877
0.230548 -0.00963665
0.235178 -0.0215347
0.276549 -0.0287356
0.267245 0.015665
0.21616 -0.033602
0.233153 -0.00155461
0.205644 -0.00807773
0.220391 -0.0546585
0.232838 0.00171127
0.237768 -0.00618683
0.184761 -0.0264499
0.27352 -0.0360176
0.203841 0.0197042
0.175736 -0.0106995
0.195958 0.016406
0.208359 -0.0105308
0.214923 0.0278416
0.295077 0.0185117
0.195734 -0.0126425
0.283805 -0.0143738
0.254117 0.0107089
0.235388 0.0263003
0.207201 -0.00591384
0.21207 0.00646933
0.217732 0.0453561
0.204909 0.0201669
0.14068 -0.000699182
0.182976 -0.00395468
0.197503 0.00521819
0.172518 0.0242899
0.214913 -0.0252736
0.219216 0.0289004
0.198718 0.000412642
0.225738 0.015388
0.30126 -0.0170602
0.178502 0.034139
0.197629 -0.0259532
0.180724 -0.0157197
0.205853 0.0154589
0.257431 -0.00319082
0.262898 -0.0173372
0.217458 0.0473203
0.21804 0.0243978
0.225615 -0.000631878
0.162037 0.00689849
0.180734 0.0122424
0.239226 -0.024366
0.248451 0.0110336
0.235371 0.0093777
0.154894 7.35913e-05
0.25557 -0.0572824
0.213883 -0.0171563
0.22877 0.000327233
0.261368 0.016269
0.175623 -0.0151868
0.255882 -0.0471194
0.256542 0.0375045
0.200528 -0.023987
0.227484 -0.0538968
0.2139 0.0177789
0.210431 -0.0338551
0.228657 0.000118582
0.247717 0.0106133
0.238238 0.00718753
0.259981 -0.0189834
0.145357 0.00435769
0.241236 0.029317
0.225731 0.0140535
0.204269 -0.0200814
0.258651 -0.0373756
0.176736 -0.0370465
0.188207 -0.0177784
0.221225 -0.0101536
0.228056 -0.0207816
0.221134 0.0139773
0.212339 0.0109456
0.147419 -0.00569041
0.223138 -0.0140617
0.186002 -0.0165814
0.188867 0.00499462
0.16479 -0.000584477
0.208494 0.00415526
0.245784 -0.0348629
0.18884 -0.0399015
0.191627 -0.0119446
0.221726 0.00245529
0.303835 -0.0122695
0.163735 0.00526141
0.259431 -0.0010811
0.230283 -0.014768
0.261198 -0.00859753
0.214985 0.0300796
0.290666 -0.0251905
0.256264 0.0285223
0.248952 -0.00283955
0.268333 -0.0375878
0.26716 0.00801497
0.19769 0.00867823
0.202517 -0.00968832
0.280842 0.00200578
0.282495 0.0171706
0.257486 0.00562625
0.182643 -0.0264757
0.193382 -0.000688117
0.186056 -0.0128873
0.218131 -0.0240705
0.2586 0.00762201
0.245514 0.00852044
0.242394 -0.0197297
0.251412 -0.0321581
0.267173 -0.00663496
0.257594 0.0319644
0.233676 0.0147824
0.132942 -0.0194295
0.201591 0.0282011
0.200891 -0.0277309
0.243967 0.0218783
0.217477 -0.000676842
0.193647 -0.00251623
0.226435 -0.0359782
0.15504 0.0208255
0.270218 -0.0278134
0.214912 -0.0108556
0.212963 0.0100813
0.191962 -0.0116943
0.226382 0.00384903
0.222771 -0.0236519
0.242743 0.0395445
0.240615 0.00348889
0.241128 0.0101313
0.229248 -0.00145641
0.22034 0.0488651
0.218603 0.0133581
0.237574 0.00293391
0.314928 0.0128796
0.237739 0.0242086
0.209955 -0.0198849
0.23001 -0.0237902
0.252708 0.01934
0.197088 0.00186038
0.148076 -0.0042792
0.268163 -0.0223818
0.228698 0.0114674
0.196187 0.0136201
0.205177 -0.0357401
0.243034 0.0401899
0.241101 -0.0336141
0.217318 -0.026204
0.169563 -0.039117
0.23943 -0.00804857
0.25592 0.0349548
0.241397 -0.0103298
0.263026 0.00967087
0.231681 0.00121386
0.216535 -0.0138828
0.154797 -0.0175828
0.258722 -0.0138104
0.307027 0.0232425
0.205165 -0.0083991
0.18773 -0.0151155
0.170579 -0.0381397
0.227857 -0.0474255
0.212225 -0.0155791
0.238075 -0.0107626
0.257067 -0.013281
0.230227 -0.0549246
0.274574 0.0245553
0.239654 0.0112116
0.265175 -0.0351973
0.164512 0.0126867
0.231601 -0.00950606
0.232205 -0.017227
0.225973 0.0204073
0.190139 -0.0155042
0.219898 -0.0312737
0.245842 0.00223487
0.164313 -0.000272499
0.24509 0.0128493
0.203134 -0.0215264
0.188679 0.0502056
0.241535 -0.00436207
0.257852 -0.0167937
0.217778 -0.0149898
0.221111 -0.0600553
0.212531 -0.0266019
0.188198 -0.0175126
0.252546 0.0237606
0.28495 -0.0175466
0.285457 -0.0265615
0.20198 0.0134996
0.221838 0.0292559
0.177745 -0.0209114
0.152038 -0.0359292
0.251904 0.0233484
0.184818 -0.00861079
0.223178 -0.0708456
0.287668 -0.0105797
0.197441 -0.010915
0.197738 0.0119723
0.23431 -0.0196977
0.179675 -0.0213398
0.249828 0.0499309
0.227503 -0.0218319
0.215101 0.0191714
0.25283 -0.0336635
0.249168 0.0214291
0.227761 0.0470199
0.225781 0.00550782
0.272546 -0.0046818
0.226825 -0.00188542
0.24899 -0.00180693
0.196076 0.00634669
0.255038 0.00141621
0.195943 -0.0249765
0.192733 -0.0193613
0.223649 0.0062983
0.211439 0.00952332
0.236306 0.0329493
0.212573 0.0165244
0.194767 -0.0156773
0.208648 0.00181004
0.23131 -0.0145868
0.202847 0.00935637
0.133723 0.033682
0.183995 -0.04661
0.262761 0.0207419
0.171283 0.0292511
0.192205 0.00808533
0.203016 0.0148734
0.23575 0.0359851
0.211285 -0.00576241
0.262994 0.0197005
0.226312 0.0318394
0.241025 -0.0180266
0.240974 0.0268161
0.211369 -0.00718981
0.155604 -0.018065
0.235584 -0.0220873
0.192887 0.00615206
0.198297 -0.0177972
0.236756 0.0341857
0.192289 0.0248585
0.216968 -0.0184032
0.210712 0.00320471
0.258207 0.00486479
0.191688 -0.00821886
0.163928 0.0479892
0.199572 0.0184972
0.229028 -0.0193256
0.218162 0.0373886
0.218998 -0.0259412
0.196951 -0.0306877
0.256983 -0.0104402
0.209099 -0.03109
0.16514 -0.00556257
0.180225 0.0505859
0.178756 -0.0129576
0.25381 -0.0311604
0.23472 -0.00650542
0.201973 -0.00275495
0.197614 0.0150113
0.222895 -0.0128942
0.176372 -0.0203165
0.229062 0.00306284
0.223402 -0.0060431
0.216076 -0.000292467
0.233601 0.0255183
0.180203 -0.0220348
0.217981 0.0378224
0.212635 -0.0215843
0.235267 0.0554586
0.220324 -0.0267051
0.241495 -0.00114444
0.259847 -0.0147529
0.265399 -0.000533411
0.26746 0.0411934
0.226999 -0.0153944
0.167536 0.0313078
0.24017 -0.0643719
0.191121 -0.0126023
0.20836 -0.0429777
0.200498 0.0112931
0.237718 0.0408538
0.226158 0.0642128
0.214132 -0.0100337
0.219423 -0.0311801
0.245298 -0.00310819
0.236782 -0.020152
0.202957 0.00259885
0.240769 -0.00787453
0.194156 -0.00915955
0.199831 -0.0119502
0.258864 -0.0350676
0.190034 0.0118473
0.236643 -0.00575409
0.250133 -0.00110847
0.20607 0.00262775
0.264531 -0.0322876
0.217995 0.0367909
0.281506 -0.0265164
0.240621 -0.0103063
0.238437 -0.0523894
0.228189 0.0248744
0.188582 0.00962845
0.271694 0.00402119
0.235361 -0.0289588
0.223358 0.0423315
0.15891 -0.0161768
0.178816 0.00765785
0.220698 -0.0178367
0.191298 -0.0422552
0.191043 -0.00116798
0.249002 0.00615912
0.225341 0.0489499
0.227296 0.011314
0.216406 -0.0307862
0.200171 -0.0167196
0.335701 0.0421407
0.249503 0.0136497
0.183586 -0.0302062
0.178466 0.0340915
0.17672 -0.0243429
0.197312 0.00820886
0.236082 -0.00135907
0.234353 0.0117477
0.201055 -0.000728767
0.256089 0.0349901
0.235092 0.0136873
0.176459 -0.0399577
0.217617 0.00077415
0.198295 0.00858908
0.241067 0.00565596
0.224286 -0.0281941
0.203852 0.00924772
0.239008 0.0115064
0.187089 -0.00721546
0.223634 0.037942
0.18333 0.0144191
0.202836 0.00772417
0.216295 0.004356
0.213125 -0.0122629
0.173802 -0.0355689
0.268203 -0.0330805
0.237428 -0.0521211
0.191397 0.00887729
0.239486 0.0198284
0.227418 -0.0265268
0.213572 0.00649458
0.257912 -0.00165752
0.190155 0.0162717
0.204375 -0.0188541
0.168321 -0.00896391
0.224272 0.0292205
0.236143 0.0122193
0.24408 -0.00519588
0.194794 -0.0135929
0.223272 0.00905903
0.270085 -0.0349563
0.281649 -0.0181476
0.313999 -0.00186692
0.258861 -0.00842095
0.196848 -0.0638806
0.205092 -0.037149
0.164874 0.000904454
0.163936 -0.00259941
0.21351 -0.0118857
0.244139 -0.00649364
0.170203 6.60831e-05
0.189976 0.00265206
0.221438 0.0497031
0.197471 0.0109153
0.241699 0.00356789
0.191645 -0.0263087
0.179394 0.0358999
0.294199 0.0305984
0.187385 -0.0195666
0.239125 0.0195353
0.227719 0.0197513
0.213102 -0.00390901
0.226214 0.00312198
0.213316 -0.0493454
0.173097 0.00664567
0.267361 -0.0457264
0.231528 -0.00120317
0.242451 0.0252498
0.215814 -0.0311008
0.20163 -0.00431935
0.230313 -0.0412391
0.183376 0.0270836
0.192851 0.0150123
0.228173 0.00351126
0.189946 0.0191645
0.235151 0.0182697
0.20406 -0.0231082
0.242685 0.0254323
0.191628 0.019838
0.23066 -0.011942
0.202755 -0.0488675
0.244175 0.0319745
0.217509 -0.0125376
0.21637 -0.00315777
0.20227 -0.00985534
0.190129 0.0176373
0.213577 -0.00745304
0.164266 0.0151134
0.23532 0.0118233
0.220021 -0.0019151
0.234036 -0.00340204
0.28439 -0.0175288
0.164084 0.00922915
0.199078 0.0257932
0.180733 -0.0479879
0.251247 0.0527474
0.229459 -0.0187572
0.174292 0.0255945
0.223874 -0.0012828
0.202787 0.0525007
0.214719 0.00169799
0.22039 0.0110841
0.203812 0.0203019
0.265011 0.0111967
0.27757 0.000800213
0.239867 0.00230779
0.219698 0.0257123
0.295428 0.00931789
0.226433 0.0214578
0.225313 -0.00241574
0.251326 -0.0359303
0.254712 -0.0240466
0.215241 0.00547972
0.177824 0.00551211
0.134089 -0.0160337
0.237171 -0.0218558
0.186621 -0.0077399
0.270889 -0.00549436
0.228579 0.00487682
0.249198 -0.017168
0.219878 0.0433513
0.207704 0.00212984
0.163678 -1.66939e-05
0.261122 -0.0060483
0.177254 0.00627415
0.231089 0.0629243
0.203912 0.0451985
0.200234 0.00127137
0.223215 -0.00662623
0.29382 -0.0204898
0.189578 -0.00122837
0.228153 -0.0123691
0.211353 -0.0363017
0.183707 0.00465696
0.199508 0.0202952
0.224208 0.0264354
0.231467 -0.0398724
0.193162 -0.0605341
0.201854 -0.0142657
0.202256 -0.00957291
0.253597 0.00613881
0.226118 0.0426105
0.24394 0.0440978
0.198367 -0.00697419
0.200622 -0.0312308
0.237914 -0.0312651
0.246174 -0.00130506
0.213018 0.0378869
0.238144 -0.00952715
0.278938 -0.0378011
0.266974 -0.00843118
0.162743 0.000932723
0.217784 -0.0335085
0.221369 0.0145736
0.198574 0.0244109
0.231151 0.00338244
0.18587 -0.0127617
0.238209 0.0249245
0.251553 0.0313684
0.249319 0.0204245
0.275204 -0.0367114
0.277937 0.0165229
0.235001 -0.00808178
0.210771 -0.00622045
0.228351 0.00535758
0.222086 -0.00079194
0.206659 -0.0325735
0.225992 0.00676359
0.265255 -0.0213333
0.19382 0.011986
0.198117 0.004163
0.176129 0.00931772
0.224859 -0.0187975
0.207266 0.00455419
0.217986 -0.0368027
0.279873 0.000936258
0.144311 0.0261651
0.220954 -0.0153766
0.22352 0.0175191
0.211959 0.0185427
0.226866 -0.0332145
0.216731 0.0195015
0.240957 -0.0332085
0.268598 0.0481393
0.201413 0.0079586
0.166885 -0.000583468
0.226925 -0.00792333
0.188072 -0.0100551
0.240726 -0.00990403
0.173935 -0.0114937
0.222242 -0.0173182
0.222017 -0.00663892
0.172427 -0.019177
0.204401 0.00370636
0.241864 0.0215968
0.200575 -0.028865
0.219798 -0.0152088
0.242074 -0.0245936
0.210774 0.037778
0.230101 -0.0147277
0.211392 0.00322234
0.257979 0.00757752
0.267142 -0.0219787
0.2529 -0.017056
0.260049 0.0162956
0.197019 0.0109734
0.183288 -0.00609009
0.214763 -0.000514296
0.171385 0.0170866
0.267007 -0.0283972
0.164746 0.013871
0.20573 0.00929633
0.235086 -0.0155813
0.190048 0.0193144
0.230447 0.0377753
0.258671 -0.0112527
0.217069 0.0307082
0.214655 -0.0369803
0.261703 -0.00748845
0.199082 -0.00337012
0.179577 -0.0100089
0.153598 0.00371879
0.208062 0.0121204
0.194086 0.00309221
0.18785 0.0159793
0.25496 0.04455
0.134185 0.000926007
0.193926 -0.00273164
0.225623 -0.00957563
0.216878 -0.00912682
0.204798 -0.0123797
0.219104 0.0169552
0.256274 -0.0137475
0.27511 0.0309424
0.227235 0.0209928
0.196264 0.00110727
0.22589 0.0246445
0.275509 -0.0354299
0.252031 0.0288165
0.220303 0.0107763
0.163256 -0.0185604
0.232257 0.0176287
0.256058 0.0281437
0.146927 -0.00415602
0.232256 -0.00522951
0.229183 0.0207256
0.161882 0.0258892
0.185106 -0.00293485
0.200701 -0.00229239
0.230426 -0.0353646
0.195512 0.00653686
0.210962 -0.0100063
0.205732 0.0131843
0.210152 -0.00518193
0.241295 0.0483476
0.193093 0.0100275
0.201492 -0.0202356
0.168533 0.00738733
0.239014 0.0597333
0.27043 -0.0232976
0.22089 -0.0313665
0.246051 -0.0717663
0.208831 0.0196552
0.20437 -0.0282136
0.209671 0.00561602
0.230188 0.00664424
0.266883 0.0110467
0.213312 0.0122948
0.216724 -0.00839614
0.245062 -0.036547
0.21059 -0.0507427
0.235823 -0.030586
0.179709 0.000293726
0.248916 -0.000866088
0.184632 0.0115721
0.204391 -0.0225588
0.208868 -0.0180761
0.20569 -0.0271062
0.183644 -0.0158587
0.229481 0.04212
0.195707 -0.0246462
0.208135 -0.0100525
0.195792 -0.00598714
0.205975 0.0262106
0.23102 -0.0292031
0.229877 -0.0145192
0.215178 0.0476972
0.149803 0.00433647
0.24872 -0.0419215
0.179153 0.0267276
0.216746 -0.0250973
0.158157 0.0151579
0.167092 -0.0340763
0.169463 -0.0248149
0.221546 -0.00470836
0.251223 -0.0113925
0.248868 -0.00734074
0.2101 -0.00780714
0.218972 0.0220942
0.240796 -0.0189012
0.207056 0.00742643
0.214373 0.0057366
0.244814 0.00735284
0.23936 0.0684706
0.214645 0.0378826
0.192435 -0.00884818
0.212267 0.0274779
0.218045 -0.0150521
0.204497 0.0254382
0.210958 0.00933926
0.207636 -0.035639
0.229809 -0.0349156
0.199664 0.0105433
0.228381 0.0457186
0.242689 0.0433788
0.222227 -0.00378086
0.189034 0.00697881
0.211403 0.0092129
0.186042 -0.0319952
0.201026 0.0256225
0.219642 -0.018089
0.218966 -0.0301979
0.202868 0.00711966
0.176582 0.0118442
0.163357 0.00219603
0.258665 0.00164966
0.236589 0.0257195
0.248215 -0.0198128
0.169822 0.0465186
0.210037 -0.0224324
0.220909 -0.00432936
0.198524 -0.00310891
0.227462 -0.000953834
0.213861 -0.019111
0.210889 0.0110739
0.173892 0.0279413
0.2246 0.0150144
0.261173 -0.0253028
0.190026 -0.0269295
0.208028 0.0137024
0.198059 -0.00821
0.222937 -0.0213512
0.200083 -0.00615612
0.242608 -0.0327693
0.260404 -0.0182664
0.255911 0.0134696
0.247271 0.000131569
0.21936 0.00625757
0.223814 -0.00428541
0.180141 0.00350895
0.209177 -0.0221497
0.225561 -0.00421888
0.205239 -0.0262376
0.206742 0.0370739
0.169269 0.0499457
0.163897 0.0430944
0.258515 0.0300839
0.222839 -0.0223688
0.170767 0.0137201
0.197216 -0.0289308
0.245182 0.0158937
0.157849 -0.0021448
0.234772 -0.0184148
0.205088 0.0165603
0.214615 0.0387853
0.223997 -0.000984314
0.228616 0.0140645
0.223226 0.0103589
0.249342 0.0194159
0.220929 -0.0014138
0.272914 -0.00320063
0.18935 -0.0512301
0.228193 -0.0254546
0.263586 -0.0329263
0.27847 0.00856103
0.207671 0.00809825
0.216585 0.0274061
0.157229 -0.008962
0.225603 -0.0314833
0.182013 0.0041983
0.188684 -0.00574175
0.246948 0.0289733
0.20426 -0.0119753
0.241128 0.0416154
0.215116 0.0229953
0.283007 -0.0588405
0.273508 0.0190758
0.197966 -0.0220366
0.249877 0.00235019
0.237417 -0.0237895
0.20764 -0.00495878
0.168553 0.00472986
0.239894 -0.0311013
0.217631 -0.00335647
0.163583 0.042013
0.217258 0.0282661
0.210159 -0.00179409
0.235766 -0.0586517
0.181103 0.0129128
0.225186 -0.0311562
0.144286 -0.0313784
0.239582 0.0122549
0.271079 0.0194945
0.231501 -0.00292552
0.187366 0.0477945
0.224466 0.0439912
0.177201 0.0260677
0.187881 0.00383311
0.250293 0.0176269
0.258563 0.0188134
0.241669 0.00528107
0.25252 -0.040742
0.223859 0.0525478
0.212208 -0.0232251
0.167117 0.0198762
0.200494 -0.0385541
0.299522 0.0134659
0.220423 -0.0274527
0.242987 -0.0121616
0.184815 0.0151872
0.198771 -0.0139757
0.165709 -0.0118371
0.158381 0.00380785
0.20961 0.0361707
0.15812 0.0233849
0.240248 -0.0317419
0.21398 -0.00650137
0.248544 -0.00715983
0.203808 -0.0123276
0.226968 0.00133732
0.198653 0.0155415
0.255531 0.0224418
0.20786 0.0172806
0.215539 -0.0439562
0.243704 0.0373232
0.212428 0.0343151
0.240033 0.00438687
0.209549 -0.0252278
0.205241 0.0307486
0.281325 0.0658347
0.241374 0.0148601
0.216443 -0.022723
0.183818 0.0752448
0.230009 -0.00822888
0.267508 0.0129322
0.28466 -0.0182375
0.2494 0.0347756
0.203122 -0.00978004
0.188192 -0.020781
0.243805 -0.0265284
0.240692 0.0204239
0.221946 0.018111
0.237931 -0.019836
0.27966 0.0218837
0.226575 -0.0050509
0.194633 0.0387034
0.174046 -0.021944
0.215434 -0.0216368
0.234283 0.00990065
0.199921 -0.0429678
0.195055 0.0502867
0.194012 -0.00711355
0.211781 0.0146084
0.202464 0.00452684
0.18494 -0.0107534
0.209938 -0.000528893
0.202323 0.0304174
0.229446 -0.00712376
0.246793 0.0134163
0.225659 -0.0137251
0.224691 -0.0325625
0.180094 0.0604765
0.183264 0.0560891
0.231931 -0.0138843
0.2417 0.0183298
0.223874 0.0183894
0.228947 0.00649818
0.27612 -0.0196345
0.165619 -0.00766376
0.23945 0.0469161
0.288235 0.0353904
0.239885 0.0559672
0.229364 0.00167934
0.217056 -0.020607
0.244266 0.0157479
0.214305 0.00871325
0.230919 -0.0459433
0.23316 -0.0429174
0.230204 -0.0419659
0.204821 0.0203118
0.24212 -0.0194009
0.276508 0.0127027
0.215526 0.00176576
0.216668 0.0443798
0.194541 0.00625093
0.241666 -0.00510579
0.267489 -0.0125305
0.259451 0.0207096
0.241192 -0.0305713
0.24305 0.0254861
0.193437 -0.0268451
0.201795 0.0240187
0.165849 -0.0320471
0.205344 0.0209911
0.179075 -0.0239371
0.225847 0.0123866
0.244684 0.00591017
0.258914 0.0019562
0.260915 0.00398184
0.151624 -0.015545
0.206504 0.0283418
0.191124 0.00199464
0.230808 -0.0332657
0.247917 0.0330714
0.21935 0.0286474
0.176329 0.0406252
0.244368 -0.0236259
0.264131 0.0264128
0.256905 -0.042306
0.182862 -0.0398687
0.201521 -0.0249889
0.234955 -0.00224142
0.197139 -0.0148316
0.186768 0.0206177
0.194771 0.0124352
0.15872 0.0183165
0.216124 0.028221
0.221712 0.0128826
0.19184 -0.0160722
0.240823 0.0165647
0.220272 -0.0251978
0.235107 0.00394186
0.189804 0.00878514
0.257518 0.0261048
0.241097 0.0142245
0.251997 0.0418604
0.172233 -0.00503308
0.261715 0.0196193
0.242954 -0.0153558
0.168011 -0.00488408
0.177674 0.0167131
0.243988 -0.0411281
0.276744 -0.0334448
0.265208 0.0159576
0.259643 -0.0414904
0.181539 -0.0126728
0.159093 0.0405317
0.238377 0.0126155
0.237918 -0.0073472
0.208486 -0.0369982
0.214427 0.000707567
0.282834 -0.0124479
0.195471 0.0191818
0.170517 0.0353653
0.212603 -0.0465479
0.223176 0.0260032
0.193263 0.00846806
0.226599 -0.0184875
0.253138 -0.0145313
0.187385 -0.0270575
0.206012 -0.0352116
0.191256 0.0406953
0.197132 0.0289952
0.172945 -0.00564657
0.239473 -0.0172512
0.262473 0.0397639
0.195065 -0.0119434
0.23096 0.0225849
0.261928 -0.0110886
0.213048 0.00136951
0.246355 0.0185128
0.232987 0.0331884
0.193 0.0331981
0.168958 -0.0263539
0.198198 0.0116134
0.181125 -0.02878
0.238864 -0.00875944
0.200481 0.0509546
0.192262 0.00244169
0.227445 -0.0220313
0.22708 -0.0121228
0.180488 -0.0133465
0.244355 -0.0189518
0.173958 -0.0247404
0.234058 0.0362767
0.221997 -0.0186369
0.190216 -0.0140348
0.196557 0.00154338
0.212693 -0.02412
0.223282 0.0185316
0.212993 -0.00634032
0.214704 0.0543873
0.202492 0.0359985
0.155706 0.0122273
0.214054 0.0326394
0.221098 0.037387
0.237593 0.0120135
0.243474 0.00300691
0.187562 -0.0228438
0.300697 -0.018109
0.203996 -0.00495284
0.240632 0.0299777
0.219452 -0.0302223
0.251858 0.00731798
0.201096 -0.0147578
0.260098 0.0124137
0.228806 -0.0170405
0.243365 0.00119924
0.22949 -0.0308988
0.184417 -0.0189903
0.226911 0.0214012
0.204339 -0.0189023
0.220568 0.00384407
0.212619 -0.0104586
0.247413 0.00901311
0.255784 0.0150185
0.257179 -0.000528755
0.209761 0.0296871
0.21431 0.0278748
0.200962 0.0105469
0.230596 -0.0394036
0.254639 0.047232
0.223353 0.0210842
0.264505 -0.055438
0.247684 -0.0133671
0.236857 0.0350778
0.19793 -0.00738171
0.192784 -0.00384918
0.228969 -0.0330263
0.199852 -0.0364654
0.153938 0.0201128
0.223261 0.0340098
0.231702 0.0168611
0.182254 -0.00500945
0.188429 0.0238335
0.200089 -0.0075195
0.159259 -0.00537578
0.193401 -0.0393185
0.25293 0.00349248
0.255206 -0.00646434
0.218388 -0.00591169
0.202957 -0.014676
0.231145 0.0220193
0.205087 0.0132369
0.192797 0.0061653
0.252059 0.0117584
0.209428 -0.0129406
0.268915 -0.0234371
0.220883 -0.00318389
0.208166 -0.0106506
0.205858 -0.0891139
0.139956 -0.00518955
0.190115 0.0134831
0.251921 0.020562
0.175357 -0.0118836
0.201948 0.0110467
0.189093 0.0399674
0.257132 0.0102902
0.207634 -0.00403631
0.142021 0.00166652
0.238938 0.000798559
0.267394 0.0344485
0.239101 -0.0201351
0.187635 0.00506316
0.198353 0.00921496
0.175819 -0.0024418
0.260748 0.0301728
0.246713 -0.00634
0.291184 -0.00866801
0.184905 -0.0143372
0.264963 0.000480984
0.19199 -0.00588979
0.232408 -0.0227506
0.214563 -0.00144636
0.253187 -0.00636568
0.254895 0.0119774
0.187453 -0.017933
0.213311 -0.00890528
0.17929 0.0105438
0.26912 0.00595736
0.216159 0.0462349
0.213073 -0.0152363
0.212219 -0.0157611
0.267882 -0.0173107
0.195952 0.054262
0.243291 0.0329933
0.242079 -0.0100945
0.17837 0.0407177
0.227207 0.00108059
0.215481 0.00183961
0.27517 0.0316909
0.25671 -0.0446718
0.215228 0.00678774
0.218349 -0.00221341
0.207313 -0.0199196
0.162848 0.0188856
0.187608 -0.0116263
0.227489 0.0215565
0.189024 -0.00674166
0.231191 -0.0316027
0.229401 -0.0129872
0.297499 0.00297503
0.2355 0.00328871
0.212591 0.0597498
0.195486 0.0452046
0.18676 0.00486111
0.242117 -0.0195661
0.245405 0.0121795
0.160978 -0.0208101
0.215558 0.0362115
0.243205 0.0114344
0.244704 0.0353604
0.224086 -0.00292223
0.194136 0.0134444
0.160898 -0.00871529
0.253991 -0.00400897
0.200616 0.0315391
0.249334 0.00983124
0.284042 0.0342609
0.198171 -0.0423591
0.205907 -0.0324263
0.237795 -0.00362059
0.244508 0.0244798
0.184531 -0.0148196
0.243972 0.0113174
0.264424 0.00337858
0.224319 -0.0161747
0.231783 0.0188344
0.243587 0.0105691
0.255184 -0.00733999
0.209247 -0.00952602
0.220335 0.0218966
0.237959 0.00391768
0.221509 0.0142559
0.171014 0.0234981
0.249965 -0.0349923
0.24389 0.0524258
0.218702 -0.00236382
0.215008 0.00376426
0.236033 -0.0416592
0.223559 0.00474112
0.205639 -0.0137903
0.262292 0.0378375
0.195527 -0.0342869
0.187055 0.0136139
0.158472 -0.0192985
0.255675 -0.0048116
0.249289 -0.000953068
0.209221 0.00760299
0.213181 0.0140787
0.257116 0.0387665
0.245004 0.0175061
0.282704 0.00993222
0.18179 -0.0259751
0.254117 0.0142119
0.240021 -0.0237498
0.195434 -0.0158944
0.198472 0.00339656
0.220048 -0.00712988
0.246553 0.00239264
0.229031 -0.0135586
0.183935 -0.0261282
0.213812 -0.0362966
0.201249 -0.000438642
0.142934 -0.0294345
0.202453 -0.0195232
0.180608 -0.00720031
0.208853 -0.0085348
0.190879 -0.00563977
0.278494 -0.0185974
0.225463 0.0372026
0.225354 -0.00487185
0.296189 0.0471707
0.210347 -0.0252789
0.219701 0.00458761
0.2366 -0.0152566
0.259329 0.01332
0.215103 0.0248238
0.202798 -0.0129968
0.195064 -0.0434519
0.227638 -0.00637146
0.201725 -0.00504981
0.200125 -0.0143018
0.248809 0.00148911
0.231404 0.0176063
0.164867 0.00205816
0.248056 0.0184025
0.205419 -0.0432535
0.277894 -0.00212836
0.208206 0.0451126
0.203927 0.0475979
0.184136 -0.0350945
0.178428 0.0225676
0.197263 -0.014809
0.238499 0.030395
0.22254 -0.0348794
0.246041 0.00577288
0.174742 0.0271649
0.207364 0.0303701
0.206801 0.0179232
0.262242 -0.0158433
0.200166 -0.000127878
0.238948 -0.0170175
0.226129 0.000875778
0.27082 -0.0422797
0.224684 0.0169549
0.22584 0.0148974
0.230145 -0.0180652
0.191019 -0.0107659
0.222611 0.00901941
0.190824 0.0115695
0.239657 0.0287215
0.173563 -0.00896606
0.226338 0.00353903
0.230304 0.0530576
0.21472 -0.0210024
0.225833 -0.00317326
0.224559 0.00938012
0.235562 -0.00253834
0.196638 0.013943
0.238282 -0.00798423
0.223055 -0.00646643
0.225649 -0.0354194
0.272629 -0.0194356
0.24715 -0.0138669
0.185984 0.0032901
0.215947 -0.00716894
0.185318 -0.000617844
0.217156 -0.0118624
0.144303 -0.0333552
0.156307 -0.0290588
0.216183 0.0205916
0.235623 0.0268622
0.219035 -0.0349253
0.196993 0.0351668
0.23994 0.034391
0.267144 0.0190372
0.172818 -0.00727739
0.238496 -0.011534
0.188275 0.00700713
0.205346 0.0181046
0.238431 -0.0285896
0.274672 -0.0108117
0.210468 -0.0379677
0.214911 -0.00970413
0.216042 0.0215856
0.224826 0.00656801
0.214497 -0.00559907
0.317336 -0.0270824
0.306278 0.00198872
0.313601 -0.0238664
0.24541 0.0197038
0.201441 -0.0278224
0.202675 0.0275177
0.275449 -0.0306577
0.223049 0.0131004
0.262749 -0.0120485
0.200061 0.0137756
0.224501 0.00154471
0.257656 0.0198171
0.213546 0.00666909
0.264595 -0.0406395
0.198861 0.00610808
0.181945 -0.0185176
0.250919 0.0142302
0.162336 0.013915
0.191722 0.00233098
0.212557 0.0347529
0.165921 0.0389814
0.184728 -0.0310272
0.184153 0.00734007
0.188164 0.00573675
0.296996 0.025056
0.218185 -0.0606891
0.24497 -0.0273951
0.251716 -0.00818255
0.250895 -0.0271599
0.170683 -0.00841369
0.235036 0.0549573
0.258406 0.00699475
0.269541 0.00219922
0.216629 -0.0132672
0.214015 -0.0170877
0.187331 0.013582
0.274991 0.0118507
0.257444 -0.0445398
0.136988 -0.00680003
0.216148 -0.0469455
0.22506 -0.0344505
0.159648 -0.0115933
0.206285 0.00421597
0.180273 0.0230429
0.206568 -0.00135162
0.190853 -0.0221709
0.15316 -0.00602837
0.157217 0.0072057
0.262791 -0.00628442
0.191385 0.00986597
0.252467 -0.0383419
0.188053 -0.0132987
0.214289 0.00280505
0.276555 0.0479797
0.194681 -0.00396451
0.217516 -0.000954929
0.251319 -0.0256477
0.231194 -0.00508587
0.237562 0.00589185
0.261277 -0.0116552
0.176469 -0.0104363
0.235093 0.0393516
0.298829 0.000348313
0.203097 -0.026141
0.252639 0.0171871
0.204699 -0.00388774
0.222962 0.0080747
0.218952 0.0142634
0.20094 0.00252524
0.217558 -0.00353687
0.184613 -0.00128894
0.200637 0.0324877
0.212037 -0.0452457
0.194006 0.0084492
0.229723 0.0257838
0.261047 0.0544801
0.250384 0.000764128
0.188523 -0.019402
0.208768 0.0161605
0.226044 0.00530376
0.231262 0.000833268
0.201459 -0.0274898
0.223486 0.0321305
0.26339 0.0424819
0.212978 -0.0192628
0.227114 0.0156538
0.227646 -0.0175546
0.231372 -0.0207287
0.269814 -0.00307155
0.269668 0.0278949
0.21797 -0.0085963
0.239247 -0.0599791
0.25125 0.0104416
0.193849 0.0181281
0.223694 -0.0231848
0.184133 0.0202004
0.229467 -0.013554
0.217891 -0.0659267
0.189062 -0.0193078
0.210819 0.0450613
0.201611 0.0176959
0.238001 -0.0204183
0.178663 -0.018053
0.194535 -0.0584627
0.196916 0.0312149
0.233242 -0.0237464
0.233102 -0.0357909
0.228607 0.0261842
0.19804 -0.0150999
0.247981 -0.0240901
0.228331 0.040968
0.181983 0.0219278
0.187624 -0.0375266
0.279166 0.0261984
0.22847 -0.00616417
0.224369 -0.00592369
0.154436 0.00260639
0.200747 0.00510079
0.227882 -0.00697548
0.212677 -0.00474992
0.297613 0.00792757
0.243234 -2.69237e-05
0.16704 0.0330974
0.177498 0.00823361
0.211666 -0.0265322
0.194918 -0.0128657
0.305407 -0.00399367
0.27569 -0.0084495
0.209791 -0.031345
0.208269 -0.0143186
0.210863 0.0329364
0.211822 0.0140305
0.254492 0.005559
0.225535 0.0131281
0.247915 -0.0175315
0.205838 -0.0164512
0.201713 0.0423209
0.224743 0.00107118
0.196837 0.014836
0.242408 0.0685077
0.214663 -0.00452708
0.185945 0.0211069
0.232951 -0.0197289
0.156151 -0.000213141
0.237064 0.0113808
0.274799 0.0290171
0.184406 0.0120626
0.243005 0.00845356
0.269516 -0.0103175
0.232466 -0.0147152
0.201215 0.0487152
0.214964 0.0312987
0.209849 0.000402468
0.261239 0.040123
0.220531 -0.0174272
0.295691 0.0131398
0.295945 -0.0162007
0.24778 0.0190249
0.160623 0.00683675
0.211074 3.60209e-05
0.231425 0.00273157
0.226177 -0.0142004
0.277581 -0.0174501
0.234968 0.00517551
0.223143 -0.0361679
0.199956 0.0294069
0.230247 0.0211104
0.264397 -0.00915047
0.227986 0.0116798
0.190379 -0.0455189
0.2468 -0.00949523
0.24726 0.0351423
0.229545 -0.0227588
0.253771 0.00510929
0.24823 -0.0230401
0.291421 0.0261128
0.260461 0.0347543
0.208145 0.0455276
0.218072 -0.0131297
0.213185 0.0329123
0.232089 0.0135826
0.219338 0.0139283
0.229517 -0.00120199
0.189876 -0.010371
0.175088 -0.000761554
0.263453 0.00571672
0.217953 0.011175
0.210726 -0.021671
0.257461 -0.0254246
0.179655 0.0142091
0.206465 -0.0415532
0.162754 0.0282384
0.211888 -0.0452439
0.20413 -0.0437125
0.25605 0.000677889
0.238285 -0.00996876
0.217078 -0.0141835
0.246171 -0.0330915
0.220439 0.0162399
0.222141 -0.0139634
0.261339 -0.0142305
0.235345 0.0236831
0.223802 -0.00770832
0.205489 0.00987322
0.242069 0.0402257
0.275417 -0.0234539
0.241206 -0.022535
0.214455 0.0379688
0.24273 0.0357769
0.226972 -0.0179583
0.219048 0.00197825
0.199296 0.0222132
0.178718 0.0196455
0.250536 -0.00888918
0.205225 0.0253068
0.168425 0.00855061
0.212386 -0.013852
0.214442 0.0115957
0.245085 -1.93804e-05
0.199268 -0.00212202
0.196408 -0.0341119
0.222011 0.00579665
0.226962 -0.0135305
0.264202 0.0175406
0.198749 -0.0186339
0.152317 -0.0113606
0.20802 -0.0216841
0.173048 -0.0179203
0.206721 -0.0142399
0.188212 -0.0300849
0.212722 -0.010146
0.209836 -0.021072
0.219317 0.0292134
0.226852 0.0117252
0.25537 -0.00488699
0.220158 0.0100722
0.20892 -0.0364341
0.275041 0.0111659
0.187681 -0.016673
0.253194 -0.0361057
0.19747 0.00622314
0.241938 -0.0189198
0.253447 0.0223408
0.233621 -0.0184863
0.212536 0.0204626
0.208433 -0.02943
0.261248 -0.0136168
0.269763 0.0469529
0.233298 0.00282744
0.287691 0.0171818
0.235904 -0.0154344
0.22317 -0.000211139
0.22339 0.00394104
0.247692 -0.00602982
0.230335 -0.0214097
0.219505 -0.000525703
0.232946 -0.0538655
0.279426 0.00290965
0.251847 0.0147086
0.270792 -0.0169818
0.284371 -0.0129004
0.258576 -0.00266553
0.197491 0.000150948
0.17529 0.0272944
0.230607 -0.0199614
0.216461 0.0184529
0.268542 0.0462345
0.197296 0.0279452
0.293614 -0.0177522
0.236946 -0.0163575
0.191842 -0.03465
0.256244 -0.0205265
0.234739 0.000771492
0.177963 -0.00871466
0.183005 0.00852102
0.227324 -0.0350312
0.182069 -0.0394165
0.20595 0.000476988
0.184409 0.028246
0.198326 -0.0362976
0.223317 0.0649216
0.239931 -0.0122364
0.245127 -0.0234516
0.161971 -0.00684466
0.20472 -0.00741567
0.292358 -0.0505888
0.174556 -0.0057047
0.192563 -0.00179057
0.230464 -0.0458156
0.212359 -0.00770731
0.210419 0.0193755
0.241121 0.0297156
0.262153 0.0526481
0.277145 -0.0032583
0.262358 0.00135576
0.296223 -0.0142342
0.237037 -0.0156409
0.256109 0.00870795
0.268399 0.0246795
0.233251 -0.0202457
0.196101 0.0368657
0.187677 -0.0122605
0.231141 0.00334098
0.207116 0.00898083
0.185541 -0.0240441
0.187641 0.00220308
0.238232 -0.00469511
0.202689 -0.0154878
0.185689 0.021141
0.229372 -0.0290403
0.17627 -0.0197517
0.181754 0.00263394
0.220177 -0.000581689
0.202022 0.0347718
0.175083 -0.0099315
0.154006 0.0254019
0.217432 0.0119735
0.240013 -0.00814798
0.231048 0.0335146
0.227191 0.00287467
0.241906 0.0287864
0.215775 0.00111608
0.216752 0.0208313
0.235235 -0.0273877
0.2257 -0.0207616
0.200927 0.0181104
0.20006 0.0229047
0.188156 -0.0295778
0.240547 0.032473
0.209465 -0.0392369
0.179828 0.0348586
0.212793 -0.0317993
0.248285 0.00754448
0.247976 -0.0118295
0.21615 -0.0136821
0.220238 0.0156901
0.197864 0.0423004
0.244536 0.00845474
0.191223 -0.00550859
0.205732 0.0106201
0.208563 0.0152392
0.208505 0.018757
0.192997 0.0293715
0.142878 -0.00939409
0.215896 -0.0392161
0.200887 0.0292089
0.187565 0.00109421
0.287734 -0.00848655
0.235258 -0.0277909
0.236388 -0.00854727
0.212812 0.0263316
0.214008 -0.00791086
0.231704 -0.0228758
0.198643 0.0116707
0.22041 -0.0109573
0.211247 0.032728
0.19177 -0.0231893
0.262629 0.0161044
0.197409 0.00205808
0.200192 0.0307783
0.24856 -0.0122642
0.257565 0.0544771
0.224154 0.0103212
0.210823 0.030415
0.230573 -0.0127358
0.247605 -0.00296074
0.193959 0.0154421
0.267674 -0.0309321
0.242281 -0.00138762
0.181546 -0.0206609
0.222517 -0.0154822
0.209309 0.03208
0.198535 0.006323
0.205778 -0.000902648
0.229977 0.0191471
0.165257 0.0157389
0.198084 -0.00257524
0.204385 -0.0284008
0.246725 0.0364699
0.237671 0.0281218
0.252955 0.0411358
0.207617 -0.0310832
0.199781 0.0153426
0.216185 -0.010835
0.26236 -0.00387509
0.199849 -0.0199409
0.211053 -0.0423235
0.256605 0.0337202
0.17903 0.0176804
0.194605 -0.0317822
0.225392 0.00108186
0.235362 0.00751697
0.249172 0.00144294
0.234776 0.0787151
0.223253 0.00328519
0.21051 -0.0102385
0.153502 0.03484
0.221487 0.0402857
0.26071 -0.0188836
0.163175 0.0332532
0.254244 0.0137772
0.276071 -0.00373791
0.198902 -0.0270612
0.246981 0.0256536
0.197577 0.0118283
0.263952 -0.0281961
0.173551 0.0187614
0.146082 0.00267354
0.227152 -0.00354973
0.248708 0.0185642
0.171592 0.0139831
0.251851 -0.01515
0.21889 0.0193039
0.204245 0.0411122
0.251266 0.00131236
0.21513 0.00227856
0.230912 0.0328804
0.211336 0.0302203
0.204285 -0.00431934
0.214596 0.0186201
0.26582 -0.0282548
0.223577 -0.0071579
0.259702 0.00746567
0.233175 0.00954201
0.172569 -0.003464
0.210022 -0.00645698
0.279649 -0.00283705
0.223138 -0.0119521
0.169381 -0.0136893
0.205147 -0.00340647
0.132553 -0.0146401
0.222829 0.0272825
0.175234 0.00389262
0.229536 0.000536207
0.251121 -0.0180459
0.228316 0.0139056
0.216374 -0.00728017
0.157652 -0.0446057
0.206733 0.0171776
0.17007 0.0302642
0.144903 0.0252768
0.175689 0.0280836
0.252303 -0.00624847
0.244069 0.000171711
0.20341 0.00705924
0.210384 0.010248
0.207487 0.0121435
0.237535 0.00456852
0.23214 0.0244682
0.227088 0.0504291
0.243915 0.0135178
0.259217 -0.0206799
0.202913 0.0223666
0.2598 -0.0072686
0.195971 -0.0326004
0.238903 -0.00954696
0.265121 -0.0239789
0.277965 0.0152246
0.303225 0.00502657
0.262832 -0.00735903
0.238385 -0.0362624
0.21718 -0.0193655
0.20855 -0.0256065
0.231349 0.00931371
0.216244 -0.0216903
0.204319 0.00497138
0.232292 0.0032528
0.270512 0.0060001
0.239481 -0.0111814
0.207304 -0.0132545
0.225944 -0.0130854
0.257535 -0.0104681
0.204876 0.0321643
0.211036 0.0152725
0.22016 0.00748409
0.193868 -0.00576159
0.219128 -0.0047159
0.191221 0.0317325
0.263393 0.00434069
0.208789 0.00867781
0.274758 0.00280106
0.206926 -0.0327413
0.231439 -0.00578812
0.21225 -0.000208521
0.162963 0.0179848
0.222514 -0.0365937
0.203051 0.0341245
0.275388 0.00825715
0.213282 -0.020843
0.269847 -0.0139188
0.252835 -0.00253526
0.192636 -0.0118355
0.265682 -0.0395197
0.245598 0.0288412
0.191036 -0.0223028
0.218008 -0.0357645
0.251039 -0.0295598
0.239825 -0.0201344
0.177603 0.0297814
0.252037 -0.0107089
0.20255 0.0180819
0.237995 -0.0123822
0.22002 -0.0127564
0.211949 -0.000966347
0.203529 -0.00709837
0.163931 -0.0172129
0.160363 0.021155
0.202881 -0.00534827
0.216075 -0.0031279
0.303185 0.0303221
0.26227 -0.0125491
0.285126 0.0502584
0.208916 -0.0164651
0.315437 -0.0340126
0.283341 -0.0087691
0.232289 0.0428397
0.280926 0.025748
0.162856 0.00306903
0.248103 0.0169121
0.262252 -0.0346243
0.220778 0.00154832
0.220232 -0.0280129
0.265399 0.0193153
0.204403 0.0175874
0.205187 -0.0445856
0.165168 0.00583309
0.237093 -0.041305
0.278391 0.00972478
0.291028 -0.0172076
0.158306 -0.0119527
0.232039 -0.015994
0.188511 0.00297452
0.218739 0.0218013
0.209284 0.0227176
0.284904 0.0389682
0.156367 0.0181781
0.188387 0.0115897
0.257272 0.0328857
0.247879 -0.0107613
0.229658 0.00150866
0.171 -0.0313839
0.208843 -0.0198886
0.223961 0.0444585
0.221856 0.0276706
0.242026 -0.00824182
0.258124 -0.0231681
0.252943 0.0141139
0.209208 0.0326649
0.230003 -0.033802
0.185391 -0.0218722
0.248867 0.00160089
0.216897 0.00293797
0.206082 0.0345906
0.192747 -0.022278
0.17901 0.00468153
0.225648 0.00609164
0.213626 -0.00580228
0.232101 0.0103727
0.203874 0.0205572
0.254155 0.0635112
0.189102 -0.0258498
0.2895 -0.0424602
0.198231 -0.00963441
0.226797 -0.00240497
0.214205 -0.00379776
0.175906 0.0121988
0.20307 0.021984
0.212376 0.0255355
0.20921 -0.000317946
0.215884 -0.0289006
0.206328 -0.0243633
0.246474 -0.02981
0.217329 0.00120298
0.241612 -0.00876283
0.260487 0.0220526
0.238044 -0.0205721
0.195727 0.0220681
0.227687 0.01918
0.222462 -0.00516754
0.255389 0.00489317
0.264976 -0.0188258
0.264342 0.00786606
0.210979 0.0290375
0.216953 0.0319228
0.2021 0.0021762
0.259804 0.00783213
0.221922 0.00490353
0.214767 0.00489431
0.215118 0.0148614
0.258943 0.000163636
0.243304 0.0366612
0.193856 -0.00632791
0.196959 -0.0320974
0.199 -0.00507533
0.203043 -0.000758982
0.205257 -0.0226165
0.201065 -0.0354251
0.268633 -0.0275729
0.269563 0.0208978
0.156432 0.0101289
0.229074 -0.0135204
0.179932 0.0179648
0.169946 -0.028384
0.216186 -0.0364967
0.211987 -0.0229983
0.228572 3.8536e-05
0.221704 0.0226109
0.294875 0.0111311
0.232619 -0.0432349
0.200985 0.00515594
0.19478 0.0245122
0.18493 0.00437076
0.205264 0.0230596
0.220222 -0.0302886
0.227421 0.0386268
0.153904 -0.00746436
0.274696 0.000956256
0.199737 0.00622953
0.183629 -0.0148647
0.311728 0.00870712
0.218092 0.02111
0.250711 -0.0509648
0.193731 -0.00717749
0.202173 0.00701314
0.219715 0.0119889
0.188761 -0.00084773
0.316049 -0.00862019
0.28071 -0.0303643
0.253779 0.0410594
0.295866 -0.0278447
0.165143 -0.0257195
0.22973 0.0292847
0.179894 0.000531728
0.206504 0.00938539
0.238798 0.0121669
0.230643 -0.0301729
0.216187 -0.00356365
0.273133 -0.0425529
0.248556 -0.0115102
0.269717 0.00816076
0.226989 0.0188028
0.184275 0.0172499
0.255236 0.0210811
0.300168 -0.0193022
0.285408 0.0195864
0.184285 0.028596
0.25517 0.0372473
0.228146 -0.0246469
0.232116 -0.00975438
0.199423 -0.0112196
0.259342 0.0235826
0.1955 -0.0325351
0.183562 -0.00524317
0.208423 -0.00321545
0.185745 -0.0245625
0.213829 -0.0370213
0.236417 0.0399274
0.209003 -0.0398157
0.230478 -0.0135419
0.235838 0.0237816
0.24536 0.0137784
0.249479 0.00789616
0.19199 -0.00705095
0.195138 0.0270902
0.250245 -0.0088923
0.229111 -0.0254747
0.199175 0.0302312
0.209039 0.0338017
0.203532 0.00949598
0.182426 0.0149633
0.216116 0.0597977
0.249182 -0.0174319
0.192495 -0.0144615
0.18908 0.0328895
0.229357 -0.0351308
0.295329 -0.0312049
0.228624 -0.013928
0.257652 -0.024133
0.241277 0.0133776
0.171049 0.0387584
0.183156 -0.00555796
0.208637 0.0189174
0.175502 0.0528516
0.222957 0.0199801
0.165003 0.0339716
0.172924 -0.00806796
0.242868 -0.0170398
0.259232 -0.0194008
0.216145 0.0203381
0.224248 0.0427951
0.220439 0.0288747
0.143012 -0.0258018
0.180693 -0.0127187
0.231096 0.0427318
0.230954 -0.0295335
0.280288 0.0107831
0.298733 0.0369255
0.249483 0.00338121
0.241593 -0.00847981
0.257489 -0.044734
0.261546 0.00894233
0.183038 0.0237912
0.235481 0.0133166
0.184288 -0.0166167
0.203215 0.017724
0.210478 0.0257512
0.290366 0.0109722
0.174244 0.00296794
0.203565 0.0231999
0.241246 -0.020793
0.267266 0.023986
0.268626 -0.0210297
0.256059 0.0169971
0.232507 0.0321968
0.173442 0.00670358
0.260483 -0.0235223
0.209597 -0.0137529
0.192578 0.0207892
0.184321 -0.00537544
0.268957 0.0656976
0.200571 0.0291914
0.173446 -0.0272273
0.219076 0.0166097
0.261241 -0.0233912
0.227463 0.00417793
0.241475 0.00771389
0.210283 0.0193233
0.198991 -0.00961307
0.279 -0.0351852
0.250345 -0.00510104
0.188353 0.00437879
0.328917 -0.00739883
0.263408 -0.000471054
0.245554 -0.024191
0.21047 0.0291857
0.257433 0.00250355
0.22775 -0.0171868
0.204321 -0.00464016
0.280024 0.033346
0.266874 0.00598568
0.194697 -0.0223976
0.24875 -0.0321244
0.198552 -0.000469572
0.224438 -0.0116829
0.208461 -0.00913986
0.18252 -0.0219361
0.238409 -0.0161295
0.226817 -0.0375239
0.194484 -0.0205399
0.191233 -0.0581997
0.156077 0.0518309
0.210789 -0.0276712
0.220077 -0.0108432
0.24363 0.0083088
0.271203 0.0390316
0.225533 -0.025467
0.219035 -0.00638441
0.255028 0.0256504
0.245113 -0.00408391
0.208384 0.00828874
0.166806 -0.0320462
0.146365 -0.0314347
0.193813 0.00219098
0.18815 -0.0248885
0.226082 0.00755374
0.270731 -0.00715444
0.221194 -0.00763767
0.237499 0.00522204
0.214734 0.00752635
0.233377 0.0144692
0.173343 0.0223924
0.191282 -0.0134213
0.258759 -0.00960453
0.193575 0.0106913
0.194904 0.00423372
0.175433 0.0253651
0.201383 0.00829535
0.226028 -0.025256
0.219682 0.0108418
0.21341 0.000281809
0.209686 0.00126436
0.245877 -0.0214697
0.19109 -0.000629426
0.210578 0.027759
0.17699 -0.00138145
0.235301 0.0558791
0.247379 -0.00555362
0.189611 -0.0175304
0.230961 -0.00512659
0.225684 -0.0125842
0.27543 0.054196
0.166994 -0.0441824
0.240406 -0.0331909
0.207126 0.0223662
0.250586 0.0141276
0.193501 -0.0333255
0.185888 -0.0145229
0.259801 -0.0102178
0.245759 0.00110003
0.185417 -0.0371404
0.218725 -0.0100536
0.188757 -0.0156969
0.220804 0.00827698
0.269804 0.0259285
0.249173 0.00363715
0.228313 -0.0529346
0.231291 -0.0112944
0.22145 0.0249892
0.20116 0.0144039
0.231744 -0.0123594
0.190088 0.0243764
0.205007 -0.0279784
0.249973 -0.0703797
0.182925 0.00510815
0.235288 -0.00678424
0.216326 -0.0569443
0.237771 -0.0588008
0.270061 -0.00215706
0.116952 0.00388331
0.288024 -0.0302258
0.261505 0.00892804
0.282426 0.048877
0.237816 0.0100479
0.251031 -0.00869774
0.23259 -0.0171103
0.221044 -0.00141459
0.226589 -0.00331307
0.237563 -0.0283598
0.248912 0.0245554
0.185986 0.00120253
0.209477 0.0346914
0.229282 -0.00928269
0.177086 -0.0139206
0.193671 -0.0175193
0.252287 -0.0205881
0.233421 0.0527102
0.237011 -0.0368672
0.22247 0.00055474
0.171942 0.00533312
0.219994 0.00978891
0.206071 0.019517
0.227258 -0.0114262
0.226964 -0.018355
0.257942 0.000801106
0.233233 0.00363452
0.219249 0.0142574
0.23063 -0.034105
0.21252 -0.0300744
0.206853 -0.0402914
0.196631 0.0177443
0.254819 -0.00394143
0.194933 0.0557261
0.224454 0.00282339
0.227438 0.00468087
0.228716 -0.00431869
0.222608 0.0271236
0.184782 -0.0113651
0.20916 0.0329282
0.194864 0.00708054
0.215971 0.0309629
0.267344 0.0262643
0.217107 0.0137963
0.237644 -0.000244447
0.17856 -0.0538711
0.254131 0.0418166
0.167618 0.0133094
0.201543 -0.00381381
0.153358 -0.0299598
0.166562 0.0240663
0.182202 0.00737031
0.260023 0.0177129
0.203587 0.00253361
0.19179 -0.0134971
0.273297 0.0549839
0.215804 -0.0146899
0.221369 0.00888177
0.260426 -0.0240842
0.16816 -0.0156443
0.197547 0.000802213
0.218184 -0.0175681
0.259388 -0.0416504
0.18221 -0.0296827
0.178882 -0.00870268
0.238792 -0.0053333
0.302995 0.0139685
0.191288 -0.0170378
0.174832 0.0208727
0.201389 0.0265569
0.171597 0.0311732
0.254836 0.0034754
0.226791 -0.0250334
0.185628 0.025242
0.227193 -0.000557523
0.236253 -0.0305385
0.171459 -0.0494904
0.226461 0.0108598
0.212251 -0.0426676
0.241447 -0.0089019
0.227888 -0.0289353
0.211906 0.0113601
0.256261 0.00848048
0.189772 -0.0259959
0.205396 -0.00749297
0.186934 0.0346227
0.210919 -0.021621
0.232091 -0.0226039
0.258929 -0.00809465
0.172821 -0.0365814
0.245 0.0456385
0.322565 -0.0733018
0.245948 -0.0218145
0.200662 -0.0116572
0.288253 0.0333959
0.258715 -0.00897914
0.257366 -0.000166399
0.311349 -0.0138064
0.249288 -0.00363081
0.337732 0.0272425
0.176641 -0.00971983
0.193913 -0.000820723
0.216096 -0.00255426
0.227599 0.00714417
0.208469 -0.0314483
0.283536 -0.0380742
0.196354 -0.00191048
0.273164 0.0239216
0.27838 0.0345018
0.186545 -0.0037417
0.220836 0.0186312
0.269032 -0.00846589
0.215837 -0.000398006
0.217327 -0.0280073
0.210878 -0.0225849
0.225578 0.0170705
0.201047 0.00945818
0.260989 0.00741889
0.246517 0.0112541
0.257004 -0.0146088
0.22538 0.0265026
0.19281 -0.0362931
0.204352 0.0317975
0.250604 -0.0271098
0.242516 -0.0306936
0.23593 -0.00776098
0.261598 0.0118284
0.164002 0.0384158
0.230095 -0.0208705
0.285933 0.0316799
0.251886 0.0233419
0.252509 0.0351887
0.214179 0.0383354
0.179992 0.0105083
0.226222 -0.0442549
0.181471 0.017984
0.246284 -0.00515255
0.1941 0.00444378
0.21288 0.0337493
0.176166 0.00665166
0.209229 -0.00891371
0.216832 0.00612364
0.2374 0.0202085
0.25657 0.0322897
0.288408 -0.0194091
0.231427 -0.0369773
0.180603 -0.00106838
0.142274 0.0199071
0.165105 0.0207527
0.22427 -0.0119152
0.229068 0.015477
0.262531 -0.000873969
0.248601 -0.0142577
0.250693 0.0103084
0.193643 0.0231768
0.230018 -0.0143865
0.257662 -0.00562207
0.221632 -0.0304443
0.23646 0.0152381
0.229454 0.00846924
0.270855 0.0106146
0.202422 -0.0142036
0.268363 -0.0205451
0.162717 0.00150053
0.271576 -0.0041347
0.244238 0.0212961
0.253598 -0.0273062
0.220606 -0.00623565
0.221954 -0.0266777
0.261724 0.0149311
0.24502 -0.00410008
0.204305 0.016453
0.228646 0.0218767
0.233743 -0.00111157
0.198992 0.0325635
0.208601 0.00132417
0.208671 0.035035
0.277806 0.0159909
0.239419 -0.0104661
0.148393 0.0184031
0.237171 0.0354672
0.247058 0.0025411
0.215411 0.019388
0.201431 0.00823525
0.269623 -0.023762
0.168537 -0.0145368
0.208548 0.000404279
0.223802 -0.0068012
0.231798 0.0165057
0.199968 0.0445419
0.197002 0.00142844
0.179659 -0.00573261
0.206427 0.00550622
0.248952 -0.0476552
0.281971 0.0174775
0.196219 -0.0261168
0.219546 -0.0140837
0.257333 0.00579674
0.280542 -0.024906
0.276678 0.0628375
0.234563 -0.00784915
0.251872 0.0114863
0.207579 0.0437416
0.237251 -0.00739439
0.23907 0.0126308
0.269814 -0.00406212
0.218438 -0.00683363
0.166536 0.0519182
0.170602 0.00202761
0.2086 -0.0239965
0.269613 0.00668569
0.189242 -0.0170365
0.214438 0.00127393
0.22432 0.0157351
0.235324 0.0265327
0.213363 -0.0289157
0.211171 -0.019203
0.171753 -0.00303746
0.163392 0.0037536
0.194374 -0.0110006
0.301213 0.030439
0.221432 0.00790966
0.242879 0.0190302
0.24217 -0.0119402
0.161031 0.0150203
0.199411 0.013933
0.190108 -0.00109822
0.172535 -0.0194031
0.172594 -0.0183712
0.245819 0.00112767
0.233506 0.0278863
0.204123 -0.0156984
0.185221 -0.00346688
0.224523 -0.0127954
0.286779 0.00133631
0.167368 -0.0228859
0.219098 -0.00782654
0.206429 0.0206168
0.259084 0.0284595
0.237006 0.0135009
0.264053 -0.0181427
0.21636 0.0259412
0.226427 -0.0259773
0.270184 0.0336116
0.201279 -0.039294
0.232014 0.00151249
0.262074 0.0130631
0.179179 -0.0163319
0.207164 -0.0131545
0.185331 -0.0119314
0.183364 -0.0065462
0.303046 0.0106533
0.216485 -0.0025047
0.176882 -0.0367339
0.270841 0.024834
0.192474 -0.00664447
0.225997 -0.0191786
0.16108 -0.0121627
0.249499 -0.0471257
0.245767 -0.0264941
0.249614 -0.0139679
0.243414 -0.035983
0.255143 -0.0429559
0.184275 -0.0308071
0.238251 -0.0516186
0.200644 -0.0317325
0.248274 -0.0085589
0.216578 0.0325604
0.209233 0.00453295
0.237501 -0.0243982
0.20865 -0.0174411
0.156378 -0.0140741
0.153115 0.0175661
0.254377 0.0377393
0.252846 0.00540669
0.228758 -0.0277432
0.231807 -0.00737426
0.271711 0.00294371
0.213151 -0.0277602
0.221118 0.013638
0.167932 0.0205095
0.140311 0.0458541
0.246574 -0.0302269
0.212274 0.0188654
0.305139 0.0189526
0.272253 0.0138026
0.243146 0.00523558
0.221721 0.0407356
0.18937 -0.0234104
0.240103 -0.0237384
0.221611 0.0193579
0.221235 0.00362011
0.194793 0.00553225
0.194752 -0.00196351
0.146374 -0.0121102
0.235394 0.0246764
0.175389 -0.0193118
0.194108 0.00170824
0.218417 -0.0119127
0.192015 0.00820198
0.23663 -0.0657112
0.290252 0.00826083
0.236263 0.0144198
0.214455 -0.0221118
0.283916 0.0541906
0.199961 0.0318222
0.195221 -0.00249331
0.22643 -0.00508855
0.180815 0.0516186
0.166809 -0.000434477
0.196821 0.0141765
0.219568 -0.0413928
0.161853 0.0127713
0.225954 -0.0104861
0.195874 -0.03704
0.177329 -0.0117725
0.254385 -0.0262063
0.237231 0.017291
0.273276 -0.00837032
0.200836 -0.0116193
0.212729 -0.0300702
0.196375 -0.00732992
0.287769 -0.0617252
0.194837 0.0186973
0.143683 -0.00810897
0.22436 -0.0310701
0.24726 0.0420212
0.226588 0.00665151
0.241299 0.0129803
0.211148 -0.0113338
0.236116 -0.0294636
0.224306 -0.0192639
0.166021 0.0382292
0.214305 0.0353902
0.279789 0.0218211
0.24463 -0.00553796
0.232926 0.0250888
0.220665 0.0107071
0.281768 -0.0608132
0.233579 0.026835
0.263933 0.00161841
0.205195 -0.0343896
0.324868 -0.0349884
0.308963 -0.0111378
0.256844 -0.00684635
0.214627 -0.0160736
0.213279 -0.00456372
0.266504 -0.0267003
0.20447 0.0207521
0.230461 0.0146104
0.249805 0.0157674
0.244667 0.0039508
0.220487 0.0340038
0.207349 0.00798429
0.195375 0.0101611
0.203942 0.00243213
0.243893 0.0308886
0.211101 -0.0201076
0.250761 0.0290506
0.24181 -0.0114094
0.210111 -0.0133536
0.256776 -0.0254774
0.185851 0.00292123
0.262026 0.0184544
0.250824 -0.0412817
0.212625 -0.0118404
0.168957 -0.00300952
0.249994 -0.0212622
0.202742 0.0305906
0.188701 -0.0117114
0.225194 0.0137161
0.16586 0.0119804
0.203837 0.0299656
0.237464 -0.0185738
0.226823 -0.0324138
0.208238 -0.0447596
0.236562 0.00623519
0.199102 -0.00689035
0.244028 0.0347886
0.24056 -0.0323416
0.24558 -0.0231569
0.209983 -0.0485572
0.252197 0.0238559
0.23991 -0.0152052
0.197617 0.0377329
0.281324 0.0213231
0.224857 0.05791
0.203348 0.0147812
0.213269 0.0188479
0.220501 -0.00348889
0.194749 -0.00700683
0.274257 -0.0115233
0.273903 -0.00225068
0.297235 -0.0149958
0.242874 0.0041688
0.22465 0.0282623
0.26334 -0.00981392
0.245181 -0.0350569
0.175612 -0.0214271
0.202899 0.0114687
0.209858 0.00744042
0.160426 0.020118
0.201912 -0.0474955
0.209131 0.0219079
0.179933 -0.0251236
0.249065 -0.0507826
0.156352 -0.00863578
0.262284 -0.0129891
0.202831 -0.0480321
0.174613 0.00101481
0.218485 -0.0508953
0.233411 -0.00974117
0.213984 0.0129975
0.227391 0.0103238
0.225014 -0.0120476
0.227876 -0.00575255
0.217311 0.00493826
0.213136 0.0192831
0.24547 -0.0166452
0.181491 -0.00284717
0.224065 -0.00363973
0.25767 0.0057204
0.199874 0.0180255
0.280557 -0.0126414
0.239876 0.00330186
0.226548 -0.00167781
0.165069 -0.0485672
0.201812 0.00518901
0.213838 0.0386091
0.177098 0.0159491
0.124863 -0.0298799
0.210534 0.0125571
0.198352 0.0322123
0.192612 -0.00621573
0.264321 -0.00874987
0.223436 0.0217772
0.190168 0.00557482
0.224814 -0.0297692
0.241108 -0.0365168
0.268463 0.00696255
0.259254 0.049082
0.210343 0.009715
0.243168 -0.010645
0.153966 -0.00268415
0.203855 0.010459
0.274158 0.0164812
0.168388 0.036502
0.207269 -0.0614897
0.213589 0.0388521
0.187679 0.00705086
0.225033 -0.00606033
0.14335 0.0224169
0.173099 0.00569073
0.180503 0.0268037
0.203946 -0.00120607
0.261641 0.0634814
0.276612 -0.0342183
0.236199 -0.0108466
0.244803 0.0296304
0.177953 -0.018605
0.24613 -0.0242855
0.176984 0.0568302
0.180648 -0.00129356
0.241825 -0.0261926
0.288262 -0.0592533
0.172805 -0.0184046
0.20789 -0.00239775
0.198137 -0.0342736
0.169145 -0.00505215
0.18055 -0.0403832
0.21241 -0.0147228
0.188684 -0.000188774
0.219865 0.0471751
0.227151 -0.00198929
0.250781 0.00756917
0.248818 0.000351689
0.236121 0.0151035
0.202835 0.00633179
0.176085 0.029825
0.240374 0.0151918
0.1859 0.0251788
0.253654 -0.00949591
0.229477 -0.011773
0.278179 -0.00500583
0.239435 -0.0191939
0.206087 0.0166757
0.255334 0.0451515
0.291879 -0.00613609
0.229451 -0.00696616
0.225942 0.0178339
0.194356 0.020839
0.246995 -0.000888769
0.24805 -0.0121081
0.232045 -0.0237231
0.249604 -0.00077835
0.229992 0.0295496
0.194138 0.0120962
0.182248 -0.00219218
0.204542 0.0110905
0.256748 0.0223198
0.266048 -0.00976165
0.190761 0.0184728
0.216291 0.00121096
0.252901 -0.027105
0.184054 -0.0290591
0.144044 0.018685
0.205765 0.0362406
0.189997 -0.00904045
0.216199 -0.00596605
0.247515 -0.0184019
0.206855 -0.000440747
0.201231 0.000631737
0.196188 0.0312398
0.264218 0.00651635
0.261985 0.0388232
0.194645 -0.0048767
0.194673 -0.0413778
0.231076 -0.0221709
0.26074 -0.0081652
0.246937 0.00302577
0.244392 0.012156
0.265284 0.0511782
0.231499 -0.0105006
0.265606 0.0209278
0.211631 -0.056281
0.24771 -0.0133339
0.251036 -0.00479671
0.226913 0.00768314
0.237987 0.0386512
0.217099 -0.0115316
0.277905 0.0365143
0.221608 -0.0209194
0.227963 -0.0228565
0.199512 -0.0124885
0.189756 -0.0241482
0.281902 0.0518554
0.271889 0.0246368
0.182635 -0.0360735
0.257475 0.0211678
0.244674 -0.0486069
0.18304 -0.0149394
0.193395 -0.0288399
0.265241 -0.019877
0.22391 -0.0217254
0.227359 0.0495076
0.222768 0.00411286
0.252255 -0.00711246
0.181577 0.0168768
0.166104 0.0124178
0.221492 -0.0240157
0.233565 0.00278577
0.243513 0.0422147
0.195566 -0.000734145
0.185874 -0.0275956
0.253152 0.0104129
0.208345 0.00993178
0.204441 0.0181656
0.206297 0.0217112
0.216399 -0.0461415
0.220659 -0.0216075
0.149555 0.00744144
0.245865 -0.0100838
0.204178 0.00815326
0.223245 0.00760322
0.168189 0.0233536
0.188397 0.0394691
0.198594 0.0147831
0.281222 0.0199359
0.214509 0.0359722
0.217417 -0.00346236
0.202053 -0.00993927
0.200446 -0.0237371
0.207286 0.00316719
0.254209 -0.0143541
0.228179 -0.04403
0.263933 -0.00466591
0.25095 -0.00152976
0.258943 0.00750023
0.241521 0.0100058
0.254058 -0.0156748
0.262366 0.0209076
0.191916 -0.0652359
0.243495 -0.0234403
0.203848 -0.0373435
0.2428 -0.0192122
0.289397 -0.00467393
0.164802 0.0183623
0.231479 -0.00585575
0.222419 0.00644556
0.185296 0.00382573
0.231641 0.0224289
0.217733 0.00321198
0.213518 0.0340426
0.173715 -0.00580042
0.263067 0.0202496
0.176659 -0.0131683
0.225436 -0.0170291
0.238106 0.0300953
0.173987 0.0280811
0.233283 0.00607576
0.182219 0.0104787
0.228604 0.0288995
0.201593 -0.00852113
0.236068 0.00931092
0.223447 -0.00188838
0.267644 -0.00843169
0.229154 -0.0299869
0.243051 0.0210703
0.258633 -0.0207748
0.205354 0.0227376
0.215508 0.0349383
0.226381 -0.029513
0.204332 -0.00256336
0.243938 0.02276
0.293649 -0.0246785
0.209646 0.0166234
0.175244 0.01099
0.245115 -0.0283925
0.269755 0.0169476
0.267648 -0.0378636
0.242217 -0.0254714
0.192004 0.000151406
0.235278 0.00772384
0.249902 0.0408684
0.226065 0.0229054
0.191258 0.00694556
0.210147 -0.00966902
0.247663 0.0191418
0.185221 0.00391578
0.227855 -0.013138
0.215051 -0.0149634
0.209309 -0.00682694
0.223683 0.0129425
0.251019 0.0300023
0.215326 -0.000931554
0.240344 0.00544697
0.219673 0.0317674
0.294989 0.00509297
0.222397 0.00200501
0.231906 -0.00807981
0.197807 0.0150325
0.195503 -0.00882446
0.261133 -0.0168525
0.241741 0.00620502
0.208072 -0.00111883
0.229281 0.0136174
0.235522 0.0515818
0.158767 -0.0161387
0.214988 -0.0234231
0.16608 -0.00949121
0.201483 -0.00336198
0.223685 -0.0357601
0.245454 -0.00554451
0.20764 -0.0296724
0.196605 -0.00323878
0.269876 -0.0181348
0.328966 -0.00193029
0.168183 -0.00648275
0.231079 -0.0349499
0.21099 -0.0380719
0.201618 -0.063063
0.185336 -0.00869966
0.294548 -0.0148857
0.197652 0.0231759
0.232997 0.0204468
0.201651 -1.82792e-06
0.284838 -0.0129896
0.215862 0.0013011
0.252056 -0.0141882
0.140789 -0.0387611
0.244515 0.00842381
0.232153 -0.0298551
0.227507 0.0219073
0.242985 -0.0485279
0.222478 -0.0446848
0.287265 -0.016188
0.245916 0.00759173
0.164851 -0.0131997
0.162002 0.00154099
0.273465 0.0160293
0.26074 -0.0526638
0.216418 0.0132463
0.288965 -0.021976
0.280577 0.015692
0.21945 0.0198564
0.185943 0.0287336
0.225671 -0.026494
0.211757 0.0526826
0.210754 0.0250033
0.249772 -0.0102872
0.186665 -0.00978071
0.223728 0.0240346
0.236048 -0.0147923
0.259358 -0.0192631
0.194258 0.0205572
0.240282 -0.0107447
0.22464 -0.0254236
0.180684 0.0221297
0.238759 0.00689427
0.240523 -0.0231038
0.254039 0.0236132
0.258143 -0.00805276
0.262013 0.0180826
0.262524 0.00519095
0.193282 -0.0114316
0.225049 -0.00524894
0.319245 -0.0502818
0.213455 -0.00066786
0.189754 0.0201386
0.23603 -0.0147095
0.288278 0.0315367
0.29581 -0.0276309
0.219266 0.0175969
0.188661 0.04862
0.245149 0.00543096
0.233437 0.00884935
0.139487 -0.0044544
0.253124 0.0374199
0.240843 0.012466
0.19083 -0.00591592
0.196148 0.0107508
0.230695 -0.0456204
0.210323 -0.0623236
0.203491 0.0432139
0.280438 -0.00989714
0.182327 -0.020947
0.216388 -0.0242011
0.181095 -0.031966
0.207888 -0.0175705
0.316425 -0.0473157
0.175576 -0.00230609
0.272526 -0.0213936
0.19962 0.0203703
0.188393 0.0120854
0.24525 -0.0103254
0.222684 0.0182499
0.221936 0.00407414
0.237689 0.00656266
0.200846 -0.00632631
0.207843 0.0134628
0.172729 0.0149751
0.199577 0.0128891
0.247675 -0.00389464
0.298609 -0.0383257
0.22465 -0.0160391
0.220244 0.0348479
0.236653 0.0256023
0.227022 0.0120965
0.232104 0.0231292
0.231989 -0.00532127
0.221333 -0.040922
0.25879 0.00744895
0.198536 0.0068532
0.226101 -0.0223353
0.229891 -0.000627218
0.208106 -0.00658861
0.250452 0.0162105
0.220563 -0.0104392
0.166916 0.0278037
0.173117 -0.0169467
0.255028 -0.0102111
0.209963 -0.0348339
0.248494 -0.0230199
0.221785 0.0401914
0.2382 -0.0100909
0.188901 -0.0168227
0.193121 0.020778
0.197727 -0.0246971
0.198099 0.0127807
0.202173 0.0232224
0.250962 0.0179734
0.22108 0.0132855
0.242725 -0.00769843
0.219891 0.0673593
0.230509 0.0228303
0.206382 -0.0558518
0.276118 -0.0188771
0.297092 -0.000490985
0.238787 -0.00890894
0.229545 0.0253982
0.209093 0.0118829
0.247621 0.0310878
0.210585 -0.00683864
0.238776 -0.0533128
0.185011 -0.016647
0.195852 -0.0033696
0.246018 -0.00527185
0.249613 -0.0333432
0.225525 0.0277806
0.204453 -0.0323447
0.167852 0.00407039
0.226773 0.0252377
0.251507 0.0166869
0.179623 0.0284549
0.224673 -0.0740191
0.252206 0.00335779
0.244515 0.0185818
0.2492 0.0670469
0.211651 0.0230765
0.239552 0.0129122
0.249511 -0.0330341
0.224212 0.0350727
0.24962 0.0139592
0.272431 -0.0295819
0.157549 0.0104624
0.209008 0.0417885
0.241791 -0.0286926
0.251255 -0.00753555
0.257719 -0.0122843
0.191469 -0.00635887
0.295157 -0.0364958
0.209694 0.0198733
0.229983 -0.0160695
0.170742 -0.0135233
0.226698 -0.0182445
0.214023 -0.0181767
0.201883 -0.00828118
0.229043 0.000764647
0.28764 0.021843
0.234484 0.0270635
0.263242 0.0130671
0.210093 -0.0110182
0.17841 0.00925485
0.15391 -0.0256575
0.213967 -0.018308
0.19508 -0.0286372
0.183026 0.0140637
0.249937 -0.00674641
0.244311 -0.0508638
0.190391 -0.0112302
0.244002 0.0224081
0.139108 -0.0435852
0.234239 0.0323241
0.166691 -0.00161047
0.202477 -0.00794984
0.2935 -0.0106248
0.245941 -0.0280677
0.264776 -0.00819379
0.237557 -0.0430379
0.2887 0.00986128
0.194087 0.00456061
0.21685 0.0221352
0.211189 0.0198764
0.224967 0.0162535
0.18105 -0.00299276
0.21585 0.0333648
0.223174 0.0224964
0.208031 -0.000596047
0.251235 -0.0122618
0.236753 -0.0105229
0.273127 2.5012e-05
0.227546 0.00106553
0.227085 -0.0119992
0.193037 0.0122035
0.191994 0.0062917
0.221797 0.00572119
0.203119 0.00295233
0.19658 0.00493483
0.187132 0.0337261
0.280745 0.0217253
0.240007 0.00406355
0.263627 0.0163804
0.17387 -0.0490187
0.242254 0.0323735
0.167582 0.0102346
0.202705 -0.0150731
0.217271 0.00371937
0.196385 0.0124296
0.233178 0.0175681
0.183955 0.0147138
0.204642 -0.0163148
0.232653 -0.013097
0.190674 -0.0411569
0.211287 0.015487
0.198994 0.0122675
0.159566 0.0314779
0.221847 9.57027e-05
0.215674 -0.0324498
0.237573 -0.000644305
0.207217 0.0211704
0.226916 -0.0555615
0.240759 0.00180411
0.235649 -0.00477351
0.220628 0.0140433
0.228039 -0.00277916
0.205279 0.0514886
0.229056 0.00413319
0.232552 0.0270788
0.254147 -0.00237467
0.19209 0.00443983
0.292377 0.00707917
0.157713 -0.0124692
0.174172 -0.0111385
0.19565 0.0127194
0.200836 -0.00123965
0.213469 0.0162552
0.200277 0.00916843
0.236652 -0.0355436
0.241397 -0.0260335
0.23227 -0.0183985
0.253338 0.0185023
0.286237 -0.0277908
0.240343 0.0443896
0.195376 0.0200827
0.201183 0.0592377
0.263664 0.039711
0.299977 0.000338325
0.224976 -0.00548677
0.208371 0.023067
0.216924 0.012387
0.166766 0.00118089
0.224188 -0.0268703
0.283833 -0.011363
0.223112 -0.0159072
0.119249 0.011151
0.204968 -0.00817539
0.217613 -0.00544235
0.249504 -0.00997995
0.162818 0.0237228
0.181911 -0.0281332
0.218856 -0.0200537
0.104775 -0.0128566
0.173632 -0.0101072
0.162324 -0.0129951
0.224329 -0.00842575
0.210328 0.00232864
0.218391 -0.00194745
0.202771 -0.00935624
0.218243 -0.00784107
0.215106 -0.0578711
0.230445 0.0188749
0.200368 -0.00880046
0.269086 0.0116213
0.208131 0.0250883
0.23598 0.00797089
0.241086 -0.00654166
0.292604 -0.00719328
0.224134 -0.0265752
0.202362 -0.00926075
0.196004 0.0121428
0.215188 -0.0396298
0.237654 0.0129353
0.210901 -0.0171877
0.17382 0.00531184
0.211286 0.0201141
0.200238 -0.00228693
0.242049 0.0105586
0.247717 0.010818
0.20219 -0.00628521
0.216133 0.0062813
0.230656 0.0398836
0.165574 -0.0286366
0.201905 -0.00933368
0.210198 -0.017972
0.176579 -0.00435254
0.300443 0.0427278
0.205785 0.0197153
0.229799 0.0149322
0.218063 -0.014243
0.168272 -0.025037
0.245309 0.0133731
0.216851 -0.0126201
0.231753 -0.000960288
0.201962 0.0104222
0.169421 0.0290671
0.199416 0.00978179
0.219154 0.027018
0.185695 0.0382964
0.23587 0.021027
0.24442 0.0151167
0.252771 0.00905571
0.231986 -0.0159552
0.189846 -0.000900198
0.310042 0.0215938
0.239975 -0.0424147
0.233569 -0.0012194
0.242635 -0.00490081
0.207659 0.0305377
0.173715 0.011948
0.2418 -0.0122168
0.23139 0.00712943
0.166956 -0.0365864
0.180518 0.0391805
0.184404 -0.0382351
0.231579 -0.0233916
0.248367 -0.0164117
0.199111 0.00352542
0.230002 0.0190769
0.193119 0.0325181
0.256119 -0.0177887
0.246105 -0.0152655
0.198962 0.0018192
0.2799 -0.0239809
0.168271 -0.0215308
0.251764 0.0257891
0.201335 -0.0549379
0.186705 0.0358349
0.220434 0.0486817
0.287491 0.0275547
0.258739 -0.00163845
0.245323 -0.02185
0.265385 -0.0357071
0.170137 -0.0170702
0.255756 0.0480987
0.201157 0.000971449
0.201809 0.0163291
0.222578 0.0473463
0.198052 0.015182
0.238465 0.00379044
0.247236 -0.01931
0.272983 -0.0207631
0.197152 -0.008034
0.199666 0.0190763
0.199515 0.0163939
0.245624 0.00440205
0.183299 0.0113811
0.214477 0.0356
0.231289 -0.0546141
0.236934 -0.00083571
0.192258 0.0300466
0.181227 0.0305287
0.237362 -0.0009678
0.23735 0.0171155
0.270402 -0.0139399
0.230819 0.00658967
0.157637 -0.0254443
0.169588 0.00281682
0.168446 0.00143848
0.216467 -0.00469032
0.185267 -0.0248903
0.310113 -0.0101508
0.249828 0.00854751
0.255344 -0.023287
0.262167 -0.0392395
0.225981 -0.0362385
0.243099 0.0140166
0.348972 -0.0133947
0.252962 -0.00651249
0.236022 -0.031428
0.200005 0.0423411
0.17783 -0.013931
0.178119 0.0271031
0.2296 0.028005
0.244267 -0.0347307
0.165884 0.0252273
0.207488 0.00560313
0.251545 -0.00334006
0.225499 0.0212991
0.228526 -0.00367221
0.218003 0.0188239
0.2123 0.0136305
0.23134 -0.0105939
0.224803 -0.0368657
0.163795 -0.0152622
0.247566 -0.0102164
0.262563 -0.0340245
0.208669 -0.0328382
0.288162 0.00338667
0.20122 -0.00909311
0.226125 -0.0244643
0.221141 -0.00361493
0.165891 -0.0332951
0.279157 0.0578136
0.234108 -0.00415429
0.246733 -0.0165991
0.231104 -0.0198908
0.18408 0.0483112
0.159546 0.0480922
0.244194 -0.0152086
0.222942 0.0284066
0.226509 -0.0125031
0.199413 -0.00889537
0.235124 -0.0107634
0.220277 -0.00238673
0.182083 -0.00442979
0.207223 0.00697833
0.253037 -0.0140868
0.208985 -0.0124296
0.197259 0.0184336
0.215216 -0.0223239
0.229471 -0.0339816
0.221874 -0.0205457
0.222296 -0.0105158
0.239865 0.0349918
0.299284 0.0412297
0.277868 -0.00066309
0.204555 -0.000782553
0.263813 0.00896806
0.232944 0.0271186
0.18772 -0.0205668
0.186972 0.0173352
0.293377 -0.0285384
0.22683 -0.00383212
0.209436 -0.0224193
0.283309 0.00590949
0.228992 0.0126416
0.264971 -0.0408909
0.297431 -0.0259096
0.207761 -0.00970921
0.208234 0.00971365
0.215656 0.0333726
0.262569 -0.0127257
0.238444 0.00602761
0.204983 -0.0397371
0.276764 0.0186127
0.2546 -0.0393457
0.211516 -0.0206417
0.19163 0.0305801
0.210176 0.00160556
0.266724 -0.0122419
0.235744 0.0133758
0.182459 0.0148687
0.214351 0.0381962
0.196617 -0.0208823
0.218272 -0.0501694
0.3026 0.0187239
0.293611 -0.0103179
0.219519 0.0148141
0.215658 0.00964747
0.260798 -0.0152214
0.209457 -0.0193033
0.239857 -0.00547906
0.165643 -0.00303187
0.216999 0.0259213
0.189609 -0.00817196
0.287152 0.0212159
0.297769 0.00156307
0.245823 -0.0441496
0.242191 0.0126469
0.296077 0.000363515
0.196273 -0.00985117
0.223698 -0.017397
0.241324 0.0187322
0.230665 -0.00308569
0.217477 0.00437217
0.225855 -0.0149822
0.191392 0.0330658
0.229936 -0.00465735
0.233636 0.0164343
0.162063 0.0182276
0.241492 0.000446321
0.238592 -0.0337094
0.196472 0.0215042
0.221708 -0.00715627
0.263091 0.0256006
0.311631 0.0297171
0.218876 -0.0241089
0.203587 0.0624034
0.23312 -0.0430963
0.243417 0.0105703
0.24277 -0.0147874
0.239793 0.0205969
0.259899 -0.00272733
0.24373 0.0453722
0.255944 -0.0258853
0.206295 -0.0115989
0.211292 0.000841206
0.199898 -0.00213574
0.199486 -0.0425876
0.18642 0.0364468
0.206785 0.0372889
0.237929 -0.0243468
0.249966 -0.021588
0.176717 0.0284884
0.226557 0.00333233
0.16661 0.0255556
0.260372 0.00113554
0.21347 0.0423778
0.240063 0.00686527
0.230321 -0.0123687
0.222219 -0.0192444
0.266683 0.0218849
0.2511 0.0139887
0.255527 -0.0103
0.210151 -0.00781102
0.239061 -0.0470538
0.25375 -0.0414375
0.237242 -0.0123565
0.221246 -0.0133894
0.216473 0.00669829
0.187308 -0.0152658
0.177998 0.0357411
0.230189 0.0217257
0.165631 0.0115386
0.253457 0.000509239
0.284205 -0.00758698
0.215258 -0.018717
0.206005 -0.00894549
0.178531 0.000444638
0.19918 0.0455613
0.236688 -0.0396521
0.201199 0.0478933
0.220319 0.0146324
0.237617 -0.0180708
0.137655 -0.0124062
0.179177 0.0415939
0.22565 0.00492123
0.22805 -0.00326147
0.165884 -0.0267373
0.253426 0.00982388
0.244075 0.0153309
0.22372 -0.00200841
0.211259 0.0556332
0.184923 0.00902973
0.226746 0.0013674
0.262768 0.0280996
0.171234 -0.00435656
0.283295 -0.0150866
0.21383 0.0268205
0.240718 0.0108711
0.212275 -0.00176006
0.235617 0.0415166
0.236397 -0.0166774
0.205211 -0.000310175
0.205198 -0.0187397
0.182355 -0.0115954
0.221822 0.00822766
0.207703 -0.00552597
0.227437 -0.0132757
0.265645 0.0109428
0.188563 -0.0591676
0.211704 0.00568333
0.257954 -0.0353072
0.233189 -0.0520091
0.245396 0.0337814
0.237555 0.00720638
0.222514 -0.0266075
0.22412 -0.00154341
0.271004 0.00858359
0.224553 0.0121513
0.292011 0.00633659
0.18411 -0.0254773
0.235774 0.00555474
0.240901 -0.0134306
0.188608 -0.00679602
0.211533 -0.0318819
0.255428 -0.020049
0.252783 -0.0121341
0.281873 0.00177015
0.262278 -0.0128928
0.259862 -0.00125823
0.242678 0.00603342
0.183361 -0.00143108
0.263457 0.0339342
0.228413 -0.0169725
0.265734 -0.0112335
0.18327 0.0278598
0.24197 0.0303611
0.177382 -0.0071118
0.1952 0.0426867
0.215762 0.0106615
0.170099 0.0505901
0.227374 0.0248058
0.267289 -0.00679199
0.258462 0.0242714
0.213135 0.00240876
0.275816 0.0313125
0.187799 0.0142006
0.211161 0.0216966
0.249579 -0.065002
0.230425 -0.0232242
0.275107 -0.015686
0.206529 0.009606
0.26129 0.00136916
0.213709 0.0382688
0.257468 -0.0145076
0.231839 -0.0109107
0.217313 -0.00219842
0.234446 -0.00942003
0.222613 -0.00831277
0.220387 0.00478926
0.164898 -0.0103817
0.173363 0.0261431
0.174267 0.0242559
0.194008 0.0298558
0.271636 0.0259566
0.265748 0.0402424
0.225945 -0.0190719
0.163266 0.0208246
0.210903 -0.035867
0.231644 -0.0287232
0.256748 -0.0203819
0.232681 -0.0174765
0.238027 0.0400971
0.161133 -0.002354
0.182069 0.0255725
0.206784 0.0175938
0.26963 0.0102217
