-232.545
-263.748
-237.514
-254.633
-282.279
-261.644
-259.186
-247.857
-258.771
-257.17
-222.968
-263.009
-234.645
-235.57
-233.456
-218.066
-241.273
-259.922
-257.457
-225.128
-233.823
-259.434
-261.725
-235.363
-240.847
-234.948
-231.871
-244.634
-290.1
-247.671
-245.202
-235.493
-254.715
-247.671
-253.423
-250.624
-249.729
-270.519
-232.887
-234.356
-245.038
-248.755
-257.686
-211.996
-271.847
-259.889
-242.849
-219.258
-267.648
-237.104
-272.057
-270.017
-232.778
-261.773
-241.816
-263.372
-262.999
-237.353
-234.193
-244.995
-232.983
-243.539
-274.047
-280.533
-224.205
-242.902
-256.948
-247.869
-237.665
-227.475
-261.753
-276.658
-306.838
-236.881
-257.877
-245.144
-244.77
-256.097
-269.066
-242.318
-262.468
-235.355
-258.461
-232.452
-219.092
-239.747
-223.011
-246.241
-231.998
-230.772
-257.93
-245.039
-233.977
-234.128
-214.67
-255.543
-225.241
-220.715
-256.237
-253.311
-247.253
-221.148
-217.556
-263.927
-268.063
-255.42
-255.998
-219.15
-244.411
-274.884
-216.718
-248.946
-258.559
-274.39
-243.75
-230.405
-258.166
-241.85
-219.619
-253.502
-236.96
-266.963
-238.77
-249.27
-237.615
-270.998
-249.414
-232.477
-269.926
-251.125
-229.198
-267.287
-292.921
-229.916
-247.175
-266.702
-245.948
-251.658
-241.64
-232.436
-279.528
-244.368
-242.866
-228.956
-226.218
-241.636
-264.477
-238.132
-259.485
-235.56
-245.645
-241.975
-259.725
-262.806
-275.543
-252.02
-264.344
-246.934
-243.586
-256.199
-260.368
-252.186
-245.26
-225.804
-260.951
-248.54
-266.627
-272.426
-242.824
-235.56
-250.192
-263.133
-229.482
-244.057
-249.205
-230.704
-242.945
-266.569
-226.779
-222.694
-226.956
-207.203
-262.207
-267.417
-241.326
-246.049
-263.013
-275.031
-242.643
-217.188
-264.112
-232.543
-259.674
-259.575
-245.278
-230.045
-263.409
-248.382
-245.435
-240.154
-232.687
-253.13
-240.436
-226.552
-259.676
-248.108
-227.079
-225.918
-248.443
-222.997
-259.992
-241.043
-243.169
-259.791
-243.366
-249.205
-219.409
-243.648
-236.357
-260.649
-241.175
-229.505
-257.317
-256.616
-244.152
-265.701
-249.982
-243.789
-281.062
-233.95
-233.238
-225.068
-249.493
-247.726
-254.516
-244.037
-248.343
-249.65
-254.017
-288.091
-203.521
-246.72
-274.434
-228.925
-242.86
-257.817
-245.62
-251.64
-259.228
-244.298
-245.483
-235.998
-238.723
-289.799
-249.29
-252.414
-249.348
-272.49
-229.586
-273.736
-263.258
-263.231
-240.222
-268.61
-225.868
-256.662
-242.761
-242.918
-237.097
-248.739
-229.977
-238.338
-248.891
-286.963
-231.656
-238.661
-261.571
-225.699
-245.233
-236.062
-261.504
-250.032
-255.159
-266.825
-240.566
-264.689
-260.996
-239.711
-250.939
-238.229
-228.095
-256.758
-269.751
-266.472
-236.679
-225.497
-230.873
-251.066
-274.204
-238.521
-246.492
-217.042
-246.484
-244.425
-246.545
-245.932
-268.15
-236.471
-228.926
-224.119
-260.754
-279.349
-227.838
-254.251
-241.175
-216.75
-238.893
-242.899
-270.889
-232.525
-237.962
-236.832
-249.51
-231.875
-279.375
-279.733
-248.694
-248.504
-226.665
-262.92
-246.276
-259.771
-241.039
-231.488
-240.856
-259.542
-267.151
-239.214
-259.155
-273.019
-255.668
-255.609
-227.645
-245.435
-236.482
-231.12
-236.774
-258.773
-273.373
-226.178
-232.792
-246.384
-259.407
-214.642
-263.123
-237.467
-242.76
-234.127
-242.429
-239.029
-259.929
-255.115
-245.103
-256.467
-259.669
-261.7
-218.345
-252.308
-221.35
-223.222
-233.213
-233.645
-274.823
-235.353
-271.037
-255.6
-239.937
-263.275
-243.804
-262.23
-256.092
-276.998
-205.776
-272.829
-260.557
-252.746
-250.436
-242.97
-270.355
-238.494
-225.659
-238.289
-245.623
-237.882
-262.396
-250.805
-217.48
-254.602
-235.765
-241.782
-257.316
-256.943
-243.78
-242.152
-241.899
-250.575
-241.801
-256.567
-265.114
-223.458
-252.225
-255.032
-245.043
-266.796
-251.489
-249.719
-259.647
-249.249
-286.759
-238.651
-244.644
-250.435
-255.995
-245.353
-259.055
-248.112
-265.249
-260.76
-253.301
-253.928
-284.435
-249.926
-244.569
-232.879
-251.935
-258.101
-244.881
-244.733
-223.293
-251.729
-245.137
-227.957
-245.93
-253.963
-248.668
-233.491
-263.387
-207.734
-229.92
-258.966
-274.259
-256.639
-236.504
-251.972
-258.451
-253.125
-255.197
-256.21
-264.98
-250.052
-252.879
-235.024
-245.695
-233.757
-270.685
-234.315
-298.086
-260.435
-240.066
-300.478
-235.199
-245.19
-247.034
-225.04
-270.614
-238.048
-257.865
-279.924
-238.353
-243.582
-284.423
-279.65
-246.464
-250.793
-248.58
-250.732
-257.168
-235.487
-237.999
-252.615
-236.569
-249.77
-236.09
-246.955
-234.559
-259.893
-254.54
-272.994
-240.041
-250.873
-231.033
-221.007
-248.54
-281.059
-235.408
-232.323
-236.405
-243.753
-232.22
-246.561
-251.686
-261.589
-240.311
-237.873
-265.674
-228.32
-254.585
-258.678
-248.382
-252.04
-268.716
-260.978
-265.59
-249.047
-237.172
-279.518
-235.913
-237.468
-259.643
-254.558
-226.45
-265.826
-236.211
-267.647
-245.601
-271.398
-252.628
-235.656
-245.343
-256.471
-255.526
-251.75
-252.024
-246.939
-244.042
-233.767
-246.249
-238.276
-259.196
-240.964
-265.295
-255.401
-249.242
-257.629
-207.506
-264.588
-250.625
-249.994
-240.655
-255.684
-249.826
-216.636
-264.564
-247.026
-259.913
-246.956
-236.6
-242.415
-251.064
-270.564
-273.12
-257.495
-286.195
-255.14
-256.723
-260.611
-210.297
-233.733
-267.37
-262.688
-278.502
-229.975
-271.812
-235.841
-247.294
-234.397
-241.027
-270.36
-251.192
-270.668
-236.367
-236.304
-252.131
-234.359
-247.935
-283.148
-251.379
-241.455
-270.706
-251.501
-249.218
-254.786
-224.464
-265.338
-240.449
-241.969
-260.537
-257.198
-245.685
-237.033
-237.461
-281.474
-234.848
-224.333
-253.294
-248.166
-259.552
-256.036
-251.893
-237.572
-242.078
-270.821
-244.656
-235.719
-221.483
-223.994
-258.201
-244.641
-239.712
-266.117
-250.295
-230.702
-232.079
-246.137
-223.35
-256.532
-245.082
-253.26
-225.377
-260.169
-248.805
-239.37
-249.696
-242.508
-266.921
-265.273
-239.531
-261.53
-220.863
-253.466
-235.212
-258.798
-255.555
-235.153
-243.998
-256.35
-217.051
-247.885
-279.94
-268.989
-263.17
-266.461
-254.935
-236.972
-243.368
-252.037
-224.688
-254.181
-256.265
-249.491
-242.61
-206.812
-242.382
-249.611
-251.82
-253.889
-251.042
-215.953
-270.516
-221.536
-250.432
-227.777
-278.545
-244.565
-243.2
-245.037
-232.709
-226.695
-231.306
-253.8
-235.851
-214.599
-236.884
-226.935
-243.641
-245.308
-264.087
-248.228
-257.165
-245.849
-228.576
-259.203
-263.292
-249.053
-249.236
-247.228
-270.844
-257.166
-222.976
-250.391
-235.967
-266.883
-242.169
-256.607
-240.303
-275.212
-265.273
-258.185
-264.374
-245.646
-235.782
-242.706
-254.221
-240.868
-227.157
-235.11
-245.354
-228.734
-202.678
-248.518
-206.432
-248.714
-247.133
-264.032
-270.736
-233.727
-238.4
-252.529
-227.478
-256.223
-228.585
-239.817
-216.375
-251.485
-247.513
-226.547
-249.057
-245.299
-230.684
-260.564
-245.225
-270.12
-236.513
-273.533
-262.79
-228.373
-258.634
-233.689
-236.146
-254.585
-253.221
-246.881
-252.469
-217.801
-238.637
-260.033
-239.57
-243.71
-256.812
-259.317
-279.197
-235.6
-241.297
-236.396
-245.974
-254.207
-242.901
-230.856
-261.486
-242.919
-244.929
-255.601
-234.487
-222.055
-225.063
-243.447
-244.934
-247.857
-231.812
-277.906
-214.653
-258.105
-231.428
-232.133
-250.75
-251.094
-235.16
-268.801
-274.917
-247.299
-252.952
-240.536
-247.276
-249.836
-266.393
-254.407
-242.153
-248.813
-258.694
-257.146
-248.167
-242.881
-242.013
-223.598
-234.427
-264.151
-262.541
-230.774
-226.718
-244.435
-251.066
-250.78
-258.424
-233.868
-236.2
-245.835
-260.147
-239.968
-241.846
-224.498
-254.619
-239.67
-244.716
-234.182
-256.444
-252.779
-245.796
-239.135
-206.176
-213.555
-255.959
-238.218
-215.029
-240.796
-252.047
-242.383
-247.022
-248.523
-256.443
-280.758
-239.276
-248.451
-217.038
-254.852
-230.211
-267.927
-261.569
-250.506
-251.908
-258.308
-214.768
-249.139
-244.799
-249.049
-222.185
-243.536
-239.643
-226.465
-249.781
-244.611
-237.881
-245.659
-239.243
-255.103
-241.286
-217.279
-250.25
-269.792
-221.356
-245.055
-229.542
-243.256
-235.615
-235.489
-242.769
-210.336
-263.786
-218.114
-267.296
-249.27
-270.563
-256.352
-240.878
-232.691
-252.35
-262.175
-247.048
-253.683
-255.268
-261.132
-247.774
-272.455
-253.6
-235.794
-245.61
-262.227
-270.4
-241.711
-254.062
-235.125
-242.077
-256.756
-226.301
-236.028
-242.238
-265.479
-246.733
-262.923
-246.193
-255.449
-235.164
-244.401
-222.579
-273.241
-244.664
-232.333
-243.661
-252.468
-244.917
-267.64
-257.228
-224.596
-217.755
-274.766
-247.57
-268.106
-238.679
-262.05
-239.31
-261.513
-258.662
-235.898
-237.338
-231.47
-258.833
-266.313
-259.244
-234.479
-274.936
-259.762
-231.855
-246.658
-231.61
-254.212
-217.453
-264.911
-211.258
-243.414
-250.335
-232.426
-262.597
-231.065
-229.652
-249.987
-289.136
-251.382
-240.933
-246.622
-216.059
-230.611
-250.998
-269.374
-244.792
-232.613
-246.333
-258.946
-253.833
-217.47
-281.368
-262.406
-257.438
-256.467
-253.728
-265.923
-250.247
-278.823
-257.328
-232.795
-253.336
-250.156
-257.167
-269.377
-240.716
-250.369
-265.989
-245.438
-242.83
-295.492
-257.73
-236.269
-267.536
-248.75
-263.516
-241.506
-244.001
-253.171
-259.868
-256.447
-252.26
-233.877
-270.787
-205.296
-221.934
-240.584
-251.419
-243.094
-234.928
-244.942
-276.097
-263.838
-229.894
-241.356
-252.6
-244.648
-235.009
-219.258
-240.757
-242.445
-246.267
-249.341
-249.45
-248.493
-256.564
-239.592
-224.646
-246.659
-240.194
-241.978
-235.571
-246.659
-240.794
-234.115
-254.326
-252.934
-232.805
-271.999
-249.798
-256.923
-239.123
-256.698
-253.542
-241.981
-261.996
-268.822
-264.591
-251.364
-244.125
-262.182
-254.387
-280.359
-252.32
-250.521
-242.902
-238.791
-242.815
-234.797
-232.305
-272.333
-255.361
-250.319
-236.44
-243.088
-259.415
-280.105
-261.196
-224.032
-251.349
-271.161
-250.021
-254.788
-241.744
-266.608
-226.564
-267.761
-247.817
-286.668
-278.274
-245.861
-262.513
-268.283
-266.369
-247.102
-246.55
-264.992
-239.836
-245.506
-246.074
-240.07
-257.188
-200.817
-217.267
-236.37
-254.824
-258.825
-235.66
-239.547
-287.658
-252.909
-247.002
-275.5
-255.774
-251.241
-242.579
-247.264
-240.224
-221.201
-246.84
-270.19
-249.742
-229.182
-258.384
-274.472
-236.94
-254.42
-250.725
-265.925
-229.124
-246.032
-276.759
-245.687
-237.369
-218.613
-245.586
-223.487
-227.395
-223.404
-255.889
-226.185
-235.268
-237.399
-242.55
-229.636
-251.066
-271.982
-227.927
-261.175
-258.196
-259.786
-204.726
-273.384
-253.076
-247.659
-243.824
-240.331
-249.733
-224.845
-236.014
-237.805
-249.966
-259.711
-234.077
-263.124
-242.116
-229.375
-223.002
-251.494
-250.143
-246.301
-220.772
-249.959
-226.574
-257.417
-250.213
-252.497
-213.752
-246.83
-223.114
-243.964
-242.023
-260.481
-257.295
-244.926
-248.978
-243.02
-254.576
-252.629
-236.218
-254.398
-238.679
-242.392
-280.937
-240.952
-253.885
-259.923
-288.577
-254.016
-257.62
-249.996
-254.354
-271.923
-229.927
-252.464
-272.531
-241.846
-242.117
-249.501
-235.119
-248.3
-245.567
-235.029
-267.339
-225.237
-262.091
-241.992
-252.025
-260.401
-234.216
-247.664
-240.038
-248.067
-244.931
-260.313
-235.815
-275.249
-263.546
-252.299
-225.696
-259.757
-273.278
-236.365
-230.266
-262.137
-230.69
-235.949
-266.944
-222.856
-259.003
-213.717
-230.317
-272.603
-269.84
-233.464
-251.981
-258.955
-237.33
-273.952
-231.612
-251.285
-255.171
-289.795
-247.227
-261.684
-240.715
-239.244
-248.724
-244.717
-250.095
-246.004
-272.094
-252.745
-208.747
-254.455
-244.951
-245.62
-243.056
-254.203
-213.386
-236.422
-253.404
-272.116
-256.884
-245.276
-243.722
-242.211
-250.693
-231.54
-239.422
-261.652
-234.809
-231.802
-244.967
-243.866
-200.421
-241.543
-241.785
-237.298
-209.574
-256.679
-242.527
-277.145
-241.817
-280.238
-215.177
-247.624
-231.956
-245.062
-246.85
-262.151
-257.88
-240.044
-257.128
-266.567
-252.758
-241.377
-252.64
-254.456
-247.945
-249.056
-257.714
-218.697
-254.328
-263.06
-221.406
-249.961
-253.737
-245.297
-264.752
-235.172
-250.794
-276.74
-237.55
-270.833
-267.999
-270.941
-235.566
-218.738
-250.99
-261.876
-234.44
-245.017
-277.126
-234.539
-241.365
-279.599
-240.394
-227.378
-267.538
-236.934
-270.947
-225.539
-263.025
-223.989
-264.025
-244.857
-232.891
-255.051
-253.455
-228.552
-244.359
-248.974
-258.701
-262.551
-250.707
-233.922
-248.609
-225.063
-220.669
-245.272
-249.834
-234.658
-229.511
-241.035
-246.027
-241.516
-258.105
-243.95
-266.262
-274.513
-264.918
-212.25
-265.214
-234.833
-256.598
-266.135
-239.882
-220.184
-251.719
-246.936
-271.434
-270.212
-246.336
-240.164
-238.593
-222.935
-255.153
-241.133
-246.461
-238.76
-233.946
-263.743
-254.794
-231.633
-279.561
-217.727
-226.498
-241.108
-230.786
-252.131
-257.434
-255.174
-263.074
-245.415
-245.464
-235.432
-243.834
-233.179
-212.259
-261.753
-250.916
-246.761
-253.554
-265.208
-262.129
-275.455
-276.142
-238.359
-252.934
-245.485
-247.896
-263.215
-249.539
-251.739
-248.536
-229.474
-239.394
-265.33
-258.386
-245.87
-256.336
-260.11
-237.645
-265.072
-256.931
-227.249
-280.645
-262.239
-255.123
-226.526
-250.64
-235.505
-267.891
-250.1
-252.443
-250.738
-243.931
-242.054
-238.575
-240.106
-291.647
-264.483
-236.518
-242.205
-226.251
-242.933
-250.932
-239.094
-228.246
-229.163
-242.253
-260.66
-263.908
-265.02
-233.665
-232.178
-243.151
-267.903
-263.386
-258.384
-235.622
-252.856
-246.646
-238.055
-242.657
-216.79
-238.476
-269.267
-255.396
-240.379
-250.628
-239.48
-255.14
-267.109
-233.509
-220.419
-245.565
-248.038
-266.76
-264.322
-239.282
-226.074
-229.337
-246.884
-230.916
-225.155
-243.875
-266.81
-249.135
-262.375
-226.69
-264.912
-263.599
-236.587
-242.646
-243.634
-251.518
-242.907
-233.512
-254.624
-259.671
-238.314
-229.465
-258.421
-259.138
-252.684
-247.054
-246.626
-253.707
-260.102
-257.792
-255.078
-230.419
-235.292
-249.044
-225.959
-282.037
-273.651
-257.328
-247.088
-272.234
-275.046
-210.122
-263.76
-251.078
-255.571
-238.245
-244.649
-240.831
-236.195
-252.986
-245.307
-261.816
-228.047
-249.316
-272.752
-219.8
-251.671
-237.639
-232.313
-224.812
-246.923
-227.861
-229.584
-251.682
-231.256
-244.13
-229.994
-239.379
-254.759
-255.001
-228.465
-263.627
-271.12
-238.285
-256.464
-251.87
-247.776
-238.651
-266.609
-256.184
-268.442
-225.479
-223.853
-255.174
-257.297
-273.118
-265.978
-248.321
-254.297
-222.162
-247.233
-252.173
-249.958
-246.329
-265.078
-240.589
-239.292
-242.938
-225.74
-272.139
-262.465
-232.536
-231.942
-258.033
-240.355
-244.612
-268.347
-259.907
-259.708
-260.888
-253.876
-210.423
-239.993
-236.039
-229.188
-253.107
-240.435
-242.283
-233.924
-270.422
-272.957
-221.716
-252.659
-220.835
-255.748
-263.612
-250.042
-258.69
-262.052
-262.892
-253.27
-254.9
-254.973
-278.05
-226.979
-224.292
-228.937
-251.028
-265.873
-255.509
-254.347
-232.861
-263.596
-232.477
-263.004
-258.274
-253.531
-263.612
-248.873
-234.8
-228.793
-230.978
-259.077
-256.114
-246.521
-273.297
-219.23
-254.376
-217.068
-244.824
-221.015
-250.512
-223.236
-239.544
-224.754
-266.158
-253.086
-228.19
-266.857
-239.724
-270.4
-276.318
-268.605
-232.648
-268.606
-242.597
-238.944
-242.501
-246.279
-246.049
-235.048
-283.1
-245.725
-238.534
-238.335
-268.04
-258.475
-259.669
-236.974
-208.731
-249.83
-267.162
-234.798
-268.514
-238.008
-229.065
-246.17
-245.879
-245.036
-253.916
-255.304
-234.202
-263.57
-254.73
-257.434
-271.05
-241.044
-236.935
-229.236
-258.425
-245.406
-243.457
-248.417
-249.254
-245.336
-245.347
-264.423
-272.59
-228.448
-246.751
-239.169
-236.869
-260.442
-248.871
-242.866
-246.979
-237.47
-252.47
-246.535
-260.607
-262.147
-270.05
-247.965
-234.226
-259.225
-258.986
-265.935
-225.202
-216.344
-252.217
-247.637
-249.459
-261.096
-214.067
-248.828
-248.882
-238.944
-229.506
-261.355
-248.851
-243.116
-264.596
-252.049
-256.498
-253.646
-255.984
-257.808
-226.87
-209.725
-240.784
-221.861
-244.538
-240.105
-255.082
-259.154
-228.696
-238.193
-275.539
-252.051
-235.7
-243.351
-238.949
-237.138
-238.933
-256.302
-251.067
-252.069
-207.876
-234.415
-244.79
-249.624
-243.693
-273.724
-235.708
-251.858
-257.103
-223.276
-267.217
-247.559
-223.831
-264.037
-246.685
-236.124
-249.32
-269.021
-243.291
-262.437
-243.023
-240.012
-250.999
-250.301
-244.158
-259.563
-226.499
-227.881
-243.204
-267.964
-246.969
-244.479
-255.662
-260.478
-255.423
-225.221
-241.102
-241.713
-248.831
-258.926
-232.967
-242.639
-266.665
-205.15
-223.512
-241.519
-241.85
-257.963
-239.282
-261.186
-273.291
-247.228
-250.541
-240.957
-275.06
-248.472
-246.143
-232.035
-237.031
-267.249
-234.231
-270.043
-233.821
-225.91
-228.984
-257.136
-226.158
-235.254
-265.312
-271.601
-234.801
-258.079
-231.764
-250.73
-254.559
-269.589
-231.376
-214.829
-250.162
-219.911
-233.366
-233.92
-246.726
-249.472
-249.185
-228.915
-234.922
-242.351
-264.908
-279.044
-242.966
-271.611
-239.789
-245.155
-247.432
-247.711
-257.533
-236.786
-239.893
-266.293
-238.415
-276.065
-226.374
-260.048
-240.924
-250.471
-243.401
-243.132
-264.761
-229.583
-198.65
-239.43
-237.039
-269.976
-247.748
-251.631
-259.199
-254.28
-248.696
-249.35
-282.891
-234.22
-250.47
-259.621
-224.532
-227.692
-235.32
-250.265
-241.776
-254.121
-241.13
-228.321
-255.821
-251.824
-258.113
-265.251
-278.842
-269.393
-258.125
-247.439
-249.768
-275.894
-260.633
-226.56
-222.265
-261.207
-233.805
-264.941
-221.525
-261.136
-252.933
-241.727
-238.247
-253.106
-257.727
-258.456
-259.017
-264.31
-236.362
-258.546
-247.024
-269.677
-253.591
-245.758
-232.52
-261.162
-263.964
-251.023
-230.643
-243.155
-222.44
-271.198
-251.369
-243.963
-242.779
-258.33
-239.782
-283.231
-243.327
-230.432
-263.552
-262.677
-232.793
-238.35
-234.718
-235.038
-259.096
-251.425
-247.537
-227.247
-231.694
-279.879
-253.31
-246.95
-256.078
-241.878
-236.132
-241.183
-214.067
-261.679
-258.695
-273.374
-249.86
-271.339
-260.157
-232.67
-252.513
-265.922
-241.044
-220.466
-245.98
-272.33
-240.846
-234.336
-278.849
-231.95
-241.114
-237.544
-248.564
-266.975
-256.885
-248.607
-236.051
-250.448
-241.595
-261.094
-230.032
-256.245
-250.357
-253.387
-247.745
-250.875
-228.06
-223.335
-244.814
-256.678
-257.338
-228.235
-259.49
-251.98
-208.872
-272.919
-236.558
-251.902
-239.003
-254.382
-280.616
-268.574
-278.028
-249.595
-248.242
-257.509
-235.994
-264.173
-264.425
-256.041
-271.947
-262.688
-240.646
-253.404
-230.306
-246.539
-248.401
-272.021
-221.294
-249.645
-237.299
-243.613
-257.844
-251.234
-259.982
-237.905
-298.529
-241.457
-267.345
-207.158
-238.585
-271.983
-252.521
-207.545
-263.134
-250.229
-213.585
-248.699
-252.403
-237.541
-267.708
-251.378
-224.816
-258.363
-252.468
-287.783
-243.416
-247.789
-237.922
-262.838
-259.383
-237.138
-245.231
-238.402
-255.364
-251.037
-256.234
-237.258
-257.783
-243.385
-232.039
-221.733
-236.561
-258.267
-271.161
-241.001
-246.819
-294.669
-254.769
-246.575
-261.83
-264.113
-219.621
-262.796
-252.017
-255.379
-235.873
-249.102
-260.845
-249.345
-271.061
-245.592
-226.316
-265.692
-237.848
-266.903
-248.209
-225.985
-248.453
-223.415
-251.316
-224.736
-222.734
-238.758
-223.524
-220.434
-253.951
-218.87
-267.69
-250.805
-277.822
-259.606
-252.048
-232.632
-246.477
-275.828
-224.169
-260.035
-244.748
-246.14
-248.162
-229.16
-248.738
-228.23
-256.629
-236.426
-250.035
-241.292
-247.586
-241.205
-267.487
-250.674
-236.322
-258.346
-239.15
-223.736
-240.721
-243.651
-248.323
-263.962
-240.779
-273.7
-247.926
-283.623
-271.749
-266.758
-275.013
-233.199
-251.854
-252.32
-237.942
-247.824
-258.064
-250.287
-257.672
-229.758
-246.911
-251.572
-250.57
-233.462
-255.758
-244.67
-261.014
-261.526
-271.669
-213.799
-236.313
-261.441
-286.619
-252.532
-247.483
-248.383
-243.323
-238.085
-250.701
-269.436
-250.391
-220.616
-208.515
-222.286
-256.255
-268.928
-242.007
-265.783
-249.606
-246.962
-250.136
-242.244
-236.28
-297.463
-243.534
-245.842
-242.563
-243.156
-232.87
-261.925
-241.542
-252.678
-252.485
-247.779
-240.022
-252.595
-235.599
-264.088
-253.607
-286.03
-247.528
-220.748
-218.141
-258.756
-256.677
-274.958
-244.927
-257.669
-232.049
-235.633
-237.593
-238.429
-248.238
-263.762
-244.723
-236.26
-260.158
-262.52
-217.893
-241.723
-237.288
-242.923
-265.161
-253.271
-261.317
-262.58
-255.127
-245.936
-235.242
-242.089
-257.203
-267.867
-248.422
-259.187
-274.251
-252.998
-249.572
-230.721
-252.328
-246.659
-219.303
-239.488
-208.981
-246.803
-254.12
-248.32
-262.064
-266.042
-254.57
-250.077
-243.881
-245.223
-235.58
-235.344
-232.353
-255.298
-227.401
-225.423
-252.761
-267.263
-230.143
-231.968
-236.961
-236.284
-240.308
-221.639
-262.724
-261.891
-224.845
-258.552
-257.863
-257.185
-231.15
-252.949
-227.097
-218.185
-252.672
-269.507
-237.139
-269.709
-228.398
-227.157
-252.007
-243.844
-234.9
-251.54
-228.196
-247.216
-209.698
-246.076
-237.492
-247.872
-279.961
-272.293
-197.412
-260.88
-239.095
-233.185
-234.241
-247.651
-239.468
-270.902
-236.595
-260.29
-257.166
-248.367
-252.531
-260.207
-244.847
-239.489
-232.112
-244.648
-261.907
-226.968
-253.452
-268.769
-246.932
-242.745
-217.729
-237.397
-265.201
-229.953
-227.252
-243.539
-229.829
-236.888
-242.643
-270.901
-259.867
-275.673
-254.33
-253.281
-231.565
-229.452
-242.555
-246.072
-259.127
-241.505
-246.213
-219.165
-248.776
-239.327
-259.012
-241.316
-206.918
-259.495
-236.379
-215.663
-243.068
-241.615
-265.22
-246.185
-253.706
-247.857
-223.021
-263.301
-229.345
-237.099
-248.785
-238.358
-241.063
-208.492
-226.879
-239.983
-257.616
-234.613
-253.135
-276.124
-210.773
-228.66
-234.586
-248.357
-231.735
-225.18
-235.068
-221.276
-236.439
-268.116
-251.003
-247.709
-231.502
-253.027
-245.106
-234.734
-247.465
-279.547
-234.844
-256.007
-247.02
-245.248
-236.339
-263.276
-234.041
-249.49
-247.688
-231.499
-260.554
-246.819
-231.124
-241.369
-258.135
-261.943
-246.425
-246.134
-224.333
-261.533
-236.016
-237.219
-269.202
-233.485
-254.216
-227.073
-241.987
-266.638
-258.972
-245.768
-229.383
-221.345
-235.288
-273.875
-252.522
-242.81
-247.225
-260.736
-242.883
-257.293
-250.768
-222.684
-257.568
-232.013
-248.125
-280.757
-248.686
-254.799
-263.325
-262.954
-250.479
-228.172
-258.14
-252.308
-238.777
-233.083
-229.831
-252.266
-235.403
-258.445
-214.216
-216.812
-259.471
-232.886
-215.968
-228.913
-250.017
-282.722
-257.639
-275.124
-234.836
-259.138
-243.859
-249.855
-238.676
-237.535
-246.947
-250.695
-252.886
-236.504
-251.169
-253.505
-238.913
-276.005
-248.955
-271.971
-230.788
-254.172
-257.893
-230.564
-239.412
-237.125
-234.862
-234.95
-262.433
-221.439
-229.86
-241.951
-222.053
-247.831
-247.62
-256.212
-257.781
-260.676
-210.432
-254.535
-235.991
-234.809
-251.569
-256.37
-253.546
-241.43
-235.441
-244.482
-228.872
-258.03
-235.831
-276.715
-253.492
-246.861
-261.727
-240.847
-222.326
-241.682
-251.905
-241.422
-244.18
-247.195
-250.399
-261.184
-247.048
-247.536
-213.585
-245.456
-272.647
-246.277
-252.169
-238.92
-271.228
-258.454
-249.505
-260.171
-219.813
-267.635
-246.768
-215.636
-240.498
-254.418
-262.979
-229.36
-266.273
-255.296
-249.217
-249.853
-254.854
-233.295
-266.965
-246.048
-237.532
-242.3
-238.203
-249.612
-231.069
-289.083
-240.502
-262.458
-239.083
-223.108
-219.177
-269.914
-248.375
-270.601
-245.822
-271.88
-238.169
-228.376
-240.672
-234.006
-260.501
-254.425
-252.132
-256.995
-264.921
-246.785
-243.17
-236.394
-238.14
-211.368
-230.169
-224.834
-244.334
-247.13
-218.429
-241.294
-234.507
-243.667
-273.946
-273.676
-267.258
-257.225
-258.903
-263.822
-253.306
-242.339
-223.847
-265.77
-239.281
-265.578
-218.693
-251.173
-255.583
-234.019
-258.503
-258.502
-241.16
-233.455
-248.15
-250.203
-230.58
-248.536
-246.012
-260.69
-245.232
-245.711
-239.818
-277.606
-261.442
-272.076
-238.661
-242.171
-253.408
-243.515
-234.266
-271.079
-237.639
-241.819
-235.947
-235.797
-242.281
-249.262
-231.049
-223.168
-202.702
-266.329
-231.997
-208.753
-245.078
-239.469
-238.276
-269.755
-253.424
-229.383
-230.02
-233.291
-270.505
-265.682
-240.76
-244.01
-235.218
-253.283
-252.283
-222.514
-218.573
-249.324
-243.678
-258.206
-241.331
-238.413
-261.87
-268.76
-251.354
-228.074
-251.579
-260.546
-259.283
-254.284
-240.274
-237.144
-224.425
-239.028
-223.127
-248.799
-300.693
-252.132
-216.337
-240.104
-234.143
-231.286
-244.383
-234.068
-256.58
-235.909
-244.137
-228.968
-252.654
-236.708
-250.208
-254.97
-244.653
-267.928
-263.16
-247.11
-241.637
-268.162
-238.717
-241.189
-246.451
-243.76
-239.346
-239.901
-263.171
-249.251
-237.774
-284.267
-263.442
-265.665
-268.728
-285.496
-245.244
-247.623
-224.125
-242.118
-270.649
-242.91
-262.613
-274.8
-250.655
-230.889
-241.774
-237.488
-260.011
-249.707
-273.013
-255.106
-262.632
-247.986
-246.63
-217.492
-281.348
-262.401
-242.315
-250.3
-218.575
-247.392
-242.587
-252.945
-258.362
-253.765
-255.361
-239.751
-248.928
-235.787
-270.221
-229.655
-249.301
-243.279
-229.044
-242.363
-260.782
-247.919
-261.052
-251.016
-244.241
-253.29
-254.039
-252.597
-241.551
-244.733
-269.452
-238.052
-231.519
-251.333
-223.14
-223.47
-236.001
-216.63
-259.54
-260.427
-231.013
-243.294
-246.248
-258.315
-248.702
-226.355
-265.32
-223.384
-233.35
-265.972
-224.004
-261.664
-238.451
-235.636
-249.514
-242.714
-234.403
-231.658
-248.391
-244.514
-235.082
-268.765
-216.331
-248.979
-231.489
-233.294
-264.991
-242.484
-259.773
-219.448
-248.379
-254.601
-231.749
-244.393
-248.03
-256.31
-244.073
-252.15
-241.259
-247.806
-220.639
-228.597
-258.815
-220.746
-254.731
-226.741
-238.432
-230.98
-248.924
-260.393
-257.96
-249.021
-251.422
-232.102
-253.65
-252.423
-250.707
-236.662
-265.712
-245.715
-237.897
-249.881
-220.126
-262.311
-264.855
-255.561
-256.579
-255.956
-235.755
-253.384
-294.049
-254.856
-240.533
-237.255
-261.043
-260.481
-228.123
-225.226
-260.914
-292.47
-238.052
-230.087
-259.458
-219.735
-264.05
-233.581
-243.018
-241.258
-267.604
-241.962
-251.215
-248.794
-250.904
-265.051
-236.253
-245.616
-250.507
-259.483
-214.477
-245.599
-227.428
-270.604
-274.765
-284.577
-255.71
-249.112
-247.695
-254.919
-264.501
-241.775
-261.714
-218.773
-256.656
-238.519
-258.869
-263.43
-276.723
-247.062
-261.138
-237.526
-237.306
-252.241
-267.29
-238.251
-253.695
-252.471
-267.114
-274.587
-243.256
-274.845
-232.236
-257.093
-234.158
-249.079
-248.361
-264.162
-247.78
-253.245
-250.087
-235.122
-259.088
-250.956
-253.793
-247.302
-266.948
-264.794
-245.926
-244.33
-244.284
-233.638
-239.706
-259.349
-255.679
-256.693
-252.295
-246.141
-245.97
-239.293
-241.274
-248.508
-257.569
-252.649
-285.135
-237.262
-267.696
-248.349
-247.325
-238.174
-264.198
-283.75
-250.803
-234.78
-236.34
-270.295
-255.927
-236.292
-232.172
-255.545
-242.489
-247.49
-225.842
-267.554
-271.943
-276.854
-249.933
-249.835
-234.844
-250.792
-220.065
-233.839
-248.473
-248.79
-243.743
-230.88
-232.213
-247.46
-260.774
-254.947
-240.586
-265.706
-229.538
-242.302
-243.6
-227.932
-260.345
-249.282
-233.548
-239.9
-242.658
-246.151
-258.936
-246.118
-282.741
-252.133
-245.347
-247.89
-259.949
-216.83
-251.308
-269.639
-267.015
-246.113
-241.044
-232.681
-251.231
-226.331
-279.11
-236.365
-241.104
-266.822
-214.338
-241.446
-231.412
-266.736
-220.876
-237.199
-245.114
-249.314
-268.063
-260.552
-242.392
-238.771
-251.988
-254.282
-238.367
-257.528
-219.754
-276.49
-259.139
-244.993
-250.977
-239.543
-243.157
-243.064
-258.286
-262.534
-236.141
-278.468
-276.671
-249.393
-237.331
-274.646
-214.285
-246.084
-242.509
-224.928
-228.348
-259.817
-266.247
-234.659
-238.627
-268.354
-218.697
-242.368
-240.416
-286.588
-256.175
-270.573
-235.408
-228.298
-248.754
-216.868
-218.849
-223.92
-250.218
-267.339
-272.058
-234.857
-234.278
-246.068
-226.351
-245.48
-265.394
-217.156
-238.071
-250.105
-256.36
-221.175
-261.015
-270.715
-243.733
-261.065
-253.105
-253.643
-244.954
-251.471
-224.034
-242.148
-243.551
-274.82
-232.909
-237.777
-248.797
-270.475
-239.262
-233.659
-235.807
-238.927
-267.659
-262.181
-249.282
-243.015
-256.775
-232.275
-261.247
-245.431
-258.814
-239.218
-249.812
-215.319
-272.752
-248.087
-238.882
-258.662
-235.815
-265.359
-273.871
-242.035
-241.37
-242.357
-237.368
-265.601
-231.763
-244.427
-234.034
-255.824
-248.743
-248.542
-252.442
-248.383
-237.486
-245.75
-248.321
-197.862
-251.035
-248.391
-232.36
-238.44
-234.234
-256.595
-238.122
-265.632
-239.289
-246.798
-226.527
-258.241
-222.144
-250.8
-256.76
-245.775
-248.219
-269.249
-266.867
-266.6
-253.157
-268.802
-266.177
-263.696
-253.92
-254.235
-241.736
-258.837
-230.578
-257.711
-266.12
-245.539
-232.105
-252.659
-238.226
-246.275
-252.393
-253.319
-273.08
-273.748
-225.215
-232.168
-251.193
-227.542
-208.899
-261.988
-246.354
-286.354
-252.179
-247.34
-235.018
-260.916
-211.461
-246.457
-239.663
-233.061
-240.978
-237.734
-265.195
-259.456
-268.241
-240.874
-264.87
-240.548
-263.164
-258.644
-231.249
-245.416
-245.783
-253.32
-237.671
-257.39
-235.885
-254.891
-263.89
-245.705
-247.857
-252.842
-266.19
-231.914
-244.663
-229.713
-267.144
-231.815
-244.229
-241.209
-257.862
-231.645
-265.134
-246.89
-218.762
-265.044
-238.833
-236.348
-221.416
-235.219
-247.823
-241.298
-269.616
-230.714
-276.404
-241.544
-245.868
-229.268
-234.853
-223.053
-246.978
-276.343
-238.003
-275.091
-238.617
-228.082
-274.284
-231.116
-227.606
-245.973
-241.398
-250.972
-221.29
-236.846
-261.84
-251.246
-229.998
-261.265
-251.911
-264.181
-260.863
-257.833
-261.151
-280.854
-227.536
-243.487
-240.882
-222.639
-268.829
-249.897
-259.231
-228.355
-242.637
-235.577
-257.695
-239.57
-242.955
-275.695
-234.694
-273.503
-249.381
-261.157
-271.953
-290.441
-267.504
-260.13
-237.997
-246.139
-294.336
-247.074
-224.937
-242.374
-249.133
-252.249
-259.377
-250.711
-236.535
-242.973
-226.614
-240.558
-232.427
-279.551
-229.619
-228.931
-242.223
-257.217
-266.356
-251.833
-247.398
-249.551
-262.864
-242.815
-237.203
-266.108
-250.592
-235.622
-233.381
-227.104
-250.633
-235.792
-244.356
-262.571
-226.555
-253.273
-236.626
-263.632
-291.869
-223.151
-218.675
-242.676
-252.094
-261.347
-271.758
-259.278
-252.193
-230.888
-239.095
-258.057
-278.092
-252.669
-261.603
-223.603
-231.112
-235.239
-242.663
-220.944
-229.352
-242.165
-246.404
-245.65
-213.658
-261.899
-234.484
-235.612
-264.391
-247.804
-271.884
-252.328
-267.983
-243.809
-262.928
-233.921
-251.046
-247.915
-246.947
-231.881
-264.21
-249.968
-274.5
-240.207
-243.886
-264.192
-261.969
-261.646
-265.098
-208.168
-226.223
-248.918
-248.827
-244.674
-221.745
-251.048
-238.184
-267.053
-221.779
-264.128
-268.363
-246.071
-249.191
-218.701
-225.967
-233.205
-264.322
-232.549
-280.947
-252.333
-246.021
-221.372
-251.481
-222.582
-259.444
-244.317
-255.896
-240.779
-256.928
-225.517
-268.16
-240.599
-290.118
-262.858
-247.486
-263.78
-243.954
-264.144
-241.884
-242.961
-255.217
-253.203
-268.527
-252.553
-247.84
-268.459
-246.459
-251.49
-266.24
-230.432
-249.463
-243.089
-243.646
-234.527
-246.369
-240.776
-248.346
-216.355
-249.777
-260.348
-256.066
-274.094
-230.592
-266.865
-236.863
-255.598
-229.368
-248.726
-264.953
-264.598
-256.355
-260.562
-241.131
-225.354
-216.907
-259.069
-266.091
-248.61
-242.506
-275.192
-241.899
-254.247
-238.593
-232.117
-244.714
-242.237
-221.945
-255.381
-250.507
-234.204
-278.648
-250.45
-247.17
-240.097
-245.871
-249.739
-247.621
-250.055
-234.226
-252.939
-236.473
-236.453
-265.141
-244.462
-268.906
-251.765
-250.56
-253.331
-251.873
-239.771
-238.619
-260.374
-243.621
-248.664
-253.679
-240.717
-265.574
-244.368
-243.696
-240.731
-236.84
-245.492
-245.412
-259.128
-260.712
-241.273
-253.659
-243.513
-215.932
-267.03
-246.246
-223.909
-251.091
-262.882
-248.802
-242.161
-223.465
-256.657
-237.667
-252.942
-254.405
-241.107
-243.754
-262.557
-256.215
-256.579
-263.388
-269.358
-258.409
-278.391
-253.389
-251.679
-248.23
-239.41
-250.402
-227.059
-241.217
-240.872
-239
-217.496
-269.796
-265.111
-282.894
-262.89
-240.181
-257.955
-246.784
-233.369
-237.951
-238.489
-231.196
-252.063
-251.67
-260.347
-232.02
-257.693
-260.548
-222.435
-234.324
-230.218
-249.2
-246.398
-279.031
-263.259
-279.145
-235.302
-250.023
-209.276
-252.503
-246.275
-237.69
-250.634
-236.681
-241.401
-237.188
-269.648
-261.875
-215.603
-260.803
-265.724
-230.317
-261.111
-257.415
-278.321
-226.204
-221.644
-233.362
-252.251
-217.986
-256.011
-241.961
-253.534
-241.097
-284.698
-256.284
-245.912
-236.066
-232.277
-259.123
-274.449
-239.667
-228.745
-216.039
-270.734
-240.812
-261.52
-239.619
-259.991
-257.748
-242.46
-229.819
-227.374
-238.637
-230.418
-232.179
-275.714
-220.72
-277.162
-260.774
-234.581
-261.359
-255.041
-239.405
-243.394
-238.142
-231.495
-237.435
-244.507
-232.781
-245.262
-221.345
-238.528
-243.728
-257.24
-258.767
-244.396
-234.142
-247.717
-277.193
-251.463
-271.728
-238.591
-229.52
-228.727
-250.207
-238.124
-221.443
-226.959
-224.637
-220.352
-250.421
-246.52
-242.926
-248.559
-238.271
-217.492
-269.291
-256.842
-268.529
-233.427
-271.554
-225.102
-244.72
-242.106
-240.512
-259.725
-227.33
-253.938
-227.474
-242.478
-258.883
-233.178
-263.088
-231.503
-231.834
-270.737
-246.599
-279.665
-242.302
-238.016
-270.563
-266.339
-216.405
-244.447
-230.326
-223.968
-267.491
-238.08
-263.812
-210.929
-246.494
-256.592
-268.938
-265.095
-262.429
-249.553
-251.825
-239.323
-249.171
-254.021
-252.785
-227.026
-242.393
-244.223
-240.505
-229.583
-258.313
-251.771
-216.43
-271.569
-229.398
-245.391
-218.152
-244.865
-219.823
-234.441
-242.012
-231.331
-258.408
-260.642
-267.575
-274.222
-244.572
-242.446
-239.07
-251.478
-227.568
-272.411
-227.538
-226.404
-251.475
-227.947
-243.22
-216.288
-224.449
-258.122
-274.82
-238.297
-226.339
-240.764
-239.007
-274.096
-233.201
-251.334
-302.395
-244.624
-261.378
-234.982
-276.825
-266.912
-221.686
-220.607
-240.36
-222.858
-248.161
-265.453
-236.793
-235.233
-219.41
-250.664
-258.195
-230.678
-230.424
-258.892
-236.632
-246.355
-231.472
-251.9
-250.693
-264.783
-236.877
-229.123
-224.487
-230.735
-283.668
-276.066
-244.173
-264.431
-266.8
-244.046
-234.812
-218.513
-258.34
-232.808
-215.675
-252.648
-241.426
-261.896
-240.214
-263.554
-236.623
-245.545
-245.204
-249.869
-229.164
-249.54
-265.281
-223.283
-238.732
-217.77
-237.201
-239.363
-251.169
-240.788
-243.527
-272.747
-212.88
-242.663
-248.568
-255.601
-256.427
-235.893
-242.773
-272.369
-267.438
-257.62
-252.905
-238.086
-239.956
-257.893
-254.13
-265.86
-242.299
-250.807
-239.272
-239.116
-248.948
-272.6
-244.429
-260.966
-242.183
-260.854
-246.299
-253.814
-244.853
-257.003
-241.152
-241.388
-250.042
-282.4
-249.884
-259.524
-220.67
-223.1
-253.425
-248.281
-245.387
-276.201
-232.923
-272.029
-252.572
-245.719
-249.458
-251.361
-238.03
-248.313
-234.084
-250.319
-245.081
-257.629
-252.37
-265.282
-249.247
-274.757
-234.027
-266.173
-237.099
-240.54
-231.179
-270.015
-255.934
-242.335
-228.832
-230.471
-259.412
-254.588
-232.944
-221.309
-253.456
-253.215
-267.757
-246.991
-245.803
-251.961
-217.564
-253.698
-228.147
-248.879
-247.107
-260.211
-250.081
-257.539
-241.229
-239.797
-257.567
-257.691
-232.867
-252.921
-239.338
-256.17
-237.126
-244.418
-274.327
-249.97
-251.69
-245.631
-231.546
-276.338
-284.938
-252.477
-259.23
-286.42
-258.248
-247.506
-230.935
-256.321
-259.499
-267.402
-260.931
-228.362
-267.705
-257.121
-235.22
-240.486
-243.71
-267.98
-243.219
-238.793
-258.499
-226.614
-255.876
-231.487
-252.164
-252.661
-261.61
-243.462
-234.626
-259.431
-257.812
-248.313
-233.433
-241.841
-287.431
-227.645
-235.97
-250.82
-241.962
-238.167
-278.99
-238.622
-241.977
-262.265
-249.121
-253.524
-235.849
-245.376
-269.641
-267.627
-257.389
-250.708
-247.862
-235.952
-246.041
-221.624
-231.304
-232.12
-259.03
-239.823
-240.102
-259.741
-233.599
-251.55
-213.106
-232.812
-279.571
-268.799
-281.573
-244.014
-237.423
-256.669
-240.355
-269.022
-241.289
-257.867
-257.917
-229.137
-268.384
-245.085
-263.938
-243.646
-236.85
-268.675
-248.819
-224.604
-234.33
-255.984
-250.788
-255.813
-269.256
-247.116
-235.818
-231.181
-228.415
-253.229
-248.548
-224.187
-242.471
-223.025
-233.019
-257.928
-239.582
-258.997
-230.335
-255.984
-212.965
-251.815
-257.34
-242.024
-258.365
-252.309
-231.307
-211.194
-259.53
-248.235
-245.832
-256.568
-258.948
-245.865
-261.766
-247.919
-242.373
-269.452
-225.746
-254.818
-237.275
-261.643
-237.4
-217.295
-254.488
-228.838
-252.061
-224.863
-235.138
-244.027
-246.624
-259.695
-254.248
-239.154
-279.472
-225.697
-237.839
-270.868
-239.611
-267.58
-258.198
-236.76
-239.262
-250.648
-236.126
-258.233
-255.776
-239.42
-268.084
-223.014
-263.368
-263.74
-238.389
-259.252
-264.828
-241.952
-235.368
-254.218
-270.073
-246.405
-232.446
-263.506
-238.545
-239.936
-257.472
-269.188
-242.745
-249.121
-220.937
-232.95
-244.288
-265.865
-253.843
-262.423
-245.312
-248.625
-235.443
-250.81
-247.803
-224.723
-293.612
-232.255
-244.203
-252.133
-235.555
-246.041
-233.742
-237.321
-271.67
-287.387
-252.954
-259.734
-251.336
-236.06
-248.997
-269.451
-253.195
-238.381
-231.945
-249.067
-257.028
-258.812
-239.535
-243.541
-225.336
-227.143
-269.904
-251.07
-257.335
-252.896
-265.115
-246.064
-241.777
-238.873
-237.921
-271.169
-256.785
-278.845
-257.338
-246.816
-253.535
-244.634
-231.994
-226.836
-236.185
-247.865
-249.896
-249.339
-231.869
-245.393
-235.147
-230.129
-256.162
-250.145
-264.458
-236.046
-253.872
-244.486
-260.764
-261.935
-246.888
-240.531
-243.607
-271.896
-232.483
-248.483
-240.326
-230.183
-235.663
-241.836
-246.844
-237.125
-261.137
-221.234
-236.11
-231.888
-232.374
-260.144
-228.004
-250.095
-247.343
-260.503
-257.652
-263.066
-243.723
-234.785
-256.402
-249.791
-247.629
-241.452
-259.61
-250.123
-245.294
-246.247
-232.453
-232.605
-262.504
-243.177
-218.926
-252.846
-238.538
-223.647
-253.046
-253.425
-246.826
-241.035
-239.2
-245.178
-218.963
-253.934
-261.665
-253.601
-250.586
-232.268
-245.668
-247.989
-277.832
-254.446
-295.396
-237.616
-239.295
-231.285
-259.817
-257.921
-257.524
-269.574
-264.967
-217.926
-252.515
-254.13
-226.872
-247.452
-260.068
-248.004
-239.1
-254.146
-215.969
-232.066
-266.045
-239.37
-224.375
-262
-257.957
-252.451
-228.12
-232.437
-228.339
-250.055
-218.367
-277.639
-237.787
-219.51
-234.132
-251.567
-242.198
-259.317
-254.196
-240.225
-247.319
-247.094
-260.119
-221.316
-247.764
-275.076
-268.185
-248.063
-249.787
-240.09
-233.248
-240.243
-256.416
-238.871
-255.485
-271.837
-242.343
-248.693
-261.222
-262.18
-239.755
-269.109
-233.245
-227.18
-269.729
-231.754
-231.135
-265.685
-254.781
-253.874
-241.455
-252.269
-243.023
-233.486
-239.789
-238.365
-253.91
-240.411
-237.833
-230.733
-247.814
-242.112
-239.816
-268.628
-222.603
-219.817
-243.889
-249.574
-234.622
-228.743
-240.005
-262.41
-263.318
-248.145
-263.371
-267.517
-240.958
-224.184
-277.366
-218.749
-231.63
-238.667
-207.379
-232.576
-263.715
-253.293
-246.73
-206.438
-282.271
-252.713
-266.834
-226.381
-252.346
-253.405
-255.677
-253.438
-227.55
-233.35
-254.588
-254.773
-258.507
-241.329
-213.709
-254.794
-243.022
-226.965
-250.54
-244.466
-251.425
-230.308
-243.211
-265.217
-276.417
-236.134
-237.266
-252.339
-249.705
-234.106
-263.973
-248.972
-257.177
-260.048
-276.812
-261.872
-261.973
-267.499
-224.359
-235.497
-238.931
-251.783
-214.894
-252.259
-275.182
-233.073
-268.263
-237.155
-237.323
-247.293
-238.979
-255.768
-267.587
-263.646
-243.365
-251.347
-253.577
-231.214
-259.748
-265.782
-236.3
-218.541
-263.451
-229.055
-245.295
-240.476
-239.161
-262.018
-234.83
-271.789
-230.592
-262.274
-258.376
-239.263
-258.428
-212.469
-260.925
-245.486
-257.344
-244.172
-235.787
-258.72
-275.167
-212.354
-258.858
-234.735
-273.074
-232.994
-259.627
-250.988
-234.657
-275.541
-289.619
-274.841
-249.331
-249.605
-226.88
-248.464
-278.814
-237.212
-278.834
-256.198
-260.269
-245.466
-221.326
-261.514
-264.063
-234.946
-267.712
-261.697
-271.146
-248.329
-261.259
-245.979
-255.666
-222.032
-231.036
-264.235
-236.523
-264.589
-236.142
-256.124
-242.959
-253.748
-256.707
-242.767
-268.657
-250.969
-250.669
-222.186
-241.324
-246.739
-255.562
-245.771
-256.185
-247.747
-211.484
-259.066
-252.132
-237.347
-242.643
-252.007
-238.917
-259.026
-239.905
-214.69
-241.443
-228.931
-278.888
-224.556
-222.606
-257.851
-239.867
-232.775
-243.721
-221.423
-246.846
-266.237
-258.113
-242.138
-254.628
-238.836
-268.535
-251.058
-251.724
-239.226
-242.663
-249.409
-241.836
-255.291
-240.933
-253.452
-266.811
-226.227
-253.488
-228.66
-256.996
-251.388
-236.487
-258.221
-249.742
-259.294
-217.607
-228.595
-233.51
-246.99
-251.642
-246.083
-237.253
-255.748
-267.202
-246.716
-242.38
-240.886
-270.111
-259.121
-225.903
-264.205
-224.884
-287.639
-228.858
-250.431
-241.448
-229.394
-237.302
-234.312
-242.364
-213.84
-272.276
-245.894
-256.579
-246.232
-244.293
-232.228
-219.104
-234.66
-249.999
-260.856
-233.859
-233.017
-251.029
-240.7
-263.812
-234.744
-208.262
-215.777
-239.424
-224.606
-254.809
-237.564
-245.897
-275.07
-241.206
-261.33
-259.397
-268.547
-265.892
-215.454
-254.751
-263.68
-257.205
-239.101
-250.34
-255.724
-268.569
-262.842
-216.394
-229.943
-267.524
-260.944
-254.807
-254.946
-250.381
-219.621
-235.093
-248.166
-230.428
-215.278
-265.544
-259.508
-249.449
-244.412
-228.032
-289.275
-233.285
-263.979
-253.39
-223.646
-226.299
-248.265
-236.494
-264.338
-238.694
-237.041
-237.275
-222.19
-240.068
-222.312
-224.948
-247.738
-251.35
-228.702
-264.504
-236.562
-222.667
-260.556
-241.959
-230.386
-247.212
-224.219
-257.351
-266.586
-271.017
-268.004
-252.155
-274.222
-246.215
-275.304
-244.764
-239.107
-251.872
-232.384
-227.785
-216.698
-273.44
-224.356
-228.757
-254.211
-257.621
-232.219
-243.716
-219.931
-244.842
-247.296
-213.829
-249.639
-224.333
-260.151
-252.152
-262.491
-244.753
-261.726
-246.286
-246.219
-248.667
-254.748
-224.434
-225.75
-275.393
-252.23
-270.279
-233.975
-239.417
-255.127
-228.274
-261.663
-235.077
-251.084
-228.759
-238.268
-230.79
-252.755
-242.935
-260.863
-255.129
-239.231
-251.434
-275.754
-277.195
-263.083
-274.425
-236.159
-254.379
-232.585
-243.861
-223.74
-264.866
-258.362
-243.765
-223.408
-269.161
-234.712
-239.881
-256.216
-255.701
-274.921
-269.517
-253.337
-275.363
-229.947
-230.989
-259.504
-248.816
-243.688
-248.307
-255.537
-247.535
-255.917
-222.408
-251.337
-243.298
-253.087
-254.491
-263.055
-230.799
-240.004
-219.267
-256.387
-236.809
-246.317
-214.958
-256.865
-273.669
-252.379
-212.208
-239.971
-247.38
-216.788
-255.48
-256.232
-251.908
-251.334
-235.403
-240.161
-238.21
-251.279
-271.033
-281.168
-243.145
-271.943
-267.337
-246.5
-267.245
-248.55
-228.349
-255.125
-285.523
-255.301
-238.226
-211.982
-237.673
-239.716
-220.335
-244.929
-258.907
-250.541
-244.523
-232.4
-265.12
-273.798
-228.352
-219.394
-236.171
-252.886
-274.647
-246.216
-251.047
-264.327
-241.353
-255.133
-239.94
-223.22
-222.846
-230.608
-251.983
-241.864
-223.532
-226.726
-236.307
-237.037
-255.176
-249.403
-259.387
-276.872
-243.941
-231.479
-227.844
-263.043
-227.595
-231.337
-231.288
-259.459
-266.074
-267.847
-219.072
-247.736
-268.335
-226.947
-229.821
-254.062
-267.349
-232.602
-248.955
-257.084
-229.375
-244.219
-237.715
-267.015
-240.633
-266.12
-253.57
-270.758
-258.917
-268.7
-239.796
-238.294
-211.964
-262.103
-243.194
-257.335
-249.305
-230.209
-235.889
-241.336
-231.842
-250.434
-227.327
-258.023
-216.135
-237.386
-248.521
-269.416
-236.066
-234.892
-234.903
-254.047
-242.003
-244.661
-246.196
-229.051
-290.607
-242.988
-254.755
-260.101
-239.427
-228.414
-241.371
-252.928
-231.732
-215.29
-247.912
-233.276
-266.56
-235.284
-251.683
-247.167
-233.747
-231.034
-257.276
-258.647
-256.735
-242.472
-221.628
-264.382
-241.481
-240.51
-254.855
-254.278
-257.544
-255.238
-265.287
-253.409
-257.83
-208.096
-242.389
-225.458
-259.453
-232.554
-238.611
-285.222
-258.401
-244.248
-230.372
-234.166
-255.695
-254.629
-258.147
-236.089
-269.629
-226.447
-229.675
-258.533
-234.93
-270.079
-259.527
-257.782
-227.466
-268.522
-241.228
-251.822
-247.413
-267.059
-225.496
-237.644
-259.126
-242.474
-231.71
-275.805
-269.096
-285.235
-227.99
-228.513
-232.47
-254.55
-271.373
-235.013
-231.736
-248.43
-225.574
-211.373
-274.426
-218.938
-237.633
-244.35
-211.71
-229.893
-235.992
-243.138
-219.539
-225.024
-259.073
-214.945
-264.579
-250.546
-248.713
-250.19
-235.677
-269.182
-254.519
-238.791
-250.968
-256.486
-240.054
-218.819
-248.822
-249.201
-252.347
-268.255
-223.349
-236.672
-258.676
-234.356
-254.344
-229.479
-254.39
-239.015
-244.764
-249.289
-250.739
-249.366
-222.6
-242.612
-218.414
-235.859
-227.509
-236.096
-242.493
-249.116
-238.318
-229.328
-236.297
-227.025
-246.196
-256.934
-256.696
-235.377
-224.572
-236.95
-249.243
-244.277
-225.847
-262.662
-248.647
-213.62
-246.447
-256.6
-237.185
-235.148
-227.279
-252.868
-242.579
-245.618
-269.15
-261.935
-215.65
-264.397
-256.806
-238.509
-234.97
-234.947
-253.686
-234.08
-244.329
-226.614
-242.967
-241.996
-249.958
-266.63
-237.147
-256.906
-235.253
-253.78
-250.751
-228.724
-266.869
-238.309
-236.341
-251.972
-233.078
-247.019
-249.541
-252.863
