-1057.35
-1050.72
-1094.78
-1039.52
-1031.14
-1066.91
-1096.8
-1072.63
-1080.29
-1064.17
-1048.42
-1065.91
-1080.75
-1104.45
-1006.61
-1039.91
-1089.68
-1063.43
-1113.07
-1073.66
-1112.28
-1149.17
-1105.73
-1072.05
-1034.47
-1082.57
-1055.35
-1062.16
-1076.47
-1057.84
-1081.03
-1063.78
-1052.14
-1049.04
-1086.95
-1040.83
-1009.97
-1012.63
-1036.86
-1068.18
-1040.07
-1023.71
-1064.42
-1018.54
-1064.37
-1062.98
-1107.42
-1091.73
-1029.45
-1106.81
-1076.73
-1042.97
-1124
-1053.82
-1099.56
-1073.71
-1122.73
-1104.31
-1067.38
-1135.58
-1110.06
-1085.33
-1140.52
-1066.81
-1090.7
-1121.33
-1050.29
-1089.1
-1076.53
-1003.57
-1069.97
-1122.06
-1138.3
-1085.91
-1009.58
-1036.56
-1092.04
-1055.68
-1120.3
-1041.21
-1045.26
-1074.63
-1105.61
-1043.2
-1005.94
-1028.94
-1052.42
-1036.54
-1036.12
-1060.82
-1068.23
-1046.86
-1069.29
-1063.31
-1097.39
-1064.58
-1046.49
-1057.53
-1089.01
-1000.43
-1098.59
-1096.7
-1087.16
-1027.46
-1076.71
-1051.73
-1034.44
-1063.32
-1032.16
-1057.27
-1004.6
-996.051
-1057.86
-1037.91
-1037.34
-1129.09
-1073.07
-1082.74
-1017.42
-1083.03
-998.428
-1012.8
-1096.63
-1033.38
-1026.76
-1075.43
-1056.45
-1071.81
-1082.99
-1052.66
-1071.65
-1067.77
-1068.97
-1040.37
-1037.67
-1030.36
-1085.99
-1105.1
-1035.41
-1060.62
-1050.95
-1049.67
-1057.49
-1047.55
-989.26
-1074.64
-1046.92
-1069.44
-1062.72
-1069.67
-1040.68
-1110.66
-1061.79
-1087.21
-1054.95
-1120.99
-1016.34
-1070.29
-1002.74
-1099.77
-1068.46
-1060.67
-1056.15
-1081.51
-1124.37
-1097.58
-1054.67
-1036.32
-1081.38
-1080.81
-1095.91
-1050.58
-1077.9
-1082.57
-1067.96
-1054.24
-1100.68
-1077.97
-1089.13
-1096.91
-1081.46
-1035.86
-1060.31
-1075.47
-1055.94
-1088.29
-1084.21
-1097.1
-1034.29
-1109.3
-1023.93
-1099.06
-1077.72
-1084.03
-1043.59
-1127.77
-1029.77
-1084.43
-1024.38
-1042.78
-1062.96
-1063.55
-1071.25
-1036.78
-1065.79
-1088.96
-1060.34
-1067.53
-1045.09
-1086.87
-1012.24
-1032.26
-1003.07
-1075.81
-1050.82
-1086.74
-1123.5
-1038.74
-1081.92
-1043.76
-1086.72
-1086.1
-1022.14
-1084
-1069.8
-1093.36
-1049.44
-1047.62
-1042.43
-1076.26
-1089.65
-1102.15
-1034.96
-1112.26
-1125.45
-1050.59
-1035.75
-1048.32
-1015.89
-1026.31
-1056.21
-1029.94
-1101.09
-1054.45
-1030.74
-1074.06
-1067.68
-1062.52
-1030.43
-1094.17
-1101.92
-1068.82
-1067.16
-1046.22
-1018.18
-1086.92
-1080.59
-1070.85
-1075.15
-1047.55
-1071.93
-1040.8
-1030.06
-1016.36
-1039.09
-1060.04
-1053.28
-1040.75
-1029.97
-1008.4
-1026.66
-1022.6
-1022.8
-1055.04
-1075.72
-1100.38
-1112.59
-1070.04
-1069.43
-1111.5
-1045.06
-1101.03
-1052.37
-1120.31
-1023.57
-1058.35
-1035.2
-1033.27
-1030.2
-1116.55
-1068.31
-1002.88
-1056.44
-1060.82
-1083.78
-984.532
-1078.14
-1074.65
-1020.53
-1057.04
-1057.52
-993.145
-1092.31
-1066.19
-1091.5
-1044.6
-1081.35
-1064.8
-1077.31
-1064.93
-1020.47
-1064.48
-1099.37
-1092.88
-1076.63
-1039.16
-1055.39
-1037.31
-1032.62
-1070.29
-1096.71
-1037.35
-1036.05
-1103.22
-1081.99
-1002.38
-1063.78
-1027.2
-1072.23
-1105.71
-1086.02
-1017.59
-1086.59
-1007.73
-1094.69
-1071.07
-1091.8
-1022.26
-1073.88
-1054.61
-1073.32
-1062.91
-1113.26
-1054.03
-1088.67
-1047.81
-1047.91
-1066.75
-1061.05
-1048.98
-1108.99
-1067.27
-1112.44
-1097.94
-1116.55
-1122.45
-1066.21
-1077.04
-997.451
-1073.58
-1060.95
-1099.15
-1016.42
-1018.91
-1098.44
-1061.78
-1067.23
-1034.26
-1025.89
-1120.52
-1118.84
-1076.65
-1065.44
-1053.1
-1075.73
-1001.92
-1018.93
-1058.8
-1045.14
-1061.8
-1043.55
-1086.54
-1094.72
-1034.71
-1035.34
-1055.1
-1049.36
-1084.83
-1051.4
-1063.02
-1089.49
-1081.16
-1081.29
-1048.83
-1069.23
-1048.55
-1066.73
-1082.48
-1123.08
-1117.16
-1050.63
-1036.67
-1038.13
-1053.78
-1016.97
-1045.05
-1043.99
-1156.61
-1016.13
-1134.61
-1041.56
-1041.46
-1100.83
-1083.04
-1063.65
-1118.25
-1111.98
-1055.96
-1056.85
-1029.17
-1035.63
-1044.9
-1065.97
-1023.18
-1032.18
-1006.81
-1093.21
-1117.09
-1045.36
-1105.24
-1064.85
-1062.48
-1077.88
-1162.31
-1062.47
-1093.22
-1050.31
-1096.02
-1056.29
-1048.21
-1071.71
-1068.38
-1047.84
-1050.16
-1088.08
-1108.24
-1023.31
-1012.68
-1075.22
-1031.54
-1033.28
-1051.49
-1115.03
-1070.38
-1096.39
-1085.34
-1049.4
-1071.03
-1040.41
-1079.54
-1043.67
-1015.49
-1098.88
-1017.69
-1023.49
-1072.06
-1054.99
-1002.97
-1089.18
-1052.12
-1093.96
-1016.16
-1068.21
-1066.04
-1110.91
-1078.39
-1079.98
-1015.99
-1031.81
-1013.55
-1056.56
-1061.56
-1055.73
-1042.65
-1022.65
-1054.06
-1044.79
-1055.7
-1084.98
-1132.41
-1050.7
-1023.31
-1080.45
-1064.91
-1118.57
-973.643
-1079.16
-1042.35
-1047.01
-1071.64
-1051.42
-1073.19
-1145.23
-1085.64
-1080.32
-1041.73
-1060.84
-988.45
-1100.05
-1099.05
-1061.37
-1126.35
-1049.33
-1026.9
-1058.19
-1044.84
-1115.39
-1058.12
-1038.09
-1120.14
-1057.43
-1043.88
-1048.41
-1093.08
-1019.36
-1038.9
-1097.3
-1047.98
-1051.94
-985.533
-1059.65
-1105.77
-1021.41
-1096.55
-1114.77
-1077.68
-1078.75
-1092.08
-1053.81
-1138.6
-1104.84
-1082.52
-1041.24
-1028.46
-1103.63
-1025.2
-1094.23
-1033.76
-1059.23
-1010.45
-1114.13
-1074
-1049.19
-1111.34
-1110.87
-1119.41
-1057.6
-1068.09
-1053.42
-1073.59
-1111.14
-1069.82
-1062.48
-1040.24
-1092.26
-1041.77
-1020.91
-1067.82
-1056.17
-1041.23
-1072.18
-1084.09
-1004.53
-1095.67
-1057.4
-1072.52
-1045.35
-1084.07
-1112.7
-1041.21
-1078.2
-1072.96
-1083.08
-1067.1
-1106.14
-1060.07
-1017.36
-976.095
-1051.84
-1094.7
-1084.7
-1075.07
-1047.45
-1066.16
-1072.68
-1060.64
-1057.06
-1058.03
-1057.49
-1093.76
-1064.47
-970.853
-1059.68
-1057.32
-1069.54
-1088.44
-1066.99
-1043.85
-1058.91
-1075.3
-1056.34
-1033.89
-1069.97
-1056.31
-1072.99
-1043.85
-1068.09
-991.63
-1092.95
-1071.88
-1058.85
-1015.34
-1054.87
-1070.59
-1034.68
-985.836
-1050.83
-1031.82
-1043.6
-1090.26
-1079.34
-1121.71
-1099.61
-1062.46
-1004.11
-1046.21
-1072.87
-1049.39
-1053.93
-1061.11
-1024.81
-1005.83
-1012.55
-1103.4
-1059.99
-1066.7
-1116.04
-1052.26
-1082.92
-1085.09
-1067.08
-1073.57
-1052.51
-1035.32
-1056.81
-1035.38
-1042.81
-1039.48
-1025.26
-1087.82
-1053.06
-1079.94
-1093.07
-1076.41
-1122.66
-1071.74
-1086.3
-1051.99
-1070.23
-1094.51
-1057.4
-1024.34
-1088.6
-992.517
-1052.88
-1030.72
-1060.49
-1039.12
-1027.49
-1043.8
-1012.91
-1042.53
-1086.87
-1114.69
-1033.85
-1046.18
-1019.14
-993.888
-1071.88
-1049.7
-1059.66
-1114.94
-1076.22
-1023.51
-1107.24
-1057.13
-1088.21
-1078.48
-1099.94
-1069.27
-1080.99
-1099.94
-1120.82
-1086.71
-1095.22
-1050.63
-1047.61
-1095.5
-1059.02
-1066.43
-1085.02
-1032.2
-999.259
-1026.73
-1016.61
-1080.29
-1061.62
-1146.56
-1028.97
-1048.78
-1024.46
-1107.9
-1066.49
-1050.27
-1085.91
-981.069
-1062.43
-1095.9
-1096.53
-1083.61
-1039.18
-1107.08
-1011.09
-1065.12
-1076.08
-987.405
-1031.87
-1009.68
-982.781
-1064.43
-1027.81
-1040.29
-1066.56
-1013.31
-1073.83
-1028.85
-1052.71
-1057.68
-1087.64
-988.407
-1058.11
-1100.18
-1119.07
-1130.27
-1022.96
-1036.92
-1015.21
-1028.57
-1100.27
-1065.27
-1072.81
-1055.78
-1061.88
-1041.51
-1081.61
-1074.59
-1057.34
-1095.01
-1097.46
-1074.28
-1050.75
-1085.81
-1093.48
-1067.01
-1059.99
-1126.49
-1042.66
-1080.25
-1042.66
-1015.94
-1023.28
-1059.27
-1081.38
-1111.73
-1101.37
-1104.88
-1054.18
-1094.41
-1028.57
-1086.57
-1077.14
-1076.16
-1024.63
-1112.79
-1061.68
-1046.48
-1027.74
-1041.78
-1063.06
-1042.43
-1103.24
-1090.94
-1052.79
-1042.58
-1056.86
-1107.87
-1086.27
-989.169
-1068.34
-1042.81
-996.081
-1120.17
-1079.18
-1064.52
-1047.92
-1069.76
-1121.72
-1060.14
-1023.09
-1076.75
-1040.14
-1049.09
-1022.48
-1112.63
-1051.02
-1057.74
-1032.43
-1046.49
-1081.93
-1083.6
-1096
-1088.21
-1019.77
-1050.3
-1040.32
-1049.14
-1026.79
-1147.65
-1086.24
-1026.89
-1019.54
-1077.85
-1025.99
-1061.21
-1088.63
-1068.81
-1108.11
-1012.56
-1061.53
-1065.91
-1067.92
-1056.15
-971.629
-1029.29
-1050.33
-1099.76
-1024.93
-1049.83
-1077.7
-1045.6
-1064.54
-1069.2
-1128.82
-1106.77
-1093.42
-1063.84
-1078.37
-1067.85
-1052.18
-1057.83
-1085.95
-1086.11
-1075.11
-1053.36
-1057.21
-1013.65
-1065.59
-1040.48
-1029.98
-1051.07
-1053.04
-1062.22
-999.522
-1069.89
-1026.76
-1034.36
-1061.87
-1074.21
-1071.45
-1041.21
-1064.42
-1105.72
-1066.26
-1029.84
-1071.63
-1025.21
-1089.97
-1094.99
-1091.96
-1056.76
-1029.77
-1076.46
-1048.91
-1062.18
-1051.86
-1067.39
-1056.98
-1077.1
-1065.19
-1082.84
-1067.8
-1059.28
-1184.36
-1041.76
-1122.4
-1034.79
-1068.99
-1079.97
-1051.45
-1020.35
-1088.28
-1073.5
-1081.49
-1106.34
-1058.09
-1048.96
-1029.52
-1049.86
-1116.04
-1040.65
-1067.92
-1054.12
-1082.98
-1048.49
-1093.76
-1049.27
-1052.36
-1091.65
-1066.72
-1002.87
-1085.04
-1081.85
-1072.41
-998.498
-1083.84
-1096.3
-1121.8
-1034.27
-1086.38
-1042.38
-1014.61
-1023.61
-1017.56
-1037.96
-1033.26
-1042.89
-1049.01
-1065.23
-1055.86
-1115.19
-1094.9
-1048.46
-1097.72
-1046.85
-1050.02
-1031.64
-1049.53
-1112.21
-1046.47
-1022.9
-1055.74
-1043.81
-1063.49
-1046.37
-1082.08
-1068.57
-1031.12
-1057.88
-1074.74
-1022
-1103.35
-1098.5
-1131.37
-1056.81
-1102.78
-1022.88
-1061.39
-1063.9
-1004.63
-1022.39
-1032.71
-1054.75
-1117.44
-1057.13
-1100.26
-1029.57
-1046.54
-1070.71
-1039.36
-1055.05
-1077.27
-1027.3
-1108.56
-1066.93
-1061.8
-1065.91
-1057.43
-994.341
-1117.84
-1095.96
-1062.9
-1061.94
-1048.48
-1081.36
-1032.5
-1018.63
-1005.02
-1034.93
-1089.39
-1032.63
-1106.46
-1017.52
-1086.1
-1035.75
-1078.43
-1105.72
-1089.96
-1074.11
-1029.98
-1074.07
-1050.14
-1124.17
-1065.99
-1088.19
-1063.09
-1052.52
-1070.96
-1083.24
-1092.46
-1053.02
-1069.72
-1034.05
-1077.32
-1081.15
-1097.78
-1053.51
-1095.12
-1075.79
-1043.18
-1103.81
-1070.56
-1024.44
-1080.49
-1017.15
-1041.68
-1066.49
-1057.22
-1099.67
-1050
-1088.28
-1100.92
-1032.43
-1030.2
-1021.96
-1008.35
-1091.96
-1061.78
-1050.68
-1100.46
-1072.04
-1071.58
-1031.1
-1077.77
-1030.14
-1044.43
-1005.99
-1050.29
-1012.68
-1057.74
-1040.11
-1013.6
-1083.06
-1093.04
-1103.12
-1008.87
-1050
-1048.38
-1055.61
-1095.71
-1038.33
-1048.62
-1067.33
-1038.51
-1062.91
-1038.92
-1086.96
-1049.3
-1039.69
-1046.86
-1048.49
-1074.55
-1069.29
-1086.47
-1078.2
-1091.36
-1080.22
-1121.07
-1065.21
-1067.47
-1011.9
-1042.19
-1067.65
-1056.05
-1112.09
-1122.24
-1093.56
-1148.29
-1080.62
-1109.08
-1115.52
-1053.65
-1063.79
-1043.28
-1033.47
-1072.47
-1080.1
-994.845
-1046.69
-1091.41
-1062.34
-1078.33
-1108.8
-1132.74
-1059.56
-1053.65
-1063.12
-1075.22
-1052.45
-1049.17
-1071.84
-1112.93
-1061.05
-1046.44
-1068.43
-1065.76
-1163.53
-1062.25
-1040.8
-1107.74
-1079.55
-1078.27
-1062.68
-1139.67
-1103.06
-1049.62
-1091.14
-1011.61
-1051.22
-1041.78
-1031.24
-986.412
-1015.95
-1037.17
-1057.21
-1072.4
-1058.66
-1039.42
-993.248
-1092.78
-1150.77
-1078.98
-1073.14
-1025.59
-1115.18
-1033.64
-1098.53
-1070.99
-1076.1
-1043.53
-1076.51
-1060.04
-1111.71
-1060.78
-1066.29
-1075.61
-1032.09
-1031.98
-1025.7
-1037.08
-1045.19
-1093.95
-1043.29
-1087.11
-1103.97
-1051.07
-1081.13
-1043.36
-1030.24
-1074.1
-1106.46
-1036.95
-1069.75
-1038.72
-1062
-1029.9
-1041.03
-1065.24
-1019.56
-1069.85
-1098.15
-1059.12
-1036.37
-1031.22
-1095.33
-1080.28
-1058.95
-1068.61
-1082.76
-1033.75
-1037.35
-1012.74
-1118.92
-1088.56
-1081.64
-1078.95
-1035.63
-1073.02
-1071.57
-1070.37
-1086.31
-1067.7
-1051.37
-1124.13
-1076.98
-1069.21
-988.749
-1015.09
-1125.93
-1140.79
-1098.07
-997.681
-1064.62
-1104.43
-1054.13
-1046.65
-1064.73
-1066.91
-1084.75
-1093.72
-1056.16
-1044.51
-1026.13
-1011.4
-1088.27
-1006.27
-1091.78
-981.496
-1045.82
-1092.87
-1035.25
-1089.34
-1065.59
-1080.57
-1069.01
-1112.54
-1080.2
-1064.97
-1083.86
-1088.36
-1095.06
-1037.58
-1072.04
-1085.52
-1046.41
-1100.01
-1052.75
-1106.73
-1056.74
-1089.39
-1096.62
-1059.19
-1090.2
-1116.66
-1038.67
-1065.54
-1087.57
-1094.61
-1040.81
-1070.49
-1079.94
-1049.63
-1070.02
-1061.91
-1034.33
-1092.14
-1085.35
-1063.05
-1091.17
-1013.42
-1086.16
-1047.26
-1060.03
-1116.25
-1033.78
-1118.36
-1102.26
-1031.78
-1041.55
-1026.36
-1055
-1042.79
-1049.31
-1051.15
-1078.32
-1091.55
-1124.5
-1067.5
-1067.36
-984.996
-1082.66
-1068.37
-984.374
-1068.76
-1093.82
-1055.35
-1090.04
-1067.33
-1089.11
-1061.67
-1086.18
-1098.08
-1076.31
-998.717
-1045.44
-1061.68
-1088.37
-1068.34
-1074.44
-1041.55
-1034.34
-1073.09
-1038.86
-1079.75
-1002.55
-1126.84
-1105.47
-1079.12
-1079.21
-1085.24
-1048.97
-1065.35
-1056.12
-1033.87
-1078.67
-1090.36
-1056.1
-1044.33
-1077.68
-1051.58
-993.043
-1048.54
-1033.83
-1103.25
-1096.13
-1062.08
-1020.21
-1007.88
-1049.47
-1086.78
-1061.27
-1041.07
-1035.86
-1042.35
-1050.97
-1033.44
-1056.38
-1105.12
-1128.75
-1128.05
-1027.31
-1025.61
-1085.73
-1072.32
-1107.76
-1077.27
-1057.26
-1157.71
-1121.39
-1079.46
-1050.49
-1090.71
-1061.2
-1074.14
-1071.31
-988.849
-1084.15
-1025.97
-1011.09
-990.296
-1043.89
-1064.76
-1056.52
-1007.19
-1006.79
-1124.35
-1059.34
-1023.39
-1048.29
-1081.78
-1102.38
-1067.2
-1037.59
-1058.25
-1081.36
-1049.54
-1024.14
-1078.3
-1020.43
-1049.43
-1048.92
-1042.29
-1047.6
-1050.85
-1046.11
-1057.05
-1059.57
-1149.47
-1075.83
-1044.22
-1092.39
-990.445
-1057.92
-1057.03
-1119
-1052.57
-1043.13
-1103.02
-1090.61
-1083.77
-1034.49
-1027.9
-1058.65
-1078.53
-1093.21
-1082.2
-1035.89
-1088.31
-1058.48
-1046.74
-1011.27
-1035.74
-1005.97
-1016.88
-1054.59
-1007.56
-1076.74
-1078.04
-999.254
-1044.18
-1025.12
-1042.62
-1065.03
-1042.63
-1043.26
-1095.14
-1122.26
-1098.86
-1086.3
-1094.57
-986.493
-1091.79
-1050.33
-1073.03
-1084.68
-1068.98
-1064.74
-1052.54
-1079.59
-1040.35
-1038.64
-1039.59
-1063.91
-1000.75
-1108.44
-1022.26
-1072.04
-1108.23
-1094.93
-1100.88
-1024.53
-1044.07
-1094.68
-1067.66
-1048.52
-1104.18
-1080.42
-1071.38
-1089.23
-1094.65
-1064.5
-1069.72
-1010.53
-1097.48
-1037.94
-1098.33
-1079.1
-1082.67
-1053.54
-1055.89
-1096.95
-1116.93
-1050.84
-1099.43
-1001.03
-1057.5
-1046.34
-1023.7
-1081.14
-1091.77
-1035.68
-1069.17
-1098.25
-1064.21
-1085.08
-1109.57
-1048.12
-1092.35
-1014.7
-1028.68
-1065.77
-1033.53
-1049.01
-1095.02
-997.618
-1063.67
-1054.19
-1124.78
-1104.65
-1038.8
-1079.77
-1046.99
-1001.53
-1023.68
-1046.76
-1144.67
-1053.04
-1068.09
-1018.3
-1039.15
-1081.9
-1115.58
-1037.6
-1012.75
-1025.29
-1020.49
-1061.34
-1094.58
-1052.75
-1028.7
-1041.55
-1010.15
-1019.13
-1045.87
-1117.44
-1040.11
-1051.76
-998.707
-1076.67
-1064.73
-1037.59
-1083.81
-1135.91
-1093.1
-1056.79
-1085.35
-1061.94
-1049.2
-1035.83
-1032.46
-1036.13
-1093.73
-1053.93
-1062.36
-1043.67
-1045.32
-1053.59
-1044.31
-991.372
-1078.38
-1097.56
-1070.34
-1060.94
-1010.22
-1069.88
-1054.34
-1120.99
-1090.42
-1048.18
-1057.37
-1034
-1062.15
-1060.9
-1050.09
-1060.17
-1051.38
-1074.23
-1050.86
-1111.85
-1040.91
-1053.21
-1100.09
-1055.82
-1066.53
-1037.29
-1005.36
-1046.38
-1080.86
-1124.94
-1080.77
-1029.59
-1100.27
-1043.34
-1062.21
-1133.77
-1086.8
-1038.11
-1026
-1073.79
-1074.55
-1083.07
-1070.06
-1137.49
-1052.53
-989.862
-1076.37
-1056.27
-1103.35
-1028.6
-1046.34
-1032.22
-1068.07
-1046.35
-959.757
-1061.11
-1053.16
-1019.73
-1064.25
-1083.78
-1037.77
-1113.2
-977.519
-1058.65
-1077.32
-1060.83
-1030.87
-1089.23
-1071.41
-1065.56
-1133.25
-1055.73
-1054.01
-1025.79
-1126.01
-1084.49
-1049.07
-1064.13
-1053.87
-1088.39
-1090.17
-1075.84
-1072.46
-1104.19
-1055.02
-1012.59
-1080.52
-1067.43
-1164.51
-1054.33
-1092.31
-1052.35
-1068.96
-1061.71
-1123.56
-1091.03
-976.811
-1104.16
-1079.46
-1037.14
-1068.11
-1051.75
-1111.86
-1062.89
-1117.66
-1061.3
-1057.91
-1066.41
-1086.4
-1006.98
-1070.18
-1036.61
-1047.5
-1049.03
-1107.11
-1054.17
-1048.45
-1056.2
-1065.42
-1038.36
-1012.5
-1049.65
-1022.51
-1060.84
-1068.14
-1005.84
-1025.39
-1071.57
-1017.46
-1079.63
-1086.47
-1084.36
-1000.88
-1118.15
-999.222
-1058.92
-1044.41
-1057.46
-1060.3
-1091.78
-1111.34
-1088.85
-1081.74
-1004.62
-1095.23
-1053
-1085.3
-1065.07
-1041.12
-1056.26
-1052.93
-1017.09
-1038.37
-1043.83
-1053.83
-1066.38
-1110.18
-1031.73
-1037.88
-1032.97
-1089.91
-1058.69
-1069.35
-1074.96
-1064.41
-1032.05
-1070.76
-1082.34
-1104.76
-1028.73
-998.399
-1074.3
-1075.11
-1057.77
-1093.82
-1049.07
-1072.33
-1038.85
-1047.39
-1060.09
-1095.6
-1052.7
-1101.5
-1035.77
-996.435
-1073.55
-1065.54
-1081.03
-1096.6
-1060.02
-1065.36
-1077.43
-1103.51
-1019.35
-1020.48
-1059.91
-1053.83
-1067.55
-1062.14
-1054.47
-1050.56
-1062.56
-1067.85
-1012.99
-1003.08
-1001.01
-1049.68
-1087.64
-1067.76
-1037.79
-1080.48
-1094.03
-1019.99
-1086.31
-1025.36
-1042.48
-1030.59
-1056.03
-1046.2
-1078.36
-1132.59
-1114.05
-1058.59
-1056.43
-1047.69
-1037.39
-1029.36
-1075.55
-1034.63
-1035.43
-1084.35
-1001.8
-1001.78
-1057.61
-956.853
-1090.18
-1053.7
-1121.53
-1046.04
-1053.53
-1082.44
-1091.4
-1094.15
-1086.8
-1062.41
-1056.58
-1055.09
-1056
-1049.1
-1144.71
-1093.47
-1063.25
-1056.22
-1086.47
-1050.29
-1079.46
-1034.71
-1096.36
-1085.41
-1069.49
-1098.01
-1078.45
-1097.52
-1082.11
-1110.12
-1047.33
-1047.15
-976.614
-1029.63
-1046.34
-1069.75
-1074.48
-1086.19
-1073.51
-1089.05
-1049.4
-1083.77
-1011.67
-1066.56
-1073.16
-1072.02
-1082.45
-1046.13
-1071
-1033.14
-1083.35
-1035.5
-1037.03
-1078.17
-1066.59
-1066.23
-1095.05
-1095.22
-1073.66
-1098.42
-1039.06
-1094.62
-1081.3
-1089.26
-1058.09
-1077.55
-1054.82
-1075.61
-1099.4
-1045.44
-1064.71
-1074.93
-1046.89
-1064.55
-1070.66
-1046.31
-1073.79
-1046.03
-1089.33
-1032.06
-1082.12
-1163.8
-1112.71
-1094.07
-1041.53
-1032.87
-1023.96
-1063.86
-1060.54
-1059.88
-1105.72
-1024.58
-1005.59
-1092.27
-1046.08
-1062.53
-1029.66
-1018.16
-1068.41
-1081.58
-1083.06
-1112.66
-1035.42
-1086.05
-1073.71
-1053.86
-1066.64
-1097.69
-1049.63
-1017.99
-1069.46
-1035.53
-1075.27
-1049.6
-1087.83
-1065.62
-1092.17
-1071.63
-1077.33
-1075.01
-1063.72
-1004.48
-1025.1
-1044.01
-1104.87
-1052.05
-1050.26
-1101.69
-1092.33
-1049.83
-1079.85
-1059.66
-1052.08
-1102.85
-1085.01
-1057.95
-1022.69
-1064.29
-1002.22
-1048.57
-1101.61
-1107.88
-1093.14
-1079.76
-1072.59
-1108.39
-1109.58
-1077.12
-1030.34
-1051.52
-1049.26
-1066.76
-1022.79
-1025.31
-1013.11
-1042.98
-1073.75
-1031.74
-1133.99
-1096.32
-1059.33
-1031.36
-1060.22
-1053.08
-1056.68
-1042.7
-1055.54
-1035.36
-1079.88
-1074.92
-1088.38
-1086.89
-1070.81
-1060.11
-1006.55
-1042.99
-1019.8
-1083.22
-1100.82
-1097.06
-1023.79
-1023.95
-1050.63
-1053.15
-1066.19
-1028.38
-1009.45
-1077.07
-1081.83
-1058.34
-1078.79
-1057.57
-1117.82
-1028.2
-1090.23
-1007.22
-1092.98
-1114.06
-1087.73
-1047.56
-1079.21
-1083.88
-1031.77
-1097.86
-1055.17
-1049.29
-1080.87
-1100.63
-1077.51
-1089.55
-1024.76
-1100.42
-1072.07
-1074.07
-1079.02
-1028.87
-1010.76
-1067.82
-1078.35
-1088.25
-1045.26
-1023.58
-1091.21
-1086.15
-1104.31
-1058.64
-1048.06
-1084.19
-1080.36
-1071.2
-1092.27
-1104.43
-1056.9
-1001.25
-1065.03
-1082.13
-1077.04
-1038.7
-1054.35
-1071.36
-1065.94
-1044.97
-1035.12
-1124.11
-1064.67
-1041.98
-1061.5
-1032.76
-1065.41
-1060.11
-1061.13
-1043.63
-1008.28
-1067.3
-1020.84
-1014.65
-1023.88
-1057.82
-1049.8
-1079.28
-1139.3
-1044.76
-1056.38
-1087.82
-1078.14
-1108.61
-1090.18
-1090.06
-1040.64
-1049.87
-1059.54
-1065.62
-1005.56
-1048.07
-1103.11
-1079.3
-1080.95
-1049.39
-1028.53
-1052.96
-1053.02
-1036.13
-1074.59
-1058.2
-1098.27
-1062.62
-1009.36
-1055.06
-1079.78
-1072.59
-1055.51
-1049.15
-1091.31
-1145.15
-1027.7
-1089.77
-1069.84
-1057.75
-1069.73
-1081.17
-1072.69
-1061.61
-1073.34
-1095.76
-1029.57
-1094.17
-1054.89
-1026.53
-1049.63
-1072
-1049.68
-1083.6
-1070.22
-1085.88
-1093.69
-1028.74
-1089.67
-1107.89
-1090.84
-1039.41
-999.201
-1085.33
-1022.93
-1033.05
-1073.18
-1056.78
-1031.99
-1085.48
-1057.91
-1076.34
-1064.63
-1063.21
-1089.32
-1072.48
-1081.49
-1068.42
-1025.63
-1013.46
-1080.5
-1107.39
-1078.39
-1070.28
-1055.05
-1095.35
-1053.24
-1046.26
-1050.61
-1058.47
-1112.42
-1046.48
-1095.19
-1046.85
-1057.41
-1034.41
-1123.31
-1036.96
-1076.22
-1038.47
-1015.94
-1050.18
-1102.2
-1001.99
-1029.54
-1052.72
-1068.94
-1073.03
-1065.07
-1086.41
-1063.87
-1081.9
-1045.32
-996.193
-1040.8
-1145.88
-1047.23
-1080.54
-1003.62
-1087.66
-1072.88
-1071.66
-1059.9
-1079.34
-1057.28
-1062.18
-1104.54
-1107.71
-1036.81
-1094.53
-1073.58
-1105.9
-1024.91
-1029.12
-1092.61
-1067.34
-999.504
-1030.77
-1083.77
-1085.77
-1031.44
-1002.69
-1052.6
-1067.4
-1076.12
-1052.27
-1107.41
-1067.53
-1029.49
-1063.74
-989.547
-1041.68
-1075.26
-1051.77
-1066.92
-1011.62
-1069.28
-999.556
-1041.37
-1015.37
-1079.13
-1058.27
-1071.81
-1051.51
-1072.4
-1027.74
-1117.25
-1012.51
-1076.27
-1046.34
-1075.19
-1097.11
-1065.84
-1075.86
-1015.06
-1034.6
-1042.47
-1032.19
-1037.03
-1083.03
-1083.65
-1056.88
-1041.96
-1063.9
-1123.11
-1048.29
-1033.54
-1009.61
-1023.25
-1058.14
-1043.55
-1016.33
-983.165
-1013.51
-1015.38
-1053.82
-1033.86
-1077.13
-1062.12
-1060.3
-1099.36
-1059.69
-1064.35
-999.941
-1096.81
-1142.19
-1037.2
-1082.81
-1094.74
-1116.16
-1057.84
-1069.91
-1047.45
-1085.21
-1105.48
-1020.67
-1073.61
-1033.34
-1079.62
-1079.02
-1072.72
-1034.35
-1094.63
-1074.57
-1076.95
-1034.44
-1044.76
-1036.79
-1051.56
-1085.49
-1055.34
-1003.69
-1096.44
-970.391
-1079.1
-1099.78
-1024.45
-1095.1
-1085.33
-1082.39
-1120.64
-1064.9
-1064.27
-1050.58
-1161.36
-1070.52
-1056.23
-1052.25
-1072.05
-1058.14
-1071.14
-1123.11
-1000.86
-1056.5
-1007.13
-1076.65
-1053.37
-984.659
-1018.42
-1067.51
-1076.38
-1077
-1047.43
-1040.59
-1095.99
-1095.58
-1053.48
-1055.91
-1059.79
-1041.37
-1057.83
-1070.92
-984.201
-1063.44
-1031.85
-1006.73
-1076.67
-1122.26
-1051.07
-1052.8
-1056.59
-1072.21
-1080.99
-1046.94
-1047.58
-1069.59
-1125.31
-1091.53
-1039.6
-1085.12
-1076.69
-1025.19
-1088.59
-1072.45
-1068.92
-1072.69
-1029.02
-997.745
-1023.09
-1089.89
-1058.21
-1082.38
-1044.54
-1080.99
-1074.94
-1097.07
-1087.96
-1037.86
-1077.08
-1097.64
-1087.92
-1028.56
-1102.68
-1047.07
-1021.57
-1052.01
-1035.83
-1063.34
-1070.54
-996.646
-1114.65
-1104.08
-1094.85
-1079.65
-1057.07
-1016.4
-1028.56
-1074.89
-984.4
-1090.65
-1038.1
-1068.45
-1141.63
-1047.42
-1091.91
-1059.65
-1099.19
-1058.72
-1032.09
-1046.28
-1012.74
-1093.34
-1071.28
-1102.15
-1017.78
-1098.83
-1135.95
-988.223
-1051.81
-1060.07
-1058.19
-1063.19
-1051.91
-1022.81
-1018.52
-1089.06
-1060.9
-1073.82
-1106.87
-1094.65
-1090.59
-1060.03
-1081.81
-1048.78
-1080.79
-1070.17
-1019.58
-1042.95
-1039.82
-1047.79
-1058.2
-1118.45
-1101.32
-1095.75
-1104.37
-1098.45
-1076.63
-1104.58
-1132.82
-1052.05
-1037.3
-1092.53
-1088.53
-1028.25
-1123.18
-1043.66
-1031.59
-1046.45
-1029.26
-1075.02
-1051.17
-1048.49
-1060.75
-1048.41
-1086.72
-1009.64
-1095.69
-1113.44
-1013.01
-1029.02
-1108
-1075.88
-1087.96
-1040.6
-1029.63
-1081.85
-1046.04
-1046.63
-1101.85
-1103.37
-1070.9
-1080.93
-1042.35
-1095.85
-1025.03
-1077.92
-986.379
-1065.38
-1104.84
-1020.88
-1023.67
-1097.35
-1019.74
-1008.8
-1072.8
-1032.99
-1061.32
-1041.59
-1078.91
-1007.07
-1021.75
-1053.2
-1054.24
-1099
-1041.38
-1032.5
-1075.91
-1044.4
-1076.55
-1049.74
-1106.39
-1091.86
-1039.35
-1118.65
-1080.11
-1087.63
-1065.91
-1060.17
-1114.81
-1049.73
-1050.7
-1047.6
-1114.49
-1037.68
-1065.72
-1115.72
-1089.52
-1021.03
-1108.42
-1104.67
-1066.88
-1106.22
-1047.26
-1046.3
-1094.96
-1027.38
-1013.79
-1081.99
-1022.64
-1084.92
-1053.12
-1040.71
-1072.51
-1063.85
-1085.5
-991.255
-1054.17
-1034.21
-1074
-1083.66
-1032.17
-1085
-1088.19
-1031.17
-1072.68
-1005.47
-1070.81
-1082.2
-1041.84
-1076.42
-1065.51
-1066.65
-1017.3
-1081.01
-994.839
-1102.11
-1084.8
-1019.24
-1089.97
-1045.35
-1033.96
-1096.1
-1141.74
-1034.8
-1065.48
-1063.09
-1089.8
-1077.4
-1050.5
-1040.5
-1016.75
-1073.51
-1069.7
-1040.78
-1093.86
-1088.89
-1086.77
-1084.09
-1094.96
-1107.22
-1061.19
-1031.57
-1066.85
-1064.35
-1050.02
-1037.36
-1039.48
-1139.87
-1080.89
-1087.54
-1039.84
-1021.41
-1057.58
-1058.06
-1087.82
-1068.25
-1019.61
-1065.22
-1026.97
-1075.57
-1058.54
-1069.01
-1073.58
-1002.45
-1077.93
-1022.69
-1038.84
-1078.65
-1106.25
-1054.65
-1015.95
-1043.25
-1082.55
-1036.52
-1059.02
-1047.46
-988.967
-1092.42
-1122.62
-1067.56
-1064.08
-1075.26
-1046.85
-1072.31
-1086.56
-1016.17
-1032.3
-1163.46
-1089.93
-995.74
-1132.06
-1102.57
-1085.53
-1085.2
-997.375
-1031.64
-1087.45
-1074.22
-1050.3
-1040.48
-1089.49
-994.69
-1074.6
-1057.12
-983.31
-1057.11
-1117.23
-1122.21
-1071.4
-1054.89
-1113.24
-1120.03
-1058.03
-1069.09
-1049.61
-1025.82
-1014.63
-1033.07
-1034.79
-1014.84
-1023.94
-1023.96
-1096.11
-1047.45
-1047.49
-1047.8
-1090.88
-1054.09
-1086.9
-1016.29
-1055.13
-998.327
-1061.87
-1040.99
-1030.14
-1075.42
-1094.54
-1055.41
-1131.49
-1095.97
-1077.57
-1055.43
-1033.22
-1099.16
-1118.59
-1062.66
-1068.61
-1058.02
-1073.33
-1019.62
-1035.43
-1066.42
-1028.71
-1110.12
-1023.6
-1043.8
-1099.38
-1106.95
-1043.58
-1074.87
-1018.4
-1060.48
-1132.89
-991.072
-1099.46
-1072.45
-1092.9
-981.406
-1096.29
-1014.11
-1071.86
-1000.55
-1032.59
-1046.14
-1118.08
-985.694
-1047.01
-1024.49
-1056.27
-1035.53
-1107.1
-1037.69
-1084.22
-1083.07
-1020.84
-1098.46
-1095.08
-1047.91
-1077.85
-1057.72
-1078.76
-1023.34
-1101.98
-1034.95
-1080.3
-1117.11
-1048.1
-1076.28
-1087.42
-1053.13
-1084.77
-1076.13
-1084.31
-1052.67
-1074.25
-1091.63
-1084.87
-1093.41
-1099.06
-1058.78
-1034.54
-1101.51
-1028.1
-1031.74
-1043.96
-1078.22
-1102.37
-1079.29
-1125.59
-1100.06
-1047.46
-1077.93
-1043.94
-1054.92
-1045.62
-1101.25
-1006.79
-992.637
-1015.56
-1017.46
-1034.87
-1071.28
-1082.89
-1071.76
-1081.51
-1086.65
-1032.52
-1061.79
-1011.18
-1031.42
-1119.27
-1057.61
-1078.11
-1045.91
-1068.16
-989.993
-1079.98
-1070.81
-1041.15
-1054.95
-1047.9
-1041.45
-1080.39
-1037.3
-1029.39
-1071.58
-1055.89
-1065.19
-1045.92
-1079.94
-1035.71
-1001.98
-1127.67
-1008.73
-1096.25
-1073.41
-1011.03
-1038.02
-1063.7
-1070.21
-1080.5
-1095.22
-1125.63
-1091.63
-995.116
-1129.06
-1053.01
-1074.51
-1089.25
-1113.35
-1004.56
-1065.72
-1026.91
-1052.35
-1026.01
-1019.84
-1022.27
-1050.48
-1078.32
-1009.69
-1000.11
-1094.38
-1017.06
-1056.13
-1051.53
-1056.61
-1058.67
-1085.17
-1041
-1113.9
-1017.11
-1026.08
-1055.97
-1058.21
-1081.77
-1086.38
-1018.76
-1035.52
-1028.66
-1079.98
-1061.79
-1034.53
-1064.85
-1102.89
-1090.31
-1078.37
-999.525
-1050.96
-1046.77
-1004.85
-1033.52
-1078.97
-1070.59
-1093.22
-1127.2
-1043.12
-1073.63
-1081.15
-1113.7
-1058.88
-1136.83
-1045.41
-1040.61
-1065.05
-1082.92
-1042.91
-1034.39
-1038.51
-1115.5
-1038.64
-1109.01
-987.948
-1088.32
-1056.55
-1027.76
-1087.39
-1068.04
-1052.31
-1044.17
-1090.21
-1038.86
-1070.95
-1044.23
-1063.45
-1123.56
-1089.68
-1085.69
-998.94
-1009.08
-1038.06
-1050.22
-1114.23
-1040.25
-1095.98
-1037.27
-1058.67
-1015.78
-1078.43
-1045.44
-1048.58
-1023.98
-1020.57
-1048.51
-1059.18
-1083.22
-1045.62
-1084.21
-1066
-1036.99
-1098.99
-1050.2
-1067.05
-1086.65
-1043.33
-999.981
-1024.97
-1090.74
-1067.79
-1065.9
-1083.46
-1109.56
-1069.09
-1084.3
-1037.13
-1056.32
-1000.77
-1032.98
-1038.91
-1080.75
-1096.24
-1056.27
-1089.07
-1047.65
-1044.22
-1080.24
-1047.75
-1076.04
-1100.52
-1045.26
-1075.9
-1059.28
-1067.33
-1032.36
-1105.68
-1104.56
-1041.16
-1032.52
-1061.43
-1110.46
-1040.81
-1051.51
-1027.31
-1103.2
-1106.82
-1027.58
-1066.52
-1063.69
-1067.01
-1034.81
-1033.22
-1023.42
-1040.1
-1142.9
-1014.98
-1048.94
-1076.54
-1099.09
-1107.55
-1037.38
-1051.18
-1056.48
-1057.31
-1046.16
-1063.58
-1146.09
-1094.97
-1071.59
-1093.22
-1082.67
-1058.75
-1065.58
-1030.19
-1031.66
-1015.22
-1079.77
-1088.92
-1077.59
-1046.76
-1074.37
-1056.86
-1116.74
-1056.08
-1014.22
-1085.75
-1107.57
-1033.34
-1106.27
-1040.41
-1004.56
-1051.49
-1034.28
-1103.54
-1018.61
-1012.2
-1038.1
-1054.29
-1015.77
-1049.46
-1099.31
-1051.43
-1041.04
-1040.07
-1034.14
-1092.45
-1095.62
-1060.08
-1025.52
-1076.8
-1067.46
-1064.47
-1091.47
-1042.09
-1062.84
-1086.84
-1090.83
-1031.61
-1040.64
-1096.65
-1032.6
-1034.31
-1048.3
-1063.6
-1013.72
-1139.31
-1065.85
-1082.25
-1064.83
-1035.9
-1024
-1104.57
-1062.9
-1049.93
-1035.71
-1068.87
-1052
-1050.43
-1055.56
-1055.76
-1064.93
-1060.53
-1036.59
-1021.59
-1097.44
-1008.59
-1033.83
-1056.72
-1095.14
-1025.81
-1087.62
-1021.62
-1059.2
-1072.84
-1063.99
-1020.84
-1072.17
-1017.8
-1034.58
-1051.97
-1000.54
-1100.71
-1078.21
-1085.65
-1112.16
-1066.5
-1100.08
-1096.09
-1061
-1066.96
-1025
-1109.22
-1089.95
-1080.76
-1076.72
-1090.28
-1038.25
-1060.27
-1029.95
-1105.99
-1088.02
-1074.9
-1044.29
-995.101
-1046.28
-1091.94
-1004.15
-1065.27
-1029.2
-1067.42
-1096.25
-1046.87
-1047.42
-1048.8
-1063.59
-1092.6
-1007.36
-1004.11
-1049.7
-1072.53
-1004.32
-1063.68
-1070.95
-1069.82
-1122.61
-1018.99
-1112.46
-1109.08
-1043.21
-1052.72
-1079.57
-1041.4
-1110.46
-1107.05
-1024.29
-1151.62
-1042.51
-1059.96
-1009.43
-1033.92
-1074.35
-1051.49
-1045.21
-1058.15
-1065.32
-1028.09
-1030.66
-1037.81
-1098.71
-1082.66
-1074.46
-1028.66
-1145.34
-1104.32
-1057.3
-1075.21
-1077.55
-1048.42
-1076.79
-1036.21
-1026.49
-1027.83
-1073.16
-1071.31
-1075.99
-1035.58
-1094.89
-1064.84
-1095.9
-1070.45
-1092.67
-1023.34
-1089.4
-1076.2
-1073.12
-1044.69
-1064.89
-1096.66
-1024.3
-1053.15
-1008.63
-1044.68
-1085.16
-1112.31
-1086.68
-1033.23
-1134.91
-1033.94
-982.001
-1127.54
-1041.27
-993.213
-1091.85
-1080.93
-1085.06
-1058.21
-1139.01
-1099.05
-1033.89
-1091.32
-1023.67
-1074.95
-1023.26
-1069.24
-1042.11
-1035.83
-1059.19
-1055.8
-1045.63
-1007.29
-1067.07
-1050.81
-1069.73
-1071.75
-1094.12
-1013.46
-1068.26
-1045.22
-1031.32
-1057.57
-1072.61
-1053.94
-1037.48
-1050.82
-1032.82
-1059.49
-1094.48
-1084.64
-1050.69
-1049.81
-1056.71
-1040.23
-1084.43
-1062.08
-1050.67
-1045.69
-993.873
-1010.22
-1021.12
-1128.52
-1047.76
-1025.28
-984.021
-1029.36
-1088.51
-1098.08
-1066.89
-1026.7
-1111.85
-1060.88
-1036.47
-1076.09
-1094.92
-1026.35
-1077.24
-1101.51
-1001.53
-1068.66
-1072.69
-1015.98
-1019.76
-1036.86
-1027.62
-1048.14
-1055.82
-1037.83
-1132.99
-1095.05
-1079.24
-1056.86
-1127.64
-1020.86
-1035.29
-1107.46
-1067.39
-1018.75
-1071.85
-1057.32
-1051.2
-1066.93
-1094.66
-1081.34
-1014.22
-1061.56
-1058.9
-1104.88
-1072.45
-1052.96
-1061.11
-1016.89
-1071.16
-1111.97
-1096.95
-1125.44
-1073.36
-1107.03
-1128.79
-1006.84
-1072.56
-1083.51
-1038.37
-1056.29
-1023.91
-1114.24
-1068.29
-1064.91
-1102.8
-1084.37
-1060.1
-1084.3
-1048.75
-1052.19
-1100.27
-1012.26
-1088.39
-1021.66
-979.963
-1086.46
-1063.29
-1094.77
-1048
-1028.95
-1089.13
-1088.56
-1038.88
-1068.1
-1011.14
-1058.62
-1078.75
-1073.38
-1100.69
-1090.07
-1045.2
-1055.9
-1100.62
-1066.66
-1104.09
-1009.64
-1068.34
-1077.15
-1043.83
-1112.93
-1057.49
-1053.95
-961.911
-1040.4
-1030.81
-1036.39
-1013.61
-1077.73
-1030.37
-1057.81
-1019.33
-1025.41
-1084.95
-1052.36
-1065.56
-1079.9
-1039.93
-1084.51
-1040.26
-1024.3
-1094.84
-1080.64
-1004.16
-1067.42
-1054.28
-1055.32
-1112.57
-1088.73
-1107.98
-1018.1
-977.229
-1074.14
-1135.05
-1084.9
-1061.19
-1092.09
-1010.64
-1036.36
-1085.54
-1030.62
-1049.55
-1077.49
-1146.57
-1033.46
-1029.78
-1102.46
-1073.76
-1040.73
-1087.48
-1033.46
-1060.39
-1061.25
-1076.9
-1073.07
-1069.69
-1096.25
-1048.19
-1100.56
-1090.07
-1045.85
-1034.56
-1048.88
-1144.07
-1077.3
-1061.31
-1048.37
-1090.77
-1002.88
-1008.79
-1029.58
-1029.12
-1076.99
-1098.5
-1017.39
-1040.62
-1033.9
-1102.53
-1071.2
-1032.8
-1043.03
-1017.25
-1066.18
-1063.42
-981.871
-1115.15
-1023.45
-1057.2
-1070.63
-1097.59
-1010.88
-1012.09
-1038.25
-1079.27
-1063.5
-1107.08
-1125.53
-1108.37
-1061.48
-1046.28
-1050.98
-1001.19
-1051.81
-1074.93
-1087.8
-1048.83
-1027.17
-1066.53
-1078.33
-1030.3
-1033.11
-1072.9
-1071.55
-1091.1
-1067.29
-1024.87
-1059.85
-1015.11
-1050.54
-1053.69
-1067.58
-1026.67
-1052.23
-1059.45
-1051.09
-1061.33
-1039.58
-1013.05
-1067.64
-1005.45
-1064.86
-1088.05
-1084.44
-999.514
-1056.11
-1050.14
-1073.95
-1121.97
-1086.85
-1052.6
-1123.84
-995.544
-1052.41
-1045.7
-1024.06
-1060.6
-1083.76
-1059.42
-1105.47
-1063.74
-1051.25
-1047.75
-1097.42
-1128.84
-1116.45
-1083.49
-1064.64
-1022.74
-1060.84
-1085.89
-1069.96
-1080.34
-1078.91
-1047.48
-1017.45
-1051.22
-1127.43
-1071.67
-1075.17
-1044.44
-1022.32
-1079.81
-1071.99
-1080.64
-1058.38
-1045.96
-1052.64
-1097.85
-1093.36
-1023.66
-1105.98
-1063.36
-1027.59
-1108.81
-1073.47
-1051.75
-1062.23
-1029.08
-1094.21
-1099.92
-1048.34
-1041.32
-1068.72
-1102.42
-1119.63
-1046.33
-1011.07
-1054.2
-1066.66
-1076.68
-1040.38
-1089.51
-1095.56
-1017.27
-1108.78
-1136.68
-1024.72
-1097.17
-1036.69
-1087.32
-1055.66
-1045.26
-1039.86
-1069.1
-1026.76
-1046.17
-1043.71
-1043.93
-1071.07
-1037.26
-1007.94
-1036.82
-1024.49
-1038.32
-1053.22
-1061.68
-1038.87
-1055.07
-1028.03
-1082.04
-1039.51
-1054
-1031.26
-1030.49
-1054.75
-1060.68
-1133.83
-1085.59
-1053.24
-1050.73
-1050.26
-1080.57
-1084.88
-1021.76
-1069.47
-1086.45
-1121.7
-1043.81
-1090.95
-1056.73
-1100.82
-1051.61
-1043.97
-1033.55
-1037.27
-1019.31
-1072.92
-1089.72
-1029.08
-1003.16
-1013.41
-1045.64
-1093.06
-1032.79
-1093.06
-1109.79
-1056.64
-987.536
-1083.38
-1088.06
-1086.13
-1075.83
-1116.8
-1010.63
-1073.76
-1079.06
-1098.33
-1072.4
-1049.98
-1089.53
-1006.18
-1052.99
-1051.34
-1081.32
-1102.24
-1038.73
-1121.61
-1025.82
-1068.03
-1080.64
-1061.05
-1062.51
-1013.67
-1070.05
-1037.77
-1053.35
-1167.47
-1019.06
-1011.31
-1023.36
-1032.35
-1098.02
-1061.08
-1111.94
-1137.74
-1066.54
-1079.7
-1040.49
-1061.42
-1124.16
-1009.58
-1012.03
-1075.69
-1051.86
-1009.85
-1053.81
-1051.05
-1044.57
-1083.74
-1087.19
-1050.58
-1020.99
-1088.95
-1022.23
-1069.21
-1054
-1028.88
-1093.22
-1020.88
-1089.06
-1051.32
-1042.46
-1022.08
-1028.37
-1064.49
-1067.8
-1063.81
-1096.61
-1033.82
-1085.75
-1053.56
-1127.73
-1037.87
-1070.44
-1033.79
-1019.98
-1099.26
-1066.03
-1131.42
-1037.67
-1033.5
-1037.02
-1041.14
-1065.54
-1051.43
-1082.13
-1052.7
-1025.46
-1038.83
-1055.8
-1035.28
-1047.59
-1039.38
-1060.75
-1087.24
-1036.22
-1039.07
-1015.04
-1100.65
-1056.44
-1079.29
-1069.06
-1097.74
-1055.11
-1053.98
-1043.88
-1118.42
-993.585
-1045.39
-1027.64
-1034.46
-1043.77
-1077.93
-1091.25
-994.385
-1029.69
-1070.31
-1057.94
-1073.62
-1017.11
-1000.6
-1068.88
-1037.88
-1038.22
-1037.51
-1076.58
-1088.07
-1092.36
-1088.85
-1091.57
-1086.4
-1091.99
-1078.96
-1088.58
-1100.23
-1051.29
-1095.52
-975.51
-1045.16
-1068.33
-1076.14
-1056.58
-983.316
-1030.64
-1082.62
-1098.28
-1046.59
-1107.74
-1045.49
-1105.19
-1017.48
-1077.65
-1065.64
-1048.99
-1035.69
-1069.13
-1014.58
-1066.04
-1078.48
-1073.2
-1090.99
-1083.78
-1087.25
-1019.7
-1081.69
-996.652
-1039.15
-994.138
-1064.64
-1059.16
-1013.98
-1058.5
-1024.01
-1088.93
-1043.37
-1063.45
-1059.56
-1016.95
-1124.73
-1065.46
-1110.41
-1109.68
-1050.08
-1055.3
-1132.38
-1041.73
-1099.76
-1080.97
-1099.76
-1062.16
-1026.19
-1035.42
-1025.87
-1057.81
-1058.37
-1125.16
-1109.97
-1009.64
-1119.09
-1089.24
-1002.34
-1101.45
-1079.73
-1021.24
-1068.22
-1056.44
-1113.52
-1134.92
-1027.19
-1099.8
-1094.79
-1073.5
-1065.86
-1032.65
-1081.39
-1073.65
-1046.86
-1134
-1034.63
-1146.75
-1063.09
-1074.18
-1058.97
-1084.88
-1037.6
-1031.7
-1056.63
-1026.93
-1089.76
-1076.08
-1037.54
-1098.12
-1029.34
-1072.1
-1032.59
-1046.1
-1069.85
-1100.23
-1040.24
-1018.11
-1017.6
-1104.06
-1023.52
-1057.4
-1010.27
-1086.66
-1082.94
-1014.02
-1055.26
-1075.11
-1010.86
-1030.59
-1042.38
-1057.36
-1108.12
-1066.99
-1124.57
-1031.34
-1109.64
-1079.54
-1071.35
-1079.52
-1002.71
-1141.31
-1051.67
-1097.51
-1091.61
-1005.87
-1025.06
-1050.18
-1081.53
-1073.26
-1073.09
-1097.24
-1093.08
-1117.37
-1078.24
-1037.89
-1068.12
-1038.32
-1047.01
-1057.26
-1137.65
-1105.82
-990.608
-1025.24
-1093.7
-1034.98
-1116.27
-1002.25
-1060.79
-1097.22
-1037.79
-1089.06
-1093.58
-992.789
-1052.39
-1037.96
-1081.11
-1100.48
-1041.15
-1100.54
-1063.32
-1086.8
-1084.77
-1031.38
-1048.65
-1047.41
-1036.19
-1088.08
-1062.86
-1040.04
-1094.61
-1072.63
-1055.41
-1008.8
-1054.34
-1097.33
-1080.36
-1039
-1051.43
-1075.12
-1001.36
-1046.04
-1101.37
-1051.36
-1082.34
-1096.17
-1088.22
-1077.55
-1034.02
-1039.65
-1101.73
-1141.99
-1063.43
-1101.01
-1043.34
-1089.35
-1046.88
-1085.3
-1061.03
-1015.14
-1103.26
-1068.88
-1065.63
-1093.92
-1050.24
-1028.71
-1136.73
-1087.39
-1073.14
-1085.25
-1067.53
-1008.86
-1114.01
-1054.83
-1085.03
-1056.19
-990.043
-1074.65
-1080.29
-1052.64
-1076.82
-1105.13
-1092.98
-1062.64
-1059.64
-1049.78
-1047.16
-1098.1
-1047.83
-1072.33
-1062.71
-1139.35
-1059.21
-1072.98
-1065.8
-1109.12
-1054.46
-1046.06
-1075.47
-1045.76
-1085.75
-1062.4
-1051.9
-1040.05
-1028.6
-1095.97
-1057.68
-1068.04
-1096.07
-1042.93
-1035.13
-1046.15
-1073.27
-1036.37
-1088.06
-1041.31
-1084.18
-1059.98
-1096.48
-1137.18
-1090.39
-1143.38
-1122.74
-1082.83
-1038.63
-1058.6
-1047.03
-1018.05
-1060.4
-1052.42
-1016.1
-1027.19
-1060.81
-1024.48
-1072.16
-1105.37
-1036.53
-1027.95
-1017.79
-1120.98
-1051.95
-1083.53
-1083.73
-1059.63
-1031.91
-1061.39
-1090.69
-989.193
-1102.39
-1064.66
-1092.41
-1016.05
-1064.86
-1095.63
-1041.89
-1061.15
-1124.12
-1046.53
-1028.84
-1166.91
-1032.53
-1097.96
-1147.57
-1085.25
-1075.96
-1025
-1052.1
-1047.02
-1095.17
-1079.68
-1063.68
-1030.17
-1073.5
-1075.68
-1044.15
-1041.87
-1070.15
-1051.81
-1044.41
-1052.47
-1105.56
-1102.91
-1073.27
-959.053
-1030.44
-1038.62
-1066.95
-1028.4
-1077.83
-1115.83
-1023.25
-1057.66
-1061.46
-1046.27
-1074.99
-1040.95
-1044.47
-1044.45
-1121.3
-1041.64
-1040.87
-1048.65
-1051.73
-1121.25
-1057.18
-1044.19
-1062.67
-1090.72
-1063.17
-1070.88
-1070.14
-1001.99
-1036.67
-1059.52
-1048.63
-1089.11
-1001.04
-1093.99
-1059.47
-1055.8
-1020.33
-1077.92
-1058.63
-1058.38
-1119.37
-1124.54
-1029.19
-1048.6
-1059.86
-1038.19
-1023.29
-1041.38
-1048.06
-1110.81
-1092.54
-1038.74
-1049.08
-1047.63
-1084.83
-1083.49
-1044.38
-1064.51
-969.155
-1039.15
-1056.2
-1160.87
-1030.56
-1020.06
-1080.18
-1058.39
-1037.15
-1090.27
-1105.21
-1021.08
-1055.11
-1071.61
-1021.69
-1089.47
-1066.83
-1061.19
-1095.49
-1064.51
-1115.45
-1067.31
-1099.85
-1115.71
-1134.14
-1079.4
-1093.68
-1053.45
-1039.14
-1085.06
-1066.51
-1033.92
-1082.75
-1010.35
-1006.54
-1085.56
-1078.09
-1014.41
-1048.05
-1056.2
-1013.15
-1043.28
-1039.83
-1069.55
-960.24
-1055.8
-1078.7
-1113.96
-1056.97
-1114.41
-1139.77
-1019.26
-1040.29
-1017.51
-1053.65
-1006.57
-1046.86
-1026.62
-1027.1
-1016.61
-997.752
-1089.83
-1070.66
-1057.4
-1031.84
-993.578
-1028.64
-1080.61
-1077.29
-1019.21
-1083.82
-1065.44
-1082.32
-1077.63
-1033.43
-1075.68
-1044.85
-1075.43
-1073.35
-1018.19
-1027.4
-1019.46
-1096.46
-1066.24
-1066.71
-1029.05
-1098.9
-1047.39
-1040.41
-1066.68
-1081.59
-1042.82
-1040.86
-1077.74
-997.501
-1036.15
-1078.6
-1019.04
-1140.49
-1062.68
-1053.37
-1029.32
-1098.08
-1123.65
-1105.87
-1081.7
-1065.36
-1089.82
-1107.32
-1050.2
-1085.39
-1026.34
-1088.32
-1094.17
-1024.39
-1059.75
-1042.43
-1071.73
-1042.4
-981.091
-1049.53
-1034.08
-1028.47
-1036.35
-1040.58
-1076.3
-1082.19
-1083.94
-1109.6
-1071.52
-1084.05
-1046.62
-1053.67
-1080.29
-1070.21
-1018.45
-1028.15
-1016.25
-1061.93
-1052.15
-1052.67
-1111.2
-1083.96
-1001.02
-1083.72
-1069.04
-1065.29
-1111.44
-1036.67
-1031.47
-1014.08
-1055.48
-1073.54
-1017.42
-1046.57
-1052.95
-1054.54
-1084.29
-1020.35
-992.094
-1043.33
-1084.12
-1048.95
-1025.13
-1081.15
-1121.9
-1059.57
-1034.11
-1101.78
-1100.84
-1034.21
-1119.13
-1096.22
-1043.42
-1071.72
-1066.73
-1106.76
-1008.18
-1068.44
-1030.13
-1046.36
-1089.53
-1083.72
-1070.6
-1046.78
-1073.37
-1026.6
-1083.55
-1012.74
-1103.77
-1084.86
-1019.48
-1062.22
-1073.49
-1060.76
-1085.58
-1005.7
-1027.6
-1044.83
-1065.46
-1035.54
-1083.13
-1052.02
-1022.88
-1060.9
-1096.65
-1099.5
-1066.59
-1020.88
-1106.98
-1079.89
-1138.72
-1066.98
-1032.04
-1041.57
-1039.85
-1061.87
-1035.65
-1052.74
-1090.13
-1013.95
-1067.51
-1019.93
-1058.91
-1069.95
-1043.74
-1095.91
-1095.13
-1032.03
-1101.3
-1076.11
-1055.25
-1070.81
-1034.17
-1058.68
-1110.41
-1027.85
-1044.8
-1030.03
-1079.59
-1086.42
-1117.96
-1046.17
-1061.62
-1048.69
-1075.9
-1075.51
-1017.65
-1049.32
-1135.22
-1047.21
-1068.29
-1046.64
-1014.11
-1083.22
-1102.06
-1032.97
-1066.5
-1041.84
-1034.21
-1096.62
-1050.5
-1102.09
-1105.7
-1075.61
-1042.49
-1139.53
-1106.54
-1086.68
-1057.95
-1029.45
-1079.44
-1097.25
-1075.28
-1025.48
-1109.06
-1023.83
-1093.94
-1033.22
-1071.37
-1051.75
-1075.84
-1065.51
-1042.02
-1079.25
-1019.16
-1013.7
-1049.82
-1088.89
-1031.48
-1076.41
-1069.94
-1022.95
-1118.17
-1052.38
-1057.01
-1037.89
-1018.57
-1055.84
-992.964
-1023.41
-1029.92
-1042.13
-1073.58
-1005.26
-1048.55
-1014.43
-1045.81
-1079.23
-1065.6
-1071.42
-1051.64
-1088.39
-1082.41
-1073.29
-1039.72
-1040.46
-1088.53
-1053.11
-1061.86
-1070.47
-1028.08
-1039.17
-1001.93
-1120.16
-1080.4
-1056.95
-1029.31
-1073.32
-1038.43
-1087.83
-1013
-1017.09
-1104.04
-1078.24
-1029.63
-1043.98
-1067.23
-1054.24
-1066.67
-990.193
-1088.03
-1072.03
-1008.61
-1110.69
-1054.89
-1033.06
-1058.13
-1082.13
-1040.27
-1032.52
-1114.02
-1057.43
-1090.58
-1081.93
-1039.18
-1119.69
-1013.37
-1074.21
-1054.56
-1019.28
-1045.76
-1104.87
-1037.79
-1040.53
-1029.41
-1034.05
-1010.11
-1106.72
-1102.74
-1078.26
-1126.64
-1061.37
-1082.59
-1042.79
-1066.55
-1047.87
-1036.89
-1023.8
-1071.87
-1007.71
-1071.73
-1107.75
-1116.02
-1064.85
-1070.57
-1037.74
-1045.62
-1127.56
-1166.43
-1011.66
-1039.21
-1039.54
-1036.62
-1083.62
-1021.1
-1079.73
-1048.79
-1062.96
-1091.57
-1102.14
-1015.63
-1038.01
-1064.93
-999.685
-1085.75
-1037.21
-1094.61
-1041.15
-1076.03
-1062.25
-1090.89
-1061.45
-1029.96
-993.809
-1092.45
-1100.69
-1048.21
-1031.31
-1074.3
-988.925
-1019.29
-1084.03
-1097.77
-1034.18
-1037.54
-1041.42
-1038.19
-1025.58
-1036.42
-1080
-1088.59
-1083.36
-1071.19
-1034.36
-1049.92
-1116.21
-1050.99
-1068.76
-1038.86
-1085.67
-1027.44
-1039.63
-1029.37
-1060.25
-1032.27
-1053.41
-1081.23
-1053.26
-1080.88
-1104.7
-1080.13
-1042.13
-1061.2
-1024.95
-1072.61
-1095.18
-1071.95
-1092.08
-1022.74
-1053.17
-1073.54
-1049.83
-1040.29
-1000.75
-1051.54
-1065.96
-1115.33
-1025.07
-1079.98
-1023.12
-1077.15
-1045.59
-1014.01
-1058.15
-1062.49
-1026.66
-1059.27
-1038.07
-1090.67
-1025.25
-1049.19
-1006.9
-1022.37
-1080.19
-1100.44
-1085.39
-1045.85
-1039.23
-1072.19
-1112.81
-1068.58
-1073.78
-1113.96
-1123.34
-1137.37
-1008.37
-1007.67
-1044.66
-1043.11
-1069.78
-1027.03
-1001.08
-1098.73
-1100.84
-1024.82
-1096.53
-1040.43
-1058.18
-1073.68
-1052.44
-1015.09
-1073.57
-1079.91
-1083.77
-1052.99
-1066.29
-1050.66
-1046.88
-1044.19
-1060.3
-995.316
-1059.53
-1025.61
-1096.35
-1046.25
-1064.03
-1046.33
-1052.72
-1041.83
-1115.87
-997.204
-1058.73
-1026.4
-1023.02
-1042.25
-1085.15
-1036.59
-1102.34
-1065.08
-1105.07
-1011.15
-1064.86
-1011.23
-1119.45
-1107.37
-1025.62
-1070.7
-1049.19
-1019.52
-1061.13
-1061.27
-1049.62
-1061.46
-1029.99
-1061.67
-1070.61
-1044.55
-1070.31
-1026.93
-1049.63
-1057.9
-1051.56
-1102.87
-1063.94
-1067.77
-1076.02
-1057.85
-1062.27
-1007.8
-1035.76
-1066.57
-1053.79
-1064.77
-1075.02
-990.475
-1039.52
-1078.41
-1055.03
-1050.11
-1062.29
-1047.13
-1061.88
-1022.69
-1071.96
-1031.02
-1094.79
-1002.87
-1125.41
-1086.9
-1090.49
-1087.04
-1130.19
-1091.56
-1117.84
-1033.4
-1020.79
-1056.83
-1110.07
-1034.07
-1059.28
-1091.46
-1058.17
-1024.66
-1076.92
-1044.76
-1098.14
-1064.48
-1020.02
-1023.35
-1009.85
-999.821
-1076.17
-1075.66
-1081.18
-1063.14
-1069.65
-1074.6
-1068.44
-1070.59
-1025.86
-1083.85
-1075.02
-1042.51
-1079.19
-1092.09
-1094.87
-1040.27
-1118.96
-1100.17
-1038.63
-1041.19
-1100.51
-1025.34
-1061.49
-1036.25
-1030.23
-1093.44
-981.453
-1090.15
-1047.33
-1032.43
-1079.14
-1022
-1059.92
-1060.08
-1073.08
-1060.36
-1071.74
-1051.55
-1016.29
-1038.31
-1118.2
-1074.12
-1091.9
-1066.22
-1034.24
-1047
-1136.34
-1096.84
-1046.9
-1057.9
-1013.05
-1047.54
-1059.81
-1084.16
-1060
-1080.77
-1086.91
-992.325
-1080.91
-1060.91
-1076.48
-957.552
-1106.47
-1102.07
-1005.88
-1037.47
-1069.42
-1048.41
-992.838
-1068.53
-1062.74
-1031.34
-1051.75
-1053.95
-1043.89
-1021.44
-1011.48
-1068.08
-1015.49
-1051.95
-1062.36
-1073.61
-1075.69
-1052.65
-1084.02
-1068.58
-1089.29
-990.682
-1058.35
-1074.27
-1061.1
-1099.28
-1059.94
-1035.7
-1041.03
-1055.79
-1003.52
-1048.9
-1061.91
-1039.59
-1031.32
-1062.12
-1059.99
-1041.9
-1030.53
-1117.5
-1060.56
-1041.98
-999.49
-1083.69
-1053.64
-1031.15
-1050.79
-1077.41
-1041.29
-1015.17
-1042.95
-1071.27
-1039.01
-1081.35
-1015.56
-1047.39
-1031.45
-1043.75
-1055.88
-1048.13
-1123.3
-1079.85
-1011.65
-1022.34
-1068.65
-1068.48
-1091.93
-1075.05
-1070.98
-1098.69
-1029.13
-1108.94
-1061.3
-1059
-1082.08
-1044.55
-1010
-1051.96
-1092.13
-1102.38
-1068.39
-1062.96
-1053.49
-1093.87
-1086.63
-1064.95
-1078.08
-1070.94
-1039.6
-1082.25
-1071.45
-1074.76
-1045
-1064.72
-1131.24
-1076.97
-1082.76
-1054.28
-1049.17
-1109.9
-1117.5
-1073.17
-1062.43
-1040.79
-1109.7
-1094.34
-1060.75
-1055.14
-1063.99
-1052.81
-968.902
-1076.63
-1106.77
-1010.94
-1070.96
-1070.24
-1075.69
-1085.01
-1054.24
-1107.61
-1077.61
-1038.99
-1095.68
-1050.59
-1083.91
-1051.42
-978.563
-1093.53
-1039.34
-1068.07
-1033.97
-1018.5
-1045.67
-1068.3
-1005.25
-1029.29
-1081.75
-1072.24
-1075.67
-1083.26
-1033.66
-1032.91
-1017.04
-1093.15
-1028.06
-1061.58
-1112.17
-1061.98
-1038.52
-1083.45
-1129.47
-1094.23
-1038.85
-1062.34
-1139.06
-1030.32
-1096.49
-1100.61
-1025.47
-1062.83
-1038.19
-1034.36
-1070.14
-1026.1
-1065.63
-1039.96
-1067.01
-1027.77
