1.93245587 0.05990102 3.33388497 0.99641187
-4.48553308 0.79292885 3.77288739 0.37126384
1.17978544 0.63953762 -3.10904221 0.59099163
-4.30758312 0.70094943 -2.76966433 0.50866989
-1.43141213 0.06705209 -2.25382331 0.99550402
2.00172506 0.15223561 4.67958248 0.97682432
3.36493117 0.22826984 5.02064815 0.94789288
3.59806220 0.09151213 4.63731328 0.99162553
2.09533520 0.74206489 -0.09731651 0.44933969
0.62806218 0.11715047 0.42093290 0.98627577
3.99173526 0.37909418 -6.27935048 0.85628760
-4.07352481 0.03679575 -6.03161429 0.99864607
-2.33825830 0.88598484 4.77520490 0.21503086
-6.14261965 0.20173457 -0.50488701 0.95930316
-5.17448513 0.09125051 -0.70367492 0.99167334
0.46908569 0.75725385 -1.85628606 0.42656661
-4.79709571 0.73059528 -2.89715075 0.46623054
1.76084059 0.88409853 -3.84896732 0.21836979
-5.06764444 0.85760590 -3.81436195 0.26451212
-5.79726380 0.68958167 -3.10303770 0.52447712
-4.12266183 0.37257984 -2.53875242 0.86118426
1.51433952 0.87778073 -1.05759164 0.22950099
-5.67655588 0.09588820 4.97831858 0.99080545
-6.09207235 0.97755425 -6.21742037 0.04438768
-2.55723593 0.00650381 -5.57446985 0.99995770
-4.88395014 0.32013071 0.00320456 0.89751633
5.26811381 0.37750825 0.10014803 0.85748752
-0.98586073 0.95654066 5.28357490 0.08502996
5.16438967 0.24188212 -0.59317437 0.94149304
5.25421443 0.08384211 -0.70879261 0.99297050
3.05120957 0.57381818 5.60753777 0.67073270
3.42120750 0.07832011 5.41579536 0.99386596
3.41560198 0.54647682 -3.43249560 0.70136309
-3.93793903 0.11098066 -3.07126181 0.98768329
3.56112497 0.13328849 -3.68866825 0.98223418
-0.22921714 0.76362946 2.90994998 0.41687005
-5.95252205 0.43406713 -3.67025314 0.81158573
1.10764140 0.80281299 -1.89070018 0.35549131
-4.91917169 0.79772728 -0.41144559 0.36363119
0.79037699 0.29850378 -0.01899037 0.91089550
0.56701816 0.29213521 -0.56910059 0.91465702
1.38489000 0.92621803 -0.70163003 0.14212017
2.61902379 0.03000209 -0.27115317 0.99909987
-1.96626220 0.40986524 -0.93456768 0.83201048
-1.58955006 0.54700062 5.57936645 0.70079032
4.55798272 0.64748611 5.56735949 0.58076174
3.29267992 0.71969314 5.09008773 0.48204178
4.05356670 0.69119286 3.55339864 0.52225242
2.78916092 0.82680413 3.11954934 0.31639493
3.16024910 0.11807642 4.26558305 0.98605796
1.52428198 0.42634446 2.52206748 0.81823041
1.31400336 0.18124349 3.00289128 0.96715080
-5.06016471 0.49427736 3.30946409 0.75568989
-4.96574791 0.96046921 3.85422477 0.07749889
-5.35187283 0.98373051 -3.82026354 0.03227428
-5.71677976 0.92161360 -3.68122866 0.15062837
-5.66838639 0.97385704 2.68885203 0.05160246
0.83104498 0.85030689 -0.91241767 0.27697820
-6.01838124 0.23780332 -0.50555042 0.94344958
6.05048939 0.46319166 5.19498991 0.78545349
-4.69230806 0.39249187 -0.53597502 0.84595013
-5.97543638 0.09601355 0.16801858 0.99078140
-3.59609366 0.87195844 5.20439250 0.23968847
1.86570487 0.47136743 3.38365889 0.77781274
5.39502475 0.00000000 1.23580789 0.00000000
-1.94207050 0.00000000 -2.04147692 0.00000000
-5.34104670 0.00000000 0.97827356 0.00000000
-3.83177843 0.00000000 0.21742816 0.00000000
-5.04216877 0.00000000 -5.49877481 0.00000000
4.07218806 0.00000000 1.10777509 0.00000000
-1.32057698 0.00000000 -2.03516744 0.00000000
-1.17139755 0.00000000 1.52833257 0.00000000
3.07589073 0.00000000 -1.38850344 0.00000000
-3.34190886 0.00000000 -1.88307613 0.00000000
-6.10152456 0.00000000 3.41905107 0.00000000
-5.50094427 0.00000000 5.94259085 0.00000000
-3.45399461 0.00000000 -4.53587963 0.00000000
2.80777508 0.00000000 -5.92016533 0.00000000
-2.01297304 0.00000000 0.11137522 0.00000000
1.48554185 0.00000000 1.04391534 0.00000000
0.60562976 0.00000000 -1.43179191 0.00000000
-5.60074008 0.00000000 -3.04748984 0.00000000
-1.72796640 0.00000000 -5.49802962 0.00000000
-2.08846916 0.00000000 -3.07860593 0.00000000
-4.31880234 0.00000000 -6.23527464 0.00000000
5.81617390 0.00000000 1.51496694 0.00000000
-1.41889632 0.00000000 -1.77123429 0.00000000
4.97931054 0.00000000 1.84158425 0.00000000
-4.04898356 0.00000000 1.04709859 0.00000000
4.05210768 0.00000000 1.98735903 0.00000000
-2.24412825 0.00000000 -6.00049286 0.00000000
2.17080899 0.00000000 3.44973645 0.00000000
0.24974397 0.00000000 1.38715192 0.00000000
6.05798232 0.00000000 -4.28566836 0.00000000
3.75870606 0.00000000 -4.14360665 0.00000000
-0.05779831 0.00000000 -5.74922528 0.00000000
0.64496779 0.00000000 -0.21337538 0.00000000
-2.58049895 0.00000000 -4.30730211 0.00000000
3.03473417 0.00000000 -4.39738924 0.00000000
4.39619299 0.00000000 3.86136118 0.00000000
-2.72264201 0.00000000 -0.73517598 0.00000000
0.83051206 0.00000000 5.88162292 0.00000000
5.12209532 0.00000000 -6.10330087 0.00000000
-1.64637152 0.00000000 -2.34126457 0.00000000
2.74571824 0.00000000 -1.39628452 0.00000000
-0.25304679 0.00000000 5.33033126 0.00000000
3.17879936 0.00000000 6.02225205 0.00000000
-4.62399391 0.00000000 -2.19937090 0.00000000
-0.84364525 0.00000000 5.00272517 0.00000000
2.69006294 0.00000000 -1.50579514 0.00000000
2.26924871 0.00000000 6.14064777 0.00000000
1.46695631 0.00000000 4.27404808 0.00000000
5.81582500 0.00000000 -2.74881716 0.00000000
6.21812513 0.00000000 3.87485430 0.00000000
0.48338226 0.00000000 5.55292820 0.00000000
-4.00164920 0.00000000 -5.74025991 0.00000000
4.31286699 0.00000000 -4.58004673 0.00000000
4.57303223 0.00000000 3.56187817 0.00000000
-4.78895766 0.00000000 -4.13077255 0.00000000
-5.87552371 0.00000000 2.45673785 0.00000000
-1.99048883 0.00000000 2.13970340 0.00000000
-3.61575706 0.00000000 -5.89503408 0.00000000
-3.17594807 0.00000000 -3.86729888 0.00000000
-3.78809293 0.00000000 -2.08232156 0.00000000
-4.29744044 0.00000000 -5.10464846 0.00000000
0.06926352 0.00000000 -1.65069945 0.00000000
3.49062746 0.00000000 2.41160196 0.00000000
4.09006595 0.00000000 4.71281642 0.00000000
2.06279300 0.00000000 -1.53694468 0.00000000
-3.29934353 0.00000000 -5.85491818 0.00000000
0.30415564 0.00000000 0.78277280 0.00000000
-5.08203460 0.00000000 2.24354649 0.00000000
4.31203688 0.00000000 3.62100697 0.00000000
-1.06668970 0.00000000 -5.31459652 0.00000000
-0.54034216 0.00000000 -0.42392922 0.00000000
-4.09819745 0.00000000 4.17537885 0.00000000
5.95937177 0.00000000 -3.61601572 0.00000000
-1.62837737 0.00000000 -0.87050373 0.00000000
1.58678302 0.00000000 5.33638246 0.00000000
4.11102433 0.00000000 -4.24298083 0.00000000
-0.18352625 0.00000000 3.29850516 0.00000000
-3.94888802 0.00000000 -3.64546894 0.00000000
4.71533511 0.00000000 -2.77140338 0.00000000
2.74767122 0.00000000 0.85887276 0.00000000
0.08890018 0.00000000 -6.09170179 0.00000000
-2.52543838 0.00000000 2.63446208 0.00000000
-3.26744661 0.00000000 -1.28531449 0.00000000
-1.47327171 0.00000000 -4.85622623 0.00000000
2.65398277 0.00000000 -3.25419771 0.00000000
-1.37080737 0.00000000 -0.41381437 0.00000000
5.12956363 0.00000000 3.67018225 0.00000000
-0.84395311 0.00000000 0.84723945 0.00000000
3.06142426 0.00000000 6.06505336 0.00000000
-3.67243641 0.00000000 3.91550905 0.00000000
1.95419884 0.00000000 -4.96044853 0.00000000
0.76104643 0.00000000 2.75193336 0.00000000
-5.62509310 0.00000000 6.12954086 0.00000000
3.32404927 0.00000000 2.96409327 0.00000000
5.22388717 0.00000000 -0.88366591 0.00000000
-4.62382893 0.00000000 -2.90498329 0.00000000
-2.25284517 0.00000000 5.18171399 0.00000000
0.49842916 0.00000000 2.46867859 0.00000000
-4.72321372 0.00000000 -5.62591311 0.00000000
-3.80483858 0.00000000 1.81641156 0.00000000
5.85095479 0.00000000 -5.42649899 0.00000000
-1.85389879 0.00000000 -2.32015039 0.00000000
-3.86048338 0.00000000 1.61118872 0.00000000
-5.66709341 0.00000000 6.07588140 0.00000000
-4.42576591 0.00000000 -3.92627498 0.00000000
-2.53438706 0.00000000 5.34203388 0.00000000
-1.69422028 0.00000000 -2.76214797 0.00000000
1.66678367 0.00000000 -4.27577069 0.00000000
-1.06018424 0.00000000 -6.13641722 0.00000000
5.11780227 0.00000000 1.18826936 0.00000000
-0.78323411 0.00000000 1.55547085 0.00000000
2.81373907 0.00000000 -2.64241387 0.00000000
-3.73711674 0.00000000 1.21006948 0.00000000
-1.90010329 0.00000000 -1.38394257 0.00000000
5.34110656 0.00000000 0.24677412 0.00000000
1.16789358 0.00000000 -2.20829461 0.00000000
3.35415906 0.00000000 4.85705073 0.00000000
2.84861868 0.00000000 -2.53712769 0.00000000
-3.08279870 0.00000000 -5.16923800 0.00000000
-0.24778547 0.00000000 4.23627423 0.00000000
5.21700230 0.00000000 2.23897888 0.00000000
5.83159097 0.00000000 -2.93339433 0.00000000
-5.61907399 0.00000000 2.28825508 0.00000000
-1.36239373 0.00000000 -5.42419950 0.00000000
-1.32023857 0.00000000 -5.93052007 0.00000000
2.55755778 0.00000000 -5.80642860 0.00000000
2.92664521 0.00000000 -0.26047127 0.00000000
1.74846651 0.00000000 -3.91944123 0.00000000
0.60289736 0.00000000 -4.27283273 0.00000000
-0.76767657 0.00000000 3.55203153 0.00000000
-0.27448738 0.00000000 -0.30058794 0.00000000
2.86679600 0.00000000 -4.27207492 0.00000000
-4.97370210 0.00000000 -2.19491047 0.00000000
1.99108046 0.00000000 -4.12641269 0.00000000
4.09127695 0.00000000 -1.02944495 0.00000000
-5.35018778 0.00000000 -3.65057428 0.00000000
-0.49999505 0.00000000 1.66769172 0.00000000
-2.22126430 0.00000000 -3.23405015 0.00000000
2.47317343 0.00000000 -6.27658277 0.00000000
5.50314605 0.00000000 -1.57858836 0.00000000
6.01243276 0.00000000 -4.75753965 0.00000000
-3.57926372 0.00000000 5.31056572 0.00000000
6.24367771 0.00000000 3.24646858 0.00000000
-0.96069303 0.00000000 -4.50133963 0.00000000
1.89643969 0.00000000 -2.60053834 0.00000000
6.11926167 0.00000000 -2.02063743 0.00000000
-1.58887649 0.00000000 -1.48832596 0.00000000
-4.66557953 0.00000000 1.54257321 0.00000000
0.30960536 0.00000000 5.65425180 0.00000000
-3.77140710 0.00000000 5.27792381 0.00000000
2.55018764 0.00000000 -5.09356392 0.00000000
-6.22762970 0.00000000 -4.38260810 0.00000000
-4.80114622 0.00000000 -4.51654886 0.00000000
2.45919744 0.00000000 3.01810757 0.00000000
-1.74700511 0.00000000 0.38477691 0.00000000
-6.26114538 0.00000000 -6.21376646 0.00000000
-4.50770864 0.00000000 1.19427541 0.00000000
2.67989905 0.00000000 -0.88194688 0.00000000
-0.94173281 0.00000000 -2.67284136 0.00000000
0.85220346 0.00000000 3.48793468 0.00000000
-3.59423887 0.00000000 3.62314755 0.00000000
5.56502289 0.00000000 2.52165703 0.00000000
-0.62993715 0.00000000 -2.27701727 0.00000000
3.53616892 0.00000000 2.66818652 0.00000000
3.13659856 0.00000000 2.73249055 0.00000000
-5.01756879 0.00000000 -6.08807111 0.00000000
3.91679220 0.00000000 1.68294280 0.00000000
5.98728395 0.00000000 -4.04452834 0.00000000
-4.76793030 0.00000000 3.21574582 0.00000000
-5.87171132 0.00000000 -3.12539143 0.00000000
-1.56088281 0.00000000 -0.38478301 0.00000000
-4.01844991 0.00000000 1.56130230 0.00000000
-1.68725372 0.00000000 -4.44440938 0.00000000
4.16724598 0.00000000 -5.75310591 0.00000000
1.41928220 0.00000000 -4.63312397 0.00000000
-5.43331814 0.00000000 4.07457066 0.00000000
4.63831640 0.00000000 1.08063373 0.00000000
-1.25470190 0.00000000 5.46800444 0.00000000
-5.35150701 0.00000000 -2.60261299 0.00000000
-1.35399889 0.00000000 -2.00839425 0.00000000
2.42400534 0.00000000 -5.40928238 0.00000000
-2.19302027 0.00000000 -4.59419611 0.00000000
-5.61582985 0.00000000 2.93688728 0.00000000
-5.37884012 0.00000000 -5.21686232 0.00000000
-5.65179416 0.00000000 1.72102139 0.00000000
3.85785655 0.00000000 5.95695880 0.00000000
-4.38972454 0.00000000 -3.94627851 0.00000000
-4.25491004 0.00000000 -4.51370911 0.00000000
0.15306906 0.00000000 -0.50197842 0.00000000
-1.50339126 0.00000000 -0.55483325 0.00000000
-1.55048330 0.00000000 -3.75597781 0.00000000
-4.98892108 0.00000000 0.14332489 0.00000000
