-3710.96
-3806.75
-3746.6
-3826.8
-3755.77
-3783.08
-3769.62
-3762.74
-3821.42
-3680.58
-3826.79
-3863.87
-3869.59
-3752.91
-3680.96
-3777.31
-3746.41
-3750.09
-3852.97
-3759.42
-3757.79
-3748.86
-3881.47
-3859.86
-3774.9
-3850.26
-3747.77
-3833.75
-3851.65
-3757.97
-3800.28
-3830.35
-3802.57
-3807.38
-3789.25
-3825.2
-3847.7
-3801.11
-3754.64
-3850.29
-3667.79
-3707.69
-3798.77
-3816.21
-3753.11
-3792.51
-3841.87
-3708.08
-3799.64
-3786.98
-3828.19
-3750.32
-3854.62
-3829.46
-3955.07
-3821.39
-3911.96
-3806.98
-3775.77
-3891.25
-3875.26
-3969.33
-3832.07
-3795.43
-3715.06
-3896.87
-3890.42
-3774.69
-3810.49
-3838.4
-3781.68
-3685.18
-3660.9
-3734.95
-3731.72
-3753.41
-3728.29
-3757.98
-3761.74
-3709.75
-3844.52
-3835.19
-3812.07
-3816.27
-3759.61
-3843.88
-3757.59
-3869.31
-3759.74
-3850.49
-3815.6
-3821.61
-3777.88
-3771.21
-3829.8
-3778.05
-3819.11
-3704.41
-3811.9
-3741.49
-3833.08
-3797.92
-3782.93
-3847.21
-3796.19
-3864.86
-3770.5
-3861.11
-3862.57
-3839.04
-3785.61
-3749.84
-3818.24
-3867.61
-3797.49
-3857.26
-3914.5
-3872.54
-3941.81
-3879.25
-3960.03
-3794.26
-3881.93
-3813.29
-3958.54
-3935.66
-4016.86
-3875.82
-3812.02
-3780.81
-3764.99
-3747.5
-3851.93
-3731.03
-3805.3
-3714.66
-3843.55
-3883.89
-3810.7
-3861.32
-3895.9
-3798.13
-3903.3
-3833.6
-3921.37
-3836.41
-3875.59
-3818.97
-3824.72
-3834.1
-3850.39
-3778.05
-3825.79
-3771.78
-3891.23
-3851.18
-3829.29
-3794.66
-3857.16
-3752.89
-3776.82
-3820.7
-3895.2
-3836.25
-3866.26
-3879.84
-3762.44
-3746.61
-3845.45
-3810.71
-3827.15
-3786.52
-3842.17
-3837.3
-3710.49
-3803.16
-3701.15
-3818.91
-3863.9
-3864.78
-3753.14
-3893.38
-3843.95
-3813.81
-3852.28
-3875.37
-3865.86
-3827.71
-3785.95
-3753.92
-3836.44
-3738
-3755.83
-3794.95
-3851.16
-3885.07
-3870.1
-3864.24
-3752.42
-3791.45
-3752.8
-3791.91
-3765.12
-3774.82
-3729.52
-3733.24
-3734.18
-3813.89
-3788.02
-3687.64
-3674.5
-3747.62
-3779
-3810.13
-3840.56
-3762.24
-3733.6
-3877.85
-3793.09
-3835.38
-3793.36
-3776.13
-3780.97
-3746.44
-3769.01
-3738.24
-3816.67
-3673.16
-3789.85
-3848.03
-3891.8
-3778.32
-3707.2
-3734.51
-3729.69
-3799.88
-3807.39
-3715.07
-3794.74
-3760.52
-3837.46
-3859.34
-3786.55
-3806.85
-3816.43
-3865.6
-3795.24
-3815.37
-3813.13
-3642.85
-3793.81
-3717.47
-3593.06
-3720.31
-3708.42
-3798
-3809.73
-3770.46
-3774.48
-3766.81
-3671.13
-3810.39
-3751.11
-3731.75
-3714.43
-3785.5
-3812.82
-3814.89
-3861.39
-3764.25
-3807.19
-3916.71
-3842.08
-3867.19
-3837.91
-3813.6
-3842.95
-3737.3
-3714.83
-3746.33
-3869.63
-3822.63
-3754.22
-3983.21
-3913.32
-3758.27
-3810.51
-3847.64
-3902.09
-3772.55
-3769.08
-3875.11
-3849.59
-3859.32
-3745.94
-3826.7
-3719.35
-3729.38
-3899.66
-3898.22
-3850.91
-3897.55
-3855.4
-3839.41
-3782.64
-3781.77
-3785.92
-3690.79
-3713.39
-3844.53
-3740.66
-3655.88
-3769.62
-3694.31
-3730.59
-3747.69
-3753.55
-3754.84
-3856.54
-3795.95
-3853.9
-3738.47
-3858.07
-3857.21
-3782.13
-3712.67
-3800.92
-3798.59
-3782.31
-3787.55
-3716.03
-3721.36
-3813.35
-3857.56
-3824.23
-3846.21
-3871.81
-3798.04
-3901.1
-3816.34
-3744.37
-3844.85
-3849.14
-3838.46
-3791.14
-3810.04
-3828.83
-3819.99
-3769.22
-3797.1
-3878.77
-3780.29
-3782.33
-3873.08
-3848.83
-3746.37
-3776.46
-3789.25
-3741.48
-3743.88
-3846.35
-3817.44
-3837.25
-3848.17
-3978.42
-3869.05
-3704.61
-3792.87
-3701.26
-3738.08
-3791.34
-3777.31
-3768.82
-3701.05
-3796.06
-3750.63
-3866.51
-3887.92
-3874.53
-3930.28
-3846.8
-3804.13
-3802.93
-3850.1
-3931.58
-3859.64
-3928.54
-3832.03
-3789.11
-3925.3
-3929.81
-3815.09
-3898.76
-3798.59
-3835.38
-3836.28
-3965.9
-3775.5
-3865.42
-3739.39
-3662.16
-3762.46
-3771.19
-3802.53
-3758.81
-3728.67
-3778.6
-3784.36
-3791.98
-3742.96
-3819.64
-3740.14
-3782.7
-3802.86
-3898.66
-3823.85
-3819.84
-3898.46
-3916.07
-3899.38
-3845.6
-3839.63
-3974.69
-3910.65
-3934.71
-3850.65
-3792.46
-3790.43
-3918.46
-3781.46
-3786.73
-3863.55
-3950.63
-3861.81
-3764.77
-3848.03
-3856.91
-3907.5
-3803.37
-3862.97
-3830.09
-3890.96
-3807.85
-3848.82
-3777.79
-3783.02
-3819.07
-3751.46
-3816.48
-3897.16
-3814.75
-3724.91
-3728.47
-3713.46
-3684.33
-3768.89
-3884.54
-3793.71
-3880.57
-3745.53
-3800.35
-3814.76
-3788.31
-3943.72
-3869.6
-3752.74
-3810.4
-3732
-3748.17
-3743.73
-3784.22
-3686.36
-3765.02
-3715.47
-3752.88
-3779.38
-3686.89
-3698.13
-3662.09
-3744.02
-3856.72
-3684.33
-3778.05
-3784.36
-3847.63
-3774.19
-3835.5
-3783.07
-3962.47
-3745.13
-3854.11
-3778.82
-3671.28
-3768.81
-3750.35
-3824.68
-3837.66
-3796.8
-3754.2
-3820.42
-3790.09
-3712.51
-3775.13
-3736.68
-3709.17
-3791.24
-3738.69
-3742.37
-3764.8
-3784.8
-3714.85
-3796.7
-3830.6
-3741.6
-3871.03
-3812.55
-3824.08
-3910.64
-3925.37
-3937.85
-3756.85
-3882.14
-3807.9
-3761.61
-3868.52
-3894.08
-3874.66
-3866.84
-3883.11
-3799.19
-3883.26
-3815.98
-3786.85
-3729.33
-3829.59
-3783.63
-3892.21
-3787.46
-3819.94
-3763.89
-3813.2
-3837.98
-3779.06
-3762.5
-3744.62
-3802.17
-3896.55
-3764.64
-3806.25
-3753.21
-3796.93
-3784.57
-3881.42
-3717.69
-3681.55
-3721.76
-3843.88
-3850.79
-3802.98
-3850.93
-3900.1
-3919.94
-3928.47
-3928.37
-3894.01
-3869.17
-3780.47
-3829.33
-3841.08
-3862.98
-3875.01
-3829.56
-3940.41
-3859.8
-3743.42
-3852.47
-3886.97
-3805.41
-3755.5
-3884.61
-3875.6
-3858.31
-3938.26
-3805.05
-3785.68
-3889.9
-3928.38
-3889.58
-3817.61
-3824.03
-3853.36
-3831.35
-3948.11
-3813.81
-3840.57
-3803.93
-3907.01
-3790.47
-3796.67
-3784.57
-3795.94
-3965.07
-3795.16
-3807.22
-3866.24
-3779.51
-3800.73
-3725.81
-3889.33
-3837.17
-3865.59
-3774.83
-3798.81
-3744.28
-3739.15
-3808.85
-3753.67
-3785.97
-3829.04
-3815.87
-3869.29
-3696.65
-3695.11
-3904.11
-3884.31
-3888.52
-3864.83
-3937.34
-3854.22
-3841.42
-3870.77
-3724.36
-3782.78
-3803.41
-3825.28
-3824.9
-3840.38
-3856.62
-3877.11
-3778.23
-3831.55
-3668.54
-3860.91
-3789.92
-3851.5
-3945.1
-3966.08
-3906.86
-3872.46
-3835.94
-3816.65
-3792.89
-3752.22
-3935.04
-3767.54
-3880.79
-3860.8
-3772.71
-3803.24
-3785.01
-3906.61
-3872.94
-3829.48
-3796.91
-3778.2
-3776.84
-3859.43
-3834.9
-3775.46
-3761.48
-3869.94
-3814.24
-3757.67
-3841.75
-3735.59
-3790.89
-3847.36
-3710.83
-3821.05
-3807.35
-3842.57
-3796.13
-3737.93
-3760.67
-3742.43
-3846.22
-3853.4
-3781.15
-3761.18
-3825.33
-3727.39
-3717.11
-3686.32
-3770.97
-3671.37
-3839.01
-3816.01
-3695.28
-3696.28
-3717.23
-3789.98
-3767.05
-3728.46
-3801.07
-3940.3
-3903.53
-3917.57
-3816.1
-3762.58
-3809.34
-3763.9
-3715.62
-3721.64
-3734.89
-3732.41
-3733.17
-3756.78
-3843.85
-3773.85
-3776.27
-3737.55
-3738.78
-3707.25
-3602.08
-3649.55
-3889.45
-3822.33
-3826.09
-3849.05
-3780.41
-3790.32
-3872.82
-3826.49
-3814.74
-3779.09
-3806.26
-3734.91
-3740.62
-3924.04
-3856.98
-3828.92
-3909.6
-3784.51
-3802.59
-3832.86
-3875.43
-3831.1
-3864.03
-3769.35
-3841.8
-3738.59
-3724.02
-3742.03
-3747.17
-3817.93
-3980.64
-3894.65
-3760.59
-3865.69
-3827.4
-3906.11
-3709.92
-3739.31
-3665.29
-3786.08
-3723.52
-3816.96
-3837.61
-3777.59
-3766.29
-3762.79
-3780.92
-3834.25
-3766.88
-3757.08
-3854.84
-3813.24
-3810.57
-3963.45
-3883.84
-3790.18
-3790.71
-3826.08
-3821.44
-3787.86
-3811.35
-3846.39
-3729.78
-3794.7
-3782.69
-3797.22
-3753.31
-3832.23
-3790.15
-3781.43
-3805.52
-3810.88
-3786.2
-3864.24
-3742.41
-3783.27
-3791.37
-3809.38
-3763.55
-3863.81
-3798
-3791.28
-3747.37
-3850.53
-3777.84
-3807.24
-3777.09
-3815.61
-3852.76
-3780.4
-3774.24
-3790.73
-3710.69
-3797.21
-3754.85
-3775.86
-3810.99
-3750.74
-3658.15
-3747.28
-3745.59
-3823.2
-3853.63
-3699.26
-3700.9
-3784.89
-3738.43
-3796.34
-3770.8
-3846.27
-3834.17
-3872.54
-3802.35
-3690.03
-3812.87
-3706.24
-3845.96
-3799.06
-3837.85
-3833.6
-3796.94
-3790.24
-3890.85
-3896.53
-3883.2
-3892.47
-3872.07
-3820.74
-3792.78
-3806.13
-3848.28
-3777.83
-3780.53
-3872.78
-3906.51
-3878.79
-3805.12
-3705.79
-3810.6
-3854.74
-3828.41
-3894.06
-3833.27
-3809.83
-3833.56
-3856.56
-3876.39
-3786.75
-3760.41
-3746.46
-3827.89
-3771.41
-3837.1
-3796.26
-3819.72
-3815.7
-3729.41
-3797.63
-3824.73
-3818.27
-3695.95
-3751.98
-3694.66
-3840.73
-3794.4
-3765.66
-3714.91
-3869.97
-3742.1
-3800.37
-3861.73
-3820.32
-3795.25
-3681.24
-3824.29
-3808.89
-3758.38
-3779.87
-3827.51
-3790.56
-3839.36
-3802.4
-3796.63
-3819.67
-3800.03
-3765.08
-3732.34
-3764.21
-3757.74
-3717.32
-3625.82
-3745.86
-3657.2
-3698.08
-3698.86
-3744.55
-3772.38
-3733.49
-3713.27
-3779.6
-3873.98
-3643.73
-3794.13
-3825.99
-3788.72
-3684.3
-3855.02
-3876.74
-3825.24
-3774.94
-3763.62
-3796.62
-3866.96
-3777.66
-3857.83
-3822.53
-3777.7
-3759.34
-3861.6
-3848.15
-3786.35
-3801.98
-3812.4
-3745.7
-3709.53
-3691.77
-3800.25
-3813.77
-3711.45
-3802.22
-3856.39
-3680.07
-3702.65
-3827.06
-3843.85
-3700.89
-3814.79
-3779.52
-3732.33
-3724.88
-3745.76
-3736.26
-3765.72
-3764.89
-3728.03
-3761.12
-3762.64
-3702.97
-3883.14
-3819.81
-3772.17
-3701.84
-3798.92
-3788.54
-3784.06
-3840.1
-3691.82
-3666.47
-3761.32
-3813.01
-3801.88
-3801.54
-3796.31
-3771.33
-3757.57
-3757.07
-3821.92
-3777.27
-3856.32
-3860.64
-3797.21
-3790.6
-3823.84
-3760.73
-3759.22
-3844.88
-3708.16
-3686.73
-3825.85
-3813.09
-3888.81
-3831.85
-3908.5
-3795.89
-3811.65
-3776.81
-3827.72
-3789.57
-3798.69
-3704.79
-3749.75
-3836.9
-3769.67
-3783.38
-3781.31
-3738.9
-3648.35
-3773.41
-3675.31
-3680.59
-3756.77
-3825.56
-3754.83
-3835.35
-3777.96
-3851.05
-3882.55
-3787.62
-3786.35
-3867.89
-3716.85
-3799.19
-3762.79
-3684.43
-3794.76
-3797.71
-3729.35
-3779.59
-3759.78
-3698.47
-3708.7
-3760.37
-3671.86
-3730.57
-3793.39
-3819.97
-3829.98
-3806.76
-3764.86
-3879.21
-3791.76
-3872.4
-3854.77
-3841.15
-3781.17
-3844.69
-3896.65
-3885.65
-3804.97
-3926.12
-3888.13
-3895.67
-3785.49
-3949.14
-3873.66
-3925.13
-3849.81
-3864.94
-3862.5
-3905.78
-3881.42
-3878.06
-3911.03
-3763.17
-3748.37
-3865.95
-3840.5
-3886.8
-3778.41
-3827.92
-3841.73
-3755.7
-3841
-3797.57
-3844.64
-3939.9
-3943.45
-3928.51
-3856.32
-3832.55
-3841.29
-3744.41
-3766.89
-3844.64
-3778.69
-3844.2
-3632.89
-3766.39
-3859.13
-3773.05
-3829.07
-3814.51
-3741.66
-3840.85
-3795.33
-3745.1
-3800.47
-3768.55
-3728.48
-3838.25
-3812.52
-3790.12
-4004.52
-3846.85
-3895.46
-3795.89
-3774.2
-3842.74
-3777.13
-3847.94
-3842.15
-3854.15
-3927.52
-3866.41
-3836.97
-3798.57
-3865.63
-3923.02
-3816.86
-3807.7
-3869.86
-3794.94
-3745.15
-3781.35
-3759.23
-3870.86
-3941.48
-3829.82
-3807.37
-3767
-3844.2
-3739.77
-3711.69
-3798.33
-3725.94
-3803.64
-3828.81
-3846.87
-3769.97
-3692.87
-3798.22
-3733.24
-3700.95
-3790.93
-3749.89
-3758.92
-3861.35
-3771.92
-3737.9
-3823.62
-3856.46
-3818.25
-3721.84
-3772.53
-3878.29
-3913.43
-3922.91
-3953.42
-3980.6
-3862.6
-3844.76
-3805.6
-3832.89
-3892.27
-3861.23
-3904.37
-3723.06
-3855.21
-3909.89
-3748.08
-3929.03
-3933.02
-3839.77
-3835.26
-3889.47
-3801.36
-3813.67
-3779.62
-3789.03
-3750.62
-3836.68
-3773.52
-3834.91
-3805.14
-3844.38
-3797.47
-3748.42
-3813.78
-3710.74
-3608.25
-3814.6
-3705.43
-3701.66
-3804.82
-3699.93
-3697.25
-3743.75
-3764.56
-3649.52
-3682.64
-3739.37
-3644.1
-3813.95
-3744.1
-3915.36
-3756.52
-3798.46
-3728.49
-3698.31
-3723.17
-3759.91
-3804.07
-3902.46
-3804.36
-3949.52
-3854.13
-3948.45
-3841.99
-3840.85
-3823.44
-3810.16
-3814.59
-3837.23
-3811.44
-3914.75
-3873.56
-3795.12
-3704.05
-3887.08
-3852.12
-3842.79
-3889.65
-3770.59
-3728.21
-3785.13
-3766.78
-3774.55
-3824.24
-3778.84
-3760.28
-3840.28
-3789.69
-3806.54
-3708.02
-3738.29
-3801.35
-3791.29
-3776.73
-3801.85
-3832.76
-3857.4
-3716.91
-3719.49
-3854.09
-3775.72
-3750.83
-3836.46
-3717.34
-3805
-3791.32
-3789.53
-3686.15
-3755.12
-3890.29
-3730.56
-3813.07
-3690.21
-3696.19
-3891.36
-3732.64
-3772.96
-3885.46
-3776.87
-3902.67
-3884.15
-3863.73
-3764.46
-3732.44
-3830.62
-3763.31
-3745.62
-3818.06
-3805.93
-3746.4
-3757.98
-3889.2
-3809.78
-3906.69
-3913.68
-3870.46
-3864.94
-3766.24
-3834.5
-3812.7
-3912.44
-3764.99
-3835.18
-4009.91
-3948.93
-3957.97
-3965.13
-3856.76
-3933.75
-3842.86
-3878.41
-3925.78
-3867.23
-3831.59
-3859.95
-3794.68
-3825.39
-3819.15
-3770.13
-3847.17
-3760.35
-3856.9
-3722.8
-3768.52
-3882.35
-3771.3
-3778.41
-3799.11
-3738.47
-3809.64
-3778.28
-3715.12
-3842.72
-3844.31
-3729
-3829.72
-3789.16
-3866.55
-3778.33
-3791.4
-3889.79
-3883.05
-3946.99
-3875.35
-3904.76
-3889.24
-3802.35
-3789.45
-3859.58
-3818.36
-3807.48
-3793.3
-3779.72
-3887.02
-3769.85
-3748.45
-3796.36
-3921.85
-3789.56
-3848.41
-3758.47
-3860.02
-3760.96
-3820.93
-3842.48
-3762.7
-3835.82
-3865.81
-3915.47
-3875.5
-3774.06
-3761.48
-3689.86
-3830.16
-3881.24
-3738.23
-3819.58
-3793.99
-3844.18
-3862.58
-3857.52
-3845.71
-3776.38
-3957.27
-3825.29
-3868.93
-3938.62
-3959.69
-3925.86
-3893.36
-3869.8
-3884.1
-3830.33
-3792.97
-3800.52
-3874.57
-3859.59
-3997.55
-3992.54
-3873.14
-3842.26
-3854.05
-3831.76
-3858.01
-3830.89
-3847.87
-3876.26
-3778.35
-3880.15
-3847.16
-3748.72
-3862.79
-3884.64
-3822.95
-3795.29
-3794.16
-3737.66
-3790.68
-3856.65
-3854.33
-3794.95
-3821.58
-3864.37
-3873.59
-3817.56
-3671.2
-3776.08
-3698.07
-3809.68
-3816.95
-3706.18
-3789.9
-3760.24
-3801.09
-3659.86
-3662.17
-3770.86
-3853.92
-3762.03
-3871.9
-3759.5
-3806.41
-3726.55
-3762.68
-3783.42
-3847.4
-3814.48
-3748.6
-3918.59
-3817.46
-3798.91
-3845.63
-3750
-3713.37
-3796.39
-3824.32
-3724.53
-3718.86
-3742.51
-3817.45
-3841.21
-3822.94
-3700.73
-3730.34
-3764.43
-3859.43
-3771.77
-3794.08
-3742.4
-3830.57
-3785.67
-3743.84
-3815.24
-3742.89
-3779.99
-3870.75
-3829.3
-3793.45
-3767.27
-3855.7
-3785.18
-3704.42
-3736.7
-3760.61
-3782.08
-3769.1
-3654.84
-3712.61
-3733.86
-3727.51
-3754.94
-3819.63
-3815.65
-3765.27
-3755.91
-3740.2
-3688.21
-3785.31
-3823.89
-3823.8
-3894.12
-3812.9
-3862.19
-3755.26
-3864.83
-3788.31
-3735.83
-3814.44
-3777.87
-3808.44
-3818.15
-3808.12
-3775.72
-3832.68
-3828.27
-3764.69
-3783.63
-3801.44
-3946.05
-3789.22
-3776.8
-3818.9
-3879.28
-3883.27
-3879.32
-3824.39
-3858.06
-3776.79
-3811.45
-3818.74
-3942.4
-3825.68
-3721.89
-3885.27
-3876.3
-3846.82
-3819.11
-3849.54
-3717.77
-3778.86
-3767.02
-3745.21
-3812.43
-3831.13
-3792.19
-3873.57
-3910.06
-3752.61
-3834.86
-3745.21
-3849.62
-3688.73
-3832.78
-3681.96
-3723.87
-3830.53
-3813.71
-3852.19
-3894.39
-3824.48
-3826.73
-3693.49
-3808.11
-3720.06
-3815.12
-3872.35
-3902.83
-3881.46
-3760.54
-3762.79
-3828.31
-3675.23
-3749.95
-3759.32
-3655.1
-3841.55
-3768.12
-3669.38
-3855.4
-3794.21
-3822.37
-3765.43
-3710.57
-3839.45
-3838.6
-3829.68
-3883.45
-3832.34
-3811.09
-3894.7
-3774.87
-3721.57
-3750.98
-3736.42
-3685.78
-3746.56
-3647.54
-3711.53
-3818.5
-3730.75
-3740.25
-3849.71
-3770.48
-3771.45
-3799.04
-3752.24
-3801.79
-3764.05
-3799.53
-3885.17
-3872.27
-3803.87
-3826.01
-3812.06
-3834.95
-3763.16
-3822.55
-3816.41
-3766.68
-3818.88
-3796.31
-3709.12
-3712.48
-3731.76
-3875.8
-3885.94
-3854.61
-3903.45
-3806.71
-3870.51
-3836.61
-3744.49
-3806.13
-3922.84
-3892.75
-3882.07
-3895.76
-3856.78
-3870.06
-3868.15
-3899.02
-3814.3
-3823.35
-3868.14
-3838.32
-3785.5
-3835.49
-3815.01
-3849.65
-3723.66
-3922.99
-3756.75
-3766.5
-3724.88
-3706.29
-3710.11
-3814.85
-3678.16
-3757.42
-3801.43
-3796.72
-3733.11
-3801.33
-3786.96
-3683.14
-3747.43
-3707.39
-3594.3
-3818.6
-3728.17
-3749.86
-3725.9
-3750.92
-3737.42
-3746.63
-3661.49
-3769.16
-3762.17
-3819.08
-3798.3
-3763.32
-3851.27
-3713.03
-3730.37
-3752.34
-3800.57
-3790.52
-3797.88
-3840.27
-3738.46
-3798.9
-3782.49
-3781.66
-3778.44
-3774.49
-3721.25
-3719.05
-3799.33
-3753.86
-3681.31
-3725.34
-3755.66
-3718.84
-3743.24
-3771.96
-3808.74
-3711.09
-3631.63
-3857.97
-3804.37
-3754.69
-3722.23
-3769.84
-3675.35
-3675.08
-3791.71
-3900.09
-3818.96
-3853.99
-3833.52
-3874.75
-3889.31
-3855.61
-3848.89
-3903.66
-3905.82
-3894.95
-3814.94
-3832.61
-3805.1
-3796.08
-3856.55
-3776.19
-3845.18
-3754.67
-3833.52
-3788
-3788.09
-3728.66
-3786.31
-3819.95
-3809.31
-3779.16
-3864.44
-3762.44
-3829.97
-3874.02
-3786.2
-3850.43
-3880.24
-3879.39
-3810.86
-3732.6
-3922.75
-3851.38
-3755.68
-3875.74
-3803.31
-3810.43
-3722.36
-3751.2
-3774.51
-3836.37
-3763.64
-3807.98
-3777.86
-3779.61
-3857.09
-3675.38
-3653.34
-3679.07
-3843.86
-3813.85
-3786.01
-3784.26
-3728.95
-3725.72
-3741.61
-3734.38
-3851.96
-3669.97
-3772.25
-3743.37
-3749.89
-3742.09
-3688.78
-3715.77
-3771.82
-3740.51
-3755.67
-3773.73
-3763.84
-3795.63
-3799.1
-3737.06
-3576.82
-3663.72
-3736.54
-3883.13
-3744.02
-3743.49
-3772.88
-3831.61
-3703.36
-3668.09
-3764.67
-3748.04
-3811.84
-3859.21
-3789.62
-3756.97
-3808.32
-3776.71
-3828.49
-3921.21
-3743.62
-3789.26
-3808.07
-3799.39
-3753.48
-3650.37
-3839.94
-3821.29
-3745.71
-3752.89
-3823.17
-3818.44
-3848.97
-3873.32
-3820.31
-3891.08
-3796.49
-3735.42
-3781.16
-3719.91
-3757.18
-3767.13
-3729.65
-3801.43
-3639.09
-3706.41
-3712.85
-3726.77
-3780.39
-3847.25
-3808.21
-3766.51
-3693.83
-3758.38
-3855.92
-3726.75
-3778.36
-3775.14
-3737.63
-3738.14
-3739.6
-3774.21
-3723.89
-3824.94
-3805.14
-3870.91
-3774.33
-3801.98
-3837.68
-3796.09
-3750.75
-3787.89
-3789.85
-3944.72
-3706.84
-3735.75
-3858.86
-3884.63
-3786.49
-3868.41
-3889.07
-3885.11
-3831.75
-3779.12
-3850.14
-3865.47
-3821.47
-3928.28
-3763.51
-3884.69
-3817.32
-3828.64
-3873.25
-3818.48
-3871.48
-3708.1
-3696.68
-3831.88
-3807.78
-3874.07
-3905.72
-3816.85
-3812.73
-3866.27
-3875.41
-3894.81
-3809.52
-3863.9
-3781.99
-3840.22
-3798.61
-3793.48
-3922.27
-3922
-3802.49
-3797.71
-3748.7
-3730.95
-3951.66
-3779.23
-3777.04
-3732.6
-3821.02
-3756.34
-3657
-3700.31
-3730.3
-3780.13
-3760.4
-3771.04
-3779.27
-3774.26
-3841.27
-3769.72
-3816.23
-3739.9
-3917.93
-3806.88
-3739.75
-3728.04
-3821.81
-3802.89
-3889.33
-3857.6
-3796.27
-3834.77
-3731.91
-3790.08
-3777.56
-3735.73
-3814.85
-3787.62
-3855.66
-3749.28
-3709.88
-3860.22
-3819.02
-3812.94
-3758.24
-3749.22
-3764.67
-3671.48
-3668.87
-3771.86
-3787.12
-3832.96
-3835.43
-3700.55
-3715.53
-3718.69
-3718.63
-3889.61
-3757.06
-3797.86
-3757.43
-3799.32
-3831.09
-3822.52
-3755.79
-3770.36
-3763.57
-3692.14
-3770.53
-3778.6
-3684.93
-3748.46
-3764.52
-3640.74
-3641.35
-3659.47
-3791.6
-3791.58
-3788.75
-3835.13
-3742.49
-3788.73
-3724.99
-3854.13
-3872.22
-3862.19
-3780.63
-3720.09
-3832.4
-3759.78
-3722.82
-3790.43
-3794.52
-3741.12
-3752.75
-3757.67
-3792.87
-3853.9
-3774.56
-3859.16
-3913.52
-3762.33
-3823.38
-3805.99
-3810.24
-3844.58
-3897.64
-3746.59
-3769.36
-3780
-3711.72
-3733.96
-3855.64
-3835.52
-3907.43
-3836.12
-3753.36
-3814.22
-3743.91
-3693.15
-3908.86
-3694.83
-3770.98
-3838.75
-3753.62
-3754.67
-3780.88
-3808.9
-3771.13
-3718.56
-3781.44
-3794.47
-3795.41
-3802.5
-3746.33
-3769.32
-3799.95
-3687.17
-3774.5
-3796.42
-3763.14
-3855.57
-3833.18
-3776.7
-3736.35
-3777.3
-3797.36
-3828.7
-3743.55
-3873.71
-3796.65
-3865.73
-3782.17
-3854.56
-3711.82
-3756.64
-3775.46
-3756.5
-3725.46
-3781.94
-3715.82
-3803.49
-3745.5
-3782.31
-3801.83
-3839.52
-3667.24
-3716.29
-3783.43
-3690.48
-3776.2
-3826.13
-3765.59
-3866.33
-3836.69
-3769.91
-3900.45
-3804.17
-3713.02
-3819.64
-3852.82
-3785.46
-3845.85
-3683.21
-3751.72
-3753.87
-3692.81
-3625.35
-3746.31
-3746.1
-3740.02
-3737.52
-3796.36
-3754.97
-3773.11
-3887.46
-3855.17
-3731.59
-3803.24
-3749.31
-3681.44
-3867.52
-3783.74
-3791.31
-3806.83
-3842.61
-3791.25
-3810.85
-3779.48
-3796.44
-3780.06
-3636.05
-3799.81
-3786.61
-3723.86
-3690.02
-3809.27
-3796.15
-3772.69
-3713.26
-3742.04
-3728.83
-3766.56
-3805.65
-3779.7
-3765.56
-3799.89
-3789.54
-3781.75
-3648.16
-3805.25
-3845.46
-3805.33
-3846.7
-3784.9
-3795.35
-3800.31
-3826.86
-3727.24
-3762.78
-3742.43
-3797.61
-3746.51
-3739.9
-3741.8
-3794.51
-3725.7
-3718.14
-3672.53
-3654.04
-3782.18
-3734.24
-3747.06
-3757.87
-3681.76
-3750.63
-3698.43
-3872.69
-3813.24
-3724.22
-3761.37
-3722.52
-3661.92
-3887.61
-3954.32
-3834.82
-3694.6
-3803.36
-3789.09
-3883.97
-3767.79
-3863.01
-3853.08
-3856.55
-3875.76
-3830.13
-3945.57
-3839.18
-3753.8
-3742.28
-3765.69
-3857.52
-3795.3
-3838.73
-3847.13
-3825.08
-3849.96
-3850.41
-3969.15
-3932.12
-3900.15
-3854.14
-3822.13
-3857.76
-3804.99
-3850.87
-3879.21
-3792.97
-3829.57
-3918.64
-3840.3
-3843.46
-3873.35
-3770.33
-3822.87
-3748.59
-3832.05
-3752.78
-3858.34
-3836.43
-3849.86
-3791.24
-3767.6
-3733.05
-3806.92
-3745.17
-3826.91
-3783.57
-3830.44
-3765.22
-3769.03
-3826.94
-3818.54
-3810.2
-3854.21
-3742.77
-3800.8
-3760.44
-3723.89
-3735.46
-3786.85
-3680.99
-3799.81
-3831.21
-3750.9
-3747.01
-3784.55
-3737.87
-3747.89
-3776.25
-3689.1
-3818.31
-3793.3
-3683.15
-3766.7
-3815.31
-3699.15
-3760.43
-3972.95
-3830.29
-3848.4
-3761.71
-3765.56
-3835.36
-3841.78
-3870.82
-3782.17
-3654.21
-3753.34
-3706.52
-3756.65
-3835.19
-3768.26
-3767.79
-3795.12
-3726.03
-3886.31
-3840.83
-3770.73
-3877.61
-3767.12
-3830.81
-3814.02
-3814.36
-3840.91
-3783.99
-3869.66
-3885.47
-3776.44
-3809.05
-3676.37
-3824.31
-3814.37
-3874.16
-3910.73
-3780.93
-3805.15
-3769.91
-3852.96
-3877.14
-3827.07
-3907.96
-3902.33
-3859.9
-3828.7
-3829.71
-3813.39
-3781.88
-3742.22
-3869.52
-3836.18
-3803.45
-3794.82
-3801.33
-3689.65
-3767.1
-3701.91
-3735.97
-3809.21
-3734.23
-3745.77
-3748.96
-3701.68
-3770.32
-3698.59
-3754.17
-3712.97
-3702.59
-3740.01
-3741.92
-3835.25
-3679.45
-3624.66
-3749.57
-3824.35
-3816.38
-3779.19
-3691.02
-3798.25
-3782.82
-3752.24
-3759.05
-3877.15
-3883.51
-3786.84
-3780.19
-3774.83
-3719.42
-3737.66
-3720.15
-3780.88
-3781.81
-3769.39
-3760.05
-3784.34
-3794.5
-3856.89
-3813.05
-3783.24
-3736.45
-3808.15
-3945.43
-3713.67
-3797.27
-3716.26
-3718.2
-3757.58
-3768.87
-3738.31
-3737.85
-3770.37
-3835.83
-3828.13
-3713.22
-3846.3
-3800.37
-3810.46
-3800.75
-3909.1
-3828.21
-3836.68
-3764.53
-3864.91
-3868.91
-3902.01
-3880.57
-3867.53
-3811.73
-3735.72
-3910.4
-3844.3
-3794.58
-3903.15
-3838.11
-3902.38
-3869.46
-3859.55
-3843.96
-3803.38
-3871.44
-3844.83
-3851.22
-3767.42
-3796.62
-3845.55
-3791.5
-3797.9
-3768.89
-3828.4
-3882.26
-3899.6
-3859.64
-3838.26
-3947.6
-3794.24
-3887.85
-3907.48
-3836.43
-3783.96
-3810.54
-3799.55
-3707.83
-3822.08
-3764.52
-3818.03
-3862.87
-3813.74
-3847.06
-3861.91
-3791.29
-3743.62
-3771.16
-3794.94
-3901.86
-3771.89
-3751.04
-3753.12
-3764.74
-3813.66
-3845.68
-3828.01
-3876.4
-3874.65
-3847.65
-3799.48
-3914.05
-3799.33
-3923.77
-3990.02
-3817.75
-3899.52
-3761.61
-3798.87
-3833.56
-3838.91
-3814.49
-3835.62
-3876.52
-3763.64
-3743.67
-3819.31
-3887.01
-3823.04
-3804.89
-3830.1
-3847.35
-3761.28
-3703.95
-3720.25
-3813.03
-3730
-3810.25
-3700.14
-3847.07
-3805.05
-3782.49
-3791.61
-3776.47
-3718.08
-3777.72
-3678.91
-3719.77
-3673.53
-3854.8
-3761.18
-3740.49
-3737.56
-3750.06
-3794.49
-3687.82
-3698.41
-3760.43
-3796.49
-3711.24
-3731.75
-3772.45
-3621.86
-3724.9
-3807.66
-3712.84
-3754.94
-3787.82
-3772.55
-3777.06
-3738.6
-3736.91
-3784.91
-3721.41
-3806.89
-3725.5
-3777.7
-3809.86
-3803.94
-3784.27
-3759.04
-3846.93
-3823.27
-3692.34
-3781.53
-3759.5
-3759.31
-3715.8
-3743.54
-3700.79
-3745.26
-3838.26
-3679.53
-3766.57
-3830.59
-3791.18
-3851.8
-3828.9
-3754.25
-3792.44
-3892.61
-3856.55
-3781.95
-3857.88
-3806.43
-3733.79
-3755.85
-3763.15
-3756.17
-3765.79
-3863.68
-3742.57
-3810.76
-3868.62
-3760.67
-3671.23
-3770.61
-3819.55
-3853.53
-3726.34
-3721.58
-3658.2
-3703.97
-3729.62
-3671.78
-3851
-3821.29
-3825.95
-3842.68
-3759.03
-3821.3
-3774.22
-3737.04
-3861.65
-3940.74
-3830.85
-3877.82
-3875.77
-3782.62
-3757.76
-3792.37
-3820.91
-3802.28
-3825.97
-3695.13
-3766.53
-3779.97
-3898.48
-3722.28
-3724.23
-3892.11
-3766.24
-3768.72
-3859.99
-3801.96
-3767.75
-3857.23
-3716.12
-3889.76
-3825.63
-3831.34
-3814.5
-3822.42
-3791.3
-3756.63
-3827.3
-3869.76
-3906.83
-3901.97
-3818.72
-3831.77
-3815.66
-3773.54
-3716.7
-3805.75
-3753.92
-3732.8
-3723.91
-3859.2
-3742.85
-3700.09
-3799.17
-3768.98
-3765.14
-3885.7
-3835.36
-3761.11
-3867.06
-3902.08
-3774.68
-3821.53
-3868.05
-3858.02
-3946.74
-3880.06
-3772.33
-3818.82
-3778.6
-3826.96
-3860.92
-3807.74
-3838.11
-3810.14
-3892.09
-3845.86
-3740.37
-3801.35
-3842.33
-3767.05
-3675.56
-3759.85
-3745.65
-3696.21
-3752.46
-3725.53
-3820.77
-3833.21
-3789.63
-3735.6
-3767.9
-3761.7
-3719.22
-3789.62
-3678.91
-3849.51
-3825.19
-3641.93
-3806.49
-3887.02
-3815.66
-3825.8
-3765.49
-3804.66
-3741.55
-3762.83
-3868.04
-3769.67
-3735.24
-3826.07
-3733.46
-3724.19
-3714.3
-3923.24
-3767.91
-3824.86
-3820.46
-3874.62
-3845.02
-3799.09
-3778.76
-3769.59
-3727.23
-3760.38
-3770.84
-3790.68
-3744.19
-3721.55
-3755.02
-3778.77
-3721.2
-3762.34
-3705.21
-3662.04
-3692.87
-3675.44
-3669.57
-3709.48
-3718.21
-3732.23
-3750.34
-3870.97
-3802.07
-3915.78
-3777.66
-3861.38
-3773.28
-3754.4
-3774.66
-3731.04
-3830.86
-3859.74
-3828.89
-3771.74
-3881.76
-3788.25
-3917
-3778.97
-3739.67
-3849.96
-3746.28
-3733.14
-3749.75
-3777.14
-3686.73
-3789.59
-3704.88
-3806.41
-3717.94
-3674.61
-3728.34
-3744.05
-3783.29
-3738.64
-3848.24
-3839.7
-3848.83
-3813.32
-3828.13
-3751.55
-3740.66
-3827.9
-3844.24
-3858.56
-3831.72
-3764.23
-3765.65
-3838.07
-3711.87
-3868.35
-3795.52
-3836.89
-3874.13
-3849.67
-3808.95
-3757.24
-3729.21
-3758.53
-3829.27
-3747.62
-3737.71
-3825.98
-3849.18
-3744.65
-3761
-3780.26
-3725.23
-3749.36
-3787.57
-3840.37
-3930.88
-3820.03
-3873.48
-3789.12
-3779.01
-3894.03
-3794.49
-3860.44
-3840.08
-3786.24
-3843.54
-3850.51
-3803.98
-3757.76
-3812.72
-3802.44
-3755.69
-3777.98
-3776.15
-3712.47
-3816.76
-3806.25
-3809.3
-3763.57
-3943.08
-3874.68
-3730.2
-3857.55
-3889.88
-3700.88
-3719.91
-3748.1
-3800.76
-3758.44
-3659.04
-3766.02
-3782.16
-3727.2
-3636.16
-3750.06
-3755.71
-3685.49
-3736.73
-3775.4
-3695.8
-3679.63
-3849.06
-3697.03
-3684.66
-3741.41
-3700.12
-3622.79
-3771.77
-3746.85
-3737.05
-3742.97
-3790.25
-3771.75
-3848.17
-3711.21
-3775.79
-3662.8
-3636.42
-3733.75
-3784.99
-3754.72
-3685.7
-3680.03
-3905.97
-3818.19
-3788.87
-3840.93
-3821.52
-3800.15
-3758.52
-3762.15
-3793.13
-3816.64
-3851.55
-3761.61
-3887.66
-3814.81
-3870.57
-3802.24
-3821.28
-3817.53
-3876.65
-3909.95
-3833.62
-3848.97
-3803.93
-3848.45
-3993.02
-3817.84
-3797.7
-3727.82
-3868.67
-3722.18
-3852.97
-3759.9
-3816.61
-3730.75
-3759.12
-3753.81
-3840.05
-3751.56
-3857.17
-3883.04
-3737.32
-3664.91
-3761.67
-3686.85
-3873.36
-3852.4
-3904.81
-3883.22
-3712.05
-3789.21
-3735.59
-3781.21
-3740.49
-3742.57
-3894.64
-3701.82
-3768.48
-3703.99
-3806.96
-3757.91
-3779.83
-3779.67
-3804.34
-3766.68
-3762.75
-3733.27
-3770.13
-3699.68
-3773.36
-3824.14
-3812.82
-3706.97
-3748.38
-3660.88
-3769.46
-3781.02
-3807.9
-3691.45
-3655.72
-3669.11
-3795.86
-3746.1
-3778.68
-3884.73
-3786.55
-3734.49
-3746.55
-3842.92
-3890.35
-3929.25
-3855.26
-3860.27
-3824.64
-3853.5
-3864.81
-3862.89
-3803.8
-3743.28
-3749.94
-3725.92
-3655.16
-3706.25
-3742.76
-3772.42
-3789.32
-3835.13
-3748.66
-3760.22
-3814.05
-3828.18
-3777.74
-3842.89
-3853.03
-3754.54
-3827.4
-3835.74
-3909.38
-3943.99
-3904.47
-3842.67
-3933.73
-3856.25
-3803.77
-3880.5
-3834.9
-3765.76
-3862.37
-3885.98
-3875.86
-3860.62
-3791.95
-3817.43
-3746.11
-3774.86
-3872.66
-3828.75
-3731.11
-3865.13
-3950.16
-3728.78
-3792.25
-3834.28
-3907.86
-3711.38
-3764.77
-3777.02
-3653.26
-3747.84
-3781.48
-3738.22
-3769.56
-3725.42
-3815.12
-3708.18
-3795.22
-3702.79
-3891.42
-3879.69
-3790.01
-3892.78
-3801.53
-3708.06
-3765.83
-3746.41
-3788.03
-3710.17
-3740.08
-3734.71
-3702.45
-3825.52
-3697.23
-3733.88
-3792.58
-3745.45
-3754.64
-3787.59
-3738.38
-3623.6
-3800.96
-3758.18
-3769.58
-3765.07
-3726.84
-3692.41
-3834.25
-3817.35
-3743.25
-3733.72
-3606.34
-3723.85
-3850.31
-3902.21
-3860.81
-3813.56
-3770.33
-3815.67
-3823.72
-3779.13
-3762.34
-3810.98
-3751.48
-3671.52
-3785.84
-3897.22
-3847.66
-3653.54
-3701.5
-3754.63
-3715.11
-3753.03
-3652.97
-3821.75
-3750.77
-3765.53
-3747.06
-3835.67
-3682.76
-3710.48
-3777.39
-3933.99
-3760.12
-3671.79
-3739.09
-3770.11
-3687.79
-3787.17
-3820.43
-3689.42
-3713.69
-3772.87
-3713.34
-3780.12
-3819.59
-3814.84
-3809.08
-3676.42
-3747.1
-3788.56
-3809.76
-3780.71
-3740.82
-3764.05
-3880.57
-3820.25
-3729.34
-3728.38
-3810.25
-3853.58
-3855.58
-3949.95
-3760.7
-3784.23
-3712.21
-3715.98
-3821.59
-3813.68
-3826.51
-3804.81
-3789.94
-3822.57
-3814.67
-3791.4
-3928.13
-3799.47
-3781.94
-3820.98
-3619
-3812.39
-3759.59
-3775.39
-3739.11
-3841.23
-3722.3
-3810.11
-3812.09
-3756.12
-3767.62
-3817.26
-3769.49
-3808.7
-3647.77
-3825.1
-3777.09
-3740.1
-3778.53
-3759.86
-3758.68
-3779.96
-3813.36
-3793.85
-3723.18
-3806.3
-3702.47
-3735.28
-3811.45
-3842.18
-3828.72
-3893.7
-3783.57
-3883.53
-3777.75
-3770.02
-3799.59
-3830.7
-3803.78
-3834.01
-3859.03
-3749.91
-3864.21
-3810.77
-3899.78
-3854.39
-3830.7
-3869.4
-3854.31
-3948.48
-3907.34
-3822.14
-3910.23
-3919.04
-3836.18
-3807.57
-3793.9
-3858.16
-3866.1
-3855.49
-3824.09
-3756.89
-3814.36
-3909.25
-3728.09
-3735.12
-3820.77
-3835.96
-3825.41
-3801.17
-3867.93
-3853.9
-3802.25
-3824.23
-3815.77
-3803.96
-3875.9
-3857.71
-3804.09
-3843.24
-3782.43
-3833.1
-3761.7
-3809.14
-3900.9
-3880.69
-3918.97
-3827.06
-3786.36
-3769.07
-3748.58
-3700.69
-3750.65
-3738.04
-3840.6
-3851.08
-3829.14
-3775.35
-3759.65
-3791.61
-3817.1
-3808.6
-3851.57
-3826.07
-3838.99
-3907.04
-3872.98
-3904.06
-3737.42
-3832.46
-3848.85
-3863.41
-3796.93
-3704.21
-3688.46
-3827.68
-3758.52
-3812.33
-3737.43
-3725.59
-3749.91
-3729.62
-3744.89
-3829.61
-3821.83
-3718.17
-3738.75
-3758.92
-3772.23
-3625.37
-3814.12
-3739.74
-3764.12
-3853.31
-3805.75
-3770.52
-3753.32
-3758
-3645.87
-3823.22
-3795.39
-3662
-3711.29
-3778.59
-3844.36
-3797.83
-3820.02
-3828.81
-3814.94
-3687.85
-3827.51
-3759.9
-3845.94
-3823.34
-3855.45
-3815.15
-3822.91
-3797.44
-3763.97
-3782.76
-3887.29
-3724.81
-3610.04
-3686.26
-3771.04
-3682.79
-3721
-3708.35
-3778.37
-3901.66
-3834.19
-3823.59
-3795.06
-3708.42
-3799.34
-3888.81
-3775.92
-3860.08
-3813.42
-3821.57
-3830.03
-3790.63
-3894.97
-3803.57
-3833.29
-3706.38
-3740.53
-3730.93
-3733.54
-3786.56
-3848.36
-3789.7
-3824.13
-3767.28
-3677.44
-3794.21
-3719.16
-3881.82
-3816.49
-3800.35
-3863.96
-3900.64
-3924.32
-3781.79
-3829.37
-3755.67
-3796.57
-3796.84
-3677.82
-3632.06
-3828.2
-3784.34
-3794.69
-3822.25
-3761.75
-3749.63
-3723.14
-3675.38
-3839.71
-3828.44
-3853
-3831.74
-3721.11
-3822.75
-3686.98
-3845.71
-3773.3
-3784.28
-3844.03
-3853.7
-3842.11
-3875.98
-3810.72
-3929.02
-3804.51
-3817.31
-3711.58
-3763.72
-3742.64
-3839.44
-3749.69
-3737.74
-3860.88
-3743.21
-3826.28
-3837.56
-3825.58
-3846.11
-3874.33
-3805.02
-3850.67
-3903.52
-3880.96
-3891.07
-3734.78
-3760.43
-3827.5
-3828.38
-3794.87
-3712.33
-3743.43
-3746.72
-3886.98
-3759.11
-3774.71
-3833.17
-3736.32
-3803.95
-3910.06
-3887.67
-3771.14
-3860.4
-3768.11
-3780.2
-3756.77
-3762.29
-3769.9
-3873.54
-3784.43
-3762.77
-3780.77
-3771.79
-3743.27
-3860.01
-3787.31
-3923.08
-3885.69
-3887.72
-3796.58
-3845.04
-3896.12
-3720.39
-3803.18
-3833.23
-3779.63
-3807.36
-3771.07
-3804.03
-3881.89
-3711.3
-3742.02
-3803.64
-3760.37
-3815.74
-3870.62
-3852.28
-3855.37
-3780.07
-3868.13
-3778.4
-3803.79
-3798.51
-3815.42
-3749.06
-3748.97
-3772.99
-3823.6
-3879.43
-3809.77
-3842.04
-3795.34
-3789.31
-3833.21
-3806.43
-3900.17
-3884.66
-3790.1
-3680.55
-3750.3
-3833.35
-3687.72
-3729.04
-3710.5
-3783.22
-3915.23
-3804.18
-3812.56
-3779.66
-3803.45
-3657.2
-3742.89
-3712.08
-3814.74
-3870.62
-3842.29
-3850.46
-3756.17
-3825.74
-3833.03
-3804.38
-3858.06
-3692.42
-3888.45
-3837.64
-3785.99
-3755.26
-3745.62
-3713.79
-3711.14
-3724.7
-3792.6
-3738.1
-3722.8
-3760.78
-3735.85
-3788.16
-3704.25
-3769.6
-3756.65
-3833.99
-3857.92
-3810.47
-3809.01
-3733.16
-3754.27
-3772.45
-3879.09
-3772.34
-3820.86
-3776.04
-3735.72
-3752.91
-3750.51
-3750.94
-3692.87
-3809.13
-3830.51
-3923.46
-3860.35
-3845.89
-3805.44
-3855.67
-3768.62
-3812.61
-3713.55
-3710.63
-3724.17
-3701.41
-3812.29
-3805.39
-3777.92
-3653.47
-3753.6
-3638.34
-3662.84
-3752.39
-3793.48
-3776.45
-3715.92
-3718.08
-3809.36
-3873.66
-3757.51
-3879.13
-3743.42
-3776.97
-3779.34
-3729.79
-3651.04
-3651.77
-3806.11
-3808.64
-3735.41
-3705.56
-3738.38
-3829.67
-3768.26
-3802.61
-3774.77
-3706.47
-3736.55
-3804.95
-3905.62
-3846.25
-3747.64
-3873.8
-3739.51
-3829.4
-3847.09
-3771.43
-3781.7
-3736.44
-3696.46
-3763.44
-3801.96
-3737.44
-3736.76
-3754.12
-3766.84
-3874.44
-3799.54
-3807.54
-3812.74
-3813.19
-3839.15
-3847.53
-3864.11
-3775
-3759.4
-3810.76
-3876.47
-3688.26
-3824.62
-3842.76
-3869.31
-3874.64
-3917.44
-3793.47
-3880.84
-3919.26
-3820.34
-3784.66
-3913.75
-3934.1
-3908.92
-3877.4
-3823.76
-3822.25
-3684.86
-3715.39
-3791.11
-3750.53
-3776.52
-3816.41
-3757.91
-3828.28
-3782.98
-3787.14
-3782.25
-3831.09
-3855.05
-3717.4
-3743.47
-3669.58
-3715.26
-3744.5
-3811.2
-3710.53
-3773.03
-3930.46
-3763.18
-3765.3
-3867.13
-3816.64
-3790.31
-3814.42
-3889.5
-3850.25
-3866.82
-3890.89
-3856.74
-3805.19
-3750.83
-3844.96
-3770.23
-3821.45
-3775.86
-3607.67
-3826.27
-3820.71
-3735.8
-3793.76
-3739.87
-3704.3
-3715.61
-3772.32
-3710.27
-3785.99
-3754.12
-3766.19
-3929.85
-3767.06
-3775.35
-3833.9
-3726.95
-3766.92
-3820.21
-3806.04
-3793.75
-3796.72
-3777.56
-3849.99
-3803.42
-3804.19
-3803.35
-3783.54
-3819.49
-3766.04
-3797.81
-3741.31
-3766.17
-3653.88
-3843.4
-3681.8
-3796.08
-3796.91
-3737.16
-3658.19
-3796.53
-3788.65
-3783.2
-3802.63
-3752.05
-3703.04
-3657.54
-3749.03
-3749.87
-3900.53
-3673.27
-3757.5
-3759.5
-3769.86
-3772.38
-3709.02
-3757.8
-3708.42
-3770.76
-3739.27
-3861.07
-3822.98
-3957.64
-3806.99
-3821.11
-3823.5
-3866.71
-3785.12
-3895.95
-3778.02
-3797.38
-3754.52
-3655.7
-3845.79
-3787.17
-3820.62
-3750.06
-3809.28
-3840.51
-3829.13
-3911.32
-3767.29
-3819.48
-3761.47
-3910.95
-3775.86
-3869.71
-3753.74
-3868.08
-3820.66
-3811.25
-3793.99
-3862.33
-3889.91
-3936.1
-3882.75
-3861.99
-3795.59
-3797.81
-3862.17
-3752.32
-3824.34
-3816.66
-3870.56
-3770.11
-3831.67
-3867.63
-3796.11
-3740.38
-3714.77
-3685.28
-3711.42
-3726.96
-3749.62
-3838.65
-3902.47
-3905.6
-3787.5
-3796.99
-3741.04
-3728.41
-3744.25
-3781.08
-3810.81
-3755.49
-3729.51
-3773.11
-3752.12
-3807.66
-3766.87
-3742.31
-3866.64
-3776.3
-3677.82
-3778.07
-3750.99
-3876.27
-3802.26
-3838.78
-3790.84
-3768.86
-3695.84
-3723
-3826.14
-3753.94
-3846.4
-3740.2
-3717.33
-3801.62
-3820.81
-3769.12
-3763.28
-3862.85
-3818.21
-3763.62
-3745.88
-3765.05
-3809.38
-3715.87
-3762.02
-3875.12
-3776.87
-3788.74
-3829.36
-3749.96
-3798.77
-3776.56
-3814.19
-3798.57
-3644.43
-3778.62
-3821.08
-3705.1
-3797.13
-3720.54
-3632.56
-3751.01
-3684.32
-3663.8
-3697.71
-3559.36
-3691.38
-3901.06
-3856.23
-3787.1
-3856.15
-3795.86
-3782.98
-3839.04
-3839.51
-3833.72
-3859.73
-3776.95
-3816
-3773.44
-3799.68
-3849.73
-3784.67
-3722.99
-3792.75
-3794.74
-3809.5
-3749.74
-3772.12
-3763.44
-3863.27
-3787.42
-3863.31
-3932.15
-3875.13
-3734.81
-3861.26
-3889.92
-3860.15
-3899.66
-3780.04
-3751.97
-3765.66
-3860.37
-3807.55
-3860.86
-3815.86
-3854.07
-3913.8
-3943.54
-3847.48
-3903.44
-3812.71
-3796.87
-3835.18
-3687.81
-3813.25
-3800.92
-3783.75
-3798.65
-3873.42
-3732.33
-3758.09
-3729.5
-3811.1
-3814.05
-3733.24
-3770.57
-3911.11
-3885.96
-3793.43
-3773.4
-3818.96
-3793.44
-3827.06
-3822.29
-3881.53
-3799.45
-3835.44
-3752.27
-3709.35
-3860.44
-3806.98
-3816.19
-3720.65
-3755.23
-3834.5
-3786.78
-3828.92
-3841.74
-3900.55
-3903.63
-3906.22
-3878.13
-3871.3
-3873.1
-3895.67
-3864.33
-3888.98
-3759.71
-3822.27
-3802.48
-3851.64
-3894.84
-3824.06
-3741.55
-3721.65
-3868.1
-3699.55
-3805.95
-3733.53
-3919.39
-3790.99
-3794.26
-3777.34
-3765.08
-3757.13
-3855.59
-3811.72
-3843.93
-3955.55
-3851.01
-3923.02
-3752.17
-3745.08
-3774.79
-3820.01
-3788.11
-3709.64
-3805.78
-3800.28
-3732.06
-3762.69
-3802.04
-3725.81
-3754.35
-3739.75
-3938.49
-3781.98
-3800.59
-3748.08
-3842.03
-3749.84
-3855.14
-3794.27
-3855.41
-3879.52
-3795.06
-3805.05
-3844.52
-3802.41
-3744.86
-3823.92
-3777.57
-3890.76
-3889.15
-3813.01
-3858.65
-3746.69
-3775.48
-3768.93
-3784.91
-3830
-3862.43
-3819.76
-3838.95
-3848.17
-3804.3
-3885.35
-3818.34
-3780.77
-3804.83
-3773.53
-3809.82
-3767.55
-3727.5
-3810.2
-3788.03
-3887.67
-3887.58
-3741.56
-3781.2
-3855.22
-3698.07
-3693.66
-3749.6
-3822.3
-3767.64
-3713.8
-3750.42
-3748.7
-3835.74
-3843.1
-3715.82
-3815.23
-3715.12
-3815.71
-3758.38
-3825.03
-3854.28
-3783.58
-3790.68
-3720.03
-3788.28
-3810.76
-3785.42
-3711.31
-3879.55
-3878.06
-3848.79
-3789.3
-3847.35
-3890.03
-3789.88
-3766.08
-3726.37
-3770.89
-3898.48
-3812.5
-3780.74
-3746.77
-3766.64
-3637.92
-3712.74
-3791.95
-3773.5
-3743.37
-3808.43
-3718.29
-3716.77
-3811.21
-3869.27
-3884.1
-3897.85
-3783.8
-3790.37
-3911.68
-3858.03
-3850.52
-3818.08
-3868.19
-3837.1
-3876.44
-3818.4
-3843.65
-3726.95
-3752.43
-3820.93
-3755.95
-3783.17
-3737.34
-3826.16
-3800.31
-3751.89
-3711.49
-3812.91
-3758.82
-3770.71
-3810.77
-3916.93
-3833.96
-3786.69
-3842.44
-3921.28
-3781.28
-3829.55
-3768.57
-3744.81
-3780.36
-3867.91
-3773.99
-3795.84
-3901.57
-3884.12
-3922.51
-3918.12
-3882.67
-3778.71
-3749.73
-3785.57
-3802.33
-3863.03
-3874.82
-3826.55
-3812.18
-3896.4
-3910.9
-3840.84
-3842.95
-3819.99
-3782.41
-3839.25
-3859.46
-3853.22
-3706.78
-3882.14
-3793.22
-3837.55
-3797.12
-3820.29
-3763.59
-3813.83
-3835.5
-3800.13
-3753.19
-3820.14
-3861.14
-3784.49
-3852.05
-3834.69
-3786.23
-3812.12
-3712.76
-3815.52
-3888.2
-3731.33
-3853.9
-3729.99
-3765.3
-3691.54
-3726.33
-3760.44
-3771.61
-3773.02
-3806.89
-3745.88
-3684.52
-3777.58
-3797.44
-3672.66
-3672.7
-3731.53
-3793.83
-3793.84
-3762.07
-3858.09
-3807.19
-3787.96
-3873.57
-3824.94
-3902.98
-3761.91
-3780.62
-3774.71
-3917.49
-3831.47
-3928.16
-3946.8
-3891.1
-3914.57
-3862.36
-3799.49
-3860.52
-3717.69
-3778.4
-3721.75
-3706.17
-3704.44
-3826.48
-3826.94
-3738.42
-3807.1
-3877.68
-3774.89
-3809.6
-3809.01
-3734.64
-3763.47
-3862.73
-3924.34
-3770.52
-3724.95
-3814.97
-3793.51
-3786.35
-3644.48
-3818.77
-3779.6
-3856.29
-3713.93
-3868.88
-3774.75
-3660.64
-3750.32
-3769.46
-3843.29
-3790.48
-3693.89
-3774.14
-3722.33
-3706.53
-3703.46
-3728.26
-3789.31
-3872.65
-3767.7
-3777.37
-3797.77
-3760.57
-3734.72
-3678.5
-3727.86
-3772.71
-3693.93
-3714.39
-3737.21
-3731.03
-3713.88
-3756.66
-3823.79
-3710.14
-3865
-3849.7
-3885.59
-3829.23
-3887.11
-3803.41
-3899.32
-3917.01
-3752.41
-3910.23
-3893.57
-3902.71
-3898.98
-3830.11
-3836.26
-3842.37
-3903.35
-3840.18
-3865.99
-3930.6
-3799.07
-3834.17
-3816.32
-3825.33
-3855.59
-3870.55
-3920.35
-3944.89
-3902.14
-3977.6
-3887.19
-3895.63
-3864.57
-3838.56
-3884.3
-3963.11
-3965.65
-3961.49
-3802.32
-3755.39
-3808.3
-3910.58
-3824.69
-3727.21
-3821.5
-3778.07
-3846.18
-3745.51
-3700.75
-3791.4
-3807.34
-3685.9
-3720.02
-3595.97
-3884.05
-3792.55
-3812.78
-3780.34
-3800.13
-3762.53
-3711.49
-3901.91
-3781.39
-3745.48
-3826.43
-3668.25
-3714.03
-3750.55
-3675.34
-3828.55
-3760.78
-3715.06
-3865.24
-3744
-3681.89
-3749.89
-3771.43
-3789.85
-3863.87
-3723.01
-3720.14
-3721.43
-3779.04
-3864.8
-3714.07
-3812.58
-3743.03
-3724.55
-3795.86
-3754.46
-3880.93
-3648.47
-3775.07
-3752.8
-3764.44
-3866.85
-3787.59
-3767.24
-3795.77
-3818.72
-3863.44
-3873.19
-3779.42
-3843.66
-3813.81
-3834.36
-3760.29
-3790.58
-3733.99
-3727.82
-3884.75
-3740.8
-3678.01
-3643.64
-3719.07
-3772.68
-3659.74
-3687.75
-3747.48
-3791.79
-3758.15
-3844.92
-3708.1
-3681.38
-3791.46
-3806.39
-3741.64
-3809.37
-3815.76
-3799.47
-3775.27
-3839.67
-3856.94
-3802.13
-3816.76
-3692.86
-3711.71
-3798.82
-3762.39
-3862.67
-3744.63
-3746.06
-3789.76
-3718.32
-3799.37
-3808.11
-3703.51
-3876.69
-3768.95
-3736.26
-3889.62
-3839.27
-3898.26
-3787.54
-3905.15
-3914.49
-3913.05
-3896.35
-3869.81
-3831.08
-3820.53
-3899.02
-4004.62
-3905.22
-3890.96
-3801.29
-3854.79
-3901.44
-3877.66
-3888.94
-3884.95
-3827.5
-3851.24
-3950.11
-3846.69
-3799.07
-3872.88
-3791.12
-3784.61
-3805.14
-3791.73
-3759.28
-3910.95
-3741.89
-3830.84
-3820.46
-3806.88
-3704.34
-3693.08
-3756.88
-3665.61
-3816.21
-3730.77
-3632.13
-3773.53
-3812.61
-3809.3
-3711.26
-3733.66
-3666.11
-3674.82
-3766.23
-3767.5
-3741.74
-3738.96
-3751.37
-3761.7
-3789.72
-3765.45
-3834.14
-3870.42
-3739.89
-3813.83
-3834.69
-3735.49
-3694.19
-3886.57
-3890.68
-3858.09
-3786.95
-3739.25
-3770.56
-3793.64
-3833.26
-3772.5
-3701.3
-3694.65
-3682.6
-3776.65
-3736.83
-3774.09
-3771.08
-3711.9
-3762.44
-3769.87
-3847.07
-3859.63
-3820.59
-3852.78
-3873.84
-3805.75
-3806.36
-3859.64
-3781.26
-3733.99
-3835.83
-3865.24
-3818.07
-3718.63
-3834.47
-3737.38
-3853.21
-3853.22
-3743.62
-3787.31
-3744.31
-3648.7
-3713.2
-3783.01
-3837.44
-3723.56
-3748.4
-3788.64
-3784.15
-3724.39
-3818.16
-3696.34
-3725.14
-3739.2
-3722.03
-3762.33
-3782.21
-3731.76
-3808.33
-3739.26
-3759.39
-3750.55
-3812.45
-3803.01
-3758.97
-3772.72
-3830.1
-3855.93
-3782.96
-3690.01
-3828.52
-3856.45
-3810.52
-3788.96
-3711.36
-3849.19
-3687.49
-3779.52
-3765.28
-3777.87
-3734.63
-3826.51
-3831.03
-3887.28
-3818.16
-3869.94
-3853.64
-3809.9
-3783.54
-3813.97
-3800.37
-3757.51
-3785.18
-3831.62
-3744.19
-3730.73
-3709.24
-3746.74
-3853.77
-3798.31
-3863.5
-3847.58
-3862.74
-3799.19
-3773.55
-3880.34
-3900.07
-3875.91
-3867.63
-3813.08
-3827.53
-3860.33
-3842.8
-3823.02
-3879
-3783.91
-3846.27
-3784.87
-3709.18
-3733.86
-3768.13
-3897.18
-3905.6
-3758.6
-3952.5
-3873.55
-3920.76
-3883.68
-3848.21
-3922.88
-3872.3
-3843.99
-3890.37
-3774.05
-3818.87
-3791.81
-3758.1
-3716.68
-3757.92
-3833.89
-3744.7
-3857.3
-3712.53
-3773.08
-3738.32
-3847.9
-3854.34
-3755.08
-3773.33
-3823.7
-3860.74
-3797.64
-3861.15
-3959.95
-3743.03
-3950.64
-3870.31
-3908.23
-3792.69
-3789.68
-3653.21
-3743.26
-3770.03
-3770.34
-3826.58
-3864.37
-3858.66
-3870.78
-3851.87
-3940.38
-3885.1
-3813.04
-3794.97
-3788.85
-3756.18
-3755.51
-3926.7
-3832.26
-3741.13
-3783.18
-3762.33
-3811.33
-3854.91
-3715.16
-3927.32
-3830.17
-3719.54
-3899.04
-3678.57
-3726.95
-3774.19
-3807.38
-3763.19
-3802.64
-3790.08
-3792.09
-3803.22
-3810.34
-3752.47
-3811.41
-3809.5
-3841.91
-3813.55
-3788.94
-3821.26
-3836.37
-3821.81
-3781.66
-3766.09
-3722.61
-3708.57
-3664.1
-3762.28
-3742.88
-3605.54
-3748.31
-3732.15
-3730.32
-3667.16
-3742.04
-3810.51
-3756.36
-3745.26
-3797.68
-3839.66
-3791.3
-3748.7
-3794.57
-3905.24
-3897.11
-3758.83
-3866.25
-3740.54
-3896.34
-3937.05
-3872.65
-3866.02
-3798.73
-3896.34
-3922.61
-3931.35
-3925.51
-3936.56
-3903.29
-3773.41
-3891.51
-3823.22
-3837.74
-3763.86
-3854.58
-3877.14
-3788.6
-3806.68
-3807.57
-3769.29
-3859.62
-3819.99
-3738.36
-3712.9
-3759.52
-3757.72
-3766
-3806.3
-3801.79
-3735.67
-3776.16
-3777.21
-3827.98
-3852.21
-3888.93
-3787.52
-3822.64
-3789.88
-3839.66
-3860.16
-3699.44
-3781.58
-3773.13
-3773.97
-3811.33
-3807.26
-3782.86
-3740.81
-3742.19
-3773.93
-3734.84
-3751.12
-3697
-3800.64
-3827.75
-3802.01
-3797.7
-3816.84
-3847.76
-3689.82
-3751.58
-3789.26
-3745.39
-3770.12
-3785.01
-3778.47
-3830.13
-3786.23
-3760.39
-3881.17
-3791.85
-3912.72
-3837.44
-3891.07
-3913.54
-3737
-3856.65
-3814.44
-3771.53
-3791.73
-3910.92
-3864.47
-3891.49
-3795.78
-3821.86
-3879.08
-3830.52
-3775.7
-3688.22
-3817.9
-3842.17
-3808.2
-3780.69
-3767.79
-3915.44
-3764.81
-3799.07
-3843.7
-3879.73
-3872.55
-3897.99
-3850.18
-3723.13
-3750.77
-3804.59
-3839.16
-3737.2
-3798.51
-3842.77
-3884.59
-3844.3
-3686.52
-3799.39
-3750.59
-3815.36
-3776.93
-3772.05
-3787.09
-3916.24
-3805.98
-3818.95
-3785.98
-3883.59
-3823.4
-3869.03
-3734.55
-3671.26
-3726.91
-3740.03
-3816.23
-3762.67
-3883.41
-3684.53
-3739.23
-3690.43
-3686.18
-3742.23
-3718.65
-3771.99
-3728.08
-3750.44
-3702.03
-3777.32
-3702.08
-3750.47
-3769.83
-3853.45
-3685
-3740.35
-3758.23
-3783
-3678.41
-3708.51
-3716.8
-3741.85
-3777.56
-3784.69
-3724.19
-3728.8
-3805.41
-3964.97
-3766.09
-3736.94
-3841.83
-3843.76
-3768.3
-3845.36
-3897.86
-3777.73
-3888.41
-3869.13
-3853.39
-3808.16
-3779.25
-3857.28
-3802.71
-3824.38
-3860.09
-3845.59
-3756.3
-3804.44
-3693.45
-3749.52
-3795.51
-3810.39
-3760.11
-3798.36
-3894.86
-3819.11
-3753.13
-3725.19
-3879.4
-3779.97
-3706.08
-3789.65
-3726.65
-3829.63
-3791.79
-3861.25
-3756.53
-3792.21
-3701.24
-3807.16
-3864.11
-3672.98
-3705.1
-3665.29
-3717.7
-3664.69
-3773.47
-3876.76
-3870.55
-3848.19
-3770.56
-3729.88
-3718.55
-3780.55
-3757.31
-3741.4
-3695.32
-3666.44
-3698.27
-3850.39
-3772.44
-3771.84
-3786.98
-3670.38
-3723.99
-3711.46
-3742.6
-3683.8
-3721.76
-3807.27
-3733.5
-3897.3
-3726.48
-3756.73
-3741.04
-3743.9
-3702.51
-3692.32
-3786.78
-3733.25
-3655.61
-3812.1
-3699.1
-3719.01
-3669.09
-3678.51
-3814.47
-3732.1
-3848.39
-3823.21
-3744.69
-3748.3
-3895.23
-3773.09
-3837.52
-3749.72
-3698.29
-3715.08
-3744.82
-3844.7
-3827.66
-3790.7
-3741.66
-3783.17
-3661.93
-3809.66
-3729.64
-3740.19
-3771.59
-3712.29
-3822.9
-3746
-3833.71
-3761.54
-3780.61
-3832.46
-3749.58
-3776.34
-3796.66
-3815.01
-3713.92
-3792.51
-3712.81
-3740.2
-3770.14
-3699.06
-3749.84
-3665.64
-3795.97
-3810.06
-3738.63
-3809.3
-3767.61
-3806.95
-3748.53
-3779.89
-3790.81
-3877.19
-3737.35
-3679.09
-3864.76
-3835.12
-3852.68
-3805.94
-3778.24
-3814.9
-3757.08
-3813.74
-3838.9
-3767.06
-3863.06
-3668.72
-3732.57
-3668.61
-3717.87
-3755.49
-3700.93
-3728.87
-3810.49
-3882.46
-3775.12
-3792.3
-3849.94
-3679.64
-3766.81
-3715.94
-3782.78
-3830.38
