-3416.38
-3441.75
-3413.93
-3425.15
-3437.05
-3420.5
-3464.31
-3441.28
-3444.89
-3460.44
-3442.37
-3429.63
-3429.95
-3461.36
-3425.98
-3440.45
-3454.42
-3416.98
-3412.19
-3447.35
-3442.12
-3430.75
-3436.23
-3430.42
-3422.57
-3447.68
-3428.51
-3407.6
-3413.12
-3464.63
-3441.7
-3464.16
-3389.08
-3488.89
-3476.95
-3427.75
-3430.44
-3423.63
-3463.94
-3454.73
-3476.3
-3438.35
-3413.24
-3467.15
-3438.82
-3421.05
-3416.79
-3424.9
-3428.76
-3449.91
-3429.19
-3424.81
-3441.5
-3437.98
-3457.28
-3433.15
-3448.38
-3400.82
-3440.15
-3439.62
-3434.12
-3478.76
-3453.31
-3444.41
-3389.66
-3449.15
-3404.81
-3423.08
-3439.51
-3397.67
-3422.52
-3427.71
-3446.17
-3442.82
-3429.32
-3424.85
-3411.27
-3429.59
-3477.3
-3414.83
-3394.32
-3406.23
-3411.22
-3422.68
-3410.48
-3381.64
-3394.5
-3446.19
-3475.77
-3443.61
-3410.67
-3454.17
-3434.85
-3435.96
-3374.65
-3466.21
-3449.59
-3457.8
-3474.62
-3422.95
-3432.8
-3437.01
-3427.49
-3457.26
-3448.9
-3446.13
-3400.96
-3446.48
-3424.05
-3440.38
-3476.74
-3433.79
-3439.13
-3427.19
-3410.82
-3410.04
-3446.36
-3464.44
-3444.87
-3463.52
-3424.39
-3503.06
-3455.06
-3427.16
-3441.94
-3424.26
-3456.13
-3444.13
-3454.82
-3443.55
-3447.06
-3429.55
-3460.8
-3444.22
-3446.57
-3457.54
-3455.78
-3473.55
-3488.42
-3432.73
-3422.34
-3423.13
-3478.23
-3440.5
-3431.78
-3440.15
-3419.04
-3452.86
-3453.03
-3457.68
-3409.56
-3444.65
-3442.28
-3447.72
-3469.08
-3436.85
-3444.15
-3456.55
-3462.26
-3448.29
-3462.38
-3446.97
-3456.63
-3421
-3425.9
-3436.49
-3449.43
-3446.66
-3451.14
-3472.99
-3452.85
-3423.2
-3447.17
-3437.7
-3420.49
-3451.49
-3447.99
-3442.09
-3451.5
-3465.4
-3421.15
-3463.51
-3452.84
-3475.83
-3449.52
-3423.65
-3422.64
-3442.79
-3431.94
-3475.87
-3486.33
-3440.26
-3426.5
-3460.52
-3431.79
-3469.07
-3437.61
-3427.63
-3450.22
-3413.72
-3446.65
-3409.11
-3413.33
-3404.04
-3436.77
-3465.74
-3460.64
-3445
-3450.84
-3441.4
-3456.02
-3445.99
-3476.7
-3447.44
-3413.21
-3437.96
-3399.5
-3461.14
-3482.51
-3458.74
-3488.95
-3504.94
-3490.49
-3432.46
-3424.81
-3457.87
-3435.89
-3475.54
-3473.39
-3468.55
-3415.58
-3390.28
-3438.5
-3431.34
-3463.31
-3419.4
-3431.59
-3483.4
-3459.01
-3477.91
-3435.97
-3470.74
-3439.83
-3432.66
-3431.26
-3450.38
-3467.42
-3451.89
-3428.71
-3452.18
-3428.9
-3444.92
-3465.21
-3441.97
-3436.48
-3440.61
-3447.22
-3440.13
-3438.17
-3433.37
-3453.05
-3420.18
-3384.89
-3438.85
-3425.8
-3411.17
-3464.36
-3446.32
-3445.37
-3417.43
-3427.86
-3466.36
-3445.6
-3484.13
-3404.35
-3423.28
-3423.19
-3426.16
-3430.9
-3464.74
-3470.7
-3439.03
-3395.38
-3431.73
-3445.46
-3434.82
-3473.8
-3446.29
-3410.32
-3414.5
-3471.57
-3418.94
-3445.68
-3420.53
-3443.42
-3436.04
-3455.04
-3401
-3440.98
-3402.25
-3389.19
-3447.6
-3448.03
-3428
-3450.46
-3462.27
-3457.78
-3472.32
-3451.98
-3442.41
-3441.95
-3437.51
-3430.39
-3444.52
-3464.25
-3438.51
-3452.87
-3457.42
-3426.4
-3447.07
-3432.67
-3421.9
-3455.47
-3465.71
-3415.4
-3416.29
-3431.1
-3408.16
-3469.41
-3405.55
-3408.36
-3437.88
-3396.59
-3406.6
-3417.01
-3431.86
-3486.74
-3427.65
-3422.87
-3456.45
-3445.94
-3467.19
-3437.36
-3409.17
-3477.68
-3456.47
-3417.95
-3428.5
-3417.36
-3421.27
-3448.03
-3425.98
-3419.57
-3402.96
-3431.14
-3491.38
-3423.81
-3432.53
-3443.57
-3445.35
-3432.07
-3428.72
-3447.13
-3437.71
-3438.18
-3443.51
-3465.92
-3416.87
-3453.05
-3440.97
-3426.88
-3445.64
-3447.54
-3412.81
-3422.76
-3455.93
-3445.32
-3423.96
-3430.77
-3454.59
-3465.36
-3463.8
-3457.06
-3392.65
-3403.31
-3423.98
-3490.62
-3472.45
-3405.02
-3462.23
-3438.46
-3476.56
-3438.9
-3412.93
-3427.99
-3426.65
-3451.95
-3469.95
-3431.4
-3442.68
-3452.76
-3447.62
-3450.1
-3410.29
-3436.42
-3430.12
-3445.63
-3434.71
-3451.72
-3377.65
-3408.16
-3437.21
-3457.07
-3443.17
-3415.44
-3437.45
-3429.17
-3452.51
-3435.15
-3447.85
-3465.64
-3426.57
-3470.28
-3401.89
-3426.91
-3350.88
-3419
-3433.47
-3451.13
-3468.01
-3441.73
-3450.33
-3421.39
-3464.11
-3472.17
-3440.3
-3491.23
-3447.94
-3460.05
-3436.68
-3421.69
-3420.83
-3440.34
-3459.26
-3411.36
-3430.78
-3416.33
-3491.35
-3450.94
-3472.86
-3471.68
-3438.25
-3475.56
-3446
-3462.23
-3465.44
-3431.41
-3425.68
-3438.97
-3442.37
-3467.5
-3419.01
-3433.04
-3395.92
-3400.07
-3489.82
-3444.29
-3490.14
-3439.33
-3444.16
-3393.71
-3391.25
-3469.06
-3413.13
-3445.35
-3464.62
-3421.4
-3373.24
-3405.3
-3417.26
-3462.51
-3444.91
-3437.01
-3451.74
-3436.75
-3451.4
-3440.08
-3414.32
-3420.28
-3450.23
-3417.42
-3435.94
-3429.14
-3428.44
-3437.83
-3418.1
-3451.39
-3427.68
-3434.83
-3423.46
-3455.09
-3434.59
-3444
-3421.2
-3426.83
-3419.82
-3452.42
-3450.74
-3464.44
-3443.67
-3431.74
-3477.21
-3470.41
-3415.97
-3430.12
-3435.27
-3443.62
-3408.65
-3429.81
-3427.78
-3454.98
-3441.16
-3407.85
-3452.51
-3465.69
-3419
-3479.37
-3441.74
-3456.48
-3432
-3420.27
-3469.02
-3430.94
-3459.51
-3414.71
-3412.53
-3414.99
-3423.82
-3400.97
-3425.32
-3374.42
-3456.59
-3429.64
-3431.64
-3395.9
-3427.96
-3431.62
-3432.62
-3451.02
-3435.08
-3421.92
-3406.83
-3461.24
-3455.99
-3472.39
-3416.19
-3420.16
-3438.18
-3444.76
-3440.28
-3437.57
-3480.41
-3477.24
-3458.75
-3412.31
-3449.02
-3428.45
-3433.16
-3454.2
-3461.22
-3409.65
-3414.05
-3434.76
-3408.11
-3438.29
-3429.09
-3432.77
-3431.1
-3457.75
-3429.94
-3452.9
-3384.57
-3426.01
-3426.8
-3475.89
-3473.05
-3410.11
-3418.3
-3436.23
-3489.96
-3421.22
-3437.5
-3412.01
-3430.08
-3421.91
-3471.76
-3418.95
-3433.32
-3437.85
-3447.54
-3450.35
-3464.94
-3445.42
-3450.17
-3393.19
-3424.08
-3395.86
-3381.95
-3433.52
-3434.63
-3439.62
-3469.43
-3419.24
-3460
-3443.31
-3468.72
-3424.04
-3477.35
-3491.98
-3472.08
-3420.28
-3433.13
-3467.57
-3471.34
-3473.23
-3447.89
-3474.65
-3422.3
-3394.76
-3410.2
-3471.17
-3431.23
-3453.13
-3435.43
-3438.53
-3436.47
-3484.66
-3407.05
-3445.44
-3469.27
-3449.87
-3456.46
-3454.38
-3431.78
-3429.53
-3420.19
-3456.87
-3457.86
-3455.88
-3462.78
-3422.26
-3442.62
-3448.15
-3421.93
-3438.26
-3423.83
-3424.92
-3451.3
-3443.23
-3413.67
-3456.39
-3417.38
-3443.16
-3447.79
-3450.43
-3438.29
-3462.71
-3434.48
-3445.46
-3450.73
-3447.13
-3434.01
-3414.83
-3438.82
-3429.26
-3432.71
-3400.63
-3431.37
-3434.93
-3462.21
-3465.41
-3447.7
-3450.14
-3394.13
-3400.6
-3422.81
-3438.38
-3469.58
-3449.99
-3427.62
-3398.56
-3420.02
-3500.96
-3456.15
-3466.79
-3421.19
-3430.74
-3479.99
-3464.04
-3445.61
-3451.87
-3428.06
-3444.78
-3446.94
-3405.62
-3476.61
-3440.04
-3464.98
-3463.29
-3449.17
-3448.11
-3415.31
-3422.66
-3433.16
-3433.96
-3446.9
-3423.11
-3448.51
-3470.32
-3470.5
-3453.18
-3436.42
-3408.93
-3422.92
-3436.03
-3454.44
-3415.68
-3431.54
-3472.2
-3437.62
-3446.03
-3407.35
-3448.71
-3435.9
-3447.5
-3475.2
-3406.72
-3405.07
-3422.32
-3409.56
-3413.67
-3440
-3463.32
-3415.64
-3457.24
-3429.79
-3430.6
-3417.8
-3427.41
-3407.85
-3427.23
-3438.04
-3385.78
-3438.91
-3436.7
-3456.14
-3425.09
-3409.23
-3420.94
-3445.44
-3433.6
-3428.74
-3452.53
-3465.46
-3429.69
-3399.89
-3441.3
-3459.69
-3457.26
-3444.28
-3434.52
-3424.77
-3394.7
-3425.98
-3473.69
-3461.14
-3447.37
-3430.59
-3466.32
-3474.37
-3414.61
-3407.11
-3443.06
-3454.96
-3443.91
-3459.1
-3430.75
-3415.21
-3453.87
-3430.9
-3412.54
-3440.97
-3430.47
-3482.55
-3457.73
-3448.71
-3416.47
-3418.88
-3458.2
-3415.44
-3411.91
-3449.66
-3464.58
-3453.33
-3475.05
-3429.66
-3450.66
-3442.57
-3409.79
-3408.81
-3466.01
-3445
-3448
-3390.22
-3414.38
-3470.97
-3467.19
-3449.26
-3436.17
-3482.16
-3447.86
-3441.8
-3439.33
-3402.93
-3415.53
-3431.34
-3435.36
-3446.83
-3475.06
-3435.58
-3428.59
-3424.01
-3451.15
-3405.71
-3447.13
-3466.36
-3467.04
-3426.63
-3428.55
-3436.98
-3414.43
-3452.09
-3441.54
-3476.21
-3452.2
-3434.27
-3404.02
-3436.47
-3417.01
-3424.93
-3479.91
-3431.61
-3468.19
-3435.4
-3427.25
-3400.96
-3402.94
-3440.11
-3435.29
-3461.11
-3410.34
-3397.36
-3472.62
-3433.82
-3473.53
-3427.36
-3470.61
-3440.32
-3472.85
-3459.36
-3422.12
-3415.46
-3421.01
-3414.96
-3412.58
-3459
-3444.29
-3433.22
-3453.6
-3425.07
-3440.74
-3448.66
-3468.5
-3456.15
-3390.53
-3482.28
-3437.82
-3440.81
-3400.55
-3432.99
-3448.89
-3466.25
-3414.87
-3407.92
-3461.06
-3440.19
-3475.26
-3452.36
-3430.83
-3428.7
-3452.2
-3450.73
-3438.01
-3444.27
-3445
-3409.06
-3452.23
-3425.56
-3426.28
-3455
-3438.87
-3421.72
-3433.39
-3454.72
-3432.56
-3412.21
-3488.75
-3393.25
-3437.53
-3434.43
-3437.42
-3408.73
-3447.34
-3442.43
-3467.56
-3450.6
-3434.93
-3481.5
-3416.04
-3433.36
-3424.57
-3418.32
-3398.35
-3430.55
-3436.6
-3445.92
-3440.13
-3443.21
-3457.91
-3418.1
-3418.54
-3429.06
-3455.58
-3452.23
-3466.04
-3477.94
-3456.65
-3425.45
-3474.41
-3458.88
-3433.65
-3410.9
-3415.88
-3425.37
-3424.15
-3443.48
-3436.84
-3428.94
-3382.7
-3441.14
-3424.28
-3420.92
-3450.91
-3438.56
-3454.1
-3491.36
-3457.61
-3483.31
-3479.75
-3433.53
-3476.03
-3435.72
-3434.97
-3416.76
-3437.05
-3457.1
-3415.96
-3431.51
-3417.4
-3417.47
-3406.02
-3404.01
-3432.17
-3425.17
-3409.16
-3447.12
-3430.64
-3464.58
-3436.08
-3459.63
-3430.6
-3480.86
-3420.23
-3442.87
-3433.56
-3439.89
-3454.69
-3475.82
-3427.96
-3471.23
-3448.05
-3442.17
-3471.55
-3501.47
-3470.95
-3405.5
-3392.34
-3421.42
-3481.68
-3462.17
-3466.65
-3469.87
-3442.23
-3425.91
-3450.64
-3465.28
-3402.99
-3403.91
-3441.91
-3423.34
-3403.98
-3452.83
-3474.5
-3438.42
-3468.18
-3397.98
-3475.49
-3453.85
-3484.21
-3437
-3439.59
-3464.01
-3405.45
-3429.86
-3413
-3464.83
-3424.21
-3458.92
-3438.66
-3443.07
-3408.55
-3444.83
-3438.01
-3473.38
-3428.42
-3435.28
-3427.93
-3427.68
-3465.58
-3485.73
-3430.15
-3457.82
-3488.8
-3411.76
-3442.74
-3447.89
-3414.88
-3455.27
-3467.75
-3449.08
-3425.86
-3459.71
-3441.4
-3481.6
-3424.92
-3409.76
-3412.9
-3459.43
-3461.61
-3424.28
-3450.83
-3442.15
-3425.54
-3462.39
-3423.28
-3424.36
-3450.14
-3454.44
-3456.05
-3470.06
-3433.33
-3438.26
-3436.31
-3409.93
-3450.88
-3431.16
-3386.26
-3385.34
-3395.99
-3464.47
-3435.09
-3439.07
-3473.26
-3421.81
-3429.24
-3434.54
-3466.26
-3442.94
-3459.8
-3441.77
-3448
-3440.15
-3427.88
-3456.5
-3429.25
-3461.77
-3417.94
-3406.13
-3432.77
-3425.68
-3424.73
-3392.52
-3476.24
-3461.56
-3408.01
-3453.35
-3441.79
-3396.04
-3445.69
-3429.37
-3416.6
-3448.43
-3428.67
-3450.72
-3419.79
-3447.43
-3392.12
-3442.02
-3402.29
-3442.03
-3458.91
-3426.57
-3433.46
-3410.84
-3424.26
-3414.87
-3386.99
-3446.45
-3437.71
-3436.92
-3424.65
-3467.48
-3399.72
-3435.53
-3415.31
-3442.77
-3425.66
-3419.78
-3458.5
-3486.23
-3472.28
-3441.36
-3431.29
-3433.31
-3466.03
-3457.69
-3401.27
-3457.7
-3454.25
-3430.97
-3455.32
-3428.63
-3477.12
-3462.78
-3424.58
-3440.98
-3445.49
-3445.09
-3431.32
-3400.09
-3390.04
-3392.03
-3431.02
-3384.6
-3459.37
-3470.84
-3434.37
-3430.25
-3467.08
-3446.27
-3446.39
-3423.05
-3445.87
-3467.16
-3430.49
-3446.23
-3438.48
-3394.21
-3461.31
-3452.44
-3431.79
-3455.28
-3456.92
-3482.93
-3487.82
-3503.77
-3442.49
-3465.57
-3489.84
-3442.53
-3465.72
-3450.15
-3472.73
-3440.28
-3451.31
-3461.08
-3426.33
-3444.92
-3439.14
-3459.38
-3457.81
-3411.4
-3441.76
-3394.38
-3431.7
-3428.34
-3425.73
-3423.05
-3444.78
-3401.92
-3441.07
-3450.65
-3441.93
-3422.44
-3426.33
-3440.88
-3438.89
-3417.8
-3381
-3425.12
-3433.6
-3410.79
-3442.67
-3414.78
-3507.83
-3460.13
-3406.41
-3467.22
-3440.06
-3475.88
-3440.78
-3416.04
-3434.74
-3427.24
-3434.95
-3448.19
-3424.9
-3458.16
-3428.28
-3417.58
-3486.98
-3433.11
-3435.97
-3451.45
-3444.05
-3421.71
-3432.6
-3445.07
-3472.94
-3428.09
-3466.46
-3406.5
-3471.07
-3466.38
-3440.17
-3424.35
-3475.43
-3459.32
-3450.17
-3455.2
-3439.84
-3442.08
-3452.69
-3464.15
-3445.9
-3460.47
-3483.71
-3408.44
-3448.21
-3448.4
-3398.33
-3447.96
-3392.67
-3452.27
-3424.01
-3464.61
-3439.1
-3443.33
-3424.76
-3452.47
-3394.11
-3471.89
-3476.74
-3441.79
-3447.37
-3463.21
-3439.95
-3418.57
-3430.73
-3421.8
-3424.04
-3434.41
-3424.29
-3400.31
-3425.01
-3463.01
-3442.37
-3459.22
-3423.18
-3411.92
-3415.23
-3454.28
-3411.18
-3417.54
-3436.92
-3399.12
-3436.52
-3450.87
-3453.45
-3424.34
-3429.2
-3433.27
-3434.89
-3459.03
-3457.4
-3443.62
-3433.48
-3429.91
-3414.66
-3409.03
-3436.55
-3412.2
-3416.27
-3455.3
-3410.77
-3436.81
-3468.86
-3458.88
-3467.1
-3450.84
-3460.25
-3397.1
-3432.57
-3434.93
-3434.04
-3420.77
-3423.87
-3486.88
-3450.13
-3429.69
-3425.94
-3419.99
-3424.26
-3415.38
-3414.3
-3450.87
-3460.97
-3419.02
-3429.52
-3462.03
-3439.21
-3455.01
-3458.15
-3437.2
-3437.73
-3427.08
-3459.87
-3483.76
-3463.71
-3408.94
-3445.79
-3459.06
-3439.57
-3466.02
-3455.5
-3465.79
-3428.71
-3443.62
-3472.6
-3437.53
-3438.05
-3449.57
-3444.36
-3409.43
-3438.02
-3433.34
-3443.13
-3435.53
-3448.43
-3413.84
-3457.09
-3409.68
-3449.83
-3445.9
-3426.45
-3428.62
-3407.28
-3473.01
-3424.44
-3431.17
-3414.23
-3441.02
-3475.34
-3460.39
-3438.89
-3373.55
-3392.91
-3453.82
-3429.94
-3466.32
-3481.51
-3451.62
-3463.12
-3457.72
-3438.63
-3431.96
-3461.35
-3447.35
-3450.81
-3447.81
-3483.41
-3469.73
-3485.99
-3431.11
-3408.05
-3450.81
-3450.37
-3467.41
-3465.4
-3437.37
-3488.54
-3430.89
-3475.01
-3430.49
-3431.86
-3395.92
-3439.34
-3440.68
-3432.22
-3454.42
-3453.26
-3424.69
-3430.62
-3409.44
-3469.87
-3434.11
-3470.5
-3426.63
-3461.63
-3428.08
-3409.18
-3428.92
-3415.33
-3392.28
-3441.31
-3438.15
-3468.84
-3431.34
-3468.15
-3447.22
-3437.33
-3458.1
-3448.97
-3446.13
-3401.14
-3419.45
-3461.65
-3431.56
-3420.86
-3475.21
-3461.97
-3365.81
-3409.63
-3444.1
-3460.51
-3431.27
-3420.12
-3430.86
-3455.11
-3421.48
-3460.04
-3442.26
-3463.9
-3437.56
-3456.03
-3461.08
-3422.69
-3496.61
-3400.05
-3421.26
-3477.15
-3461.98
-3407.47
-3439.34
-3437.92
-3449.59
-3384.25
-3421.5
-3446.36
-3427.4
-3406.23
-3418.92
-3413.63
-3434.77
-3451.85
-3439.64
-3482.35
-3431.79
-3445.63
-3431.26
-3462.07
-3452.18
-3443.3
-3460.64
-3456.8
-3414.76
-3461.58
-3483.2
-3445.18
-3494.63
-3403.68
-3440.3
-3459.04
-3419.93
-3431.72
-3411.92
-3423.96
-3389.4
-3408.94
-3426.64
-3443.63
-3457.97
-3431.58
-3420.81
-3461.39
-3437.28
-3401.12
-3418.2
-3442.09
-3423.78
-3478.44
-3469.51
-3476.93
-3451.73
-3472.55
-3454.07
-3428.04
-3428.39
-3414.48
-3431.17
-3454.14
-3484.44
-3460.07
-3448.11
-3444.18
-3445.15
-3403.74
-3463.53
-3484.89
-3435.04
-3423.25
-3480.06
-3417.89
-3460.25
-3439.36
-3467.63
-3458.09
-3452.29
-3392.45
-3434.95
-3395.66
-3434.86
-3420.04
-3426.31
-3456.34
-3447.31
-3443.7
-3444.03
-3405.68
-3424.56
-3392.06
-3400.26
-3455.66
-3452.09
-3416.28
-3417.38
-3401.74
-3460.67
-3447.56
-3438.21
-3432.39
-3448.72
-3428.99
-3429.52
-3447.4
-3434.23
-3426.58
-3405.98
-3424.97
-3443.23
-3381.34
-3403.62
-3457.38
-3454.88
-3433.87
-3385.11
-3472.51
-3429.08
-3440.24
-3429.94
-3452.72
-3397.51
-3375.7
-3462.39
-3456.13
-3459.61
-3466.36
-3393.8
-3441.37
-3377.46
-3451.2
-3426.96
-3437.41
-3415.13
-3441.41
-3447.85
-3459.78
-3453.68
-3435.29
-3484.81
-3477.09
-3453.43
-3449.32
-3469.88
-3409.79
-3438.79
-3457.74
-3447.25
-3445.81
-3436.47
-3389.22
-3351.63
-3499.48
-3421.03
-3407.98
-3434.34
-3439.17
-3456.71
-3459.68
-3466.03
-3435.18
-3428.83
-3435.07
-3422.81
-3417.29
-3461.26
-3430.23
-3431.4
-3448.26
-3468.08
-3454.38
-3430.12
-3440.44
-3412.51
-3449.21
-3400.74
-3436.68
-3394.1
-3408.36
-3409.5
-3440.7
-3432.89
-3444.33
-3445.08
-3405.25
-3470.31
-3410.99
-3482.56
-3439.51
-3425.54
-3389.99
-3437.35
-3410.69
-3453.79
-3450.26
-3418.52
-3454.08
-3434.79
-3440.08
-3428.9
-3459.52
-3411.19
-3448.04
-3407.52
-3437.83
-3480.85
-3472.37
-3461.53
-3431.28
-3402.07
-3407.97
-3444.29
-3461.9
-3436.86
-3463.43
-3455.9
-3479.29
-3459.88
-3420.13
-3470.79
-3467.58
-3461.32
-3463.03
-3471.29
-3451.48
-3471.05
-3441.18
-3469.67
-3452.12
-3415.91
-3405.01
-3451.7
-3455.37
-3417.7
-3430.52
-3417.27
-3471.45
-3462.04
-3442.95
-3485.19
-3421.8
-3447.95
-3427.5
-3427.62
-3434.49
-3465.9
-3438.4
-3446.98
-3426.51
-3446.18
-3481.42
-3461.56
-3458.52
-3408.4
-3431.78
-3444.68
-3458.06
-3433.47
-3496.9
-3395.97
-3452.33
-3432.95
-3411.93
-3416.03
-3447.56
-3475.32
-3450.5
-3417.2
-3442.09
-3439.71
-3462.36
-3438.48
-3454.59
-3415.42
-3432.64
-3416.86
-3446.62
-3405.5
-3468.3
-3451.5
-3412.55
-3466.06
-3424.05
-3448.43
-3434.13
-3416.74
-3454.11
-3440.32
-3456.91
-3436.23
-3421.37
-3420.64
-3403.89
-3430.55
-3444.65
-3429.07
-3458.67
-3464.29
-3445.73
-3479.52
-3436.81
-3437.63
-3433.3
-3464.59
-3377.98
-3418.85
-3421.48
-3430.57
-3430.1
-3489.08
-3421.46
-3407.84
-3435.6
-3486.56
-3415.64
-3476.59
-3435.11
-3452.39
-3431.22
-3466
-3411.59
-3377.34
-3442.9
-3435.11
-3478.93
-3471.84
-3432.26
-3462.57
-3410.17
-3463.05
-3438.91
-3466.85
-3436.24
-3399.34
-3440.22
-3444.2
-3441.16
-3439.06
-3408.22
-3412.51
-3391.61
-3429.2
-3440.3
-3432.06
-3456.19
-3417.36
-3423.15
-3414.1
-3464.78
-3427.07
-3450.16
-3398.73
-3449.48
-3446.99
-3460.66
-3436.71
-3425.26
-3449.3
-3422.98
-3439.31
-3436.45
-3431.78
-3416.59
-3448.48
-3463.95
-3410.73
-3423.03
-3418.2
-3441.89
-3442.62
-3401.8
-3399.18
-3414.68
-3469.1
-3465.68
-3471.94
-3468.19
-3422.33
-3412.81
-3406.35
-3476.47
-3442.21
-3440.64
-3385.85
-3427.15
-3414.13
-3437.5
-3409.81
-3406.15
-3433.11
-3451.24
-3496.03
-3448.44
-3444.95
-3435.98
-3457.52
-3454.19
-3415.03
-3439.56
-3428.25
-3464.78
-3387.6
-3443.24
-3440.69
-3439.75
-3418.69
-3423.06
-3379.14
-3428.64
-3407.44
-3446.16
-3394.19
-3453.5
-3424.83
-3452.68
-3441.84
-3463.68
-3409.11
-3455.72
-3471.42
-3429.23
-3454.45
-3464.93
-3401.35
-3440.57
-3449.42
-3454.96
-3449.91
-3473.12
-3458.94
-3408.78
-3433.42
-3400.84
-3462.87
-3431.93
-3431.63
-3411.5
-3414.58
-3425.44
-3406.47
-3415.09
-3435.65
-3394.49
-3452.51
-3444.34
-3415.54
-3450.1
-3421.1
-3441.42
-3471.02
-3426.66
-3433.88
-3375.59
-3418.47
-3451.46
-3453.24
-3428.7
-3437.81
-3469.43
-3443.47
-3488.6
-3455.69
-3447.68
-3450.28
-3406.55
-3445.78
-3494.45
-3441.73
-3406.28
-3428.09
-3442.98
-3442.48
-3423.4
-3426.27
-3431.35
-3432.64
-3443.04
-3461.55
-3455.63
-3441.47
-3410.81
-3407.02
-3447.38
-3452.11
-3486.69
-3420.93
-3422.79
-3419.19
-3436.2
-3412.61
-3429.9
-3403.71
-3425.91
-3420.74
-3425.69
-3430.6
-3443.7
-3422
-3442.17
-3444.88
-3432.7
-3415.58
-3386.15
-3447.3
-3457.64
-3459.8
-3442.69
-3403.09
-3410.77
-3418.94
-3454.04
-3443.79
-3460.94
-3421.36
-3433.68
-3397.41
-3408.02
-3432.84
-3448.22
-3403.97
-3417.2
-3415.6
-3427.05
-3420.28
-3424.01
-3432.35
-3433.03
-3444.73
-3440.82
-3418.58
-3423.67
-3429.4
-3430.28
-3440.32
-3403.75
-3392.76
-3448.52
-3434.52
-3456.3
-3437.29
-3415.25
-3416.84
-3476.91
-3427.13
-3411.55
-3480.2
-3460.37
-3452.58
-3432.6
-3444.42
-3456.43
-3473.32
-3471.7
-3423.26
-3439.23
-3429.17
-3431.12
-3468.62
-3423.36
-3395.19
-3416.69
-3437.27
-3424.67
-3442.39
-3448.51
-3480.15
-3470.48
-3452.51
-3450.55
-3422.46
-3462.76
-3429.69
-3401.5
-3441.54
-3419.46
-3410.46
-3429.74
-3427.62
-3447.21
-3446.4
-3465.84
-3473.5
-3417.84
-3430.77
-3458.43
-3475.22
-3421.23
-3429.76
-3429.99
-3464.55
-3453.52
-3418.3
-3409.75
-3428.96
-3387.83
-3426.73
-3451.13
-3443.54
-3466.64
-3460.21
-3451.72
-3442.07
-3451.17
-3464.42
-3422.02
-3437.16
-3428.76
-3462.79
-3487.5
-3394.17
-3393.76
-3456.27
-3467.47
-3412.25
-3427.32
-3439.09
-3464.69
-3424.92
-3433.23
-3439.22
-3444.78
-3436.95
-3440.27
-3418.32
-3431.07
-3465.21
-3436.55
-3435.06
-3418.92
-3379.03
-3472.87
-3462.26
-3414.73
-3404.17
-3410.34
-3453.07
-3421.93
-3447.92
-3485.56
-3437.74
-3428.37
-3481.14
-3437.1
-3451.94
-3483.68
-3437.23
-3439.26
-3461.43
-3429.04
-3412
-3429.55
-3414.04
-3427.25
-3435.3
-3435.61
-3441.7
-3415.82
-3433.4
-3449.51
-3459.87
-3411.51
-3435.69
-3409.47
-3385.6
-3474.43
-3443.67
-3424.9
-3458.97
-3440.17
-3477.62
-3405.07
-3431.53
-3411.99
-3425.74
-3410.88
-3425.51
-3404.04
-3431.56
-3461.44
-3429.84
-3425.31
-3439.91
-3466.85
-3436.86
-3444.05
-3436.93
-3433.63
-3399.09
-3435.99
-3419.25
-3422.15
-3472.81
-3468.78
-3416.93
-3426.49
-3435.38
-3432.29
-3452.17
-3405.84
-3426.78
-3451.84
-3442.54
-3386.66
-3434.55
-3432.14
-3453.98
-3446.71
-3468.69
-3459.55
-3476.23
-3460.67
-3449.83
-3430.83
-3431.86
-3439.21
-3430.38
-3415.74
-3441.3
-3446.41
-3402.54
-3456.18
-3435.18
-3497.88
-3420.75
-3411.88
-3462.84
-3446.19
-3435.36
-3438.59
-3433.56
-3453.1
-3456.47
-3469.89
-3422.64
-3452.71
-3418.92
-3441.84
-3434.64
-3431
-3405.75
-3434.25
-3433.37
-3444.05
-3465.37
-3452.03
-3443.64
-3432.08
-3452.83
-3481.46
-3441.15
-3450.72
-3452.41
-3453.21
-3490.9
-3481.95
-3446.16
-3459.04
-3425.88
-3472.23
-3457.9
-3441.07
-3464.95
-3418.63
-3422.49
-3435.15
-3428.34
-3447.77
-3475.1
-3452.59
-3454.02
-3478.23
-3440.63
-3425.48
-3416.66
-3430.96
-3411.21
-3491.82
-3435.47
-3442.14
-3418.04
-3399.48
-3425.81
-3442.59
-3432.89
-3444.5
-3469.98
-3459.33
-3451.46
-3447.87
-3463.6
-3433.89
-3478.75
-3431.46
-3461.32
-3441.64
-3447.72
-3442.69
-3458.64
-3428.7
-3456.04
-3405.57
-3401.01
-3380.86
-3395.79
-3435.39
-3455.37
-3387.36
-3441.77
-3467.91
-3418.06
-3395.04
-3440.4
-3424.08
-3438.77
-3423.05
-3425.49
-3418.16
-3465.05
-3409.32
-3484.4
-3451.84
-3458.92
-3462.86
-3439.9
-3446.73
-3451.29
-3432.01
-3449.53
-3437.67
-3387.57
-3450.14
-3413.05
-3490.5
-3445.05
-3403.33
-3444.53
-3406.38
-3447.76
-3436.87
-3495.66
-3421.94
-3427.38
-3461.7
-3459.8
-3467.93
-3443.49
-3440.67
-3406.67
-3462.91
-3420.81
-3411.1
-3442.76
-3449.12
-3434.24
-3447.98
-3440.95
-3461.95
-3457.33
-3429.57
-3399.59
-3419.69
-3431.57
-3453.2
-3435.29
-3460.29
-3466.46
-3451.69
-3456.99
-3436.57
-3495.78
-3437.12
-3420.38
-3448.95
-3467.21
-3441.33
-3480.98
-3416.79
-3457.5
-3432.61
-3475.84
-3460.24
-3452.68
-3470.13
-3389.84
-3484.85
-3460.77
-3433.57
-3441.7
-3425.27
-3443.76
-3415.16
-3479.29
-3416.25
-3441.97
-3428.77
-3386
-3477.43
-3437.68
-3437.46
-3433.12
-3441.55
-3450.84
-3439.16
-3411.23
-3410.19
-3448.34
-3453.97
-3438.48
-3461.78
-3422.78
-3428.61
-3443.27
-3415.35
-3465.29
-3440.57
-3437.02
-3445.51
-3427.4
-3484.31
-3438.14
-3430.73
-3443.65
-3436.23
-3438.7
-3472.88
-3463.84
-3452.06
-3410.08
-3426.02
-3423.55
-3428.91
-3453.64
-3436.7
-3410.77
-3450.85
-3449.96
-3475.72
-3435.52
-3445.02
-3449.15
-3451.35
-3445.15
-3479.32
-3445.72
-3378.37
-3463.52
-3486.29
-3460.28
-3441.32
-3457.62
-3419.41
-3445.62
-3476.99
-3441.34
-3402.67
-3466.87
-3441.23
-3442.36
-3457.72
-3454.78
-3475.82
-3456.16
-3421.73
-3475.97
-3443.79
-3459.53
-3459.49
-3454.05
-3436.62
-3455.27
-3470.25
-3432.12
-3380.59
-3431.87
-3400.12
-3425.63
-3407.09
-3468.73
-3424.58
-3450.52
-3443.19
-3440.48
-3435.5
-3445.85
-3428.02
-3451.72
-3459
-3447.23
-3427.91
-3451.36
-3406.25
-3449.95
-3420.59
-3462.76
-3493.01
-3471.02
-3434.66
-3495.03
-3481.88
-3458.94
-3420.38
-3422.58
-3439.74
-3412.22
-3452.26
-3413.35
-3422.48
-3421.52
-3427.92
-3451.42
-3444.42
-3513.4
-3459.89
-3440.95
-3460.92
-3454.38
-3439.45
-3461.97
-3419.98
-3440.59
-3452.33
-3444.26
-3436.52
-3456.34
-3430.69
-3441.95
-3452.14
-3432.25
-3423.62
-3415.56
-3432.41
-3469.17
-3411.3
-3435.56
-3484.56
-3427.52
-3424.61
-3444.38
-3441.95
-3493.81
-3445.86
-3445.99
-3396.56
-3439.37
-3429.39
-3418.44
-3437.79
-3433.1
-3420.98
-3480.1
-3471.38
-3464.09
-3457.63
-3420.82
-3427.77
-3454.58
-3405.69
-3447.33
-3444.66
-3420.76
-3461.51
-3445.21
-3432.33
-3443.18
-3413.17
-3400.21
-3433.91
-3442.75
-3414.49
-3455.04
-3441.87
-3411.55
-3409.93
-3432.68
-3474.53
-3434.75
-3435.7
-3424.23
-3445.31
-3466.83
-3480.58
-3419.75
-3436.35
-3455.17
-3448.37
-3462
-3417.03
-3441.99
-3427.07
-3443.37
-3427.7
-3423.38
-3451.99
-3412.05
-3431.58
-3461.76
-3431.52
-3461.75
-3441
-3445.86
-3473.67
-3434.13
-3445.06
-3436.59
-3453.68
-3469.89
-3440.35
-3447.54
-3420
-3441.55
-3452.02
-3475.55
-3420.73
-3455.46
-3426.07
-3455.67
-3437.67
-3469.88
-3450.5
-3414.73
-3463.79
-3423.34
-3473.38
-3481.75
-3431.58
-3460.64
-3438.55
-3397.85
-3443.97
-3398.66
-3420.28
-3407.53
-3430.33
-3431.96
-3448
-3477.76
-3421.6
-3410.82
-3391.15
-3442.98
-3412.29
-3395.21
-3459.88
-3463.6
-3413.33
-3409.95
-3430.31
-3445.63
-3396.13
-3438.69
-3383.83
-3439.23
-3456.74
-3458.47
-3421
-3471.75
-3458.74
-3421.51
-3395.21
-3381.22
-3446.46
-3438.29
-3414.81
-3434.81
-3469.36
-3450.02
-3440.94
-3436.83
-3455.49
-3375.45
-3438.04
-3444.18
-3450.69
-3441.33
-3435.13
-3441.69
-3429.44
-3421.7
-3476.92
-3457.77
-3432.17
-3464.71
-3410.17
-3436.44
-3424.41
-3429.31
-3432.74
-3437.09
-3439.76
-3452.31
-3459.31
-3472.85
-3443.3
-3480.22
-3461.96
-3469.86
-3461.59
-3463.93
-3448.62
-3449.2
-3437.18
-3422.99
-3446.7
-3416.1
-3416.32
-3422
-3476.75
-3457.94
-3441.42
-3457.11
-3422.92
-3451.98
-3449.8
-3454.62
-3431.74
-3390.67
-3438.07
-3430.78
-3464.95
-3482.83
-3432.68
-3457.83
-3423.69
-3396.74
-3472.08
-3448.63
-3428.15
-3409.38
-3415.49
-3440.03
-3438.9
-3413.16
-3466.99
-3457.04
-3420.7
-3473.63
-3439.2
-3442.87
-3457.21
-3487.14
-3414.8
-3427.67
-3426.7
-3427.74
-3434.36
-3469.97
-3457.61
-3432.35
-3436.36
-3425.97
-3438.83
-3447.92
-3447.17
-3441.49
-3443.46
-3445.02
-3420.26
-3463.52
-3428.22
-3422.57
-3465.82
-3475.57
-3479.39
-3450.91
-3439.28
-3451.51
-3445.58
-3431.02
-3468.05
-3427.44
-3445.34
-3429.93
-3452.58
-3428.92
-3448.09
-3438.87
-3451.41
-3425.75
-3444.13
-3461.25
-3425.56
-3456.98
-3430.61
-3453.68
-3452.84
-3458.29
-3412.14
-3429.53
-3431.54
-3451.42
-3458.87
-3491.38
-3460.94
-3431.43
-3425.23
-3401.69
-3462.02
-3454.32
-3451.83
-3455.65
-3440.72
-3431.69
-3454.43
-3452.77
-3443.96
-3462.8
-3477.85
-3397.04
-3424.1
-3439.65
-3465.59
-3449.81
-3422.42
-3421.18
-3382.24
-3430.93
-3428.03
-3429.03
-3466.93
-3445.07
-3430.1
-3440.51
-3484.06
-3442.95
-3446.62
-3429.76
-3431.31
-3407.51
-3451.1
-3458.01
-3458.79
-3451.51
-3438.64
-3454.17
-3456.08
-3460.37
-3438.18
-3441.22
-3457.79
-3437.24
-3466.28
-3393.81
-3416.15
-3430.31
-3445.94
-3426.48
-3435.83
-3478.93
-3454.39
-3449.58
-3458.16
-3460.99
-3454.55
-3415.24
-3484.15
-3438.68
-3438.18
-3423.22
-3458.38
-3432.09
-3416.04
-3457.82
-3485.97
-3468.25
-3402.46
-3478.14
-3419.13
-3448.89
-3459.21
-3453.31
-3435.27
-3465.41
-3467.6
-3435.77
-3429.66
-3414.23
-3453.54
-3467.78
-3424.65
-3435.15
-3450.72
-3439.69
-3436.71
-3447.5
-3469.94
-3463.39
-3432.11
-3468.18
-3452.27
-3462.5
-3425.7
-3432.19
-3436.05
-3399.82
-3441.29
-3388.2
-3446.36
-3438.87
-3442.21
-3373.13
-3409.29
-3458.09
-3472.34
-3449.54
-3415.78
-3446.73
-3474.28
-3425.87
-3429.98
-3395.91
-3455.32
-3460.23
-3447.66
-3439.66
-3447.3
-3437.2
-3488.56
-3407.53
-3442.35
-3440.74
-3438.83
-3440.67
-3420.21
-3445.06
-3441.95
-3410.09
-3435.81
-3421.83
-3375.12
-3432.87
-3463.56
-3440.46
-3442.39
-3446.91
-3444.83
-3495.5
-3443.13
-3426.82
-3454.32
-3465.69
-3460.4
-3434.86
-3489.83
-3441.65
-3435.26
-3451.52
-3450.79
-3417.06
-3459.9
-3453.38
-3466.03
-3450.54
-3424.41
-3398.15
-3417.71
-3462.16
-3413.78
-3455.86
-3470.22
-3404.67
-3465.12
-3435.24
-3425.42
-3468.12
-3434.83
-3450.07
-3424.19
-3496.75
-3445.74
-3448.09
-3435.51
-3472.95
-3448.29
-3439.24
-3434.91
-3444.59
-3440.45
-3426.13
-3429.08
-3452.03
-3476.18
-3450.4
-3449.92
-3433.39
-3453.32
-3460.49
-3419.44
-3447.04
-3472.54
-3448.74
-3410.06
-3418.99
-3391.88
-3458.56
-3435.61
-3461.2
-3464.58
-3442.67
-3453.77
-3493.37
-3440.6
-3421.61
-3425.8
-3447.19
-3443.72
-3411.37
-3451.39
-3451.76
-3483.48
-3436.39
-3438.33
-3431.15
-3443.9
-3439.85
-3450.22
-3429.94
-3481.2
-3472.95
-3462.43
-3422.14
-3454.73
-3413.56
-3399.59
-3416.41
-3418.68
-3444.61
-3465.41
-3432.75
-3455.58
-3448.14
-3432.81
-3462.86
-3437.54
-3462.36
-3459.52
-3392.27
-3422.71
-3474.6
-3432.36
-3407.46
-3450.39
-3416.14
-3434.85
-3434.85
-3439.01
-3410.46
-3443.32
-3430.38
-3425.06
-3442.65
-3405.04
-3439.24
-3464.83
-3450.42
-3416.37
-3425.46
-3468.35
-3439.02
-3450.28
-3438.71
-3449.74
-3409.44
-3476.55
-3474.11
-3448.44
-3465.29
-3445.23
-3432.06
-3402.57
-3414.44
-3473.87
-3449.39
-3481.96
-3477.66
-3467.7
-3398.55
-3433.7
-3443.11
-3452.46
-3466.64
-3474.83
-3470.76
-3458.46
-3478.58
-3465.63
-3462.55
-3461.26
-3473.24
-3431.62
-3417.93
-3467.77
-3452.87
-3417.94
-3426.4
-3438.9
-3453.2
-3429.3
-3452.87
-3433.79
-3395.34
-3464
-3421.99
-3431.52
-3404.49
-3445.9
-3411.48
-3466.41
-3416.83
-3402.72
-3383.18
-3430.5
-3448.49
-3437.39
-3415.24
-3445.22
-3444.47
-3441.16
-3452.93
-3465.18
-3444.77
-3433.99
-3432.23
-3455.49
-3415.6
-3441.71
-3436.84
-3419.98
-3422.06
-3427.76
-3434.61
-3454.7
-3423.13
-3478.97
-3436.28
-3449.32
-3428.65
-3427.41
-3472.92
-3405.83
-3439.53
-3441.69
-3443.39
-3411.69
-3464
-3465.24
-3447.97
-3444.49
-3446.66
-3440.28
-3464.26
-3454.72
-3442.48
-3440.16
-3474.33
-3436.5
-3441.37
-3491.79
-3438.37
-3419.28
-3436.51
-3471.74
-3428.47
-3436.71
-3411.7
-3438.01
-3428.64
-3474.03
-3405.96
-3468.77
-3421.03
-3436.95
-3440.55
-3440.94
-3445.64
-3402.77
-3494
-3460.6
-3472.98
-3408.75
-3447.84
-3440.47
-3440.89
-3413.53
-3454.21
-3435.88
-3470.76
-3422.94
-3442.59
-3476.43
-3429.32
-3431.19
-3473.88
-3474.66
-3441.33
-3427.64
-3430.78
-3453.74
-3471.35
-3390.18
-3425.83
-3464.23
-3433.65
-3421.48
-3467.67
-3432.53
-3469.56
-3459.14
-3451.25
-3419.35
-3414.76
-3424.33
-3463.53
-3424.66
-3435.71
-3415.39
-3441.67
-3453.33
-3432.12
-3449.72
-3434.48
-3465.57
-3456.53
-3458.86
-3459.18
-3451.25
-3421.93
-3436.39
-3438.38
-3464.91
-3433.25
-3418.43
-3424
-3419.85
-3408.5
-3451.61
-3401
-3462.56
-3454.23
-3423.34
-3474.29
-3436.47
-3448.11
-3407.39
-3446.11
-3445.13
-3454.41
-3454.79
-3472.1
-3443.55
-3461.27
-3441.66
-3456.39
-3438.42
-3453.93
-3443.82
-3415.83
-3405.89
-3392.09
-3452.03
-3448.7
-3457.13
-3420.63
-3425.38
-3418.01
-3425.04
-3436.29
-3450.55
-3427.22
-3443.67
-3391.15
-3450.01
-3443.92
-3446.16
-3443.72
-3413.87
-3443.09
-3428.73
-3433.92
-3416.67
-3450.82
-3445.25
-3436.11
-3419.94
-3457.79
-3469.46
-3422.03
-3451.56
-3425.28
-3455.57
-3442.51
-3472.79
-3505.8
-3408.24
-3451.65
-3428.93
-3431.42
-3442.96
-3430.27
-3410.47
-3437.1
-3416.93
-3471.3
-3451.57
-3457.96
-3418.69
-3442.18
-3443.8
-3445.14
-3409.02
-3444.53
-3454.44
-3433.52
-3427.7
-3434.47
-3441.97
-3459.88
-3457.61
-3431.42
-3412.54
-3423.03
-3435.32
-3466.97
-3437.9
-3406.66
-3407.4
-3470.71
-3439.86
-3474.52
-3431.65
-3444.5
-3440.94
-3401.96
-3432.62
-3420.78
-3415.44
-3454.05
-3425.25
-3436.61
-3461.76
-3467.07
-3447.81
-3438.28
-3451.29
-3435.53
-3491.01
-3461.25
-3436.45
-3457.28
-3457.92
-3454.59
-3451.64
-3404.27
-3445.72
-3486.99
-3420.8
-3455.09
-3436.84
-3437.27
-3448.63
-3416.91
-3433.44
-3424.95
-3444.71
-3456.62
-3463.19
-3444.08
-3465.42
-3437.77
-3443.96
-3423.01
-3428.34
-3437.83
-3396.94
-3453.13
-3463.41
-3454.12
-3406.8
-3434.83
-3434.78
-3424.8
-3471.39
-3402.17
-3434.93
-3426.5
-3448.39
-3403.84
-3443.49
-3477.99
-3450.79
-3495.81
-3426.55
-3434.82
-3415.83
-3446.09
-3459.19
-3435.35
-3411.78
-3454.14
-3403.53
-3420.4
-3422.16
-3451.05
-3447.74
-3438.67
-3425.3
-3438.27
-3437.93
-3450.95
-3486.41
-3440.2
-3446.33
-3419.82
-3442.93
-3421.45
-3446.26
-3426.4
-3454.93
-3429.72
-3441.2
-3420.43
-3407.26
-3428.8
-3445.84
-3421.41
-3441.77
-3456.81
-3475.42
-3429.78
-3465.71
-3442.55
-3443.1
-3419.08
-3436.83
-3461.39
-3434.1
-3426
-3450.71
-3460.05
-3464.55
-3430.89
-3433.4
-3465.22
-3500.32
-3464.41
-3454.02
-3438.56
-3454.52
-3473.87
-3449.12
-3471.81
-3427.32
-3416.22
-3441.25
-3456.56
-3416.64
-3459.27
-3466.78
-3463.38
-3439.63
-3432.17
-3424.82
-3458.57
-3467.52
-3455.79
-3447.92
-3444.35
-3427.15
-3420.83
-3440.31
-3443.47
-3465.01
-3433.07
-3425.54
-3453.37
-3422.38
-3452.2
-3435.28
-3468.42
-3448.65
-3451.07
-3418.53
-3435.18
-3433.67
-3410.49
-3411.46
-3396.31
-3425.4
-3426.26
-3448.28
-3417.83
-3430.21
-3420.98
-3431.21
-3421.25
-3426.83
-3489.58
-3443.6
-3424.91
-3425.84
-3409.16
-3434.23
-3443.01
-3425.2
-3407.62
-3433.2
-3462.66
-3409.38
-3415.03
-3451.82
-3390.73
-3465.03
-3402.24
-3462.09
-3441.58
-3429.91
-3425.47
-3428.33
-3415
-3427.97
-3426.6
-3418.77
-3481.61
-3465.96
-3478.85
-3429.57
-3461.82
-3463.14
-3483.59
-3446.63
-3428.46
-3434.96
-3441.69
-3455.43
-3410.16
-3426.89
-3435.67
-3474.33
-3397.62
-3412.08
-3418.32
-3481.98
-3490.08
-3415.41
-3439.63
-3453.78
-3421.01
-3438.53
-3496.96
-3420.64
-3460.51
-3489.85
-3447
-3457.42
-3445.58
-3410.59
-3438.77
-3407.81
-3424.25
-3448.22
-3434.91
-3406.36
-3451.95
-3440.56
-3438.9
-3459.77
-3438.48
-3473.97
-3492.63
-3447.33
-3390.29
-3456.7
-3465.91
-3427.07
-3446.98
-3410.19
-3431.21
-3451.1
-3427.67
-3456.82
-3466.53
-3428.05
-3428.62
-3464.57
-3477.48
-3432.47
-3438.78
-3456.39
-3400.77
-3436.22
-3436.49
-3422.41
-3433.4
-3450.25
-3439.93
-3435.41
-3410.84
-3439.57
-3419.26
-3441.06
-3450.93
-3445.11
-3484.4
-3448.99
-3435.19
-3449.34
-3415.44
-3435.81
-3426.66
-3411.24
-3419.98
-3427.64
-3443.12
-3497.05
-3455.42
-3456.23
-3425.41
-3480.72
-3431.76
-3446.01
-3456.17
-3419.46
-3464.03
-3392.91
-3433.18
-3437.98
-3436.85
-3400.13
-3426.58
-3386.49
-3400.49
-3416.72
-3458.77
-3443.45
-3456.91
-3471.48
-3432.72
-3425.29
-3465.03
-3427.41
-3434.4
-3410.09
-3429.08
-3450.41
-3474.14
-3394.97
-3452.66
-3438.74
-3435.63
-3417.87
-3455.96
-3443.39
-3391.77
-3424.05
-3430.23
-3423.15
-3442.63
-3467.13
-3418.07
-3430.18
-3424.45
-3459.99
-3453.53
-3433.08
-3435.93
-3442.05
-3450.34
-3464.57
-3438.33
-3470.54
-3421.83
-3454.94
-3435.24
-3424.93
-3437.3
-3486.92
-3452.58
-3461.59
-3432.31
-3444.16
-3409.07
-3424.35
-3431.1
-3404.18
-3428.24
-3446.24
-3443.41
-3447
-3469.2
-3431.51
-3443.05
-3468.61
-3426.91
-3410.36
-3419.44
-3456.79
-3463.26
-3374.95
-3434.99
-3404.9
-3438.95
-3421.3
-3457.1
-3483.43
-3449.54
-3399.1
-3456.32
-3424.88
-3425.91
-3407.7
-3423.22
-3445.71
-3428.91
-3414.72
-3436.12
-3431.63
-3433.05
-3434.91
-3454.9
-3422.49
-3454.52
-3433.84
-3413.45
-3445.22
-3451.69
-3472.7
-3454.82
-3409.16
-3420.29
-3446.02
-3450.43
-3391.35
-3478.86
-3441.03
-3398.23
-3457.62
-3452.15
-3453.13
-3424.49
-3465.56
-3426.29
-3459.23
-3455.28
-3439.8
-3454.97
-3456.67
-3454.78
-3449.71
-3430.48
-3435.42
-3427.52
-3425.31
-3427.65
-3439.37
-3439.26
-3480.69
-3480.94
-3416
-3378.23
-3454.16
-3455.68
-3411.13
-3429.28
-3467.05
-3430.98
-3424.41
-3407.45
-3445.99
-3434.97
-3487.69
-3476.9
-3437.43
-3455.02
-3457.6
-3441.53
-3452.64
-3459.09
-3434.2
-3462.64
-3458.54
-3440.07
-3450.77
-3433.43
-3447.86
-3432.83
-3432.18
-3432.04
-3480.78
-3449.72
-3413.28
-3425.61
-3416.08
-3443.98
-3464.21
-3446.01
-3438.28
-3437.79
-3454.18
-3449.9
-3439.47
-3467.47
-3430.22
-3442.61
-3415.56
-3410.25
-3431.75
-3445.53
-3411.59
-3443.54
-3460.1
-3411.85
-3385.64
-3463.68
-3471.93
-3449.45
-3421.39
-3448.08
-3407.79
-3441.94
-3428.95
-3422.04
-3442.05
-3442.28
-3422.4
-3443.11
-3423.03
-3439.03
-3418.85
-3447.02
-3426.34
-3479.78
-3473.8
-3446.67
-3446.43
-3432.35
-3444.06
-3425.19
-3463.52
-3417.31
-3431.84
-3450.18
-3392.86
-3442.53
-3458.97
-3468.88
-3474.07
-3438.5
-3476.23
-3418.26
-3444.11
-3489.35
-3432.58
-3419.73
-3437.55
-3448.08
-3434.55
-3438.69
-3439.01
-3459.45
-3413.85
-3459.79
-3474.41
-3426.51
-3425.72
-3443.1
-3420.15
-3426.87
-3437.55
-3449.36
-3440.63
-3417.82
-3434.5
-3382.34
-3407.25
-3432.51
-3427.46
-3465.51
-3443.17
-3381.26
-3448.82
-3478.33
-3424.71
-3454.11
-3423.34
-3427.02
-3424.95
-3405.83
-3446.99
-3480.79
-3413.86
-3433.72
-3459.89
-3418
-3377.45
-3447.51
-3437.02
-3439.68
-3478.69
-3459.97
-3451.94
-3386.44
-3413.81
-3426.88
-3390.53
-3416.89
-3416.48
-3458.17
-3440.02
-3430.84
-3458.45
-3408.37
-3435.37
-3457.38
-3446.51
-3446.18
-3435.48
-3442.25
-3431.93
-3448.44
-3476.13
-3473.18
-3433.57
-3421.96
-3430.97
-3450.86
-3448.89
-3445.45
-3445.79
-3449.14
-3410.23
-3449.4
-3435.4
-3437.48
-3466.03
-3446.51
-3415.77
-3459.34
-3461.02
-3437.42
-3460.14
-3436.09
-3430.78
-3456.69
-3436.96
-3415.82
-3434.89
-3418.09
-3438.92
-3405.8
-3420.13
-3460.24
-3438.58
-3456.28
-3464.44
-3454.21
-3438.02
-3411.36
-3425.94
-3435.24
-3454.02
-3437.45
-3385.81
-3389.36
-3450.72
-3459.67
-3442.23
-3454.98
-3461.09
-3406.68
-3415.12
-3454.18
-3399.04
-3436.93
-3416.09
-3431.82
-3464.48
-3438.84
-3436.3
-3443.94
-3430.47
-3392.03
-3446.42
-3493.35
-3468.01
-3446.28
-3477.84
-3424.89
-3468.63
-3452.81
-3466.3
-3436.01
-3469.96
-3403.36
-3436.42
-3447.09
-3452.29
-3374.93
-3437.36
-3419.1
-3422.69
-3417.78
-3457.38
-3418.82
-3446.1
-3420.27
-3477.97
-3434.71
-3462.06
-3465.85
-3439.87
-3459.49
-3436.46
-3442.75
-3445.27
-3438.31
-3436.97
-3449.17
-3398.81
-3433.08
-3421.61
-3471.07
-3475.19
-3429.45
-3425.9
-3415.98
-3470.12
-3474.63
-3461.32
-3421.66
-3417.58
-3438.79
-3434.49
-3419.91
-3441.54
-3476.12
-3419.17
-3414.14
-3450.77
-3425.77
-3374.34
-3389.07
-3451.32
-3427.32
-3457.46
-3475.71
-3437.94
-3428.74
-3446.41
-3395.76
-3469.21
-3467.31
-3422.68
-3463.76
-3464.74
-3459.42
-3469.71
-3463.85
-3408.72
-3445.39
-3440.36
-3409.63
-3431.72
-3491.36
-3455.27
-3400.53
-3436.39
-3441.2
-3474.27
-3386.24
-3442.54
-3421.39
-3439.54
-3415.55
-3405.68
-3409.32
-3420.62
-3418.08
-3425.4
-3432.1
-3436.25
-3455.23
-3476.25
-3453.66
-3423.53
-3420.46
-3460.6
-3418.66
-3412.36
-3392.48
-3457.06
-3441.67
-3456.48
-3457.19
-3424.11
-3419.06
-3435.41
-3437.08
-3395.71
-3477.8
-3473.44
-3404.95
-3444.47
-3427.2
-3426.98
-3416.97
-3455.11
-3458.1
-3449.13
-3414.56
-3444.51
-3448.86
-3410.38
-3477.76
-3470.6
-3459.89
-3455.67
-3452.1
-3462.61
-3467.88
-3453.08
-3427.46
-3400.91
-3457.62
-3459.55
-3443.36
-3427.05
-3432.8
-3430.3
-3452.72
-3476.18
-3438.53
-3451.8
-3496.72
-3462.85
-3451.08
-3453.5
-3413.47
-3404.06
-3438.5
-3430.48
-3405.76
-3461
-3429.4
-3443.88
-3419.65
-3445.33
-3447.95
-3446.86
-3417.63
-3449.97
-3488.38
-3429.56
-3469.97
-3443.93
-3427.87
-3444.58
-3417.67
-3433.66
-3425.26
-3425.15
-3375.35
-3482.18
-3455.85
-3475.31
-3413.83
-3477.7
-3442.49
-3461.28
-3464.51
-3476.07
-3461.11
-3404.52
-3422.93
-3450.97
-3428.81
-3420.16
-3411.1
-3441.29
-3460.82
-3428.62
-3407.61
-3441.67
-3445.97
-3420.65
-3431.03
-3413.23
-3407.8
-3447.39
-3408.46
-3471.37
-3463.51
-3414.56
-3415.94
-3426.89
-3445.46
-3448.45
-3466.1
-3421.98
-3463.08
-3437.42
-3427.4
-3434.99
-3433.8
-3435.98
-3401.12
-3486.41
-3455.12
-3457.4
-3421.21
-3421.63
-3450.23
-3429.07
-3454.84
-3420.89
-3440.35
-3428.17
-3422.78
-3429.42
-3424.98
-3428.23
-3427.14
-3421.14
-3417.75
-3409.88
-3450.82
-3448.97
-3459.54
-3423.02
-3431.38
-3452.15
-3442.2
-3463.24
-3394.87
-3417.43
-3461.87
-3421.72
-3468.24
-3433.66
-3467.83
-3409.3
-3427.82
-3439.82
-3443.72
-3485.62
-3463.3
-3469.58
-3482.77
-3425.07
-3427.48
-3439.71
-3470.45
-3468.68
-3393.14
-3449.88
-3425.63
-3457.36
-3433.68
-3449.88
-3438.71
-3436.65
-3432.94
-3447.16
-3403.81
-3462.87
-3424.31
-3416.71
-3464.09
-3422.45
-3452.48
-3447.99
-3442.64
-3419.32
-3416.99
-3466.11
-3482.03
-3470.9
-3445.81
-3427.28
-3432.26
-3448.58
-3413.46
-3433.35
-3457.28
-3421
-3422.2
-3447.55
-3432.79
-3433.28
-3422.85
-3442.81
-3449.04
-3465.35
-3452.8
-3419.33
-3419.3
-3422.59
-3454.9
-3416.1
-3434.28
-3439.46
-3419.39
-3423.29
-3429.48
-3433.5
-3443.09
-3398.79
-3428.17
-3470.93
-3477.71
-3477.42
-3438.95
-3445.5
-3435.4
-3422.2
-3435.72
-3446.87
-3420.74
-3401.75
-3444.02
-3449.54
-3450.33
-3433.19
-3439.74
-3462.06
-3415.37
-3452.16
-3443.13
-3427.13
-3446.31
-3431.18
-3433.94
-3436.63
-3425.55
-3437.57
-3459.4
-3439.82
-3448.58
-3484.51
-3448.13
-3447.6
-3418.97
-3451.71
-3456.63
-3435.23
-3420.65
-3444.63
-3425.72
-3433.16
-3453.7
-3420.47
-3458.61
-3449.15
-3432.55
-3450.01
-3434.63
-3453.69
-3445.98
-3500.09
-3433.34
-3425.81
-3419.32
-3456.02
-3432.95
-3398.69
-3388.49
-3449.43
-3478.36
-3442.16
-3462.5
-3472.78
-3386.28
-3427.68
-3459.63
-3457.82
-3424.36
-3463.55
-3418.58
-3446.53
-3459.66
-3431.72
-3464.18
-3409.03
-3427.1
-3440.19
-3478.5
-3421.69
-3447.95
-3419.97
-3427.42
-3403.57
-3442.43
-3421
-3441.19
-3454.44
-3437.34
-3446.44
-3435.73
-3447.95
-3391.1
-3381.97
-3403.28
-3421.37
-3457.44
-3437.49
-3451.62
-3400.69
-3430.96
-3422.09
-3445.89
-3418.96
-3416.65
-3446.12
-3454.41
-3415.67
-3456.05
-3433.7
-3432.84
-3452.19
-3450.1
-3440.8
-3413.39
-3418.69
-3402.5
-3445.9
-3432.14
-3466.82
-3463.55
-3442.71
-3444.78
-3450.36
-3419.22
-3424.4
-3443.3
-3408.69
-3398.35
-3409.16
-3429.04
-3476.6
-3446.44
-3408.95
-3406.89
-3445.28
-3477.34
-3430.68
-3456.31
-3423.39
-3461.53
-3461.89
-3423.06
-3382.08
-3440.89
-3450.48
-3399.47
-3451.74
-3436.67
-3426.54
-3422.32
-3425.92
-3437.38
-3412.74
-3476.12
-3443.86
-3432.02
-3476.32
-3468.42
-3449.91
-3421.61
-3458.79
-3444.17
-3444.9
-3424.25
-3478.22
-3463.59
-3464.83
-3473.02
-3420.27
-3448.94
-3423.37
-3504.64
-3500.64
-3445.64
-3482.88
-3455.73
-3468.73
-3432.5
-3438.93
-3422.47
-3465.95
-3464.25
-3451.18
-3426.97
-3440.37
-3460.09
-3422.46
-3460.09
-3462.01
-3453.28
-3434.1
-3451.49
-3423.33
-3390.1
-3425.22
-3492.54
-3456.48
-3451.48
-3438.03
-3423.37
-3401.7
-3414.04
-3422.66
-3456.06
-3421.69
-3459.73
-3432.37
-3505.69
-3441.81
-3445.22
-3467.15
-3439.4
-3423.72
-3432.6
-3436.9
-3446.64
-3426.68
-3448.78
-3416.62
-3449.44
-3441.1
-3442.9
-3470.39
-3418.04
-3451.82
-3440.57
-3421.89
-3401.52
-3446.81
-3418.61
-3471.58
-3456.22
-3456.26
-3462.65
-3456.13
-3418.68
-3452.54
-3433.74
-3446.65
-3446.2
-3443.89
-3452.14
-3423.34
-3426.64
-3434.42
-3463.83
-3458.91
-3465.42
-3443.23
-3433.39
-3452.6
-3432
-3466.5
-3391.94
-3462.04
-3496.62
-3412.87
-3459.42
-3415.93
-3426.53
-3471.29
-3429.92
-3453.55
-3395.03
-3432.22
-3433.73
-3442.69
-3438.56
-3457.62
-3441
-3421.75
-3434.94
-3435.95
-3465.39
-3452.73
-3456.86
-3439.35
-3429.38
-3453.86
-3486.39
-3419.36
-3448.26
-3415.06
-3420.43
-3448.02
-3455.75
-3439.76
-3444.54
-3446.16
-3435.25
-3453.76
-3430.79
-3420.51
-3437.59
-3399.31
-3456.48
-3423.69
-3450.65
-3471.09
-3430.36
-3441.08
-3412.71
-3431.92
-3467.63
-3440.99
-3438.74
-3453.17
-3436.34
-3454.85
-3444.88
-3446.5
-3394
-3392.68
-3427.43
-3407.16
-3464.22
-3480.64
-3423.78
-3424.53
-3429.39
-3441.19
-3423.27
-3435.11
-3425.25
-3424.46
-3412.4
-3370.92
-3407.67
-3468.52
-3436.08
-3405.38
-3423.92
-3446.61
-3421.15
-3421.08
-3456.6
-3374.79
-3435.11
-3458.53
-3395.21
-3431.07
-3474.97
-3445.21
-3413.94
-3443.51
-3427.55
-3422.23
-3488.19
-3425.46
-3470.44
-3463.1
-3379.34
-3461.65
-3386.87
-3427.65
-3459.01
-3442.98
-3467.32
-3423.25
-3405.24
-3462.87
-3439.41
-3369.2
-3416.12
-3457.05
-3413.46
-3467.92
-3439.77
-3440.45
-3443.1
-3475.08
-3461.28
-3420.96
-3430.55
-3455.14
-3426.12
-3425.06
-3451.72
-3463.24
-3424.27
-3455.24
-3456.05
-3431.08
-3443.44
-3465.54
-3470.11
-3449.95
-3455.99
-3430.28
-3436.83
-3441.68
-3488.2
-3489.36
-3472.19
-3437.56
-3430.56
-3472.16
-3506.86
-3428.83
-3446.21
-3408.86
-3430.19
-3477.43
-3432.44
-3426.22
-3390.05
-3413.09
-3468.22
-3463.82
-3435.07
-3457.76
-3449.2
-3432.36
-3437.4
-3473.49
-3401.39
-3444.3
-3463.92
-3434.3
-3397.21
-3446.81
-3407.95
-3439.05
-3441.88
-3401.58
-3422.73
-3466.06
-3450.51
-3451.92
-3438.71
-3458.43
-3428.81
-3459.33
-3420
-3443.6
-3444.97
-3442.01
-3458.09
-3401.87
-3430.44
-3457.55
-3401.74
-3445.63
-3392.64
-3421.76
-3451.83
-3457.88
-3418.84
-3457.83
-3382.96
-3434.89
-3419.64
-3471.41
-3409.86
-3418.49
-3423.9
-3407.55
-3439.81
-3430.76
-3465.94
-3465.12
-3487.88
-3472.83
-3464.53
-3414.2
-3451.98
-3444.09
-3453.98
-3446.96
-3459.2
-3440.62
-3402.16
-3401.1
-3471.22
-3454.22
-3433.18
-3435.7
-3402.39
-3450.8
-3438.08
-3451.39
-3446.4
-3426.93
-3407.27
-3423.86
-3446.91
-3455.77
-3405.89
-3436
-3492.89
-3452.92
-3453.22
-3426.58
-3435.08
-3440.79
-3449.76
-3489.56
-3417.65
-3467.44
-3434.05
-3475.57
-3436.47
-3432.97
-3502.27
-3441.58
-3470.27
-3441.8
-3437.98
-3446.69
-3475.56
-3479.2
-3429.93
-3469.59
-3448.76
-3461.01
-3422.32
-3450.05
-3454.48
-3466.56
-3414.7
-3443.76
-3444.71
-3451
-3420.71
-3443.09
-3434.27
-3459.71
-3432.3
-3441.23
-3410.93
-3438.73
-3456.51
-3467.99
-3456.51
-3417.5
-3448.01
-3436.03
-3424.27
-3459.94
-3423.15
-3412.07
-3464.03
-3466.07
-3426.11
-3398.67
-3459.7
-3471.61
-3471.82
-3418.29
-3433.17
-3436.68
-3415.92
-3419.09
-3410.58
-3461.41
-3433.65
-3415.28
-3408.26
-3460.25
-3457.75
-3468.53
-3426.19
-3461.89
-3450.19
-3425.59
-3454
-3391.63
-3427.49
-3472.45
-3446.97
-3419.29
-3470.53
-3441.17
-3406.89
-3409.41
-3440.16
-3441.88
-3453.84
-3464.91
-3459.59
-3450.95
-3413.69
-3439.95
-3413.25
-3446.39
-3440.73
-3437.25
-3460.1
-3441.31
-3410.38
-3441.36
-3469.46
-3439.67
-3438.45
-3437.84
-3411.91
-3429.06
-3443.51
-3452.8
-3454.75
-3443.39
-3444.53
-3479.5
-3441.42
-3431.82
-3460.82
-3468.18
-3443.67
-3389.68
-3430.07
-3486.53
-3449.43
-3456.78
-3437.89
-3415.38
-3477.74
-3402.75
-3429.44
-3453.82
-3473.33
-3455.36
-3401.49
-3418.54
-3424.49
-3436.17
-3449.1
-3444.55
-3409.76
-3464.69
-3464.98
-3449.17
-3439.71
-3454.67
-3429.36
-3497.08
-3468.13
-3436.22
-3423.82
-3435.2
-3490.14
-3447.49
-3477.68
-3451.51
-3448.71
-3452.97
-3442.08
-3438.59
-3422.17
-3398.41
-3444.34
-3496.53
-3440.75
-3436.32
-3440.14
-3428.91
-3459.74
-3447.26
-3425.21
-3373.92
-3439.64
-3476.68
-3456.37
-3434.94
-3462.38
-3467.83
-3392.79
-3412.8
-3438.76
-3453.79
-3457.92
-3470.91
-3480.55
-3439.31
-3444.64
-3407.14
-3453.96
-3463.95
-3420.51
-3446.32
-3432.25
-3423.38
-3423.55
-3434.79
-3429.66
-3413.29
-3400.88
-3443.4
-3460.47
-3404.59
-3441.52
-3415.22
-3432.15
-3444.04
-3421.12
-3427.95
-3435.61
-3498.2
-3439.07
-3444.55
-3432.96
-3405.4
-3438.43
-3459.72
-3446.68
