-2871.92
-2765.74
-2863.06
-2831.05
-2913.85
-2936.92
-2944
-2901.99
-2961.43
-2924.56
-2829.7
-2839.24
-2870.93
-2842.97
-2906.76
-2916.66
-2968.05
-2912.52
-2860.86
-2909.46
-2871.78
-2842.54
-2916.35
-2902.2
-2931.69
-2897.43
-2892.58
-2865.71
-2844.86
-2921.54
-2919.63
-2852.1
-2952.3
-2951.97
-2875.54
-2893.72
-2878.42
-2858.07
-2920.28
-2860.89
-2893.07
-2870.86
-2821.75
-2902.56
-2897.74
-2887.91
-2812.95
-2869.81
-2837.29
-2844.53
-2757.87
-2782.62
-2814.66
-2833.17
-2850.32
-2830.96
-2836.05
-2835.37
-2799.95
-2778.11
-2819.13
-2778.31
-2801.68
-2830.66
-2838.64
-2883.54
-2824.75
-2848
-2873.16
-2816.77
-2873.9
-2827.41
-2808.04
-2791.51
-2872.51
-2764.93
-2813.52
-2832.72
-2783.01
-2819.52
-2840.72
-2793.9
-2790.59
-2844.9
-2804.78
-2884.18
-2871.33
-2829.68
-2779.51
-2934.99
-2863.61
-2835.72
-2810.7
-2845.26
-2779.19
-2812.76
-2877.74
-2843.57
-2766.93
-2829.8
-2822.29
-2849.02
-2876.41
-2826.84
-2871.53
-2830.07
-2754.93
-2827.45
-2922.64
-2939.05
-2906.17
-2943.93
-2900.49
-2865.48
-2844.35
-2884.81
-2892.23
-2894.48
-2827.96
-2865.6
-2844.75
-2947.4
-2905
-2809.38
-2877.37
-2940.08
-2850.14
-2896.62
-2924.03
-2848.43
-2877.46
-2862.41
-2934.94
-2903.62
-2904.71
-2931.18
-2872.36
-2924.67
-2933.4
-2841.24
-2834.09
-2812.65
-2889.73
-2862.94
-2871.74
-2909.99
-2851.92
-2913.11
-2880.85
-2874.23
-2845.99
-2783.87
-2801.44
-2854.46
-2938.86
-2916.28
-2897.71
-2838.53
-2850.81
-2888.98
-2801.34
-2869.39
-2880.26
-2865
-2844
-2906.09
-2927.16
-2853.12
-2887.95
-2892.82
-2895.14
-2823.52
-2817.7
-2803.98
-2881.06
-2893.18
-2924.96
-2903.38
-2982.36
-2960.95
-2903.58
-2946.98
-2867.51
-2818.24
-2877.78
-2870.81
-2838.64
-2892.32
-2939.12
-2861.21
-2859.42
-2857.25
-2808.45
-2910.79
-2896.07
-2941.66
-2899.36
-2925.55
-2845.97
-2927.58
-2884.44
-2890.71
-2924
-2966.38
-2915.42
-2885.41
-2869.46
-2887.56
-2883.42
-2979.59
-2968.61
-2893.84
-2968.18
-2917.81
-2910.98
-2915.63
-2892.51
-2886.39
-2973.67
-2914.09
-2884.06
-2988.16
-2915.02
-2928.49
-2951.77
-2861.93
-2952.31
-2951.14
-2951.39
-2930.09
-2993.76
-2951.68
-3002.04
-3009.34
-2955.25
-2930.43
-2940.41
-3006.81
-2978.85
-2921.3
-2988.43
-3013.98
-2958.33
-2956.95
-2946.7
-3002.54
-2979.29
-2994.52
-2963.69
-2991.76
-2984.53
-3008.68
-2892.13
-2985.83
-2948.69
-2888.61
-2918.52
-2955.02
-2973.09
-2957.84
-2993.51
-2945.41
-2920.12
-2841.2
-2898.96
-2834.34
-2921.87
-2911.65
-2894.41
-2854.86
-2938.59
-2915.85
-2932.95
-2925.89
-2834.03
-2957.83
-2876.93
-2912.21
-2928.26
-2962.52
-3024.16
-2980.74
-2960.15
-2905.62
-2907
-2905.76
-2927.27
-2905.36
-3016.14
-2987.42
-2901.88
-2946.11
-2937.76
-2947.63
-2910.62
-3001.57
-2968.76
-2927.29
-2990.47
-2954.74
-3016.69
-3006.07
-2914.36
-2953.04
-2819.13
-2931.19
-2913.51
-2932.05
-2899.33
-2942.63
-2917.67
-2935.96
-2946.9
-2863.39
-2896.82
-2856.56
-2897.82
-2852.01
-2908.66
-2912.37
-2919.68
-2868.08
-2898.32
-2908.41
-2846.43
-2893.34
-2875.16
-2838.37
-2859.24
-2950.98
-2916.7
-2959.44
-2892.82
-2942.37
-2971.65
-2908.18
-2959.59
-2943.35
-2863.6
-2851.42
-2816.41
-2879.57
-2934.51
-2936.67
-2909.96
-2948.52
-2912.2
-2959.84
-2885.79
-2920.81
-2901.91
-2889.33
-2927.77
-2913
-2971.76
-2963.01
-2972.07
-2972.94
-2928.66
-2949.33
-2816.03
-2895.25
-2930.44
-2922.64
-2910.27
-2850.95
-2932.45
-2931.11
-2907.37
-2870.74
-2939.98
-2891.76
-2930.6
-2886
-2845.66
-2881.93
-2855.06
-2894.79
-2868.45
-2877.89
-2860.46
-2860.73
-2841.26
-2872.18
-2864.34
-2902.83
-2882.18
-2797.14
-2920.81
-2868.18
-2882.14
-2873.23
-2940.65
-2944.81
-2923.53
-2958.46
-2901.01
-2890.13
-2942.13
-2904.4
-2882.31
-2902.12
-2905.63
-2903.3
-2928.89
-2879.4
-2896.95
-2910.3
-2922.64
-2940.28
-2923.27
-2937.31
-2911.23
-2924.99
-2834.32
-2945.68
-2877.81
-2850.69
-2832.96
-2926.45
-2920.36
-2882.31
-2919.58
-2868.31
-2946.46
-2930.57
-2906.22
-2994.54
-3006.73
-3000.42
-2961.87
-2901.83
-2957.84
-3026.29
-2970.24
-2957.93
-2910.34
-2953.93
-2928.02
-2908.34
-2995.45
-2888.33
-2894.54
-2964.75
-2929.62
-2952.38
-2987.75
-3022.01
-2896.8
-3050.29
-2966.17
-2874.77
-3058.87
-2996.79
-2984.68
-3041.74
-3016.51
-2974.7
-3012.26
-2933.53
-2961.72
-2946.8
-2928.14
-2906.7
-2969.58
-2977.11
-3007.69
-2988.31
-2990.9
-3002.4
-2979.82
-3002.55
-2995.95
-2986.68
-2945.73
-2935.59
-2971.96
-2993.89
-2956.95
-2961.38
-2962.65
-2859.69
-2888.79
-2867.55
-2931.28
-2912.59
-2839.38
-2960.51
-2902.56
-2865.2
-2973.94
-2902.52
-2948.28
-2956.6
-2860.5
-2826.42
-2859.55
-2827.89
-2929.26
-2906.83
-2917.31
-2862.36
-2850.82
-2894.42
-2973.06
-2939.03
-2981.49
-2896.58
-2953.67
-2925.43
-2961.18
-2925.33
-2970.45
-2987.21
-2993.48
-2986.08
-2981.9
-2970.61
-2894.16
-2968.51
-2967.67
-2997.25
-2936.45
-2923.85
-2968.02
-2998.79
-3007.9
-3007.41
-2993.31
-2865.25
-2922.28
-2927.68
-2938.05
-2916.68
-2935.27
-2906.38
-2905.52
-2874.99
-2844.84
-2879.62
-2915.62
-2957.17
-2885.48
-2886.26
-2909.33
-2840.2
-2846.98
-2870.01
-2826.44
-2957.93
-2921.49
-2970.27
-3004.37
-2990.74
-2924.53
-2930.58
-2804.57
-2868.66
-2880.81
-2860.37
-2917.72
-2956.05
-2933
-2946.27
-2981.46
-2900.94
-2963.47
-2957.16
-2904.54
-2938.72
-2993.23
-2948.5
-2988.9
-2891.52
-2937.04
-2967.73
-2927.96
-2951.85
-2954.57
-2908.8
-2930.88
-2934.75
-2855.56
-2959.86
-2989.38
-2904.99
-2879.67
-2894.72
-2928.32
-2926.89
-2930.16
-2937.37
-2927.98
-2951.04
-2909.56
-2946.73
-2898.63
-2968.02
-2911.18
-2960.26
-2929.25
-2895.64
-2973.43
-2920.47
-2897.86
-2878.31
-2947.87
-2878.79
-2922.71
-2945.51
-2884.29
-2944.53
-2840.62
-2938.42
-2891.71
-2895.37
-2897.51
-2979.84
-2989.31
-2961.73
-2986.35
-2934.51
-2916.76
-2923.16
-2927.96
-2908.67
-2883.54
-2936.21
-2851.79
-2926.44
-2869.48
-2862.88
-2903.76
-2847.67
-2868.55
-2834.79
-2861.73
-2856.57
-2834.16
-2905.55
-2881.96
-2846.15
-2888.65
-2942.47
-2981.48
-2921.67
-2937.6
-2955.12
-2909.27
-2899.85
-2864.98
-2927.7
-2925.98
-2965.21
-2952.14
-2920.48
-2953.85
-2893.14
-2853.82
-2990.47
-2975.2
-2880.7
-2971.98
-2913.57
-2926.28
-2939.11
-2852.62
-2910.52
-2901.1
-2971.77
-2856.8
-2920.07
-2885.13
-2929.04
-2966.74
-2875.36
-2922.88
-2903.53
-2878.88
-2903.48
-2879.52
-2950.52
-2893.17
-2904.84
-2925.49
-2921.81
-2892.69
-2978.86
-2935.09
-3002.96
-2958.05
-2933.68
-2943.53
-2930.42
-2960.12
-2936.69
-2928.3
-2870.5
-2925.64
-2974.19
-3032.82
-2986.67
-2936.97
-2956.57
-2976.92
-2962.08
-2956.51
-2936.6
-2906.98
-2859.37
-2952.25
-2946.05
-2938.2
-2891.56
-2767.76
-2942.76
-2923.3
-2898.16
-2940.18
-2801.44
-2905.61
-2850.54
-2961.27
-2888.9
-2914.19
-2807.81
-2791.95
-2872.6
-2857.73
-2780.89
-2865.55
-2859.57
-2818.78
-2821.79
-2847.64
-2802.69
-2841.7
-2909.74
-2879.51
-2863.95
-2911.62
-2915.98
-2902.36
-2847.22
-2891.38
-2845.39
-2805.47
-2831.42
-2902.88
-2949.55
-2984.2
-2910.64
-2878.91
-2886.18
-2901.63
-2889.38
-2926
-2881.86
-2916.26
-2944.37
-2886.07
-2883.86
-2952.72
-2947.44
-2814.36
-2918.48
-2845.03
-2852.37
-2868.98
-2888.46
-2793.17
-2816.23
-2910.51
-2864.39
-2928.7
-2875.39
-2862.24
-2931.74
-2863.01
-2852.07
-2855.66
-2811.94
-2897.26
-2868.24
-2864.06
-2887.46
-2914.77
-2977.21
-2956.52
-2840.24
-2887.53
-2877.67
-2934.93
-2956.89
-2913.8
-2876.86
-2912.23
-2952.05
-2943.63
-2993.85
-2985.01
-3010.57
-2937.06
-2924.42
-2870.73
-2895.98
-2861.05
-2926.2
-2952.32
-2944.17
-2910.58
-2869.13
-2877.66
-2879.77
-2933.62
-2934.58
-2915.95
-2923.65
-2903.92
-2865.26
-2993.77
-2954.57
-2957.82
-2927.76
-3008.04
-2986.16
-2997.24
-3024.86
-2995.6
-3041.32
-3003.66
-2880.12
-2942.76
-2960.94
-2936.93
-2950.91
-2975.46
-2902.19
-2920.27
-2915.4
-2919.1
-2980.1
-2915.57
-2965.65
-2873.61
-2958.87
-2963.84
-2928.86
-2885.44
-2936.75
-2958.96
-2890.42
-2907.03
-2919.09
-2893.77
-2918.42
-2957.18
-2982.96
-2933.7
-2953.04
-2951.18
-2914.15
-2919.78
-2999.78
-2981.62
-2908.79
-2905.08
-2902.96
-2929.4
-2943.86
-2870.19
-2898
-2863.13
-2943.31
-2910.37
-2934.42
-2922.66
-2914.6
-2867.71
-2835.84
-2890.55
-2876.56
-2818.41
-2826.17
-2876.48
-2865.95
-2873.97
-2927.19
-2931.56
-2908.21
-2853.3
-2893.23
-2880.94
-2892.42
-2872.63
-2843.12
-2894.21
-2874.44
-2865.1
-2864.28
-2910.2
-2896.66
-2887.22
-2917.83
-2888.96
-2939.25
-2911.26
-2899.17
-2907.71
-2904.8
-2934.47
-2878.05
-2893.01
-2951.92
-2917.24
-2882.19
-2861.05
-2876.39
-2884.32
-2916
-2847.52
-2850.89
-2849.27
-2931.51
-2900.37
-2877.39
-2911.72
-2923.96
-2921.05
-2894.99
-2814.65
-2845.28
-2835.1
-2842.13
-2882.34
-2843.37
-2825.03
-2909.49
-2893.92
-2925.32
-2846.81
-2848.95
-2837.34
-2805.38
-2848.04
-2895.09
-2878.49
-2884.1
-2896.73
-2844.89
-2950.91
-2885.2
-2945.64
-2893.31
-2924.33
-2908.84
-2943
-2879.34
-2892.59
-2872.23
-2871.93
-2879.74
-2909.93
-2858.26
-2894.58
-2920.72
-2943.71
-2846.47
-2906.29
-2897.92
-2917.04
-2885.41
-2862.41
-2868.96
-2805.41
-2805.45
-2808.16
-2840.59
-2857.33
-2780.27
-2804.84
-2812.72
-2784.02
-2814.73
-2764.22
-2739.23
-2794.4
-2829.73
-2766.9
-2809.94
-2775.95
-2810.15
-2798.85
-2825.98
-2755.18
-2835.83
-2773.98
-2783.61
-2885.63
-2803.84
-2810.07
-2846.16
-2842.43
-2854.87
-2852.75
-2859.98
-2860.85
-2961.85
-2926.14
-2810.11
-2895.41
-2892.92
-2860.23
-2862.7
-2820.48
-2820.27
-2820.75
-2837.97
-2844.31
-2811.86
-2775.09
-2795.7
-2826.27
-2722.65
-2811.3
-2856.68
-2831.67
-2886.68
-2900.13
-2844.36
-2884.56
-2846.87
-2900.84
-2887.22
-2854.44
-2886.89
-2850.93
-2796.23
-2827.24
-2940.3
-2862.67
-2794.56
-2853
-2872.09
-2818.56
-2776.08
-2860.68
-2798.05
-2833.56
-2830.67
-2885.3
-2881.2
-2920.83
-2921.97
-2907.68
-2930.56
-2886.4
-2891.99
-2911.17
-2926.41
-2951.43
-2879.13
-2846.75
-2912.17
-2857.2
-2905.23
-2859.47
-2791.05
-2790.63
-2811.68
-2793.16
-2801.78
-2759.95
-2765.9
-2791.91
-2863.75
-2839.47
-2899.92
-2939.13
-2871.76
-2878.85
-2907.36
-2797.45
-2845.32
-2933.52
-2919.55
-2895.11
-2929.82
-2902.75
-2948.22
-3027.75
-2980.65
-3028.67
-2954.14
-2914.32
-3036.34
-3022.7
-3014.26
-2971.36
-2995.85
-2945.28
-2961.93
-2965.21
-3065.13
-3039.99
-2960.33
-2966.65
-2940.48
-2955.74
-2911.68
-2862.55
-2869.38
-3015.06
-2887.92
-2913.07
-2887.05
-2848.13
-2871.59
-2874.17
-2855.15
-2816.75
-2882.97
-2867.57
-2871.55
-2832.06
-2887.72
-2865.38
-2917.23
-2855.76
-2894.79
-2877.77
-2912.33
-2903.16
-2813.37
-2893.43
-2892.3
-2910.01
-2861.35
-2870.88
-2885.42
-2872.15
-2855.86
-2945.07
-2873.29
-2862.71
-2918.2
-2999.53
-2890.64
-2948.18
-2938.77
-2948.7
-2975.88
-2933.11
-2951.22
-3014.14
-2986.59
-2947.13
-2969.61
-2968.58
-3005.23
-2945.21
-2993.66
-2899.97
-2866.23
-2962.87
-2966.51
-2943.21
-2904.71
-2946.33
-2909.33
-2940.27
-2954.28
-2880.54
-2914.78
-2919.16
-2939.36
-2949.22
-2969.9
-2972.23
-2969.64
-2942.03
-2932.62
-2890.52
-2926.37
-2914.7
-2964.19
-2962.77
-2897.2
-2897.81
-2880.47
-2906.97
-2924.06
-2947.09
-2893.44
-2956.37
-2911.01
-2909.5
-2880.31
-2846.18
-2976.12
-2955.44
-2938.18
-2938.87
-2945.02
-2979.64
-2953
-2931.58
-2982.76
-2977.91
-2972.6
-2966.21
-2949.86
-2963.87
-2931.91
-2913.71
-3054.6
-3001.88
-2987.6
-3030.93
-3010.73
-2961.02
-2971.06
-2898.08
-3008.84
-2967.01
-2942.9
-2885.23
-2943.09
-2897.47
-2918.09
-2982.79
-2884.04
-2926.13
-2921.14
-2901.09
-2882.31
-2876.59
-2876.65
-2924.02
-2917.01
-2895.32
-2993.29
-2856.7
-2870.34
-2892.67
-2898.43
-2919.3
-2918.38
-2919.2
-2969.35
-2981.96
-3001.02
-2980
-2989.37
-2989.85
-3009.32
-2944.81
-2909.27
-2979.08
-2986.59
-2976.12
-3073.87
-3009.56
-3047.73
-2981.33
-2964.12
-3007.91
-2922.32
-2960.67
-2961.22
-2879.75
-2963.52
-3021.36
-2972.2
-2926.56
-2933.31
-2949.58
-2892.86
-2919.53
-2972.5
-2927.84
-2913.68
-2981.93
-2954.28
-2920.67
-2843.97
-2908.89
-2964.99
-2921.11
-2940.57
-2949.11
-2944.74
-2979.88
-2965.24
-2860.15
-3008.53
-2874.96
-2965.22
-2941.5
-2943.54
-2937.6
-2936.99
-2965.2
-2956.54
-2944.41
-2951.05
-2901.35
-2925.13
-2967.76
-2918.52
-2894.18
-2878.18
-2922.34
-2876.67
-2933.33
-2905.62
-2941.13
-2931.93
-2918.13
-2851.16
-2936.36
-2926.63
-2874.79
-2896.9
-2868.74
-2896.26
-2954.29
-2923.4
-2943.68
-2910.78
-2935.52
-2930.48
-2882.02
-2959.76
-2948.79
-2978.25
-2961
-2987.73
-3004.5
-2944.5
-2956.52
-2884.31
-2920.76
-2920.83
-2964.23
-2971.7
-3017.21
-2958.35
-2914.07
-2940.29
-2932.46
-3032.43
-2952.56
-3000.84
-2941.88
-2928.26
-3011.06
-2901.39
-2935.51
-3004.26
-2991.73
-2976.65
-2991.46
-2967.46
-2967.81
-2935.8
-3019.12
-2975.01
-2995.12
-3002.68
-3005.62
-2940.09
-3007.89
-2940.59
-2927.93
-2994.59
-2931.22
-2943.94
-2947.41
-2943.69
-2961.58
-2875.46
-2944.9
-2987.32
-2919.32
-2900.36
-2890.39
-2944.5
-2941.66
-2942.96
-2890.86
-2905.35
-2909.86
-2885.3
-3005.89
-2990.42
-3014.01
-2984.83
-3006.38
-2965.93
-2973.55
-2939.08
-2990.21
-2994.04
-2973.35
-2905.92
-2924.17
-2903.62
-2963.7
-2932.7
-2965.73
-2892.66
-2922.68
-2993.37
-2975.87
-2954.4
-2842.81
-2935.57
-2906.81
-2902.48
-2942.66
-2937.06
-2940.04
-2944.22
-2864.98
-2906.12
-2945.49
-2917.28
-2979.01
-2969.69
-2911.36
-2935.96
-2935.93
-2944.86
-2951.28
-2974.48
-3013.57
-3022
-2892.97
-2971.64
-2938.56
-2963.85
-2881.92
-2954.65
-2941.07
-3036.62
-2926.7
-2974.88
-2913.91
-2921.05
-3011.74
-2981.5
-2975.12
-2974.44
-3024.3
-3042.25
-3024.86
-3001.42
-3011.76
-3007.2
-2994.8
-3026.41
-3046.45
-2972.66
-2876.74
-2921.6
-2979.89
-2966.35
-2893.02
-2980.32
-2923.99
-2973.62
-2994.25
-2976.54
-2979.48
-2995.18
-2977.91
-2981.98
-2930.46
-3008.7
-2934.65
-3027.57
-2921.7
-2928.55
-2939.43
-2976.39
-2967.06
-2922.61
-2926.74
-2949.33
-2991.74
-2944.35
-2946.37
-2958.63
-2918.82
-2889.11
-2877.68
-3014.99
-2967.69
-2881.68
-2879.84
-2873.19
-2934.32
-3016.17
-2939.87
-3006.47
-2959.38
-2934.05
-2948.5
-2837.54
-2952.86
-2876.45
-2873.16
-2921.98
-2878.06
-2830.58
-2831.81
-2911.48
-2921.5
-2879.65
-2828.33
-2850.4
-2820.11
-2850.47
-2901.32
-2916.1
-2912.99
-2915.38
-2934.04
-2910.77
-2875.86
-2936.49
-2928.74
-2828.75
-2789.19
-2816.97
-2842.7
-2876.62
-2874.19
-2872.62
-2875.15
-2936.44
-2842.4
-2896.07
-2915.16
-2840.26
-2905.61
-2886.11
-2849.48
-2895.68
-2872.1
-2891.19
-2863.17
-2851.32
-2804.21
-2794.22
-2883.25
-2793.89
-2846.09
-2820.38
-2876.24
-2866.74
-2861.84
-2833.37
-2897.87
-2883.74
-2836.24
-2837.42
-2812.68
-2839.21
-2823.31
-2799.63
-2798.32
-2821.02
-2899.47
-2908.99
-2888.75
-2905.69
-2887.63
-2860.78
-2825.9
-2813.32
-2851.56
-2802.44
-2756.11
-2834.11
-2842.63
-2858.34
-2851.34
-2833.19
-2909.66
-2910.42
-2800.76
-2857.03
-2880.95
-2883.21
-2849.51
-2847.76
-2852.47
-2874.17
-2871.11
-2882.07
-2838.25
-2907.8
-2911.79
-2806.68
-2849.22
-2944.98
-2857.71
-2897.36
-2929.42
-2944.08
-2909.1
-2936.24
-2935.92
-2935.83
-2925.93
-2951.24
-2954.56
-2940.71
-2914.53
-2915.47
-2916.86
-2880.65
-2921.62
-2933.07
-2906.9
-2894.36
-2937.02
-2941.91
-3007
-2881.65
-2904.96
-2845.75
-2903.63
-2842.96
-2858.25
-2821.62
-2875.21
-2891.32
-2872.63
-2936.95
-2925.18
-2880.94
-2924.03
-2896.01
-2826.94
-2902.25
-2863.86
-2947.64
-2828.85
-2936.09
-2868.9
-2850.02
-2854.61
-2819.24
-2809.37
-2830.96
-2818.14
-2813.08
-2822.47
-2797.72
-2819.49
-2896.88
-2848.66
-2843.49
-2885.32
-2803.65
-2942.1
-2844.24
-2861.31
-2865.86
-2817.57
-2844.79
-2898.32
-2813.35
-2837.62
-2945.48
-2818.95
-2867.96
-2948.26
-2915.19
-2946.63
-2946.99
-2845.62
-2942.58
-2975.77
-3015.66
-2919.53
-2986.11
-2926.17
-2911.43
-2961.07
-2933.24
-2907.99
-2930.21
-2944.83
-2906.4
-2912.21
-2913.51
-2989.91
-2979.52
-2909.47
-2912.77
-2932.23
-2897.11
-2951.6
-2917.89
-2898.21
-2916.88
-2842.56
-2875.37
-2891.27
-2853.26
-2948.04
-2901.58
-2941.47
-2856.64
-2929.35
-2876.49
-2894.15
-2907.78
-2974.74
-2989.16
-2894.63
-2910.49
-2815.91
-2934.84
-2919.51
-2905.99
-2891.07
-2942.04
-2950.49
-2942.72
-2924.08
-2927.73
-2932.43
-2882.06
-2929.37
-2978.71
-2902.4
-2978.51
-2975.09
-2962.47
-3000.07
-2928.76
-2882.78
-2925.46
-2955.29
-2966.66
-2933.23
-2971.38
-2946.11
-2966.97
-2899.72
-2991.11
-2945.62
-2889.57
-2887.47
-2851.57
-2927.52
-2897.53
-2915.97
-2921.08
-2878.8
-2890.72
-2853.91
-2903.33
-2895.08
-2876.79
-2817.98
-2853.29
-2908.89
-2891.46
-2893.12
-2858.25
-2916.39
-2902.66
-2856.37
-2937.54
-2848.09
-2913.76
-2919.2
-2935.38
-2939.48
-2942.69
-2942.15
-2911.91
-2867.78
-2905.3
-2890.45
-2910.75
-2964.87
-2971.94
-2959.31
-2874.04
-2876.49
-2859.99
-2902.34
-2983.15
-2890.52
-2984.42
-2958.78
-2968.72
-2996.04
-2999.83
-3043.5
-2953.34
-2973.86
-2895.69
-2983.84
-2955.23
-3024.62
-2956.93
-2929.25
-2955.35
-2965.57
-3001.82
-2963.11
-3020.15
-2971.82
-2978.9
-2991.43
-2983.84
-2906.27
-2922.04
-2891.16
-2971.58
-2936.63
-3000.64
-2995.63
-2930.26
-2952.04
-2883.77
-2827.64
-2888.23
-2906.45
-2909.52
-2950.14
-2970.23
-3007.22
-2936.12
-2944.03
-2982.62
-3023.61
-3030.73
-2921.34
-3003.2
-2958.29
-3001.14
-2954.4
-2908.62
-3007.55
-2941.41
-2991.75
-3015.3
-2962.62
-2941.4
-3006.79
-2992.76
-3012.95
-2973.15
-2966.6
-2959.33
-2914.68
-3008.4
-2932.2
-2815.49
-2892.06
-2909.03
-3016.36
-2961.48
-2943.75
-2896.7
-2970.67
-2950.65
-2972.13
-2880.59
-2966.18
-2949.3
-2929.86
-2907.38
-2880.21
-2896.88
-2973.32
-2897.03
-2943.94
-2972.59
-2928.57
-2970.91
-2833.19
-2967.56
-2920.67
-2987.72
-2957.46
-2995.65
-2950.04
-2929.83
-2918.45
-2911.54
-2862.44
-2872.05
-2985.78
-2933.29
-2979.34
-2882.92
-2887.22
-2918.86
-2885.12
-2924.43
-2917.36
-2939.01
-2905.58
-2807.22
-2856.67
-2934.15
-2913.33
-2922.9
-2893.12
-2930.45
-2897.94
-2939.66
-2885.33
-2877.44
-2818.58
-2916.42
-2890.02
-2884.17
-2857.41
-2904.66
-2961.02
-2927.11
-2892.22
-2913.25
-2902.63
-2855.5
-2902.76
-2907.65
-2816.09
-2902.72
-2826.08
-2848.85
-2886.15
-2821.39
-2868.83
-2850.35
-2869.32
-2859.66
-2842.2
-2811.14
-2836.95
-2867.99
-2899.06
-2859.74
-2880.91
-2818.87
-2965.86
-2972.3
-2865.83
-2867.71
-2904.33
-2833.42
-2962.72
-2915.4
-2892.91
-2872.29
-2896.19
-2912.63
-2866.87
-2898.65
-2899.04
-2855.2
-2873.22
-2812.76
-2815.66
-2812.99
-2864.01
-2847.04
-2811
-2848.83
-2838.48
-2857.54
-2848.51
-2837.01
-2859.54
-2816.37
-2888.69
-2853.12
-2856.98
-2880.7
-2876.61
-2808.1
-2826.44
-2871.87
-2903.45
-2934.63
-2869.56
-2916.07
-2819.47
-2899.42
-2853.47
-2884.63
-2868.24
-2865.66
-2853.83
-2882.8
-2874.18
-2834.26
-2897.27
-2829.19
-2831.47
-2937.93
-2986.73
-2912.28
-2849.96
-2855.83
-2828.09
-2941.03
-2863.34
-2853.94
-2929.39
-2938.62
-2952.77
-3027.69
-2972.34
-2954.51
-2961.72
-2968.27
-2960.3
-2914.14
-2883.82
-2854.68
-2855.18
-2884.46
-2938.53
-2875.24
-2946.45
-2935.46
-2932.74
-2939.37
-2848.49
-2840.77
-2876.49
-2852.96
-2913.77
-2871.36
-2886.11
-2910.4
-2914.13
-3025.57
-2941.05
-2957.29
-2950.66
-2907.34
-2970.11
-2941.49
-2917.61
-2948.18
-2921.64
-2949.1
-2997.73
-2973.08
-2963.83
-2943.43
-2881.11
-2886.87
-2854.93
-2875.64
-2884.67
-2819.37
-2854.69
-2819.98
-2847.78
-2820.45
-2846.98
-2880.38
-2836.49
-2849.34
-2899.28
-2867.11
-2830.79
-2871.39
-2854.28
-2916.75
-2857.32
-2943.16
-2892.3
-2764.89
-2854.15
-2815.41
-2902.47
-2891
-2863.7
-2873.98
-2880.81
-2836.71
-2823.26
-2881.22
-2859.62
-2866.36
-2936.55
-2916.59
-2969.07
-2925.61
-2873.93
-2813.49
-2902.92
-2917.91
-2889.15
-2879.2
-2905.69
-2877.69
-2883.28
-2892.6
-2888.34
-2885.45
-2823.44
-2886.42
-2881.14
-2912.54
-2894.65
-2996.73
-2981.33
-2971.82
-2923.65
-2956.93
-2954.44
-2907.51
-2942.57
-2942.28
-2914.71
-2850.21
-2855.73
-2898.41
-2909.68
-2907.13
-2944.75
-2985.63
-2929.54
-2959.66
-2968.21
-2963.51
-2993.9
-3006.61
-2918.18
-2944.39
-2925.99
-2921.1
-2983.45
-2955.41
-2880.33
-2882.64
-2955.64
-2930.09
-2996.86
-2934.29
-2917.31
-2838.07
-2869.87
-3013.88
-3010.63
-2999.09
-2972.43
-2962.24
-2970.12
-2904.57
-2866.91
-2934.54
-2957.78
-2902.43
-2899.59
-2911.87
-2928.88
-2912.69
-2925.81
-2933.57
-2877.39
-2936.59
-2956.17
-2889.48
-2980.28
-2878.5
-2887.83
-2937.16
-2917.24
-2932.39
-2948.17
-2958.9
-2871.85
-2925.53
-2886.45
-2943.78
-2975.03
-2871.06
-2981.24
-2929.35
-2935.11
-2952.21
-2917.2
-2934.75
-2865.92
-2840.11
-2844.22
-2937.23
-2915.09
-2939.34
-2981.89
-2971.79
-2914
-2892.38
-2910.92
-2894.61
-2932.61
-2913.64
-2938.72
-2915.02
-2907.12
-2967.3
-2888.98
-2886.93
-2885.63
-2881.96
-2895.54
-2835.87
-2854.76
-2880.51
-2825.47
-2884.94
-2885.51
-2907.66
-2883.01
-2856.91
-2870.84
-2907.31
-2954.03
-2849.73
-2863.61
-2896.53
-3000.31
-2971.04
-2893.82
-2870.84
-2905.39
-2862.74
-2878.63
-2966
-2909.1
-2895.71
-2948.37
-2932.58
-2883.96
-2945.93
-2941.87
-3035.41
-2950.85
-2826.62
-2890.89
-2895.5
-2908.17
-2881.53
-2873.88
-2932.59
-2939.24
-2827.96
-2833.17
-2855.32
-2910.57
-2901.97
-2895.27
-2991.2
-2946.97
-2937.58
-2898.97
-2891.8
-2905.7
-2850.89
-2939.19
-2871.42
-2834.55
-2884.1
-2926.9
-2933.53
-2899.04
-2906.85
-2957.07
-2999.55
-2952.3
-2954.39
-2975.08
-2983.66
-2930.82
-2941.76
-2913.85
-2809.25
-2900.96
-2891.48
-2863.43
-2961.78
-3005.96
-2937.15
-2882.06
-2932.23
-2870.91
-2891.54
-2916.37
-2867.72
-2824.83
-2888.53
-2977.47
-2973.39
-2978.14
-2978.22
-2909.4
-2925.55
-2996.64
-2990.16
-2992.14
-2954.8
-2948.97
-3016.76
-2989.93
-2990.57
-3016.9
-3004.1
-2850.92
-2974.17
-2899.56
-2863.12
-2869.29
-2879.79
-2904.53
-2870.86
-2938.43
-2923.59
-2901.02
-2863.18
-2937.11
-2944.93
-2897.45
-2892.24
-2895.62
-2831.88
-2821.57
-2819.64
-2855.23
-2932.81
-2847.5
-2903.05
-2903.59
-2904.89
-2876.17
-2920.95
-2858.76
-2899.47
-2848.05
-2940.81
-2953.13
-2947.08
-2991.14
-2952.98
-2933.45
-2946.8
-2963.58
-2991.88
-2923.5
-2943.3
-2920.21
-2942.3
-2897.14
-2952.79
-2921.23
-2895.77
-2898.58
-2895.31
-2816.31
-2867.95
-2854.88
-2908.11
-2888.5
-2868.85
-2894.87
-2955.94
-2899.98
-2956.7
-2918.79
-2897.67
-2941.1
-2911.51
-2922.97
-2971.51
-2902.19
-2967.16
-2879.47
-2959.25
-2908.64
-2957.37
-2989.7
-2964.34
-3015.44
-2974.79
-3052.49
-2963.98
-2940.14
-3011.72
-3004.17
-2986.66
-3016.33
-2971.56
-2981.48
-2947.17
-2873
-2891.36
-2928.05
-2968.44
-2955.53
-3015.64
-2976.97
-2968.95
-3031.58
-2975.18
-2953.1
-2980.77
-2855.91
-2890.07
-2923.75
-2955.67
-2908.56
-2915.52
-2927.37
-2894.51
-2876.58
-2881.33
-2943.03
-2887.42
-2933.06
-2901.05
-2930.93
-2943.84
-2945.63
-2825.14
-2892.3
-2967.38
-2935.28
-2951.7
-2903.21
-2949.24
-2947.14
-2990.96
-2929.22
-2897.65
-3007.99
-2943.23
-2989.24
-2883.78
-2887.98
-2939.4
-2966.57
-3024.97
-3012.91
-2948.23
-2998.99
-2952.42
-2933.48
-2937.61
-2951.4
-2850.73
-2896.99
-2833.37
-2859.29
-2871.83
-2939.69
-2941.81
-2883.03
-2895.4
-2887.74
-2880.38
-2897.72
-2872.54
-2904.83
-2929.23
-2950.7
-2918.15
-2891.18
-2934.87
-2901.56
-2911.88
-2910.71
-2909.01
-2912.68
-2945.51
-2990.19
-2914.67
-2991.04
-2986.8
-2950.59
-3037.28
-2952.45
-2885.48
-2980.57
-2989.27
-2911.35
-2956.68
-2924.29
-2941.34
-2994.39
-2962.98
-2946.16
-3011.64
-2932.79
-2924.64
-2917.87
-2870.87
-2867.13
-2897.27
-2802.66
-2851.1
-2828.73
-2848.19
-2910.16
-2883.32
-2885
-2929.12
-2852.6
-2895.74
-2844.29
-2828.43
-2899.7
-2902.94
-2910.64
-2857.28
-2828.75
-2896.81
-2907.88
-2970.65
-2932.26
-2908.12
-2868.03
-2943.04
-2875.87
-2907.19
-2984.41
-2948.12
-2881.79
-2960.11
-2984.92
-2956.53
-2977.97
-2906.33
-2913.77
-2888.9
-2931.08
-2961.76
-2967.28
-2947.36
-2980.16
-2924.04
-2899.81
-2963.84
-2890.24
-2866.17
-2866.07
-2954.61
-2937.97
-2904.53
-2924.43
-2876.23
-2909.09
-2896.92
-2934.29
-2946.45
-2923.44
-2966.22
-2928
-2920.76
-2847.59
-2893.21
-2854.48
-2945.51
-2982.05
-2974.03
-2911.43
-2941.47
-2983.32
-2971.3
-3023.73
-2923.86
-2956.39
-2977.33
-2948.32
-2946.81
-2948.68
-2949.35
-2907.08
-2916.34
-2968.18
-2946.91
-2949.81
-2947.12
-2913.14
-2934.35
-2943.66
-2895.53
-2948.6
-2895.9
-2977.16
-2923.57
-2920.85
-2952.05
-2931.35
-2833.15
-2905.01
-2795.44
-2898.46
-2874.82
-2930.71
-2990.27
-2958.13
-3014.88
-2932.23
-3010.14
-2891.73
-3019.07
-2940.57
-2972.37
-2969.58
-2904.18
-2991.82
-2980.29
-3005.25
-2968.36
-2926.25
-2922.77
-3002.24
-2931.03
-2949.62
-2966.01
-2984.13
-2967.92
-2899.76
-2878.44
-2997.72
-2922.11
-2933.69
-2928.17
-2972.51
-2963.67
-2938.94
-2949.08
-2923.37
-2875.22
-2967.26
-3002.07
-2938.71
-2923.7
-2901.26
-2922.04
-2844.11
-2911.57
-2886.4
-2908.92
-2938.36
-2863.98
-2860.8
-2871.04
-2834.66
-2811.63
-2876.44
-2882.36
-2869.19
-2871.88
-2875.95
-2796.65
-2776.09
-2905.17
-2862.78
-2879.35
-2879.96
-2857.09
-2876.51
-2891.53
-2921.74
-2964.43
-2896.19
-2808.43
-2909.45
-3019.2
-3037.33
-2966.28
-2936.46
-2967.14
-2950.65
-2956.91
-2943.7
-3014.5
-2994.75
-2988.99
-3039.77
-2914.67
-2909.19
-2929.9
-2885.13
-3000.21
-2958.59
-2951.96
-2914.76
-2958.14
-2950.35
-2967.8
-2973.66
-2942.88
-2880.21
-2875.38
-2876.19
-2918.33
-3025.84
-2907.52
-2981.97
-2867.53
-2898.38
-2888.89
-2882.41
-2861.29
-2903.44
-2955.32
-2924.9
-2962.67
-2962.9
-2868.1
-2842.72
-2851.57
-2847.37
-2822.92
-2872.68
-2880.12
-2909.1
-2913.65
-2856.52
-2867.23
-2900.73
-2918.66
-2871.24
-2918.21
-2827.6
-2901.65
-2837.86
-2832.77
-2844.1
-2882.06
-2798.71
-2838.59
-2836.57
-2804.91
-2841.88
-2886.86
-2875.6
-2870.62
-2876.08
-2832.35
-2897.68
-2915.92
-2917.2
-2837.22
-2868.66
-2824.77
-2850.9
-2832.96
-2932.84
-2908.73
-2913.54
-2905.6
-2910.72
-2912.84
-2913.91
-2865.6
-2859.41
-2888.09
-2868.46
-2852.91
-2912.44
-2889.83
-2917.02
-2977.69
-2849.73
-2875.53
-2861.98
-2849.84
-2841.16
-2867.06
-2853.24
-2873.4
-2839.67
-2878.8
-2863.34
-2876.22
-2876.15
-2900.42
-2878.29
-2881.6
-2839.94
-2849.09
-2849.3
-2806.91
-2838.95
-2816.51
-2815.23
-2876.46
-2824.2
-2878.61
-2842.09
-2821.02
-2787.96
-2836.11
-2827.06
-2828.2
-2852.44
-2870.43
-2824.63
-2900.71
-2811.1
-2870.35
-2857.11
-2839.68
-2807.09
-2884.42
-2837.59
-2925.76
-2923.07
-2888.78
-2837.85
-2898.9
-2901.98
-2900.53
-2899.3
-2961.7
-2826.58
-2906.62
-2937.19
-2890.56
-2888.19
-2982.99
-2898.87
-2858.7
-2950.99
-2890.11
-2838.51
-2892.34
-2866.37
-2877.89
-2919.88
-2906.65
-2880.59
-2889.53
-2852.76
-2894.39
-2966.5
-2926.45
-2981.95
-2902.46
-2964.49
-2926.55
-2873.52
-2909.5
-2950.11
-2946.4
-2953.47
-2963.33
-2910.69
-2860.53
-2941.68
-2860.26
-2792.73
-2950.55
-2914.3
-2910.03
-2892.86
-2862.58
-2901.2
-2888.42
-2794.26
-2821.53
-2841.76
-2796.62
-2782.02
-2769.62
-2829.14
-2808.91
-2837.21
-2895.25
-2816.04
-2895.42
-2900.86
-2899.8
-2940.05
-2837.32
-2796.45
-2878.06
-2929.74
-2872.83
-2846.9
-2911.97
-2841.97
-2892.91
-2844.25
-2897.33
-2869.56
-2858.86
-2872.06
-2858.8
-2914.09
-2941.04
-2931.5
-2894.22
-2873.77
-2856.74
-2833.33
-2907.79
-2851.11
-2905.68
-2894.02
-2898.7
-2929.13
-2947
-2900.51
-2914.32
-2903.91
-2844.63
-2896.81
-2844.32
-2845.21
-2820.28
-2920.13
-2896.62
-2900.06
-2840.42
-2857.61
-2882.31
-2851.66
-2878.62
-2907.77
-2948.97
-2896
-2920.42
-2831.31
-2854.09
-2890.25
-2854.56
-2822.03
-2868.03
-2841.17
-2917.21
-2905.88
-2923.5
-2865.81
-2884.25
-2847.71
-2814.16
-2891.22
-2911.04
-2922.36
-2930.45
-2939.46
-2930.41
-2911.05
-2878.82
-2836.27
-2945.11
-2900.7
-2902.82
-2858.04
-2896.89
-2927.96
-2886.75
-2901.13
-2959.13
-2852.94
-2920.72
-2918.64
-2913.9
-2910.03
-2930.43
-2876.82
-2904.31
-2837.88
-2897.91
-2907.08
-2924.78
-2855.13
-2880.94
-2844.67
-2944.25
-2925.69
-2950.06
-2930.35
-2900.44
-2879.02
-2910.76
-2871.21
-2882.86
-2920.13
-2992.91
-2878.97
-2941.55
-2870.07
-2883.42
-2872.51
-2850.1
-2829.6
-2876.18
-2851.85
-2832.07
-2829.93
-2826.7
-2838.05
-2879.06
-2910.54
-2905.29
-2875.28
-2899.94
-2896.61
-2878.9
-2812.3
-2890.6
-2805.38
-2790.63
-2849.62
-2904.61
-2885.81
-2838.93
-2802.11
-2874.97
-2847.1
-2864.02
-2863.51
-2843.75
-2869.43
-2801.46
-2818.93
-2823.95
-2839.96
-2865.06
-2911.03
-2861.85
-2861.44
-2840.86
-2814.11
-2817.58
-2827.5
-2796.69
-2851.85
-2837.84
-2824.61
-2919.19
-2856.51
-2890.13
-2812.84
-2805.81
-2792.06
-2821.92
-2811.35
-2772.38
-2827.34
-2869.46
-2783.32
-2780.77
-2845.26
-2872.88
-2828.59
-2839.36
-2822.23
-2778.59
-2771.17
-2837.5
-2838.72
-2938.06
-2897.74
-2857.76
-2899.51
-2858.33
-2793.21
-2845.11
-2846.77
-2871.06
-2876.44
-2814.69
-2887.44
-2869.54
-2890.94
-2871.4
-2896.96
-2928.52
-2845.52
-2926.05
-2882.55
-2925.22
-2932.95
-2910.25
-2926.91
-2941.28
-2852.07
-2829.72
-2952.71
-2928.62
-2868.57
-2896.66
-2945.72
-2864.01
-2927.68
-2904.22
-2849.42
-2923.59
-2890.13
-2958.59
-2996.33
-2983.28
-2988.15
-2963.29
-2854.26
-2910.63
-2899.86
-2866.3
-2880.96
-2903.42
-2898.27
-2944.33
-2928.09
-2901.35
-2852.17
-2873.48
-2928.88
-2856.45
-2921.85
-2896.3
-2870.56
-2876.73
-2854.39
-2834.97
-2859.91
-2825.63
-2871.89
-2892.61
-2862.34
-2866.06
-2918.98
-2912.84
-2865.93
-2862.44
-2856.86
-2790.15
-2839.84
-2935.92
-2900.65
-2930.15
-2902.91
-2932.87
-2876.05
-2929.12
-2921.1
-2943.34
-2876.3
-2964.15
-2943.78
-2879.15
-2918.8
-2879.86
-2916.93
-2828.1
-2902.15
-2923.12
-2851.6
-2904.53
-2884.5
-2931.53
-2927.05
-2916.57
-2864.38
-2819.34
-2896.11
-2852.48
-2838.25
-2815.56
-2868.43
-2917.08
-2847.05
-2914.53
-2884.39
-2926.79
-2866.54
-2931.41
-2900.5
-2853.01
-2843.9
-2925.56
-2923.94
-2913.56
-2849.38
-2829.49
-2767.58
-2821.53
-2839.81
-2857.47
-2874.56
-2898.2
-2801.96
-2809.45
-2849.69
-2828.86
-2923.53
-2878.98
-2873.06
-2937.41
-2913.58
-2849.95
-2858.56
-2852.66
-2807.52
-2845.05
-2895.41
-2914.09
-2798.54
-2880.34
-2879.1
-2856.6
-2868.84
-2827.71
-2852.47
-2779.53
-2860.72
-2858.04
-2892.25
-2809.81
-2868.42
-2882.25
-2858.57
-2887.56
-2945.7
-2909.86
-2930.6
-2937.9
-2852.15
-2844.63
-2864.29
-2880.19
-2830.48
-2841.42
-2811.63
-2773.77
-2850.28
-2853.92
-2875.6
-2864.28
-2870.86
-2812.7
-2869.9
-2838.73
-2843.27
-2846.27
-2880.81
-2819.94
-2862.05
-2832.31
-2804.43
-2835.71
-2719.91
-2899.42
-2827.35
-2884.37
-2838.54
-2900.35
-2850.57
-2924.02
-2813.47
-2884.14
-2898.22
-2847.19
-2825.83
-2830.35
-2813.79
-2805.12
-2839.56
-2831.13
-2801.32
-2844.79
-2870.89
-2873.72
-2891.19
-2898.58
-2948.45
-2965.08
-2976.64
-2939.79
-2891.66
-2917.4
-2955.86
-2995.15
-2979.44
-2921.02
-2961.7
-2955.86
-2870.67
-2912.96
-2922.81
-2897.42
-2970.05
-2950.03
-2896.89
-2914.3
-2888.11
-2887.57
-2903.21
-2938.68
-2901.93
-2886.49
-2864.51
-2851.97
-2838.37
-2909.9
-2949.29
-2947.42
-2937.35
-2888.46
-2902.31
-2904.19
-2880.93
-2911.37
-2846.85
-2836.9
-2910.63
-2910.93
-2883.72
-2886.83
-2937.98
-2896.22
-2909.84
-2920.39
-2927.62
-2940.78
-2896.31
-2921.09
-2936.65
-2947.65
-2926.56
-2935.74
-2955.49
-2853.68
-2933.88
-2869.13
-2868.91
-2967.98
-2859.08
-2940.62
-2898.1
-2936.16
-2912.33
-2901.57
-2889.72
-2919.43
-2920.07
-2990.8
-2883.12
-2937.33
-2939.56
-2936.76
-2930.03
-2927.17
-2951.13
-2965.81
-2958.32
-2905.8
-2915.2
-2900.72
-2899.66
-2920.65
-2894.92
-2877.06
-2789.47
-2949.83
-2881.94
-2852.61
-2907.46
-2894.55
-2830.79
-2929.52
-2896.9
-2917.92
-2931.52
-2852.33
-2877.56
-2946.98
-2933.98
-2952.07
-2904.83
-2923.39
-2948.77
-2846.47
-2931.79
-2922.86
-2850.09
-2884.21
-2903.58
-2899.4
-2946.37
-2918.12
-2915.2
-2941.37
-2939.71
-2992.67
-2891.39
-2959.66
-2968.85
-2973.68
-2917.12
-2888.91
-2864.51
-2910.36
-2928.33
-2858.04
-2908.68
-2929.92
-2910.1
-2929.33
-2945.84
-2956.82
-2944.08
-2907.05
-2978.11
-2959.74
-2996.03
-2945.47
-2917.26
-2908.42
-2930.96
-2931.02
-2962.87
-2903.66
-2873.74
-2921.13
-2943.97
-2934.56
-2857.19
-2889.22
-2845.99
-2875.27
-2911.07
-2903.58
-2940.09
-2854.74
-2862.13
-2813.94
-2809.72
-2882.5
-2916.47
-2882.44
-2836.81
-2936.07
-2939.09
-2910.21
-2807.65
-2839.28
-2842.94
-2917.78
-2910.46
-2927.39
-2908.75
-2924.18
-2898.14
-2913.13
-2920.25
-2927.7
-3040.11
-2935.65
-2902.13
-2911.55
-2924.08
-2978.08
-2914.44
-2921.34
-2994.48
-2979.99
-2960.68
-2919.75
-2893.59
-2934
-2927.37
-2899.23
-2886.07
-3019.67
-2997.87
-2932.6
-2997.94
-2987.14
-2987.35
-2981.58
-2888.19
-2955.51
-2884.07
-2894.93
-2956.82
-2937.09
-2887.65
-2938.11
-2957.93
-2996.63
-3005.38
-2952.95
-2961.69
-3045.21
-2902.35
-2884.77
-2942.26
-2927.57
-2936.11
-2993.29
-3001.8
-2996.25
-3010
-2907.92
-2972.32
-2971.82
-2958.45
-2922.39
-2960.22
-2899.07
-2915.2
-2857.53
-2879.11
-2878.24
-2923.33
-2880.55
-2925.58
-3026.8
-2979.93
-3004.3
-2910.26
-2965.95
-2921.33
-2964.21
-2842.24
-2885.36
-2891.7
-2881.13
-2958.92
-2967.11
-2909.32
-2957.03
-3010.6
-2910.38
-2907.13
-2991.85
-2995.09
-2899.8
-2921.72
-2843.88
-2897.97
-2972.18
-2931.08
-2944.02
-2926.05
-2952.5
-2905.82
-2908.73
-2923.7
-2960.32
-2945.82
-2982.27
-2911.33
-2813.52
-2908.68
-2847.73
-2952.43
-2869.24
-2919.15
-2971.09
-2934.82
-2978.68
-2981.12
-2954.26
-2948.65
-2869.29
-2928.92
-2852.63
-2858.32
-2896.79
-2931.2
-2872.59
-2852.89
-2882.37
-2904.41
-2884.11
-2940.85
-2921.65
-2914.56
-2887.19
-2949.09
-2876.33
-2944.43
-2936.05
-2985.26
-2967.95
-2857.68
-2861.19
-2830.81
-2846.9
-2859.31
-2930.15
-2933.68
-2846.86
-2942.4
-2929.79
-2873.61
-2797.27
-2888.01
-2899.51
-2903.1
-2870.79
-2840.12
-2923.89
-2895.69
-2858.62
-2872.3
-2847.7
-2925.71
-2858.22
-2809.34
-2902.11
-2876.03
-2877.97
-2882.22
-2868.47
-2920.77
-2934.43
-2885.89
-2935.27
-2968.14
-2992.02
-2993.05
-2904.07
-2898.32
-2910.04
-2868.34
-2868.67
-2878.23
-2892.01
-2973.66
-2858.48
-2869.88
-2909.21
-2855.57
-2849.7
-2878.79
-2859.14
-2938.94
-2930.13
-2911.84
-2892.36
-2876.52
-2905.2
-2883.9
-2860.91
-2834.22
-2891.76
-2891.97
-3005.53
-2927.82
-2912.52
-2899
-2853.63
-2932.57
-2897.04
-2793.23
-2901.15
-2874.82
-2886.13
-2901.37
-2948.76
-2904.29
-2890.07
-2889.83
-3014.13
-2993.51
-2880.97
-2931.52
-2912.64
-2896.67
-2927.27
-2993.66
-2915.63
-2847
-2964.01
-2794.05
-2845.54
-2899.83
-2855.9
-2902.05
-2853.89
-2836.23
-2865.22
-2917.56
-2909.84
-2840.32
-2917.59
-2941.28
-2937.87
-2936.17
-2926.96
-2900.73
-2920.78
-2950.97
-2953.91
-2879.55
-2997.39
-2987.75
-2971.42
-2972.01
-2951.33
-2951.56
-2853.57
-2899.23
-2892.46
-2939.53
-2958.91
-2946.49
-2914.77
-2976.5
-3007.05
-2967.55
-2995.56
-3023.7
-3012.64
-2974.79
-2924.27
-2900.67
-2887.07
-2966.61
-2982.15
-2984.11
-2930.04
-2926.66
-2855.2
-2924.82
-2917.64
-2907.16
-2889.78
-2921.2
-2894.1
-2895.8
-2902.46
-2812.56
-2885.78
-2942.47
-2914.74
-2912.84
-2891.23
-2858.16
-2883.58
-2907.31
-2875.87
-2882
-2922.96
-2893.13
-2909.7
-2940.27
-3004.41
-2915.59
-2935.83
-2927.18
-2933.99
-2992.49
-2989.68
-2944.67
-2941.82
-2943.32
-2957.24
-2920.39
-2896.99
-2989.84
-2968.54
-2993.49
-2962.31
-2964.31
-2938.5
-2945.15
-2931.92
-2953.4
-2917.12
-2960.91
-2947.86
-2971.13
-2949.2
-2907.89
-2894.99
-2927.01
-2924.99
-2929.34
-2892.49
-2930.35
-2864.49
-2935.19
-2932.64
-2899.01
-2954.86
-2903.81
-2924.48
-2847.75
-2830.83
-2906.82
-2907.93
-2863.26
-2892.93
-2931
-2962.77
-2936.46
-2875.47
-2924.18
-2893.79
-2846.25
-2888.88
-2905.57
-2849.91
-2851.61
-2948.75
-2912.78
-2837.28
-2914.85
-2849.45
-2894.8
-2896.8
-2868.24
-2919.38
-2909.53
-2824.32
-2824.95
-2872.38
-2803.1
-2806.84
-2817.38
-2867.34
-2806.02
-2835.95
-2817.47
-2835.02
-2872.21
-2833.17
-2840.5
-2863.78
-2792.43
-2799.29
-2764.31
-2836.51
-2881.53
-2858.29
-2836.28
-2776.73
-2866.48
-2793.79
-2891.16
-2874.08
-2845.62
-2876.56
-2784.33
-2875.35
-2826.86
-2831.44
-2888.5
-2796.27
-2863.22
-2782.83
-2825.19
-2836.61
-2817.29
-2839.98
-2851.16
-2903.46
-2902.91
-2915.6
-2879.8
-2853.58
-2935.04
-2985.73
-2970.5
-2957.31
-3010.93
-2958.63
-2951.01
-2978.71
-3011.39
-2967.97
-2959.62
-2963.59
-2907.38
-2901.91
-2922.98
-2965.6
-2942.1
-2987.47
-2958.36
-2918.39
-3004.35
-2869.51
-2914.48
-2945.15
-2876.4
-2960.8
-2921.88
-2852.22
-2912.59
-2856.92
-2866.67
-2802.14
-2944.25
-2895.48
-2936.84
-2980.67
-2957.95
-2991.14
-2983.37
-2928.05
-2986.81
-2853.84
-2873.69
-2882.72
-2964.33
-2933.29
-2850.04
-2866.2
-2890.59
-2887.25
-2879.52
-2893.35
-2948.36
-2969.92
-2924.63
-2908.56
-2891.24
-2957.55
-2999.55
-2932.48
-2939.07
-2956.64
-2895.37
-2923.56
-2889.18
-2939.91
-2922.8
-2888.92
-2882.15
-2888.8
-2902.43
-2879.77
-2903.54
-2920.03
-2903.12
-2866.09
-2866.44
-2893.14
-2898.11
-2892.26
-2933.18
-2940.58
-2874.98
-2827.73
-2923.71
-2971.41
-2854.06
-2892.47
-2961.11
-2932.61
-2906.68
-2964.92
-2941.6
-2921.59
-2999.4
-2993.56
-2963.67
-2964.05
-2994.34
-2962.99
-3009.98
-2975.52
-2953.79
-2904.23
-2982.12
-2903.86
-2868.83
-2932.86
-2898.62
-3006.1
-2944.95
-2958.17
-3039.29
-2939.28
-2957.02
-2949.89
-2961.99
-2945.68
-2960.87
-2960.35
-2898.54
-2983.49
-2945.8
-3026.47
-2921.51
-3006.1
-2979.91
-2933.88
-2909.36
-2883.68
-2890.44
-2813.42
-2845.41
-2857.93
-2886.68
-2870.35
-2892.2
-2856.81
-2921.36
-2958.15
-2983.37
-2897.41
-2817.41
-2825.84
-2922.34
-2874.79
-2930.28
-2888.82
-2930.01
-2948.07
-2933.76
-2916.19
-2946.08
-2920.22
-2961.47
-3008.37
-3005.1
-2906.23
-2931.52
-2889.89
-2920.23
-2976.96
-2973.5
-2934.83
-3024.07
-2906.37
-2911.71
-2945.01
-2899.8
-2905.68
-2922.62
-2909.24
-2947.88
-2960.31
-2972.54
-2925.11
-2915.6
-2952.91
-2937.71
-2868.5
-2890.88
-2847.35
-2854.19
-2858.81
-2919.05
-2855.77
-2872.86
-2849.62
-2837.11
-2825.17
-2820.34
-2815.43
-2872.92
-2872.96
-2866.31
-2908.47
-2887.27
-2814.43
-2876.45
-2909.99
-2883.25
-2900.52
-2865.56
-2915.81
-2916.08
-2909.67
-2859.59
-2929.53
-2956.97
-2914.01
-2920.94
-2960.75
-2949.02
-2868.45
-2869.08
-2899.93
-2889.18
-2856.94
-2864.01
-2924.05
-2947.56
-2905.48
-2974.93
-2923.76
-3016.02
-2998.65
-2900.51
-2991.71
-2961.89
-2961.76
-2980.63
-2868.21
-2947.75
-2909.91
-2934.46
-2903.48
-2856.71
-2936.27
-2864.33
-2905.43
-2902.55
-2937.05
-2941.29
-2953.64
-2881.13
-2885.19
-2888.24
-2913.84
-2943.34
-2873.25
-2942.36
-2862.32
-2851.46
-2833.45
-2885.68
-2901.99
-3001.75
-2976.57
-2921.63
-2947.14
-2907.2
-2935.89
-2973.04
-2937.02
-2946.08
-2889.7
-2965.69
-2888.73
-2827.02
-2915.32
-2891.06
-2917
-2857.82
-2937.19
-2915.25
-2941.28
-2913.33
-2945.58
-2880.08
-2858.62
-2879.46
-2997.86
-2919.33
-2885.58
-2987.43
-2942.78
-2909.45
-2957.52
-2910.86
-2973.77
-2948.74
-3020.43
-2940.13
-2958.04
-2958.63
-2880.41
-2878.4
-2907.28
-2932.28
-2922.58
-2982.46
-2932.46
-2968.2
-2891.22
-2891.65
-2952.86
-2924.97
-2994.7
-2975.58
-2929.4
-2972.99
-3006.45
-2980.63
-2962.78
-2870.38
-2888.62
-2937.32
-2874.28
-2906.55
-2889.98
-2945.16
-2884.42
-2910.55
-2979.06
-2941.55
-2989.25
-2972.48
-2993.36
-2939.37
-2951.31
-2966.38
-3063.07
-2957.43
-3009.55
-2961.99
-3005.77
-2941.27
-2974.2
-2888.31
-2928.83
-3022.53
-2892.27
-2940.6
-2890.15
-2915.35
-2958.52
-2922.1
-2885.94
-2911.53
-2912.8
-2896.64
-3000.79
-2954.93
-2958.58
-2968.07
-2995.9
-2956.08
-2950.28
-2930.76
-2890.72
-2857.3
-2954.17
-2956.95
-2962.51
-2993.06
-2954.78
-2917.59
-2999.98
-2904.29
-2926.81
-2965.05
-2924.59
-2892.87
-2946.53
-2931.4
-2880.55
-2900.12
-2951.02
-2885.53
-2945.51
-2959.74
-2856.77
-2871.65
-2871.81
-2874.23
-2986.48
-2971.48
-2938.59
-2985.25
-2933.46
-2895.11
-2918.76
-2963.26
-2939.44
-2988.76
-2996.83
-2984.74
-2870.63
-2960.6
-2914.31
-2983.3
-2922.84
-2946.26
-2939.3
-2954.08
-2976.59
-2920.11
-3027.64
-2937.51
-2950.8
-2962.73
-2939.59
-2986.83
-2999.44
-2882.03
-3010.2
-2983.01
-2947.62
-2942.16
-2874.67
-2881.75
-2916.91
-2940.27
-2953.05
-3024.8
-2944.02
-2889.82
-2938.16
-2921.94
-2936.4
-2942.32
-2953.9
-3000.46
-2946.41
-2943.33
-2882.75
-2900.13
-2980.98
-2889.53
-2998.87
-2894.36
-2905.61
-2952.21
-2958.17
-2912.85
-2870.2
-2977.58
-2913.24
-2936.6
-2970.27
-2884.63
-2905.06
-2946.31
-3009.97
-2952.54
-2972.52
-2836.03
-2862
-2869.08
-2900.1
-2877.04
-2960.57
-2971.14
-2941.5
-2929.39
-2915.3
-2918.47
-2904.42
-2925.12
-2895.51
-2955.01
-2954.43
-2967.18
-2952.22
-2924.32
-2924.61
-2926.28
-2960.32
-2954.36
-2918.82
-2902.82
-2991.12
-2941.5
-2900.35
-2956.08
-2971.78
-2929.35
-2906.45
-2985.59
-2992.96
-3023.34
-2904.69
-2959.21
-2909.36
-2972.88
-2920.4
-2923.63
-2941.39
-2991.96
-2950.13
-2966.1
-2947.56
-2960.06
-3027.35
-3012.28
-3024.8
-2961.17
-2982.36
-2937.58
-2920.85
-2927.54
-2998.65
-2965
-2961.32
-2924.35
-2850.97
-2960.2
-2973.66
-2893.23
-2976.27
-2903.15
-2852.6
-2856.7
-2921.62
-2898
-2924.26
-2885.37
-2908.56
-2864.82
-2881.06
-2878.65
-2948.67
-2898.34
-2874.54
-2859.81
-2916.91
-2888.73
-2876.74
-2924.44
-2925.6
-2935.21
-2913.55
-2917.44
-2937.64
-2941.39
-2905.04
-2889.59
-2914.83
-2853.67
-2941.79
-2860.21
-2991.86
-2967.06
-2960.1
-2944.37
-2896.84
-2977.55
-2881.81
-2892.92
-2917.28
-2889.72
-2938.11
-2972.05
-2982.87
-2976.25
-2980.72
-2965.46
-2991.35
-2945.74
-2917.15
-2943.53
-2970.53
-2891.23
-2995.43
-2999.76
-2992.15
-2978.08
-2948.02
-3063.67
-2944.7
-3005.12
-2995.48
-2909.57
-2858.16
-2960.23
-2879
-2877.03
-2902.57
-2842.37
-2916.04
-2923.76
-3008.06
-2878.32
-2887.96
-2973.47
-2932.42
-2915.81
-2966.21
-2902.38
-2844.85
-2951.75
-2908.96
-2953.37
-2931.11
-2912.87
-2896.35
-2907.54
-2920.57
-2846.48
-2917.83
-2806.09
-2833.36
-2899.34
-2887.11
-2823.85
-2864.39
-2817.54
-2962.66
-2896.81
-2853.75
-2894.52
-2904.66
-2901.23
-2876.58
-2901.28
-2833.03
-2849.66
-2836.49
-2862.33
-2922.87
-2975.42
-2991.05
-3038.99
-3013.21
-2975.42
-3031.9
-3032.3
-2968.98
-2962.24
-2984.17
-2963.32
-2974.94
-2958.52
-2942.52
-2902.88
-2937.48
-2953.85
-2912.15
-2975.7
-3026.35
-2947.9
-2900.75
-2912.32
-2903.95
-2898.51
-2886.5
-2885.08
-2881.56
-2993.92
-2972.46
-2962.68
-2916.7
-2921.5
-2951.67
-2908.26
-2909.58
-2994.51
-2907.17
-2957.57
-2945.63
-2915.51
-2897.65
-2943.51
-2988.07
-2909.18
-2935.66
-2898.79
-2851.1
-2899.62
-2861.96
-2850.25
-2901.23
-2895.61
-2850.19
-2917.96
-2940.68
-2928.68
-2905.2
-2947.01
-2955.66
-2954.19
-2949.86
-3004.96
-3001.88
-2993.08
-2986.82
-3028.15
-3043.54
-3001.95
-2943.95
-2898.14
-2893.85
-2941.77
-2859.67
-2831.68
-2993.3
-2953.5
-2916.76
-2941.06
-2920.97
-2960.89
-2942.42
-2967.13
-2978.42
-2928.04
-2974.39
-2914.06
-2923.17
-2864.85
-2948.72
-2915.32
-2981.34
-2977.54
-2886.44
-2958.38
-2892.42
-2881.35
-2877.68
-2885.94
-2831.95
-2870.41
-2919.92
-2945.1
-2975.33
-2958
-2875.01
-2972.87
-2878.88
-2879.8
-2859.79
-2915.51
-2951.9
-2964.28
-2918
-2953.96
-2890.8
-2864.48
-2926.62
-2879.81
-2975.26
-2977.97
-2953.1
-2932.14
-2951.5
-2969.21
-2981.92
-2961.3
-2948.39
-2897.02
-2981.28
-2964.79
-2959.07
-2977.31
-3031
-2963.13
-2894.73
-2925.38
-2937.22
-2860.99
-2851.17
-2893.53
-2886.55
-2910.1
-2880.35
-2839.91
-2887.25
-2865.36
-2982.42
-2889.79
-2830.58
-2868.96
-2903.79
-2842.79
-2826.88
-2838.77
-2865.74
-2916.72
-2837.51
-2819.62
-2883.14
-2855.25
-2938.49
-2904.72
-2915.79
-2913.25
-2942.75
-2969.03
-2817.29
-2897
-2867.74
-2948.18
-2900.83
-2812.55
-2899.49
-2869.33
-2858.15
-2990.93
-2969.94
-2870.1
-2956.38
-2975.62
-2901.69
-2881.15
-2891.02
-2960.01
-2914.32
-2914.2
-2901.91
-2938.65
-2913.14
-2936.14
-2948.21
-2906.96
-2958.11
-2869.36
-2830.18
-2904.09
-2955.34
-2914.11
-2927.94
-2896.69
-2930.44
-2927.65
-2899.22
-2908.79
-2896.07
-2907.44
-2905.17
-2927.72
-2894.16
-2833.84
-2859.57
-2917.42
-2896.51
-2909.36
-2914.14
-2945.36
-2948.01
-2988.43
-2895.1
-2899.61
-2953.23
-2875.72
-2834.81
-2959.68
-2937.14
-2915.24
-2938.14
-2953.45
-2959.19
-2994.92
-3016.26
-2917.53
-2906.25
-2890.75
-2885.53
-2905.09
-2888.96
-2979.23
-2957.75
-2931.95
-2932.94
-2884.98
-2894.62
-2860.74
-2812.05
-2855.24
-2884.82
-2902.57
-2862.56
-2805.24
-2905.76
-2942.34
-2906.09
-2881.27
-2928.11
-2934.29
-2967.84
-2931.44
-2905.98
-2905.78
-2855.88
-2963.99
-2894.11
-2823.73
-2896.68
-2906.28
-2944.13
-2957.73
-2908.06
-2964.82
-2907.61
-2937.41
-2940.65
-2971.1
-3013.17
-2968.59
-2962.2
-2995.69
-2962
-2939.17
-3030.51
-2987.29
-2980.82
-2886.76
-3062.87
-2974.78
-2941.66
-3017.82
-3018.85
-2945.31
-2955.57
-3039.73
-2934.9
-2960.64
-3010.87
-2990.32
-2986.28
-2946.15
-2941.99
-2978.61
-2894.59
-2926.31
-2813.64
-2821.34
-2960.59
-2879.19
-2882.46
-2992.96
-2987.3
-2934.59
-2907.51
-2929.65
-2933.51
-2883.01
-2848.88
-2872.46
-2914.8
-2954.05
-2925.97
-2868.5
-2895.29
-2876.91
-2914.96
-2928.33
-2901.29
-2917.96
-2889.89
-2860.24
-2846.68
-2882.77
-2846.5
-2884.3
-2902.45
-2920.27
-2926.42
-2967.68
-2920.25
-2841.65
-2857.36
-2833.36
-2908.84
-2878.62
-2859.53
-2885.12
-2901.56
-2909.41
-2939.5
-2948.75
-2990.42
-2901.03
-2984.57
-2923.68
-2967.58
-2853.4
-2978.98
-2951.22
-2911.9
-2951.03
-3013.73
-2902.98
-2956.39
-2863.13
-2872.5
-2892.63
-2833.7
-2859.11
-2904.59
-2894.93
-2864.89
-2836.66
-2926.16
-2889.92
-2806.36
-2835.1
-2859.13
-2980.27
-2857.15
-2824.66
-2847.01
-2920.44
-2925.61
-2918.97
-2902.79
-2931.1
-2898.16
-2883.09
-2900.75
-2918.77
-2843.02
-2931.82
-2905.49
-3009.2
-2876.9
-2838.71
-2876.49
-2881.89
-2903.04
-2942.96
-2929.36
-2936.74
-2888.73
-2921.45
-2864.39
-2948.1
-2923.4
-2923.61
-2842.68
-2934.41
-2975.8
-3051.91
-2853.6
-2790.22
-2909.28
-2859.93
-2896.05
-2848.03
-2865.39
-2807.25
-2892.59
-2906.47
-2892.93
-2935.14
-2840.28
-2930.19
-2846.23
-2927.06
-2929.34
-2945.7
-2950.06
-2883.86
-2952.04
-2948.99
-2966.58
-2966.46
-2898.38
-2896.46
-2949.37
-2975.17
-3027.12
-2990.07
-2957.74
-2961.63
-2994.55
-3015.2
-2953.68
-3033.03
-2980.76
-3000.58
-3016.85
-3000.15
-3028.76
-2980.81
-3031.39
-2900.42
-2862.64
-2932.76
-2932.83
-2984.81
-2922.19
-2951.31
-2963.3
-2929.66
-2879.42
-2885.64
-2913.97
-2868.29
-2913.89
-2927.5
-2912.82
-2907.78
-2857.87
-2898.87
-2914.89
-2909.05
-2817.55
-2895.26
-2827.2
-2901.13
-2906.12
-2943.55
-2944.37
-2949.65
-2926.09
-2928.31
-2971.31
-2908.64
-2917.33
-2909.55
-2967.2
-2884.34
-2998.56
-2978.32
-2958.17
