-1480.93
-1434.34
-1533.57
-1475.02
-1483.97
-1540.02
-1485.44
-1540.83
-1517.5
-1502.34
-1465.64
-1442.75
-1496.41
-1492.92
-1456.51
-1447.45
-1545.34
-1499.67
-1461.26
-1443.07
-1522.88
-1512.4
-1544
-1474.32
-1440.75
-1484.56
-1470.56
-1494.84
-1478.65
-1495.12
-1485.76
-1514.84
-1509.79
-1472.48
-1468.65
-1472.6
-1456.83
-1483.29
-1483.13
-1501.08
-1511.42
-1488.17
-1515.06
-1530.94
-1499.47
-1547.19
-1539.21
-1514.25
-1469.95
-1529.56
-1492.42
-1490.69
-1489.87
-1487.69
-1480.63
-1521.01
-1509.73
-1501.23
-1531.34
-1500.54
-1520.11
-1522.3
-1445.44
-1480.38
-1486.74
-1529.93
-1492.18
-1513.39
-1493.27
-1488.36
-1510.95
-1545.67
-1527.81
-1496.22
-1497.64
-1485.98
-1479.89
-1462.21
-1472.53
-1514.61
-1418.78
-1481.24
-1492.47
-1514.09
-1508.56
-1464.75
-1547.34
-1514.13
-1505.53
-1498.79
-1512.72
-1561.68
-1445.98
-1475.11
-1511.12
-1503.65
-1484.86
-1571.39
-1483.58
-1515.51
-1486.01
-1477.12
-1476.13
-1500.25
-1454.17
-1462.16
-1528.5
-1509.6
-1538.15
-1536.97
-1486.88
-1475.54
-1522.87
-1450.41
-1505.72
-1508.8
-1457.77
-1537.8
-1518.77
-1461.45
-1491.32
-1503.13
-1480.84
-1480.19
-1467.89
-1523.28
-1482.28
-1480.37
-1486.35
-1486.64
-1505.52
-1508.47
-1454.52
-1486.08
-1471.82
-1487.47
-1494.94
-1465.41
-1474.48
-1488.42
-1532.03
-1538.1
-1521.41
-1511.23
-1513.41
-1485.11
-1505.94
-1523.75
-1495.07
-1525.53
-1483.02
-1505.45
-1493.29
-1450.01
-1535.93
-1543.27
-1550.76
-1454.9
-1513.54
-1538.91
-1486.59
-1534.01
-1497.95
-1512.15
-1528.4
-1477.91
-1487.49
-1490.27
-1515.08
-1529.17
-1512.32
-1450.85
-1507.19
-1508.55
-1471.94
-1530.86
-1460.51
-1447.6
-1502.61
-1492.37
-1486.35
-1499.99
-1488.86
-1516.23
-1520.33
-1492.34
-1503.6
-1502.3
-1479.61
-1541.54
-1516.77
-1472.06
-1495.8
-1513.19
-1448.96
-1520.51
-1505.84
-1470.26
-1469.08
-1464.38
-1467.36
-1493.25
-1548.01
-1482.41
-1536.08
-1530.99
-1512.37
-1539.84
-1454.12
-1464.89
-1489.08
-1531.82
-1482.17
-1508.83
-1523.74
-1441.43
-1500.3
-1529.46
-1480.37
-1516.41
-1482.85
-1498.21
-1523.13
-1507.96
-1459.52
-1485.26
-1481.47
-1504.93
-1488
-1506.75
-1506.76
-1474.11
-1515.86
-1470.64
-1463.54
-1476.03
-1522.03
-1481.04
-1463.07
-1466.53
-1510.41
-1461.56
-1482.03
-1455.24
-1496.12
-1486.52
-1489.34
-1490.63
-1478.6
-1514.29
-1474.21
-1478.16
-1494.82
-1496.8
-1515.48
-1507.71
-1515.28
-1531.89
-1496.3
-1455.82
-1491.77
-1552.57
-1528.67
-1524.49
-1528.19
-1513.94
-1496.86
-1454.8
-1447.93
-1568.32
-1502.42
-1507.4
-1485.54
-1517.59
-1492.11
-1504.81
-1542.19
-1498.05
-1481.06
-1507.58
-1455.36
-1541
-1505.35
-1453.91
-1445.78
-1471.72
-1508.15
-1517.19
-1466.25
-1480.03
-1465.6
-1508.99
-1513.74
-1505.46
-1466.24
-1476.77
-1538.04
-1504.19
-1452.05
-1452.06
-1502.64
-1452.39
-1476.03
-1514.97
-1495.17
-1466.88
-1512.77
-1420.84
-1453.14
-1519.96
-1503.31
-1509.39
-1484.36
-1468.33
-1514.49
-1439.02
-1425.13
-1493.75
-1511.77
-1444
-1507.53
-1512.19
-1524.91
-1458.94
-1455.08
-1541.7
-1487.96
-1522.54
-1485.79
-1480.08
-1471.09
-1497.73
-1516.68
-1473.17
-1444.02
-1456.23
-1495.91
-1492.07
-1541.66
-1515.73
-1454.49
-1453.19
-1497
-1479.74
-1448.33
-1489.39
-1517.84
-1531.42
-1528.88
-1501.99
-1517.01
-1484.99
-1498.1
-1432.68
-1499.29
-1534.6
-1473.7
-1430.92
-1501.79
-1485.46
-1461.43
-1563.68
-1556.51
-1486.77
-1477.81
-1488.82
-1512.84
-1455.24
-1489.52
-1441.55
-1498.97
-1492.64
-1526.37
-1567.04
-1474.22
-1539.61
-1481.56
-1537.3
-1510.33
-1525.4
-1533.32
-1583.23
-1460.99
-1499.76
-1568.47
-1530.58
-1511.76
-1526.25
-1455.18
-1510.53
-1479.61
-1488.54
-1481.2
-1488.93
-1475.44
-1535.15
-1474.77
-1488.37
-1539.89
-1535.89
-1486.11
-1515.96
-1446.99
-1477.76
-1450.16
-1489.72
-1509.34
-1480.48
-1429.58
-1476.63
-1503.5
-1480.64
-1543.3
-1481.07
-1540.29
-1473.97
-1528.57
-1418.13
-1476.28
-1505.93
-1500.43
-1533.1
-1486.75
-1434.33
-1533.14
-1555.03
-1510.72
-1477.51
-1493.29
-1505.21
-1544.13
-1489.63
-1491.07
-1518.93
-1453.14
-1419.87
-1486.2
-1496.17
-1551.71
-1541.72
-1460.17
-1477.98
-1502.7
-1502.95
-1527.6
-1492.69
-1514.86
-1514.48
-1525.62
-1508.1
-1478.51
-1521.58
-1486.7
-1488.73
-1478.3
-1521.87
-1531.28
-1534.8
-1481.55
-1523.32
-1480
-1530.62
-1497.91
-1499.07
-1489.97
-1526.03
-1501.24
-1537.19
-1482
-1475.81
-1536.58
-1451.47
-1481.32
-1466.13
-1447.82
-1485.32
-1425.72
-1506.49
-1531.02
-1507.33
-1490.38
-1557.51
-1476.83
-1529.45
-1476.68
-1516.69
-1539.94
-1471.34
-1487.16
-1497.44
-1457.87
-1472.14
-1507.83
-1494.77
-1514.57
-1507.77
-1528.79
-1507.12
-1498.39
-1494.81
-1472.42
-1520.34
-1482.83
-1501.71
-1516.9
-1474.95
-1491.03
-1495.13
-1514.92
-1459.76
-1453.49
-1427.91
-1490.52
-1527.93
-1465.05
-1472.27
-1560.49
-1448.67
-1474.73
-1478.44
-1517.11
-1479.05
-1452.08
-1476.23
-1546.58
-1478.08
-1510.27
-1522.65
-1514.43
-1507.07
-1500.86
-1457.18
-1494.2
-1499.28
-1528.73
-1450.39
-1510.84
-1454.28
-1496.94
-1529.85
-1475.12
-1498.94
-1494.99
-1528.5
-1498.24
-1475.9
-1461.73
-1486.85
-1432.02
-1528.67
-1511.59
-1446.03
-1512.82
-1544.84
-1480.69
-1552.95
-1510.94
-1503.56
-1483.75
-1516.68
-1501.56
-1477.4
-1492.62
-1459.89
-1480.94
-1481.31
-1529.17
-1517.68
-1493.54
-1470.65
-1538.14
-1511.28
-1477.16
-1475.22
-1520.04
-1493.05
-1520.68
-1511.24
-1500.66
-1481.43
-1506.14
-1545.49
-1482.59
-1462.47
-1454.67
-1517.36
-1530.69
-1519.01
-1496.87
-1472.94
-1473.84
-1458.79
-1492.27
-1514.07
-1524.25
-1509.04
-1472.15
-1520.14
-1480.38
-1482.01
-1530.86
-1513.68
-1452.78
-1481.54
-1520.64
-1488.67
-1455.45
-1451.11
-1527.65
-1461.41
-1474.65
-1450.42
-1468.18
-1514.23
-1514.53
-1525.51
-1547.15
-1446.83
-1501.81
-1486.99
-1492.59
-1500.2
-1448.39
-1514.28
-1492.22
-1505.6
-1476.71
-1479.76
-1438.01
-1474.69
-1504.2
-1525.42
-1500.47
-1462.19
-1501.23
-1489.22
-1498.29
-1503.72
-1522.91
-1410.46
-1464.93
-1510.23
-1552.16
-1548.22
-1520.5
-1507.72
-1491.99
-1478.04
-1515.29
-1504.44
-1475.44
-1482.92
-1501.15
-1533.14
-1514.2
-1575.39
-1529.47
-1459.2
-1487.61
-1481.38
-1506.28
-1423.36
-1484.95
-1480.67
-1494.75
-1497.98
-1482.35
-1483.79
-1457.63
-1467.11
-1561.18
-1499.68
-1459.28
-1487.38
-1473.69
-1557.45
-1503.53
-1487.17
-1517.56
-1488.21
-1481.18
-1503.14
-1493.85
-1469.67
-1470.53
-1452.27
-1450.19
-1416.84
-1473.31
-1522.27
-1487.34
-1437.02
-1448.67
-1501.83
-1471.6
-1491.97
-1510.28
-1495.32
-1495.68
-1479.94
-1485.13
-1492.01
-1497.66
-1518.95
-1516.43
-1487.25
-1485.75
-1496.68
-1498.37
-1510.18
-1457.73
-1412.34
-1491.67
-1450.22
-1502.36
-1487.47
-1519.93
-1467.74
-1515.73
-1488.85
-1466.79
-1509.91
-1479.69
-1513.34
-1482.01
-1517.92
-1514.02
-1515.05
-1475.23
-1487.91
-1483.81
-1463.55
-1561.95
-1513.34
-1459.39
-1510.38
-1473.25
-1507.91
-1473.62
-1507.33
-1488.72
-1464.5
-1471.33
-1486.47
-1492.47
-1546.07
-1446.7
-1491.78
-1488.76
-1473.16
-1498.88
-1531.76
-1494.07
-1497.39
-1488.75
-1527.51
-1482.97
-1548.5
-1526.43
-1488.95
-1528.76
-1491.22
-1453.45
-1482.03
-1502.38
-1421.75
-1511.36
-1480.82
-1528.36
-1459.41
-1488.48
-1539.43
-1465.5
-1529.71
-1464.69
-1480.6
-1527.57
-1465.29
-1482.94
-1489.94
-1490.88
-1517.85
-1482.4
-1562.05
-1456.67
-1472.95
-1497.31
-1491.28
-1516.23
-1472.32
-1517.52
-1534.78
-1479.8
-1502.87
-1541.84
-1469.44
-1540.92
-1507.48
-1492
-1505.32
-1551.81
-1533.39
-1503.01
-1528.65
-1507.49
-1490.97
-1503.44
-1524.52
-1513.57
-1517.98
-1509.97
-1490.77
-1529.79
-1540.6
-1522.99
-1468
-1428.2
-1511.14
-1498.1
-1467.13
-1491.82
-1461.18
-1482.32
-1515.45
-1465.03
-1497.11
-1448.11
-1498.49
-1498.21
-1519.79
-1472.37
-1475.06
-1447.6
-1489.58
-1446
-1477.53
-1538.55
-1515.25
-1534.71
-1528.83
-1489.59
-1520.81
-1480.03
-1524.53
-1532.75
-1490.07
-1466.91
-1451.67
-1453.13
-1480.93
-1444.96
-1492.6
-1508.7
-1465.06
-1538.96
-1519.87
-1514.26
-1524.5
-1491.95
-1502.11
-1517.77
-1488.66
-1516.03
-1508.55
-1487.23
-1494.18
-1521.23
-1476.92
-1499.39
-1519.64
-1488.53
-1512.22
-1427.39
-1533.83
-1480.89
-1516.31
-1442.27
-1485.79
-1490.44
-1507.08
-1516.01
-1537.63
-1525.39
-1477.97
-1487.44
-1494.55
-1489.71
-1495.12
-1482.97
-1454.8
-1444.26
-1520.54
-1526.88
-1489.72
-1449.72
-1526.17
-1493.26
-1549.38
-1432.55
-1493.99
-1538.33
-1530.01
-1526.02
-1490.17
-1510.27
-1556.77
-1512
-1541.1
-1528.01
-1493.22
-1433.76
-1544.44
-1536.99
-1511.88
-1557.92
-1495.88
-1502.46
-1490.11
-1554.59
-1507.23
-1538.15
-1486.88
-1475.22
-1437.09
-1511.59
-1486.36
-1547.77
-1494.32
-1487.91
-1479.16
-1502.86
-1507.03
-1535.64
-1519.38
-1532.64
-1495.95
-1511.5
-1476.18
-1507.6
-1499.89
-1485.28
-1521.54
-1496.35
-1430.9
-1450.78
-1506.47
-1496.23
-1456.38
-1490.95
-1512.7
-1513.19
-1513.96
-1483.61
-1481.79
-1502.15
-1528.52
-1513.79
-1509.7
-1488.16
-1517.68
-1466.96
-1506.52
-1506.64
-1490.24
-1511.23
-1528.98
-1475.5
-1452.69
-1462.67
-1472.02
-1478.63
-1528.73
-1539.36
-1469.15
-1529.42
-1497.93
-1468.47
-1503.59
-1523.96
-1445.19
-1475.15
-1511.49
-1464.11
-1464.36
-1446.9
-1499.87
-1512.72
-1501.94
-1528.75
-1514.29
-1459.18
-1484.88
-1505.68
-1468.1
-1462.02
-1439.81
-1514.16
-1505.22
-1500.19
-1517.05
-1484.11
-1506.78
-1499.15
-1493.01
-1469.94
-1491.3
-1434.61
-1476.06
-1484.23
-1470.94
-1476.69
-1506.02
-1494.19
-1511.56
-1511.39
-1479.83
-1522.84
-1511.72
-1504.59
-1505.85
-1446.39
-1442.57
-1460.99
-1526.08
-1541.94
-1525.76
-1472.53
-1497.43
-1510.18
-1530.29
-1507.55
-1439.4
-1524.54
-1524.24
-1534.77
-1491.86
-1513.76
-1495.24
-1518.51
-1494.76
-1518.17
-1469.61
-1541.39
-1470.86
-1535.05
-1491.22
-1443.23
-1465
-1483.18
-1509.34
-1567.42
-1456.83
-1494.35
-1517.79
-1500.19
-1487.04
-1510.89
-1529.68
-1526.17
-1497.05
-1508.2
-1474.44
-1476.78
-1445.21
-1485.69
-1475.99
-1495.82
-1474.92
-1504.5
-1497.76
-1474.06
-1500.88
-1463.58
-1516.62
-1537.01
-1509.62
-1506.41
-1509.82
-1510.92
-1459.28
-1506.16
-1453.9
-1496.62
-1515.69
-1503.04
-1508.99
-1470.38
-1490.73
-1443.6
-1474.02
-1501.92
-1467.09
-1497.28
-1462.62
-1520.68
-1480.59
-1480
-1467.14
-1460.26
-1478.62
-1496.76
-1512.95
-1460.92
-1498.09
-1518.19
-1479.64
-1485.05
-1480.34
-1441.82
-1477.54
-1452.15
-1449.83
-1476.5
-1509.1
-1507.43
-1507.73
-1487.83
-1498.91
-1526.73
-1435.3
-1493.86
-1487.28
-1519.8
-1502.76
-1476.18
-1483
-1473.41
-1495.31
-1521.18
-1490.49
-1534.67
-1517.17
-1489.24
-1500.58
-1508.91
-1552.35
-1495.14
-1534.97
-1510.08
-1457.2
-1444.97
-1475.33
-1465.3
-1418.73
-1479.15
-1450.15
-1497.42
-1507.84
-1510.11
-1502.32
-1491.91
-1494.46
-1524.8
-1435.18
-1455.69
-1507.53
-1502.62
-1487.05
-1511.37
-1439.18
-1470.53
-1470.88
-1455.19
-1477.45
-1485.39
-1486.18
-1497.79
-1483.38
-1485.26
-1494.92
-1490.96
-1504.21
-1501.04
-1515.39
-1492.64
-1520.82
-1493.76
-1515.75
-1504.27
-1467.25
-1433.25
-1490.81
-1576.12
-1494.91
-1483.22
-1505.76
-1533.63
-1510.44
-1484.43
-1523.86
-1466.3
-1515.01
-1517.83
-1529.36
-1481.33
-1489.53
-1481.86
-1479.5
-1515.86
-1484.1
-1434
-1499.42
-1471.69
-1498.14
-1513.38
-1497.43
-1525.54
-1456.66
-1510.92
-1504.19
-1457.32
-1496.69
-1497.35
-1491.11
-1492.24
-1442.81
-1508.08
-1501.11
-1489.6
-1531.65
-1470.41
-1539.91
-1487
-1515.48
-1549.38
-1472.78
-1509.33
-1497.64
-1498.86
-1498.19
-1503.67
-1462.83
-1524.71
-1447.3
-1550.79
-1448.6
-1508.69
-1486.23
-1511.11
-1490.61
-1538.94
-1527.73
-1456.5
-1474.94
-1526.09
-1462.22
-1488.25
-1498.7
-1489.17
-1512.26
-1552.24
-1523.52
-1511.27
-1510.32
-1505.55
-1512.11
-1452.44
-1500.54
-1462.07
-1495.93
-1530.92
-1494.96
-1497.93
-1483.65
-1522.16
-1490.41
-1545.82
-1489.7
-1520.93
-1501.17
-1494.21
-1493.53
-1489.38
-1532.28
-1464.42
-1498.41
-1493.62
-1453.57
-1503.3
-1458.17
-1532.03
-1461.63
-1501.64
-1509.98
-1398.3
-1492.57
-1458.74
-1423.25
-1505.59
-1499.57
-1480.14
-1473.82
-1500.04
-1502.92
-1477.09
-1535.77
-1474.16
-1458.24
-1535.99
-1462.11
-1537.2
-1525.63
-1505.52
-1504.36
-1487.04
-1489.81
-1491.25
-1504.96
-1533.65
-1499.24
-1515.23
-1468.71
-1475.51
-1487.17
-1492.72
-1518.35
-1517.54
-1549.35
-1518.98
-1512.87
-1529.44
-1446.09
-1513.6
-1454.58
-1510.03
-1512.26
-1515.04
-1551.73
-1510.22
-1515.66
-1514.66
-1537.45
-1442.11
-1513.3
-1503.94
-1483.27
-1496.72
-1513.23
-1466.62
-1475.45
-1518.06
-1568.94
-1508.95
-1513.86
-1523.17
-1491.62
-1506.15
-1518.24
-1469.27
-1496.76
-1530.97
-1454.66
-1491.2
-1491.9
-1471.33
-1505.19
-1509.81
-1444.67
-1514.45
-1555.61
-1531.12
-1482.31
-1466.26
-1499.33
-1533.56
-1513.6
-1526.8
-1450.23
-1509.54
-1528.2
-1513.73
-1537.84
-1452.57
-1474.5
-1490.63
-1523.44
-1532.4
-1563.67
-1509.36
-1523.48
-1531.3
-1509.67
-1512.13
-1476.47
-1552.69
-1491.77
-1509.55
-1520.16
-1499.05
-1486.17
-1572.72
-1473.7
-1506.98
-1557.2
-1506.66
-1469.29
-1487.93
-1514.79
-1527.44
-1526.62
-1521.96
-1497.82
-1478.86
-1493.98
-1474.78
-1484.03
-1472.47
-1505.11
-1544.78
-1460.67
-1523.47
-1552.71
-1535.66
-1504.98
-1511.21
-1495.21
-1550.15
-1527.54
-1528
-1513.48
-1538.43
-1519.4
-1485.46
-1538.01
-1510.33
-1477.86
-1487.85
-1519.96
-1516.66
-1506.61
-1454.92
-1484.28
-1464.51
-1519.07
-1570.1
-1530.84
-1563.38
-1497.16
-1467.46
-1495.16
-1426.85
-1524.86
-1510.92
-1497.05
-1501.3
-1482.95
-1487.71
-1526.68
-1524.71
-1457.65
-1495.14
-1490.48
-1453.25
-1504.36
-1467.46
-1486.64
-1508.17
-1502.59
-1491.79
-1463.89
-1507.09
-1527.69
-1460.98
-1528.85
-1490.42
-1456.53
-1473.2
-1499.1
-1478.52
-1478.19
-1505.02
-1447.58
-1463.14
-1434.99
-1539.61
-1463.5
-1475.9
-1516.97
-1461.09
-1489.73
-1492.7
-1550.11
-1515.94
-1458.51
-1471.33
-1489.8
-1523.8
-1481.6
-1472.13
-1500.94
-1524.47
-1504.88
-1493.75
-1460.24
-1458.37
-1481.91
-1501.76
-1514.64
-1545.72
-1533.8
-1495.44
-1502.3
-1473.2
-1531.45
-1539.98
-1519.35
-1497.83
-1494.35
-1489.85
-1544.68
-1459.59
-1494.74
-1499.59
-1481.56
-1520.33
-1496.23
-1491.94
-1458.67
-1508.37
-1487.76
-1514.3
-1470.83
-1503.62
-1512.54
-1508.52
-1488.3
-1499.58
-1502.11
-1530.15
-1481.12
-1481.84
-1462.13
-1530.64
-1521.03
-1477.51
-1500.54
-1498.15
-1537.56
-1497.26
-1483.2
-1481.92
-1463.78
-1489.24
-1522.82
-1539.45
-1470.15
-1490.59
-1448.41
-1468.79
-1464.27
-1513.59
-1493.95
-1501.46
-1441.26
-1504.48
-1520.61
-1504.54
-1503.96
-1535.86
-1478.52
-1482.84
-1514.65
-1532.2
-1527.95
-1478.54
-1523
-1464
-1405.29
-1513.85
-1529.53
-1488.86
-1524.04
-1515.54
-1486.56
-1509.21
-1509.37
-1532.24
-1505.17
-1434.05
-1497.3
-1458.42
-1494.84
-1498.99
-1457.5
-1436.39
-1502.02
-1510.24
-1488.44
-1514.77
-1533.62
-1475.98
-1480.54
-1556.17
-1520.58
-1535.13
-1481.55
-1458.56
-1524.19
-1507.97
-1543.92
-1499.49
-1502.29
-1502.92
-1508.38
-1469.94
-1467.27
-1507.56
-1479.99
-1480.22
-1480.49
-1570.01
-1501.68
-1558.9
-1521.33
-1527.15
-1543.05
-1499.62
-1472.46
-1466.59
-1508.42
-1454.71
-1541.76
-1521.19
-1441.66
-1496.33
-1508.07
-1506.2
-1500.05
-1484.83
-1493.52
-1467.91
-1504.17
-1518.86
-1469.66
-1513.93
-1530.14
-1510.02
-1469.94
-1498.57
-1539.54
-1479.18
-1503.52
-1503.3
-1483.09
-1485.64
-1477.72
-1504.25
-1458.66
-1438.72
-1471.21
-1464.66
-1500.91
-1508.71
-1452.9
-1488.73
-1484.39
-1510.15
-1510.11
-1508.93
-1483.15
-1443.87
-1451.01
-1506.84
-1479.45
-1541.62
-1473.02
-1518.6
-1512.98
-1512.85
-1489.13
-1485.82
-1502.19
-1488.71
-1519
-1509.29
-1487.29
-1503.7
-1523.2
-1523.6
-1480.46
-1484.35
-1502.68
-1517.75
-1501.52
-1513.85
-1519.01
-1499.45
-1509.67
-1490.31
-1500.72
-1514.96
-1476.16
-1490.83
-1471.28
-1455.71
-1469.56
-1507.64
-1522.05
-1463.4
-1535.67
-1547.3
-1477.17
-1521.11
-1515.06
-1545.66
-1494.14
-1482.49
-1517.03
-1473.96
-1522.96
-1504.82
-1544.5
-1474.79
-1488.61
-1551.61
-1479.66
-1535.75
-1519.11
-1530.61
-1517.55
-1505.82
-1482.03
-1483.8
-1527.35
-1482
-1462.37
-1494.4
-1485.25
-1442.31
-1414.77
-1518.8
-1521.16
-1476.47
-1482.17
-1423.78
-1519.76
-1452.24
-1511.56
-1494.52
-1496.46
-1477.25
-1536.87
-1517.2
-1535.21
-1494.44
-1509.32
-1516.86
-1503.66
-1492.79
-1534.87
-1486.24
-1479.31
-1468.23
-1518.08
-1498.92
-1485.21
-1499.15
-1515.92
-1516.71
-1440.62
-1504.94
-1513.63
-1513.46
-1481.85
-1515.18
-1474.42
-1520.94
-1488.38
-1485.89
-1493.85
-1465.74
-1481.21
-1525.19
-1516.55
-1462.99
-1486.74
-1532.69
-1485.24
-1568.88
-1436.2
-1432.74
-1468.27
-1443.33
-1514.02
-1456.67
-1476.4
-1488.09
-1483.67
-1489.63
-1549.37
-1506.51
-1513.65
-1490.26
-1497.83
-1514.8
-1527.81
-1489.43
-1488.64
-1450.52
-1519.88
-1490.78
-1548.66
-1481.48
-1479.71
-1472.69
-1511.91
-1514.16
-1532.32
-1496.93
-1479.15
-1481.15
-1494.03
-1517.53
-1478.48
-1480.56
-1496.93
-1491.77
-1477.73
-1460.07
-1537.53
-1477.81
-1469.23
-1482.82
-1480.41
-1501.81
-1479.66
-1489.66
-1529.5
-1499.69
-1479.24
-1486.44
-1498.39
-1476.41
-1502.46
-1512.41
-1521.13
-1520.82
-1474.77
-1459.74
-1463.34
-1563.72
-1503.36
-1493.83
-1515.02
-1505.84
-1463.22
-1493.49
-1492.32
-1512.6
-1522.56
-1513.85
-1492.09
-1489.44
-1479.53
-1528
-1514.83
-1524.3
-1506.61
-1474.46
-1507.82
-1495.33
-1501.31
-1495.72
-1461.33
-1511.19
-1452.21
-1479.62
-1510.66
-1494.63
-1483.19
-1499.24
-1515.17
-1499.03
-1454.73
-1523.25
-1484.08
-1469.3
-1495.59
-1441.25
-1520.05
-1431.62
-1468.89
-1493.64
-1475.78
-1494.63
-1461.24
-1499.79
-1469.3
-1496.56
-1430.18
-1447.42
-1510.37
-1512.13
-1478.25
-1487.44
-1519.84
-1482.86
-1513.87
-1519.98
-1540.16
-1531.47
-1488.18
-1521.49
-1518.33
-1519.35
-1450.8
-1523.32
-1490.89
-1546.32
-1484.7
-1496.9
-1459.46
-1526.62
-1510
-1506.04
-1516.24
-1473.67
-1477.93
-1490.3
-1458.44
-1489.56
-1528.58
-1393.82
-1526.49
-1539.62
-1502.45
-1529.21
-1476.97
-1485.4
-1456.95
-1506.05
-1516.85
-1465.84
-1496.69
-1497.97
-1551.85
-1506.55
-1531.8
-1471.46
-1470.45
-1473.55
-1498.24
-1504.59
-1434.86
-1518.42
-1532.16
-1534.62
-1517.21
-1559.96
-1488.91
-1510.64
-1484.41
-1451.75
-1500.42
-1459.88
-1508.74
-1496.08
-1479.34
-1467.21
-1526.37
-1502.72
-1475.78
-1446.65
-1530.07
-1452.96
-1500.66
-1494.52
-1478.46
-1527.26
-1497.99
-1452.65
-1467.8
-1517.13
-1540.09
-1514.34
-1461.6
-1537.88
-1544.89
-1507.65
-1509.16
-1528.06
-1550.6
-1500.03
-1507.06
-1483.8
-1560.86
-1497.17
-1505.51
-1497.49
-1537.2
-1506.93
-1518.16
-1469.57
-1504.4
-1501.66
-1563.78
-1502.49
-1473.81
-1469.03
-1465.53
-1501.66
-1505.96
-1500.6
-1466.46
-1509.63
-1526.83
-1458.98
-1448.13
-1556.78
-1485.4
-1558.15
-1524.38
-1506.05
-1456.82
-1467.5
-1481.66
-1467.29
-1453.28
-1539.78
-1480.63
-1493.78
-1500.88
-1451.53
-1526.65
-1516.78
-1474.37
-1461.95
-1499.55
-1520.78
-1443.86
-1483.66
-1501.87
-1514.12
-1488.56
-1514.84
-1472.55
-1482.29
-1527.14
-1512.16
-1532.95
-1458.96
-1515.91
-1463.26
-1511.76
-1488.42
-1503.67
-1451.17
-1472.96
-1486.21
-1515.6
-1537.69
-1513.73
-1454.88
-1488.86
-1515.73
-1536.01
-1508.88
-1506.49
-1481.66
-1516.45
-1520.49
-1455.11
-1479.67
-1482.17
-1466.39
-1531.95
-1535.24
-1504.11
-1474.34
-1511.46
-1528.53
-1446.63
-1492.19
-1482.83
-1479.17
-1428.99
-1483.77
-1490.03
-1463.41
-1448.26
-1511.47
-1442.78
-1485.41
-1493.87
-1531.04
-1484.77
-1514.33
-1509.17
-1529.93
-1501.44
-1482.01
-1472.94
-1524.79
-1509.89
-1520.89
-1486.57
-1473.8
-1475.41
-1521.02
-1508.92
-1534.3
-1481.57
-1476.9
-1467.32
-1499.84
-1487.66
-1473.92
-1507.66
-1561.47
-1534.39
-1556.2
-1473.88
-1510.46
-1435.75
-1511.93
-1504.37
-1499.95
-1530.25
-1499.17
-1513.29
-1539.5
-1468.94
-1484.65
-1542.57
-1512.56
-1539.73
-1499.58
-1493.87
-1468.11
-1518.45
-1472.34
-1548.83
-1458.06
-1519.77
-1502.08
-1462.45
-1528.71
-1544.89
-1517.61
-1492.7
-1487.6
-1479.14
-1455.24
-1517.68
-1481.26
-1481.84
-1534.47
-1474.41
-1522.03
-1469.05
-1469.35
-1529.5
-1500.07
-1488.43
-1486.49
-1509.91
-1483.88
-1423.19
-1545.99
-1460.19
-1492.74
-1477.95
-1516.93
-1513.71
-1496.74
-1519.73
-1509.3
-1534.04
-1545.75
-1435.51
-1499.3
-1498.92
-1525.43
-1523.94
-1596.72
-1506.81
-1447.03
-1519.68
-1505.67
-1465.11
-1533.08
-1523.23
-1488.12
-1516.71
-1467.54
-1456.31
-1505.9
-1491.7
-1510.43
-1552.24
-1453.59
-1519.92
-1474.49
-1508.5
-1476.52
-1492.19
-1487.65
-1491.84
-1452.2
-1488.79
-1477.06
-1497.89
-1476.94
-1503.55
-1513.84
-1507.29
-1520.52
-1520.94
-1551.11
-1525.57
-1490.68
-1476.51
-1504.21
-1476.19
-1520.26
-1511.41
-1448.99
-1480.15
-1507.19
-1485.51
-1523.81
-1520.53
-1560.76
-1488.4
-1499.17
-1495.95
-1488.51
-1481.35
-1518.13
-1485.21
-1525.89
-1506.45
-1543.33
-1468.31
-1502.67
-1532.66
-1509.74
-1494.43
-1525
-1493.21
-1460.65
-1504.42
-1505.65
-1511.52
-1485.67
-1515.28
-1523.46
-1522.55
-1531.53
-1512.65
-1482.49
-1472.25
-1536.7
-1494.63
-1484.52
-1456.15
-1547.24
-1512.75
-1527.4
-1495.4
-1471.48
-1488.09
-1479.8
-1508.07
-1476.04
-1470.75
-1436.44
-1496.82
-1473.68
-1447.75
-1460.66
-1455.8
-1530.61
-1452.17
-1543.36
-1524.9
-1449.34
-1435.94
-1462.33
-1514.75
-1493.73
-1510.97
-1493.6
-1520.16
-1484.89
-1441.6
-1483.8
-1500.66
-1502.06
-1516.72
-1501.07
-1481.66
-1478.54
-1529.98
-1451.63
-1488.91
-1496.91
-1418.94
-1458.41
-1487.73
-1490.05
-1478.45
-1510.91
-1474.13
-1517.54
-1531.17
-1513.84
-1501.85
-1501.51
-1510.67
-1533.15
-1510.14
-1486.41
-1481.32
-1511.1
-1517.1
-1512.76
-1480.53
-1476.18
-1397.04
-1507.39
-1460.11
-1466.13
-1496.4
-1521.75
-1539.96
-1560.96
-1467.78
-1457.94
-1486.56
-1489.28
-1503.77
-1511.18
-1492.9
-1520.17
-1469.4
-1447.2
-1485.62
-1502.88
-1471.1
-1482.99
-1506.68
-1499.18
-1527.72
-1532.41
-1464.27
-1487.6
-1495.1
-1487.26
-1440.34
-1504.81
-1460.59
-1530.93
-1495.19
-1540.44
-1495.24
-1485.89
-1497.54
-1467.9
-1553.73
-1510.66
-1492.56
-1482.07
-1554.07
-1479.53
-1506.97
-1494.28
-1531.67
-1525.61
-1512.82
-1519.97
-1495.43
-1499.68
-1502.49
-1505.55
-1478.36
-1472.25
-1460.45
-1510.86
-1518.34
-1500.91
-1512.36
-1501.33
-1526.01
-1535.07
-1506.76
-1523.19
-1526.51
-1542.46
-1525.16
-1477.73
-1522.99
-1527.01
-1453.03
-1480.63
-1516.24
-1504.47
-1542.25
-1501.97
-1516.6
-1515.79
-1471.15
-1514.06
-1521.12
-1489.22
-1489.35
-1502.41
-1510.2
-1497.51
-1493.82
-1519.65
-1535.44
-1488.33
-1516.81
-1512.18
-1484.54
-1513.03
-1475.68
-1509.52
-1533.7
-1471.68
-1481.24
-1511.47
-1471.16
-1483.36
-1550.18
-1522.39
-1465.57
-1463.22
-1494.6
-1496.1
-1454.71
-1494.98
-1468.72
-1497.97
-1478
-1466.78
-1495.87
-1474.14
-1501.53
-1492.55
-1518.78
-1472.51
-1521.75
-1490.15
-1471.37
-1458.06
-1455.22
-1495.29
-1495.3
-1462.47
-1489.9
-1513.17
-1538.53
-1521.11
-1502.29
-1522.83
-1519.02
-1459.16
-1532.94
-1513.27
-1516.84
-1489.64
-1446.06
-1530.74
-1481.69
-1503.66
-1420.25
-1479.63
-1477.22
-1518.68
-1479.93
-1467.23
-1552.71
-1470.73
-1490.08
-1487.23
-1490.4
-1489.85
-1465.3
-1451.54
-1424.29
-1538.02
-1493.57
-1552.89
-1495.8
-1539.17
-1460.39
-1458.28
-1502.66
-1498.03
-1469.22
-1556.54
-1511.5
-1476.62
-1510.2
-1482.47
-1463.15
-1512.72
-1503.7
-1495.11
-1504.49
-1451.86
-1511.3
-1476.49
-1511.4
-1537.12
-1528.7
-1527.43
-1513.04
-1490.86
-1513.02
-1469.44
-1517.22
-1486.3
-1474.49
-1471.36
-1503.45
-1517.39
-1425.46
-1460.97
-1517.05
-1518.8
-1504.45
-1520.28
-1482.37
-1465.45
-1462.74
-1550.87
-1513.47
-1483.18
-1545.71
-1505.87
-1498.93
-1500.05
-1478.92
-1487.11
-1490.89
-1450.79
-1486.31
-1490.83
-1499.84
-1474.27
-1531.5
-1476.08
-1544.46
-1469.33
-1480.31
-1470.67
-1490.53
-1528.67
-1506.69
-1517.07
-1515.09
-1515.16
-1540.09
-1527.68
-1504.93
-1455.57
-1510.74
-1461.39
-1458.76
-1545.87
-1486.83
-1521.52
-1495.9
-1515.84
-1467.57
-1474.77
-1469.36
-1496.78
-1530.24
-1498.83
-1499.46
-1485.2
-1465.8
-1544.13
-1472.56
-1503.92
-1489.62
-1433.05
-1507.85
-1510.66
-1465.29
-1511.21
-1529.55
-1479.03
-1498.17
-1488.11
-1503.83
-1504.94
-1495.66
-1524.18
-1508.67
-1480.02
-1504.77
-1548.38
-1521.18
-1515.76
-1513.32
-1523.75
-1520.25
-1480.44
-1514.97
-1482.26
-1471.22
-1503.64
-1451.64
-1450.44
-1546.77
-1474.36
-1557.65
-1486.21
-1540.12
-1527.88
-1524.51
-1488.13
-1481.74
-1476
-1486.13
-1481.46
-1517.35
-1500.07
-1518.31
-1489.27
-1491.98
-1505.68
-1466.19
-1494.54
-1483.85
-1466.04
-1515.47
-1505.86
-1471.21
-1431.1
-1534.2
-1500.44
-1503.59
-1465.63
-1494.13
-1542.63
-1491.05
-1510.02
-1445.19
-1507.98
-1510.78
-1523.19
-1488.15
-1499.77
-1443.46
-1496.37
-1454.94
-1529.33
-1547.15
-1524.71
-1498.95
-1473.95
-1500.19
-1552.84
-1495.04
-1521.64
-1452.44
-1508.87
-1509.05
-1519.77
-1494.64
-1505.15
-1494.73
-1498.22
-1503.01
-1494.23
-1513.55
-1516.29
-1554.09
-1467.56
-1469.52
-1492.24
-1501.48
-1457.63
-1531.18
-1517.31
-1490.51
-1493.33
-1514.42
-1483.89
-1490.7
-1518
-1504.98
-1432.86
-1488.48
-1510.67
-1499.61
-1512.28
-1503.37
-1572.46
-1488.39
-1496.97
-1505.45
-1506.12
-1538.99
-1530.77
-1511.09
-1508.34
-1477.23
-1522.77
-1466.37
-1471.2
-1481.91
-1515.38
-1454.14
-1515.3
-1508.71
-1553.01
-1532.3
-1487.81
-1475.14
-1533.19
-1492.36
-1495.07
-1460.05
-1487.02
-1505.95
-1528.07
-1519.06
-1485.59
-1517.09
-1476.72
-1525.68
-1511.37
-1528.6
-1520.46
-1494.81
-1497.26
-1489.04
-1511.87
-1508.35
-1445.99
-1516.66
-1471.14
-1446.16
-1485.5
-1490.83
-1472.62
-1541.21
-1517.57
-1491.06
-1529.11
-1547.99
-1457.17
-1507.53
-1459.1
-1546.03
-1431.15
-1512.83
-1489.19
-1520.42
-1541.77
-1510.14
-1524.6
-1482.04
-1492.63
-1499.24
-1477.2
-1475.18
-1503.94
-1517.76
-1492.28
-1473.51
-1473.19
-1510.14
-1485.28
-1478.5
-1494.23
-1543.28
-1476.34
-1514.15
-1503.26
-1488.64
-1472.93
-1482.35
-1402.8
-1413.35
-1518.81
-1493.75
-1496.03
-1513.69
-1529.31
-1440.56
-1503.6
-1470.64
-1457.29
-1522.73
-1497.96
-1479.71
-1514.61
-1515.04
-1481.64
-1505.11
-1519.02
-1495.43
-1514.91
-1546.21
-1514.84
-1501.93
-1497.7
-1439.11
-1506.73
-1483.97
-1573.35
-1485.76
-1483.36
-1488.91
-1513.93
-1562.56
-1480.33
-1455.89
-1443.32
-1488.75
-1484.85
-1484.79
-1477.99
-1526.96
-1525
-1489.36
-1503.24
-1547.18
-1469.81
-1498.44
-1533.27
-1465.33
-1530.37
-1475.18
-1465.91
-1505.93
-1502.08
-1476
-1481.41
-1498.13
-1517.38
-1515.6
-1549.92
-1534.82
-1494.43
-1495.15
-1517.92
-1494.4
-1468.2
-1513.28
-1457.49
-1517.87
-1531.51
-1494.13
-1498.73
-1488.75
-1512.09
-1487.83
-1485.31
-1467.57
-1502.07
-1443.3
-1507.45
-1521.46
-1507.47
-1486.38
-1504.32
-1467.59
-1482.67
-1511.92
-1482.14
-1502.22
-1522.43
-1523.84
-1479.3
-1508.71
-1490.13
-1531.82
-1499.13
-1479.4
-1517.1
-1489.01
-1518.06
-1538.01
-1510.82
-1481.41
-1463.11
-1482.51
-1486.07
-1491.57
-1503.97
-1405.22
-1502.69
-1476.79
-1458.56
-1481.47
-1439.29
-1495.15
-1465.66
-1478.28
-1454.82
-1494.3
-1523.45
-1491.46
-1470.62
-1525.81
-1483.59
-1498.59
-1525.26
-1515.6
-1462.51
-1530.6
-1442.23
-1485.04
-1437.91
-1543
-1486.66
-1446.67
-1489.76
-1469.23
-1486.14
-1528.03
-1522.9
-1465.68
-1434.77
-1501.54
-1528.96
-1472.71
-1481.5
-1496.77
-1531.6
-1513.86
-1495.72
-1477.24
-1519.13
-1523.28
-1485.98
-1539.57
-1545.45
-1468.8
-1464.93
-1518.49
-1437.46
-1448.51
-1500.5
-1513.11
-1511.92
-1492.85
-1459.51
-1448.52
-1504.36
-1503.88
-1491.04
-1543
-1509.59
-1496.08
-1479.91
-1520.33
-1489.6
-1517
-1509.78
-1542.87
-1461.81
-1519.91
-1525.38
-1478.2
-1532.54
-1509.33
-1504.93
-1493.44
-1496.13
-1514.23
-1504.51
-1478.8
-1539.25
-1484.6
-1449.26
-1527.19
-1472.3
-1484.61
-1546.11
-1552.25
-1443.94
-1503.28
-1510.17
-1505.87
-1492.87
-1517.81
-1489.35
-1476.74
-1500.16
-1491.89
-1481.91
-1493.28
-1520.25
-1461.57
-1464.03
-1522.98
-1472.43
-1404.23
-1558.11
-1525.4
-1502.47
-1469.76
-1473.92
-1458.87
-1506.88
-1529.53
-1492.32
-1490.38
-1491.76
-1498.2
-1481.05
-1546.27
-1475.81
-1456.36
-1519.95
-1529.8
-1462.16
-1446.12
-1529.96
-1471.04
-1498.34
-1495.97
-1501.25
-1459.28
-1469.01
-1467.4
-1467.24
-1498.67
-1521.76
-1499.8
-1495.49
-1475.67
-1554.6
-1488.33
-1475.39
-1549.03
-1465.38
-1488.77
-1495.94
-1532.15
-1500.97
-1494.95
-1517.46
-1555.38
-1483.33
-1514.19
-1472.08
-1474.24
-1483.25
-1466.1
-1505.59
-1519.74
-1481.52
-1491.78
-1491.37
-1520.21
-1522.39
-1494.8
-1442.13
-1508.91
-1487.81
-1447.36
-1501.19
-1510.33
-1474.78
-1528.96
-1497.92
-1442.71
-1489.83
-1490.25
-1453.87
-1454.29
-1435.13
-1560.3
-1507.1
-1529.9
-1509.72
-1490.6
-1505.32
-1531.22
-1515.85
-1460.42
-1491
-1504.81
-1476.56
-1454.83
-1459.22
-1521.13
-1510.03
-1545.91
-1501.66
-1545.71
-1504.95
-1483.77
-1437.33
-1525.96
-1500.54
-1503.99
-1437.67
-1487.9
-1534.29
-1479.13
-1501.45
-1499.57
-1492.22
-1465.47
-1438.16
-1494.71
-1508.02
-1519.54
-1484.26
-1496.87
-1480.05
-1492.86
-1463.3
-1434.28
-1517.55
-1489.8
-1524.23
-1463.56
-1537.95
-1537.09
-1449.09
-1511.47
-1532.06
-1504.49
-1508.9
-1487.17
-1517.52
-1454.36
-1464.21
-1523.59
-1551.3
-1452.36
-1479.48
-1492.11
-1488.35
-1525.16
-1482
-1470.87
-1461.93
-1487.91
-1480.3
-1528.23
-1539.27
-1495.53
-1488.15
-1490.33
-1481.49
-1532.71
-1524.4
-1464.24
-1475.94
-1454.39
-1507.2
-1522.68
-1504.63
-1494.38
-1450.55
-1493.83
-1528.42
-1534.81
-1532.34
-1487.17
-1504.61
-1475.85
-1509.86
-1494.89
-1493.95
-1431.11
-1527.13
-1489.04
-1468.8
-1508.61
-1464.88
-1498.98
-1442.82
-1541.49
-1528.48
-1479.49
-1485.62
-1445.8
-1532.76
-1531.23
-1514.13
-1487.1
-1502.13
-1519.92
-1488.26
-1521.82
-1485.67
-1496.17
-1494.8
-1473.49
-1459.88
-1471.04
-1471.35
-1508.49
-1560.14
-1529.59
-1510.51
-1547.35
-1489.48
-1499.16
-1498.58
-1497.28
-1506.92
-1518.79
-1515.92
-1475.75
-1508.84
-1500.51
-1493.91
-1502.16
-1472.36
-1533.8
-1475.23
-1518.94
-1467.84
-1519.75
-1506.4
-1403.44
-1507.07
-1539.63
-1505.42
-1518.34
-1486.64
-1494.75
-1489.96
-1551.07
-1488.15
-1499.52
-1502.52
-1517.42
-1535.57
-1459.92
-1523.33
-1524.41
-1534.46
-1445.85
-1458.79
-1470.31
-1517.7
-1518.2
-1537.21
-1542.62
-1508.89
-1537.61
-1501.87
-1502.54
-1483.67
-1516.89
-1502.07
-1483.92
-1485.29
-1519.69
-1494.61
-1521.96
-1509.95
-1458.58
-1510.35
-1553.47
-1538.45
-1464.81
-1506.32
-1498.04
-1504.15
-1508.01
-1489.74
-1492.33
-1485.98
-1503.74
-1477.82
-1536.94
-1527.62
-1478.91
-1515.3
-1524.55
-1473.66
-1450
-1520.56
-1498.22
-1482.87
-1487.48
-1543.03
-1518.85
-1468.73
-1468.36
-1487.39
-1445.88
-1475.88
-1439.77
-1522.15
-1473.79
-1523.55
-1481.45
-1522.75
-1475.08
-1474.26
-1429.58
-1496.67
-1492.73
-1475.38
-1475.92
-1484.15
-1527.96
-1484.7
-1501.13
-1482.01
-1522.17
-1515.88
-1514.62
-1491.14
-1518.76
-1525.45
-1467.2
-1497.79
-1509.97
-1486.69
-1536.05
-1450.71
-1504.49
-1490.25
-1508.54
-1451.08
-1468.02
-1457.97
-1507.49
-1511.58
-1546.22
-1569.04
-1485.4
-1493.64
-1454.44
-1496.79
-1429.2
-1469.83
-1507.72
-1484.13
-1462.01
-1514.56
-1484.28
-1478.62
-1481.06
-1483.24
-1467.89
-1515.2
-1492.11
-1538.22
-1499.08
-1515.8
-1485.23
-1454.56
-1481.26
-1500.8
-1457.37
-1480.73
-1496.03
-1524.61
-1479.23
-1527.2
-1470.54
-1496.03
-1493.51
-1527.51
-1503.48
-1425.25
-1456.27
-1506.23
-1526.37
-1466.09
-1472.93
-1486.17
-1477.86
-1440.42
-1505.03
-1523.17
-1469.12
-1499.07
-1464.42
-1507.61
-1510.78
-1546.03
-1449.8
-1517.98
-1454.03
-1422.48
-1555.82
-1515.2
-1479.75
-1510.52
-1451.1
-1543.11
-1520.73
-1470.51
-1508.81
-1508.02
-1501.5
-1519.64
-1500.69
-1485.97
-1496.51
-1519.38
-1560.86
-1480.65
-1459.52
-1494.1
-1522.63
-1566.57
-1470.28
-1487.22
-1484.78
-1478.41
-1531.67
-1480.26
-1498.04
-1485.45
-1458.7
-1497.71
-1515.68
-1489.99
-1434.52
-1485.19
-1512.81
-1488.55
-1473.49
-1464.37
-1503.92
-1508.61
-1456.52
-1477.4
-1512.66
-1481.19
-1478.08
-1494.7
-1487.78
-1488.64
-1445.89
-1524.01
-1519.2
-1473.21
-1472.02
-1497.47
-1492.37
-1537.37
-1469.05
-1440.28
-1531.46
-1531.2
-1519.63
-1500.53
-1458.33
-1500.1
-1467.27
-1469.99
-1531.09
-1429.22
-1526.62
-1449.96
-1539.61
-1500.75
-1464.19
-1533.63
-1453.27
-1502.64
-1514.8
-1514.23
-1501.3
-1475.59
-1484.63
-1496.69
-1537
-1497.68
-1463.53
-1472.09
-1495.26
-1488.56
-1507.72
-1447.39
-1498.19
-1498.64
-1508.69
-1474.67
-1520.1
-1518.62
-1475.11
-1491.16
-1503.16
-1418.12
-1488.42
-1500.01
-1468.39
-1499.54
-1475.78
-1450.52
-1532.17
-1523.53
-1510.1
-1492.36
-1513.87
-1509.23
-1494.73
-1490.69
-1469.63
-1422.15
-1506.14
-1474.66
-1496.17
-1500.92
-1469.43
-1496.33
-1514.21
-1533.06
-1483.6
-1468.5
-1475.67
-1517.86
-1427.03
-1494.33
-1458.4
-1484.46
-1505.3
-1530.32
-1491.94
-1493.65
-1484.01
-1525.72
-1564.81
-1527.02
-1479.97
-1526.29
-1526.8
-1516.48
-1535.36
-1517.93
-1501.42
-1490.9
-1508.36
-1472.43
-1524.63
-1545.93
-1493.82
-1511.71
-1494.69
-1470.2
-1487.29
-1443.58
-1461.55
-1475.78
-1463.25
-1524.37
-1503.65
-1524.51
-1535.7
-1548.47
-1542.38
-1477.5
-1528.44
-1474.66
-1523.87
-1468.26
-1508.9
-1469.58
-1520.4
-1432.76
-1379.43
-1467.68
-1511.96
-1488.38
-1500.19
-1458.7
-1436.56
-1480.73
-1453.19
-1523.07
-1516.43
-1520.2
-1502.7
-1461.46
-1521.88
-1530.43
-1484.93
-1520.81
-1449.16
-1485.81
-1475.05
-1560.86
-1459.19
-1484.79
-1506.05
-1506.95
-1535.01
-1481.22
-1503.97
-1494.85
-1555.24
-1494.64
-1456.61
-1482.83
-1443.88
-1507.15
-1488.37
-1486.67
-1443.89
-1524.3
-1498.89
-1521.89
-1473.19
-1465.84
-1511.06
-1480.21
-1467.25
-1504.14
-1532.69
-1556.88
-1519.44
-1533.85
-1526.36
-1538.73
-1498.53
-1455.15
-1516.67
-1531.49
-1467.12
-1510.95
-1504.73
-1484.36
-1515.71
-1523.82
-1481.74
-1476.79
-1510.17
-1505.52
-1501.86
-1468.37
-1477.28
-1514.86
-1487.97
-1466.03
-1479.5
-1478.71
-1499.81
-1470.45
-1502.4
-1460
-1431.98
-1484.66
-1456.35
-1488.96
-1456.88
-1447.56
-1509.81
-1481.86
-1414.91
-1516.95
-1489.68
-1475.01
-1525.75
-1475.36
-1528.78
-1470.8
-1529.97
-1493.99
-1497.37
-1464.87
-1559.58
-1450.96
-1505.33
-1501.46
-1468.26
-1539.52
-1516.94
-1519.14
-1493.76
-1544.92
-1466.34
-1474.45
-1512.72
-1531.67
-1501.74
-1509.65
-1454.57
-1461.28
-1461.8
-1502
-1506.36
-1484.23
-1509.77
-1548.12
-1523.81
-1502.8
-1461.28
-1470.32
-1495.9
-1479.51
-1504.81
-1502.19
-1478.5
-1465.96
-1489.97
-1488.78
-1463.67
-1461.59
-1514.28
-1468.82
-1453.86
-1519.64
-1478.29
-1473.68
-1494.84
-1502.46
-1528.16
-1448.4
-1510.42
-1484.21
-1513.64
-1502.64
-1557.39
-1516.4
-1556.38
-1543.6
-1488.86
-1513.7
-1484.75
-1496.3
-1515.85
-1500.02
-1506.39
-1495.33
-1490.5
-1497.53
-1504.82
-1438.43
-1528.97
-1553.1
-1490.12
-1496.64
-1514.92
-1508
-1527.4
-1459.62
-1492.59
-1508.43
-1443.87
-1503.43
-1507.04
-1516.51
-1515.01
-1513.22
-1483.98
-1507.79
-1496.29
-1546.47
-1476.86
-1465.47
-1529.16
-1516.92
-1488.56
-1489.9
-1485.24
-1496.53
-1485.73
-1469.39
-1467.45
-1541.26
-1545.86
-1538.45
-1486.74
-1491.55
-1457.97
-1499.43
-1510.16
-1454.75
-1487.22
-1427.95
-1471.01
-1484.99
-1514.06
-1507.54
-1429.53
-1462.01
-1515.51
-1532.41
-1470.35
-1495.32
-1486.24
-1470.52
-1529.6
-1491.66
-1552.95
-1502.34
-1483.9
-1513.88
-1476.09
-1489.32
-1419.03
-1509.21
-1465.06
-1494.61
-1514.4
-1471.17
-1483.82
-1541.42
-1471.95
-1480.64
-1460.01
-1487.76
-1493.52
-1488.18
-1437.75
-1491.01
-1500.48
-1447.81
-1507.22
-1468.93
-1539.77
-1492.86
-1485.33
-1485.13
-1468.66
-1458.57
-1531.26
-1513.12
-1533.34
-1491.23
-1456.4
-1450.85
-1490.85
-1459.97
-1528.42
-1459.51
-1510.21
-1522.18
-1498.6
-1508.76
-1474.28
-1521.23
-1490.36
-1468.53
-1497.46
-1535.98
-1471.26
-1512.96
-1500.07
-1514.39
-1479.86
-1497.21
-1539.95
-1519.85
-1507.39
-1488.94
-1552.75
-1478.23
-1499.74
-1458.6
-1475.5
-1479.61
-1534.85
-1517.22
-1536.07
-1532.15
-1500.3
-1545.13
-1484.12
-1507.03
-1525.98
-1538.15
-1474.03
-1488.84
-1468.38
-1488.71
-1507.51
-1449.39
-1491.9
-1488.59
-1508.21
-1514.92
-1455.41
-1505.61
-1487.56
-1494.35
-1520.08
-1510.96
-1497.85
-1451.84
-1450.58
-1481.43
-1494.46
-1488.06
-1480.69
-1466.98
-1543.55
-1504.97
-1508.9
-1456.65
-1450.89
-1553.63
-1515.2
-1453.84
-1508.97
-1423.74
-1543.78
-1464.92
-1532.71
-1494.97
-1540.69
-1465.31
-1465.01
-1524.65
-1486.02
-1528.55
-1515.57
-1435.41
-1522.02
-1512.1
-1487.11
-1436.24
-1478.61
-1499.31
-1457.48
-1464.89
-1509.86
-1475.51
-1457.57
-1483.12
-1452.5
-1495.91
-1476.46
-1465.12
-1518.93
-1508.68
-1480.35
-1462.11
-1505.77
-1454.71
-1482.23
-1495.16
-1484.99
-1487.05
-1507.72
-1546.26
-1491.43
-1496.8
-1510.75
-1517.11
-1481.88
-1501.2
-1495.77
-1518.73
-1493.27
-1513.29
-1430.34
-1478.25
-1538.19
-1525.68
-1475.53
-1521.27
-1451.39
-1524.11
-1489.29
-1499.93
-1463.43
-1476.11
-1481.64
-1450.08
-1469.28
-1515.01
-1491.76
-1527.03
-1552.23
-1526.7
-1526.92
-1465.74
-1499.99
-1504.22
-1442.55
-1491.51
-1556.05
-1539.24
-1453.06
-1531.8
-1556.65
-1530.71
-1508.42
-1527.82
-1510.78
-1530.06
-1519.86
-1448.92
-1449.66
-1451.86
-1451.02
-1521.13
-1479.29
-1471.49
-1473.85
-1514.99
-1454.9
-1552.38
-1477.09
-1468.79
-1516.99
-1523.11
-1528.14
-1440.5
-1498.22
-1503.79
-1518.41
-1488
-1523.48
-1499.15
-1520.23
-1511.05
-1467.24
-1518.89
-1491.2
-1541.56
-1462.49
-1520.87
-1453.34
-1500.44
-1500.72
-1512.97
-1495.61
-1496.38
-1470.27
-1508.51
-1527.58
-1480.07
-1514.64
-1490.22
-1526.69
-1480.43
-1520.75
-1481.36
-1460.43
-1518.66
-1516.44
-1478.41
-1473.53
-1468.9
-1530.12
-1509.35
-1549.91
-1481.12
-1505.25
-1505.51
-1469.97
-1511.8
-1498.08
-1541.22
-1490.02
-1488.15
-1501.24
-1528.04
-1536.79
-1492.65
-1496.31
-1527.7
-1467.69
-1463.27
-1447.17
-1486.94
-1533.07
-1498.71
-1447.71
-1478.29
-1522.81
-1422.14
-1459.59
-1466.9
-1505.97
-1474.87
-1481.33
-1498.94
-1502.56
-1461.31
-1466.24
-1511.98
-1478.62
-1529.28
-1501.06
-1490.36
-1484.36
-1457.37
-1521.57
-1489.76
-1493.15
-1500.64
-1448.11
-1486.81
-1511.01
-1488.18
-1493.53
-1527.83
-1522.55
-1541.06
-1515.87
-1474.98
-1535.65
-1483.1
-1426.28
-1502.17
-1489.19
-1460.31
-1462
-1497.98
-1484.04
-1458.66
-1456.25
-1503.47
-1557.3
-1500.45
-1497.89
-1506.28
-1441.83
-1517.8
-1510.98
-1484.36
-1476.07
-1540.99
-1494.79
-1499.64
-1475.8
-1497.97
-1520.64
-1505.64
-1474.23
-1484.3
-1542.16
-1443.84
-1443.19
-1495.86
-1526.07
-1501.61
-1484.81
-1480.04
-1498.87
-1489.33
-1460.29
-1515.8
-1527.19
-1462.71
-1489.38
-1481.07
-1530.2
-1479.25
-1450.42
-1538.01
-1504.44
-1528.6
-1508.38
-1488.84
-1566.63
-1464.06
-1473.65
-1496.33
-1494.27
-1458.65
-1522.91
-1453
-1436.54
-1479.8
-1520.19
-1507.63
-1495.32
-1541.49
-1466.52
-1512.67
-1528.01
-1488.04
-1458.99
-1540.63
-1481.14
-1470.16
-1498.88
-1425.69
-1553.28
-1524.11
-1419.31
-1450.24
-1504.32
-1506.92
-1512.45
-1503.47
-1538.65
-1434.78
-1519.01
-1499.92
-1493.95
-1473.64
-1493.85
-1509.17
-1465.51
-1479.68
-1460.98
-1545.96
-1469.84
-1492.15
-1518.28
-1496.35
-1487.2
-1489.34
-1515.38
-1494.94
-1518.3
-1474.59
-1479.5
-1463.83
-1534.22
-1539.25
-1509.89
-1483.95
-1516.14
-1554.61
-1500.73
-1466.66
-1430.55
-1459.31
-1474.59
-1528.61
-1473.25
-1520.56
-1487.86
-1487.48
-1519.88
-1478.9
-1497.04
-1504.85
-1522.47
-1492.76
-1434.79
-1537.72
-1515.37
-1529.01
-1516.85
-1477.65
-1520.28
-1497.3
-1490.03
-1517.77
-1535.37
-1550.35
-1487.53
-1487.13
-1499.22
-1467.28
-1464.54
-1461.49
-1474.83
-1492.28
-1502.51
-1526.87
-1491.39
-1474.94
-1548.97
-1493.19
-1465.41
-1463.9
-1487.85
-1460.11
-1491.59
-1446.54
-1551.35
-1523.29
-1474.99
-1529.35
-1490
-1433.07
-1500.55
-1485.59
-1546.63
-1460.61
-1516.38
-1404.86
-1454.43
-1499.53
-1531.15
-1496.95
-1452.57
-1567.5
-1543.47
-1512.01
-1562.42
-1489.68
-1505.35
-1442.15
-1462.45
-1491.31
-1486.86
-1540.52
-1476.98
-1492.82
-1518.11
-1502.36
-1498.3
-1538.62
-1481.89
-1541.34
-1440.6
-1492.92
-1551.74
-1527.46
-1497.74
-1516.55
-1517.97
-1498.12
-1467.13
-1526.97
-1527.53
-1523.46
-1443.54
-1536.22
-1497.69
-1490.65
-1496.84
-1487.96
-1477.68
-1516.59
-1500.84
-1530.38
-1485.16
-1490.86
-1493.23
-1506.87
-1502.29
-1480.96
-1457.42
-1507.55
-1507.81
-1488.33
-1495.98
-1438.98
-1439.37
-1512.39
-1452.44
-1500.75
-1516
-1488.7
-1492.46
-1526.31
-1472.37
-1475.02
-1519.89
-1477.13
-1504.8
-1555.69
-1505.89
-1473.06
-1489.46
-1499.11
-1542.04
-1478.65
-1495.73
-1494.22
-1455.53
-1482.07
-1458.75
-1464.85
-1514.5
-1476.21
-1482.07
-1512.21
-1488.79
-1494.22
-1513.18
-1477.49
-1521.41
-1484.94
-1473.35
-1520.54
-1517.15
-1513.66
-1464.02
-1474.38
-1465.13
-1452.33
-1494.33
-1498.23
-1521.23
-1496.8
-1491.89
-1490.72
-1439.63
-1502.02
-1508.09
-1522.14
-1513.48
-1451.06
-1562.73
-1494.74
-1460.94
-1478.21
-1501.03
-1418.57
-1500.52
-1537.5
-1501.58
-1481.19
-1520.53
-1538.45
-1515.54
-1520.2
-1480.17
-1488.27
-1504.99
-1502.21
-1515.88
-1537.9
-1493.19
-1492.46
-1535.19
-1538.14
-1473.47
-1475.86
-1485.88
-1505.59
-1477.25
-1552.33
-1514.28
-1496.98
-1456.53
-1492.16
-1512.36
-1508.05
-1485.14
-1492.18
-1469.76
-1549.27
-1461.84
-1502.4
-1445.24
-1440.83
-1482.5
-1520.33
-1479.44
-1493.29
-1494.86
-1564.12
-1538
-1508.14
-1495.83
-1552.88
-1497.7
-1454.21
-1434.1
-1531.03
-1500.87
-1508.41
-1528.21
-1504.87
-1531.53
-1480.96
-1501.12
-1522.3
-1542.61
-1509.1
-1500.3
-1516.07
-1499.02
-1524.58
-1504.31
-1555.46
-1518.14
-1470.92
-1486.97
-1489.94
-1430.91
-1548.56
-1498.88
-1515.73
-1496.58
-1513.32
-1439.3
-1460.01
-1486.19
-1531.15
-1506.59
-1513.84
-1487.32
-1473.56
-1497.57
-1526.69
-1516.8
-1495.68
-1498.45
-1476.72
-1517.89
-1508.16
-1503.75
-1479.49
-1520.34
-1479.63
-1522.52
-1541.97
-1483.18
-1489.23
-1473.1
-1466.71
-1512.75
-1545.01
-1479.03
-1500.3
-1483.19
-1473.27
-1481.83
-1494.84
-1496.29
-1484.74
-1500
-1479.69
-1524.66
-1488.4
-1488.19
-1479.06
-1493.15
-1496.37
-1503.69
-1513.84
-1521.98
-1494.58
-1490.15
-1539.1
-1483.72
-1527.76
-1481.43
-1460.9
-1508.66
-1504.52
-1517.97
-1470.87
-1523.49
-1477.74
-1464.08
-1467.03
-1482.07
-1509.11
-1518.02
-1538.29
-1527.74
-1517.17
-1461.1
-1536.28
-1505.2
-1512.4
-1439.95
-1418.3
-1483.73
-1515.61
-1478.8
-1507.45
-1479.19
-1487.56
-1506.3
-1497.07
-1525.31
-1421.46
-1426.12
-1551.76
-1550.68
-1537.04
-1510.21
-1471.27
-1517.78
-1515.23
-1535.5
-1514.23
-1508.53
-1458.25
-1489.54
-1509.84
-1483.75
-1520.7
-1500.91
-1518.84
-1524.93
-1501.53
-1505.1
-1535.39
-1484.86
-1508.01
-1501.87
-1484.34
-1524.75
-1526.54
-1530.72
-1514.46
-1528.59
-1506.8
-1481.28
-1464.29
-1488.58
-1507.01
-1497.17
-1471.86
-1468.54
-1523.98
-1426.26
-1502.61
-1533.26
-1533.35
-1487.54
-1544.14
-1503.98
-1497.26
-1504.46
-1503.76
-1514.25
-1544.57
-1494.11
-1520.13
-1555.87
-1468.31
-1541.53
-1505.73
-1481.97
-1499.11
-1442
-1525.55
-1512.27
-1486.89
-1469.47
-1509.07
-1508.18
-1472.45
-1486.34
-1518.78
-1510.64
-1519.33
-1453.31
-1471.34
-1510.68
-1482.9
-1516.13
-1501.32
-1519.7
-1486.4
-1514.76
-1513.41
-1487.22
-1496.77
-1517.53
-1521.66
-1471.82
-1505.8
-1543.81
-1514.11
-1520.92
-1466.66
-1536.95
-1501.9
-1518.02
-1566.67
-1440.44
-1498.3
-1480.48
-1473.9
-1478.2
-1490.33
-1497.9
-1452.93
-1490.24
-1463
-1498.29
-1517.53
-1511.88
-1505.95
-1510.09
-1532.54
-1536.08
-1439.7
-1500.51
-1460.35
-1504.89
-1484.57
-1485.76
-1486.35
-1445.22
-1472.1
-1494.51
-1514.55
-1491.79
-1501.09
-1515.89
-1463.25
-1541.1
-1502.01
-1457.36
-1479.11
-1532.5
-1517.33
-1469
-1513.92
-1536.44
-1479.66
-1496.93
-1509.41
-1465
-1444.35
-1493.09
-1536.37
-1493.97
-1474.14
-1523.47
-1413.08
-1490.09
-1538.57
-1498.09
-1477.49
-1544.18
-1495.51
-1496.05
-1469.88
-1397.07
-1479.14
-1450
-1534.5
-1457.87
-1518.91
-1491.5
-1484.71
-1483.02
-1523.23
-1482.95
-1505.61
-1502.6
-1548.23
-1494.56
-1480.56
-1503.12
-1504.92
-1488.63
-1500.09
-1464.01
-1499.8
-1486.94
-1481.05
-1516.79
-1511.04
-1478.07
-1453.26
-1441.27
-1463.69
-1498.44
-1408.34
-1496.25
-1452.06
-1499.32
-1498.39
-1496.31
-1539.27
-1507.77
-1541.29
-1501.81
-1480.85
-1514.08
-1510.63
-1451.77
-1493.33
-1442.23
-1482.35
-1436.74
-1475.26
-1485.56
-1461.46
-1513.73
-1489.38
-1477.25
-1504.58
-1509.91
-1497.62
-1518.29
-1470.18
-1536.32
-1523.67
-1547.11
-1513.27
-1525.92
-1478.56
-1468.35
-1507.41
-1505.21
-1527.02
-1439.69
-1480.26
-1475.73
-1507.04
-1475.11
-1488.75
-1496.85
-1496.28
-1492.3
-1532.56
-1502.78
-1485.11
-1490.26
-1499.68
-1505.59
-1466.98
-1490.37
-1479.59
-1493.45
-1492.94
-1484.76
-1493.35
-1478.05
-1470.94
-1459.94
-1456.23
-1456.97
-1466.22
-1471.12
-1483.52
-1538.84
-1562.2
-1496.27
-1473.56
-1460.28
-1515.48
-1518.12
-1486.75
-1463.2
-1494.51
-1477.65
-1473.83
-1509.37
-1507.71
-1502.44
-1532.89
-1529.08
-1505.6
-1487.13
-1494.62
-1514.41
-1516.39
-1529.24
-1542.82
-1494.69
-1525.41
-1508.16
-1481.75
-1493.2
-1480.9
-1445.14
-1461.89
-1508.17
-1474.04
-1505.28
-1473.75
-1526.8
-1506.62
-1531.1
-1474.52
-1499.04
-1513.87
-1519.78
-1513.7
-1439.08
-1490.55
-1487.06
-1494.43
-1561.61
-1489.45
-1487.01
-1467.55
-1479.68
-1514.98
-1500.19
-1508.3
-1483.61
-1499.02
-1515.27
-1429.11
-1458.95
-1540.96
-1515.08
-1522.7
-1504.19
-1535.94
-1473.32
-1462.97
-1442.38
-1447.33
-1512.39
-1472.47
-1460.28
-1554.91
-1526.09
-1497.36
-1495.32
-1543.71
-1517.6
-1535.59
-1525.91
-1526.93
-1466.65
-1502.73
-1436.86
-1518.25
-1510.71
-1456.43
-1493.02
-1512.23
-1460.81
-1487.34
-1455.82
-1518.94
-1497.24
-1540.96
-1519.87
-1512.92
-1521.5
-1540.42
-1508.03
-1495.11
-1501.02
-1501.73
-1478.22
-1493.77
-1559.11
-1483.28
-1528.85
-1488.94
-1511.97
-1499.79
-1477.27
-1509.24
-1510.44
-1489.82
-1509.95
-1531.53
-1465.81
-1460.3
-1480.28
-1504.47
-1443.01
-1475.56
-1531.16
-1494.05
-1470.25
-1521.9
-1517.38
-1534.26
-1504.81
-1526.36
-1470.53
-1422.02
-1472.24
-1509.8
-1452.9
-1485.35
-1470.76
-1489.74
-1514.46
-1504.4
-1505.23
-1502.47
-1531.27
-1483.42
-1485.11
-1489.91
-1526.88
-1538.13
-1490.31
-1545.18
-1535.89
-1515.74
-1459.17
-1442.41
-1477.37
-1473.58
-1504.51
-1433.16
-1492.13
-1486.3
-1501.88
-1466.45
-1463.76
-1538.6
-1540.75
-1505.57
-1520.94
-1499.57
-1523.1
-1491.74
-1502.91
-1459.92
-1478.05
-1520.31
-1505.16
-1484.04
-1507.26
-1541.55
-1491.5
-1485.11
-1498.66
-1484.72
-1481.66
-1459.09
-1504.35
