-17.631
-10.3499
-12.2392
-7.31803
-18.0079
-12.3909
-20.6344
-12.4198
-13.4169
-15.9919
-10.6289
-16.1733
-11.7584
-9.00023
-4.46174
-8.74247
-9.87161
-8.76939
-9.59664
-15.1903
-7.94763
-11.5331
-15.5329
-6.11301
-8.75061
-14.4538
-16.4049
-10.7658
-8.1201
-21.9326
-10.7892
-14.5244
-13.2802
-10.7313
-4.59211
-16.5071
-15.083
-13.6232
-15.1565
-19.2821
-11.5059
-15.1058
-12.6738
-11.3655
-6.27352
-16.875
-13.7998
-13.0445
-9.37034
-7.61048
-14.2263
-10.793
-7.68517
-4.46084
-12.633
-12.561
-7.09126
-4.99682
-17.7313
-8.44437
-6.37777
-10.3029
-18.493
-11.0062
-8.75558
-15.9073
-10.7429
-7.84698
-8.32648
-8.14524
-14.963
-10.2202
-12.1881
-15.739
-14.5817
-14.7393
-15.6218
-12.9166
-7.62494
-15.2626
-17.3933
-12.8225
-6.75768
-15.7501
-4.09515
-18.6918
-14.0048
-9.00692
-16.9123
-15.9344
-9.80217
-10.907
-20.4103
-8.83836
-9.58411
-12.4532
-16.4808
-16.6128
-6.96284
-17.0289
-8.94403
-14.0841
-17.3861
-3.93474
-11.6523
-14.5565
-19.4996
-18.4956
-13.8004
-14.8406
-12.6651
-16.0044
-7.48202
-18.6833
-9.88965
-18.5163
-16.1116
-13.5634
-16.654
-17.182
-8.73286
-9.48087
-11.2952
-13.1415
-15.6051
-13.3208
-4.71876
-12.8378
-16.0363
-16.4988
-15.3112
-11.8386
-14.261
-7.40539
-16.6804
-12.624
-8.67409
-16.3815
-16.1073
-19.6893
-18.133
-8.47293
-22.7124
-9.11131
-8.49472
-13.2695
-15.8106
-16.4618
-7.3574
-15.8197
-6.17714
-3.68305
-14.7845
-8.38966
-16.2254
-15.4786
-10.0488
-17.9317
-11.1072
-18.5075
-10.6608
-10.6745
-14.8436
-15.1025
-11.7849
-14.0843
-21.7865
-18.0716
-6.93124
-11.477
-9.05454
-11.75
-11.138
-19.2799
-13.6092
-12.8025
-11.5515
-16.6095
-7.36638
-19.8195
-10.3529
-8.37548
-16.1974
-10.9792
-9.7888
-21.9008
-6.57811
-7.4564
-12.2949
-12.6301
-12.9332
-14.5994
-13.3263
-12.3246
-12.8956
-18.4935
-15.5166
-1.4853
-7.05792
-12.2701
-15.7847
-10.5251
-2.2375
-6.74297
-14.2278
-12.7245
-13.8245
-7.32085
-12.6312
-10.8626
-14.1044
-15.0202
-8.07282
-16.8626
-15.7097
-13.0086
-15.4226
-18.0002
-15.0717
-11.5731
-10.2166
-14.6424
-2.70056
-9.81801
-13.5333
-10.3505
-13.1022
-11.6379
-12.4907
-8.60875
-11.6969
-13.3068
-11.561
-8.65049
-15.1619
-19.8162
-17.6983
-5.86726
-6.92677
-17.3473
-19.4101
-14.1886
-12.9413
-18.7614
-4.09033
-15.5312
-12.2979
-7.18119
-15.6538
-9.57935
-9.50615
-13.2569
-7.67247
-11.2981
-11.7446
-11.8221
-15.0627
-7.62053
-12.0245
-19.4064
-6.86827
-11.8724
-14.0493
-14.6035
-15.7081
-11.7972
-9.77045
-16.4499
-15.5183
-18.1644
-14.4623
-15.3858
-9.54927
-20.6417
-13.9179
-7.24241
-9.88759
-6.8813
-14.5445
-12.7867
-8.1118
-12.4764
-24.0069
-9.63995
-12.6688
-18.3315
-9.12662
-12.1234
-5.55187
-13.7281
-13.8532
-7.44032
-6.95853
-9.09776
-14.3438
-13.4957
-12.3742
-13.3384
-6.12002
-15.7623
-11.043
-10.3216
-15.3414
-15.0885
-18.9656
-19.1447
-13.08
-11.0866
-10.7514
-5.82903
-20.1592
-13.356
-5.65645
-11.1632
-13.9389
-9.10662
-12.7492
-18.7187
-8.51887
-9.00108
-11.8699
-12.1503
-14.8186
-11.8348
-13.692
-16.4544
-15.1247
-14.342
-8.98112
-12.8283
-7.97426
-12.1519
-7.79472
-16.9805
-11.3558
-9.06493
-7.08661
-16.8315
-13.4968
-19.4032
-11.203
-17.5887
-5.21319
-13.2502
-8.61318
-15.6603
-8.16931
-14.2776
-9.6294
-7.58243
-15.3631
-20.7328
-16.2249
-7.16842
-12.2667
-8.56144
-10.7051
-14.294
-12.3603
-11.9999
-17.7033
-15.0011
-10.4723
-6.27307
-12.182
-16.0153
-3.4795
-14.1292
-19.0411
-10.802
-13.4201
-7.88302
-12.0338
-13.3795
-8.89793
-12.9176
-13.2769
-12.3748
-10.1968
-11.93
-16.8931
-7.23989
-5.86341
-10.5006
-9.02712
-7.94235
-14.4967
-18.4801
-7.27876
-15.9217
-21.2977
-14.0334
-17.7136
-18.8285
-5.31584
-13.4488
-14.2095
-11.2369
-12.7243
-20.4839
-8.52254
-14.2423
-13.7268
-9.17248
-8.07964
-13.0402
-13.451
-12.3672
-11.6602
-13.9387
-9.15096
-6.17474
-15.4272
-5.65998
-12.0001
-6.20229
-10.7972
-17.2138
-15.6646
-1.19835
-15.7475
-14.3089
-16.3557
-11.6678
-7.31651
-16.6189
-13.7853
-10.4316
-13.21
-8.6943
-12.369
-8.20711
-14.1852
-11.6483
-12.3612
-20.4753
-18.5559
-6.87261
-11.298
-11.2389
-10.8952
-21.1031
-16.8144
-17.2092
-10.0878
-7.71134
-14.6018
-8.81529
-14.4929
-12.7676
-12.2139
-6.85295
-10.1931
-12.9126
-12.5686
-18.1145
-12.0147
-11.5063
-13.5912
-20.6917
-14.6651
-14.3567
-5.3775
-14.2485
-16.112
-12.8689
-8.63607
-8.8482
-14.6749
-12.3109
-7.77256
-13.084
-13.0027
-18.0331
-11.1131
-13.5221
-13.9916
-17.9447
-18.5158
-17.7487
-6.31877
-10.4748
-13.4322
-8.9096
-17.542
-15.4617
-16.7768
-17.0342
-9.47954
-8.88995
-15.9341
-10.7372
-19.1947
-10.0345
-8.31178
-11.4851
-12.3918
-10.4302
-8.7116
-13.2514
-11.1423
-17.1331
-11.2659
-18.3461
-11.9592
-16.2883
-12.9459
-10.5866
-11.337
-15.698
-13.2996
-5.32768
-11.4188
-14.1705
-9.50813
-10.5662
-9.3486
-4.63124
-17.1028
-14.5236
-10.8191
-16.6675
-14.813
-11.5733
-10.7169
-10.7259
-9.36488
-16.1335
-14.7065
-13.447
-10.4922
-8.73229
-18.2346
-11.7306
-16.3763
-14.2287
-13.6128
-10.7231
-12.1829
-9.1619
-7.39239
-7.62696
-13.3588
-7.29163
-14.972
-7.23129
-14.4584
-15.7196
-20.4217
-13.0145
-11.6766
-9.37221
-13.8907
-20.6196
-11.9718
-9.84489
-19.3039
-15.8495
-14.9871
-17.8872
-18.6065
-4.22663
-16.5404
-10.4265
-16.5956
-13.4232
-15.9699
-16.0164
-11.7153
-7.62468
-12.3832
-7.87389
-9.90601
-12.8801
-10.4329
-10.8159
-11.3392
-9.1448
-7.58023
-21.4123
-8.9656
-14.0292
-14.373
-14.131
-10.5539
-14.1794
-9.87559
-8.13957
-8.67015
-14.3132
-11.0204
-13.2268
-20.446
-15.1136
-13.2769
-14.4996
-8.61158
-11.8472
-9.79053
-14.5033
-11.3828
-10.1285
-8.3606
-6.3166
-11.8491
-7.69727
-12.9777
-8.63046
-3.53487
-14.5715
-20.7216
-14.0038
-8.16209
-5.88315
-13.8571
-12.2136
-20.2465
-11.8318
-17.9848
-15.3825
-10.6509
-7.84925
-6.92126
-12.9022
-18.0195
-14.6546
-16.3823
-15.9143
-11.5732
-16.7756
-12.3583
-8.6949
-14.0253
-6.26155
-14.6356
-11.1964
-5.67243
-12.6552
-8.26846
-15.5995
-11.1412
-10.3534
-12.8576
-11.8559
-11.0127
-12.9585
-14.9371
-13.9296
-14.1178
-11.2903
-14.6562
-8.62818
-9.29217
-11.8337
-16.7203
-12.2327
-16.5995
-14.5135
-13.8557
-7.80751
-10.8834
-11.6112
-5.91264
-13.9386
-10.1557
-19.6217
-12.5388
-14.566
-12.6115
-7.12196
-17.688
-6.71128
-13.4863
-16.8621
-13.5842
-11.4939
-15.2237
-7.5022
-6.33447
-14.753
-11.801
-11.395
-17.4484
-20.3613
-11.0864
-3.92651
-14.1175
-17.1868
-16.3476
-16.708
-14.3541
-15.7612
-9.46711
-12.711
-9.46806
-11.582
-10.2537
-15.4379
-13.8669
-9.43433
-7.73917
-5.43933
-10.4562
-18.0774
-14.7021
-12.8865
-16.3427
-16.2861
-9.3918
-8.71702
-17.3207
-10.1125
-10.5697
-12.0897
-10.0734
-10.1248
-16.9412
-10.4533
-11.827
-15.5442
-12.5996
-5.16685
-11.2144
-14.7277
-2.46245
-13.42
-13.6149
-4.52622
-14.2084
-8.24633
-13.202
-9.21764
-12.3499
-8.38038
-8.77197
-11.4057
-8.374
-14.4345
-7.74284
-21.1361
-12.1451
-17.9599
-18.2562
-7.80349
-15.4917
-18.1538
-7.3896
-11.1839
-15.6157
-9.00004
-10.2942
-9.16302
-15.8258
-15.8389
-3.58294
-13.6543
-11.8341
-12.3401
-13.8391
-5.93556
-14.3651
-13.3055
-15.9519
-11.237
-11.2792
-11.8787
-10.8837
-7.84084
-14.8089
-15.5874
-18.0914
-5.41338
-14.4254
-13.7628
-10.5778
-10.8659
-15.7083
-8.42414
-5.8743
-12.5005
-2.64354
-2.72448
-11.8892
-13.5215
-17.2618
-9.61695
-10.769
-16.3076
-12.5712
-10.0573
-9.88497
-15.6481
-10.2624
-9.0698
-11.4677
-10.1549
-16.9348
-13.6485
-14.5963
-13.3498
-27.4618
-19.0434
-10.8449
-8.80818
-20.299
-12.2126
-19.9151
-11.7322
-11.8453
-16.8662
-8.47037
-10.2447
-11.1335
-15.2794
-17.691
-15.9398
-8.98246
-10.8641
-8.27069
-12.2704
-15.7877
-16.2992
-9.49947
-7.5437
-9.19555
-12.1659
-14.0948
-10.3198
-19.9624
-19.8075
-8.15604
-7.827
-8.59365
-2.53504
-14.4259
-13.608
-11.5418
-11.5669
-16.9365
-17.5564
-1.85921
-15.9854
-20.2246
-15.8482
-15.9386
-18.2219
-9.27873
-14.8308
-12.8494
-6.72763
-18.0383
-17.9139
-18.707
-9.37247
-15.8303
-18.2052
-11.3523
-7.95769
-7.90843
-11.0741
-12.4802
-9.08799
-14.8283
-15.2707
-9.06199
-13.9685
-13.0646
-8.34751
-20.7503
-6.81974
-14.2841
-9.50594
-11.0359
-13.9598
-15.4816
-14.6616
-14.0688
-10.2249
-12.0242
-9.81808
-17.1072
-11.4715
-11.6781
-12.0866
-14.0777
-15.4765
-9.05137
-10.1707
-11.1938
-12.8502
-12.0063
-11.1694
-14.8261
-15.6618
-9.57977
-13.2629
-11.2978
-10.2552
-13.4233
-10.3983
-11.135
-10.051
-13.1324
-15.0165
-7.06406
-19.6152
-12.7851
-18.5281
-12.7685
-9.77991
-20.1208
-13.0413
-11.3555
-12.1621
-16.7113
-19.3807
-11.7661
-12.3337
-16.7799
-11.66
-14.455
-6.05495
-17.5399
-7.98421
-14.9381
-14.0316
-14.9077
-10.241
-18.2676
-7.33438
-14.8549
-12.076
-20.5624
-13.6914
-14.5684
-15.5673
-19.1853
-17.1421
-9.11387
-14.5801
-19.4214
-15.579
-19.2854
-16.2384
-14.061
-13.5473
-5.46604
-10.1514
-11.6793
-9.9419
-7.0279
-14.9991
-13.0774
-10.0983
-9.4759
-21.253
-9.93129
-14.4798
-20.2249
-15.1461
-21.5016
-14.3878
-11.4742
-12.7233
-13.6537
-5.52819
-16.5653
-13.6202
-15.1387
-13.4415
-15.2319
-25.4514
-10.8686
-12.2211
-13.5182
-12.0127
-17.8118
-16.8339
-11.2905
-5.6523
-12.092
-13.5734
-3.85464
-12.4603
-13.5347
-14.2542
-11.9153
-15.3256
-14.2694
-13.8049
-15.7007
-8.48744
-13.4017
-10.2273
-5.84092
-19.0784
-17.2536
-11.1289
-5.71824
-9.74893
-18.3487
-9.36267
-9.15507
-18.0046
-10.8841
-12.2382
-20.6418
-16.2159
-13.9672
-15.9149
-17.9245
-9.43924
-12.379
-15.0707
-13.7169
-16.224
-9.68882
-21.0403
-11.5373
-23.0182
-16.1636
-4.65497
-14.1453
-16.5369
-11.73
-12.1117
-9.12109
-10.6141
-18.1202
-16.3114
-10.9487
-13.9232
-13.8189
-12.203
-16.3796
-13.3521
-16.1124
-9.02307
-10.7455
-13.5484
-21.6701
-11.0877
-14.1009
-5.33824
-12.6939
-4.62409
-14.969
-15.6087
-13.0914
-16.2103
-19.903
-14.1621
-10.2472
-14.2193
-18.4111
-17.0249
-14.3286
-13.5577
-8.03857
-15.0593
-8.20882
-7.48397
-16.1135
-13.5837
-9.47175
-14.9636
-14.6488
-8.73162
-6.17454
-6.87773
-20.1627
-12.5709
-16.8181
-13.2677
-5.92236
-11.3436
-12.4404
-9.28212
-10.865
-10.997
-7.49865
-15.5548
-11.7949
-8.62862
-4.8878
-17.6459
-10.7797
-9.62364
-10.8217
-8.2028
-10.2285
-11.1191
-18.7075
-9.43583
-12.1417
-6.96221
-14.996
-18.0456
-11.9817
-13.5385
-10.4286
-15.433
-14.6215
-19.3442
-10.7635
-16.7967
-15.1608
-13.8648
-10.3799
-9.41946
-14.3449
-12.2494
-17.8648
-10.8624
-17.2371
-12.3458
-11.3766
-10.3486
-16.5617
-13.6057
-3.21598
-14.0106
-20.1816
-13.8608
-10.3961
-17.2884
-4.14728
-14.8745
-15.3791
-17.0921
-18.7742
-13.8328
-13.801
-7.08322
-13.1917
-7.38944
-10.6592
-18.2763
-5.70104
-12.7966
-8.59171
-12.3359
-12.6831
-16.1147
-16.7764
-5.14789
-14.801
-7.84291
-9.36666
-17.8798
-17.5299
-12.5715
-12.4715
-6.45908
-13.6158
-12.2329
-17.2229
-5.46951
-15.7102
-10.4465
-8.26185
-13.1717
-11.9391
-10.9383
-18.5869
-11.199
-8.21446
-12.2873
-15.1348
-21.2022
-13.4908
-7.7246
-16.1603
-9.50521
-8.40239
-12.0224
-12.0491
-8.15057
-15.4737
-3.36468
-12.5917
-16.2569
-18.1863
-14.2302
-14.7896
-18.8518
-13.1962
-7.62631
-12.9647
-20.9259
-13.964
-8.05297
-11.9144
-8.91025
-17.8743
-11.1159
-15.8044
-11.3207
-16.0886
-14.9006
-15.78
-9.27425
-18.0939
-14.7616
-13.9094
-17.0482
-14.9221
-18.6152
-12.0013
-11.831
-16.6089
-15.9844
-10.4732
-12.646
-16.5206
-19.9315
-16.3533
-8.18632
-16.6469
-19.4746
-11.0422
-10.8655
-18.3525
-6.37282
-5.09825
-15.8364
-16.1927
-12.6904
-12.2262
-14.6982
-14.1601
-12.2875
-11.4514
-5.53874
-1.21653
-10.0749
-12.8184
-18.5305
-13.3893
-7.12774
-11.8458
-15.9208
-20.1204
-16.5005
-18.1468
-16.1211
-11.1411
-9.68468
-8.67864
-20.1499
-13.0188
-16.2978
-9.4515
-6.0932
-18.1759
-16.4919
-16.7465
-10.4115
-19.0044
-13.8003
-10.9998
-18.6257
-6.36801
-9.40122
-23.0137
-3.34457
-17.5331
-8.31383
-13.5638
-8.88808
-15.956
-8.81382
-13.3213
-14.099
-8.78555
-9.86723
-11.5044
-12.0724
-10.9178
-8.13331
-16.2261
-17.2564
-9.8099
-19.4835
-14.7587
-15.8371
-12.238
-14.0521
-12.3786
-9.2327
-11.4213
-11.9609
-10.8811
-6.5222
-17.8677
-17.1146
-12.955
-19.1416
-13.9282
-9.06839
-7.26961
-14.3593
-13.0073
-5.06042
-12.3542
-17.7699
-16.0759
-8.93269
-20.4888
-12.7197
-20.6013
-20.8424
-12.5167
-12.1866
-8.46015
-12.64
-13.8879
-10.5586
-6.38109
-16.5472
-13.7896
-21.383
-11.8092
-12.7405
-7.84023
-11.5346
-16.386
-9.52871
-15.6871
-15.0721
-16.9524
-15.2312
-10.9422
-24.0084
-8.9342
-10.5694
-13.271
-13.3699
-21.1152
-9.64535
-9.5242
-13.7485
-5.97895
-15.2746
-10.1149
-11.3659
-10.4517
-10.7559
-9.24442
-16.3715
-7.98261
-4.39498
-16.4692
-7.37176
-15.9091
-20.3593
-11.5891
-11.1183
-9.26357
-13.4681
-11.5444
-6.18266
-10.7951
1.07124
-10.3869
-13.3063
-12.6065
-7.20389
-16.7315
-16.3431
-12.262
-12.8826
-9.70242
-7.49629
-10.6002
-4.92551
-17.52
-12.7682
-6.68157
-13.7041
-19.0211
-5.36674
-12.1256
-13.1728
-9.92686
-10.742
-7.92831
-4.66245
-17.6377
-19.9084
-13.3177
-6.85865
-10.3492
-11.8965
-9.40486
-12.0853
-15.9281
-13.3976
-19.8858
-10.9676
-17.7174
-4.79244
-18.9195
-17.9552
-15.2583
-9.92023
-14.069
-9.99619
-11.6014
-8.12711
-16.7825
-19.9314
-12.7409
-16.264
-11.7202
-14.2496
-18.1335
-13.2535
-7.29846
-3.04884
-12.8915
-6.41606
-13.6529
-13.1848
-14.1562
-7.97625
-8.9261
-14.5259
-16.5458
-13.9112
-17.1647
-18.6895
-7.92044
-12.1611
-8.84454
-11.505
-17.7689
-17.041
-15.3852
-11.9567
-7.63711
0.818063
-19.0959
-17.669
-15.2905
-12.6885
-16.3577
-8.3967
-12.2191
-14.4311
-17.5281
-9.4309
-13.7516
-10.8191
-15.1505
-17.6466
-4.28145
-10.2182
-12.5236
-16.548
-13.8896
-16.6896
-8.82612
-7.11623
-7.33761
-15.4951
-18.0699
-16.5012
-11.8317
-10.262
-21.637
-9.93024
-15.2004
-11.6701
-12.1073
-19.6624
-8.88122
-9.30688
-10.4956
-16.0544
-11.4158
-14.29
-22.4814
-5.65958
-16.4571
-15.6457
-9.47632
-12.4919
-14.754
-8.11495
-11.5581
-8.25203
-14.2304
-5.16433
-14.7375
-14.696
-6.19215
-12.124
-10.1059
-12.7983
-9.01763
-14.661
-12.5536
-11.5013
-14.5388
-15.1511
-20.8864
-14.9527
-4.26623
-11.4568
-16.0759
-15.1442
-16.0769
-9.07315
-11.7921
-19.1127
-7.89751
-9.84974
-7.50192
-13.3465
-7.22439
-12.0244
-8.92524
-18.1499
-11.9442
-18.9993
-6.31449
-19.7328
-8.80922
-7.20311
-11.1848
-12.0859
-12.8176
-7.46139
-8.69057
-15.1135
-7.32738
-1.43328
-16.9996
-4.29152
-5.27763
-13.5454
-17.6769
-12.6175
-1.43137
-9.88233
-18.6633
-10.9769
-17.0116
-17.2108
-11.3059
-8.32714
-10.1066
-14.2042
-3.37656
-13.3805
-16.2186
-15.6548
-14.0021
-9.11057
-10.9523
-8.90878
-13.1071
-18.4089
-11.5523
-18.2487
-11.1681
-13.8377
-14.4542
-13.807
-8.36
-23.2813
-9.11128
-12.6578
-4.8496
-13.613
-21.4979
-13.8424
-15.4231
-14.9203
-11.4025
-10.1369
-18.8479
-10.8458
-14.1607
-15.1724
-16.7703
-11.1176
-6.57452
-11.5651
-18.5536
-7.00639
-15.0462
-5.88528
-12.8296
-17.6843
-7.03221
-10.4728
-12.6008
-7.38844
-10.6136
-9.5114
-14.0904
-11.3866
-17.3397
-9.02185
-13.7976
-13.5253
-11.0349
-15.7296
-14.0857
-17.5867
-13.8412
-13.4769
-16.2846
-15.0615
-15.1131
-13.8221
-14.2766
-12.9493
-20.6517
-12.1854
-15.5825
-9.22319
-14.0919
-3.68869
-13.8945
-11.1946
-7.76051
-12.5884
-8.91836
-5.32952
-19.7664
-20.0663
-11.2816
-15.5508
-18.5497
-15.4098
4.23848
-11.9408
-8.63409
-17.7747
-6.8348
-15.2051
-16.2099
-7.31145
-15.9661
-13.6135
-13.1825
-13.5196
-22.8149
-15.9118
-11.2721
-18.0973
-11.9225
-13.0558
-15.1343
-8.26963
-9.23834
-16.096
-12.4187
-8.46379
-15.7406
-13.1826
-16.5304
-13.7637
-9.19495
-12.6515
-17.9675
-9.64719
-7.63639
-15.1698
-16.5638
-11.8621
-14.2538
-19.146
-18.7471
-14.3052
-15.7229
-16.8176
-8.77502
-16.8513
-10.1953
-7.75011
-14.4049
-11.1251
-13.4789
-18.5772
-12.6744
-16.1417
-11.2597
-20.851
-11.393
-9.02174
-12.223
-24.1717
-6.9213
-14.5648
-17.913
-15.2193
-15.8501
-9.30697
-16.1749
-25.3063
-3.4139
-8.45886
-11.2571
-2.15702
-13.3233
-8.59916
-15.7967
-17.5567
-11.0177
-5.14674
-11.4392
-15.1528
-3.40251
-10.7341
-13.6361
-11.3179
-15.1338
-8.67687
-11.4746
-16.6367
-21.1871
-14.2117
-12.5502
-7.83927
-15.631
-12.7621
-15.6825
-11.5896
-7.18932
-14.6942
-7.23222
-8.25174
-19.5296
-15.3598
-10.9227
-11.8518
-9.47075
-7.87862
-14.7631
-9.90587
-15.1269
-2.36777
-7.00561
-18.4252
-12.5317
-14.6308
-16.7327
-7.58631
-16.9678
-8.97696
-16.112
-10.677
-9.97843
-13.5801
-12.1319
-12.4409
-16.9541
-7.45852
-16.0425
-18.3258
-15.7086
-9.06659
-17.1687
-15.9421
-13.6824
-9.28789
-19.227
-9.0888
-11.2432
-21.3471
-12.8254
-14.6123
-8.77225
-9.961
-14.1071
-11.136
-13.3088
-15.6685
-10.0753
-12.7634
-9.98966
-14.703
-7.82688
-12.9903
-15.0298
-9.76792
-7.43571
-16.6356
-9.63515
-16.7183
-5.95451
-13.5906
-13.544
-27.0369
-17.7459
-8.67858
-13.9621
-7.22719
-17.4689
-16.7481
-19.0972
-11.4277
-15.004
-12.9803
-14.8706
-15.8488
-8.10778
-13.2067
-17.8132
-15.527
-16.2345
-18.8494
-13.5283
-6.74929
-16.1965
-17.6894
-12.4007
-15.7475
-13.6687
-14.8425
-8.17358
-18.6929
-10.2295
-14.1648
-9.95574
-14.1749
-13.7075
-6.68969
-13.6863
-8.27458
-9.65873
-8.33016
-11.6149
-9.18348
-12.0971
-15.7324
-21.7692
-13.5993
-13.2672
-13.4251
-16.1913
-12.6698
-9.90907
-17.4104
-7.41682
-10.2486
-6.13212
-16.6636
-18.8026
-4.53994
-10.6425
-14.386
-15.4366
-16.7951
-13.6553
-17.0178
-9.92029
-12.8118
-12.7441
-15.4347
-10.1917
-19.8379
-14.3492
-8.59227
-9.18616
-11.8686
-11.0128
-11.0326
-15.6683
-16.9211
-17.6476
-8.84679
-13.7503
-16.7817
-15.6323
-13.0448
-17.7575
-15.3641
-16.2664
-13.908
-17.3406
-17.5345
-10.6222
-5.55056
-10.4573
-9.73853
-14.5152
-11.0954
-14.2263
-17.4478
-11.2916
-14.0279
-11.9778
-14.4538
-12.5053
-16.4918
-16.8891
-4.3686
-14.1692
-15.2946
-9.6621
-10.382
-14.1269
-16.7283
-18.6044
-12.8577
-10.079
-3.35324
-12.2235
-14.1724
-14.9352
-11.8002
-11.933
-13.4182
-16.1045
-6.79272
-18.034
-9.51752
-11.9528
-11.2316
-11.321
-8.57172
-18.5528
-16.1336
-14.5298
-13.2839
-19.8439
-10.5522
-9.84501
-14.3019
-3.76395
-20.9387
-9.78301
-17.5171
-8.36826
-10.1397
-14.5059
-14.5267
-8.51837
-8.26183
-8.78202
-14.1612
-12.7074
-10.9028
-13.508
-11.7673
-18.3628
-10.2925
-11.0168
-8.77946
-1.18897
-10.592
-7.42813
-12.1279
-21.4261
-6.85436
-16.8396
-5.17105
-8.57746
-14.7011
-8.5913
-11.6466
-15.1161
-16.7403
-18.5549
-8.68698
-12.7958
-19.7314
-11.2634
-6.99254
-10.3916
-12.5105
-23.9086
-5.08854
-16.85
-17.4005
-17.9599
-7.18253
-11.6899
-15.2349
-9.50448
-12.8701
-9.97514
-6.12007
-12.929
-2.75745
-4.50404
-15.5958
-14.8614
-18.8891
-17.8693
-13.9908
-13.7061
-12.7627
-17.6009
-16.5851
-13.2972
-7.61711
-14.1493
-6.52674
-7.14427
-16.5193
-15.667
-18.3425
-13.0946
-15.5646
-13.0156
-14.0748
-18.8456
-11.5033
-19.9465
-10.352
-11.8745
-9.35904
-10.3311
-12.5007
-12.7679
-12.2859
-14.5912
-10.5212
-13.1991
-10.6978
-12.0143
-23.5794
-8.00446
-14.3087
-16.3266
-15.6681
-10.2247
-12.8984
-13.6765
-15.8062
-19.4481
-13.0687
-14.0086
-11.1562
-9.41621
-18.0429
-13.0411
-13.4376
-9.55863
-11.2892
-13.3255
-19.1463
-12.6094
-11.1464
-8.17814
-11.5239
-13.2304
-20.2787
-12.2274
-9.59946
-16.1414
-12.5271
-6.34141
-7.83945
-10.61
-12.654
-11.5303
-16.6481
-11.1887
-10.4886
-14.1765
-9.77095
-9.38776
-22.0103
-9.44653
-14.415
-9.25957
-10.1201
-14.5258
-10.8782
-19.9875
-16.3239
-16.4009
-9.10529
-12.0568
-5.64843
-12.2609
-7.5549
-12.1135
-15.8476
-18.1517
-13.5708
-16.9896
-10.403
-13.8718
-18.3177
-6.00184
-10.022
-18.1316
-14.8837
-14.1304
-10.4324
-19.0983
-12.0078
-11.9425
-9.94396
-12.6254
-10.2264
-20.0586
-16.8699
-18.198
-8.67241
-17.0834
-13.79
-17.539
-17.7649
-8.47394
-10.4359
-17.5472
-11.802
-15.0232
-10.3833
-9.405
-6.19387
-10.1191
-17.7542
-13.8556
-20.5936
-12.2098
-14.3269
-7.02626
-16.1449
-12.548
-16.9288
-14.9089
-15.8506
-15.562
-15.5153
-21.7016
-16.4738
-0.214752
-9.26792
-14.4236
-12.6819
-10.2155
-14.9504
-9.87317
-6.30206
-13.9438
-12.4121
-7.37881
-8.96054
-7.73926
-5.9704
-6.54121
-14.9055
-19.2587
-9.91349
-7.65423
-17.4473
-11.3436
-9.36603
-11.4725
-10.5134
-17.7066
-13.5164
-22.7123
-9.32379
-15.4883
-16.1667
-18.7938
-19.6599
-13.6216
-11.4915
-8.31892
-8.38852
-17.0297
-13.2202
-14.8818
-12.5313
-23.6824
-13.5328
-10.9033
-18.387
-14.6119
-8.30233
-3.11766
-10.6785
-13.7467
-12.3535
-14.375
-4.54004
-13.0405
-11.7746
-11.0966
-10.8189
-5.98074
-21.5655
-15.6324
-17.512
-13.1227
-11.1833
-13.0679
-16.2174
-11.8186
-12.6362
-11.0598
-2.41349
-11.7747
-6.66461
-16.6123
-9.50425
-21.2763
-12.0483
-17.9338
-2.74635
-16.707
-13.8469
-14.4356
-15.0656
-13.2032
-9.85759
-9.23688
-8.58921
-8.25204
-16.1119
-12.7596
-19.9902
-13.9529
-7.0786
-9.86492
-18.0359
-16.7888
-8.25561
-7.40018
-10.7725
-8.81988
-7.28699
-13.1455
-16.6419
-9.15858
-18.7266
-11.348
-14.2931
-19.3658
-13.4673
-12.9934
-10.9327
-9.64084
-14.6332
-18.8375
-6.89397
-10.774
-9.57281
-14.2682
-11.7829
-10.1499
-3.95538
-17.2669
-17.333
-10.1597
-17.5799
-11.5701
-15.0401
-10.6073
-15.1467
-11.8166
-17.5838
-14.083
-10.3485
-12.2329
-15.9761
-7.46571
-14.2101
-12.7
-9.10155
-10.6159
-15.3154
-8.34655
-11.9677
-10.8059
-10.4678
-8.65235
-10.8961
-12.0876
-5.49274
-17.3003
-17.906
-10.9743
-16.2442
-15.0482
-16.1938
-17.986
-9.47022
-20.2204
-9.55767
-18.7869
-13.6228
-21.9812
-23.1204
-11.9403
-19.8905
-14.5455
-7.56637
-10.2652
-9.77836
-13.4464
-8.36014
-14.8154
-15.5762
-14.2801
-11.2919
-12.2897
-11.9439
-6.34766
-10.9361
-5.38619
-13.233
0.600748
-14.4199
-12.1052
-9.83475
-5.0127
-13.2707
-11.1837
-6.21107
-15.1027
-12.8713
-13.4697
-11.5559
-9.48686
-5.64572
-16.1494
-8.01876
-7.71705
-15.022
-10.5631
-14.219
-13.0702
-15.0808
-21.5064
-20.0591
-14.6286
-12.5198
-14.9365
-13.6854
-10.6256
-11.2136
-10.9248
-21.2303
-13.4786
-9.8282
-21.1975
-12.2614
-13.9961
-9.42427
-20.2892
-11.5692
-8.97316
-11.1293
-9.94662
-18.8419
-11.9574
-12.7261
-11.7494
-17.5576
-20.2189
-11.3191
-8.02631
-15.0545
-16.4961
-13.0957
-19.4992
-15.0623
-12.0525
-14.6171
-12.2864
-8.45788
-5.4643
-18.2152
-14.3253
-13.8492
-13.6427
-13.6272
-19.186
-12.0221
-14.0073
-13.7194
-5.47686
-11.7122
-9.39771
-18.18
-10.7943
-8.26155
-13.5625
-9.85682
-14.9571
-15.7529
-18.2755
-11.6169
-10.6203
-11.591
-14.6456
-5.94164
-15.392
-11.5349
-17.0132
-15.5885
-13.5679
-6.55618
-11.6292
-15.4519
-10.0417
-13.4089
-10.6596
-15.502
-12.92
-9.94284
-6.15395
-14.1588
-12.7259
-12.153
-15.6144
-12.1819
-14.2573
-12.6273
-10.5943
-11.5051
-11.8479
-13.6323
-13.6857
-5.98727
-17.8258
-8.73748
-11.5619
-13.3831
-9.38347
-10.349
-19.5903
-11.5077
-5.05905
-19.7043
-10.5071
-12.0944
-7.15219
-13.7556
-16.6795
-13.6396
-12.3319
-14.2237
-13.8719
-9.45325
-10.457
-10.2067
-10.6586
-16.972
-3.96996
-20.0207
-8.95214
-7.9707
-8.58735
-11.7394
-13.4434
-21.6573
-10.6709
-11.1045
-10.3521
-9.2472
-12.2938
-17.691
-17.4558
-8.59916
-7.26193
-11.1293
-9.42792
-10.2042
-11.8114
-12.1133
-7.29832
-13.8076
-14.335
-19.8357
-7.84113
-12.7827
-10.701
-13.2199
-13.8945
-9.93863
-10.7494
-15.3852
-11.782
-14.5494
-11.5442
-13.7344
-18.0096
-5.93789
-15.4288
-17.2809
-20.2496
-10.8707
-11.7506
-2.41071
-8.24817
-10.9154
-14.2943
-14.5957
-17.9537
-11.9621
-15.1709
-13.9478
-12.9935
-16.1713
-10.2367
-12.4977
-13.7699
-11.7144
-13.4624
-11.7721
-7.37999
-9.91433
-9.49819
-14.3863
-10.9476
-16.0618
-8.93083
-11.1106
-22.1926
-8.64412
-12.7192
-17.6804
-8.4148
-8.66657
-9.85053
-5.83548
-14.4023
-9.40002
-13.6026
-14.6019
-14.3676
-10.8997
-14.2659
-9.79604
-14.3945
-13.0228
-15.6541
-9.33319
-11.9593
-20.4811
-14.7692
-13.544
-8.09691
-13.5392
-19.9435
-14.0069
-18.7995
-12.9322
-6.20998
-10.4467
-15.0764
-4.31055
-7.37839
-8.26481
-6.46725
-4.41079
-15.1105
-18.9149
-11.0118
-4.38476
-5.9836
-18.089
-19.3859
-16.0485
-13.933
-13.1065
-11.7832
-11.8296
-18.2418
-10.797
-15.4569
-8.08453
-21.8655
-19.7981
-15.8985
-18.7361
-19.4482
-6.80026
-14.2687
-11.4708
-12.8292
-6.67156
-21.6685
-17.8339
-10.5542
-15.7108
-14.4078
-13.144
-14.6139
-13.5577
-12.3966
-16.3524
-10.6618
-9.78154
-9.28123
-13.7131
-15.6672
-9.34986
-10.2819
-11.1393
-12.4607
-15.0209
-17.6064
-18.5349
-11.1797
-14.5131
-15.2812
-13.8578
-14.3857
-5.59097
-10.5843
-12.3153
-10.6073
-17.0698
-10.1836
-15.2773
-13.1037
-11.3276
-8.83105
-16.292
-16.0193
-13.9453
-8.5156
-6.6307
-12.3973
-14.7586
-23.1407
-16.9213
-10.9026
-11.8211
-15.2097
-11.7735
-13.4602
-18.676
-14.2988
-14.6049
-14.1714
-11.9832
-14.9047
-13.7071
-10.9987
-9.71395
-16.4849
-14.0485
-14.6058
-11.3386
-13.2213
-10.1965
-12.6475
-18.4524
-9.39827
-16.062
-15.5552
-16.7782
-10.3541
-5.95117
-16.4385
-12.3139
-19.9809
-15.0225
-3.90466
-8.70184
-16.3577
-14.563
-6.0805
-10.2621
-13.2985
-13.9501
-12.6663
-17.2427
-9.32715
-5.9122
-15.3366
-0.529192
-14.344
-21.7201
-20.5123
-13.949
-6.28107
-11.8101
-17.9047
-8.95996
-8.42841
-25.8053
-18.8992
-10.5805
-2.59466
-18.0862
-9.527
-9.46249
-15.8097
-11.4919
-10.9573
-6.70473
-22.321
-10.6278
-11.3075
-6.95254
-7.14898
-12.1868
-14.7661
-13.5664
-14.018
-11.2601
-10.9977
-19.2542
-15.8375
-8.9867
-13.5961
-9.74491
-13.6993
-21.3768
-10.5294
-16.2766
-13.2309
-14.8362
-18.7246
-16.9059
-14.31
-13.4315
-10.5371
-7.7286
-8.22468
-17.5279
-3.50781
-16.7104
-8.24983
-13.6955
-16.3316
-12.0805
-17.8884
-16.2567
-14.2129
-11.8586
-8.64858
-9.96494
-15.0667
-12.9004
-16.4412
-16.178
-20.1256
-19.237
-10.4145
-9.47507
-18.2234
-21.4765
-16.7668
-15.8407
-11.6466
-8.63747
-11.6765
-4.961
-13.8881
-12.3959
-11.5753
-5.19602
-4.49892
-6.15991
-13.0227
-5.92083
-10.6651
-19.0667
-8.02914
-15.3386
-10.8485
-4.9629
-10.5147
-15.2393
-12.8912
-15.1387
-11.8989
-11.3382
-13.3073
-21.7547
-13.1945
-13.8861
-16.8519
-8.65927
-17.5773
-12.2544
-11.593
-12.8747
-12.8466
-8.73146
-15.1158
-2.63008
-20.6757
-12.1886
-11.8057
-15.3193
-14.255
-18.4671
-9.38098
-5.31692
-13.1689
-11.4595
-13.0543
-24.4224
-14.136
-12.3606
-15.8841
-10.4731
-6.73664
-17.4218
-12.0546
-8.49916
-17.2617
-10.0232
-16.1639
-13.588
-9.465
-8.26973
-18.3481
-16.427
-11.0216
-15.6384
-18.7522
-17.4789
-15.3269
-7.31342
-13.4595
-11.2902
-16.0284
-13.0654
-5.68469
-13.3403
-7.49283
-12.7955
-3.91683
-19.5089
-8.67573
-18.0494
-16.7307
-15.6347
-17.2544
-14.1038
-13.5891
-14.7243
-12.7948
-17.035
-9.25765
-13.9487
-12.6217
-11.0009
-18.2599
-10.974
-10.2263
-7.15087
-14.7785
-5.32602
-6.57735
-9.11673
-13.6033
-11.6265
-9.45233
-19.5765
-13.7907
-9.29516
-17.812
-13.1379
-18.3521
-20.401
-10.1794
-6.1879
-19.6912
-12.6143
-8.50567
-12.156
-8.56974
-10.5077
-13.3613
-14.9416
-12.7496
-18.849
-16.5179
-13.0832
-11.1113
-18.1086
-13.4474
-18.3074
-9.65274
-11.6968
-12.1764
-19.8746
-8.32598
-13.4184
-19.1244
-15.2711
-7.60133
-12.4851
-12.8989
-12.7031
-17.3774
-12.9801
-15.8531
-11.7517
-11.6159
-16.787
-13.0533
-13.3566
-9.84588
-15.4413
-21.839
-16.2959
-13.2857
-10.9508
-17.6128
-6.00252
-17.7933
-11.5932
-7.86503
-9.47072
-13.1008
-11.7032
-10.7469
-11.8614
-7.53276
-12.6443
-14.3581
-15.8656
-11.9076
-6.32163
-11.6882
-11.3095
-12.1108
-11.0735
-19.4811
-17.3965
-16.2277
-14.205
-5.33766
-13.7052
-7.29044
-18.783
-9.25583
-16.6023
-10.2423
-7.40848
-13.6774
-14.2828
-21.2113
-8.68584
-9.89394
-9.55231
-11.5251
-19.2976
-4.11782
-18.2884
-15.1429
-7.96747
-13.8134
-4.27921
-16.4411
-6.4244
-8.92795
-15.2972
-9.91267
-15.85
-10.4063
-10.0716
-15.7085
-13.3164
-8.60648
-15.1436
-21.7543
-10.2709
-19.4695
-4.82867
-14.5962
-18.6405
-21.466
-11.5864
-23.0808
-16.7026
-15.3677
-8.83702
-13.9451
-5.08739
-13.9424
-16.7009
-9.49326
-12.5775
-20.5634
-13.4913
-12.693
-11.5631
-14.2303
-18.473
-17.0865
-15.5531
-5.67403
-15.4392
-14.5486
-6.26153
-15.2249
-11.5013
-6.01613
-18.9972
-7.44842
-15.2049
-11.885
-11.9259
-16.0854
-18.98
-10.0716
-11.3462
-11.9093
-4.99927
-10.2308
-13.2555
-2.72879
-17.7967
-11.5301
-10.1732
-9.75114
-17.7149
-10.6348
-13.8019
-13.7941
-13.7357
-4.02503
-19.6889
-9.91581
-16.7447
-9.62479
-11.8298
-10.9882
-13.7125
-17.1864
-6.85351
-9.45711
-15.6254
-10.5632
-12.4133
-7.4322
-17.7561
-9.88748
-22.6468
-12.8444
-13.2429
-9.20635
-8.89922
-7.75186
-12.2059
-15.7547
-5.98959
-10.7834
-8.61903
-15.128
-15.0094
-5.04374
-13.4692
-8.77175
-10.1641
-11.9361
-10.9747
-23.1218
-12.2702
-8.14431
-8.26294
-17.0025
-17.7104
-13.4009
-14.5362
-7.42434
-13.0329
-17.1098
-11.0411
-13.6815
-12.6489
-11.4707
-10.418
-7.74121
-15.4621
-11.7551
-8.13725
-14.3119
-13.3916
-14.104
-10.4715
-8.34377
-19.3533
-12.5743
-11.3361
-6.55505
-12.8666
-15.3415
-7.0226
-20.2755
-15.4699
-14.6487
-8.05052
-10.3207
-5.99323
-9.33768
-8.15116
-10.1091
-8.62308
-15.2026
-11.3964
-18.0921
-10.6252
-13.78
-10.4626
-11.4002
-18.5643
-13.7576
-11.7334
-19.1282
-12.7402
-13.0708
-10.0289
-13.6536
-15.3986
-12.6877
-16.3104
-11.3491
-15.1273
-18.8767
-5.53819
-14.2884
-11.7599
-11.2625
-21.476
-15.2963
-5.98735
-8.75063
-17.1001
-13.8622
-15.2451
-13.4687
-8.65043
-10.6547
-15.9458
-12.0733
-11.3586
-4.69504
-12.6232
-7.31899
-15.8597
-19.456
-6.77239
-15.8787
-11.2445
-12.2872
-8.85091
-9.10901
-23.3819
-4.1982
-12.9453
-14.1803
-5.96664
-10.0203
-16.8396
-15.7922
-11.3582
-9.4788
-16.5242
-15.2217
-12.0272
-12.3681
-6.82471
-11.4272
-14.1409
-9.96814
-18.3765
-11.0211
-12.3589
-16.0513
-12.4202
-21.5773
-12.7103
-12.7574
-9.44237
-13.8951
-14.1021
-11.7378
-10.4143
-9.05739
-4.40098
-8.89308
-17.5062
-11.3252
-6.19426
-7.63712
-12.5856
-14.4144
-12.5306
-15.6268
-15.917
-9.89813
-12.8486
-11.0139
-13.5624
-7.06141
-9.47772
-14.4331
-7.60339
-7.77876
-16.0457
-15.1001
-6.95313
-17.0499
-10.4346
-7.50393
-16.6143
-12.2135
-17.6529
-15.0672
-8.43249
-20.8404
-12.2979
-9.5106
-12.3232
-9.79801
-12.691
-7.86307
-15.3567
-8.50722
-16.6368
-8.51146
-15.6403
-12.4498
-14.0751
-8.36399
-11.4275
-11.4807
-17.9262
-6.99409
-16.7497
-8.64099
-16.6336
-4.26483
-13.8547
-11.077
-9.46725
-12.0891
-18.9755
-15.8078
-11.2234
-14.4837
-8.83063
-19.6755
-4.43434
-8.51404
-21.5352
-11.7798
-11.8623
-9.7602
-20.1702
-13.1049
-10.5589
-15.3709
-16.4649
-14.3979
-14.4916
-14.1702
-10.313
-12.1456
-14.2913
-16.6298
-9.78686
-12.7205
-18.104
-6.67489
-12.5933
-18.6362
-14.3372
-10.8386
-15.0444
-8.24805
-16.3966
-19.1749
-16.8169
-14.2155
-15.2541
-13.7702
-4.71755
-8.61369
-9.48304
-14.8276
-7.37229
-15.2027
-4.16154
-11.985
-14.5492
-11.6846
-17.5031
-13.4122
-12.0295
-6.66446
-14.7512
-18.2293
-9.27421
-19.1745
-13.8702
-15.0706
-16.4339
-2.56086
-3.71361
-16.4647
-16.4126
-18.6647
-6.06642
-0.996238
-20.7087
-13.4326
-13.6888
-13.0991
-9.88278
-8.14529
-6.45664
-8.77097
-14.8735
-21.1683
-10.8737
-21.7424
-8.06715
-10.5786
-15.4813
-12.6771
-13.6602
-7.66429
-13.1217
-15.4029
-14.6608
-14.8291
-11.3855
-6.34956
-18.67
-8.31201
-8.88081
-11.0155
-19.0258
-15.1884
-9.74567
-11.7371
-16.4127
-16.1215
-18.0857
-13.482
-13.3955
-18.5131
-12.7218
-14.9121
-17.7022
-16.3593
-18.5402
-13.847
-7.41657
-7.35056
-13.6902
-18.1435
-7.15274
-14.8798
-14.0627
-7.05751
-15.1132
-12.1697
-10.5244
-9.93757
-16.6142
-18.0031
-12.2547
-16.2348
-5.64294
-7.04148
-8.60526
-23.7925
-9.37384
-10.2915
-13.0713
-15.7512
-8.97109
-12.3231
-11.6201
-7.91524
-8.27432
-17.3818
-13.5286
-16.4321
-12.3336
-15.7768
-14.1879
-14.3238
-3.37721
-11.4741
-4.83353
-22.257
-17.9939
-9.48603
-12.0523
-11.6162
-17.1684
-16.0526
-11.8212
-10.0034
-14.2406
-18.8219
-13.3053
-16.9242
-8.94192
-9.58664
-10.0467
-15.0542
-3.16956
-18.3693
-10.9066
-11.2715
-16.1773
-17.4176
-7.15849
-16.5793
-9.49334
-20.644
-10.745
-11.3543
-14.5785
-9.00781
-11.4158
-8.32088
-10.9911
-11.3827
-10.4886
-10.3791
-8.83669
-13.3471
-15.809
-3.71062
-8.72798
-8.80389
-14.545
-15.3938
-14.2755
-16.2789
-18.5637
-19.6916
-10.614
-14.6576
-19.1416
-12.5506
-2.96785
-10.4577
-17.633
-3.29024
-14.3315
-10.8368
-15.2496
-15.5121
-7.76121
-13.5446
-15.522
-14.0483
-11.4207
-13.5779
-14.0923
-26.5346
-12.2526
-11.2261
-8.55845
-15.8503
-7.77015
-8.95741
-8.49873
-16.2051
-18.3547
-3.55653
-14.2641
-15.7668
-9.29993
-13.9856
-13.6724
-15.8391
-10.6923
-10.3737
-12.5388
-15.8231
-5.61625
-10.4999
-15.2388
-10.6808
-13.2306
-16.9044
-13.4543
-10.781
-11.7217
-15.0478
-13.5773
-15.6379
-14.8074
-6.44823
-17.5947
-18.0221
-12.7291
-17.7923
-15.6849
-12.8744
-11.2326
-9.88124
-4.66592
-14.2009
-11.5145
-13.3652
-10.7342
-6.30119
-13.8454
-15.2885
-5.40282
-10.4641
-11.5197
-15.4275
-13.5323
-10.3981
-14.5553
-4.08486
-12.7206
-16.3966
-13.7095
-14.5949
-8.36047
-13.9866
-12.9216
-9.87891
-19.0855
-12.1401
-13.9556
-11.6737
-15.7809
-12.5087
-9.04762
-12.3986
-15.5814
-14.4776
-12.934
-15.6649
-11.076
-14.9117
-10.0233
-18.5083
-15.0085
-20.0858
-12.4675
-12.6128
-16.0116
-3.90049
-10.8522
-13.932
-19.7871
-13.1629
-11.6245
-10.5584
-12.2699
-11.5006
-12.378
-9.90153
-15.9096
-12.9304
-10.0217
-12.3767
-8.86412
-11.9389
-11.9275
-11.9576
-0.986765
-8.00233
-15.0951
-14.3158
-7.41792
-11.3568
-13.3716
-9.30844
-7.7116
-7.09751
-14.2378
-15.6378
-3.24729
-17.5654
-8.99614
-9.80836
-10.118
-10.7224
-18.633
-15.9056
-10.1702
-17.9503
-17.6055
-11.8258
-18.8608
-18.2875
-17.9638
-9.98935
-13.4007
-7.86227
-15.7759
-17.0094
-11.472
-14.3537
-10.1376
-6.43306
-15.6612
-9.13482
-9.60085
-9.00125
-15.5229
-4.86465
-18.218
-10.4166
-10.0198
-14.7517
-14.6545
-17.6691
-17.3145
-7.91184
-18.5791
-12.9115
-16.9652
-7.70499
-17.5854
-13.9662
-14.5378
-10.2397
-22.9742
-13.1021
-17.5636
-14.511
-13.2815
-17.4079
-15.6052
-15.9645
-7.55783
-12.2377
-11.9201
-18.3232
-15.8533
-17.7674
-13.4639
-18.5052
-13.6575
-14.9408
-17.8762
-13.9746
-15.0913
-13.9603
-17.9205
-10.9242
-13.1793
-9.82797
-1.11741
-19.4314
-8.14338
-10.1577
-13.4806
-10.2941
-17.6015
-8.23172
-14.6822
-10.2538
-17.2518
-15.3414
-11.6747
-14.682
-8.69214
-7.57352
-14.2288
-14.9276
-11.2322
-9.05575
-14.5444
-21.5198
-7.98238
-15.5184
-12.1494
-13.013
-7.97418
-12.3085
-10.1744
-12.9812
-18.7609
-6.74626
-13.9083
-16.1081
-10.0139
-16.6902
-11.9958
-5.00776
-13.2572
-7.78662
-15.1745
-13.209
-13.4204
-17.4352
-12.7794
-16.89
-10.092
-6.93977
-7.16684
-11.6242
-15.8796
-10.3691
-13.3015
-11.5545
-14.7101
-21.1935
-4.93672
-18.8255
-7.71533
-17.6084
-13.1598
-13.1881
-7.20668
-15.3052
-13.2226
-15.3289
-11.2222
-5.96176
-14.5371
-11.1672
-12.3541
-11.5621
-9.91022
-6.52454
-21.5836
-8.73482
-13.4424
-12.7807
-8.60227
-13.0344
-18.2523
-13.8319
-15.8556
-9.60895
-10.6174
-19.19
-15.6353
-19.6675
-13.7716
-17.1692
-7.34934
-8.7701
-11.8909
-16.3779
-8.09986
-6.04046
-8.81319
-16.8384
-6.42285
-10.094
-9.09464
-12.429
-14.663
-6.53006
-9.2048
-13.4903
-13.4063
-10.578
-15.2262
-7.80227
-10.6761
-11.996
-15.9992
-11.5047
-14.3745
-13.9809
-12.4549
-18.0394
-8.00593
-14.1327
-11.2484
-11.9694
-1.26733
-6.80393
-7.99761
-16.1919
-15.7486
-3.91265
-17.1188
-12.0812
-6.53543
-7.95399
-11.3093
-13.9416
-13.1543
-11.5898
-12.4147
-13.7745
-9.61769
-13.9965
-10.172
-8.78188
-13.217
-10.4898
-10.1983
-13.1902
-13.6635
-6.40195
-17.138
-6.69475
-4.21556
-2.81596
-11.7209
-9.3254
-22.5118
-10.9094
-9.08302
-13.8331
-16.443
-12.9024
-14.558
-8.29339
-16.9112
-12.3521
-12.2574
1.00699
-14.5343
-13.8963
-5.74748
-13.8473
-9.68758
-22.7213
-12.5704
-7.85487
-19.225
-15.8844
-14.5031
-14.7519
-7.8133
-8.07123
-10.2597
-14.5395
-8.4924
-6.84806
-14.242
-9.54295
-12.2358
-9.83095
-9.65624
-20.3252
-12.977
-15.3505
-16.3957
-14.6981
-8.02807
-17.5307
-8.2046
-9.57185
-4.12052
-19.8503
-9.18669
-11.0478
-13.2179
-11.0967
-14.9356
-18.3019
-10.5324
-18.8444
-9.57331
-12.1973
-10.3176
-11.7723
-16.3738
-15.1403
-14.7244
-10.9713
-18.2621
-10.6917
-12.1089
-11.6001
-16.7986
-15.9582
-9.09582
-19.2242
-8.31838
-6.6844
-6.42566
-10.6454
-10.4835
-10.1155
-16.8228
-14.1463
-9.87005
-21.3339
-14.1683
-13.8126
-16.248
-13.776
-14.1874
-16.2881
-9.02056
-11.7596
-10.9933
-9.279
-18.9253
-20.4431
-16.6559
-14.9694
-14.7151
-15.4504
-17.1782
-10.3023
-15.1216
-8.77909
-11.6811
-16.5138
-18.095
-17.0807
-16.1891
-10.9697
-12.7035
-5.49755
-13.1722
-7.58084
-13.552
-12.4573
-13.6533
-10.8303
-9.71468
-7.02615
-13.7387
-8.46461
-9.61962
-12.1597
-8.89345
-8.71899
-16.3946
-15.1008
-18.2468
-12.6149
-8.89415
-12.8675
-18.9297
-14.3973
-8.92245
-15.1239
-13.2251
-9.29282
-14.3013
-17.9799
-8.99821
-11.8948
-11.6883
-10.2003
-14.9659
-11.3835
-12.6145
-7.54461
-11.4749
-12.2142
-14.1591
-16.5673
-15.7016
-13.2421
-8.0762
-14.8861
-11.9217
-4.98044
-9.53288
-4.72197
-13.3873
-14.1878
-9.38624
-11.1002
-22.4041
-10.2619
-13.8556
-15.8957
-10.5565
-13.2907
-7.24668
-16.0897
-13.7331
-7.79618
2.3855
-9.0977
-5.17814
-11.529
-20.1413
-17.6434
-18.0192
-14.507
-17.5469
-6.30782
-11.0351
-9.41917
-19.43
-2.80425
-4.7951
-13.8297
-11.8599
-10.6948
-12.0482
-12.4537
-5.36149
-13.1987
-13.3187
-13.1965
-11.5153
-15.8002
-12.4859
-19.7552
-18.1529
-17.0453
-15.8184
-12.4605
-10.5335
-20.1014
-6.20913
-21.2471
-16.3647
-8.54399
-11.5079
-11.835
-15.2547
-7.72549
-5.24956
-12.6719
-9.00038
-12.5732
-10.2845
-6.5144
-10.263
-13.182
-14.9084
-9.65012
-12.6324
-16.0344
-7.92414
-15.779
-13.9363
-14.612
-12.4789
-11.1884
-11.4233
-8.3784
-17.6963
-15.5746
-10.1727
-7.23694
-17.5789
-11.3667
-11.1556
-17.7904
-17.5083
-12.7593
-17.9521
-12.1114
-8.55875
-3.9181
-6.91847
-8.83797
-10.1288
-14.9939
-14.0102
-6.1969
-10.6364
-15.9822
-17.3656
-11.1214
-15.673
-14.4334
-17.2091
-5.03823
-13.7786
-17.4666
-18.3183
-11.0706
-3.26842
-6.35458
-10.3661
-18.1578
-11.0621
-11.5397
-11.0023
-12.8481
-10.7761
-4.18804
-13.2875
-16.3218
-17.0907
-15.0771
-20.1865
-14.7153
-10.8108
-11.6093
-13.0896
-14.3087
-7.70059
-9.26658
-13.4902
-13.0263
-15.683
-15.929
-15.1898
-1.34877
-15.9123
-7.15521
-14.5031
-9.48524
-14.2072
-11.6613
-10.0714
-15.7102
-15.8602
-8.7981
-12.1536
-14.7092
-14.7624
-8.90663
-16.059
-13.7928
-13.2553
-12.2292
-10.1086
-13.0526
-15.2728
-16.3092
-16.9104
-16.5312
-5.82097
-6.1272
-22.6913
-16.9468
-16.16
-11.1013
-5.9446
-10.4847
-14.3523
-15.1297
-13.8964
-14.8882
-6.79088
-12.5798
-16.4538
-10.6849
-4.14549
-12.5829
-10.3176
-12.6381
-14.1985
-11.4408
-4.27595
-8.31943
-10.9403
-15.9088
-19.834
-11.2764
-19.1378
-11.9248
-11.1024
-11.9177
-14.2415
-13.8436
-20.5931
-15.6797
-16.6221
-15.5758
-9.43726
-15.1537
-17.2369
-4.85215
-11.6066
-17.8428
-11.7501
-11.901
-2.33913
-16.0253
-6.97505
-11.4054
-17.1007
-12.3085
-21.9493
-17.4635
-12.564
-10.0795
-19.7851
-19.5839
-10.6586
-18.3597
-4.10368
-12.8018
-11.0721
-15.8853
-17.9841
-21.1867
-13.8422
-18.4202
-13.6251
-8.36223
-17.389
-5.5783
-8.36007
-18.2254
-12.6274
-10.0281
-12.3359
-14.8909
-11.5982
-18.0141
-18.4548
-17.7009
-16.9466
-4.03689
-14.4994
-15.1707
-7.46792
-14.2874
-7.09913
-14.3432
-10.2553
-13.5219
-8.45389
-8.2076
-15.2809
-7.29478
-10.5379
-15.3028
-12.1612
-4.40269
-11.3414
-12.3417
-18.8035
-10.0387
-12.3587
-13.1322
-15.7207
-21.3987
-12.658
-11.6568
-13.7579
-18.1339
-11.718
-14.407
-11.9593
-14.1202
-10.2148
-9.09709
-14.6929
-10.3087
-6.05234
-15.1243
-14.3292
-14.3347
-13.4633
-9.71546
-9.66971
-11.6813
-9.11455
-16.2851
-13.0282
-19.6298
-17.7603
-13.493
-14.737
-14.4782
-16.5245
-10.7782
-8.36308
-11.1369
-13.1924
-9.40773
-12.6418
-3.5136
-7.26025
-15.2762
-14.0419
-4.86655
-9.51149
-12.8371
-12.3406
-10.9098
-10.2225
-13.4743
-12.09
-7.12926
-6.46989
-15.1353
-13.9215
-13.281
-17.0964
-9.63834
-19.418
-17.2928
-13.0571
-12.4781
-10.3066
-19.9666
-15.2745
-12.2547
-23.2207
-18.0665
-10.2228
-5.9351
-6.31884
-17.1851
-11.7888
-9.23689
-3.2018
-12.8059
-11.1039
-17.0996
-7.01556
-22.2836
-10.5003
-15.1496
-1.58969
-13.9992
-19.8616
-8.26569
-8.22915
-13.8596
-9.14947
-16.0972
1.15038
-14.7102
-12.9781
-13.2194
-7.39281
-9.55966
-22.047
-14.7221
-13.0842
-7.13649
-18.9371
-20.0989
-11.4784
-12.0748
-16.9205
-4.32688
-13.6647
-16.9435
-15.0979
-5.38269
-8.0036
-17.9787
-18.5764
-8.07915
-12.725
-11.3945
-17.0355
-20.8468
-15.3668
-11.6066
-16.6127
-6.80293
-12.7834
-11.0676
-18.2245
-6.06741
-20.2984
-11.426
-14.0409
-17.7619
-7.76258
-14.2405
-9.76134
-21.9173
-17.557
-12.3079
-9.38967
-9.92236
-20.3159
-7.52135
-11.7598
-17.5426
-10.2695
-10.7678
-11.8673
-15.4476
-17.677
-21.6824
-12.7158
-5.72502
-12.3414
-17.8693
-9.74432
-18.6187
-19.9874
-7.62514
-15.5423
-7.24577
-14.9623
-8.89387
-6.4329
-14.9512
-14.0239
-14.3521
-16.0365
-15.5144
-19.2228
-15.9129
-7.88916
-12.7894
-16.7101
-16.421
-15.1609
-9.40867
-12.8012
-12.1587
-17.8455
-12.0336
-10.215
-10.2619
-16.5136
-9.81326
-9.03415
-12.1843
-16.3675
-21.3029
-9.19015
-12.119
-19.92
-16.3748
-9.82728
-13.6076
-15.1219
-15.8574
-19.6517
-7.66213
-13.9837
-10.1683
-18.665
-12.003
-13.7094
-19.6342
-19.7295
-12.6049
-10.3284
-15.4931
-9.16712
-8.56577
-9.20257
-15.4342
-12.6724
-6.31596
-7.5117
-18.0061
-15.6485
-14.9401
-5.11563
-6.01961
-21.1763
-15.2569
-11.0046
-12.6788
-7.20979
-9.53467
-13.0009
-11.5863
-11.6737
-16.0412
-9.11071
-15.3893
-9.33119
-9.86226
-9.94077
-17.6243
-11.5549
-15.2115
-14.5214
-15.5442
-16.1752
-9.45716
-11.4222
-15.9986
-14.6199
-6.89781
-12.802
-16.1695
-17.0131
-11.604
-14.7702
-19.8514
-12.8973
-8.13123
-19.7315
-10.3249
-16.7223
-13.8881
-9.64816
-5.05437
-16.9436
-11.8992
-18.2894
-13.56
-15.1116
-6.01632
-11.383
-7.26269
-14.1125
-12.2941
-17.1286
-18.1697
-12.4873
-15.0295
-14.1875
-15.7849
-19.076
-14.038
-22.895
-9.83189
-17.916
-17.2685
-5.47795
-11.4198
-11.1198
-18.3778
-13.5152
-13.243
-10.7768
-7.16396
-15.3469
-9.82584
-8.30098
-9.00321
-19.0196
-14.7904
-14.2852
-15.8164
-13.5404
-16.0922
-19.7963
-19.9754
-17.6152
-20.5024
-14.2714
-12.447
-6.2013
-7.13093
-13.0665
-15.1757
-12.2828
-13.5189
-14.4401
-16.1426
-10.4947
-12.8195
-11.3137
-14.7836
-15.6211
-16.9206
-7.38544
-11.8132
-12.543
-12.7341
-9.52745
-9.04002
-15.913
-7.3424
-4.97857
-5.7467
-10.0152
-14.3063
-14.1102
-12.2814
-8.2612
-6.16841
-18.3382
-9.89722
-11.5258
-18.8962
-10.4621
-11.2027
-10.7692
-5.61415
-13.8627
-16.6739
-12.3823
-7.41578
-11.7916
-12.6111
-10.7325
-8.03262
-14.5219
-7.36604
-19.0491
-8.58217
-14.771
-11.8745
-11.5877
-10.5119
-19.7767
-13.7094
-19.1458
-16.9118
-13.0392
-12.222
-14.4951
-7.83504
-16.2173
-15.9237
-12.7722
-15.629
-12.3637
-17.1278
-11.5341
-13.3052
-13.4641
-15.7502
-16.0418
-8.70652
-14.3422
-20.4006
-4.34684
-11.6951
-11.9675
-16.7522
-12.6138
-16.9553
-10.4381
-9.56092
-12.6273
-13.7185
-9.50436
-8.05799
-16.3581
-12.6003
-9.97222
-12.8268
-6.85858
-13.7034
-6.58767
-14.2365
-10.7403
-11.5177
-8.02759
-16.4721
-11.7733
-8.97625
-13.0375
-7.5458
-13.242
-7.01913
-7.50292
-11.4808
-16.3148
-20.3052
-14.5851
-9.34226
-14.7688
-13.894
-5.32491
-7.51004
-19.043
-12.938
-17.1426
-8.58083
-4.17735
-6.01731
-8.93707
-9.54582
-13.8168
-9.84672
-16.0797
-16.6846
-14.746
-12.4039
-17.1826
-6.62528
-13.3035
-7.17001
-17.6038
-12.8764
-10.2291
-8.93353
-7.74962
-18.0295
-10.8938
-9.19345
-13.1973
-8.44183
-14.7879
-10.9586
-11.8678
-10.514
-16.7661
-16.0109
-16.5522
-7.4798
-15.0864
-12.3347
-15.2904
-11.5914
-17.7333
-16.086
-13.9145
-18.7753
-18.6492
-12.1599
-14.4514
-16.199
-12.9017
-6.9093
-17.6014
-2.99049
-18.1158
-5.78093
-9.168
-13.7734
-7.03473
-16.7879
-10.474
-17.1716
-15.2111
-7.47505
-7.26585
-20.7652
-14.1785
-10.4788
-15.7348
-16.2756
-6.10721
-18.8418
-13.7004
-10.2284
-13.1351
-13.4241
-15.0041
-1.24742
-19.4461
-15.0856
-15.8903
-19.3457
-15.002
-5.39411
-12.6607
-7.42229
-14.9177
-16.37
-15.9577
-12.4787
-12.5999
-13.031
-9.25489
-17.5397
-6.62986
-20.3985
-13.333
-17.6712
-13.3369
-6.99665
-12.1051
-12.9603
-15.0391
-10.2453
-13.6823
-10.4197
-16.5921
-9.16607
-7.05849
-11.8946
-18.3156
-21.3969
-14.7666
-12.3161
-10.1094
-12.0178
-10.3199
-9.09826
-10.0386
-14.4266
-10.5823
-16.4704
-16.2121
-13.6222
-10.9251
-13.0513
-17.4732
-10.3056
-14.2076
-13.6795
-9.14646
-11.7755
-17.0392
-11.2043
-14.1551
-11.6693
-13.177
-9.41241
-14.5605
-14.2872
-6.78696
-10.0706
-16.2139
-9.63297
-14.2555
-16.7291
-10.4398
-11.6761
-5.10793
-15.9546
-5.156
-10.7139
-11.9761
-15.9338
-14.6512
-13.9002
-14.3745
-17.9486
-15.0933
-8.82987
-4.66277
-18.7082
-16.4543
-9.12338
-9.16144
-13.5929
-13.1923
-7.22467
-5.8558
-19.7665
-4.40716
-10.3491
-9.24752
-13.4209
-11.5055
-2.15048
-10.9678
-10.3775
-19.7206
-12.103
-13.8795
-17.3616
-15.4522
-15.7157
-11.8755
1.18726
-15.3777
-9.18589
-12.888
-13.172
-11.8863
-6.42575
-19.3267
-13.7845
-14.6327
-15.029
-5.51319
-13.8961
-14.0661
-7.75611
-10.1491
-16.4265
-17.2225
-16.8603
-14.248
-14.9414
-8.09984
-6.83381
-10.6475
-9.14691
-10.3633
-15.0724
-13.8851
-13.2027
-17.4845
-11.9994
-14.3182
-4.93798
-8.74748
-8.96947
-7.26914
-18.803
-5.5506
-13.1713
-19.075
-7.19224
-9.81347
-11.1246
-13.3521
-11.0142
-3.67509
-12.006
-7.47869
-10.4153
-6.71754
-16.3771
-17.1972
-17.9676
-10.5538
-4.58739
-17.0213
-18.447
-16.8307
-16.1491
-11.4205
-15.0652
-16.0689
-13.8339
-9.00755
-5.6124
-16.6024
-10.4401
-20.6008
-21.2052
-12.1734
-12.2005
-10.4625
-9.52017
-12.0131
-16.3247
-10.2508
-9.82572
-11.0987
-14.7231
-13.1173
-11.1749
-15.1517
-16.4437
-16.0817
-17.6837
-7.65843
-11.5006
-14.55
-12.0349
-3.04454
-15.1461
-6.79451
-14.2263
-9.6094
-12.5157
-21.582
-8.86637
-14.0493
-10.5879
-9.01921
-11.3202
-9.08787
-1.82262
-9.26682
-10.3028
-9.52216
-9.36551
-16.2285
-14.4638
-17.214
0.359437
-8.84731
-12.5574
-15.2427
-12.1212
-11.9097
-14.4029
-3.85143
-12.1849
-11.1515
-12.4832
-17.1645
-13.29
-19.5883
-6.98511
-17.7864
-13.9578
-14.7757
-16.4927
-12.7917
-20.1695
-6.57931
-18.0587
-7.39618
-11.8909
-12.7508
-18.3379
-6.82954
-15.6597
-16.9444
-13.5581
-9.25515
-11.3599
-9.63487
-18.6786
-14.3336
-7.73035
-4.50885
-12.9404
-12.81
-4.95115
-11.1203
-15.1614
-12.7283
-4.96733
-11.7406
-15.0434
-10.8397
-16.6829
-13.0391
-15.1779
-13.4591
-2.01603
-7.45806
-22.2128
-17.879
-12.0027
-14.8505
-12.8696
-4.98944
-11.6665
-12.3651
