0.872086 0.875295
0.88092 0.883195
0.876267 0.878321
0.875488 0.876468
0.871403 0.866894
0.875789 0.874266
0.870029 0.867449
0.888704 0.897099
0.882698 0.881489
0.881184 0.877387
0.892385 0.888633
0.877542 0.881197
0.884934 0.891938
0.889193 0.888065
0.887987 0.88621
0.882631 0.883232
0.880454 0.876565
0.868144 0.873466
0.877643 0.880744
0.881528 0.877533
0.884202 0.887422
0.883246 0.884922
0.882016 0.883894
0.887963 0.891221
0.885935 0.887345
0.887541 0.888451
0.88157 0.884144
0.885452 0.886735
0.884404 0.889266
0.87538 0.87207
0.875719 0.881766
0.882527 0.884106
0.88085 0.88651
0.887298 0.883149
0.880947 0.879152
0.879431 0.880073
0.882413 0.883907
0.898169 0.898035
0.897827 0.897073
0.878334 0.877299
0.892217 0.890311
0.890154 0.889248
0.887245 0.888883
0.880961 0.883557
0.874383 0.871649
0.895246 0.89817
0.89214 0.890575
0.893435 0.892367
0.898507 0.899026
0.898477 0.89999
0.898478 0.895294
0.890502 0.892374
0.884627 0.879461
0.894973 0.895153
0.890026 0.892133
0.89232 0.892789
0.898527 0.900574
0.889221 0.889581
0.889054 0.889324
0.884701 0.882488
0.875408 0.872478
0.876754 0.878621
0.878185 0.882398
0.872369 0.873394
0.885766 0.882816
0.880116 0.882143
0.871471 0.869122
0.858981 0.860261
0.865063 0.867028
0.861852 0.862129
0.857111 0.857692
0.855737 0.853564
0.856023 0.857365
0.849418 0.852234
0.84338 0.845249
0.842876 0.845003
0.846437 0.840326
0.860156 0.858133
0.853432 0.851697
0.853581 0.853532
0.854526 0.846309
0.848127 0.845371
0.853031 0.849803
0.854342 0.853229
0.848074 0.851556
0.835485 0.836997
0.850541 0.848769
0.8585 0.850629
0.862903 0.868374
0.859903 0.861503
0.853439 0.856126
0.843027 0.841954
0.841643 0.837458
0.832669 0.838047
0.839386 0.839779
0.833063 0.835211
0.853413 0.849427
0.85083 0.852714
0.839809 0.836903
0.824756 0.822627
0.838474 0.84021
0.850931 0.851378
0.845864 0.850358
0.847451 0.850057
0.847627 0.84393
0.853737 0.849679
0.862074 0.859436
0.843319 0.843539
0.853318 0.856318
0.84399 0.844019
0.846568 0.850531
0.84895 0.851436
0.856265 0.855874
0.850671 0.851435
0.857281 0.859194
0.854522 0.854174
0.861717 0.86347
0.852198 0.857889
0.85514 0.857598
0.858246 0.86318
0.858274 0.858784
0.863966 0.869407
0.87272 0.872504
0.873191 0.876387
0.859515 0.864242
0.880151 0.876737
0.858708 0.855122
0.8562 0.85954
0.862397 0.864607
0.861138 0.863815
0.862333 0.868046
0.865677 0.865155
0.860446 0.854794
0.865 0.866471
0.872928 0.874891
0.8713 0.872197
0.85658 0.853348
0.857752 0.864831
0.872335 0.871888
0.870293 0.874853
0.871273 0.875491
0.872786 0.872078
0.873784 0.871732
0.880453 0.879278
0.871036 0.869397
0.864441 0.867066
0.87095 0.873737
0.865618 0.863011
0.855699 0.850114
0.849911 0.851617
0.859878 0.854337
0.865154 0.869047
0.869131 0.867241
0.867179 0.862727
0.876571 0.876381
0.872765 0.867328
0.874612 0.868818
0.875817 0.877543
0.889405 0.891028
0.894322 0.894752
0.881599 0.880497
0.892023 0.889966
0.881956 0.880801
0.891314 0.890507
0.884879 0.883991
0.890336 0.887527
0.889678 0.888394
0.893199 0.893445
0.895526 0.893192
0.885269 0.882201
0.88159 0.880952
0.886079 0.886495
0.887608 0.890379
0.893607 0.89099
0.890007 0.886847
0.898698 0.894499
0.899735 0.894887
0.892604 0.895891
0.890443 0.893233
0.892072 0.886312
0.876832 0.878639
0.875019 0.869951
0.890298 0.886261
0.880939 0.885283
0.893367 0.892191
0.888307 0.890975
0.889195 0.887485
0.884335 0.883981
0.87379 0.873963
0.889926 0.890581
0.896687 0.897942
0.886703 0.888029
0.881804 0.882911
0.88299 0.877924
0.874903 0.873617
0.873404 0.871183
0.871493 0.870295
0.875096 0.875856
0.877508 0.87534
0.884461 0.879995
0.877224 0.880552
0.875104 0.878865
0.887361 0.889674
0.87743 0.881338
0.871576 0.865339
0.865429 0.862745
0.863521 0.860957
0.864599 0.866799
0.865201 0.867971
0.866804 0.865658
0.869281 0.868994
0.878023 0.877071
0.875639 0.8805
0.88221 0.876041
0.877649 0.880238
0.869048 0.86871
0.864263 0.867398
0.877134 0.875851
0.864976 0.865373
0.852343 0.854632
0.854019 0.857817
0.866 0.866705
0.859638 0.858167
0.863312 0.861322
0.872744 0.867178
0.862619 0.860756
0.855222 0.854534
0.868878 0.873041
0.874434 0.87759
0.878372 0.877249
0.872374 0.868023
0.872526 0.873668
0.879854 0.870409
0.877732 0.877759
0.891016 0.890881
0.863532 0.861168
0.849977 0.845896
0.855449 0.851556
0.86893 0.870284
0.875174 0.876298
0.875478 0.876978
0.867859 0.875472
0.877787 0.878694
0.881613 0.879633
0.872275 0.872687
0.860354 0.863713
0.861072 0.85829
0.862456 0.862602
0.879905 0.877629
0.882097 0.882782
0.886824 0.884452
0.878747 0.879358
0.888981 0.885065
0.887049 0.882393
0.872869 0.871759
0.885138 0.883433
0.877256 0.876815
0.87497 0.871604
0.876208 0.8732
0.867416 0.869488
0.865843 0.870499
0.868807 0.86682
0.86567 0.864029
0.860196 0.858791
0.883091 0.882789
0.894277 0.8925
0.889959 0.892739
0.896892 0.897631
0.90651 0.905809
0.896909 0.901751
0.89686 0.894378
0.877397 0.877246
0.887815 0.887353
0.881662 0.881702
0.875799 0.871639
0.87176 0.869926
0.878844 0.876542
0.887019 0.886232
0.88363 0.883821
0.873686 0.873192
0.87378 0.874729
0.875323 0.87724
0.882484 0.882603
0.878542 0.874202
0.874216 0.874415
0.861503 0.862976
0.855903 0.858079
0.854342 0.852489
0.863424 0.864093
0.859146 0.858864
0.86035 0.859446
0.85862 0.864133
0.862659 0.861845
0.861386 0.859265
0.866991 0.863901
0.859093 0.853987
0.845984 0.853691
0.854263 0.85755
0.859888 0.86325
0.863883 0.86806
0.867214 0.866613
0.864226 0.869598
0.867908 0.867691
0.8737 0.87374
0.876125 0.874081
0.87722 0.876786
0.87137 0.876964
0.884581 0.888095
0.877559 0.877546
0.859822 0.865202
0.849213 0.850469
0.845985 0.844374
0.835305 0.836264
0.839847 0.84174
0.845617 0.846589
0.846773 0.848682
0.86027 0.855482
0.871351 0.870991
0.852098 0.857707
0.858361 0.858324
0.84688 0.846311
0.846704 0.847775
0.852359 0.848285
0.850749 0.84462
0.851792 0.853755
0.8513 0.856075
0.86274 0.866653
0.865223 0.870087
0.856659 0.857175
0.868874 0.86767
0.873794 0.873392
0.875317 0.875862
0.874274 0.868345
0.862198 0.858812
0.845151 0.846802
0.848625 0.851387
0.85143 0.847745
0.844235 0.845087
0.853003 0.851224
0.85922 0.854167
0.843249 0.843227
0.843831 0.842516
0.845144 0.851013
0.837365 0.842362
0.853961 0.858086
0.86558 0.861351
0.856335 0.857394
0.865026 0.865322
0.872954 0.872147
0.86762 0.865246
0.881736 0.882929
0.870969 0.872473
0.884438 0.884201
0.877571 0.873574
0.874917 0.871922
0.867219 0.862355
0.871798 0.871978
0.884962 0.880673
0.872835 0.875672
0.864885 0.868158
0.870386 0.867963
0.862944 0.860073
0.865373 0.869459
0.884909 0.884017
0.871705 0.875522
0.88017 0.873017
0.876165 0.874224
0.872414 0.871185
0.880745 0.882966
0.882756 0.882857
0.879149 0.8813
0.869858 0.86578
0.871652 0.874877
0.870418 0.870816
0.882747 0.87635
0.877643 0.875045
0.871516 0.872082
0.862163 0.864651
0.872957 0.869416
0.872054 0.867051
0.863863 0.862838
0.871023 0.871344
0.883141 0.88408
0.883584 0.887559
0.885665 0.886216
0.885085 0.884073
0.897247 0.899267
0.884814 0.883528
0.887217 0.888762
0.88856 0.891092
0.896736 0.897265
0.895156 0.89738
0.891359 0.889596
0.877849 0.875623
0.871891 0.870336
0.872756 0.871191
0.863682 0.866175
0.864452 0.858874
0.846127 0.844909
0.867456 0.866876
0.857184 0.855444
0.86442 0.866294
0.870619 0.870853
0.875134 0.872701
0.866161 0.86338
0.864781 0.8646
0.850665 0.856629
0.853982 0.849061
0.856372 0.856838
0.850123 0.850319
0.832842 0.825142
0.837585 0.835832
0.829293 0.829926
0.830562 0.836942
0.837501 0.838028
0.842106 0.838086
0.833716 0.835167
0.841206 0.847601
0.820319 0.822609
0.817176 0.819475
0.826124 0.828839
0.849265 0.848184
0.840271 0.845175
0.836259 0.841611
0.83448 0.842371
0.843265 0.843203
0.849116 0.842864
0.861608 0.861353
0.871292 0.870015
0.865834 0.860297
0.856096 0.857945
0.851307 0.853159
0.862629 0.859808
0.876993 0.879977
0.879734 0.881372
0.877712 0.878987
0.868895 0.866733
0.869766 0.865486
0.867297 0.873526
0.879687 0.878791
0.875642 0.875912
0.880881 0.88172
0.881276 0.878878
0.875936 0.872973
0.868152 0.872031
0.864534 0.864308
0.863963 0.867981
0.863408 0.864242
0.872335 0.86805
0.870159 0.869395
0.873596 0.878158
0.870837 0.871713
0.875439 0.876058
0.878133 0.877745
0.871329 0.876783
0.87768 0.879183
0.869934 0.872128
0.872308 0.870593
0.867669 0.86741
0.854471 0.856008
0.876877 0.873869
0.856424 0.858232
0.862336 0.860664
0.86444 0.860439
0.857916 0.856101
0.874889 0.874503
0.87323 0.873773
0.878456 0.875539
0.88215 0.883038
0.870635 0.875288
0.871597 0.867717
0.869731 0.86558
0.883339 0.885286
0.868198 0.871789
0.872333 0.86749
0.853564 0.851614
0.870983 0.865447
0.864534 0.862715
0.880504 0.877773
0.874784 0.877437
0.887196 0.885035
0.886339 0.889528
0.88532 0.884894
0.875634 0.871703
0.873833 0.876801
0.870738 0.87049
0.867093 0.868715
0.864077 0.855537
0.855949 0.851617
0.851995 0.849892
0.876149 0.877618
0.876557 0.873863
0.885217 0.878659
0.882423 0.878067
0.883181 0.878654
0.879225 0.882008
0.870696 0.872816
0.880373 0.877079
0.885642 0.881947
0.887909 0.886896
0.886098 0.882671
0.88865 0.891004
0.887497 0.892244
0.89307 0.891946
0.888011 0.888371
0.88301 0.888035
0.870211 0.872166
0.88223 0.885961
0.880873 0.882657
0.893412 0.891906
0.893151 0.894326
0.879671 0.882051
0.897394 0.898747
0.897351 0.893251
0.900226 0.904892
0.904995 0.905429
0.906149 0.907703
0.891152 0.893238
0.886603 0.885586
0.884848 0.883028
0.888331 0.881611
0.885958 0.889332
0.879534 0.881447
0.88089 0.882291
0.879594 0.884613
0.881221 0.880653
0.871652 0.87588
0.8659 0.862358
0.87786 0.875702
0.858915 0.857076
0.84839 0.853277
0.848303 0.848528
0.854805 0.853834
0.845613 0.845172
0.846833 0.841824
0.842647 0.84354
0.865196 0.863452
0.865075 0.866621
0.85489 0.85407
0.851201 0.848481
0.850545 0.845049
0.860741 0.863452
0.86664 0.865839
0.868457 0.867804
0.853899 0.851646
0.867489 0.866092
0.870759 0.866389
0.85777 0.857701
0.853659 0.854413
0.840815 0.841641
0.845195 0.844487
0.852862 0.854721
0.863369 0.86166
0.860825 0.864831
0.868292 0.86565
0.859324 0.86319
0.872392 0.869544
0.854827 0.855182
0.853967 0.853746
0.861749 0.86658
0.865465 0.862908
0.865224 0.864124
0.874532 0.873355
0.85519 0.857286
0.861156 0.86016
0.858939 0.862181
0.867549 0.862411
0.864974 0.861649
0.863397 0.861464
0.869447 0.871229
0.8688 0.871344
0.852565 0.852502
0.852039 0.848975
0.856584 0.858855
0.843061 0.838967
0.850546 0.851309
0.855526 0.851782
0.859456 0.858733
0.864679 0.859559
0.867135 0.865069
0.863718 0.863067
0.856078 0.855988
0.851746 0.851252
0.848756 0.850682
0.861797 0.861171
0.861863 0.858545
0.866394 0.867133
0.868115 0.861096
0.85399 0.860017
0.864442 0.863129
0.854956 0.857058
0.8571 0.8566
0.853468 0.853602
0.855105 0.851095
0.843923 0.842022
0.831867 0.837188
0.823819 0.822117
0.832339 0.827995
0.834259 0.833404
0.828948 0.826088
0.820815 0.821869
0.829044 0.827696
0.839403 0.837184
0.841649 0.846412
0.86264 0.859495
0.866903 0.864517
0.861489 0.861039
0.874936 0.881597
0.883422 0.881647
0.870649 0.865194
0.871471 0.871144
0.857084 0.853305
0.882195 0.88126
0.875975 0.874403
0.870524 0.86917
0.88371 0.883092
0.878032 0.872789
0.874016 0.870879
0.869093 0.868231
0.889655 0.888612
0.894189 0.89866
0.884729 0.878276
0.880217 0.881437
0.883376 0.879814
0.878863 0.883729
0.879292 0.880997
0.879658 0.880614
0.885619 0.889676
0.888171 0.885817
0.870506 0.87229
0.877345 0.881349
0.868525 0.868132
0.874926 0.869353
0.868752 0.87532
0.872619 0.875741
0.879684 0.880811
0.875844 0.876208
0.880323 0.883516
0.888035 0.883082
0.86142 0.861318
0.861472 0.862179
0.863953 0.859651
0.863287 0.861745
0.868847 0.8741
0.861397 0.858181
0.859559 0.861574
0.883386 0.88007
0.88283 0.882987
0.888128 0.892947
0.885825 0.887869
0.897605 0.896946
0.899517 0.902127
0.895306 0.896398
0.885237 0.887949
0.864981 0.867119
0.868166 0.870967
0.856094 0.859969
0.841345 0.842667
0.836947 0.836403
0.831349 0.831676
0.848779 0.85364
0.844536 0.846617
0.843521 0.853413
0.859297 0.862397
0.847306 0.851597
0.841191 0.843796
0.840673 0.842041
0.849987 0.849583
0.853609 0.857645
0.846318 0.850525
0.834081 0.830893
0.830692 0.834208
0.840751 0.841158
0.839439 0.841598
0.843518 0.840784
0.853477 0.852131
0.840712 0.845139
0.848088 0.844381
0.82001 0.820762
0.832117 0.832509
0.816759 0.817877
0.820636 0.812509
0.824785 0.822051
0.813215 0.811936
0.82255 0.81818
0.821719 0.824084
0.82367 0.824859
0.832013 0.826194
0.84261 0.835805
0.84904 0.851977
0.859129 0.857531
0.861179 0.859453
0.8732 0.872488
0.873233 0.872095
0.879093 0.876261
0.876538 0.876383
0.866952 0.867958
0.882981 0.882839
0.881799 0.879955
0.889051 0.883382
0.890282 0.890537
0.897436 0.900157
0.884388 0.888406
0.883362 0.889147
0.877797 0.877921
0.877135 0.874769
0.872972 0.870264
0.876169 0.875168
0.882627 0.879804
0.873806 0.874321
0.877311 0.874387
0.86599 0.86576
0.87508 0.875967
0.872364 0.871587
0.8736 0.872952
0.880962 0.87486
0.872625 0.876698
0.859466 0.858951
0.849838 0.853964
0.862465 0.863429
0.863469 0.86855
0.875028 0.877603
0.871804 0.872834
0.866197 0.863325
0.86054 0.857642
0.86253 0.864534
0.857247 0.860921
0.85416 0.862063
0.867667 0.861319
0.859207 0.861387
0.87171 0.87447
0.864691 0.868091
0.873276 0.872685
0.871669 0.86974
0.854759 0.853922
0.852486 0.856471
0.87404 0.872759
0.874537 0.873987
0.859205 0.859707
0.861292 0.858963
0.858421 0.856948
0.854303 0.854026
0.85969 0.865444
0.860645 0.859084
0.872187 0.8734
0.874216 0.878983
0.883332 0.885721
0.87653 0.88008
0.873041 0.870461
0.882684 0.882261
0.879726 0.882785
0.886316 0.885915
0.877089 0.877929
0.870408 0.875409
0.871376 0.869522
0.876152 0.873739
0.877315 0.879539
0.880577 0.882911
0.864954 0.866121
0.855979 0.855086
0.85938 0.86569
0.861783 0.86269
0.862056 0.863882
0.870036 0.872745
0.871922 0.871837
0.867483 0.866344
0.860493 0.860174
0.862605 0.861322
0.857557 0.861063
0.860086 0.85743
0.863341 0.865212
0.87701 0.875633
0.884316 0.881065
0.884863 0.880488
0.89102 0.891618
0.892586 0.893825
0.882876 0.877263
0.886791 0.887523
0.898024 0.896938
0.892961 0.896439
0.888408 0.886643
0.887791 0.885908
0.891038 0.885797
0.89093 0.889565
0.890315 0.887754
0.896828 0.899624
0.886222 0.891648
0.879176 0.882198
0.883786 0.879979
0.878491 0.877888
0.879909 0.881795
0.883926 0.879693
0.872329 0.875354
0.881782 0.883896
0.88858 0.890774
0.893451 0.893971
0.889161 0.886603
0.895672 0.890901
0.90081 0.898748
0.893138 0.89111
0.887307 0.886806
0.89487 0.896473
0.894725 0.895942
0.892264 0.89109
0.882635 0.878097
0.886904 0.889448
0.885685 0.891194
0.890826 0.888576
0.889623 0.889428
0.894128 0.891226
0.883863 0.881852
0.880675 0.880513
0.881244 0.877081
0.880505 0.879577
0.877605 0.87484
0.878137 0.877182
0.884873 0.883895
0.876506 0.876082
0.87625 0.881542
0.875128 0.875731
0.870763 0.875683
0.872099 0.872012
0.877067 0.876181
0.877817 0.871555
0.869895 0.868115
0.873913 0.874002
0.868534 0.869006
0.871775 0.869765
0.865695 0.868463
0.872488 0.875745
0.880826 0.884443
0.882454 0.878918
0.879998 0.880474
0.868467 0.87127
0.86517 0.865403
0.872302 0.875924
0.869743 0.871464
0.883875 0.886749
0.879438 0.884765
0.881511 0.882991
0.867084 0.863654
0.859707 0.855347
0.86034 0.859299
0.86675 0.865487
0.856541 0.859598
0.868671 0.866381
0.850534 0.848755
0.855185 0.856644
0.870637 0.872078
0.877465 0.877718
0.87274 0.872355
0.888962 0.891616
0.883369 0.885415
0.881829 0.884257
0.86952 0.872887
0.877305 0.877953
0.87432 0.87197
0.872436 0.871091
0.88161 0.887671
0.887816 0.886708
0.882599 0.882963
0.880099 0.880866
0.878874 0.877382
0.882204 0.880014
0.862594 0.864531
0.875133 0.877288
0.875382 0.868592
0.872341 0.866662
0.870884 0.867325
0.875928 0.876401
0.883121 0.884975
0.879741 0.882553
0.887492 0.886201
0.892614 0.887868
0.878537 0.872851
0.865502 0.86681
0.863943 0.864144
0.873543 0.867496
0.878298 0.874008
0.885345 0.880793
0.883554 0.885046
0.870968 0.864209
0.876409 0.874276
0.886311 0.882799
0.881828 0.883196
0.889883 0.889922
0.897785 0.898811
0.900387 0.901039
0.894253 0.895984
0.88813 0.886463
0.887838 0.890427
0.886604 0.888623
0.873216 0.876547
0.878535 0.877593
0.885932 0.885578
0.875542 0.870914
0.870663 0.870495
0.875975 0.882364
0.870435 0.871487
0.880884 0.879439
0.891641 0.886934
0.885064 0.887275
0.894275 0.892339
0.889768 0.885509
0.890062 0.894115
0.885492 0.88669
0.881494 0.880909
0.882973 0.883747
0.883217 0.887384
0.882569 0.880413
0.86757 0.872577
0.873606 0.874331
0.86982 0.870366
0.868466 0.865791
0.874564 0.870384
0.876624 0.870865
0.869809 0.864987
0.869206 0.870991
0.878037 0.87302
0.87859 0.879216
0.878641 0.881087
0.868039 0.873074
0.873862 0.866155
0.881048 0.877267
0.882002 0.881726
0.891594 0.887105
0.890546 0.890203
0.889579 0.89149
0.897342 0.894849
0.895752 0.890251
0.890529 0.889761
0.885554 0.880568
0.878946 0.877709
0.879329 0.877644
0.878911 0.87575
0.886119 0.887021
0.875107 0.874843
0.879351 0.874439
0.881921 0.882953
0.880175 0.880414
0.871926 0.870936
0.874266 0.87587
0.867591 0.867499
0.867114 0.861637
0.863323 0.858782
0.849749 0.840672
0.858546 0.854363
0.860368 0.859111
0.870217 0.873057
0.863581 0.863923
0.859308 0.857991
0.865955 0.873057
0.86599 0.87066
0.84868 0.852321
0.85972 0.858124
0.871555 0.871132
0.880157 0.880494
0.86406 0.865087
0.856642 0.857937
0.856169 0.851811
0.856798 0.855416
0.848974 0.8515
0.854104 0.860656
0.849377 0.85726
0.855865 0.858043
0.854431 0.857167
0.857797 0.857874
0.843781 0.843504
0.850083 0.850995
0.832975 0.835708
0.8237 0.829503
0.827871 0.823337
0.843363 0.83757
0.838413 0.840807
0.849471 0.847125
0.862208 0.858674
0.86306 0.855877
0.863799 0.865279
0.855105 0.858663
0.853028 0.853323
0.854493 0.85537
0.845175 0.841651
0.855058 0.856825
0.847905 0.848163
0.859781 0.868773
0.867481 0.871599
0.860584 0.860972
0.846373 0.844982
0.864179 0.862528
0.867352 0.867138
0.846604 0.852886
0.854028 0.852987
0.858011 0.855954
0.85588 0.863689
0.859454 0.857973
0.860893 0.860058
0.844839 0.8501
0.84287 0.840677
0.837637 0.839683
0.833487 0.83536
0.839287 0.839008
0.833019 0.832957
0.817739 0.825672
0.827874 0.829573
0.841121 0.838169
0.841666 0.841984
0.831035 0.838169
0.84076 0.840188
0.825882 0.826776
0.819901 0.823742
0.828724 0.834528
0.827074 0.828561
0.830482 0.83083
0.850387 0.84807
0.850995 0.842131
0.856572 0.855141
0.856337 0.853707
0.85323 0.849169
0.852501 0.852897
0.850632 0.849435
0.85601 0.857278
0.860666 0.862828
0.858022 0.855451
0.848466 0.845712
0.853973 0.855744
0.841627 0.847683
0.832609 0.835555
0.842176 0.843909
0.857411 0.854216
0.853479 0.860915
0.857728 0.857805
0.871829 0.869655
0.871808 0.879921
0.885518 0.887132
0.876027 0.881484
0.879288 0.874875
0.882359 0.874137
0.877464 0.876179
0.892018 0.896067
0.89462 0.891994
0.893867 0.891672
0.89225 0.893954
0.886533 0.884949
0.886803 0.886708
0.89377 0.894852
0.901707 0.89944
0.89492 0.89469
0.884592 0.882659
0.893832 0.894396
0.887789 0.880157
0.887345 0.878095
0.873319 0.871645
0.860773 0.859886
0.856447 0.858096
0.866964 0.86545
0.87649 0.879651
0.875166 0.872431
0.868371 0.868689
0.871343 0.870065
0.878794 0.879947
0.881961 0.877371
0.880561 0.881116
0.874041 0.872027
0.881997 0.883333
0.876856 0.880823
0.866401 0.863584
0.866433 0.866162
0.866492 0.866433
0.865975 0.866965
0.885285 0.887762
0.86641 0.870751
0.874333 0.876426
0.866873 0.869149
0.877977 0.879079
0.880904 0.880143
0.868247 0.868661
0.877576 0.880748
0.869222 0.868447
0.878281 0.883669
0.869631 0.874612
0.851631 0.855488
0.859416 0.855773
0.856871 0.858115
0.877157 0.876438
0.865639 0.859692
0.870786 0.865202
0.877596 0.880252
0.879691 0.880756
0.86956 0.869777
0.873937 0.877464
0.883774 0.884353
0.888343 0.886783
0.875024 0.878613
0.877903 0.878502
0.887049 0.887914
0.877311 0.882302
0.877989 0.879952
0.89491 0.895752
0.888787 0.890782
0.881448 0.881743
0.879475 0.878902
0.881107 0.883647
0.882478 0.882824
0.870386 0.868246
0.857483 0.855486
0.842811 0.84265
0.873548 0.87231
0.85888 0.863651
0.855443 0.858473
0.855569 0.856046
0.856405 0.856118
0.868694 0.872563
0.867249 0.871337
0.858971 0.861425
0.859404 0.86492
0.863276 0.85707
0.839288 0.841392
0.841273 0.842415
0.842834 0.845008
0.845446 0.841887
0.855059 0.854566
0.850723 0.84855
0.858263 0.853898
0.861453 0.853527
0.864012 0.864435
0.858606 0.854639
0.847506 0.852104
0.835323 0.837514
0.829893 0.833842
0.840807 0.847693
0.848182 0.84313
0.846811 0.849533
0.868304 0.866537
0.8682 0.870764
0.85788 0.857755
0.858315 0.858078
0.859763 0.862694
0.850677 0.853903
0.859701 0.86011
0.853351 0.860436
0.83918 0.842057
0.840504 0.834148
0.8484 0.845693
0.849656 0.845408
0.846537 0.843487
0.849916 0.843787
0.854695 0.845713
0.851839 0.850994
0.84473 0.845453
0.849912 0.855125
0.85951 0.868474
0.865962 0.86253
0.861378 0.863771
0.86641 0.864353
0.857425 0.85424
0.869859 0.867986
0.86324 0.859813
0.85116 0.849356
0.859489 0.856669
0.858729 0.861795
0.864652 0.85994
0.854591 0.85138
0.854331 0.857988
0.8492 0.853968
0.861879 0.866339
0.853586 0.857513
0.845907 0.850943
0.84237 0.850256
0.855581 0.859088
0.865945 0.87199
0.859682 0.865372
0.850703 0.848476
0.853284 0.850275
0.857342 0.863829
0.860683 0.860124
0.848208 0.852704
0.861127 0.863043
0.839608 0.844001
0.839963 0.840571
0.836825 0.837673
0.851464 0.849672
0.838456 0.846568
0.829703 0.835555
0.828136 0.829508
0.844715 0.844312
0.838559 0.839486
0.832231 0.827077
0.837779 0.834155
0.827161 0.826697
0.836107 0.833586
0.822202 0.818268
0.820023 0.816826
0.809519 0.804882
0.80573 0.808634
0.821101 0.831644
0.821952 0.822924
0.824719 0.831835
0.826329 0.826304
0.840108 0.842092
0.840251 0.838979
0.837275 0.841789
0.829871 0.825898
0.81964 0.820388
0.825818 0.827764
0.822727 0.823819
0.824846 0.823098
0.834492 0.836913
0.840753 0.843337
0.836924 0.836753
0.83339 0.828941
0.811306 0.811884
0.804701 0.805054
0.795304 0.799456
0.813111 0.813626
0.825101 0.824911
0.816716 0.818706
0.825377 0.822009
0.822861 0.828753
0.843003 0.841386
0.828961 0.828258
0.835306 0.835012
0.828447 0.827473
0.840702 0.83817
0.841742 0.841042
0.843397 0.837278
0.839442 0.841886
0.837059 0.838254
0.838994 0.829332
0.85071 0.851056
0.857865 0.857624
0.852413 0.849592
0.849699 0.853121
0.852842 0.852838
0.855458 0.85893
0.859959 0.855099
0.863666 0.864808
0.853253 0.855625
0.851976 0.855418
0.838256 0.831408
0.839311 0.844266
0.851983 0.85383
0.870373 0.869383
0.870086 0.875084
0.868758 0.869704
0.862983 0.863289
0.843304 0.845089
0.83527 0.839738
0.841388 0.838185
0.852583 0.855073
0.854797 0.858207
0.852133 0.850282
0.850866 0.850515
0.866818 0.866551
0.874128 0.872299
0.881278 0.87843
0.879934 0.882046
0.884224 0.883521
0.88716 0.887075
0.888294 0.885198
0.881029 0.878383
0.87364 0.875248
0.882999 0.886933
0.880918 0.880404
0.882292 0.879339
0.880749 0.878069
0.879432 0.877622
0.881477 0.881848
0.881381 0.883508
0.894832 0.894224
0.879484 0.879734
0.890192 0.891342
0.893319 0.895696
0.892365 0.893897
0.88864 0.884206
0.885196 0.888645
0.865413 0.867737
0.872764 0.870142
0.865904 0.865171
0.856796 0.857533
0.863757 0.861386
0.873783 0.872367
0.845312 0.844375
0.84875 0.841199
0.843922 0.84496
0.842973 0.841035
0.848191 0.845601
0.847076 0.852147
0.846351 0.845284
0.831505 0.83278
0.831789 0.833474
0.860822 0.8578
0.857048 0.853342
0.836478 0.832621
0.848753 0.851986
0.844476 0.839804
0.84611 0.843459
0.850381 0.851579
0.843727 0.839123
0.85637 0.854103
0.855283 0.86058
0.858415 0.855784
0.861821 0.866113
0.86345 0.860267
0.846973 0.845052
0.841343 0.840792
0.854906 0.852078
0.829053 0.83463
0.840993 0.835794
0.839883 0.839859
0.826411 0.827129
0.830421 0.82761
0.836595 0.840587
0.847632 0.851987
0.855223 0.856508
0.86679 0.872351
0.859021 0.856046
0.846555 0.848089
0.858737 0.860126
0.872849 0.876312
0.865226 0.865616
0.8559 0.861885
0.862092 0.85839
0.864702 0.864637
0.880043 0.878128
0.880121 0.88248
0.873628 0.873749
0.864777 0.8686
0.868143 0.866597
0.863736 0.867055
0.869308 0.869678
0.867455 0.86745
0.874422 0.874628
0.871471 0.870199
0.862224 0.856618
0.865844 0.862347
0.865186 0.86219
0.860058 0.866265
0.849665 0.849779
0.848396 0.848848
0.841707 0.84044
0.839182 0.842031
0.853696 0.853307
0.870129 0.867707
0.863446 0.859629
0.852634 0.856805
0.860583 0.856774
0.869115 0.87086
0.842761 0.846429
0.834798 0.834659
0.848878 0.84942
0.844764 0.845717
0.856987 0.859389
0.863835 0.860062
0.869966 0.869581
0.882089 0.882734
0.885606 0.882464
0.882517 0.885658
0.876813 0.880531
0.874419 0.883849
0.887784 0.886507
0.881633 0.882349
0.875739 0.868786
0.885439 0.888139
0.884833 0.88561
0.877179 0.872522
0.879574 0.876252
0.871256 0.870963
0.874231 0.87244
0.872508 0.873036
0.890067 0.885548
0.888348 0.887127
0.879843 0.882323
0.879007 0.88128
0.87891 0.880521
0.863117 0.867195
0.862913 0.863917
0.870925 0.86578
0.872254 0.87478
0.871951 0.867705
0.865537 0.870625
0.86795 0.86799
0.871414 0.865896
0.868756 0.873628
0.851056 0.851322
0.86252 0.861306
0.864081 0.866944
0.871566 0.872597
0.869882 0.873295
0.868895 0.869127
0.872788 0.877299
0.861596 0.865258
0.858847 0.861785
0.853654 0.851188
0.857995 0.861348
0.861222 0.857744
0.860181 0.860122
0.867084 0.869563
0.850474 0.850756
0.846404 0.847095
0.850582 0.852665
0.856412 0.857447
0.876624 0.873601
0.881706 0.875797
0.874191 0.870443
0.870756 0.870835
0.875915 0.875906
0.868691 0.864039
0.858425 0.855501
0.856177 0.857301
0.855501 0.860233
0.852863 0.853218
0.860374 0.86501
0.84377 0.846893
0.864882 0.858989
0.862368 0.863057
0.852559 0.858412
0.855887 0.851339
0.874208 0.88028
0.871561 0.873702
0.864215 0.85992
0.865266 0.862291
0.874478 0.872543
0.878469 0.87866
0.880353 0.88208
0.900759 0.898667
0.884075 0.887833
0.877353 0.874577
0.86716 0.863108
0.865867 0.862378
0.870068 0.869865
0.86492 0.864268
0.872615 0.86948
0.862407 0.861579
0.869887 0.867041
0.87058 0.868614
0.856794 0.853796
0.853348 0.849596
0.858055 0.859398
0.861671 0.865351
0.872586 0.87229
0.872427 0.868273
0.872446 0.86836
0.863601 0.864649
0.869041 0.863933
0.86661 0.872044
0.876994 0.874619
0.867405 0.869166
0.880651 0.877012
0.869374 0.874011
0.880238 0.880303
0.866694 0.870243
0.879915 0.883848
0.884878 0.886381
0.886083 0.884809
0.887695 0.893238
0.882553 0.883934
0.882554 0.880041
0.878555 0.881222
0.885336 0.879038
0.890185 0.894188
0.882671 0.881666
0.871805 0.874118
0.870696 0.870701
0.880685 0.878753
0.878015 0.875033
0.870855 0.869785
0.864379 0.862325
0.873324 0.868275
0.858458 0.858806
0.873045 0.871625
0.870199 0.867514
0.865163 0.86713
0.872493 0.872836
0.876842 0.877032
0.888354 0.888312
0.877348 0.87867
0.882595 0.881729
0.875491 0.875717
0.882908 0.881894
0.877356 0.878244
0.882177 0.885951
0.875088 0.877078
0.892811 0.88828
0.88122 0.878342
0.881889 0.880402
0.877863 0.874692
0.881249 0.881824
0.880014 0.884351
0.883007 0.885263
0.885991 0.884058
0.884028 0.884116
0.888675 0.885652
0.884236 0.887003
0.873236 0.869873
0.868886 0.869539
0.866761 0.866553
0.862819 0.864373
0.873349 0.870383
0.854584 0.859329
0.86218 0.860952
0.864071 0.858288
0.868071 0.874736
0.871201 0.873935
0.858224 0.859734
0.871364 0.874679
0.876174 0.878955
0.868733 0.860161
0.870136 0.870582
0.868977 0.871431
0.874734 0.877836
0.882012 0.881108
0.888271 0.88452
0.868956 0.867887
0.87779 0.878945
0.882952 0.883731
0.883591 0.88239
0.88292 0.884398
0.88434 0.884434
0.886955 0.88571
0.882372 0.882847
0.883607 0.881414
0.878928 0.880911
0.878108 0.870685
0.868688 0.867967
0.872597 0.872299
0.887107 0.886363
0.883521 0.882785
0.882378 0.87976
0.886794 0.886935
0.890978 0.895835
0.906277 0.903486
0.90684 0.907586
0.885885 0.88754
0.883946 0.888341
0.881998 0.883786
0.896292 0.897235
0.88863 0.884408
0.886448 0.884557
0.881531 0.878143
0.884271 0.880097
0.886233 0.889826
0.894457 0.896055
0.889684 0.887897
0.893341 0.892958
0.887912 0.887314
0.871437 0.872681
0.871407 0.865958
0.873488 0.876254
0.871368 0.872732
0.868587 0.862545
0.863197 0.861106
0.871507 0.866827
0.877785 0.875563
0.868253 0.867916
0.879674 0.881681
0.872496 0.873027
0.859288 0.860805
0.869702 0.868158
0.868926 0.867693
0.864192 0.859534
0.872253 0.871962
0.88067 0.88522
0.875632 0.880202
0.878543 0.882675
0.881133 0.885759
0.880377 0.88369
0.870265 0.87031
0.868686 0.872472
0.862764 0.862166
0.866186 0.865313
0.86557 0.865078
0.861035 0.861465
0.879775 0.882727
0.879551 0.874893
0.874392 0.87091
0.887446 0.888313
0.879854 0.875567
0.880175 0.88105
0.874943 0.877262
0.88288 0.880355
0.890654 0.889733
0.897037 0.892621
0.893001 0.886766
0.895562 0.896628
0.885568 0.887098
0.893469 0.892831
0.875952 0.869965
0.886217 0.886155
0.893191 0.895969
0.890509 0.891553
0.897728 0.899637
0.896924 0.905138
0.902512 0.903936
0.906951 0.910024
0.906949 0.906565
0.895683 0.897755
0.88852 0.888656
0.89813 0.896666
0.881132 0.878709
0.868075 0.865559
0.876099 0.878867
0.869368 0.874711
0.863492 0.862463
0.864873 0.863619
0.860451 0.861468
0.859514 0.857681
0.862339 0.864158
0.85935 0.855849
0.86803 0.862722
0.862017 0.860619
0.852403 0.849657
0.834045 0.832761
0.849359 0.847994
0.852928 0.85557
0.850458 0.855157
0.855929 0.852176
0.864559 0.865759
0.863591 0.862614
0.855009 0.853642
0.85107 0.850367
0.845405 0.84797
0.863733 0.860314
0.86397 0.860651
0.862774 0.86277
0.883502 0.885667
0.883361 0.881519
0.878135 0.883391
0.878197 0.875696
0.868286 0.865334
0.877341 0.878091
0.863346 0.863646
0.864405 0.86381
0.862271 0.866567
0.86541 0.866018
0.867832 0.86518
0.880733 0.882248
0.878353 0.881288
0.88255 0.880067
0.871421 0.874045
0.872993 0.868822
0.885081 0.883006
0.881405 0.881321
0.880558 0.877589
0.872132 0.873952
0.874645 0.876067
0.873332 0.875338
0.880531 0.882242
0.882073 0.881348
0.873317 0.87375
0.863671 0.862359
0.875215 0.868997
0.868571 0.863718
0.865156 0.860509
0.882216 0.87942
0.869726 0.865411
0.872613 0.873878
0.871234 0.872604
0.877368 0.873612
0.867653 0.868144
0.862981 0.868256
0.873205 0.875101
0.870195 0.873986
0.879284 0.881475
0.869827 0.869337
0.873412 0.875588
0.8736 0.868548
0.859808 0.860511
0.872737 0.871549
0.869607 0.868825
0.870993 0.8734
0.862251 0.861726
0.872613 0.871483
0.869367 0.865961
0.875397 0.87382
0.875099 0.87207
0.863687 0.866903
0.865709 0.86195
0.862615 0.863257
0.863667 0.860685
0.867256 0.866286
0.864259 0.863421
0.888067 0.883165
0.88363 0.882592
0.862722 0.859092
0.877282 0.872412
0.888718 0.886546
0.891236 0.888815
0.903589 0.90267
0.90231 0.904517
0.914731 0.914005
0.91371 0.911286
0.912876 0.91217
0.904462 0.898583
0.898519 0.89216
0.89528 0.893925
0.896805 0.896855
0.90524 0.900873
0.905081 0.897947
0.906913 0.904535
0.899862 0.900649
0.88599 0.884837
0.882527 0.884052
0.883775 0.882831
0.894664 0.895545
0.890475 0.891641
0.887814 0.881981
0.882233 0.881838
0.861545 0.85696
0.869456 0.862961
0.867399 0.870174
0.87277 0.87513
0.87496 0.875567
0.886792 0.885617
0.886204 0.885396
0.888697 0.886358
0.881002 0.88056
0.88365 0.878208
0.872807 0.872123
0.864818 0.861831
0.853684 0.850346
0.84076 0.840924
0.841999 0.842207
0.83467 0.831042
0.842101 0.840348
0.850107 0.851418
0.847537 0.843293
0.84255 0.844704
0.858021 0.854174
0.8546 0.855944
0.856945 0.855804
0.876296 0.875358
0.868516 0.870582
0.879257 0.876109
0.881438 0.880373
0.89182 0.889272
0.893334 0.894435
0.877875 0.884605
0.874529 0.87164
0.87524 0.878017
0.885422 0.886078
0.880735 0.882483
0.874482 0.875461
0.890036 0.891712
0.886543 0.887616
0.892066 0.895922
0.881978 0.883533
0.88499 0.887342
0.877252 0.875174
0.8673 0.866165
0.869766 0.870073
0.871213 0.876914
0.869838 0.870397
0.871 0.870975
0.876602 0.877114
0.868191 0.863768
0.864329 0.863864
0.85346 0.849109
0.86389 0.859534
0.853196 0.852031
0.859532 0.858683
0.848179 0.843311
0.824705 0.825542
0.850446 0.843649
0.864808 0.863777
0.867115 0.863201
0.864284 0.862491
0.872151 0.867506
0.879232 0.877546
0.886402 0.8816
0.878738 0.881563
0.878349 0.877047
0.872584 0.868569
0.866936 0.86528
0.862578 0.854934
0.864698 0.867692
0.867509 0.873526
0.877667 0.873742
0.874247 0.874795
0.888081 0.89458
0.884451 0.88122
0.884134 0.883549
0.879183 0.878506
0.892017 0.890881
0.88985 0.895593
0.893438 0.899905
0.891479 0.892147
0.889626 0.887478
0.878427 0.878821
0.875119 0.875375
0.87677 0.878321
0.862747 0.864278
0.869251 0.870112
0.845935 0.851416
0.852698 0.851095
0.863314 0.86406
0.868771 0.866523
0.873558 0.872837
0.857271 0.860904
0.866722 0.869612
0.854131 0.85479
0.839486 0.846516
0.847801 0.847126
0.852451 0.853753
0.872676 0.868288
0.871995 0.870126
0.866614 0.866745
0.851004 0.852548
0.84072 0.848461
0.856477 0.851747
0.85312 0.846885
0.848834 0.848684
0.845298 0.844248
0.838107 0.839062
0.858218 0.851279
0.873051 0.871775
0.873704 0.873369
0.855977 0.853069
0.862409 0.865262
0.865273 0.86467
0.871268 0.869776
0.859562 0.854811
0.842842 0.834988
0.83839 0.842085
0.843658 0.846292
0.845342 0.845642
0.844995 0.847146
0.84927 0.841241
0.865753 0.867507
0.874321 0.87455
0.875544 0.866441
0.860794 0.859955
0.86462 0.865851
0.868595 0.867073
0.861163 0.858292
0.856619 0.857008
0.859789 0.859135
0.856887 0.852214
0.833576 0.830896
0.856049 0.855942
0.842619 0.843797
0.838301 0.840903
0.856074 0.857272
0.842282 0.84534
0.845281 0.844449
0.861862 0.856239
0.852254 0.854051
0.86544 0.865774
0.853926 0.859577
0.848845 0.848906
0.842134 0.846863
0.843008 0.84271
0.833232 0.837657
0.843675 0.843953
0.855133 0.854026
0.858411 0.860771
0.862772 0.86663
0.858386 0.858657
0.862872 0.861937
0.864683 0.864093
0.864889 0.86716
0.88135 0.881516
0.870714 0.867464
0.865171 0.86554
0.845426 0.839291
0.837677 0.842885
0.852736 0.854593
0.845685 0.842189
0.845577 0.844884
0.850333 0.846855
0.852039 0.855368
0.843545 0.842216
0.844319 0.842352
0.838834 0.847925
0.862556 0.864382
0.853473 0.852888
0.844885 0.851402
0.84543 0.845671
0.859395 0.862684
0.862142 0.862491
0.848567 0.85401
0.833618 0.83225
0.841875 0.842532
0.822226 0.822688
0.842339 0.844462
0.860928 0.859715
0.857267 0.856878
0.862908 0.865403
0.858232 0.859749
0.859206 0.861611
0.874399 0.876236
0.862946 0.866148
0.855608 0.856105
0.864747 0.866299
0.859789 0.863768
0.849873 0.85082
0.850846 0.853246
0.848 0.850665
0.863721 0.860994
0.873086 0.867668
0.869713 0.871485
0.861796 0.870222
0.872375 0.870744
0.864858 0.862798
0.863392 0.862144
0.853012 0.849069
0.848794 0.846693
0.835539 0.831462
0.846895 0.850874
0.853459 0.853393
0.847326 0.846666
0.838188 0.839586
0.842408 0.846469
0.84675 0.846831
0.837879 0.841219
0.847156 0.846202
0.822124 0.827718
0.829673 0.831007
0.83821 0.841762
0.844054 0.848843
0.843945 0.841297
0.814048 0.816719
0.829083 0.832217
0.834185 0.834151
0.843241 0.848372
0.843057 0.839247
0.828948 0.829825
0.821492 0.825741
0.846229 0.8488
0.841179 0.838889
0.824955 0.824453
0.829861 0.829736
0.822244 0.826749
0.825318 0.829149
0.823909 0.822292
0.818344 0.823665
0.81603 0.819496
0.826114 0.820865
0.828314 0.825731
0.822736 0.820993
0.818353 0.814607
0.823493 0.820567
0.829575 0.826571
0.832202 0.829075
0.846306 0.849554
0.855927 0.860469
0.861194 0.865335
0.856007 0.85475
0.862115 0.859861
0.86004 0.861083
0.870345 0.871092
0.851725 0.857779
0.862864 0.864045
0.869471 0.870804
0.862258 0.864928
0.868594 0.868936
0.844466 0.846198
0.853815 0.852296
0.839299 0.840656
0.830887 0.830206
0.843036 0.844075
0.849078 0.844125
0.837989 0.839141
0.837545 0.833753
0.83688 0.8337
0.837816 0.834172
0.825347 0.827261
0.819375 0.825152
0.829577 0.823246
0.832791 0.835302
0.841762 0.840785
0.830838 0.832917
0.811049 0.810567
0.806209 0.810938
0.805809 0.809688
0.81936 0.824936
0.836637 0.835919
0.833882 0.835343
0.826393 0.825041
0.828366 0.827379
0.821525 0.81592
0.813814 0.814658
0.804861 0.800284
0.813071 0.815436
0.808866 0.811389
0.825317 0.826809
0.838608 0.840181
0.835164 0.833437
0.831054 0.826677
0.852303 0.848848
0.846762 0.841183
0.833194 0.830337
0.81699 0.816475
0.828773 0.828773
0.831597 0.827829
0.845028 0.849142
0.852491 0.849831
0.826997 0.826873
0.822399 0.825672
0.818586 0.820049
0.819843 0.814893
0.816128 0.816777
0.81498 0.813267
0.821154 0.816543
0.81863 0.812626
0.809256 0.805367
0.807869 0.798746
0.807331 0.799621
0.785179 0.780732
0.782838 0.776971
0.811218 0.812914
0.817468 0.817874
0.835002 0.831155
0.820294 0.819858
0.818702 0.817751
0.822667 0.82058
0.820398 0.822841
0.837133 0.83074
0.832052 0.83646
0.838367 0.838475
0.837212 0.825116
0.828198 0.830171
0.816322 0.810452
0.815435 0.810955
0.805507 0.806986
0.822076 0.818881
0.832522 0.828853
0.825762 0.827036
0.816761 0.810775
0.826065 0.822048
0.83193 0.827733
0.844346 0.841788
0.862778 0.856339
0.85233 0.846066
0.863578 0.86034
0.869497 0.865989
0.872605 0.869099
0.874781 0.877463
0.88032 0.88371
0.876136 0.878709
0.865382 0.872157
0.874033 0.87829
0.87219 0.871521
0.873052 0.870828
0.880444 0.88159
0.87777 0.874588
0.85227 0.857289
0.851563 0.84931
0.854262 0.857435
0.869622 0.863888
0.861069 0.862835
0.857793 0.862469
0.857282 0.862556
0.868201 0.868216
0.869295 0.871403
0.874749 0.878209
0.870067 0.872422
0.868914 0.869749
0.873973 0.871351
0.861939 0.862891
0.86603 0.867839
0.863866 0.864772
0.871582 0.871492
0.85412 0.849309
0.847217 0.848375
0.869191 0.871979
0.874378 0.87876
0.875174 0.87572
0.873107 0.873923
0.872291 0.872941
0.879241 0.876474
0.869452 0.868346
0.857386 0.868107
0.855416 0.859504
0.857492 0.858727
0.853526 0.853642
0.840626 0.844011
0.826232 0.828135
0.815478 0.823568
0.829933 0.826671
0.826094 0.830055
0.842609 0.841298
0.83055 0.837439
0.841458 0.843042
0.845656 0.847194
0.836486 0.838904
0.819234 0.821453
0.825906 0.837251
0.82942 0.832031
0.834826 0.835101
0.84758 0.843404
0.847157 0.847458
0.847132 0.84589
0.854161 0.857304
0.862417 0.858843
0.860552 0.864911
0.855026 0.855169
0.860247 0.864104
0.857991 0.858213
0.846443 0.847637
0.847462 0.845244
0.860113 0.861406
0.869532 0.864557
0.86163 0.860422
0.859544 0.8658
0.850923 0.848547
0.846968 0.845966
0.859169 0.855854
0.851406 0.848462
0.850799 0.855713
0.857921 0.851316
0.857055 0.855204
0.854313 0.858164
0.858534 0.858545
0.870441 0.8647
0.869593 0.867213
0.869507 0.870796
0.870797 0.86889
0.873486 0.874087
0.846345 0.842923
0.846184 0.846206
0.846042 0.850723
0.825847 0.826854
0.815125 0.814633
0.828289 0.834498
0.835717 0.838078
0.831405 0.830242
0.819742 0.823921
0.818894 0.820813
0.816202 0.819948
0.81279 0.812083
0.834994 0.831696
0.844282 0.840647
0.841681 0.840605
0.835429 0.833887
0.835912 0.834418
0.837698 0.838173
0.837076 0.837041
0.845166 0.840554
0.846702 0.843767
0.847644 0.844798
0.860453 0.858059
0.851604 0.850535
0.844756 0.848578
0.850329 0.84949
0.855162 0.849436
0.854847 0.857601
0.855058 0.858732
0.833501 0.830226
0.837353 0.831053
0.828227 0.831811
0.830494 0.828303
0.85162 0.852189
0.841988 0.843185
0.86159 0.86101
0.863365 0.863136
0.86305 0.866126
0.865922 0.868642
0.871933 0.871954
0.871882 0.867654
0.868364 0.868279
0.858501 0.861319
0.858514 0.861013
0.863238 0.865108
0.857034 0.859567
0.862811 0.864879
0.870012 0.868047
0.86992 0.869348
0.870323 0.868878
0.871283 0.861385
0.859428 0.858175
0.855168 0.851839
0.868431 0.866466
0.866469 0.867147
0.864472 0.8646
0.871831 0.869793
0.858827 0.856336
0.861957 0.862576
0.872579 0.871109
0.868814 0.868463
0.866061 0.870235
0.868584 0.877201
0.870871 0.874155
0.868485 0.869156
0.869525 0.864413
0.862088 0.865441
0.868768 0.863504
0.855252 0.854554
0.849301 0.851657
0.849031 0.852383
0.861269 0.854332
0.861719 0.85637
0.871111 0.868367
0.873186 0.874458
0.867411 0.861805
0.875268 0.872561
0.88218 0.878188
0.886165 0.885051
0.87422 0.876302
0.869051 0.867977
0.880557 0.880438
0.881287 0.880353
0.883313 0.887522
0.884803 0.880707
0.888507 0.885821
0.876526 0.878536
0.884261 0.884183
0.893003 0.893476
0.895205 0.894508
0.89617 0.891783
0.879422 0.872349
0.880316 0.877556
0.862675 0.86087
0.87196 0.868655
0.881847 0.878121
0.87946 0.873625
0.885594 0.882255
0.874704 0.871193
0.86692 0.868184
0.846989 0.846461
0.853145 0.855942
0.87103 0.872857
0.871305 0.868958
0.858878 0.858642
0.860485 0.862438
0.857342 0.858607
0.853598 0.85497
0.871802 0.868531
0.874225 0.878065
0.883783 0.886685
0.876312 0.876158
0.890838 0.886529
0.893465 0.885529
0.879191 0.877969
0.889548 0.889147
0.881866 0.878687
0.869503 0.866906
0.865884 0.860084
0.858353 0.856532
0.852293 0.852409
0.852602 0.856087
0.871387 0.874328
0.878555 0.887232
0.881541 0.879673
0.877974 0.875871
0.883779 0.877673
0.880615 0.885772
0.875579 0.876062
0.884226 0.884832
0.875995 0.881686
0.870362 0.869346
0.861886 0.858535
0.867613 0.868503
0.859631 0.863618
0.87598 0.877775
0.872588 0.868381
0.872189 0.86989
0.877172 0.876052
0.863679 0.861185
0.85525 0.857703
0.853984 0.854773
0.855737 0.855379
0.841062 0.838225
0.851267 0.853917
0.849086 0.850183
0.845871 0.847911
0.854922 0.846497
0.845554 0.851368
0.851618 0.848023
0.84245 0.852102
0.847276 0.845713
0.851262 0.853218
0.851386 0.855172
0.861834 0.860527
0.851961 0.852702
0.851237 0.856734
0.860592 0.862528
0.853928 0.854615
0.851747 0.855872
0.878219 0.878378
0.873778 0.873392
0.84961 0.859652
0.858171 0.853456
0.864691 0.863903
0.861641 0.855455
0.868866 0.873432
0.87366 0.871
0.872137 0.871443
0.857842 0.859798
0.866637 0.861708
0.858759 0.85705
0.851251 0.85043
0.858731 0.856327
0.867784 0.861471
0.863049 0.863475
0.858714 0.863745
0.846871 0.842554
0.835742 0.834937
0.847237 0.846434
0.839293 0.842843
0.848826 0.849529
0.858661 0.859243
0.866055 0.866669
0.872105 0.870503
0.866769 0.86217
0.863183 0.860703
0.858372 0.852924
0.864945 0.865254
0.866982 0.864897
0.861 0.85969
0.85902 0.85966
0.864362 0.862625
0.869142 0.867944
0.864067 0.860061
0.849732 0.848588
0.867504 0.869818
0.8759 0.874514
0.870448 0.865711
0.870496 0.870843
0.864325 0.858919
0.882636 0.87828
0.866119 0.865602
0.868274 0.863469
0.873016 0.873866
0.864354 0.864387
0.865717 0.866615
0.876428 0.882045
0.869892 0.869804
0.863886 0.867399
0.875831 0.871679
0.871377 0.873275
0.868031 0.870009
0.859093 0.864823
0.857446 0.856897
0.85973 0.86128
0.86054 0.864903
0.870992 0.873877
0.86974 0.867052
0.872695 0.870841
0.8694 0.869351
0.877446 0.880668
0.868676 0.870509
0.869547 0.868551
0.868707 0.861074
0.870578 0.864344
0.864741 0.864527
0.862137 0.857483
0.86214 0.867489
0.863029 0.863127
0.860718 0.861285
0.863688 0.863482
0.850656 0.849297
0.869919 0.86494
0.864576 0.863943
0.8531 0.856297
0.848208 0.848274
0.844969 0.841038
0.849014 0.845654
0.841544 0.844583
0.84198 0.843299
0.826582 0.828122
0.833576 0.831687
0.835099 0.843208
0.846054 0.844221
0.857485 0.858393
0.866243 0.869941
0.868318 0.873913
0.866653 0.868789
0.877574 0.874763
0.873447 0.87416
0.879777 0.880413
0.876725 0.87725
0.872586 0.872937
0.868162 0.864175
0.869129 0.864204
0.859669 0.857553
0.879383 0.877076
0.864365 0.862217
0.878922 0.874879
0.886613 0.888351
0.875874 0.880441
0.877984 0.883408
0.891863 0.888013
0.898199 0.896556
0.89199 0.890409
0.88624 0.884872
0.887142 0.881059
0.87427 0.875408
0.872682 0.872251
0.870826 0.870374
0.878908 0.877719
0.880398 0.87743
0.884514 0.88569
0.889753 0.889989
0.892089 0.892287
0.885207 0.883164
0.878462 0.878681
0.881309 0.879877
0.88056 0.88003
0.86993 0.875654
0.86907 0.870221
0.87802 0.876184
0.870191 0.866697
0.86246 0.862266
0.8588 0.866251
0.887639 0.882089
0.883134 0.882766
0.881935 0.888035
0.875054 0.875402
0.879244 0.879802
0.87479 0.874782
0.870828 0.867194
0.86917 0.866773
0.860058 0.861799
0.854184 0.854652
0.855135 0.853736
0.863869 0.861472
0.853596 0.853332
0.874279 0.870385
0.86658 0.874222
0.869327 0.874803
0.858822 0.857619
0.869682 0.868422
0.863641 0.865354
0.855038 0.85594
0.854906 0.853902
0.846668 0.847198
0.849643 0.85651
0.865927 0.867427
0.863295 0.863075
0.871949 0.871796
0.848124 0.851835
0.848849 0.851849
0.863252 0.862522
0.865372 0.857484
0.857212 0.859137
0.859095 0.859527
0.867776 0.866067
0.856672 0.860408
0.861997 0.863486
0.848758 0.852676
0.85724 0.856999
0.851249 0.852243
0.850261 0.855791
0.84972 0.853859
0.862148 0.857007
0.866831 0.867234
0.882155 0.878098
0.891492 0.890763
0.888149 0.888234
0.884287 0.890445
0.887569 0.887306
0.89273 0.891208
0.873018 0.878694
0.885657 0.886868
0.879267 0.881828
0.88126 0.881059
0.861808 0.862023
0.866054 0.861776
0.862417 0.863708
0.86818 0.866448
0.877137 0.880295
0.87745 0.87667
0.86587 0.863913
0.873952 0.870808
0.865928 0.865868
0.851734 0.849093
0.848773 0.843977
0.859219 0.8634
0.860631 0.86267
0.860764 0.859765
0.866032 0.871943
0.870272 0.869188
0.871579 0.868212
0.869972 0.866294
0.867024 0.86574
0.878557 0.877886
0.886887 0.881471
0.886981 0.891254
0.88295 0.883018
0.875253 0.870128
0.86639 0.869549
0.863936 0.865169
0.883565 0.886139
0.878228 0.878474
0.876242 0.878325
0.882843 0.883561
0.869536 0.869871
0.867237 0.861523
0.866744 0.866723
0.860256 0.867685
0.875688 0.874102
0.876203 0.876612
0.870784 0.874083
0.884322 0.884211
0.882148 0.882087
0.887812 0.890315
0.885415 0.888943
0.884775 0.884263
0.887797 0.889133
0.87739 0.876083
0.88966 0.886853
0.889841 0.891723
0.889094 0.883908
0.88709 0.887352
0.889695 0.886775
0.872723 0.870266
0.877676 0.879329
0.886785 0.886252
0.870378 0.868227
0.884069 0.884772
0.873644 0.874477
0.877024 0.877611
0.882348 0.885095
0.883465 0.884405
0.884516 0.888591
0.883711 0.887524
0.877093 0.882263
0.884456 0.881767
0.874583 0.878562
0.868711 0.869517
0.868004 0.868548
0.867053 0.864462
0.861189 0.863078
0.869985 0.865922
0.855258 0.853084
0.862145 0.864361
0.860007 0.857775
0.868982 0.870213
0.884938 0.881129
0.870258 0.867415
0.863242 0.863605
0.875951 0.876963
0.879048 0.880665
0.878298 0.879747
0.876658 0.874345
0.878433 0.87562
0.874539 0.879587
0.871117 0.873575
0.875567 0.871851
0.889382 0.893711
0.8922 0.89571
0.89649 0.892748
0.89242 0.895189
0.887372 0.888368
0.88378 0.883438
0.87373 0.874392
0.876344 0.878206
0.872394 0.876298
0.877714 0.880652
0.884562 0.885347
0.876688 0.877643
0.871099 0.868228
0.855307 0.859634
0.868711 0.868832
0.870862 0.870291
0.868731 0.870987
0.854291 0.855635
0.861914 0.861423
0.85803 0.859697
0.856192 0.855882
0.862692 0.868701
0.877403 0.881745
0.860513 0.863874
0.863733 0.860324
0.871334 0.869786
0.867493 0.865607
0.866459 0.863618
0.870159 0.862736
0.855772 0.851601
0.849816 0.850184
0.847934 0.849812
0.843236 0.844437
0.857679 0.860437
0.847383 0.847853
0.844482 0.845013
0.83556 0.84025
0.838278 0.842653
0.858628 0.855547
0.837819 0.83497
0.841432 0.839969
0.823069 0.829365
0.841129 0.842622
0.851867 0.851701
0.841471 0.840942
0.839785 0.840091
0.849577 0.848996
0.820356 0.824794
0.838782 0.839123
0.841994 0.840636
0.8291 0.823242
0.833867 0.82884
0.834809 0.83536
0.835347 0.832629
0.833743 0.831332
0.843519 0.844485
0.829695 0.831247
0.831408 0.830568
0.836978 0.838753
0.823931 0.826557
0.839287 0.835323
0.843359 0.835547
0.840847 0.839302
0.845431 0.836774
0.838697 0.837625
0.838811 0.838256
0.826119 0.82542
0.823637 0.827933
0.835597 0.83086
0.84542 0.845187
0.828915 0.833595
0.829464 0.832587
0.830882 0.834498
0.842788 0.839776
0.856353 0.851334
0.854486 0.849366
0.866901 0.86646
0.865437 0.866986
0.857518 0.856164
0.864035 0.862628
0.865577 0.868815
0.865267 0.86642
0.863108 0.859049
0.869542 0.872563
0.863149 0.860156
0.862799 0.867006
0.850858 0.847605
0.853426 0.852536
0.869064 0.870583
0.856353 0.855769
0.848152 0.84725
0.849759 0.848957
0.862466 0.861323
0.861565 0.862076
0.861516 0.857353
0.8628 0.863473
0.862753 0.864716
0.866782 0.870798
0.881138 0.887223
0.874662 0.877531
0.87466 0.872893
0.880218 0.877986
0.876304 0.881443
0.870853 0.870071
0.866127 0.86645
0.862438 0.86624
0.863015 0.869011
0.866732 0.866658
0.86504 0.869391
0.86232 0.869723
0.862429 0.86423
0.876875 0.876853
0.868923 0.868571
0.876937 0.8755
0.863359 0.868108
0.863699 0.863371
0.869185 0.869591
0.868111 0.867545
0.860175 0.856291
0.862095 0.861585
0.860455 0.859049
0.84578 0.846465
0.861185 0.857429
0.855127 0.858059
0.86181 0.864679
0.855556 0.853576
0.854421 0.85848
0.859115 0.861086
0.865848 0.867217
0.864403 0.86445
0.863304 0.866223
0.877693 0.873261
0.88516 0.886885
0.881772 0.882845
0.886105 0.892153
0.896791 0.894396
0.884493 0.881656
0.88484 0.884217
0.873656 0.877178
0.869106 0.872878
0.883271 0.884967
0.885078 0.88668
0.879078 0.877001
0.877817 0.880067
0.882229 0.883674
0.881678 0.885055
0.887096 0.886145
0.882469 0.876466
0.871349 0.869168
0.874267 0.877383
0.87309 0.874704
0.861033 0.861572
0.857111 0.851214
0.862957 0.861551
0.884509 0.885247
0.882743 0.880781
0.881075 0.877786
0.882267 0.874754
0.871467 0.870767
0.869684 0.871834
0.877177 0.879306
0.884773 0.880411
0.889231 0.885247
0.878871 0.880773
0.884788 0.88501
0.884351 0.886303
0.876049 0.875382
0.867547 0.867858
0.868279 0.866947
0.870173 0.864959
0.855424 0.858852
0.849338 0.850216
0.8619 0.857907
0.861459 0.859771
0.869998 0.870572
0.883524 0.878599
0.873077 0.870863
0.872518 0.870348
0.858398 0.853461
0.867071 0.864599
0.863254 0.86103
0.860345 0.861844
0.871071 0.867231
0.862505 0.863349
0.865629 0.864758
0.86291 0.86152
0.879145 0.88206
0.882449 0.883877
0.885319 0.88593
0.871433 0.871881
0.885155 0.884249
0.885148 0.88569
0.876757 0.875924
0.88833 0.887899
0.880344 0.878626
0.885103 0.883397
0.88237 0.881145
0.878378 0.875329
0.865174 0.86997
0.862924 0.859442
0.863511 0.864645
0.869918 0.86482
0.857767 0.856496
0.856124 0.862966
0.8676 0.867854
0.865147 0.870677
0.871218 0.869699
0.86987 0.873834
0.863061 0.86495
0.8523 0.852672
0.856484 0.857552
0.861496 0.857043
0.83563 0.84375
0.851782 0.855393
0.857977 0.860791
0.858108 0.864365
0.849984 0.850857
0.857232 0.859136
0.85503 0.856953
0.857121 0.859123
0.860078 0.85732
0.885293 0.886449
0.870608 0.870198
0.866518 0.866225
0.867782 0.868959
0.857662 0.859361
0.864805 0.859879
0.873587 0.868093
0.871182 0.871781
0.874479 0.873019
0.868358 0.870517
0.875759 0.877961
0.876398 0.87448
0.87197 0.871123
0.875841 0.876357
0.873759 0.869975
0.868444 0.869442
0.862271 0.863533
0.857788 0.858183
0.869607 0.865652
0.862264 0.865583
0.861579 0.857493
0.844097 0.842398
0.842269 0.845479
0.851329 0.85075
0.856631 0.857844
0.863994 0.868407
0.852987 0.852742
0.8594 0.863783
0.865991 0.863193
0.868876 0.869068
0.869812 0.866474
0.883176 0.883975
0.880978 0.876407
0.873388 0.87061
0.866738 0.868779
0.87832 0.87408
0.875256 0.880352
0.881185 0.885687
0.888794 0.884991
0.893862 0.895025
0.878582 0.873489
0.86553 0.867539
0.885193 0.880489
0.87006 0.870202
0.861492 0.858774
0.883164 0.886342
0.877935 0.884302
0.884978 0.889659
0.894825 0.894839
0.893331 0.891798
0.875877 0.881158
0.878337 0.879561
0.891074 0.889823
0.889533 0.886043
0.899741 0.896549
0.885284 0.885598
0.896866 0.895563
0.903859 0.901867
0.892611 0.894607
0.896216 0.896138
0.883324 0.886667
0.88543 0.886601
0.881987 0.882791
0.88298 0.879692
0.879452 0.88114
0.875081 0.879336
0.870743 0.870504
0.882134 0.881225
0.883128 0.88548
0.882174 0.874919
0.885681 0.884437
0.883396 0.883188
0.881058 0.882391
0.886809 0.884405
0.880137 0.876498
0.877276 0.880076
0.88633 0.89098
0.891049 0.893097
0.891157 0.890202
0.884329 0.879985
0.889635 0.884978
0.87079 0.872846
0.872115 0.86932
0.877866 0.8802
0.876915 0.878716
0.864958 0.868155
0.877732 0.880763
0.88324 0.881166
0.884895 0.887386
0.888244 0.889644
0.891828 0.889739
0.882873 0.883624
0.894276 0.893982
0.878493 0.877658
0.867553 0.868172
0.876509 0.874161
0.90232 0.89968
0.89375 0.89422
0.896193 0.89554
0.881088 0.8865
0.89625 0.895334
0.882885 0.885893
0.896621 0.894182
0.894466 0.889286
0.891522 0.88676
0.890739 0.886825
0.87252 0.869321
0.887217 0.888737
0.875168 0.876324
0.875711 0.8736
0.871315 0.871357
0.873018 0.877771
0.882767 0.882912
0.877591 0.876764
0.874196 0.872918
0.87728 0.870791
0.859027 0.861097
0.871765 0.8685
0.875321 0.87655
0.869386 0.866799
0.86922 0.869199
0.872078 0.874889
0.878843 0.884051
0.884195 0.883764
0.880624 0.881486
0.875186 0.875945
0.871902 0.868915
0.872096 0.870927
0.846856 0.849164
0.855793 0.855695
0.85948 0.856332
0.842142 0.838438
0.840662 0.838469
0.846774 0.845021
0.855771 0.858335
0.869883 0.871692
0.872151 0.8684
0.873781 0.867975
0.880901 0.88287
0.873811 0.876752
0.880059 0.880117
0.879286 0.874406
0.875596 0.87568
0.861957 0.860692
0.869215 0.868121
0.875881 0.873222
0.877768 0.881541
0.873948 0.869704
0.876649 0.879327
0.884617 0.887555
0.880302 0.87675
0.879616 0.878832
0.884728 0.882608
0.889156 0.888338
0.882849 0.879039
0.886843 0.887818
0.876846 0.875031
0.870475 0.868968
0.854033 0.851798
0.847531 0.843688
0.847332 0.843271
0.831593 0.838606
0.826842 0.823452
0.817758 0.809519
0.823993 0.829243
0.840649 0.845382
0.831073 0.83533
0.812813 0.809213
0.821637 0.815944
0.805501 0.811863
0.812204 0.808651
0.794532 0.79615
0.811006 0.807805
0.816902 0.819437
0.832958 0.83091
0.834691 0.833659
0.816404 0.816868
0.81364 0.82
0.810307 0.809088
0.820347 0.817277
0.814374 0.812663
0.82551 0.819984
0.834375 0.833565
0.81828 0.817875
0.819608 0.82603
0.826848 0.825845
0.836355 0.832329
0.830251 0.830574
0.838007 0.838964
0.834914 0.837941
0.831434 0.821663
0.834793 0.831777
0.837553 0.841472
0.845865 0.846921
0.840816 0.840843
0.853482 0.846715
0.834395 0.84047
0.810248 0.807295
0.802654 0.802404
0.808635 0.813951
0.829043 0.827544
0.844328 0.844901
0.837824 0.832858
0.821618 0.818636
0.827263 0.830532
0.824082 0.823983
0.845007 0.84567
0.838408 0.840813
0.835147 0.834668
0.814144 0.810894
0.821542 0.820585
0.838586 0.837858
0.829038 0.82723
0.843945 0.844624
0.840513 0.836516
0.844393 0.841972
0.857032 0.861097
0.876399 0.875603
0.868868 0.868563
0.865981 0.868115
0.858614 0.861344
0.861664 0.863655
0.867757 0.863159
0.855283 0.854028
0.860466 0.858952
0.85456 0.858965
0.855314 0.855775
0.851432 0.857375
0.85741 0.858274
0.860923 0.862546
0.859241 0.859166
0.868062 0.869681
0.873203 0.87695
0.871093 0.869952
0.872962 0.870274
0.870262 0.872928
0.871621 0.869748
0.878653 0.876468
0.87221 0.876102
0.890528 0.892278
0.893156 0.895745
0.893477 0.889947
0.885869 0.887659
0.883622 0.880484
0.881151 0.883584
0.86712 0.865952
0.864505 0.863509
0.876431 0.877054
0.87246 0.872952
0.877819 0.878479
0.88287 0.879345
0.880409 0.88039
0.88245 0.880496
0.885132 0.884548
0.88952 0.889183
0.879644 0.877193
0.873347 0.87369
0.875117 0.877443
0.877672 0.878224
0.879383 0.880377
0.883058 0.885019
0.881378 0.878678
0.89178 0.895156
0.894073 0.892914
0.889212 0.886583
0.890665 0.889824
0.867389 0.865391
0.867911 0.866244
0.868949 0.869451
0.860272 0.86217
0.880415 0.878591
0.882712 0.88604
0.879743 0.882265
0.884687 0.882696
0.884881 0.88209
0.868843 0.871416
0.871863 0.870481
0.879545 0.877636
0.894146 0.890444
0.88943 0.890788
0.877822 0.879464
0.873559 0.878424
0.879045 0.876965
0.872256 0.872164
0.871406 0.873242
0.868966 0.871869
0.863169 0.871162
0.870051 0.871091
0.864808 0.863625
0.847795 0.848995
0.861471 0.862589
0.864653 0.866761
0.865145 0.860526
0.859735 0.85983
0.875769 0.876923
0.874891 0.877642
0.878109 0.880978
0.867204 0.871648
0.86691 0.864418
0.869568 0.868426
0.859929 0.861875
0.877624 0.87624
0.865749 0.863786
0.87543 0.876595
0.852911 0.858686
0.862033 0.862382
0.861215 0.859693
0.85442 0.855319
0.844667 0.847664
0.854812 0.852418
0.840356 0.840021
0.85266 0.854522
0.861714 0.857872
0.857424 0.858819
0.872567 0.873368
0.865613 0.865695
0.862251 0.863942
0.864635 0.863894
0.861296 0.85944
0.8712 0.865382
0.868401 0.869964
0.862189 0.862651
0.849397 0.85445
0.850224 0.850876
0.859428 0.855324
0.864475 0.865796
0.854723 0.856304
0.853673 0.85275
0.859232 0.862095
0.853026 0.851638
0.846215 0.84324
0.852884 0.853129
0.855644 0.854502
0.858236 0.857665
0.849583 0.8483
0.855167 0.855475
0.850924 0.847763
0.840554 0.843118
0.841444 0.841534
0.857658 0.859592
0.863712 0.860198
0.858384 0.856707
0.852338 0.856823
0.868321 0.868245
0.860723 0.859802
0.852732 0.85284
0.849198 0.857108
0.84327 0.845527
0.843124 0.847685
0.855488 0.855521
0.85512 0.853661
0.863663 0.864428
0.856714 0.862242
0.863257 0.860452
0.856234 0.859324
0.851325 0.850701
0.852181 0.853964
0.844554 0.847502
0.849387 0.847836
0.84713 0.845673
0.845056 0.849582
0.839718 0.83623
0.842267 0.844545
0.848468 0.853674
0.844395 0.84712
0.850213 0.850904
0.859782 0.85516
0.857961 0.860985
0.867714 0.867883
0.859917 0.86233
0.845428 0.84728
0.860975 0.861636
0.856208 0.854848
0.855474 0.851244
0.856585 0.857027
0.83996 0.841533
0.853926 0.85403
0.858242 0.857184
0.856861 0.85932
0.871659 0.87505
0.86701 0.867251
0.873238 0.870862
0.857519 0.855622
0.85629 0.862756
0.863298 0.86237
0.837863 0.839125
0.860165 0.861434
0.866902 0.866391
0.863875 0.861612
0.865147 0.864455
0.862059 0.865038
0.85147 0.853442
0.854966 0.854768
0.840911 0.838273
0.859754 0.862118
0.870083 0.87298
0.867607 0.865394
0.865411 0.861022
0.858676 0.862505
0.88225 0.87997
0.885797 0.883979
0.863289 0.865692
0.856599 0.851584
0.863905 0.862574
0.873771 0.870569
0.863556 0.865505
0.875213 0.868575
0.86412 0.860037
0.862949 0.857034
0.863107 0.865467
0.854254 0.854074
0.862906 0.862025
0.857483 0.857835
0.848729 0.853965
0.855743 0.854459
0.858969 0.854646
0.856431 0.852696
0.866962 0.868688
0.865187 0.867023
0.866593 0.864841
0.878415 0.878882
0.880103 0.885206
0.879176 0.882625
0.874732 0.874114
0.877514 0.878788
0.873437 0.869773
0.87891 0.881629
0.874879 0.874062
0.870824 0.871808
0.877614 0.884303
0.882378 0.883989
0.88379 0.88358
0.871309 0.872615
0.876141 0.872366
0.886991 0.88848
0.886563 0.889501
0.88694 0.884672
0.883079 0.880035
0.877048 0.88195
0.873815 0.874667
0.860119 0.860976
0.867239 0.860935
0.863271 0.863858
0.879207 0.878837
0.88505 0.88561
0.872701 0.870758
0.876474 0.87371
0.8698 0.862612
0.859804 0.857864
0.862236 0.866217
0.861198 0.862599
0.870001 0.869531
0.852094 0.851865
0.8642 0.858777
0.865057 0.864407
0.846513 0.846413
0.851547 0.858011
0.852017 0.858818
0.869798 0.87209
0.867299 0.867096
0.879071 0.879089
0.869608 0.867788
0.871023 0.87689
0.892064 0.89358
0.886749 0.885838
0.881179 0.876379
0.880898 0.881589
0.881798 0.886296
0.879828 0.882714
0.873079 0.875442
0.867206 0.868183
0.867572 0.866385
0.862661 0.859959
0.864167 0.866782
0.865468 0.867389
0.851937 0.853774
0.859077 0.8582
0.869615 0.875802
0.870011 0.871759
0.857332 0.858208
0.86509 0.865389
0.851259 0.851894
0.849277 0.846911
0.840172 0.83954
0.862723 0.859497
0.866347 0.858138
0.845138 0.847664
0.851459 0.85316
0.847477 0.846931
0.852843 0.859824
0.862551 0.867865
0.855476 0.859392
0.872932 0.873427
0.870664 0.869974
0.879185 0.880364
0.880814 0.882934
0.874849 0.876907
0.865407 0.860825
0.847138 0.852498
0.846883 0.843945
0.860398 0.859784
0.847258 0.845704
0.857456 0.853503
0.865627 0.862775
0.873939 0.867559
0.887692 0.88268
0.882046 0.881916
0.893045 0.897045
0.886952 0.886563
0.885533 0.884385
0.876102 0.87899
0.872642 0.876753
0.873182 0.870488
0.874107 0.875663
0.883619 0.883531
0.876251 0.874194
0.873797 0.872469
0.865513 0.861425
0.865419 0.867795
0.85117 0.849458
0.851486 0.852616
0.870379 0.867845
0.881762 0.882841
0.879468 0.877438
0.872553 0.875317
0.872181 0.871486
0.86928 0.872582
0.878817 0.880699
0.876066 0.876724
0.881839 0.886697
0.889724 0.890812
0.883128 0.885379
0.892338 0.895415
0.882915 0.884382
0.878614 0.875848
0.886528 0.889185
0.877733 0.876969
0.882374 0.879037
0.875556 0.878078
0.87295 0.877367
0.856724 0.860026
0.867105 0.867442
0.868814 0.86673
0.871984 0.871074
0.878116 0.87703
0.883568 0.878859
0.882449 0.888203
0.878936 0.882317
0.864784 0.866182
0.851427 0.850663
0.851756 0.851517
0.85039 0.853699
0.864118 0.870049
0.851625 0.848999
0.847391 0.850459
0.861914 0.863254
0.856983 0.853891
0.869873 0.867902
0.859191 0.855231
0.856939 0.858329
0.846082 0.850335
0.849026 0.850966
0.841969 0.838164
0.825333 0.831404
0.82876 0.824023
0.847087 0.848529
0.83289 0.831451
0.836815 0.835541
0.846207 0.84226
0.85242 0.853532
0.860763 0.85367
0.852413 0.855369
0.86059 0.85603
0.862467 0.863405
0.857479 0.855822
0.853614 0.854709
0.863577 0.863898
0.869464 0.863697
0.863132 0.867569
0.867845 0.871664
0.884806 0.88537
0.88944 0.889934
0.897526 0.892242
0.89578 0.893446
0.894673 0.90119
0.88502 0.883956
0.886743 0.889225
0.901692 0.903269
0.893713 0.895724
0.895855 0.895081
0.893037 0.89127
0.893506 0.894531
0.898069 0.89811
0.903383 0.902918
0.899053 0.899182
0.898348 0.897592
0.89805 0.900823
0.885465 0.888511
0.886672 0.89191
0.881875 0.884418
0.886413 0.892561
0.881843 0.883798
0.88757 0.888981
0.871391 0.877673
0.868597 0.869298
0.875634 0.874348
0.881324 0.883161
0.871576 0.87508
0.868159 0.872686
0.872608 0.871457
0.879444 0.880031
0.873502 0.871716
0.876724 0.872819
0.878182 0.88166
0.883761 0.883367
0.887954 0.884247
0.87124 0.870823
0.87693 0.876182
0.874089 0.876466
0.880955 0.876381
0.876338 0.879224
0.875729 0.880807
0.870498 0.876933
0.872688 0.87557
0.87952 0.879837
0.875766 0.877367
0.877121 0.885488
0.879267 0.879278
0.884556 0.884185
0.874271 0.868972
0.87806 0.879867
0.878262 0.872609
0.873975 0.874364
0.881412 0.876778
0.868192 0.868589
0.876199 0.877264
0.883206 0.88556
0.879261 0.880028
0.876633 0.877684
0.873804 0.870107
0.866602 0.869733
0.872241 0.876859
0.876619 0.878079
0.883336 0.88211
0.874324 0.872701
0.877175 0.878398
0.87167 0.874918
0.864684 0.862987
0.865807 0.872813
0.858732 0.86467
0.852382 0.857015
0.863141 0.860878
0.849121 0.852379
0.850855 0.846954
0.848853 0.849225
0.850956 0.859538
0.85905 0.862011
0.870369 0.870626
0.867095 0.86295
0.870836 0.870277
0.863394 0.86652
0.855926 0.861137
0.869211 0.870037
0.879062 0.874894
0.877655 0.883198
0.88222 0.878774
0.88378 0.881831
0.885765 0.885863
0.889422 0.890589
0.880161 0.880381
0.875341 0.872135
0.858487 0.853491
0.860355 0.860498
0.862876 0.863905
0.874101 0.875583
0.878268 0.881305
0.87142 0.874693
0.876546 0.877227
0.871079 0.871394
0.876812 0.869188
0.862307 0.861075
0.864357 0.864116
0.866574 0.861451
0.86767 0.870936
0.85955 0.858349
0.862068 0.862211
0.863507 0.859039
0.866353 0.864651
0.864522 0.865282
0.863348 0.86205
0.87196 0.86996
0.852108 0.855175
0.85359 0.855496
0.84981 0.851085
0.853801 0.852943
0.851146 0.853868
0.839722 0.839712
0.856886 0.851515
0.854895 0.857033
0.864858 0.860666
0.85633 0.856919
0.863375 0.860973
0.87213 0.870001
0.87099 0.87286
0.865004 0.862885
0.871633 0.871247
0.872956 0.870514
0.886134 0.88742
0.883217 0.883255
0.882125 0.879484
0.87519 0.873956
0.885187 0.878474
0.884886 0.88414
0.886373 0.88673
0.88946 0.890124
0.884438 0.886106
0.887616 0.886237
0.877564 0.886399
0.895333 0.893944
0.88477 0.888483
0.895409 0.894761
0.904216 0.900578
0.908321 0.90596
0.889221 0.883466
0.885562 0.883454
0.880926 0.884391
0.883729 0.887232
0.884063 0.888151
0.884706 0.884134
0.871305 0.87374
0.864018 0.866141
0.87135 0.869222
0.867553 0.870746
0.866939 0.866043
0.875726 0.875516
0.877789 0.877718
0.886998 0.885772
0.887303 0.882966
0.881144 0.883759
0.878592 0.875774
0.868164 0.870321
0.865619 0.863778
0.864615 0.865598
0.859796 0.861028
0.857268 0.856385
0.832979 0.837555
0.840887 0.840148
0.829427 0.831213
0.826397 0.828458
0.825759 0.822765
0.822224 0.82189
0.820856 0.816934
0.793825 0.798208
0.797229 0.799769
0.806914 0.801455
0.807394 0.806774
0.817676 0.824975
0.849489 0.848624
0.84748 0.848918
0.839723 0.842676
0.834129 0.836714
0.853307 0.849856
0.853534 0.851501
0.856358 0.855544
0.846156 0.83884
0.852589 0.858771
0.851273 0.852093
0.838736 0.840035
0.847933 0.852696
0.858681 0.859255
0.872883 0.872042
0.889793 0.888762
0.878539 0.882592
0.882955 0.886119
0.875511 0.871763
0.880441 0.881889
0.880315 0.87935
0.87278 0.868196
0.867119 0.867715
0.864251 0.862393
0.857632 0.856893
0.850313 0.848004
0.844617 0.845263
0.828293 0.830571
0.846594 0.845594
0.861108 0.863847
0.861999 0.860194
0.857019 0.858021
0.852745 0.85432
0.872603 0.868947
0.867234 0.866646
0.869737 0.870245
0.883406 0.882772
0.872282 0.867678
0.855939 0.855696
0.858524 0.855067
0.857768 0.851192
0.864993 0.8667
0.864868 0.865711
0.863026 0.863543
0.869798 0.868426
0.862846 0.863438
0.863691 0.859612
0.854114 0.860169
0.858827 0.860413
0.862076 0.85598
0.854158 0.855562
0.866842 0.870605
0.874171 0.874672
0.876126 0.875222
0.869575 0.873184
0.864207 0.865496
0.87064 0.870917
0.868423 0.867866
0.867987 0.866771
0.87322 0.875955
0.879661 0.876009
0.880365 0.88274
0.888106 0.882669
0.886212 0.884235
0.881265 0.879793
0.893669 0.89266
0.877567 0.876788
0.876379 0.875663
0.88265 0.879722
0.888316 0.887626
0.885756 0.884674
0.872699 0.868828
0.862156 0.860883
0.864422 0.866911
0.869611 0.868043
0.865997 0.862652
0.869083 0.864722
0.865393 0.863246
0.863917 0.860835
0.865883 0.858688
0.849335 0.855064
0.850966 0.851329
0.855237 0.858102
0.860155 0.85747
0.864978 0.859648
0.846779 0.844453
0.839525 0.836637
0.822316 0.821334
0.830738 0.821618
0.830631 0.827443
0.817019 0.817263
0.84073 0.843651
0.853271 0.85089
0.853858 0.858588
0.858074 0.853457
0.845789 0.843333
0.848851 0.84761
0.833372 0.831606
0.833758 0.832805
0.833264 0.831438
0.83523 0.837847
0.836916 0.836934
0.850593 0.854078
0.857343 0.857443
0.837706 0.839765
0.841917 0.842565
0.83406 0.83431
0.853961 0.853224
0.858682 0.854721
0.850077 0.852149
0.834992 0.830553
0.844043 0.841111
0.841514 0.83665
0.846215 0.849223
0.852978 0.854755
0.87593 0.872102
0.870417 0.870025
0.860156 0.858173
0.860881 0.859051
0.861781 0.864165
0.859652 0.856998
0.868889 0.868432
0.872644 0.875693
0.863148 0.865338
0.858589 0.861833
0.873761 0.875045
0.874767 0.874681
0.866192 0.865454
0.868238 0.867027
0.859584 0.861015
0.858293 0.851204
0.853782 0.854535
0.859346 0.857166
0.86237 0.86602
0.85659 0.856567
0.871485 0.867708
0.847716 0.846422
0.844502 0.848452
0.845609 0.844756
0.853665 0.860218
0.835531 0.831632
0.830702 0.82858
0.823828 0.819777
0.833398 0.832695
0.82262 0.818089
0.833673 0.835945
0.822981 0.829525
0.839147 0.839352
0.861256 0.86251
0.867399 0.861138
0.86458 0.865111
0.856843 0.864475
0.858812 0.859618
0.849305 0.848327
0.853245 0.85272
0.848912 0.848798
0.85645 0.848347
0.858977 0.858908
0.855625 0.853528
0.842739 0.842679
0.836743 0.84454
0.851414 0.844313
0.838669 0.840055
0.838186 0.834759
0.828132 0.832593
0.832116 0.831486
0.826017 0.829487
0.821151 0.820796
0.818849 0.820193
0.823394 0.819776
0.826275 0.823753
0.851074 0.854054
0.845485 0.840475
0.843577 0.842305
0.835875 0.837422
0.843388 0.846349
0.845018 0.846062
0.852984 0.854122
0.845329 0.842568
0.866733 0.869582
0.854603 0.855375
0.856401 0.85671
0.852371 0.85571
0.850159 0.856691
0.83246 0.835897
0.836232 0.83867
0.838491 0.842111
0.84329 0.838769
0.838277 0.839659
0.831963 0.824902
0.840737 0.836294
0.843145 0.840138
0.839103 0.835855
0.839703 0.834688
0.834903 0.832316
0.84036 0.837713
0.834744 0.834645
0.838515 0.839096
0.845072 0.844388
0.84012 0.840363
0.837094 0.835203
0.832404 0.832885
0.823132 0.825441
0.837166 0.833765
0.847588 0.84282
0.83559 0.832425
0.853327 0.845957
0.852262 0.850228
0.862848 0.866262
0.867657 0.865622
0.86768 0.866937
0.86382 0.861586
0.87223 0.869984
0.875283 0.877645
0.868738 0.871158
0.862873 0.866683
0.863954 0.866048
0.865159 0.868992
0.860747 0.862269
0.852496 0.856411
0.857331 0.856156
0.861723 0.862107
0.864636 0.865706
0.855951 0.85745
0.861501 0.862947
0.852268 0.849331
0.841032 0.838191
0.841732 0.839968
0.853237 0.851943
0.853369 0.85077
0.843219 0.841914
0.855417 0.85949
0.85688 0.85047
0.853246 0.843462
0.849317 0.849314
0.861555 0.860565
0.860947 0.859392
0.870106 0.867182
0.865121 0.858321
0.874905 0.877412
0.871289 0.868671
0.86367 0.863677
0.869767 0.867391
0.860064 0.857874
0.877703 0.871093
0.868635 0.867881
0.86971 0.872849
0.864935 0.866676
0.853093 0.851224
0.867714 0.863987
0.85727 0.858704
0.866705 0.865189
0.864583 0.867196
0.866623 0.866132
0.866991 0.864966
0.879359 0.881721
0.878142 0.881643
0.885422 0.883692
0.886456 0.88208
0.876486 0.879102
0.891409 0.890887
0.889116 0.888418
0.879031 0.87986
0.881074 0.876634
0.879596 0.877769
0.865336 0.857032
0.858148 0.854333
0.857518 0.860845
0.858726 0.858579
0.872744 0.878787
0.862283 0.859601
0.860957 0.863916
0.847325 0.849475
0.83806 0.837588
0.841422 0.839783
0.825537 0.825572
0.819717 0.82049
0.819026 0.816936
0.804275 0.805149
0.796362 0.797702
0.803269 0.806027
0.796083 0.798909
0.79899 0.796262
0.818068 0.817817
0.815583 0.81701
0.81353 0.812402
0.809847 0.811459
0.801724 0.797979
0.798479 0.800241
0.788762 0.783219
0.811685 0.808135
0.787642 0.787026
0.812318 0.813012
0.8141 0.809272
0.792275 0.792541
0.779351 0.777638
0.768837 0.766549
0.768489 0.772964
0.784793 0.783038
0.780172 0.789189
0.774297 0.775283
0.779589 0.782109
0.77281 0.776833
0.774088 0.776415
0.768409 0.76387
0.782947 0.776973
0.78791 0.778171
0.792785 0.787147
0.79167 0.795048
0.797491 0.80223
0.8215 0.826597
0.818321 0.816354
0.827905 0.82781
0.837998 0.832962
0.84186 0.842891
0.841159 0.843045
0.837194 0.838696
0.84987 0.848481
0.851289 0.840398
0.848884 0.843029
0.854919 0.850705
0.865732 0.86417
0.865142 0.862006
0.873018 0.870138
0.882422 0.876719
0.866531 0.859917
0.870912 0.870416
0.860037 0.858708
0.863216 0.864659
0.857889 0.856089
0.862031 0.865097
0.866676 0.868626
0.87846 0.878788
0.872708 0.868029
0.871306 0.873372
0.877451 0.870379
0.867315 0.861655
0.868434 0.866641
0.862852 0.864202
0.871525 0.86891
0.865674 0.861559
0.856447 0.85603
0.866619 0.865771
0.869912 0.861661
0.861366 0.85691
0.847677 0.848928
0.856865 0.859472
0.871873 0.870747
0.877045 0.869484
0.871053 0.867402
0.868464 0.866401
0.859885 0.852043
0.863331 0.861225
0.867956 0.867179
0.871189 0.872106
0.875793 0.881491
0.872797 0.874704
0.861687 0.861779
0.855673 0.856735
0.858299 0.858147
0.828367 0.834483
0.837339 0.84236
0.847306 0.844736
0.844238 0.842986
0.850569 0.849549
0.82965 0.83533
0.840252 0.839258
0.825867 0.818263
0.835851 0.833248
0.846383 0.845772
0.845338 0.84254
0.865526 0.862981
0.837321 0.839072
0.832753 0.834502
0.833738 0.837618
0.829204 0.830307
0.818558 0.824935
0.819333 0.821942
0.823973 0.823769
0.840265 0.836693
0.847389 0.845954
0.846886 0.841375
0.855442 0.852987
0.863363 0.856042
0.860396 0.861177
0.850029 0.857039
0.855525 0.855125
0.855815 0.858792
0.862882 0.865544
0.869388 0.874617
0.873028 0.876988
0.863246 0.868828
0.871398 0.873814
0.86596 0.866757
0.864174 0.863506
0.875116 0.877886
0.872546 0.865072
0.872673 0.877651
0.86642 0.864199
0.878924 0.877959
0.883974 0.878053
0.865547 0.860778
0.863122 0.856663
0.873267 0.869332
0.877319 0.872073
0.875379 0.870905
0.870732 0.86949
0.862704 0.858594
0.861617 0.864228
0.873195 0.872969
0.862813 0.862715
0.877551 0.877661
0.861582 0.861871
0.855915 0.85541
0.851594 0.85161
0.851873 0.851187
0.854089 0.853853
0.86202 0.862226
0.864722 0.865508
0.843091 0.84109
0.845486 0.845601
0.837846 0.839921
0.830877 0.827132
0.838738 0.834864
0.833963 0.835833
0.835073 0.837227
0.851594 0.856045
0.86457 0.867882
0.857582 0.857141
0.862588 0.86457
0.855014 0.855726
0.852309 0.85782
0.854597 0.858322
0.853111 0.853678
0.861724 0.86457
0.853251 0.853879
0.855515 0.854055
0.859703 0.863441
0.867957 0.869816
0.864344 0.87033
0.871268 0.872471
0.872587 0.876171
0.843877 0.852356
0.856318 0.855969
0.855069 0.854667
0.85052 0.846602
0.840988 0.840602
0.855119 0.855266
0.873862 0.868004
0.864769 0.867427
0.864647 0.862107
0.860743 0.859181
0.85021 0.852835
0.856647 0.855823
0.862765 0.860415
0.86005 0.866764
0.865784 0.868332
0.875639 0.87399
0.866661 0.869268
0.85745 0.85628
0.871805 0.865611
0.862012 0.861927
0.851753 0.853288
0.857788 0.859237
0.857525 0.859283
0.865197 0.865381
0.856703 0.853215
0.864719 0.863023
0.866891 0.862313
0.871876 0.871153
0.85759 0.852678
0.843513 0.846055
0.849289 0.847698
0.83972 0.837527
0.83891 0.838774
0.849059 0.848445
0.841624 0.838106
0.827441 0.833016
0.841112 0.838574
0.836573 0.837413
0.819166 0.824474
0.827805 0.829016
0.849961 0.848562
0.865479 0.866895
0.868275 0.86948
0.870737 0.866757
0.859882 0.855446
0.867262 0.867
0.873996 0.873177
0.868957 0.866668
0.87446 0.868499
0.860932 0.858324
0.859675 0.86011
0.862597 0.863355
0.867239 0.868022
0.862611 0.859027
0.866314 0.866487
0.87275 0.8724
0.873401 0.8769
0.882138 0.881302
0.879448 0.876158
0.886995 0.887607
0.885315 0.883065
0.884017 0.878761
0.877948 0.877408
0.883251 0.883458
0.872991 0.869171
0.864963 0.867533
0.880642 0.876727
0.884269 0.883093
0.881875 0.881292
0.865185 0.867186
0.862125 0.858881
0.866532 0.867918
0.87292 0.870152
0.864954 0.866619
0.862686 0.858862
0.856172 0.852097
0.864884 0.859213
0.865658 0.869513
0.866087 0.866637
0.862705 0.860084
0.873239 0.869892
0.853851 0.858714
0.857463 0.85886
0.862438 0.8576
0.84108 0.843563
0.851335 0.851635
0.860161 0.86403
0.855213 0.856212
0.858168 0.858364
0.845523 0.849896
0.859015 0.860738
0.857108 0.857076
0.864042 0.864447
0.853852 0.85717
0.86826 0.871861
0.867601 0.865103
0.854866 0.855851
0.859035 0.862835
0.864332 0.86308
0.874688 0.874345
0.871911 0.873525
0.876434 0.878872
0.88644 0.885194
0.873465 0.879105
0.882076 0.880503
0.878587 0.881696
0.874416 0.881644
0.882385 0.886313
0.878657 0.88232
0.888416 0.891044
0.895945 0.896597
0.904676 0.902038
0.888548 0.887482
0.882762 0.88418
0.875626 0.879839
0.85823 0.862544
0.864183 0.860834
0.873349 0.874849
0.87056 0.872321
0.886699 0.884896
0.891756 0.896209
0.899949 0.896211
0.892853 0.889601
0.899945 0.892061
0.876552 0.876448
0.87359 0.872075
0.867414 0.864004
0.853549 0.852225
0.878877 0.876684
0.860031 0.860317
0.86659 0.866208
0.865114 0.866401
0.860636 0.856977
0.864378 0.863845
0.860413 0.859941
0.862085 0.870509
0.870779 0.874336
0.876728 0.877429
0.872265 0.869867
0.852573 0.850895
0.840045 0.840489
0.838395 0.841508
0.831686 0.826915
0.827264 0.827753
0.822847 0.821916
0.817066 0.818943
0.836028 0.838084
0.827462 0.825458
0.837636 0.839317
0.835796 0.838848
0.829287 0.830502
0.853095 0.859523
0.841839 0.844444
0.855713 0.858824
0.86101 0.864876
0.876996 0.881038
0.861443 0.85852
0.856116 0.853863
0.853444 0.849627
0.844505 0.845576
0.841641 0.84465
0.847749 0.84646
0.865348 0.868152
0.85714 0.858701
0.858187 0.859553
0.871846 0.869332
0.854451 0.854012
0.851699 0.85577
0.843975 0.845484
0.855439 0.856204
0.856759 0.856477
0.843276 0.838369
0.852746 0.847791
0.84986 0.850159
0.854416 0.85367
0.86654 0.867314
0.876691 0.874873
0.862222 0.861163
0.864247 0.869148
0.862062 0.86474
0.872199 0.870548
0.881577 0.884024
0.881249 0.880927
0.87321 0.875106
0.87478 0.868884
0.873057 0.870433
0.865045 0.868895
0.865203 0.872662
0.878173 0.882067
0.88609 0.886246
0.883599 0.881344
0.891135 0.89319
0.875588 0.871997
0.883545 0.884885
0.892906 0.89317
0.888324 0.886693
0.881033 0.8816
0.886468 0.889496
0.881838 0.882685
0.890467 0.888611
0.888351 0.890009
0.894861 0.893365
0.902703 0.902629
0.899648 0.900518
0.903737 0.900215
0.892219 0.894041
0.897609 0.901267
0.899408 0.898544
0.882165 0.882308
0.895071 0.89063
0.889245 0.887832
0.896897 0.899131
0.897371 0.891575
0.889985 0.893086
0.881541 0.880874
0.874963 0.873483
0.864439 0.866424
0.879114 0.878509
0.882767 0.882729
0.872357 0.874906
0.871782 0.87385
0.872881 0.865974
0.89003 0.881961
0.876742 0.878972
0.886028 0.885651
0.88276 0.886255
0.879749 0.877137
0.882829 0.876269
0.872606 0.87185
0.873241 0.87488
0.878429 0.884456
0.858009 0.857091
0.844645 0.848504
0.86189 0.866614
0.870064 0.868298
0.868977 0.868108
0.889492 0.884941
0.88475 0.883506
0.880988 0.881156
0.866747 0.864828
0.867526 0.862643
0.870696 0.866242
0.857031 0.862085
0.8713 0.871465
0.863257 0.863742
0.861893 0.856896
0.861475 0.859203
0.866552 0.862466
0.871689 0.868252
0.88057 0.87805
0.869506 0.869619
0.87628 0.875843
0.87101 0.866158
0.854422 0.85177
0.850695 0.856941
0.851174 0.853123
0.84636 0.851356
0.854739 0.850896
0.857188 0.857132
0.859302 0.858059
0.861307 0.855715
0.864453 0.867515
0.866871 0.867707
0.86668 0.870933
0.875415 0.876445
0.864315 0.865085
0.849226 0.849986
0.860987 0.861959
0.877861 0.877771
0.875956 0.875038
0.869638 0.866152
0.872423 0.869812
0.867321 0.87353
0.865466 0.867479
0.869734 0.86855
0.874309 0.872561
0.875681 0.875359
0.870041 0.865395
0.879915 0.877715
0.885946 0.879327
0.874481 0.874813
0.864787 0.86516
0.855298 0.855315
0.852344 0.853091
0.865734 0.868378
0.859928 0.860038
0.864094 0.860411
0.862744 0.862028
0.860815 0.862041
0.852814 0.852855
0.851969 0.850658
0.874411 0.879372
0.862751 0.866056
0.857294 0.858156
0.846852 0.848991
0.852023 0.852853
0.837314 0.840828
0.856255 0.86178
0.859176 0.860276
0.860509 0.859872
0.852202 0.849953
0.856211 0.858428
0.86281 0.861828
0.868174 0.867058
0.859834 0.862585
0.863782 0.858815
0.856855 0.857352
0.872628 0.877128
0.85104 0.849787
0.86328 0.857865
0.848645 0.85019
0.86511 0.865974
0.864245 0.862218
0.869976 0.861608
0.85352 0.857091
0.867217 0.872296
0.875189 0.874845
0.869162 0.87294
0.870294 0.868647
0.873167 0.866699
0.866809 0.867481
0.870265 0.871217
0.874057 0.875254
0.869932 0.871752
0.868628 0.87064
0.863317 0.866592
0.881036 0.878432
0.867896 0.867171
0.869809 0.866478
0.878903 0.875661
0.894916 0.89018
0.894728 0.892298
0.891778 0.892593
0.896615 0.89885
0.89909 0.898434
0.900598 0.902197
0.891333 0.891384
0.885126 0.885918
0.879697 0.880265
0.881514 0.882739
0.881012 0.87649
0.874741 0.875211
0.880736 0.881824
0.895807 0.894124
0.898101 0.895323
0.901544 0.898509
0.902011 0.900299
0.895282 0.896797
0.880454 0.880949
0.883581 0.882383
0.880817 0.883667
0.883599 0.883515
0.875619 0.87398
0.871832 0.879181
0.879345 0.883957
0.888647 0.890571
0.880212 0.87632
0.879553 0.881436
0.87648 0.880789
0.870919 0.870178
0.871374 0.867635
0.860146 0.857805
0.848325 0.854444
0.848985 0.844225
0.839621 0.838183
0.845507 0.84214
0.835599 0.829965
0.837221 0.832392
0.839102 0.839179
0.848598 0.846134
0.86124 0.859212
0.850063 0.846358
0.856263 0.859744
0.858484 0.862943
0.859955 0.857673
0.857498 0.855852
0.861256 0.858244
0.863998 0.866024
0.867819 0.867186
0.867768 0.866517
0.862844 0.864843
0.845794 0.848872
0.842495 0.836864
0.858669 0.855937
0.840565 0.84385
0.859621 0.86242
0.849481 0.851256
0.838369 0.836452
0.850364 0.853059
0.860951 0.8599
0.861593 0.865428
0.868704 0.868483
0.865702 0.866731
0.877253 0.875606
0.869602 0.868687
0.877396 0.876895
0.883726 0.882395
0.875015 0.875539
0.856727 0.86042
0.863423 0.863391
0.86462 0.866898
0.868105 0.865883
0.854903 0.85105
0.849686 0.855886
0.856935 0.858385
0.864927 0.862771
0.870718 0.870317
0.866982 0.86293
0.880613 0.881215
0.877544 0.879236
0.865298 0.86315
0.850406 0.853096
0.863425 0.864922
0.872503 0.871746
0.881821 0.880496
0.874996 0.877638
0.876972 0.876124
0.871775 0.871052
0.859513 0.857442
0.857298 0.855063
0.84116 0.842818
0.850533 0.847912
0.857717 0.856926
0.86239 0.855496
0.869759 0.867774
0.876564 0.876612
0.870125 0.874657
0.867606 0.8689
0.88129 0.882895
0.880227 0.879842
0.861055 0.863485
0.866762 0.86922
0.861681 0.860866
0.845848 0.844796
0.861009 0.857708
0.842863 0.840857
0.863836 0.861213
0.864546 0.860575
0.858203 0.854172
0.859506 0.860101
0.857011 0.855973
0.86969 0.865025
0.871817 0.867519
0.868672 0.870083
0.872704 0.869675
0.868993 0.865572
0.857675 0.850389
0.866743 0.862472
0.852593 0.850976
0.849063 0.850802
0.861089 0.862706
0.867874 0.868863
0.856149 0.856636
0.866678 0.863159
0.853272 0.851792
0.844222 0.844066
0.84254 0.84452
0.846161 0.847883
0.839272 0.837297
0.843447 0.846392
0.847238 0.851572
0.84465 0.849586
0.854601 0.852844
0.851171 0.850162
0.853203 0.857383
0.861486 0.864223
0.867931 0.868323
0.863653 0.865764
0.847329 0.84955
0.856363 0.858333
0.849978 0.847989
0.835975 0.838424
0.844145 0.850649
0.841734 0.845983
0.842624 0.83924
0.842927 0.847068
0.856066 0.853629
0.854517 0.853199
0.864842 0.872078
0.870649 0.870967
0.874053 0.878258
0.872533 0.877847
0.867728 0.872905
0.870971 0.87465
0.862894 0.864514
0.868668 0.865939
0.877076 0.874001
0.871419 0.871473
0.863514 0.867066
0.864456 0.868794
0.871476 0.871958
0.877808 0.878124
0.881075 0.882847
0.873058 0.875114
0.871524 0.869938
0.877095 0.873714
0.875853 0.875834
0.874983 0.874493
0.877319 0.877276
0.891186 0.887612
0.8946 0.891576
0.884644 0.880471
0.88509 0.88378
0.875791 0.879017
0.867689 0.866785
0.863163 0.864567
0.863686 0.871688
0.874503 0.871476
0.875159 0.87892
0.876641 0.876151
0.874283 0.871516
0.873325 0.876942
0.864093 0.86107
0.87077 0.868709
0.871532 0.86624
0.879849 0.883499
0.878498 0.878761
0.89215 0.892958
0.889 0.887556
0.889419 0.890962
0.891009 0.891286
0.87257 0.876491
0.890566 0.885294
0.888377 0.88538
0.885447 0.880209
0.893163 0.886087
0.886233 0.883371
0.888655 0.886364
0.895813 0.898567
0.897466 0.890561
0.889816 0.884108
0.893318 0.881729
0.87821 0.869445
0.88062 0.878832
0.868082 0.873646
0.87317 0.877494
0.864674 0.866185
0.861534 0.860216
0.872424 0.868626
0.86736 0.870608
0.849648 0.849385
0.845601 0.850679
0.844822 0.85073
0.851189 0.854092
0.84583 0.845205
0.85226 0.854111
0.852033 0.853175
0.859929 0.863572
0.866453 0.873069
0.863597 0.8634
0.861204 0.863085
0.853842 0.851002
0.84876 0.848545
0.857388 0.855008
0.862004 0.867701
0.85102 0.855399
0.838812 0.84324
0.839101 0.841724
0.824649 0.832455
0.842521 0.844907
0.860235 0.856059
0.841631 0.838939
0.835257 0.835109
0.84731 0.847385
0.846889 0.844116
0.834093 0.842094
0.847134 0.853547
0.858459 0.861976
0.857951 0.854982
0.866075 0.865719
0.872313 0.87139
0.868289 0.863794
0.875053 0.871627
0.871139 0.874756
0.869227 0.866023
0.879414 0.884139
0.871915 0.87381
0.874287 0.871759
0.865427 0.866268
0.861853 0.864551
0.859401 0.857716
0.863872 0.862444
0.866673 0.866989
0.869408 0.87051
0.875394 0.87055
0.878319 0.881493
0.882867 0.88028
0.878367 0.881664
0.880445 0.877941
0.87619 0.87154
0.860654 0.863115
0.85775 0.85964
0.868151 0.865362
0.881734 0.878445
0.87591 0.874682
0.865779 0.862252
0.865528 0.870276
0.865382 0.868368
0.873548 0.880922
0.877668 0.87977
0.880812 0.878775
0.883256 0.877638
0.886678 0.893749
0.89322 0.89403
0.888237 0.891131
0.88321 0.885761
0.895832 0.891931
0.889537 0.886305
0.896406 0.892461
0.902416 0.893063
0.899677 0.901631
0.893313 0.887761
0.906378 0.903061
0.8969 0.890045
0.898644 0.893815
0.878177 0.885018
0.878251 0.8827
0.869009 0.873011
0.881323 0.880182
0.881986 0.878271
0.891247 0.889433
0.889857 0.881274
0.877439 0.877247
0.880507 0.885887
0.875759 0.874208
0.876223 0.87587
0.86171 0.858271
0.858933 0.863771
0.868288 0.868396
0.871652 0.871352
0.856005 0.853869
0.867647 0.869084
0.880106 0.87475
0.885556 0.884382
0.885554 0.881461
0.877809 0.88135
0.88041 0.88292
0.882723 0.881782
0.887685 0.884783
0.888348 0.890009
0.886175 0.891389
0.870912 0.869464
0.879442 0.878939
0.879166 0.880813
0.876446 0.882284
0.883446 0.885519
0.884631 0.888348
0.889452 0.8857
0.892831 0.890976
0.88829 0.893695
0.880977 0.880824
0.887171 0.891031
0.887562 0.890622
0.886956 0.884025
0.869319 0.872234
0.863137 0.867033
0.871472 0.874435
0.862123 0.859155
0.863389 0.857368
0.848848 0.853547
0.866821 0.866973
0.861075 0.862554
0.857301 0.86041
0.853765 0.855055
0.852803 0.862877
0.863142 0.865737
0.863676 0.871866
0.87301 0.873408
0.884863 0.888007
0.88039 0.885151
0.882375 0.883489
0.874806 0.875677
0.875876 0.87923
0.883718 0.883978
0.873803 0.877733
0.875364 0.876968
0.881972 0.883794
0.878079 0.884115
0.881857 0.890515
0.880748 0.887745
0.889592 0.887007
0.906132 0.908615
0.892932 0.890665
0.894189 0.892906
0.888104 0.885366
0.889468 0.884198
0.894088 0.89461
0.884864 0.884479
0.891087 0.883392
0.894876 0.894852
0.875656 0.876034
0.878873 0.881189
0.877672 0.87619
0.881168 0.880306
0.868023 0.871677
0.888245 0.888647
0.880763 0.880208
0.877487 0.875744
0.885519 0.885107
0.878576 0.878162
0.872853 0.873168
0.861832 0.868052
0.863038 0.867234
0.871734 0.870578
0.886568 0.887615
0.878348 0.872097
0.869911 0.864858
0.87292 0.875519
0.87884 0.878047
0.874735 0.877208
0.868603 0.86818
0.883176 0.882703
0.873378 0.875315
0.872543 0.873126
0.872197 0.873106
0.876058 0.874736
0.853358 0.851031
0.85239 0.856245
0.860631 0.865926
0.867312 0.872161
0.871465 0.877133
0.873296 0.873883
0.873912 0.875374
0.875191 0.874673
0.872158 0.874337
0.876408 0.878832
0.874709 0.874706
0.87288 0.872766
0.871118 0.869198
0.864622 0.860607
0.883451 0.875553
0.879528 0.87508
0.875142 0.875776
0.87597 0.871822
0.870665 0.877953
0.892128 0.891664
0.891036 0.887432
0.892351 0.89395
0.890518 0.886924
0.888541 0.889326
0.886156 0.889534
0.890543 0.887283
0.88822 0.888921
0.88562 0.884283
0.887256 0.887664
0.889155 0.890425
0.884932 0.887028
0.885412 0.886233
0.88789 0.887281
0.893396 0.892881
0.878201 0.878478
0.882023 0.884261
0.88368 0.883258
0.884378 0.89068
0.884331 0.877076
0.885979 0.883862
0.870885 0.871477
0.874653 0.880415
0.874435 0.878033
0.888389 0.887973
0.882789 0.886514
0.879734 0.880702
0.890411 0.886642
0.87597 0.876054
0.864975 0.864388
0.870026 0.868994
0.861647 0.859072
0.877557 0.876534
0.873978 0.877857
0.887198 0.89094
0.880209 0.882312
0.875531 0.874966
0.877183 0.880742
0.882532 0.880331
0.878055 0.876984
0.879882 0.87477
0.87767 0.876643
0.8713 0.872566
0.881538 0.881605
0.879021 0.881947
0.879882 0.880587
0.882535 0.88429
0.874658 0.876928
0.88102 0.876968
0.88334 0.884964
0.881247 0.878726
0.879713 0.88047
0.890873 0.887041
0.878563 0.881322
0.884194 0.883484
0.893204 0.892533
0.894663 0.896266
0.88862 0.891158
0.886479 0.888273
0.87995 0.875387
0.866646 0.868186
0.874391 0.87517
0.872066 0.874311
0.848368 0.843423
0.852447 0.84824
0.845967 0.846321
0.860681 0.86055
0.869715 0.866992
0.858956 0.856701
0.864793 0.866317
0.876023 0.873808
0.873334 0.87365
0.872467 0.869454
0.87692 0.875615
0.877478 0.877767
0.880894 0.880174
0.879359 0.875665
0.883164 0.882604
0.880234 0.880537
0.876838 0.876246
0.876508 0.876979
0.861682 0.857404
0.857071 0.854373
0.852809 0.852209
0.841431 0.841625
0.863082 0.864922
0.868023 0.872248
0.860842 0.863681
0.868271 0.86949
0.88059 0.876847
0.865101 0.86724
0.863215 0.863566
0.880727 0.88136
0.880039 0.882382
0.869175 0.86904
0.874785 0.875226
0.878969 0.877105
0.88159 0.878791
0.870776 0.870295
0.880088 0.884947
0.895559 0.892386
0.876354 0.876425
0.883107 0.883222
0.8819 0.88297
0.876637 0.880394
0.883149 0.883264
0.883089 0.881846
0.878501 0.876364
0.874361 0.871302
0.87921 0.876485
0.873982 0.870943
0.882344 0.881922
0.879363 0.882847
0.87759 0.874348
0.858172 0.862473
0.873576 0.865832
0.874094 0.873041
0.880027 0.883077
0.855358 0.854417
0.856205 0.856471
0.848551 0.849909
0.845956 0.838807
0.849216 0.844999
0.845016 0.846846
0.8508 0.848205
0.856911 0.855852
0.845248 0.845237
0.867952 0.865927
0.870034 0.86871
0.87101 0.864447
0.865476 0.869091
0.865414 0.866389
0.856481 0.855572
0.869855 0.870755
0.863241 0.860161
0.861413 0.861381
0.854484 0.851655
0.862999 0.86193
0.852017 0.848911
0.84365 0.843493
0.840599 0.846353
0.853336 0.849086
0.863973 0.860303
0.87054 0.871597
0.879855 0.883026
0.868869 0.867231
0.866779 0.869238
0.881257 0.878836
0.877079 0.871996
0.877623 0.880262
0.884858 0.879725
0.8693 0.87102
0.866999 0.865886
0.874426 0.871132
0.860594 0.860223
0.863795 0.860641
0.871463 0.872384
0.871324 0.87498
0.86095 0.863954
0.860737 0.857675
0.855515 0.855464
0.845929 0.85034
0.850306 0.849407
0.873307 0.867391
0.857797 0.857302
0.878086 0.871834
0.863951 0.860049
0.874578 0.865204
0.877969 0.876461
0.872873 0.87777
0.869852 0.873733
0.863888 0.862408
0.872714 0.876823
0.872092 0.864148
0.86613 0.86694
0.875112 0.875341
0.872806 0.870278
0.884992 0.886987
0.878933 0.873932
0.875098 0.874267
0.862781 0.861539
0.866772 0.869037
0.87067 0.864715
0.867618 0.869985
0.865191 0.864137
0.867248 0.86596
0.864084 0.866105
0.87337 0.874354
0.879516 0.876133
0.868909 0.872316
0.876063 0.879637
0.882768 0.885283
0.870446 0.873048
0.874719 0.874549
0.869201 0.870075
0.877944 0.877024
0.882142 0.881227
0.884587 0.884014
0.881758 0.884033
0.88948 0.89728
0.892806 0.897865
0.891816 0.892189
0.885871 0.883211
0.881917 0.88549
0.886045 0.884784
0.888674 0.890026
0.879126 0.873158
0.872326 0.875208
0.882826 0.88366
0.87117 0.870027
0.891156 0.886712
0.894097 0.888535
0.886466 0.883179
0.881115 0.883208
0.891729 0.890741
0.895434 0.893722
0.887535 0.884442
0.888595 0.888675
0.872937 0.874419
0.873493 0.86818
0.866406 0.866875
0.868201 0.865606
0.873602 0.873741
0.880103 0.879508
0.878523 0.882589
0.87191 0.87137
0.878808 0.872356
0.87773 0.8777
0.887366 0.888047
0.88136 0.876336
0.878256 0.875611
0.875632 0.874844
0.874846 0.873899
0.884491 0.880071
0.882366 0.883446
0.867821 0.868968
0.864689 0.867085
0.877715 0.878587
0.878905 0.878972
0.869156 0.876805
0.869514 0.873308
0.864596 0.868938
0.879279 0.874192
0.854784 0.852004
0.857624 0.855427
0.861065 0.859911
0.849178 0.848256
0.841511 0.841899
0.842814 0.846294
0.870723 0.866054
0.860563 0.864004
0.868981 0.868908
0.863295 0.864522
0.856268 0.858874
0.851169 0.853857
0.860737 0.863494
0.859119 0.858362
0.857429 0.864288
0.866276 0.861981
0.857708 0.857651
0.853272 0.860652
0.857195 0.852448
0.86193 0.859331
0.845503 0.851572
0.860439 0.859387
0.85457 0.850961
0.868006 0.872205
0.862479 0.862566
0.877652 0.877504
0.883775 0.880312
0.89281 0.893636
0.897882 0.896041
0.89065 0.891361
0.888756 0.890242
0.880683 0.878255
0.88243 0.880119
0.878359 0.883376
0.877938 0.872534
0.880016 0.876071
0.869214 0.871145
0.892427 0.886471
0.883391 0.889112
0.888098 0.882684
0.884761 0.88049
0.886961 0.889535
0.879465 0.876975
0.874491 0.876913
0.86905 0.870864
0.864114 0.861989
0.870577 0.8732
0.880889 0.88157
0.884986 0.880313
0.879448 0.876555
0.880368 0.875588
0.876742 0.870891
0.861765 0.861848
0.85564 0.853515
0.874953 0.867818
0.869399 0.866149
0.871681 0.871531
0.859562 0.8634
0.86006 0.859192
0.861553 0.860899
0.862135 0.860198
0.860768 0.863008
0.850189 0.853971
0.857689 0.855045
