-25.3963
-15.7128
-8.95108
-13.8298
-20.2858
-15.7558
-23.7542
-19.6679
-14.16
-21.4063
-13.8504
-20.9943
-19.9546
-14.852
-18.31
-16.4125
-18.1167
-14.2757
-15.4451
-19.3034
-20.3926
-22.3757
-19.5108
-9.75994
-9.19309
-22.3705
-13.9543
-23.5884
-18.5973
-15.3111
-7.28781
-8.42035
-15.8784
-23.6581
-23.8079
-18.4769
-26.2116
-14.361
-13.2509
-15.9448
-16.3447
-6.39351
-13.7528
-14.9466
-7.18476
-14.6813
-15.8593
-11.2594
-13.2756
-15.924
-10.2224
-24.7672
-20.6995
-21.2414
-18.1526
-12.7986
-11.5277
-9.29749
-14.4711
-19.707
-20.1059
-13.0305
-15.1115
-19.2876
-19.5867
-16.4841
-18.249
-20.9213
-14.8393
-24.0325
-23.933
-15.1014
-16.1275
-11.2644
-11.0552
-16.4881
-24.4472
-19.973
-14.1314
-14.3301
-20.05
-24.4899
-28.0693
-16.2423
-18.8585
-22.6819
-18.165
-17.5973
-12.318
-15.4667
-14.2906
-20.4783
-19.1307
-21.7179
-12.0546
-18.276
-26.6943
-15.0893
-20.9223
-13.6186
-7.94975
-18.3663
-22.7408
-26.3195
-25.345
-17.8873
-16.8114
-23.1655
-8.72114
-20.2296
-24.9131
-19.9793
-21.3895
-8.5223
-18.7928
-24.0709
-24.1368
-9.98787
-19.7516
-21.3417
-21.6072
-2.62249
-21.031
-11.2057
-14.4199
-17.9279
-19.1486
-18.5642
-19.8824
-27.1812
-27.1376
-12.7716
-18.5922
-19.6287
-19.585
-12.7235
-15.4962
-14.6604
-11.6141
-23.6752
-20.489
-19.71
-21.6054
-11.6154
-17.4758
-14.3624
-27.6143
-17.0515
-17.6241
-16.8161
-19.7525
-25.743
-23.0283
-7.40017
-19.4763
-18.7669
-15.7809
-9.00951
-22.1629
-17.6387
-9.8415
-20.2158
-24.5882
-7.77456
-5.07408
-31.3249
-18.0897
-13.9326
-17.8671
-16.0644
-24.5093
-29.5426
-16.1663
-12.3558
-23.0084
-16.9171
-24.2442
-21.1134
-17.2361
-10.8831
-7.95203
-13.5203
-18.0058
-22.1731
-20.5769
-16.5868
-21.3311
-10.6791
-19.6738
-17.5794
-15.0309
-13.1313
-5.35928
-17.3361
-11.1944
-22.8161
-20.7425
-15.1977
-17.4645
-17.9568
-13.4239
-21.8468
-22.9403
-24.6398
-15.6792
-16.3239
-17.1511
-16.9889
-16.7484
-18.9078
-16.9083
-20.2776
-20.4133
-17.1953
-18.7336
-14.5207
-17.743
-16.2375
-13.582
-15.2344
-18.7616
-14.7908
-19.8154
-11.1386
-9.9812
-21.8968
-17.0209
-13.8702
-17.7573
-19.4215
-12.7984
-19.2921
-21.5737
-17.3834
-18.7249
-11.8145
-17.6819
-13.8606
-19.5236
-23.082
-6.93974
-10.8337
-11.6568
-15.2315
-14.2479
-15.6282
-12.6427
-21.2533
-22.9871
-3.53169
-19.8388
-7.93259
-7.1132
-10.3961
-20.2362
-20.1169
-16.1814
-20.6945
-11.7541
-14.2541
-16.5049
-20.3846
-28.0094
-24.245
-24.9292
-20.9054
-17.6919
-14.8739
-16.222
-16.4572
-21.43
-14.9406
-19.8902
-10.3612
-30.2304
-19.5414
-22.5284
-14.0866
-24.9868
-9.56835
-22.3531
-14.9037
-18.0551
-9.9698
-19.7218
-13.1071
-20.5035
-17.4548
-23.3725
-13.5765
-18.2552
-22.6044
-17.8073
-24.2598
-17.9874
-17.4405
-7.94366
-10.4108
-15.3703
-19.6812
-21.3442
-18.9475
-20.7256
-23.6662
-19.8093
-17.8147
-19.9942
-19.2278
-13.7191
-20.064
-18.4606
-8.93103
-16.9108
-25.1806
-26.2274
-19.7567
-10.1326
-27.3708
-29.9077
-16.2054
-23.8073
-17.087
-9.4243
-10.8264
-16.6508
-18.2891
-12.5371
-26.0824
-20.1319
-20.3064
-17.1357
-11.7225
-16.3585
-15.8384
-25.9959
-13.8132
-16.4648
-15.1134
-23.4782
-19.638
-22.6675
-13.1727
-15.5183
-17.4541
-26.689
-15.6991
-17.4749
-22.5382
-16.8212
-9.46631
-6.7545
-24.5476
-16.6486
-16.2486
-14.3467
-7.69688
-13.3112
-25.7601
-10.8691
-24.221
-27.9089
-16.8151
-7.96924
-21.6067
-23.093
-13.5263
-13.9647
-2.79474
-18.4689
-11.9991
-17.2001
-16.1149
-18.3626
-17.6691
-15.7382
-22.0339
-20.0385
-23.5551
-16.8458
-14.1331
-17.7224
-16.3303
-21.6169
-19.4175
-19.4433
-22.0948
-13.976
-17.0685
-14.1863
-19.192
-15.0908
-24.5937
-24.8737
-14.6656
-13.2791
-28.4945
-28.5739
-13.3783
-16.977
-22.5393
-24.4502
-8.46733
-14.379
-19.9605
-28.202
-22.2086
-17.6454
-16.0931
-19.2812
-15.868
-16.0815
-24.3106
-19.2211
-22.2077
-20.6972
-10.5027
-18.6756
-18.6134
-16.9443
-12.3683
-13.5698
-16.7275
-21.0386
-18.5768
-15.5307
-15.6002
-24.4754
-17.618
-12.4665
-23.9927
-16.6603
-18.7472
-26.4043
-19.4313
-19.1193
-23.1911
-11.1737
-19.6766
-15.1643
-21.88
-20.2849
-24.2331
-10.9478
-19.4718
-9.77443
-22.4038
-14.769
-15.7809
-27.2469
-12.5791
-21.1064
-11.5105
-11.8269
-13.5762
-10.4433
-10.8808
-14.536
-16.88
-25.6608
-21.0535
-11.3557
-22.8217
-14.3152
-8.80692
-13.9869
-11.6532
-15.794
-15.3596
-8.73319
-18.1736
-14.2743
-10.6727
-7.69332
-16.829
-22.3015
-23.1425
-15.0287
-26.9876
-17.6078
-14.3809
-18.6092
-9.28872
-21.5687
-20.5115
-21.5465
-18.5832
-19.1495
-19.4965
-18.6842
-19.4466
-19.865
-15.7612
-24.5581
-7.73236
-21.9477
-17.2501
-18.5183
-10.6325
-19.1718
-24.5766
-11.4766
-12.8884
-29.031
-12.6735
-24.9261
-17.3839
-14.8449
-18.3182
-14.3659
-17.7458
-9.26032
-16.1097
-22.0164
-22.9893
-9.97209
-10.5049
-16.0051
-13.7678
-18.2211
-17.9118
-14.9008
-17.3144
-11.6397
-11.0167
-20.1065
-17.7781
-11.0303
-13.3536
-15.8571
-8.50744
-19.4213
-19.9986
-17.1049
-15.605
-7.4269
-14.2626
-25.8921
-19.2902
-20.2049
-16.4401
-26.287
-22.2407
-16.379
-16.2472
-22.8342
-22.9374
-14.7916
-22.0974
-22.1271
-18.9232
-19.4994
-19.5972
-19.5155
-24.7001
-19.4696
-25.2828
-20.6192
-21.4949
-13.4041
-13.8779
-20.5165
-18.506
-12.2526
-11.1678
-17.7982
-26.6696
-19.1363
-13.7948
-18.3671
-14.5053
-18.6936
-24.9302
-7.06302
-10.8654
-11.2871
-14.7267
-15.2677
-26.9306
-23.8017
-17.664
-26.69
-28.4854
-14.8146
-12.4383
-20.1592
-23.1591
-22.3934
-10.4659
-16.5308
-17.0489
-21.3502
-25.9891
-20.2152
-17.1257
-13.62
-16.5807
-20.0902
-11.9867
-11.2231
-15.2008
-15.6351
-17.8919
-16.8363
-14.7769
-16.1105
-14.0286
-16.874
-18.9268
-15.2559
-16.5855
-11.2785
-24.1245
-20.3684
-25.5226
-14.4572
-13.6272
-22.2841
-18.6012
-10.5218
-31.0816
-18.0714
-23.7892
-5.75608
-19.3931
-19.7729
-22.0642
-9.54573
-22.6034
-12.188
-17.6908
-22.5647
-17.0608
-12.562
-14.5892
-26.6317
-23.4427
-21.6561
-15.591
-12.8804
-8.16921
-15.0576
-15.2042
-12.6959
-16.6017
-19.1832
-19.1895
-13.9042
-16.0536
-7.97484
-11.2223
-14.6752
-8.36893
-19.4153
-13.2653
-27.8483
-23.3424
-13.7693
-11.1778
-20.6533
-16.5957
-23.4725
-22.8445
-20.7886
-18.8209
-8.2644
-20.8272
-25.3134
-20.8631
-12.9746
-12.2778
-15.3917
-25.4514
-20.825
-20.8354
-12.0945
-22.1703
-19.5179
-23.2207
-24.5396
-25.5468
-11.2476
-12.5261
-17.153
-18.3315
-12.2362
-21.6008
-25.933
-19.7981
-14.257
-14.0154
-14.4011
-14.1463
-18.4098
-20.4105
-21.5199
-17.2782
-21.2067
-14.6133
-19.1851
-10.6353
-26.1638
-20.8514
-19.0657
-10.9018
-14.3924
-24.2546
-19.9656
-16.1332
-15.1708
-20.4152
-23.177
-14.1211
-17.8183
-23.7603
-15.8671
-10.8861
-21.5756
-20.1759
-14.1459
-17.437
-19.0416
-13.5551
-6.70027
-18.0017
-15.3971
-16.2846
-13.4673
-18.7326
-22.8163
-13.6036
-16.8508
-19.3118
-21.2533
-19.7208
-17.4553
-6.09755
-17.4879
-14.8717
-16.8764
-15.7884
-7.71211
-18.8459
-26.3126
-13.0089
-24.3947
-23.4485
-24.5996
-18.3436
-25.5615
-9.09977
-11.7918
-12.0088
-19.9061
-11.7961
-18.3408
-18.9227
-20.7028
-23.8376
-13.8013
-20.6707
-16.9694
-13.522
-24.454
-20.1606
-21.6891
-14.7121
-18.9233
-16.7814
-17.4371
-17.7864
-15.5829
-15.5529
-19.4409
-23.0147
-29.422
-18.6179
-13.9483
-15.0447
-13.4351
-19.0728
-9.10427
-14.4057
-21.0968
-20.6294
-19.9819
-13.7081
-13.116
-23.7848
-11.8229
-10.697
-7.91196
-14.6793
-13.2198
-5.68038
-13.7476
-17.4782
-21.2818
-11.1932
-21.8578
-14.9574
-10.795
-17.1003
-17.0023
-12.0554
-17.9275
-16.495
-18.8426
-22.1015
-17.9392
-19.4479
-27.3013
-21.6541
-22.0963
-14.8921
-18.5052
-11.6508
-18.0007
-23.6003
-21.2858
-21.7023
-19.1596
-26.09
-15.8462
-18.4211
-13.3868
-14.8882
-8.90602
-15.2721
-19.7859
-15.4683
-21.8786
-17.3093
-19.4431
-26.1208
-20.975
-13.0033
-20.6303
-18.7435
-20.3025
-18.8988
-18.753
-12.1867
-17.5733
-10.8457
-22.4202
-13.2064
-22.0399
-10.858
-23.642
-14.7675
-18.4406
-12.2613
-21.5273
-16.4322
-15.8226
-15.7503
-14.8847
-20.6128
-17.7391
-15.328
-17.8831
-21.8378
-7.67962
-13.4109
-11.499
-17.0323
-23.7413
-18.1712
-31.7112
-19.4724
-18.068
-18.3064
-19.447
-18.1653
-10.7744
-16.5994
-13.8919
-23.6001
-16.9804
-16.6406
-18.3718
-16.0043
-28.8867
-29.0796
-14.9664
-19.3505
-15.8185
-24.0014
-14.0803
-23.2095
-19.5349
-12.4377
-10.5829
-17.3424
-19.2186
-14.0654
-26.2845
-15.0157
-21.7917
-21.4811
-12.4234
-19.509
-21.3468
-20.9828
-20.1349
-21.3084
-18.1495
-16.1996
-16.0011
-17.0177
-24.0006
-20.4373
-26.3461
-22.5355
-12.7908
-9.91441
-19.0562
-15.5649
-20.9973
-15.0645
-18.1446
-23.0936
-15.5091
-10.9189
-15.6695
-11.5341
-15.6568
-19.94
-25.1893
-19.9408
-18.3349
-25.5598
-10.0435
-16.8667
-21.9279
-15.0383
-18.0464
-13.5714
-13.3204
-13.2349
-22.1356
-16.9451
-17.326
-14.8084
-17.9093
-16.0232
-19.7193
-20.0168
-16.71
-16.7058
-17.934
-13.572
-19.9079
-14.4531
-16.9377
-17.2721
-28.6523
-15.3639
-18.4412
-14.8928
-19.9829
-21.8209
-18.8793
-12.7036
-17.7782
-26.6975
-19.9742
-16.2675
-21.2062
-21.5072
-18.1393
-24.3507
-20.0903
-13.3225
-13.7174
-13.9201
-21.718
-22.6169
-12.4729
-19.2117
-22.5143
-15.6596
-23.4708
-21.6714
-23.2929
-15.4257
-15.4522
-17.5302
-17.5481
-18.4681
-8.04831
-20.3578
-21.5037
-14.1573
-24.1738
-28.2644
-10.6437
-24.7197
-19.4359
-17.6888
-16.6077
-17.9971
-18.4472
-10.741
-17.9155
-17.1661
-18.8804
-17.8537
-8.87
-23.1991
-24.3614
-15.0116
-12.442
-31.3658
-15.4712
-19.9562
-17.8132
-22.0113
-16.6476
-12.2584
-15.0505
-19.1505
-19.1001
-19.923
-20.5187
-22.8122
-22.9023
-24.3335
-12.7033
-19.9906
-11.5203
-19.568
-18.0016
-16.9007
-19.6266
-15.3487
-12.8743
-20.5218
-11.4375
-14.8921
-24.2248
-26.1288
-15.7854
-22.1158
-17.5912
-21.0174
-15.4812
-13.2837
-12.8285
-20.4425
-16.9677
-15.2512
-19.7627
-26.3603
-18.0219
-21.4498
-15.1719
-12.9658
-20.6001
-18.6634
-11.1214
-25.9154
-20.06
-22.2268
-20.2887
-16.7679
-18.3624
-18.6825
-16.0315
-17.582
-13.7927
-25.6332
-7.97877
-24.8334
-15.8597
-14.9754
-17.4979
-19.6997
-16.7194
-15.9175
-16.2177
-9.0293
-18.3468
-20.0502
-12.4184
-23.1475
-24.6766
-14.5556
-16.3273
-19.9239
-12.661
-21.0736
-15.218
-21.0939
-16.0981
-19.119
-11.0305
-11.5613
-14.9457
-12.3219
-17.8597
-14.2152
-13.3723
-22.9309
-20.8149
-11.077
-16.7923
-23.427
-13.8345
-16.4842
-22.5257
-17.8263
-20.5839
-15.7107
-26.0121
-23.9623
-21.1358
-13.9899
-17.6688
-23.3253
-3.65036
-19.5872
-23.2589
-10.3135
-13.9929
-15.1225
-19.9679
-18.6961
-15.1223
-12.772
-15.2423
-22.6476
-16.2501
-14.4207
-21.4421
-12.8951
-20.7812
-16.9975
-12.4264
-14.1539
-23.085
-19.1134
-22.2124
-11.8668
-9.95002
-15.7819
-8.21856
-13.8306
-23.3688
-13.4089
-18.5305
-13.7208
-9.65382
-12.8766
-19.218
-14.7357
-20.3442
-14.4039
-20.4772
-17.0531
-16.6579
-16.8224
-14.8618
-19.421
-19.3476
-17.9277
-19.4567
-22.922
-22.3088
-13.5554
-19.878
-16.4932
-28.0389
-16.9859
-15.3891
-14.9809
-13.5272
-20.9842
-17.0973
-26.4627
-18.4547
-13.9654
-30.5401
-19.6914
-19.6518
-18.3565
-24.699
-4.38498
-15.4578
-15.9916
-13.9565
-16.9138
-19.1915
-14.8029
-15.7506
-21.9428
-18.5078
-9.52717
-18.9046
-14.6835
-13.0924
-13.3467
-13.8973
-13.7285
-19.727
-22.8567
-17.892
-21.2339
-14.8546
-14.6323
-25.6954
-18.7556
-17.7091
-18.2116
-19.734
-16.904
-26.2745
-5.19885
-14.823
-23.1308
-18.6881
-16.7192
-18.1222
-14.1947
-19.3416
-15.524
-15.3155
-23.8129
-14.4977
-11.2244
-16.0603
-13.1581
-12.4816
-17.0348
-12.3391
-9.60334
-28.5174
-21.2581
-17.5869
-28.2019
-19.1748
-8.57366
-13.3338
-18.7291
-21.2976
-19.0135
-13.6141
-20.9238
-18.6976
-20.103
-24.3281
-14.062
-21.942
-20.8214
-20.2233
-21.0772
-19.8112
-18.1433
-11.0584
-18.8825
-15.316
-7.83777
-19.6281
-13.4027
-19.6743
-17.8983
-21.3326
-18.9581
-23.1897
-15.8876
-22.9822
-18.0038
-23.0634
-16.316
-20.6309
-23.0149
-17.0845
-12.7366
-21.8111
-23.2186
-12.3011
-16.008
-14.9796
-15.208
-16.4929
-14.7198
-13.1138
-27.5937
-17.2702
-23.1562
-19.6029
-25.1478
-20.8039
-11.939
-10.9462
-16.3035
-14.6775
-8.43392
-19.7953
-23.6753
-13.2163
-13.5301
-14.5407
-17.8924
-19.8966
-13.3789
-17.919
-20.2006
-21.7294
-7.85394
-13.5068
-14.2762
-18.4425
-25.0279
-9.89751
-22.3789
-25.9924
-16.175
-22.1701
-17.2591
-15.7727
-16.1968
-12.5451
-21.2506
-12.4479
-22.6571
-18.0777
-25.2386
-23.4421
-21.3972
-16.4089
-11.5238
-10.4492
-10.9728
-18.7892
-18.9445
-19.4744
-23.199
-21.6479
-16.2412
-15.8948
-7.08615
-17.6515
-18.8732
-19.8473
-12.6251
-16.7248
-16.2643
-12.9498
-13.2217
-16.7756
-18.0263
-22.975
-17.1195
-15.5969
-15.3049
-12.961
-17.6067
-22.0018
-29.7255
-21.3217
-12.4579
-22.3858
-26.7931
-22.3589
-19.7644
-23.6817
-13.235
-23.7563
-20.806
-13.971
-16.651
-16.4974
-26.7734
-21.7292
-18.1766
-21.0427
-14.6581
-17.8099
-14.2118
-13.993
-23.3855
-27.9198
-13.6986
-14.5008
-19.9289
-16.7767
-29.6204
-20.8794
-25.3487
-17.1419
-21.1971
-26.6863
-26.4819
-20.0723
-13.1847
-24.9992
-15.6965
-12.8646
-20.9037
-16.1218
-24.4448
-15.4483
-20.4015
-16.5572
-23.2731
-11.741
-18.8478
-16.654
-16.9813
-15.0956
-20.6724
-18.5924
-11.9712
-17.9014
-20.0187
-14.9151
-17.9952
-16.7556
-12.4156
-27.5542
-15.8664
-18.5717
-16.3249
-28.9653
-22.0451
-21.6098
-15.093
-21.5995
-26.476
-11.6541
-18.5797
-15.0908
-14.9963
-20.851
-20.1787
-20.1455
-16.9108
-16.8245
-20.0023
-19.1467
-26.1511
-14.6818
-29.6754
-25.9766
-16.9903
-23.8101
-15.9848
-21.7304
-21.9549
-16.2879
-15.1173
-17.966
-13.6033
-19.3209
-21.7362
-17.0329
-19.8521
-18.1548
-14.7059
-16.285
-17.4035
-18.7697
-12.2659
-22.8964
-22.5002
-14.1676
-20.2556
-29.3673
-15.6907
-14.9557
-14.334
-15.3643
-22.1098
-18.0455
-17.0806
-5.62672
-14.3344
-21.3521
-12.1935
-11.0802
-18.6753
-12.4589
-21.3483
-21.6964
-15.7736
-16.5451
-16.5812
-22.1807
-15.8536
-18.953
-14.2165
-10.2488
-16.8512
-19.9603
-14.8747
-15.4906
-13.0682
-19.6936
-22.1783
-21.4019
-25.6765
-14.1657
-21.1123
-14.061
-15.8096
-14.5007
-25.8772
-17.7118
-12.1789
-20.3903
-15.4139
-21.6052
-21.6768
-19.0664
-21.685
-9.97815
-12.9034
-21.6576
-19.8851
-20.8363
-20.0641
-21.6696
-24.6649
-23.2754
-11.7303
-16.4963
-14.9322
-21.6081
-12.4214
-20.1273
-21.703
-22.6995
-13.7329
-20.6712
-13.6147
-19.5414
-20.2954
-20.2857
-13.9821
-8.35821
-23.6064
-13.5198
-18.9204
-22.7984
-20.6147
-16.8033
-7.00122
-17.2902
-15.1379
-19.5565
-8.59689
-21.8856
-22.295
-14.0255
-19.6573
-25.085
-15.5458
-16.7971
-18.8695
-19.3615
-25.3274
-23.3671
-21.0079
-10.8962
-16.0998
-15.9237
-17.7913
-12.349
-20.4153
-3.07343
-24.5555
-10.6715
-15.301
-23.4806
-12.8615
-17.899
-14.939
-13.146
-16.2314
-17.9679
-13.4907
-12.4072
-25.3831
-20.1502
-11.0971
-23.2749
-22.1917
-19.0146
-24.6406
-14.3584
-20.9307
-20.7613
-15.462
-17.7717
-15.0895
-21.1099
-22.8371
-26.4262
-16.3816
-24.1136
-18.5676
-18.1073
-12.6649
-23.4601
-18.2039
-16.7468
-19.7195
-20.4179
-20.0784
-19.988
-16.6705
-19.6995
-16.1126
-22.2037
-21.0511
-18.8148
-18.5823
-14.8184
-12.7115
-19.4634
-20.7623
-26.3373
-18.4347
-11.9207
-23.6097
-17.7439
-18.5751
-13.853
-25.6449
-13.6384
-21.6045
-24.838
-18.37
-17.8805
-26.0328
-18.2917
-11.5159
-17.4043
-21.4835
-18.2157
-18.1106
-9.81453
-30.8712
-19.7782
-11.4404
-20.706
-28.4967
-26.0422
-10.2729
-18.8344
-16.2442
-18.3786
-18.1544
-13.6129
-17.741
-12.3151
-9.01206
-13.0065
-19.3996
-21.8319
-18.6756
-17.1933
-27.8648
-14.9802
-14.9165
-18.4938
-23.1054
-21.1814
-18.9966
-20.0237
-8.83367
-14.2369
-23.1231
-18.0999
-12.737
-19.4463
-21.5497
-19.5448
-15.994
-8.96394
-10.1421
-11.7782
-13.8719
-12.8923
-19.7396
-22.8918
-17.3609
-7.35548
-24.1012
-23.5864
-16.9455
-14.0073
-22.2448
-22.1234
-8.51351
-12.1679
-18.3158
-17.274
-13.0456
-13.34
-25.4811
-16.9417
-22.4038
-18.7948
-24.6066
-21.821
-26.2061
-19.5954
-19.3664
-24.3135
-18.925
-14.0141
-13.8414
-20.9165
-17.4434
-24.0938
-29.8797
-24.1183
-18.0329
-27.265
-21.3905
-15.207
-20.5315
-10.5127
-25.4318
-9.01568
-20.8368
-16.172
-20.2197
-13.4585
-19.1428
-12.9429
-15.59
-18.1854
-17.5181
-14.652
-9.83272
-16.5757
-20.9501
-12.44
-6.88969
-18.9113
-14.5925
-25.8938
-21.2233
-19.2678
-22.8564
-14.7565
-23.0691
-20.173
-17.0001
-19.6437
-16.9505
-20.837
-15.3677
-13.9472
-18.2927
-20.7813
-20.6232
-10.6766
-17.832
-23.7206
-20.0293
-21.3195
-19.3863
-12.4904
-16.3581
-20.5777
-25.3103
-23.9903
-8.99727
-20.6477
-15.2628
-17.4555
-17.0451
-22.9503
-14.5928
-14.9967
-9.42624
-18.3155
-7.5512
-21.4543
-18.6592
-18.1175
-26.4913
-17.9186
-15.7138
-12.5377
-17.049
-6.71802
-25.5552
-16.2565
-8.50747
-19.65
-20.7381
-27.4185
-28.7408
-19.5057
-14.1771
-23.4895
-18.6098
-19.2006
-18.5301
-22.2159
-20.4009
-15.4512
-19.0154
-18.7669
-18.5427
-20.7226
-19.4101
-21.0682
-14.5101
-27.2424
-16.1583
-13.8747
-24.5676
-12.9842
-21.4152
-15.1746
-17.7867
-18.9793
-12.1473
-13.197
-19.4346
-8.83815
-15.9034
-24.7634
-19.7437
-13.2041
-14.4408
-13.6887
-20.5042
-17.4919
-20.0385
-10.3231
-17.9445
-18.2015
-15.726
-15.5012
-11.0643
-18.1832
-8.02511
-14.0766
-21.425
-18.9483
-11.4923
-22.8382
-14.8503
-22.1151
-20.7721
-15.1256
-19.5218
-15.2048
-8.46728
-27.1099
-14.8996
-8.38712
-18.7023
-16.9057
-15.8352
-13.3187
-2.48773
-14.4032
-9.93937
-17.8072
-14.3902
-17.4956
-19.7469
-20.0352
-16.8408
-18.1783
-16.7961
-23.4889
-21.6964
-9.98772
-21.4796
-19.68
-17.2487
-17.3129
-16.107
-16.2585
-25.5064
-10.7623
-16.1138
-23.7156
-12.1695
-22.8143
-12.535
-8.37244
-23.1467
-15.9402
-18.1211
-8.92462
-12.9794
-18.8973
-15.0673
-18.6527
-20.574
-13.8474
-20.2519
-24.1999
-19.2485
-24.0668
-15.0771
-18.2841
-18.9324
-6.84394
-11.3665
-17.2517
-9.11838
-19.8597
-28.07
-17.7773
-11.4773
-16.2917
-7.66817
-12.7396
-11.2966
-17.2646
-19.646
-13.8401
-19.889
-13.9374
-9.76549
-14.2585
-9.67454
-9.12043
-9.73038
-17.3426
-15.3258
-14.4714
-32.0776
-9.76549
-23.0693
-17.2476
-16.8281
-17.8891
-20.9081
-14.773
-17.2438
-22.7327
-15.3981
-19.0414
-14.2921
-13.1916
-21.051
-17.9616
-19.3294
-23.1284
-20.4164
-15.9339
-22.1321
-13.3689
-28.3409
-23.1381
-21.8553
-16.0319
-17.5678
-23.3409
-12.7447
-24.308
-20.6195
-19.6604
-14.5849
-16.0901
-17.0787
-20.5317
-18.763
-13.1837
-21.2667
-16.6385
-21.3561
-21.1624
-15.8793
-21.0847
-23.7157
-12.076
-11.6363
-18.8775
-29.0724
-20.1991
-11.3779
-21.2161
-16.9476
-17.7465
-12.3017
-18.263
-13.7749
-15.4969
-19.2299
-25.1549
-23.3679
-16.2174
-15.2316
-17.418
-16.1479
-20.0348
-11.4832
-20.8923
-20.4794
-15.8307
-13.1951
-10.5699
-22.8446
-19.2981
-14.8106
-10.8432
-11.03
-16.6338
-23.4601
-17.9363
-15.1794
-14.9473
-11.5993
-13.8328
-25.8467
-19.6735
-18.4773
-18.5808
-12.0215
-20.8343
-23.6576
-12.3121
-20.8505
-13.582
-19.0665
-26.2834
-10.7405
-24.1965
-14.5712
-7.39511
-21.6641
-15.4196
-23.589
-16.1937
-23.6499
-19.4731
-16.0893
-12.8167
-18.5765
-13.3983
-15.4107
-18.52
-14.7893
-16.8639
-19.1563
-18.8901
-11.2107
-18.1246
-17.856
-13.5596
-22.4174
-19.4127
-17.9538
-16.2712
-18.4535
-22.3214
-23.0879
-18.1462
-15.4222
-21.023
-22.6576
-17.9635
-12.5373
-12.6602
-23.8751
-21.209
-15.8692
-21.104
-14.8474
-13.1227
-13.6213
-24.5315
-18.8859
-16.7678
-23.2776
-23.9016
-19.1776
-9.38714
-11.4461
-18.412
-13.2621
-20.737
-15.6913
-21.416
-21.6712
-15.7129
-23.1619
-22.589
-19.7627
-23.4604
-18.7191
-19.5084
-8.83478
-23.7788
-18.7087
-20.2148
-14.3618
-9.14945
-17.3396
-19.4151
-17.7971
-17.7921
-20.2091
-16.5494
-15.5507
-23.7343
-17.1633
-15.579
-14.2334
-19.8853
-9.934
-11.2699
-15.0088
-15.5726
-10.8907
-19.3709
-6.1975
-11.8381
-20.368
-15.7296
-21.3695
-16.4499
-21.4172
-18.317
-16.0859
-23.1554
-18.3198
-17.9937
-7.36951
-21.6534
-11.4826
-20.556
-25.1655
-21.5325
-26.3175
-16.5354
-23.2714
-12.5581
-16.2824
-15.2541
-12.3971
-12.2297
-14.1138
-18.2181
-17.795
-20.4656
-5.27758
-2.84647
-21.1105
-16.1724
-17.2891
-16.1316
-19.4803
-20.9289
-17.648
-20.0659
-10.1208
-26.0739
-20.2959
-22.9314
-18.4029
-19.2347
-15.3713
-19.6261
-6.9764
-18.6564
-7.72638
-14.8028
-13.1515
-27.0733
-22.8265
-17.6945
-24.2381
-28.402
-23.0378
-26.1762
-19.6943
-16.0948
-22.7227
-20.9364
-23.1479
-20.3338
-22.2362
-16.8043
-22.3728
-15.0835
-14.2333
-16.9124
-16.4047
-20.4397
-14.7485
-24.7793
-21.4384
-11.7244
-22.5628
-23.6312
-13.2551
-20.0462
-16.5169
-19.4811
-19.4349
-16.0548
-7.59346
-18.4835
-21.4422
-20.1987
-18.6062
-22.3339
-13.5062
-22.594
-13.096
-13.2152
-19.9522
-12.9032
-21.6863
-16.2265
-15.5749
-19.1199
-17.4048
-25.0237
-19.696
-18.8683
-18.9733
-21.1836
-22.7516
-19.9537
-21.0398
-18.6209
-13.0344
-12.9455
-24.6123
-24.15
-8.26467
-10.4401
-19.629
-17.9972
-16.5055
-20.8589
-24.7099
-9.92438
-19.5971
-13.3846
-14.0628
-18.0608
-15.5314
-15.6558
-28.6691
-22.5497
-14.5446
-11.0119
-12.1135
-27.6716
-28.7286
-9.8141
-8.68708
-23.8816
-17.3092
-17.8902
-12.0193
-10.7568
-11.5123
-11.6331
-14.7883
-17.2661
-19.9408
-15.0856
-13.1642
-19.4281
-16.7697
-21.0508
-21.8336
-12.7456
-22.4413
-9.25118
-20.6926
-19.4679
-16.6419
-12.2297
-16.4646
-9.5441
-11.4803
-24.6616
-17.2874
-18.1349
-23.1498
-18.5006
-21.6956
-21.5581
-11.724
-21.7531
-7.34894
-11.0278
-20.0102
-25.0071
-14.2395
-15.4196
-10.4067
-17.2302
-10.4239
-19.0526
-19.2613
-24.0121
-21.6039
-23.5288
-14.6407
-20.7049
-15.8803
-14.6932
-17.5066
-17.8815
-19.4442
-4.08147
-15.3404
-20.8017
-20.7617
-20.8369
-13.09
-20.1126
-17.7228
-12.9921
-13.3754
-20.4563
-9.59963
-25.1287
-16.0257
-11.5031
-17.0949
-21.8812
-16.0174
-21.6913
-19.9475
-18.2765
-19.0256
-19.3114
-9.05167
-16.4454
-16.6939
-17.988
-20.0451
-13.8972
-21.1888
-20.5603
-19.4632
-16.5729
-17.4315
-18.8409
-14.8986
-15.4212
-12.4777
-12.2916
-21.0067
-14.2183
-14.3609
-18.6538
-17.6252
-7.0135
-12.9594
-11.488
-15.3189
-7.8504
-12.0045
-10.5917
-26.5053
-13.0774
-18.1789
-15.5695
-23.3201
-9.50724
-15.6603
-22.091
-19.2746
-19.693
-11.5857
-22.2617
-25.7908
-15.9782
-25.5993
-15.8269
-17.704
-14.6278
-20.2419
-13.7593
-17.7679
-20.7603
-19.2295
-21.3175
-20.2739
-10.0129
-12.885
-18.9761
-16.2051
-20.7468
-15.2937
-25.5462
-10.0572
-13.9754
-13.6829
-14.9658
-19.9099
-16.0573
-24.542
-17.0892
-13.8929
-1.03826
-16.1003
-15.8486
-18.6541
-20.4118
-22.527
-19.6402
-21.631
-14.1221
-17.3989
-17.5009
-19.5483
-10.6867
-13.3141
-23.5787
-20.7818
-27.1735
-19.1801
-21.783
-26.8716
-14.4535
-22.6617
-16.5231
-13.5939
-11.3759
-25.4654
-21.0728
-18.0537
-11.1168
-18.5232
-15.7794
-12.6695
-17.1021
-24.2181
-11.3582
-17.5175
-22.7973
-17.8806
-25.2717
-12.4103
-22.9625
-15.5762
-16.7636
-16.8069
-19.1446
-8.04887
-22.8736
-10.6295
-15.6301
-15.4096
-15.7296
-15.863
-17.7956
-15.1668
-19.551
-20.9152
-17.8138
-20.559
-18.7405
-18.6719
-14.5071
-22.87
-25.3439
-9.38359
-20.5114
-12.0131
-21.539
-19.8692
-14.5999
-13.126
-31.4959
-15.1704
-9.28906
-22.7154
-17.9702
-26.1229
-14.1421
-17.3038
-21.7811
-15.2302
-20.2385
-18.5118
-14.6094
-15.7829
-17.9066
-9.39019
-19.6507
-15.4404
-20.1754
-22.4594
-24.597
-21.3245
-23.3023
-22.7509
-15.7198
-23.3634
-19.4939
-18.2728
-15.5663
-11.2381
-14.2206
-14.1537
-23.3692
-14.3955
-18.6732
-11.8599
-15.2425
-16.9114
-25.6873
-12.4128
-15.5745
-9.93045
-18.2341
-7.38408
-17.8209
-19.881
-16.0793
-6.82094
-22.5853
-8.46861
-15.7438
-22.1321
-17.9782
-14.7314
-27.7128
-15.9077
-17.1204
-13.038
-11.7876
-20.4966
-19.3936
-8.47484
-19.154
-14.292
-21.0679
-19.0565
-17.2092
-21.5756
-12.6386
-17.2854
-19.8765
-19.3307
-19.2535
-22.7496
-18.2491
-21.7065
-18.6601
-17.503
-9.06476
-9.90154
-19.0034
-7.41247
-20.4915
-20.2104
-24.854
-25.9602
-13.5897
-13.0752
-13.4456
-15.0862
-23.9114
-22.4881
-22.9123
-16.9156
-15.0108
-12.9025
-14.8579
-21.2456
-20.0268
-21.5773
-20.1977
-17.8184
-11.5965
-13.8269
-19.6962
-12.4859
-26.0227
-17.6289
-21.9263
-9.96419
-18.4486
-13.5691
-13.7335
-14.5477
-21.4468
-17.398
-21.0044
-23.1722
-18.7512
-16.5627
-20.6447
-17.6995
-15.6631
-13.8523
-17.7904
-19.5583
-15.0171
-19.6086
-12.6937
-30.4774
-13.5914
-21.0709
-15.8115
-11.1712
-24.597
-12.1814
-16.4167
-20.3037
-21.3094
-9.48714
-22.5831
-20.1587
-17.2396
-13.4802
-17.3838
-15.3248
-20.477
-21.0129
-25.5711
-16.7355
-19.207
-19.6638
-15.4848
-14.114
-21.636
-9.51038
-13.0118
-17.0597
-27.3145
-14.5594
-15.54
-20.4321
-12.791
-20.1492
-20.1791
-17.471
-14.4906
-24.074
-13.3763
-20.6874
-6.65499
-14.2625
-17.6842
-7.51433
-19.5198
-20.1779
-21.2261
-17.6009
-19.961
-18.3808
-18.5839
-19.2582
-9.49894
-21.936
-19.2198
-24.1914
-16.4854
-18.8075
-14.5227
-18.733
-16.9972
-14.9696
-24.307
-21.0586
-19.8938
-15.1792
-26.7979
-13.1701
-16.362
-15.2249
-18.4316
-12.6893
-23.5472
-16.4682
-22.59
-16.2881
-21.5237
-17.3449
-17.9505
-16.8162
-26.6575
-17.6449
-11.5801
-25.4086
-22.912
-6.11534
-19.2786
-13.5371
-18.5856
-22.4044
-14.5131
-23.5552
-19.0295
-16.6681
-30.181
-13.7093
-10.0597
-14.6819
-16.0227
-24.602
-16.4989
-20.6958
-14.6637
-15.3701
-23.1241
-16.6626
-15.0734
-23.5018
-10.2643
-15.799
-16.641
-14.4611
-19.234
-24.7454
-10.9291
-19.562
-17.8023
-22.3912
-13.4999
-16.4712
-15.3282
-24.3003
-21.7896
-25.5161
-15.4935
-20.1852
-6.32419
-17.8448
-18.0682
-16.7394
-19.39
-16.7472
-12.7821
-26.1458
-16.0528
-16.6237
-19.4559
-20.2537
-19.1529
-10.0775
-17.5596
-17.65
-24.1748
-15.7333
-17.4309
-17.3686
-22.0009
-3.87968
-12.0213
-19.1125
-21.101
-24.1984
-20.3348
-23.2886
-16.5759
-18.9785
-14.6563
-12.048
-10.2567
-13.9484
-22.4267
-24.9397
-23.969
-17.0553
-12.6654
-21.4954
-22.0899
-12.1348
-27.4047
-15.1536
-15.7666
-18.2469
-21.9338
-18.9419
-18.1805
-15.1852
-21.7471
-19.8415
-9.53341
-26.4275
-22.2745
-11.6173
-18.1691
-21.4053
-20.0593
-17.5994
-16.445
-18.2187
-16.1864
-22.507
-19.5753
-22.1552
-15.931
-21.5801
-20.7697
-21.1439
-9.54898
-20.9582
-24.1968
-19.1288
-15.8593
-21.7361
-13.2277
-21.3476
-17.8092
-16.935
-12.3204
-15.6631
-19.2703
-18.2853
-17.4208
-9.73756
-12.1379
-19.4229
-17.4097
-21.1338
-25.6378
-13.5185
-16.9634
-22.7613
-16.7519
-15.1012
-12.4911
-15.7709
-24.1221
-19.1884
-20.9529
-11.6915
-15.8531
-19.7953
-23.9445
-21.776
-18.4362
-19.906
-15.6417
-13.0302
-19.5263
-23.5963
-18.1839
-13.5848
-11.2302
-22.0707
-20.2936
-14.6343
-22.3177
-17.0308
-17.0738
-17.8524
-20.535
-19.6915
-18.41
-19.179
-13.6929
-24.3647
-17.8476
-24.7673
-16.6117
-25.6951
-19.8431
-11.9184
-13.5566
-22.9956
-20.8816
-21.8196
-24.8576
-20.1347
-17.5208
-13.7789
-15.2967
-27.5113
-15.5121
-19.4664
-25.2708
-17.306
-18.9639
-13.7832
-10.2901
-22.7205
-18.6736
-17.7477
-20.9413
-25.1232
-14.2919
-16.8595
-17.3049
-19.6572
-15.3757
-20.0905
-24.3164
-7.64368
-20.6119
-13.2383
-19.7926
-17.3105
-9.95968
-26.9738
-12.9062
-12.9531
-13.1612
-14.7409
-17.5432
-19.0029
-23.6903
-21.9484
-18.7951
-17.7971
-16.2761
-13.6467
-20.867
-17.3495
-13.3892
-19.7831
-19.4678
-18.2078
-19.0868
-23.7555
-23.9428
-17.3004
-19.3775
-26.1268
-18.8672
-15.5455
-5.6652
-17.4508
-18.4633
-21.0309
-24.7767
-20.6339
-11.6659
-10.5871
-19.5145
-19.0748
-10.3817
-11.3119
-19.8414
-20.2658
-21.0265
-30.6294
-5.27466
-20.7655
-15.9653
-20.9668
-16.2808
-9.57172
-17.9053
-12.4807
-18.7656
-21.1942
-12.9749
-9.74295
-17.3571
-20.4127
-23.0899
-18.9954
-19.4085
-14.9686
-22.8834
-19.6038
-25.3295
-9.6699
-22.1126
-17.0765
-13.0172
-19.3139
-18.6866
-13.2768
-13.241
-17.1621
-9.09489
-23.2044
-13.3829
-19.1739
-18.0464
-17.1086
-24.9744
-16.7044
-20.4779
-12.2859
-12.32
-16.3109
-23.5735
-19.7934
-13.9037
-17.9199
-24.8435
-24.4797
-14.6899
-20.4425
-20.954
-26.1089
-17.8823
-16.9899
-12.3165
-21.7182
-22.3221
-17.6285
-14.0114
-15.5043
-12.1495
-23.1101
-21.2554
-11.0645
-16.4476
-13.6487
-22.3354
-17.7746
-28.9755
-21.997
-7.74083
-18.0652
-9.72575
-19.7585
-24.0235
-15.452
-12.956
-22.5048
-14.5918
-16.8028
-20.3402
-11.3391
-14.7499
-17.7465
-19.6199
-16.3783
-15.9781
-16.5529
-15.4281
-16.058
-16.5083
-20.9892
-18.2115
-16.5646
-19.3141
-15.7964
-18.8361
-17.6576
-11.2814
-7.8136
-20.3531
-17.9471
-17.6972
-15.8688
-18.4143
-25.6489
-12.3768
-18.7409
-20.571
-16.9613
-14.8758
-14.8769
-14.1951
-22.7637
-22.0134
-20.9782
-21.5917
-13.2518
-23.1769
-17.3948
-11.2073
-27.9819
-14.4455
-8.41713
-18.0149
-20.2388
-17.0785
-13.0229
-14.8275
-10.3369
-22.8952
-18.4105
-23.4646
-19.2344
-21.764
-26.184
-24.5426
-14.9519
-13.8195
-14.342
-20.7276
-19.8956
-21.2736
-18.2708
-11.4069
-17.8653
-21.3313
-22.4327
-25.5454
-19.499
-15.9886
-15.6971
-20.8659
-10.8847
-17.8371
-15.8482
-17.5199
-18.7469
-16.7416
-18.6871
-16.2702
-17.7857
-17.1131
-17.8872
-17.5377
-14.7899
-21.8459
-16.141
-21.0048
-23.5963
-15.0234
-13.9438
-11.4724
-8.13475
-21.1337
-27.7866
-17.3282
-20.0949
-16.3151
-17.4482
-22.2386
-20.1554
-10.021
-23.1147
-20.5713
-8.11354
-25.664
-23.219
-20.6369
-17.5898
-22.0578
-23.068
-18.3374
-1.57491
-18.9865
-10.0339
-19.1142
-23.249
-17.2471
-18.186
-23.0354
-13.3891
-11.7426
-28.6491
-20.1653
-11.9929
-26.2206
-17.794
-20.0184
-14.9992
-19.0535
-19.956
-22.5728
-19.288
-18.1155
-11.0173
-20.8114
-19.5552
-11.0387
-14.8588
-17.7637
-16.1697
-19.7353
-21.125
-14.0088
-11.5391
-25.2991
-21.7734
-11.6844
-18.9719
-11.9608
-29.26
-19.1216
-22.2467
-19.9881
-12.7934
-16.5888
-12.5381
-22.6226
-18.8078
-23.1585
-12.251
-23.7873
-13.4747
-22.9913
-12.4904
-13.1758
-15.8009
-12.6868
-11.2406
-10.8895
-21.6594
-25.9173
-16.1052
-13.6357
-20.001
-8.04295
-17.8735
-20.0883
-18.5778
-18.8622
-18.2705
-13.3058
-23.6483
-12.293
-21.3042
-16.6587
-15.7242
-10.5166
-27.3543
-16.0093
-16.8914
-15.2735
-22.4337
-15.1147
-18.7672
-21.9697
-15.8705
-23.9233
-25.4381
-18.8441
-15.2526
-13.2972
-17.5404
-13.753
-13.8917
-18.7045
-14.0514
-16.8928
-21.4933
-14.6158
-23.7485
-17.6901
-20.1028
-10.5651
-23.2072
-21.7451
-13.5188
-22.6522
-21.0625
-11.89
-17.6584
-14.6773
-6.47265
-18.2885
-19.9007
-10.569
-14.8515
-19.9353
-20.557
-18.0954
-14.908
-22.2909
-19.684
-17.7569
-18.5863
-4.45767
-16.9782
-18.535
-26.2899
-18.2327
-15.7021
-14.6977
-20.8049
-16.1067
-22.6734
-18.8588
-15.5921
-8.17767
-15.3704
-25.0015
-19.4621
-21.3416
-16.0966
-13.8643
-13.7235
-12.6488
-7.97787
-21.2704
-16.528
-25.2955
-14.3921
-13.563
-17.874
-18.4394
-17.1027
-13.6562
-21.9272
-13.5571
-14.8354
-21.9271
-21.2046
-22.3613
-23.3269
-10.7709
-19.9607
-15.2981
-23.5645
-19.2794
-16.5847
-15.2821
-11.4639
-19.5602
-19.1078
-18.7495
-17.1866
-16.8059
-13.2119
-12.0016
-16.5751
-20.7831
-20.7767
-24.6757
-18.2717
-26.1009
-16.8269
-7.78137
-16.1393
-20.5905
-16.3969
-13.6456
-13.2855
-18.485
-18.7038
-16.8793
-21.1361
-19.5213
-19.7659
-29.6479
-26.1829
-19.9751
-19.1207
-23.1291
-23.3707
-18.2329
-18.9644
-13.6511
-19.1058
-15.7957
-21.5139
-15.8273
-20.4709
-22.2179
-21.5105
-23.8888
-7.02573
-14.3314
-21.1989
-11.4425
-18.0344
-14.0708
-15.2156
-18.3761
-20.0946
-17.251
-16.7307
-9.14847
-22.2422
-17.3669
-23.2095
-8.69056
-5.3035
-24.0605
-15.9553
-19.0081
-20.0979
-12.5635
-18.2159
-19.9793
-23.5335
-27.2009
-13.0935
-16.0234
-11.195
-16.1691
-11.3427
-18.0914
-27.713
-18.9657
-13.2654
-10.0557
-16.1644
-15.3448
-24.8329
-15.2992
-18.2461
-24.3671
-19.1132
-15.1181
-18.5646
-18.6571
-21.9147
-5.45311
-18.9347
-14.1621
-21.0636
-23.9805
-21.1368
-20.1176
-6.79868
-22.9531
-18.4906
-20.7718
-13.6495
-25.4636
-14.3258
-6.79968
-20.0254
-14.2278
-20.3575
-22.4475
-17.4046
-17.3883
-21.2332
-16.5592
-21.8027
-20.6572
-17.4506
-20.4198
-16.4155
-15.9779
-12.6732
-13.2756
-21.7805
-13.9832
-22.4441
-20.1572
-7.22113
-22.8744
-15.7701
-6.76614
-24.0086
-19.7001
-17.0592
-17.287
-24.0883
-20.3502
-25.2498
-18.9846
-24.2441
-23.5806
-9.58653
-20.3457
-22.3534
-19.3616
-21.3513
-21.6169
-17.3995
-18.081
-19.3986
-13.6609
-16.6986
-15.0748
-15.8567
-16.9365
-16.4676
-17.7598
-17.7993
-12.9894
-9.32888
-17.2655
-20.6622
-9.32524
-16.7254
-23.6521
-18.5945
-12.5475
-13.4279
-19.3203
-11.9394
-22.1301
-11.2283
-10.0545
-19.2016
-9.22035
-10.5425
-26.3395
-11.5657
-14.9649
-22.9042
-19.9544
-21.8753
-19.2786
-16.8412
-16.6001
-19.6458
-21.2598
-20.1542
-21.9568
-23.9406
-16.8607
-18.6008
-18.0534
-17.2507
-14.3919
-11.0917
-8.57198
-20.9508
-16.1524
-16.1861
-24.6978
-29.9146
-19.3797
-16.4504
-21.0842
-23.9062
-23.4631
-13.8181
-20.897
-20.4483
-19.8609
-23.8472
-14.2904
-14.9473
-13.6217
-16.2849
-25.7351
-16.2677
-17.5311
-20.0693
-19.2794
-25.2552
-22.2725
-12.3448
-17.1319
-22.1327
-10.7046
-12.6663
-9.48382
-13.7275
-10.1607
-13.034
-16.563
-15.2367
-13.9106
-17.2964
-16.3987
-18.6033
-17.8783
-18.195
-15.7044
-19.4824
-16.6843
-13.4066
-18.4352
-16.6478
-27.7989
-12.9165
-11.4624
-9.01836
-16.6172
-18.5885
-17.4055
-22.8825
-17.2646
-15.2442
-20.9026
-20.1291
-9.16438
-18.6243
-23.9319
-14.1544
-21.7989
-18.9098
-19.6782
-16.9471
-28.3301
-22.6494
-19.6178
-26.9356
-12.8111
-14.7311
-17.1595
-14.7777
-20.7634
-22.6697
-27.1634
-15.4396
-15.1886
-19.5868
-16.4664
-22.9527
-21.77
-14.8115
-26.1363
-9.8169
-19.4723
-8.64521
-17.243
-18.6918
-22.9054
-23.302
-15.6129
-15.3342
-8.17322
-23.7466
-21.7126
-18.0829
-18.5957
-16.269
-16.2803
-12.0829
-22.6614
-14.8995
-14.9115
-16.4151
-17.6112
-18.4217
-17.5735
-23.095
-14.1644
-16.6765
-18.6751
-13.1837
-12.7199
-16.3359
-17.0263
-16.6985
-14.6303
-9.78015
-19.6324
-9.75906
-19.4967
-17.1077
-14.4983
-18.2463
-18.6965
-18.1565
-23.1388
-15.5796
-15.1997
-17.5482
-15.3537
-20.97
-18.7448
-12.3167
-19.8563
-19.4919
-25.2753
-16.0869
-19.1035
-21.1895
-14.3193
-19.7888
-20.8784
-18.247
-20.5967
-5.32623
-19.6371
-14.3956
-24.4164
-16.9326
-10.1856
-21.2384
-15.8934
-17.5295
-25.0097
-18.0734
-15.1335
-10.8992
-18.5054
-17.9787
-11.9999
-20.8622
-13.8493
-18.4677
-25.9388
-11.7694
-14.8418
-14.1295
-13.2116
-17.7194
-24.5641
-13.8802
-14.9831
-20.7575
-12.6978
-14.5216
-20.2503
-14.412
-21.585
-23.2491
-14.4076
-16.0237
-15.3087
-12.1466
-14.1541
-11.7966
-8.7459
-16.0326
-24.5271
-14.3523
-17.9691
-24.4661
-22.2524
-19.7856
-19.2102
-23.5996
-13.8189
-17.2255
-23.806
-14.1034
-18.6618
-14.2777
-18.86
-15.5464
-15.7604
-13.8109
-11.5536
-14.5628
-13.1345
-15.1925
-1.67191
-11.7972
-20.6459
-13.8392
-9.52332
-23.3995
-8.74226
-21.2819
-15.798
-15.33
-24.413
-20.2474
-18.3523
-12.479
-17.6016
-20.0819
-22.8907
-23.3991
-17.2328
-20.5881
-21.1943
-20.4561
-16.2219
-20.5327
-27.7051
-18.2913
-13.2266
-27.6102
-16.9113
-18.7394
-16.114
-18.9147
-14.4905
-18.4201
-9.0485
-20.236
-23.6578
-17.977
-12.0497
-13.8715
-23.592
-12.5278
-15.5411
-9.49999
-13.437
-23.4409
-20.1211
-10.5194
-19.7451
-13.3702
-20.3894
-18.5696
-3.97105
-18.9672
-21.3216
-24.9523
-13.3047
-14.7054
-14.3327
-17.0665
-18.9562
-16.699
-14.2018
-17.8223
-13.7758
-4.32864
-9.77522
-23.7601
-25.6017
-21.3526
-23.7235
-18.472
-24.6335
-22.172
-19.8457
-12.3531
-21.1646
-18.7084
-17.6949
-16.8175
-13.5516
-28.8058
-21.5803
-24.0753
-18.1956
-21.7464
-10.7547
-12.0627
-26.1741
-14.2893
-16.9448
-9.98627
-14.2869
-17.4329
-19.6067
-15.7485
-24.9215
-17.3113
-11.6354
-23.1685
-16.1468
-20.7895
-26.2953
-14.4237
-20.8595
-19.3865
-10.5335
-24.2269
-20.2801
-15.3848
-22.85
-19.583
-15.3616
-26.2555
-20.7146
-15.7305
-14.8984
-20.2581
-16.6106
-13.1224
-15.6361
-17.8972
-7.93057
-17.087
-17.1793
-24.4842
-11.3564
-17.1142
-14.4159
-15.5061
-18.8628
-18.7458
-16.8137
-20.7294
-18.2673
-20.0026
-14.4805
-14.4334
-16.0827
-19.173
-15.6541
-22.3876
-7.99353
-18.1142
-13.5691
-18.0169
-12.2645
-15.0523
-14.096
-13.0804
-23.386
-17.1298
-16.6111
-14.3918
-26.0631
-16.3383
-16.0209
-16.9487
-23.9232
-20.9798
-25.1139
-15.6702
-16.9332
-17.8077
-20.1243
-18.7109
-11.73
-9.47001
-25.4488
-13.4881
-16.3003
-14.357
-25.5421
-13.0115
-23.1547
-20.2064
-18.7596
-19.4709
-24.3584
-15.6879
-23.7107
-29.6233
-16.8722
-17.2733
-22.7144
-9.72497
-9.87268
-13.9241
-19.8062
-13.6307
-14.4534
-22.5519
-10.3193
-7.77316
-15.0379
-8.50154
-16.9859
-18.3311
-12.3611
-24.6617
-17.3879
-13.4174
-15.1673
-14.7572
-23.1143
-18.2373
-22.4583
-13.3253
-18.4788
-11.0509
-19.8323
-19.7227
-17.9724
-18.2136
-19.1085
-15.5338
-10.8268
-16.4186
-15.6883
-15.6724
-27.9376
-9.3241
-11.8208
-11.2305
-17.4911
-19.3543
-12.8685
-17.7456
-11.0023
-18.3726
-15.2714
-12.1078
-9.08722
-21.2822
-7.36785
-24.019
-18.0882
-21.2412
-13.134
-16.3627
-13.9936
-11.3626
-19.6751
-21.2997
-15.5874
-18.2656
-23.2875
-14.3039
-17.8115
-19.0142
-30.061
-13.7608
-16.3295
-18.9104
-9.09945
-19.1418
-17.3819
-20.4272
-18.7562
-19.6846
-17.1286
-23.76
-15.6689
-24.296
-23.9878
-20.8635
-10.4442
-15.4336
-12.6094
-18.3386
-10.8137
-20.8661
-18.6569
-12.7722
-11.5065
-13.8114
-18.0533
-13.5164
-24.4951
-19.1051
-14.9759
-23.5949
-21.399
-19.6942
-17.9403
-17.3408
-13.3617
-19.8297
-14.4086
-16.0773
-18.2944
-14.6972
-19.6832
-17.1436
-14.544
-14.8446
-18.5352
-16.0286
-25.1233
-16.4319
-22.1156
-23.5339
-17.4693
-19.6046
-26.0404
-28.723
-16.0634
-14.8812
-9.07495
-24.4848
-27.5806
-13.6793
-22.2942
-16.4608
-25.77
-16.8512
-16.8942
-13.5048
-22.8547
-10.8867
-15.8094
-18.3532
-8.6759
-11.9135
-12.2864
-15.4555
-9.34541
-14.8889
-14.1505
-21.415
-16.1015
-8.23883
-16.0895
-12.3324
-23.8849
-17.4312
-27.2454
-22.1812
-18.8393
-16.1228
-21.933
-14.0893
-13.123
-22.8279
-11.8048
-20.0313
-17.6621
-10.6333
-16.5468
-23.3766
-13.8834
-16.7628
-16.2033
-9.69135
-17.7377
-20.9446
-17.7282
-16.163
-13.4546
-16.1341
-25.8636
-22.7112
-15.1497
-23.0012
-15.0986
-4.74622
-15.0656
-15.9694
-17.9984
-20.4807
-13.6501
-21.7891
-12.1516
-17.8122
-17.1429
-17.3529
-15.8534
-10.0527
-15.3907
-12.6058
-18.0089
-19.4194
-24.6112
-16.2457
-24.0839
-14.5552
-15.6476
-15.5358
-20.1163
-15.5028
-14.0957
-17.841
-14.3975
-7.44129
-16.9865
-14.1851
-23.5814
-16.5044
-16.1149
-12.3271
-25.0938
-20.4435
-17.0755
-25.8815
-21.6825
-14.992
-20.7281
-13.8261
-23.3251
-17.0303
-17.13
-14.9639
-20.1351
-19.3005
-22.0793
-16.5957
-15.1185
-11.9707
-22.9179
-18.2647
-19.5112
-16.0134
-21.3677
-16.197
-24.2337
-20.2552
-12.7996
-18.4391
-18.7099
-17.8004
-14.0447
-12.5187
-15.5301
-20.189
-14.7104
-16.7416
-9.67356
-18.2717
-12.3404
-13.8177
-28.6458
-13.3255
-21.9094
-20.396
-20.0011
-21.1174
-15.1724
-14.4092
-19.9468
-13.7854
-14.031
-10.7027
-21.6843
-19.4445
-26.0599
-22.0112
-14.6393
-7.76593
-19.1749
-21.8774
-15.2613
-14.9988
-19.5996
-21.2574
-19.2106
-18.3077
-21.4825
-19.3544
-16.5755
-11.6871
-26.1016
-14.7823
-12.1352
-18.4001
-18.499
-23.3064
-13.8418
-18.1554
-21.1214
-18.3041
-13.4733
-27.6752
-20.4194
-24.8176
-8.6036
-17.8147
-17.6687
-18.3053
-25.7733
-4.49604
-14.9457
-9.76592
-9.86929
-22.7616
-13.8624
-19.0341
-8.77881
-16.971
-21.3056
-9.32039
-17.7454
-15.221
-17.9543
-18.9356
-17.5992
-16.702
-18.2767
-22.3112
-22.9384
-18.368
-26.8609
-15.4322
-17.5313
-17.8391
-19.9744
-20.2766
-15.7116
-23.145
-17.3431
-15.8178
-22.9707
-18.88
-20.5923
-18.2787
-17.6527
-17.5649
-17.4495
-21.1124
-24.1968
-22.6279
-11.9481
-20.0099
-7.69238
-12.9999
-18.5183
-19.4591
-22.7083
-29.1941
-22.7602
-17.4467
-14.8581
-20.6095
-8.12776
-14.8689
-17.243
-19.3214
-18.5929
-14.3056
-17.0003
-16.243
-20.889
-20.5513
-17.9199
-15.0351
-14.6813
-21.6341
-16.9706
-24.9045
-17.1332
-21.6805
-21.6575
-15.5975
-23.6064
-23.4886
-8.52212
-16.3725
-12.8337
-16.7756
-16.9305
-18.9682
-26.6413
-20.7724
-12.6899
-15.7814
-13.9453
-9.26239
-20.9475
-14.7347
-21.2577
-5.68031
-16.9464
-19.2136
-20.7919
-23.1861
-20.7736
-21.8756
-15.6299
-18.8368
-20.3386
-13.7043
-13.844
-13.3053
-11.2701
-23.1678
-6.43298
-11.7175
-12.9206
-19.4546
-15.7236
-6.92361
-19.2988
-16.6312
-17.911
-14.5952
-14.789
-23.792
-15.5013
-23.1041
-18.874
-21.506
-21.7668
-5.43583
-11.5673
-16.3788
-23.2591
-14.8711
-16.6135
-12.4775
-20.0141
-22.0115
-25.211
-18.1132
-16.1
-11.2907
-8.08567
-14.4214
-20.2802
-17.6252
-15.232
-13.6998
-17.8667
-18.5724
-17.2083
-20.6597
-4.66175
-18.2282
-21.2687
-12.3122
-20.8871
-24.4889
-20.4393
-14.9345
-12.7061
-18.2439
-11.3569
-17.7831
-21.5258
-13.8669
-18.3771
-24.8116
-15.6823
-24.4437
-20.8084
-21.6722
-11.7211
-25.699
-13.5171
-22.5804
-15.5085
-19.6459
-22.7411
-20.2536
-12.0958
-19.7833
-15.001
-9.86627
-9.42139
-23.2276
-20.9487
-22.9388
-15.9183
-16.2206
-10.154
-16.8808
-15.3068
-16.9697
-15.4322
-12.5357
-20.744
-12.8067
-14.1857
-12.8943
-12.5891
-20.5073
-25.6681
-13.9117
-14.9584
-17.5859
-19.418
-16.9448
-18.0662
-15.9647
-24.9667
-14.3162
-21.5569
-24.7128
-21.9225
-16.5414
-21.9392
-15.2693
-8.21579
-2.23934
-16.7288
-20.7055
-13.8615
-17.5283
-14.7754
-22.1293
-25.932
-21.1052
-13.5754
-11.7687
-19.9537
-13.9553
-22.4067
-15.9799
-25.377
-17.3879
-16.3119
-18.2171
-17.389
-10.804
-19.9055
-13.1435
-28.3758
-15.2794
-22.3056
-14.3852
-15.5912
-15.4994
-21.1264
-16.5667
-15.4517
-21.5126
-12.6328
-14.1286
-16.1217
-13.5693
-18.3048
-21.0823
-17.3594
-16.2595
-23.9404
-21.8082
-13.3264
-14.5809
-16.3828
-16.4367
-18.1544
-19.4274
-17.4803
-22.0505
-26.3982
-10.1886
-17.8146
-16.8808
-16.1005
-19.7875
-22.5183
-19.2422
-13.7505
-22.012
-18.6992
-21.1906
-18.5968
-7.00504
-20.483
-21.3353
-15.2053
-25.8347
-23.4124
-14.6871
-11.607
-15.9355
-22.3316
-27.7206
-19.855
-12.0956
-9.83229
-23.3791
-19.9726
-15.1237
-23.9439
-17.4864
-20.4489
-21.2737
-22.336
-18.7454
-14.2359
-21.0355
-18.5575
-15.4161
-21.2627
-22.9143
-18.2432
-12.1918
-16.3235
-27.2857
-19.8451
-14.6659
-10.6595
-11.1615
-19.995
-26.5616
-14.8399
-28.9213
-17.797
-18.8789
-17.8951
-17.1109
-14.3059
-16.5977
-22.6464
-17.7252
-18.3336
-24.7526
-20.963
-23.9504
-17.7781
-14.0138
-16.7038
-16.6825
-22.8478
-23.4683
-14.9232
-13.0017
-19.4617
-20.8498
-28.1441
-16.4835
-16.5256
-10.6883
-20.3589
-25.855
-15.5165
-18.4465
-14.4344
-21.1482
-21.4866
-17.451
-17.4961
-20.7221
-21.9024
-25.2865
-19.4661
-21.1585
-21.702
-20.9471
-19.0888
-19.7748
-10.0467
-13.9771
-17.0418
-18.7387
-13.6077
-23.3284
-10.3632
-11.5738
-17.0682
-18.5501
-21.1332
-18.2567
-18.7431
-17.234
-19.9384
-28.1415
-12.8266
-19.1239
-20.7528
-15.9719
-20.3945
-17.4076
-15.4124
-19.7292
-17.6044
-18.28
-19.6021
-17.1551
-7.76171
-21.2217
-25.4826
-16.2634
-15.3469
-20.467
-23.2428
-17.4567
-27.2483
-20.3848
-20.8905
-15.6285
-21.3941
-14.3755
-16.7908
-18.1345
-14.4789
-16.9765
-7.87177
-6.0427
-9.58193
-19.4507
-11.0733
-5.67145
-27.7649
-17.3569
-9.72813
-15.0212
-11.2514
-17.957
-11.51
-18.2173
-18.0901
-13.7571
-17.813
-17.6731
-17.4398
-8.27808
-25.7404
-12.2875
-25.4195
-24.6378
-19.0081
-19.1057
-14.3844
-20.1745
-23.6334
-23.1745
-11.6771
-15.2521
-16.5694
-16.6815
-21.6022
-23.0365
-9.89155
-24.856
-19.1535
-17.0958
-13.6365
-17.3705
-19.5617
-20.5771
-16.9124
-16.5728
-15.0352
-18.4457
-14.6852
-14.1627
-12.2987
-28.0744
-25.2637
-32.77
-12.4726
-17.8642
-17.9573
-24.7671
-10.711
-21.0668
-16.3549
-12.7502
-0.953878
-22.2355
-20.0809
-20.0544
-20.8132
-25.287
-8.32847
-11.3295
-21.5888
-15.5583
-23.6637
-14.0555
-16.0926
-15.6718
-21.406
-13.1996
-17.4119
-16.1174
-16.5153
-14.0764
-12.1852
-19.1199
-12.3622
-13.7613
-21.8604
-6.49313
-17.139
-16.1011
-23.7523
-11.6063
-26.5403
-23.6811
-18.4827
-20.1802
-14.092
-22.9493
-17.1372
-17.8961
-12.2081
-18.236
-17.6445
-14.634
-22.3942
-18.0651
-19.6786
-25.2064
-13.2107
-13.7951
-28.192
-19.5756
-22.7441
-18.8932
-16.0769
-11.1513
-25.2634
-18.6824
-23.4015
-19.8225
-19.89
-20.6578
-14.7887
-21.3621
-12.0504
-17.6442
-20.0579
-14.2107
-16.8933
-16.9254
-17.4937
-17.5404
-16.4059
-7.68187
-14.116
-15.3593
-12.9601
-4.47394
-18.2261
-20.4221
-15.3798
-13.3134
-17.4746
-27.1997
-15.3373
-17.3583
-18.1297
-17.9924
-24.4878
-16.4543
-11.6856
-6.19552
-16.4864
-22.4493
-25.445
-12.1387
-17.9188
-20.8483
-16.7206
-17.217
-21.9953
-22.5408
-11.0852
-12.4248
-23.7351
-14.1162
-16.7401
-15.9259
-9.86077
-22.0862
-22.9395
-18.159
-7.46411
-15.7741
-20.8483
-9.4784
-16.6798
-11.9147
-12.6267
-25.6727
-22.2577
-16.1975
-19.6281
-11.247
-20.0844
-15.3447
-9.00641
-14.4347
-17.8281
-20.8885
-25.5052
-27.4873
-18.3228
-9.28808
-16.9229
-25.6813
-14.8298
-17.2657
-15.0246
-25.3578
-19.5255
-20.2337
-14.1012
-18.9822
-21.4944
-13.4066
-27.814
-21.3008
-23.1467
-16.434
-24.6371
-22.3382
-19.0032
-16.9141
-13.7044
-8.25146
-17.4785
-18.3401
-17.4399
-15.4982
-20.0806
-15.2536
-13.7437
-9.00175
-16.2562
-21.5993
-13.4977
-23.053
-21.3301
-11.1244
-17.8979
-15.4521
-18.043
-30.8956
-15.0597
-6.23173
-16.8936
-12.8238
-24.2353
-20.099
-18.5905
-18.0273
-21.5874
-22.2122
-15.553
-24.3973
-11.9323
-24.8603
-14.846
-16.1108
-19.7376
-15.5434
-11.9545
-9.09735
-23.107
-21.8191
-12.5962
-23.2192
-20.2099
-24.9107
-16.5072
-19.6757
-13.8287
-16.4501
-18.4514
-16.3478
-12.3176
-16.5063
-19.7715
-16.8499
-27.8142
-12.1896
-19.4575
-9.01452
-19.2417
-14.4884
-18.0338
-19.7336
-14.4519
-15.9672
-19.6451
-27.8434
-15.4604
-15.8089
-22.3005
-18.7522
-19.8603
-24.3447
-15.454
-20.9277
-18.0902
-15.7423
-25.0641
-24.6993
-19.1266
-24.4134
-20.3462
-21.2046
-12.3975
-9.50442
-15.4821
-14.9059
-16.1398
-22.1919
-21.4607
-13.2997
-13.496
-22.5609
-21.6964
-6.13971
-23.0105
-17.4088
-24.1857
-15.3775
-16.527
-16.4759
-9.72024
-17.3733
-22.194
-13.4516
-28.1202
-17.2526
-22.2898
-15.4252
-16.2948
-11.8002
-18.917
-16.2025
-22.6716
-22.0952
-13.9151
-22.6336
-19.1765
-18.5459
-20.4549
-12.9486
-21.8599
-23.561
-24.2467
-18.4218
-16.3148
-15.2977
-13.1883
-20.8299
-17.8746
-25.9295
-19.4881
-14.3373
-18.3788
-13.0422
-15.2632
-17.4936
-20.9336
-18.244
-14.4766
-17.804
-17.2378
-20.2085
-17.397
-18.0314
-13.1461
-10.969
-19.9682
-16.1848
-15.1212
-18.0842
-13.0575
-14.2064
-20.7385
-15.945
-17.1447
-15.6684
-16.0049
-10.6961
-15.9508
-20.2332
-18.1876
-21.8691
-18.319
-24.5825
-13.9554
-23.3317
-14.9048
-15.1005
-21.6381
-25.5778
-10.4781
-10.5356
