0.61226315 0.39332858 2.40631843 0.91939797
0.05306714 0.58147704 3.17139331 0.81356282
-1.26752189 0.35028829 3.28657891 0.93664193
3.49870988 0.86432159 -1.82277260 0.50293955
-0.70195304 0.21806971 -2.80376663 0.97593320
-0.85637385 0.76404170 -2.37083809 0.64516687
-0.08183570 0.56487975 -4.12842468 0.82517323
-0.37533688 0.66940431 -3.92651530 0.74289829
0.02783040 0.57786839 -4.16312848 0.81612997
1.38655799 0.09460606 2.98964833 0.99551479
-1.46195291 0.82242130 -3.11022979 0.56887890
-1.80327292 0.79803718 -4.37531494 0.60260822
-0.54849140 0.53037442 -3.26041635 0.84776351
4.07344153 0.38447292 2.39112361 0.92313627
-2.34678441 0.49175018 -3.35133061 0.87073633
-1.31478676 0.44152030 -3.15036037 0.89725126
-0.32512149 0.75878275 -1.92296667 0.65134379
-1.36680606 0.69691793 3.45446316 0.71715089
4.27505935 0.56687550 2.18081070 0.82380348
-2.77605472 0.25628620 2.78525151 0.96660094
-1.49861674 0.13709629 2.08155651 0.99055773
-0.44766578 0.39242574 2.95292931 0.91978369
-1.27773636 0.66076354 -2.65943596 0.75059412
-0.41074508 0.51085931 3.82161013 0.85966433
-0.34767333 0.47561897 -2.18398401 0.87965140
-0.89459684 0.36822548 -2.00637468 0.92973652
-0.86744431 0.73586085 -2.39783127 0.67713278
5.05955347 0.83495567 -3.02826121 0.55031721
-0.58851483 0.59735447 -3.19618387 0.80197733
-1.46649294 0.74884226 2.80354172 0.66274827
-2.13876326 0.51715767 -3.84823300 0.85589015
-0.53981859 0.76082789 -4.10256754 0.64895371
-1.15497519 0.89051986 -4.77475779 0.45494436
-1.13290039 0.39573609 2.71389761 0.91836428
-0.53485436 0.60679503 2.27543264 0.79485835
-0.86681457 0.88834092 -4.17785402 0.45918451
-0.19481911 0.57288716 4.00909142 0.81963425
-1.70908107 0.35179852 2.36398369 0.93607575
-2.33169086 0.89267784 -4.96577847 0.45069531
-1.57620697 0.61490522 -3.77221444 0.78860102
3.11255035 0.60084477 -4.63932542 0.79936573
-0.40859688 0.28048111 -4.64476668 0.95985954
-0.33779984 0.70469643 2.30085854 0.70950895
-0.40630850 0.56426196 4.17005916 0.82559581
-0.20820828 0.87621500 -1.79290891 0.48192040
0.37136330 0.88033364 -1.33006869 0.47435503
0.21486989 0.78049858 3.28203254 0.62515755
-0.48714763 0.45044810 -2.03479020 0.89280262
-1.31935898 0.88936802 3.57168869 0.45719200
4.91707056 0.71738968 2.86276397 0.69667212
-1.48078372 0.87750625 -3.40612084 0.47956519
-0.70276593 0.79270773 -1.84480695 0.60960188
-0.40506187 0.92883482 -4.21828411 0.37049411
-1.53855548 0.79804823 -2.99831817 0.60259359
-2.42795751 0.54655712 2.36472086 0.83742183
-2.16637484 0.77240877 2.63453048 0.63512573
-1.60430073 0.53022208 2.16455226 0.84785880
-1.60522538 0.43370063 3.12759528 0.90105703
3.85766709 0.67262887 -3.76285963 0.73998000
-2.13298823 0.79651848 -4.19100297 0.60461418
-1.80590538 0.68012098 -3.92687592 0.73309989
-1.42536568 0.43475455 -4.09988993 0.90054899
-0.89820736 0.67457460 2.75727753 0.73820669
0.09628877 0.97448935 3.90415466 0.22443373
-0.82216027 0.80357053 -3.43683433 0.59520954
0.06355005 0.96641664 4.24644176 0.25698029
-0.25864167 0.61655783 -1.94281842 0.78730962
-0.82710898 0.61232765 -2.00211677 0.79060410
5.28803454 0.85352741 -2.21439708 0.52104794
4.95270565 0.83304150 -3.09595163 0.55321050
-1.12521555 0.91923930 2.75049326 0.39369927
-1.40933139 0.81987924 0.59600601 0.57253649
-1.18706359 0.97934153 0.89706445 0.20221315
-0.78568701 0.73881747 -0.84011377 0.67390559
-1.67190357 0.66812397 -0.93024747 0.74404998
4.30866258 0.99565990 0.63357473 0.09306648
-1.27683092 0.58549704 2.47931208 0.81067454
-0.86887068 0.82690650 3.62189107 0.56233943
-0.34693512 0.38159861 -2.82702363 0.92432813
-1.63643783 0.61185130 -3.43590322 0.79097281
-0.13309524 0.64172392 2.17888871 0.76693572
0.09867655 0.51686875 2.96050073 0.85606466
-0.01947477 0.96271971 -2.81683991 0.27050095
-1.07533566 0.92966681 3.46597165 0.36840145
-1.03098415 0.82491857 2.91481008 0.56525159
-0.76993431 0.59142115 -2.67951936 0.80636283
-1.44780148 0.65523415 4.34965977 0.75542585
-0.47151159 0.78380076 -2.88918513 0.62101237
-0.83476305 0.71446972 -1.94649038 0.69966636
4.38605785 0.85206489 -2.12695379 0.52343616
-2.08088329 0.78208703 2.05599526 0.62316922
-1.28673227 0.77908450 0.51008806 0.62691893
-0.76925898 0.50544748 0.06678444 0.86285737
-1.83977808 0.55303012 -0.33610542 0.83316126
-1.22436200 0.99288166 0.35019841 0.11910502
-0.99382608 0.89508251 2.45128482 0.44590055
-2.07262756 0.83739524 2.05929740 0.54659785
-1.50036465 0.89672351 -2.58674283 0.44259117
-1.74146093 0.89671186 -3.47924473 0.44261477
-1.44416078 0.96564870 3.29782981 0.25985107
-1.28735774 0.76759900 3.02270755 0.64093040
-1.10621191 0.59077790 -3.81762107 0.80683423
-0.88672704 0.63793615 -3.12184125 0.77008926
-1.26944958 0.85558913 -3.02823860 0.51765553
0.57151907 0.87315130 -3.27885973 0.48744929
-0.17518439 0.60396606 2.24826749 0.79701004
-1.02903658 0.43600109 2.65802364 0.89994614
-1.24928431 0.60856286 -3.50808794 0.79350567
-2.30498675 0.90716698 2.93695283 0.42077079
4.13331404 0.97640368 -2.73027553 0.21595334
-2.69486559 0.77440468 -0.25035748 0.63269060
-1.51922199 0.84991332 0.43965917 0.52692253
-1.39917173 0.55278416 0.17432090 0.83332447
-1.53009227 0.66183257 -0.61940800 0.74965168
-2.30871555 0.99609113 -0.03996778 0.08833158
-1.00335078 0.91252513 3.37817876 0.40902065
-0.88946797 0.71527056 -2.30738185 0.69884765
-1.88673509 0.96907562 0.33204917 0.24676394
-1.75474630 0.96837794 3.15489811 0.24948782
-1.64018549 0.47750371 3.06858073 0.87862973
-0.76000084 0.65566133 3.30113086 0.75505511
-0.33698418 0.62918483 -2.33621435 0.77725572
-0.25999557 0.80787781 4.07183926 0.58935002
-0.29704946 0.91354277 -1.72456136 0.40674268
0.47889532 0.44463302 3.81769366 0.89571283
1.28882571 0.42176795 -3.55704089 0.90670381
-2.95573838 0.60746362 2.43720033 0.79434750
-2.48016938 0.85296757 -3.02376341 0.52196392
-1.90691884 0.87182417 2.21165704 0.48981897
-1.94536332 0.83989605 -0.94147151 0.54274730
-3.00294618 0.91691400 0.53146127 0.39908485
-2.62948982 0.89159559 0.23375093 0.45283253
-1.62697379 0.85782786 -0.28153646 0.51393712
-0.94218168 0.96607061 -0.03849490 0.25827809
-1.50168248 0.94297942 -0.84644004 0.33285105
-1.33317659 0.84902941 -2.05188809 0.52834559
-2.02815351 0.84914297 -0.98040223 0.52816306
-1.64782610 0.88625912 -1.72871226 0.46318979
-1.80460383 0.90575327 2.01472662 0.42380539
-1.42368064 0.93249678 3.30317668 0.36117828
-0.23883916 0.87823716 -4.03905688 0.47822535
-0.53836473 0.74384914 4.37867881 0.66834756
-1.55566491 0.32202677 3.77137788 0.94673056
-1.24022718 0.62585720 3.33089142 0.77993767
-1.26671629 0.85033416 3.29609655 0.52624311
1.18630513 0.26951657 -3.17318241 0.96299575
-2.94144002 0.21464249 2.64345612 0.97669269
-2.49049583 0.64251462 -4.12622664 0.76627343
-2.88723943 0.92344300 -3.23698564 0.38373562
-2.57700753 0.90494852 -0.81640213 0.42552106
-2.55814109 0.51276966 -0.04222604 0.85852622
-2.84694099 0.56091548 0.29361724 0.82787307
-2.65610581 0.40856551 0.22137736 0.91272900
0.01037525 0.50645657 -0.07238820 0.86226547
-1.36642848 0.89114445 0.22740088 0.45371971
-1.13305735 0.99109768 -2.24949824 0.13313674
-2.13769476 0.94450559 -0.66210570 0.32849535
-1.27185054 0.69013056 -1.60535979 0.72368489
-1.92890186 0.75805805 2.68937877 0.65218709
4.77437733 0.67265486 3.07056134 0.73995637
3.32777296 0.54771175 2.74401870 0.83666710
-1.31652218 0.87391171 3.40568881 0.48608469
-2.25044572 0.77646091 2.79044990 0.63016542
-1.25933422 0.50333091 2.75366537 0.86409374
-1.46832753 0.66141091 3.13848095 0.75002374
1.95809371 0.08765213 -3.76734092 0.99615115
3.94151922 0.79249040 3.42326718 0.60988439
-2.06813610 0.62706911 -2.81283150 0.77896362
-2.11284230 0.76430609 -1.72769196 0.64485363
-2.01086150 0.85984779 -0.01238950 0.51055047
-2.64166204 0.94044388 -0.75315536 0.33994897
-2.38783324 0.82313303 -0.53287519 0.56784859
-2.53413112 0.96613248 -1.78932947 0.25804657
-2.43171265 0.90709271 -0.64018726 0.42093090
-2.03903810 0.84227129 -0.43363350 0.53905387
-1.71938838 0.95039603 -2.05257025 0.31104242
-2.39134562 0.90591974 -0.38046399 0.42344944
-2.54415697 0.77980786 -0.87369743 0.62601893
-2.25716358 0.82927189 -3.68874034 0.55884536
-2.09883235 0.48185585 3.31633046 0.87625050
-2.44533531 0.59421145 2.58069475 0.80430886
-2.38258980 0.65947388 -4.47005455 0.75172748
-2.21311364 0.59586342 2.56409076 0.80308579
-2.26701108 0.63714681 2.89844636 0.77074246
-1.77413552 0.67851814 2.82169009 0.73458365
-0.15477090 0.22522441 2.66595825 0.97430692
-0.69988145 0.16943818 -3.80875163 0.98554082
4.06098079 0.54430036 3.13039871 0.83889041
4.75945144 0.55870900 -2.43026177 0.82936376
4.51368003 0.72829430 -2.90343749 0.68526448
-2.46392839 0.95853704 4.73567056 0.28496797
3.90048486 0.79375891 -0.06390889 0.60823252
-2.33171993 0.90466503 -2.71030678 0.42612343
-2.57568090 0.84983884 -1.47550846 0.52704264
-2.34960043 0.94801620 -2.96111147 0.31822206
-2.01570848 0.87527643 -1.97509108 0.48362296
-2.38488610 0.80050920 2.82567801 0.59932047
-2.53291284 0.53710336 0.03332605 0.84351644
-2.52253446 0.62242959 -3.28663032 0.78267580
-2.37504347 0.39243593 2.34046224 0.91977934
-2.20535409 0.28037787 3.00958745 0.95988971
-2.32403268 0.54541059 -3.95126225 0.83816901
4.30214523 0.88109673 -2.06860131 0.47293610
-1.84852865 0.68643044 3.00075012 0.72719547
-1.58103815 0.94243860 -3.14567916 0.33437925
5.02673318 0.53994968 -3.66386174 0.84169730
4.28489093 0.38220720 3.02127012 0.92407665
-1.72688360 0.59181923 2.98217394 0.80607072
-2.10681504 0.95404725 3.28042337 0.29965622
-2.72491569 0.92257908 -1.96617274 0.38580804
-1.03667496 0.22378838 -2.57038607 0.97463776
-1.73977628 0.62328062 3.30856403 0.78199825
-1.05949811 0.63341616 3.74526657 0.77381132
-1.96230952 0.37380417 -2.70587684 0.92750765
-0.76571853 0.48185920 -3.91562214 0.87624866
-1.24222884 0.99186920 -2.85589363 0.12726149
-2.35216272 0.41547476 -3.15391978 0.90960471
-1.66535377 0.56497517 2.71353110 0.82510791
-1.65401099 0.61222134 -3.24062718 0.79068643
3.96547280 0.51245781 -3.25061952 0.85871241
4.14308246 0.86469122 -3.43917848 0.50230379
-1.91545835 0.85317863 2.21598796 0.52161885
-1.90579122 0.85417547 -2.28444795 0.51998487
-1.00982660 0.93464811 -4.00310686 0.35557406
-1.25845642 0.84549491 1.61858818 0.53398349
-0.93624412 0.83054583 -2.25903329 0.55695029
4.88859396 0.46179339 3.24473227 0.88698752
-1.72811740 0.65303629 3.27066857 0.75732662
-2.32608744 0.59623727 -3.84737943 0.80280827
-1.80324851 0.80229507 3.08741220 0.59692765
-1.92330198 0.53004535 -2.80399692 0.84796929
-2.25909489 0.39163268 2.51382626 0.92012165
-2.85851651 0.55616087 2.46483440 0.83107466
-1.97277222 0.76013897 -2.93356217 0.64976053
5.41672960 0.38091955 3.23268506 0.92460819
-1.61422664 0.71334950 3.06309397 0.70080845
-0.27421843 0.37644533 -3.23436085 0.92643883
-0.88001488 0.59444866 3.70271132 0.80413357
-2.05084819 0.70001159 -2.95085613 0.71413148
-1.88140231 0.96073462 -3.20447429 0.27746891
-1.48985779 0.90706937 -3.59676675 0.42098118
4.98148557 0.94277677 1.73429809 0.33342460
-1.57373800 0.99914958 1.26807572 0.04123249
-1.48562134 0.94314736 1.42192913 0.33237488
-2.32310555 0.69718159 -4.00074839 0.71689457
-1.77586440 0.90069991 -2.73333674 0.43444179
-1.59127031 0.72066614 3.02371855 0.69328228
-2.25508921 0.57919977 -2.91450588 0.81518564
-1.97445392 0.67353858 2.83338111 0.73915207
-2.94369288 0.66892608 -3.46126103 0.74332893
-1.39603235 0.90667021 2.66080581 0.42184018
-2.22645934 0.65878359 -2.99537029 0.75233249
-3.64886246 0.65933557 3.73965833 0.75184879
-1.36457851 0.49769507 -2.63710237 0.86735207
-1.40933730 0.69228937 -3.62254970 0.72162000
-1.71835005 0.91164132 -4.73569009 0.41098675
-1.61772092 0.88366846 3.32446751 0.46811328
4.33182615 0.85744067 3.73375174 0.51458284
-1.62256544 0.62546943 3.37611607 0.78024867
-1.48465378 0.82523975 -2.59363729 0.56478258
-1.44262560 0.93654538 -1.35297631 0.35054637
4.92169424 0.95973219 -0.35223672 0.28091659
-1.40466951 0.87013634 -4.00600465 0.49281107
-1.47585174 0.94050221 -4.19977391 0.33978758
-2.41466711 0.58748059 -3.75650182 0.80923826
-2.55941905 0.93390013 -2.94764607 0.35753399
-2.11744365 0.95073660 -3.03055554 0.30999985
-2.66040302 0.53768683 3.16718868 0.84314463
-2.28453857 0.92435756 3.00349093 0.38152732
4.36635835 0.79267045 2.31843207 0.60965035
-2.13104065 0.73823334 2.81641929 0.67454543
-3.24843763 0.11740711 -2.93775462 0.99308387
-3.17991884 0.52044144 3.81445788 0.85389736
-2.23703311 0.58404438 3.54918086 0.81172173
-2.12285360 0.81210696 -2.99739980 0.58350861
-0.83554848 0.57340412 -2.07449089 0.81927268
-1.99533697 0.91574696 4.17904483 0.40175552
-2.07191445 0.86111302 -2.29664139 0.50841359
-1.53399635 0.80194567 3.94267741 0.59739697
-1.63438761 0.80107841 -2.94786004 0.59855942
-1.75335073 0.71369697 -3.80500675 0.70045459
-1.80704395 0.89106755 -1.00403598 0.45387070
-2.00736545 0.86494544 4.93154981 0.50186591
-1.71828210 0.83660506 -4.06410422 0.54780651
-1.78252991 0.77239379 -3.41909942 0.63514395
-1.71473893 0.73704756 -2.57849645 0.67584088
-3.21701753 0.73707014 -2.56487815 0.67581625
-2.42917401 0.30158657 -2.80090590 0.95343880
-1.05981505 0.87846027 -2.24263283 0.47781539
-1.43066812 0.65224713 3.21992590 0.75800639
-2.62366227 0.57969755 -2.39526830 0.81483173
-1.42739211 0.73786425 -3.37887674 0.67494914
-3.20636317 0.62964827 -4.06029772 0.77688034
-2.44802477 0.48105145 3.27522626 0.87669236
-1.59699081 0.89199948 -3.93136869 0.45203642
-2.07256178 0.37780562 2.81544177 0.92588494
4.42044081 0.37777321 2.88237279 0.92589816
-2.01681281 0.59674439 -4.15644148 0.80243139
-1.54672725 0.76429323 2.55513429 0.64486887
-1.41408139 0.62446569 -3.81480709 0.78105224
-1.85765725 0.87293954 2.78839512 0.48782841
-2.83739497 0.74900939 1.78731996 0.66255938
3.72363280 0.85259663 2.39172665 0.52256960
-1.78964265 0.87730255 -4.39519380 0.47993774
-1.28814133 0.63526213 3.32412851 0.77229659
-1.76597266 0.86575477 -2.54899601 0.50046847
-1.72172605 0.79626571 -3.68531672 0.60494704
-1.83183567 0.55937001 -3.10388876 0.82891808
-1.13528966 0.58652991 -2.51370965 0.80992757
-1.52385467 0.83708852 3.28597295 0.54706747
-1.84820289 0.70866525 3.24658869 0.70554487
4.84392138 0.83057330 3.24371144 0.55690932
-1.14089049 0.38322139 2.45874156 0.92365652
3.47013173 0.54983669 1.81429653 0.83527218
4.29763304 0.67405575 -4.95448712 0.73868047
-2.43659578 0.66281089 2.57859285 0.74878684
3.79352834 0.79438053 -4.04882187 0.60742042
-1.76326319 0.68992540 -3.51110098 0.72388048
-2.30218350 0.62588138 2.71851550 0.77991826
-1.53280726 0.69370469 1.71541079 0.72025954
-1.06996423 0.46972939 2.77385553 0.88281045
0.59884796 0.21038247 -5.19382322 0.97761916
-2.80761820 0.37343880 2.03905051 0.92765482
-1.26885228 0.73672474 2.72510796 0.67619276
4.54022535 0.74774262 -3.00408132 0.66398869
-2.06987459 0.60233721 3.11739159 0.79824175
-1.94332065 0.40083863 -3.91997487 0.91614867
3.69293585 0.75491604 -3.33865796 0.65582144
-1.41459292 0.60411131 -2.95159859 0.79689995
-1.88188679 0.64603966 3.71474385 0.76330385
-1.36304743 0.64755981 -3.28088087 0.76201463
-0.52407160 0.99492981 0.33246486 0.10057174
-0.95051886 0.55203130 -3.71296992 0.83382339
-0.04940722 0.49942326 2.73437313 0.86635813
0.39904540 0.30546810 2.23385054 0.95220231
-0.44795289 0.75859587 -4.09795090 0.65156144
-2.43427287 0.68271083 -3.54646477 0.73068866
-2.30376820 0.78238193 2.66793979 0.62279894
-1.39417273 0.58586421 2.77333577 0.81040923
-1.85712549 0.50657176 2.65140023 0.86219780
-1.22678584 0.66307871 1.80692294 0.74854968
-1.66598681 0.24642313 -4.47337986 0.96916234
-1.90052059 0.44317227 1.73985120 0.89643646
-1.06008127 0.56398429 3.03770296 0.82578552
1.83838606 0.77455542 -3.22043198 0.63250605
-5.15043972 0.35367243 -2.81761213 0.93536934
-1.41599841 0.44103496 2.81810136 0.89748992
0.39553833 0.37913074 -2.94981196 0.92534311
-0.20767801 0.50798562 -3.47449966 0.86136555
5.04180574 0.42460997 3.50437036 0.90537637
-0.98006747 0.50769146 -2.99282203 0.86153896
-0.72486484 0.72396428 -3.30727604 0.68983746
4.93040330 0.75592968 -3.67660974 0.65465283
-2.03872466 0.74374712 2.14552361 0.66846109
-1.44275846 0.86734790 2.91299817 0.49770234
-0.71346261 0.96899787 -3.37880961 0.24706908
-2.34025567 0.58226852 -3.49232052 0.81299654
-2.14588848 0.75862552 -4.08153548 0.65152691
-2.26351345 0.32581638 3.28743103 0.94543307
-1.19350827 0.70348039 -3.26698966 0.71071466
0.30024311 0.47407048 -4.17268256 0.88048690
-2.29426467 0.50670614 1.76172125 0.86211884
-2.37838836 0.90033366 2.42019362 0.43520029
-1.74222836 0.63697061 -3.05037886 0.77088808
-0.85582421 0.68400395 2.42954174 0.72947830
-0.77859946 0.60748788 -2.97869398 0.79432895
-2.95162079 0.47074808 -3.52578074 0.88226767
4.54442104 0.65651118 -3.25889266 0.75431630
0.43578640 0.73884342 -3.32051043 0.67387714
-0.71261771 0.47919383 -3.17256352 0.87770911
-1.39099417 0.87664784 -2.80411761 0.48113258
-1.59151082 0.25964780 3.39923630 0.96570338
-1.29153614 0.49028336 -3.35841137 0.87156309
-1.59771533 0.82789650 3.37979848 0.56088090
-1.36457890 0.70607448 3.60320040 0.70813757
-0.79543915 0.40336424 -3.02339527 0.91503950
-1.08809564 0.88200600 -3.12313557 0.47123818
-1.42548766 0.84763855 -3.81906993 0.53057412
-1.51838406 0.99434035 -3.04871581 0.10624156
-0.67276018 0.97692699 3.14006187 0.21357354
4.58727976 0.34133081 -3.84818540 0.93994323
-2.17377189 0.57096745 -4.07338502 0.82097270
-1.80449521 0.26407656 -3.19691214 0.96450172
-4.10104454 0.46223364 -2.50601196 0.88675818
-5.13233759 0.32934109 2.99864360 0.94421102
-1.11600325 0.35944194 -2.42690614 0.93316745
-1.99732254 0.57293259 3.26016126 0.81960250
-0.45019763 0.53903879 -2.89048972 0.84228094
-0.60634262 0.83896494 3.29740618 0.54418547
1.40287428 0.42507691 3.07055439 0.90515724
4.90721617 0.68129047 -2.43196154 0.73201318
-1.84972877 0.79674378 -1.53671253 0.60431726
-0.17989864 0.83027526 3.24388527 0.55735356
0.34317881 0.37871756 -3.35256660 0.92551230
-1.43471279 0.29591009 3.39429204 0.95521580
-4.56173327 0.70997799 -3.11523641 0.70422386
-0.23811800 0.84952687 -1.74733539 0.52754535
-1.42971493 0.80815389 3.49871021 0.58897138
-2.45519195 0.63811386 3.88134942 0.76994201
-1.53836760 0.70909714 -3.73145076 0.70511081
