-2.15620580 0.75730988 -3.32093464 0.65305570
-1.37027904 0.52884782 -3.32956182 0.84871667
-2.22126003 0.58542705 -3.84386144 0.81072509
-1.82783372 0.83957290 -4.02330631 0.54324705
-1.69526350 0.97725641 -4.17058459 0.21206111
-1.04967533 0.44865797 -2.36383705 0.89370354
-1.17384076 0.69882649 3.87355369 0.71529123
-1.89300349 0.62641915 -3.58062018 0.77948640
-1.15836279 0.87459260 3.91969152 0.48485851
-0.34057261 0.73697700 1.37246962 0.67591782
-1.12951368 0.97747922 3.33762122 0.21103171
5.02145121 0.79938112 -2.88223591 0.60082429
-0.86997298 0.84947862 -2.47412659 0.52762304
-0.58875367 0.63074986 -1.80970090 0.77598622
0.18631297 0.66381688 -1.08712223 0.74789514
0.09869475 0.55359357 -1.31039495 0.83278698
-0.17921111 0.63500109 -2.22623513 0.77251124
-0.70390784 0.68736482 -2.57552549 0.72631234
-1.00974473 0.76426495 -2.38617629 0.64490239
-0.63055985 0.76123682 -2.56599051 0.64847398
-1.53113387 0.60895386 3.67497731 0.79320564
-0.02143957 0.70627555 -2.29778180 0.70793703
-1.18775566 0.63912412 -1.66681383 0.76910360
-0.84367687 0.71174445 3.79342729 0.70243849
-1.21895295 0.51980808 -2.24562889 0.85428307
-0.96909548 0.79487492 4.00895794 0.60677332
-0.63061618 0.62996063 3.84078940 0.77662707
5.19851238 0.91058260 -2.74505418 0.41332713
-1.22773713 0.61429473 -2.16643827 0.78907667
6.03843172 0.45006833 -2.38488823 0.89299412
-2.88129505 0.55249183 4.03905298 0.83351831
-1.55266473 0.71850567 3.25102241 0.69552110
-1.50334611 0.86283170 -3.19157143 0.50549130
-1.35675872 0.97536234 0.29074562 0.22060894
-2.32393071 0.79528248 2.90470262 0.60623904
-1.88338387 0.70672731 2.64607623 0.70748605
5.42509368 0.99622603 3.60575269 0.08679687
-1.26449106 0.89303699 -2.30402669 0.44998327
-1.18932429 0.80165367 3.52968447 0.59778875
-0.99870901 0.78177208 -2.19774302 0.62356429
-1.42654963 0.76553497 3.23987441 0.64339428
-1.73427192 0.68142009 -3.46468152 0.73189252
-1.74353640 0.61185929 3.13684486 0.79096663
0.16110450 0.75841103 4.34063982 0.65177658
-0.17993202 0.53230076 4.46799050 0.84655532
0.03465956 0.57739855 -1.72414695 0.81646244
-3.17488503 0.67169808 4.97441406 0.74082500
-1.62378301 0.75634285 3.43921416 0.65417544
-1.97144928 0.70308612 -3.04870111 0.71110471
-1.67992468 0.62351422 -2.93685185 0.78181201
-1.10295618 0.82392045 -2.83393970 0.56670547
-0.53269501 0.62508281 -2.07410242 0.78055844
0.35492842 0.78498609 -1.07516305 0.61951339
-0.41523828 0.69259839 3.83105831 0.72132342
-1.61416360 0.57159869 3.86058196 0.82053333
-0.75051797 0.66156958 -2.25850689 0.74988378
-0.83177530 0.21703180 -2.60839316 0.97616453
-0.54371838 0.79040356 -2.03096343 0.61258649
-0.57643264 0.96918743 3.97232446 0.24632441
-1.10518279 0.83868975 3.40549682 0.54460950
0.56620369 0.32467678 3.39158982 0.94582503
0.64156335 0.24907468 -3.72649349 0.96848428
-1.47047854 0.46690316 -3.50500909 0.88430845
-1.98696387 0.98120504 0.65971727 0.19296806
-1.11318016 0.84061574 -3.39761686 0.54163196
-1.48218246 0.58146357 2.68499207 0.81357244
-1.79614485 0.80827727 2.87588301 0.58880206
-2.07654143 0.59424549 3.04445933 0.80428372
-0.52855382 0.77258481 4.01573078 0.63491157
-0.88602414 0.81358184 4.42694425 0.58145041
-1.48404242 0.72825949 3.49341984 0.68530148
-1.41837865 0.54443179 3.80306832 0.83880512
-0.89525401 0.56412096 3.90203608 0.82569216
-1.43758016 0.79310327 -2.65533187 0.60908719
-1.09601675 0.80769069 -2.58736524 0.58960644
-0.65848679 0.16584886 -2.34599783 0.98615118
-1.40148279 0.26572789 -2.57002129 0.96404807
2.21639770 0.44212381 -2.76639923 0.89695403
-2.26556819 0.88306826 2.91456516 0.46924455
-2.86162364 0.91738741 2.52882682 0.39799541
4.36506945 0.67268723 -3.49662614 0.73992695
-0.52944138 0.59794731 -3.11492239 0.80153541
-1.39464940 0.63767315 3.27318246 0.77030705
-1.93477241 0.77741985 -3.50981655 0.62898202
-1.57946588 0.70383530 -3.25267406 0.71036320
-0.86616689 0.62105388 -2.72142973 0.78376788
-1.30666009 0.79337344 -2.53990269 0.60873523
5.27236690 0.75842828 -2.59317935 0.65175651
-1.80930456 0.85543080 3.75048119 0.51791712
-0.89017555 0.48707344 4.15139294 0.87336102
-1.06887526 0.15216616 3.22231543 0.98835493
-1.54886702 0.33865504 -2.55513898 0.94091060
-1.01793393 0.14832278 -2.21036455 0.98893900
-1.45336950 0.33737617 -4.57244240 0.94136992
-1.67098943 0.53623477 3.42097473 0.84406888
-2.07912045 0.92778071 2.71501144 0.37312592
4.94001253 0.95230542 -4.06452096 0.30514651
-1.23384977 0.85830784 3.43292493 0.51313512
-1.34115976 0.60589058 3.20028484 0.79554799
-1.94551065 0.93334035 3.11386735 0.35899275
-1.44998848 0.98375230 0.21281553 0.17953109
-0.23543936 0.55621826 -1.93166449 0.83103625
0.49974099 0.99717756 4.83101893 0.07507935
-1.42771714 0.80424462 -2.78824642 0.59429840
-1.25024343 0.68526201 3.78426339 0.72829662
-1.39364571 0.73899956 -2.57256488 0.67370591
-0.68525955 0.89889361 3.05968649 0.43816695
-0.43066911 0.68954355 -2.65580625 0.72424422
-0.56906631 0.79180788 4.14809447 0.61077024
-0.90787708 0.24114515 3.96192307 0.97048906
-1.11383702 0.62061117 3.84809219 0.78411847
3.07983471 0.97974586 -3.39471552 0.20024499
-2.93327695 0.92403325 -1.81952713 0.38231212
-1.31127632 0.47330295 -2.75680595 0.88089972
-2.06414299 0.68938489 -3.51787616 0.72439524
-2.71120972 0.16097217 -3.64949010 0.98695895
-2.62970902 0.59898079 -3.98573426 0.80076339
-2.52448974 0.66858179 -3.30033068 0.74363862
-3.48679817 0.39612952 -2.77825388 0.91819464
-0.10107637 0.54860780 -2.26839843 0.83607983
-1.14537254 0.68835252 3.61277785 0.72537633
-2.09755289 0.56126425 -3.50254612 0.82763666
0.90336204 0.42932672 -4.16852061 0.90314925
4.94245717 0.73890493 2.72119358 0.67380970
-1.38355057 0.55961438 -2.50164176 0.82875313
-1.14024160 0.91663865 3.72810295 0.39971688
-1.19077190 0.79856235 -2.76265812 0.60191209
-1.22362305 0.61759703 -0.02661048 0.78649470
-1.02330014 0.90023765 -5.39901658 0.43539887
-1.81591757 0.98413357 -3.07529596 0.17742919
-0.77960868 0.58513576 3.70786600 0.81093535
-1.48220906 0.88513674 -2.91036836 0.46533102
-1.22858431 0.97450355 5.15786707 0.22437207
-0.82927215 0.83819437 -3.14338540 0.54537161
-1.74856325 0.76477167 -2.95974164 0.64430140
-0.49300067 0.53434994 2.92531916 0.84526336
-0.55021302 0.69379859 -2.92777140 0.72016909
-1.13507313 0.55046158 -1.95644571 0.83486050
-0.44225327 0.39717051 4.16161807 0.91774484
-0.21849313 0.79430597 -1.76532644 0.60751792
-1.40385858 0.68716782 -2.95469584 0.72649872
-0.34996233 0.65973747 4.07585010 0.75149615
-1.15748278 0.73497109 3.66534875 0.67809845
0.91183501 0.79884754 -3.71116962 0.60153355
3.52566733 0.68663880 -3.36250422 0.72699873
4.45862099 0.50604242 -3.06323525 0.86250859
-2.36839034 0.61758949 -4.01016202 0.78650062
1.33320417 0.37989816 -3.14909887 0.92502832
-2.89724369 0.68293568 -4.15388954 0.73047852
-0.92143226 0.73844605 -3.05482343 0.67431256
2.24500735 0.74522219 -2.88438515 0.66681624
1.44889475 0.54335774 -3.82277236 0.83950126
-2.15440863 0.20042912 -3.71937649 0.97970821
-1.72863683 0.68629849 -3.52120414 0.72732000
-1.05878120 0.66914049 -2.71055932 0.74313592
-2.01143608 0.84104864 -3.50561768 0.54095950
-1.40955367 0.57654475 3.09141528 0.81706558
-1.75887705 0.83377082 -2.71049959 0.55211069
-1.29126540 0.64379725 3.93017754 0.76519612
-0.91825445 0.99492980 -2.88174654 0.10057186
-1.14254421 0.76646343 3.92976811 0.64228796
-0.28506452 0.60022873 4.40943293 0.79982840
-0.35640464 0.55312918 4.86905482 0.83309550
-0.38986535 0.49899069 4.08490085 0.86660734
-2.39727003 0.47642815 4.62319989 0.87921341
-0.76140475 0.75831917 -2.59495134 0.65188345
-1.34697185 0.80082048 3.55717253 0.59890447
-1.91026449 0.28294497 -2.91337581 0.95913615
-0.96726501 0.46873841 -2.87142930 0.88333703
-0.77563768 0.67792043 4.05733143 0.73513528
-0.56943737 0.68082601 -2.60628062 0.73244518
-1.05563559 0.86070435 -2.53629455 0.50910512
-0.96568863 0.89565636 -0.80393959 0.44474676
-0.80058431 0.92705682 -2.89234395 0.37492085
-0.72815067 0.77652592 3.74429616 0.63008531
-0.80320434 0.54562135 -2.44025445 0.83803183
-1.63264177 0.79776408 -2.91651524 0.60296971
-2.04767286 0.79469459 -3.41068924 0.60700948
-2.59758302 0.38676086 -4.07252553 0.92218005
-4.19847314 0.26700243 2.94870816 0.96369585
-4.02717994 0.28499379 -2.56446018 0.95852936
0.51058644 0.81188184 1.98264791 0.58382178
0.95285149 0.50681389 -3.08813086 0.86205550
1.50339602 0.57846582 -3.17920111 0.81570662
0.79807937 0.65714025 2.91739396 0.75376832
1.23494517 0.62931660 3.03500998 0.77714903
1.71983773 0.78767764 3.38055174 0.61608760
4.32984719 0.74083645 2.75943747 0.67168546
-2.08086788 0.78289811 2.51512270 0.62214994
-1.42632677 0.75045804 3.59625665 0.66091810
-1.29631633 0.59724692 3.71510885 0.80205742
-1.00670644 0.65981828 -3.21000856 0.75142520
3.94478306 0.58034209 -3.67772045 0.81437280
-2.58426860 0.22010600 4.57113154 0.97547596
-0.92752553 0.72864206 4.08518689 0.68489470
-0.42823841 0.69533712 -2.36532209 0.71868372
-1.10060789 0.62704662 -2.50076209 0.77898173
-0.94465633 0.62654535 3.43389632 0.77938496
-1.16526209 0.39887790 3.36705726 0.91700404
-1.32914818 0.38869363 3.72714262 0.92136706
-0.77237351 0.65720907 3.59996074 0.75370832
-1.44336201 0.54718406 -2.69814420 0.83701231
-1.02220480 0.71610442 -2.61731373 0.69799317
-1.31448063 0.73849466 -3.11366744 0.67425932
-1.46945781 0.86999679 -3.06163931 0.49305739
-1.24690280 0.82798436 3.41416500 0.56075119
-1.19579720 0.63831875 -2.40174798 0.76977216
-0.68177250 0.88158524 -2.68286665 0.47202485
-1.53920401 0.72684044 -2.85456818 0.68680636
0.46714155 0.18232133 -2.95649268 0.98323900
0.77497600 0.87556444 -3.92983122 0.48310135
2.29074635 0.82809052 -2.90780239 0.56059441
-4.92123045 0.67209539 -3.24427639 0.74046457
-4.88929428 0.48476047 3.00054198 0.87464695
0.69650223 0.79982569 -3.46544240 0.60023234
0.93294588 0.68593139 -3.02780675 0.72766622
0.11151803 0.71457542 2.35286628 0.69955841
1.49958237 0.28103916 2.30952610 0.95969630
-2.25644786 0.45123088 -3.51539718 0.89240725
-2.55973817 0.71637818 2.27659159 0.69771219
-2.25166347 0.69049158 2.16159673 0.72334043
4.67778847 0.71726395 -3.20573595 0.69680157
4.94504324 0.86785100 -0.20384837 0.49682456
-1.02609931 0.54711099 3.02112314 0.83706007
5.48288097 0.72134595 3.47914969 0.69257492
4.70093437 0.73698103 3.28162995 0.67591343
-1.38894252 0.44889350 -2.83092103 0.89358526
-1.28389177 0.75222936 3.21810563 0.65890135
-1.76527550 0.82300265 -3.24538215 0.56803753
-0.41143556 0.94798737 -3.10562457 0.31830795
-1.60751170 0.57555267 3.07345713 0.81776471
-0.42513733 0.53007108 4.86852877 0.84795321
-1.08381488 0.64729553 3.55955835 0.76223913
-1.39894202 0.45214596 3.04207933 0.89194396
-1.19969300 0.71050688 -2.89663525 0.70369026
-1.80051444 0.91629444 2.16339473 0.40050530
-1.29661394 0.89440334 -2.58476241 0.44726129
-0.83159001 0.68978942 -2.17504110 0.72401005
-1.84357810 0.87834811 5.34751754 0.47802154
-1.68978276 0.85403229 -2.94873638 0.52022001
-3.11622678 0.61846510 4.66722609 0.78581227
0.31012896 0.33232001 -2.03980598 0.94316669
-5.51297337 0.89452914 -1.88516338 0.44700965
1.85199672 0.76845141 -2.71797604 0.63990815
2.40321088 0.52187582 -2.44003074 0.85302147
1.44564425 0.67281980 3.47289896 0.73980640
0.45890487 0.88703640 1.54125989 0.46169950
0.43367143 0.98645617 0.17354528 0.16402510
0.40849055 0.88333206 -4.51684157 0.46874777
-1.77131369 0.33450493 -3.70838569 0.94239400
-2.59154139 0.41801494 3.00668556 0.90844015
-1.53904270 0.76694660 2.67188001 0.64171093
-2.16427897 0.90624745 -4.02862194 0.42274762
3.86570910 0.79367545 2.65217298 0.60834142
-2.19827070 0.99494781 4.34308710 0.10039347
5.44182047 0.54429500 3.86939471 0.83889388
-1.43870180 0.79282172 3.00329781 0.60945363
-2.22874246 0.63276746 2.92341782 0.77434188
-1.30552696 0.32945452 -3.32479498 0.94417145
-1.20230509 0.74032307 3.57660141 0.67225126
-0.72601120 0.77867238 -1.99127961 0.62743073
-0.56351573 0.84603231 3.96401729 0.53313162
-1.19883494 0.61696709 -2.67216810 0.78698895
-0.17330707 0.46130135 -1.87199922 0.88724352
-0.65427554 0.65892713 3.96112041 0.75220677
-1.28375815 0.79293851 3.64423334 0.60930167
-1.66841268 0.98663571 -3.22369621 0.16294162
-0.73997640 0.73719876 -2.34758186 0.67567595
-1.77449604 0.76839624 -2.25544753 0.63997438
-1.04750833 0.66000011 3.93960154 0.75126550
-1.36998558 0.42797003 3.78630350 0.90379293
-1.44847298 0.54410260 -2.85508180 0.83901869
-1.12766783 0.34443834 -1.54115589 0.93880894
-0.63952457 0.36945028 -2.85483685 0.92925050
-0.86446717 0.37917099 -2.51514261 0.92532662
3.19533778 0.40885618 -2.19329483 0.91259883
2.69281336 0.85996057 3.79923875 0.51036048
2.01569821 0.71179582 -2.53084412 0.70238644
-0.35456573 0.61088633 4.43906485 0.79171832
-1.26535882 0.92465567 3.50898049 0.38080426
-0.59384884 0.62068736 -5.09634060 0.78405816
-2.50129213 0.90418431 -3.60691273 0.42714252
-2.02025738 0.40880422 2.89663797 0.91262211
-2.29233123 0.50890469 -4.23324090 0.86082287
-2.24092710 0.82225378 2.57813124 0.56912101
-1.99015631 0.82642623 -3.53095593 0.56304501
-1.78303978 0.86718440 3.03578583 0.49798717
-1.03055191 0.81797333 3.86298729 0.57525614
-0.76702546 0.40034262 -2.59827112 0.91636553
-1.75323067 0.26530309 3.21939330 0.96416506
-1.55724521 0.64797064 -2.64835418 0.76166531
4.78075331 0.95721468 3.47400677 0.28937874
-1.55219998 0.84884257 3.83726214 0.52864571
-1.23385269 0.71117617 -2.96940532 0.70301384
-0.91538383 0.53996784 3.98563851 0.84168565
-0.64512726 0.48309435 -2.25550125 0.87556830
0.02134085 0.80820094 -2.34881878 0.58890681
-2.22413094 0.59057505 -2.97106088 0.80698272
-2.76578166 0.24617232 -3.29575604 0.96922608
-0.89737186 0.80326721 -3.23421024 0.59561882
-0.93072056 0.77536837 -2.27441590 0.63150922
-1.59889311 0.70258948 -3.00640945 0.71159541
-2.05120447 0.26266897 -3.11946450 0.96488601
-0.87893717 0.65383483 4.18911152 0.75663731
-1.68551337 0.69590208 -3.17584172 0.71813668
-0.68587637 0.86814299 -2.44961977 0.49631416
-1.15932268 0.80780310 -2.49611778 0.58945242
-0.20556021 0.67914672 -1.92897628 0.73400254
1.14164817 0.25059227 -2.53443154 0.96809272
2.18509859 0.64944558 -2.64002314 0.76040807
-1.29442216 0.59853391 3.31367668 0.80109747
-0.92890841 0.75512756 2.64675436 0.65557789
-0.45068857 0.48015585 1.64630132 0.87718320
-0.90451293 0.70134026 3.60850276 0.71282665
-1.18740947 0.70497784 -2.72233294 0.70922934
-2.15262048 0.85312083 -3.43802787 0.52171338
-2.59882404 0.82699414 2.37357382 0.56221054
-1.99426655 0.50528995 -3.49171822 0.86294963
-1.80296076 0.83322624 -3.40263098 0.55293222
-1.62064898 0.86487564 -3.48261765 0.50198619
4.47853727 0.58752753 2.26698557 0.80920418
-1.48748853 0.61132369 2.88087225 0.79138066
-1.18298989 0.60367390 -2.48562984 0.79723134
-0.85574316 0.78408126 3.64600411 0.62065818
-1.22364681 0.64771833 -2.48419502 0.76187989
-0.59461743 0.64254686 4.45899586 0.76624639
-0.67666768 0.72227535 -2.65420321 0.69160561
3.11357331 0.55734438 -2.29488798 0.83028142
-1.36929038 0.29883447 -2.48709754 0.95430496
5.09892950 0.58338774 -2.79783178 0.81219379
-1.57786866 0.58357701 3.40963662 0.81205780
-1.24074958 0.71297358 3.37298642 0.70119090
-1.39637040 0.59839583 4.30007805 0.80120062
-2.31757910 0.93415008 -5.69393932 0.35688042
-1.99132691 0.89606430 -2.95400130 0.44392429
-2.18504260 0.76968274 2.50995682 0.63842657
-1.90251228 0.49745576 -2.84852331 0.86748935
-0.86908051 0.74247090 -2.08902588 0.66987832
-0.47018658 0.39645571 -2.20287016 0.91805385
6.06665984 0.52241919 -2.17633099 0.85268880
0.24676688 0.50188510 -1.99038012 0.86493430
2.00938112 0.67956126 4.02459565 0.73361877
-1.67651634 0.28645800 -3.62776518 0.95809280
-1.42949306 0.76052508 2.99685742 0.64930855
-1.70337149 0.62877229 2.63533982 0.77758948
-0.82811733 0.80574168 3.90671593 0.59226712
-1.82604501 0.43993041 -3.22412937 0.89803187
-1.37282544 0.74369249 2.90036433 0.66852186
4.52385165 0.87369649 -3.87942112 0.48647142
-1.99475982 0.70680697 2.76208987 0.70740647
-1.79286337 0.76584224 2.71898259 0.64302851
3.96325081 0.86360162 -3.65844170 0.50417482
-1.62685630 0.74769528 3.16658626 0.66404200
-1.23764103 0.91575522 -2.47912153 0.40173670
-1.23292354 0.74927979 -2.67292787 0.66225358
-1.61138418 0.65888158 -2.85856506 0.75224667
-0.95571316 0.81927653 -2.41290046 0.57339861
-0.12210130 0.59543487 -1.77995880 0.80340359
0.11271530 0.58569303 4.91692585 0.81053296
1.95260979 0.74392944 -2.13099676 0.66825817
1.85835706 0.31275765 2.84313500 0.94983296
1.80544635 0.57870272 -3.03296964 0.81553857
1.62188229 0.51186472 -2.63402838 0.85906607
-1.08882011 0.52152594 -2.64210825 0.85323542
-5.42091515 0.24860742 -2.84990451 0.96860433
-1.76595235 0.30934246 -3.76429831 0.95095070
-1.67734708 0.87219653 -2.18886165 0.48915561
-2.17722104 0.76127547 2.77536764 0.64842860
4.02892747 0.38809760 -2.15522238 0.92161828
-0.75695030 0.90020081 -2.60225226 0.43547502
5.09556351 0.87563686 -3.33739739 0.48297007
-1.32477989 0.59278913 -3.19097506 0.80535772
-1.99704556 0.62327040 -3.03261810 0.78200640
-1.38137398 0.50885338 -2.58602008 0.86085320
-1.76454597 0.55451088 2.41611020 0.83217647
-1.76183936 0.55469421 -3.25465572 0.83205428
-0.87569776 0.79920983 2.74567615 0.60105212
-1.49543742 0.92452006 -2.79387837 0.38113338
-1.77852528 0.66962848 3.25745157 0.74269623
-1.33253726 0.81671284 -3.12620519 0.57704431
-1.49882917 0.63492659 -3.58832925 0.77257247
-1.79536121 0.53489536 3.28379459 0.84491831
5.16480316 0.64815751 -3.09336420 0.76150630
-2.16208288 0.58513522 -3.38349666 0.81093574
-2.15293250 0.68087589 -3.79091406 0.73239881
-1.76852105 0.81929475 -3.89127734 0.57337258
-1.78240921 0.84377364 -3.36230013 0.53669921
-0.31551427 0.39157029 -2.35111715 0.92014820
1.03555064 0.53685306 2.87793538 0.84367576
0.03387618 0.93415725 -1.17873751 0.35686163
-0.56291665 0.78218807 -2.35471830 0.62304239
-0.69282456 0.95359943 3.95644037 0.30107829
-0.99422604 0.64489202 -2.90159724 0.76427369
-1.23616051 0.89043023 3.71499365 0.45511977
-1.03698448 0.62803728 -2.33967945 0.77818325
-0.70925476 0.82484836 3.71735747 0.56535403
-0.43745261 0.80067103 4.07120103 0.59910424
-0.59223094 0.53949360 1.55546500 0.84198970
-2.80561068 0.75004455 2.53952616 0.66138731
4.32378196 0.72059076 2.36189202 0.69336063
-0.54859246 0.65395801 4.12557792 0.75653085
-1.68461916 0.67351813 -3.43282803 0.73917070
4.22427135 0.61535117 2.99032640 0.78825309
4.41465310 0.23245080 -3.19597763 0.97260816
4.30137997 0.75542419 -3.03056689 0.65523606
-1.23470382 0.60708812 -3.13141371 0.79463451
-1.62381776 0.54716588 2.76705093 0.83702419
-1.70552721 0.71570784 -2.96463362 0.69839980
-2.29573357 0.15548021 3.34802406 0.98783901
-1.90892053 0.88673655 3.58828385 0.46227512
-1.40166903 0.97494597 1.52987626 0.22244179
-2.14164754 0.63338119 -3.09066720 0.77383995
-5.14494971 0.68632865 2.70663668 0.72729154
-2.23326585 0.50130105 2.80288922 0.86527294
4.78452596 0.89824307 -3.33753266 0.43949903
-2.00825541 0.77224493 3.08981564 0.63532494
-1.79807405 0.70253459 -3.21559200 0.71164960
-2.29851563 0.71394093 2.54100551 0.70020594
-1.62688693 0.33302055 -3.61576483 0.94291957
-0.71850973 0.19018893 -3.00442846 0.98174751
-0.23758134 0.64443164 3.68777244 0.76466193
-0.59056462 0.91599116 -2.75467912 0.40119845
-0.20618932 0.70186505 -2.14110149 0.71230994
-0.87639327 0.69281804 -2.84038753 0.72111245
-1.14193421 0.75932755 3.68430335 0.65070859
-2.35472772 0.29888805 3.37617317 0.95428818
-0.89690015 0.63633182 -2.33686000 0.77141546
-1.27721956 0.94632449 -2.74631401 0.32321813
-1.00893864 0.84629265 -3.56879659 0.53271826
-0.15772336 0.65385448 1.12291195 0.75662032
-1.92682840 0.89403510 -2.99741515 0.44799691
-1.82310913 0.72767333 2.61744552 0.68592385
-0.63238428 0.67700893 -2.42699842 0.73597480
4.56185573 0.43941446 -3.05317305 0.89828444
4.32718861 0.60065406 3.25563906 0.79950904
-1.13483354 0.32997202 3.57206984 0.94399071
5.01896264 0.57854776 -2.49811660 0.81564851
5.23656361 0.61400735 -2.61974656 0.78930030
-1.45093347 0.75157108 3.41206059 0.65965211
-0.98138589 0.38526586 -2.12737018 0.92280562
-0.87727099 0.83450978 -2.93018383 0.55099312
-2.04787700 0.82369702 -3.27806900 0.56703017
-2.05052269 0.36949209 -4.72679055 0.92923387
-2.23682054 0.43265215 2.26296560 0.90156093
0.96037437 0.45657663 -3.09383508 0.88968409
4.91596944 0.52385162 -2.72780526 0.85180953
-0.67189753 0.62550244 -2.31769343 0.78022221
-1.27486808 0.80676695 -2.64916126 0.59086977
-1.18202760 0.57416092 -2.38097484 0.81874248
-1.56993328 0.37583327 -3.57552504 0.92668730
-0.99721757 0.69952351 3.13325340 0.71460958
-1.74178845 0.92132435 -0.56667710 0.38879486
-0.95231284 0.64796826 3.09777579 0.76166734
-2.19006713 0.61532973 -3.95577545 0.78826983
3.80922720 0.97391966 5.66650297 0.22689314
-2.18140241 0.55202223 2.21607473 0.83382939
-2.50975785 0.64731934 2.44052614 0.76221892
-1.11104949 0.68067302 -2.70778482 0.73258736
-0.41044384 0.74804724 -2.14291734 0.66364549
0.04767316 0.73017563 -1.98513452 0.68325950
-1.18435019 0.16305313 -2.12682094 0.98661729
-1.09093417 0.85160953 3.16669854 0.52417670
-1.24058849 0.66364709 3.91258678 0.74804581
-0.79874893 0.84337338 4.11931042 0.53732796
0.25050315 0.15545355 -2.66880025 0.98784320
-0.95639444 0.56001270 -3.20922043 0.82848402
-1.78223502 0.75174229 3.17741258 0.65945700
5.08566138 0.81621113 -2.90258486 0.57775374
-1.00545716 0.86811914 -2.97947546 0.49635588
4.47164207 0.67778731 2.78342764 0.73525803
-1.98491901 0.77044057 -3.79756645 0.63751183
-1.16698331 0.83373384 -2.98865560 0.55216653
-0.62519084 0.66880494 -2.14926670 0.74343793
-1.11666048 0.71370194 3.34541087 0.70044953
-1.80522679 0.52793447 3.39065937 0.84928511
-1.37950058 0.59067042 3.27452384 0.80691292
-1.03549007 0.85312000 -3.23134421 0.52171474
-1.22215816 0.85034093 3.61431735 0.52623217
-2.76642202 0.56775012 -2.12548357 0.82320095
-1.82449853 0.55271208 3.86961422 0.83337228
5.11365318 0.80531078 -2.40422454 0.59285289
-1.95484379 0.68467580 2.46441555 0.72884775
-1.25226616 0.68758178 -2.34078899 0.72610694
-1.58560894 0.89402523 -3.12102056 0.44801661
-0.98516530 0.33467406 -3.85238375 0.94233395
-2.14440841 0.64643213 -3.73788096 0.76297150
-2.28217846 0.81764005 2.88286321 0.57572976
-1.95392269 0.81423162 -3.66679433 0.58054016
4.58384448 0.37171210 3.09204922 0.92834806
-1.07491675 0.40702794 -2.93369469 0.91341571
-0.25665290 0.72036021 -1.80743174 0.69360015
-0.50904326 0.60556789 -2.67348616 0.79579365
-1.64547854 0.20481392 3.33545398 0.97880093
-0.77673948 0.70571319 3.56606063 0.70849764
-1.05938937 0.88235279 3.49340861 0.47058851
-0.73611855 0.70068398 -2.55780264 0.71347177
-0.25897410 0.54024459 3.87088411 0.84150804
-1.70168936 0.78100446 2.88863729 0.62452544
-0.94849442 0.85465881 3.81844906 0.51919006
-0.91363329 0.67444278 -2.94470156 0.73832712
-1.74997907 0.79516405 -3.15347153 0.60639437
-2.06532928 0.76867226 2.88602627 0.63964283
-1.84259454 0.55104056 -3.26908258 0.83447846
5.70569807 0.88069507 -3.15063565 0.47368363
0.08136366 0.74432991 -0.81415955 0.66781208
-0.14576974 0.85700204 4.70286163 0.51531301
-0.21483240 0.62727415 4.38384491 0.77879852
-1.57359145 0.72293602 -3.25329440 0.69091498
0.00862752 0.88315411 4.66508670 0.46908295
-1.97581745 0.39187713 -3.32964360 0.92001756
4.96078056 0.74567682 3.43422081 0.66630780
5.09699847 0.84734375 -3.19476881 0.53104479
-0.62502142 0.50260460 -2.11612292 0.86451640
-2.07718145 0.44193680 -3.06835769 0.89704619
-1.88768373 0.68785326 3.00709547 0.72584978
4.51627596 0.85287394 2.53289568 0.52211689
-1.96133464 0.72577068 -3.55555072 0.68793671
-1.48987182 0.54103909 -3.33266359 0.84099744
-1.56364182 0.66206708 -4.07093999 0.74944458
-2.25689600 0.85867271 -3.99955836 0.51252432
-1.92087032 0.63242347 -3.37589794 0.77462285
-1.56971343 0.63238222 3.71091319 0.77465653
-0.68557235 0.83131301 -2.37684098 0.55580453
-0.88672899 0.67690573 3.82741670 0.73606972
-1.18405224 0.72021319 3.68500515 0.69375281
-0.99919566 0.60897430 3.73298918 0.79318995
-0.81371831 0.64654268 -1.88082560 0.76287781
-1.01900330 0.64428724 -2.79708013 0.76478360
-0.35949795 0.72822887 4.43382366 0.68533401
-1.22670669 0.81765589 -2.46982730 0.57570725
-0.62817084 0.55067329 4.06084969 0.83472087
-0.72187754 0.87635028 -2.65716430 0.48167436
-1.31162035 0.87912588 -3.23820562 0.47658965
-1.80741625 0.79980632 3.21758144 0.60025816
-3.34501700 0.60425071 -2.13558655 0.79679425
-1.54016401 0.89303577 3.82953115 0.44998569
-0.51741217 0.75027605 -2.31021700 0.66112469
-1.34919250 0.60769339 -2.33764244 0.79417173
0.06178445 0.82335032 -2.21458240 0.56753348
4.60877206 0.26026371 -2.73769945 0.96553757
-0.47142632 0.69976663 -2.22059632 0.71437152
-1.02850892 0.77937954 -2.76738532 0.62655210
-1.23185868 0.82166058 -2.73505834 0.56997710
-0.60242589 0.52796083 -1.98595577 0.84926872
5.04395695 0.86203428 -2.65428390 0.50684997
-1.96702277 0.57998648 -3.49128170 0.81462610
-2.12510219 0.73671744 -3.65436047 0.67620072
-1.89743051 0.81980089 -3.69553825 0.57264867
-2.00529508 0.90048489 -3.43537719 0.43488729
-1.70396272 0.86216577 -2.86508093 0.50662628
-1.47520079 0.63889140 -2.78457450 0.76929693
-2.33103596 0.50732831 -3.94384682 0.86175286
-1.30765183 0.89613475 -3.99702143 0.44378206
-1.41190117 0.77502273 -2.69719601 0.63193336
-1.54889545 0.74364011 3.29338055 0.66858013
-1.64383581 0.71998069 2.96384937 0.69399409
-1.82543178 0.37412663 -2.72969648 0.92737763
5.54224537 0.68571322 3.63940818 0.72787181
-2.13826921 0.93771955 2.54637483 0.34739321
-1.82573683 0.84599584 2.87349005 0.53318950
-1.17239211 0.65061763 -2.44032457 0.75940549
-1.45354299 0.94915899 -3.13104859 0.31479709
-2.24620285 0.67808468 -3.42949430 0.73498379
-4.19018535 0.21213057 -3.52246890 0.97724133
-1.96282988 0.47064507 2.85065375 0.88232263
-1.94409744 0.64468687 -3.31679065 0.76444675
-1.54812594 0.42961416 -3.09235623 0.90301256
-1.92938882 0.61475008 -3.26434368 0.78872196
-1.13702396 0.73713656 -2.72079089 0.67574381
-1.07090133 0.76225137 -2.48287008 0.64728112
-1.20015583 0.82666330 3.76264416 0.56269689
0.30875322 0.15832060 3.82104837 0.98738776
-1.16331829 0.54630962 -3.03560410 0.83758331
-1.50762436 0.70573500 3.13066942 0.70847591
-1.12348967 0.63631975 -2.69458394 0.77142542
-1.02140504 0.78531119 3.63471721 0.61910123
4.71554295 0.65862897 -3.78648458 0.75246786
-2.31905180 0.76597095 -4.21267389 0.64287518
-0.31561871 0.49138723 -4.78467000 0.87094121
-2.01979177 0.86820763 -3.96928749 0.49620107
-1.51229610 0.79569278 3.27832043 0.60570042
-1.97248523 0.93813647 -3.82844872 0.34626573
-2.20340618 0.97982687 -4.05559896 0.19984822
-2.08916823 0.89444012 -3.27624623 0.44718774
-2.79962339 0.61409960 -3.80773964 0.78922854
4.12462462 0.85592909 2.84207082 0.51709321
-1.62582458 0.78208182 3.71076345 0.62317576
-1.75740970 0.76302386 -3.06617428 0.64637032
-1.18221749 0.96706930 3.76346411 0.25451320
-1.56526303 0.70135239 -2.61218888 0.71281472
-1.32952535 0.80850593 3.52730293 0.58848803
-1.46585695 0.67492953 2.80175553 0.73788220
-1.31910186 0.89516282 3.58943229 0.44573930
-1.36511117 0.89468237 -2.73662508 0.44670287
-1.67941452 0.83775231 2.98036735 0.54605043
-2.17806585 0.94498463 -4.42948962 0.32711473
-0.46833823 0.77470003 -2.56427201 0.63232892
-1.26755210 0.56849681 3.75810173 0.82268547
-1.60621181 0.65022005 -3.01862409 0.75974593
-1.90465460 0.85878983 2.70002347 0.51232804
-1.78549881 0.68923230 2.93210972 0.72454043
-0.85167403 0.63490668 -2.64082363 0.77258884
-0.64929635 0.76769906 4.33897337 0.64081054
-0.17570248 0.42515428 -2.10351478 0.90512090
-0.35556671 0.89007156 -3.20078483 0.45582081
-1.28332206 0.98057830 -3.05393081 0.19612801
-1.82827361 0.38652652 -2.95926263 0.92227829
-2.13693299 0.71425512 -2.62448318 0.69988544
-1.42462161 0.95726626 -2.87268338 0.28920806
-2.55252177 0.35080949 2.80521290 0.93644685
-2.08490869 0.53376347 -3.79400766 0.84563382
-2.24586803 0.67551656 1.96048662 0.73734481
-1.79263042 0.89967962 -3.79166493 0.43655078
-0.31233781 0.97679029 -0.46528644 0.21419789
-2.03163949 0.68059365 1.93038258 0.73266110
4.11534315 0.66542245 2.86725968 0.74646699
-2.69027333 0.45649009 -4.24010907 0.88972850
-2.67318716 0.80946013 2.55994073 0.58717485
-2.47651831 0.81323585 -4.07153484 0.58193423
-2.11150065 0.76206415 2.74038300 0.64750153
-1.63693179 0.93977424 -2.72015760 0.34179583
-1.09317416 0.74952013 3.75122790 0.66198155
-2.13959755 0.76000563 -3.55233798 0.64991649
-1.87822601 0.88527019 3.40206246 0.46507709
-1.28962926 0.88990443 -3.17023762 0.45614702
-1.78536059 0.67621847 2.98481490 0.73670115
-1.61752331 0.41702012 -3.75734721 0.90889725
-1.02440433 0.50396381 -2.84697995 0.86372477
-0.55745011 0.96722060 4.64898648 0.25393762
-0.82240999 0.44370604 3.95720260 0.89617239
-0.65778971 0.77425139 3.90697912 0.63287818
-1.81270677 0.61730760 3.20725797 0.78672189
-0.45642823 0.20422927 -2.35312758 0.97892308
-0.60077762 0.41906251 -1.88431869 0.90795739
0.13162120 0.73873652 5.26320345 0.67399433
0.04897681 0.63663022 -2.27709570 0.77116922
-0.88830833 0.58176864 -2.72333385 0.81335432
-1.47478597 0.83547782 -3.30295343 0.54952417
5.24142552 0.47416603 2.90100810 0.88043545
-1.87243464 0.51080721 -3.11906762 0.85969529
-0.89352208 0.22148923 3.64178354 0.97516282
-2.07734846 0.82630706 -3.80504013 0.56321989
-1.70210974 0.63699325 -4.08769890 0.77086938
-1.87885462 0.77071760 2.85116795 0.63717688
-1.63896926 0.55210666 -3.01109866 0.83377349
-1.94611130 0.49233869 -3.64450800 0.87040371
3.86783038 0.79075627 -4.39885995 0.61213113
-1.54447081 0.48489513 3.27279102 0.87457231
-2.41974679 0.89382631 -3.58605230 0.44841334
4.05310971 0.40231484 2.29324068 0.91550138
-2.76100523 0.75322673 1.95876512 0.65776097
-2.38322091 0.76262426 2.63834768 0.64684175
-2.04874973 0.85059451 -3.09865369 0.52582219
0.53982361 0.16740624 3.89784269 0.98588800
-1.76092881 0.66723609 2.65006373 0.74484629
-0.85286091 0.66739455 -3.20405064 0.74470432
-1.65492723 0.91248295 -3.22259280 0.40911474
-1.83084874 0.52199996 -2.94768463 0.85294551
-1.89769620 0.67356667 -3.43589828 0.73912647
-0.91076521 0.22147285 3.32452757 0.97516654
-0.66997838 0.69004053 -2.39246414 0.72377073
-0.25855169 0.62188120 3.83179096 0.78311159
-0.62877211 0.63096511 4.25945564 0.77581121
-0.78321767 0.59295734 -2.86166573 0.80523387
-0.49930422 0.73388353 -2.24528400 0.67927533
-0.06188676 0.72136052 -1.99133577 0.69255974
0.31424700 0.72753133 4.61251045 0.68607446
-0.61915382 0.59012908 4.14459872 0.80730891
-0.77836759 0.59176810 -2.60631581 0.80610826
-1.16963611 0.68699167 -2.66533604 0.72666530
-1.53507712 0.69326046 -3.15514747 0.72068713
-1.12588942 0.41510015 -2.31692576 0.90977572
-1.48590689 0.77636553 -3.25170479 0.63028293
-1.46803718 0.76363373 -2.46665642 0.64564969
-2.60549353 0.70994609 2.59006388 0.70425603
-1.81991779 0.63123824 2.81598451 0.77558899
-2.03838233 0.48851554 2.40391109 0.87255519
-2.64861984 0.51984882 2.31210810 0.85425828
-2.10369083 0.70109748 -3.55079655 0.71306544
-2.01045803 0.39242020 -3.34169409 0.91978605
-1.81399960 0.56931064 -3.66507114 0.82212249
-1.07328133 0.96517613 -2.07811288 0.26160090
-1.86882797 0.95097007 -4.06670093 0.30928291
-1.04321116 0.88699450 1.20762783 0.46178000
-2.06910683 0.64530089 2.80391797 0.76392851
-1.61098754 0.72287562 -2.50573332 0.69097818
-0.85026291 0.79108758 3.99861742 0.61170291
-0.76953073 0.64601115 -2.38371899 0.76332797
-1.54484797 0.48590640 -3.44831799 0.87401085
-2.10711213 0.55674053 -3.67320442 0.83068645
-1.34892456 0.91927759 -2.96089638 0.39360986
-0.77449737 0.72714620 -2.63032132 0.68648263
-0.44130763 0.73278314 -2.87716637 0.68046224
0.08628830 0.86919419 -2.20468245 0.49447088
-0.42046308 0.53158337 4.18488932 0.84700598
-0.52155896 0.81490269 -1.60602026 0.57959780
-0.53815947 0.62336619 4.57298905 0.78193004
0.63698885 0.81671996 4.67751650 0.57703423
0.32166908 0.61127485 -1.58119464 0.79141839
0.29363664 0.41552871 4.53567247 0.90958006
-0.60513762 0.54609048 4.30828647 0.83772620
5.23100056 0.69282523 -2.41642120 0.72110554
-1.17822569 0.49505151 3.39418230 0.86886363
-1.95658267 0.47588980 -2.29771003 0.87950492
-1.13806937 0.76128997 -2.81420518 0.64841158
-0.75570373 0.88838757 4.02471425 0.45909425
-1.40074687 0.90013919 -3.24226018 0.43560238
-2.16307790 0.74087467 2.32055868 0.67164330
-2.01315824 0.36550435 -3.48145232 0.93080963
-3.20367409 0.81782171 -4.84809160 0.57547168
3.28309494 0.86130824 -5.00894551 0.50808279
-1.38228765 0.63140950 3.25032381 0.77544958
-1.64046453 0.86655605 -2.93815223 0.49907977
-0.98469006 0.38974421 -2.34306962 0.92092315
-1.31018890 0.44130114 -2.86162665 0.89735907
-1.55733848 0.62687802 2.96829280 0.77911742
-2.14895167 0.57157603 -3.64120992 0.82054911
-1.17328838 0.66985360 3.72436012 0.74249320
-0.79595092 0.83390962 3.74682212 0.55190102
-1.61958981 0.72615746 -3.06640575 0.68752843
-0.80596299 0.70429890 -2.51912561 0.70990355
-0.86248350 0.54278922 3.69217692 0.83986895
-1.01352397 0.50984270 3.14853665 0.86026765
-0.07295786 0.43270598 -1.92835528 0.90153510
-0.88169167 0.46058703 4.15450225 0.88761455
0.82766924 0.75578423 -0.93762340 0.65482073
0.19273724 0.99524582 2.03427724 0.09739488
0.04777378 0.97369815 -3.10066871 0.22784187
-0.81165962 0.76914261 3.96505303 0.63907718
-0.25438644 0.94258446 -0.09811505 0.33396786
-0.82766621 0.97103270 4.01120442 0.23894665
-1.07648313 0.79476201 -2.52998053 0.60692120
-0.83489544 0.82609049 -2.85469507 0.56353749
-1.91533938 0.47811959 -3.16139248 0.87829474
-1.12079091 0.72709949 3.13685870 0.68653210
-1.03296952 0.67936243 3.83406782 0.73380290
-1.80325333 0.59772217 4.04850985 0.80170332
-2.01526101 0.71294694 3.28027224 0.70121799
-1.49645830 0.74265921 -3.29389083 0.66966954
-2.19308423 0.96167780 1.99532741 0.27418209
3.78636383 0.81718477 2.19659178 0.57637579
-2.62618418 0.60074612 1.96696970 0.79943986
2.51281937 0.77998343 -4.79556722 0.62580016
-1.51265174 0.45708365 -3.54190456 0.88942371
-1.47046405 0.79032662 -3.21440405 0.61268576
-0.84959096 0.73619759 -2.81077764 0.67676666
-1.72536689 0.55629719 3.12258321 0.83098341
-1.49051590 0.53635745 -3.12773986 0.84399093
0.83619276 0.54349883 -3.67551426 0.83940993
1.41788409 0.44210184 2.95429267 0.89696486
0.54340338 0.94888601 -3.88389845 0.31561899
0.38565005 0.69764822 -1.83482246 0.71644048
-0.56206327 0.59839386 4.69258212 0.80120209
-0.59933060 0.43114512 -2.71925947 0.90228260
-0.92066302 0.53680061 -3.13729544 0.84370913
-1.71390578 0.82064979 -2.90986217 0.57143147
-1.71169313 0.64504117 -3.21971439 0.76414782
-0.55327844 0.78016420 4.04566338 0.62557479
0.24872481 0.68602809 4.87721328 0.72757506
-0.02311934 0.69839855 5.24338451 0.71570907
-0.18235097 0.60620991 -1.92272254 0.79530469
-0.16903721 0.86404081 1.64574886 0.50342176
0.29528448 0.76463654 -1.90155185 0.64446176
-1.05783563 0.63228113 3.68602805 0.77473903
-1.12182527 0.71269257 -2.31360970 0.70147652
-0.71500873 0.78540003 3.94023568 0.61898853
-1.19928007 0.84113437 3.69388481 0.54082620
-0.84645594 0.49297362 3.86998114 0.87004426
-0.71526922 0.81481403 -2.67137520 0.57972243
-1.83856605 0.58577321 2.68435689 0.81047501
-1.45652541 0.53997851 2.42636090 0.84167880
-2.51222645 0.82772084 -4.35053911 0.56114010
-2.19228010 0.70714015 2.71598998 0.70707341
-2.60323144 0.56661126 1.85673741 0.82398524
-2.62245468 0.27415388 2.52505368 0.96168584
5.46876703 0.71494361 -2.98862630 0.69918212
-1.08599747 0.75780301 3.42801722 0.65248341
-0.94769005 0.88474094 -2.63096989 0.46608311
-2.12789527 0.62071265 -3.28026377 0.78403814
-2.26989165 0.64122833 -3.37540235 0.76735014
-2.12970930 0.77168276 -3.33870074 0.63600763
-0.33163523 0.89809183 -5.65792556 0.43980798
1.09903312 0.53670606 2.05079091 0.84376928
-1.11462532 0.72083453 -2.39565517 0.69310720
-1.03390318 0.76547905 3.51292618 0.64346082
-0.82138559 0.73308641 -2.57276320 0.68013551
0.00294018 0.62334948 4.30308146 0.78194336
-0.81119546 0.56090822 -2.23592096 0.82787799
-0.93602753 0.70484714 3.73213862 0.70935923
-0.40928243 0.28000839 -2.02834494 0.95999755
-0.50756948 0.47552217 4.62110253 0.87970374
0.44214787 0.74309677 5.14168340 0.66918398
-0.55426846 0.46642694 4.30458978 0.88455973
0.04070600 0.70194771 5.07002238 0.71222848
-0.13753356 0.75806962 4.74971250 0.65217364
-0.38812507 0.34343703 -1.98134707 0.93917571
-0.38634182 0.65396984 -2.15603855 0.75652062
-0.90360773 0.67417722 -2.97495451 0.73856961
-1.79541131 0.73773067 3.21344053 0.67509514
-0.88515195 0.88359697 -2.59046403 0.46824822
-0.55351258 0.82325888 2.55907215 0.56766612
-1.38292215 0.83161327 0.14508304 0.55535518
-2.91962355 0.78253956 1.75856896 0.62260087
-3.03761692 0.84312134 1.17092815 0.53772336
-2.10163426 0.91830519 2.92756595 0.39587318
5.09287930 0.67504429 -2.54555695 0.73777721
-0.78595427 0.67618480 4.22992997 0.73673205
-2.15660183 0.62112524 3.45215225 0.78371132
-1.84493000 0.85086666 3.41113403 0.52538170
-1.35789712 0.79566278 3.52000312 0.60573983
-1.25969292 0.40621442 3.56841192 0.91377779
-1.40830302 0.78366051 3.43194852 0.62118935
-3.30211921 0.47338769 -1.95629925 0.88085419
-0.71111906 0.71684540 3.76615353 0.69723215
-1.52319049 0.37865334 -3.32922483 0.92553857
-1.55896137 0.62292981 -2.89038321 0.78227774
-0.28740396 0.77363445 -2.69257548 0.63363217
-1.24959652 0.57332081 3.53087656 0.81933098
-0.32901993 0.28206085 -1.99280221 0.95939652
-0.87871599 0.75525795 -2.26180998 0.65542767
-0.42430199 0.38011486 -1.72675148 0.92493929
-0.46260200 0.48519360 -2.10367775 0.87440675
0.05781061 0.66580612 -1.39613439 0.74612480
-0.60918700 0.94222974 -1.25554758 0.33496734
-0.40044695 0.84359913 4.23152594 0.53697348
0.79191924 0.43385876 5.59305039 0.90098090
-2.22746896 0.14428412 -1.10195606 0.98953630
0.70792000 0.44336552 -1.09324882 0.89634091
-0.30095851 0.66210547 -2.04658351 0.74941067
5.36006861 0.51193340 4.42540702 0.85902514
-1.23222577 0.60035153 -2.67485877 0.79973623
-0.50265110 0.81442844 0.97378918 0.58026400
-1.51864262 0.61773811 -0.02179295 0.78638389
-2.16830927 0.63590002 -0.03133666 0.77177144
-2.69016142 0.80630130 2.01542265 0.59150504
2.48789006 0.85299272 2.38815444 0.52192281
0.58474698 0.34251862 -2.63024035 0.93951104
-0.56826373 0.66025236 3.75909830 0.75104382
-0.52322059 0.60215250 4.10651393 0.79838109
-3.35779861 0.71319633 4.14063125 0.70096434
-1.31268695 0.60053750 2.89736805 0.79959659
-0.95092142 0.49922148 -2.98036555 0.86647442
-1.35770395 0.53499929 3.82871624 0.84485251
-0.21654800 0.53840351 -2.00867713 0.84268716
0.33966450 0.67264288 -1.79376679 0.73996726
-0.35982312 0.86852385 4.24371623 0.49564738
-0.28716639 0.69843818 4.34699764 0.71567039
0.21263587 0.71828653 -1.19825203 0.69574741
-0.23624452 0.68416617 4.32662293 0.72932616
-0.87394332 0.84734461 -2.69048542 0.53104342
-0.33956111 0.80822209 4.12240944 0.58887779
0.19072149 0.71643399 4.63531107 0.69765488
-1.58590081 0.98581151 3.58067617 0.16785608
0.04441798 0.61401075 -1.27145244 0.78929766
0.14560853 0.75139818 4.98428949 0.65984906
0.03897663 0.61991904 -0.61277846 0.78466578
-0.14711328 0.78159170 -1.47038101 0.62379037
0.75423122 0.94295585 5.36488494 0.33291781
-0.06285352 0.78896444 4.91688946 0.61443886
0.37643250 0.87107963 4.58854463 0.49114182
-0.42226103 0.49406624 -2.05786058 0.86942426
-0.98268824 0.45713158 4.57366124 0.88939908
-1.57052278 0.85170201 3.18755962 0.52402641
-1.30759521 0.72614666 3.58278243 0.68753984
-1.14823538 0.90478743 -6.19123297 0.42586348
-1.24053145 0.75979187 0.02018371 0.65016637
0.62157418 0.44056385 -4.03535546 0.89772128
-0.73881360 0.34121402 -3.47812174 0.93998564
4.63133690 0.65488444 3.14714604 0.75572904
-1.81191310 0.71272289 -3.06470298 0.70144571
-1.68471351 0.83470065 2.52069518 0.55070393
-1.70920438 0.83849210 2.85298108 0.54491375
-2.14176902 0.83294985 3.02678416 0.55334848
-2.08529732 0.24677810 3.27702248 0.96907201
-1.24482597 0.67024540 -2.41238765 0.74213955
-0.77278304 0.68552028 3.88373184 0.72805353
0.36285588 0.67890084 -1.57915154 0.73422997
0.42942456 0.82727720 -1.71691010 0.56179394
0.82210863 0.39182000 -1.57768274 0.92004189
0.98397574 0.95285879 -0.21869037 0.30341411
-1.05151998 0.78252815 4.49347363 0.62261521
-0.85013892 0.54577545 -2.53096266 0.83793148
-0.53731651 0.51075714 -1.52985679 0.85972504
-0.09979721 0.74873427 4.97497947 0.66287027
-0.19566810 0.55320935 4.86556052 0.83304227
-0.41275069 0.79785581 1.38854652 0.60284832
0.10020593 0.58129630 -1.46033603 0.81369196
0.17384930 0.66316559 4.85303432 0.74847271
0.06139149 0.81529553 4.91748871 0.57904507
0.53605180 0.79478470 5.33028383 0.60689149
-0.25774414 0.91481335 -1.37263594 0.40387688
-0.59837384 0.93496342 2.15959500 0.35474414
-1.08214066 0.78101384 -2.51607061 0.62451371
-2.30259186 0.76893538 1.99850561 0.63932651
-2.45365007 0.61558556 -3.12157490 0.78807006
-1.22741210 0.60343637 -2.44627154 0.79741115
-0.07485919 0.87220399 2.11677075 0.48914230
0.28577115 0.72430078 1.96881932 0.68948414
-2.59122519 0.45466232 2.43813726 0.89066390
-1.77444587 0.42599380 -3.44355530 0.90472608
-1.90380108 0.80512639 -3.34123940 0.59310328
-1.03417504 0.66398729 -2.57654464 0.74774386
-1.45515437 0.82966671 3.41188763 0.55825903
-1.43577435 0.82835923 -2.63260956 0.56019728
-1.37322686 0.63783620 -3.00058432 0.77017205
-1.76622237 0.65329707 -3.87815279 0.75710167
-1.02696746 0.43675363 3.08379164 0.89958116
0.34294009 0.47640137 4.24087049 0.87922792
-0.69380294 0.63872969 3.72431000 0.76943121
0.19409739 0.55235006 -1.90949634 0.83361226
1.86652678 0.72378146 0.61290692 0.69002928
1.01201378 0.85267764 5.10128219 0.52243740
-0.65509967 0.46792891 -2.54825070 0.88376611
-0.11104263 0.85928914 -2.22509579 0.51149015
0.21152937 0.32227065 -1.80700386 0.94664757
-0.79501623 0.70401546 -2.43525059 0.71018464
0.04514001 0.63048506 -0.84891830 0.77620139
0.51714644 0.75653265 1.44408830 0.65395592
-2.09945454 0.16026257 -1.72928351 0.98707442
0.43407322 0.51668985 -1.34657756 0.85617264
0.48507512 0.73202756 5.14567740 0.68127502
-0.22098787 0.55294806 4.94304612 0.83321572
0.44745641 0.54262430 -0.72864620 0.83997552
-0.42193479 0.64151198 4.35964042 0.76711302
-1.00690685 0.73063882 3.80285825 0.68276417
-1.86798248 0.64296810 2.90455178 0.76589296
-2.12873507 0.63367169 2.50092367 0.77360209
4.97284520 0.35659951 -2.75821480 0.93425735
4.33890241 0.50314394 2.99004655 0.86420262
3.99578514 0.51972935 2.24239497 0.85433097
-2.13814689 0.76583484 2.39855730 0.64303732
-2.32859293 0.61506354 -4.36329764 0.78847755
-1.42682969 0.80932824 -3.11345252 0.58735663
-1.28011400 0.75353214 -2.80416119 0.65741107
-1.80785040 0.68460938 3.51564667 0.72891014
-1.40825222 0.60054308 3.42735034 0.79959240
0.04460920 0.62317489 4.17397646 0.78208252
-0.90268214 0.35126223 -2.72651955 0.93627712
-0.41161008 0.67330085 3.88202730 0.73936862
-0.36785730 0.92434770 -1.29700929 0.38155121
-2.11222492 0.82095248 -0.28452567 0.57099652
4.50319960 0.68975398 -0.81085577 0.72404382
0.79936969 0.64482046 5.63050048 0.76433407
0.03567814 0.63261828 -1.60288234 0.77446376
-0.06781111 0.59881719 -1.46359030 0.80088574
-0.87398416 0.73495291 -2.01443084 0.67811815
-1.45188610 0.80946062 0.26917100 0.58717417
-1.12658244 0.70960814 -2.47953679 0.70459654
0.29767156 0.54609225 -1.34822495 0.83772505
-0.35608159 0.50909088 -1.71230963 0.86071277
-0.04966717 0.68641242 4.64487160 0.72721248
-0.20619363 0.72491642 4.58154236 0.68883684
0.23904750 0.87308787 -1.22901188 0.48756289
-0.58307486 0.53666115 -1.80844631 0.84379785
0.07972727 0.69623901 4.41238367 0.71781004
-0.21982734 0.70348933 4.23456462 0.71070582
-0.97223442 0.73393390 3.94006249 0.67922090
-0.13783893 0.73675771 3.82922477 0.67615684
-1.68328068 0.61821060 -2.51198625 0.78601251
-1.73841077 0.46740238 -3.41861466 0.88404469
-1.97668161 0.76446370 -3.21725840 0.64466677
-1.84239422 0.83898816 3.43260609 0.54414967
-1.69855375 0.73188311 -3.03415944 0.68143020
-0.39841949 0.62688012 1.53218755 0.77911573
-0.69433424 0.74902999 -2.61795893 0.66253609
-0.69136850 0.91536623 -3.34950226 0.40262223
-1.18542763 0.90223367 3.60340513 0.43124749
-1.44893960 0.80618581 -3.43487536 0.59166244
-1.68827054 0.54205240 -3.14002222 0.84034469
-0.27781648 0.85030003 4.07283342 0.52629825
-0.75520785 0.89737286 -2.71180588 0.44127309
-0.88930743 0.73765762 4.13693313 0.67517496
-0.93201698 0.99149148 -4.16414342 0.13017160
-1.12938466 0.67267603 4.14436843 0.73993713
-0.30261062 0.65847665 -2.23765933 0.75260116
0.10224897 0.65306201 -1.73245282 0.75730443
3.32206604 0.55415420 -0.95926004 0.83241403
-1.64925461 0.43559863 -0.66990635 0.90014101
-1.51481051 0.83527935 0.75954703 0.54982580
-0.79622991 0.85538185 0.25182043 0.51799797
-0.62348276 0.94635087 -2.00520920 0.32314089
-0.26597937 0.60417208 -1.59946496 0.79685388
0.08326731 0.81821665 -1.87549837 0.57491000
-0.28358719 0.69337152 4.59371827 0.72058027
-0.50207179 0.68323752 -2.39621393 0.73019620
-0.82840308 0.62222835 3.80856204 0.78283579
-0.01195184 0.76965026 -1.62947928 0.63846572
0.63020587 0.97946309 -1.45271530 0.20162355
-0.69157882 0.69419691 -2.19016105 0.71978514
-1.71783720 0.47471040 -2.60952510 0.88014206
-0.91788887 0.93916264 3.48562542 0.34347276
-1.01079670 0.75034633 -2.76675979 0.66104492
-1.79997714 0.67933261 2.66328899 0.73383050
-2.70651402 0.44379299 2.08885666 0.89612933
-1.48657932 0.68487260 3.21748481 0.72866283
-1.34806838 0.55321423 3.62468564 0.83303902
-0.77046935 0.53369275 4.14826491 0.84567846
-0.68589681 0.70139240 3.72954676 0.71277535
-0.85458973 0.81706982 3.68452904 0.57653874
-1.56722156 0.62557615 -3.38342422 0.78016311
-1.73223576 0.63973812 -3.25991325 0.76859296
-1.04245139 0.92860410 3.94837354 0.37107199
-1.16276164 0.58229025 3.64599711 0.81298097
-0.82438363 0.77615339 -2.35689437 0.63054414
-0.78633154 0.43183075 4.09703228 0.90195466
-0.50873436 0.50044608 4.04938094 0.86576771
-0.18350432 0.82579549 -1.29549817 0.56396969
0.59446168 0.64697211 -1.13454589 0.76251366
-0.38221192 0.64659161 -1.76249684 0.76283635
-0.45831921 0.85006283 4.47082042 0.52668130
-1.00419893 0.93208621 -2.89391260 0.36223653
-0.74064145 0.59024990 -2.35298636 0.80722058
-0.54742478 0.73879424 -2.48542125 0.67393106
-0.89508000 0.74623153 -2.11412707 0.66568650
-0.72092002 0.47589284 4.66719709 0.87950327
-0.82056321 0.70957048 -1.86390974 0.70463447
-0.46861392 0.83107255 4.30270221 0.55616403
-0.51663128 0.69270764 4.65939033 0.72121850
0.37299112 0.78099965 4.47505281 0.62453146
-0.12048630 0.69858447 4.21428179 0.71552760
-0.90787488 0.48156331 -2.22183686 0.87641131
-0.39650677 0.13296516 3.67751688 0.99112071
-1.94923325 0.45558733 2.98056170 0.89019109
-1.84941023 0.44119079 3.41293937 0.89741333
