0.29239 0.00271089
0.283633 -0.000326347
0.299696 -0.0100591
0.280122 0.0107423
0.350137 -0.0044004
0.286142 -0.0044154
0.281647 -0.00095764
0.28973 -0.00365799
0.293414 -0.0139821
0.324098 -0.00860641
0.252975 -0.00103253
0.230144 -0.0127597
0.242143 -0.00207221
0.224143 0.00411675
0.279175 0.00379368
0.290452 -0.0026189
0.32241 -0.0249141
0.23987 -0.0123917
0.228508 -0.0154358
0.265121 -0.0130381
0.281896 -0.0192271
0.294222 -0.0118492
0.234618 0.00861368
0.229915 -0.0117838
0.269608 0.00593798
0.27081 0.00386958
0.271714 0.00749334
0.353546 -0.0198102
0.350572 -0.023956
0.372235 0.00316482
0.332865 0.00297681
0.321907 0.00200771
0.346059 0.00980421
0.303312 -0.0199234
0.241967 0.0025363
0.283119 0.0138057
0.335156 -0.0245478
0.357695 -0.00742444
0.356412 -0.00865656
0.299287 -0.00923437
0.223082 0.00389023
0.271931 0.00599289
0.328058 0.033346
0.329757 0.0187391
0.367094 0.00252246
0.368131 0.00491115
0.338536 -0.00402113
0.39229 0.00114558
0.359987 -0.00203291
0.38622 0.000614346
0.306852 0.0080921
0.361602 -0.0225314
0.401766 0.010477
0.385522 -0.00482579
0.438301 -0.00459187
0.402235 0.00534084
0.36628 0.0122117
0.346317 -0.0191154
0.360562 -0.0110906
0.322414 -0.0101292
0.319437 -0.000565892
0.315942 -0.0194498
0.307088 0.0131121
0.26414 0.0102438
0.210913 -0.00647663
0.227096 -0.00310513
0.289132 0.00822656
0.265601 0.0461921
0.256973 0.00310671
0.24588 0.00124044
0.285952 0.00148488
0.263056 0.0102511
0.236385 -0.0108083
0.235953 -0.0165382
0.242549 -0.0145478
0.295538 0.00945829
0.297895 0.0034587
0.237286 0.00264249
0.313422 -0.023358
0.247028 0.0264783
0.238084 -0.0126786
0.275123 -0.0308931
0.263698 -0.0283261
0.320734 -0.0135435
0.289507 -0.00615355
0.213627 0.0267842
0.29124 0.0343216
0.276947 -0.0273201
0.30482 0.00528466
0.299053 0.000843902
0.317855 -0.0057766
0.344442 0.00217026
0.380272 0.00983022
0.396089 -0.0129997
0.272146 -0.0253779
0.353134 0.00259491
0.354189 -0.0130488
0.405222 0.00826835
0.369737 0.00301497
0.402043 0.00145012
0.363392 -0.0213821
0.353294 -0.00823908
0.279576 -0.0161673
0.329739 -0.0151612
0.352309 -0.0165473
0.328082 0.00290923
0.370245 -0.0235435
0.285713 -0.00794346
0.350468 -0.012062
0.358318 -0.00832095
0.415321 0.0144126
0.365265 0.00837195
0.328533 0.0116955
0.288292 0.00955114
0.303428 -0.0151555
0.301463 -0.00370378
0.269004 0.00159309
0.367367 -0.0248941
0.312753 -0.012074
0.341978 0.00770181
0.320036 0.0124087
0.321552 0.00482456
0.310654 0.0199174
0.330433 0.0111401
0.375661 -0.0126077
0.352001 -0.00370667
0.322232 -0.0152987
0.342267 -0.000688239
0.336086 0.00695076
0.366915 0.00602215
0.300971 -0.00529325
0.252048 -0.0235781
0.362772 -0.0136857
0.297718 0.0170488
0.341538 -0.0081548
0.305779 -0.00868377
0.282995 -0.0199371
0.287292 -0.0204201
0.294771 -0.00300982
0.276621 -0.00285811
0.302282 0.0166352
0.302501 0.0138835
0.313088 -0.00830684
0.318456 -0.0179814
0.340886 -0.000742048
0.274896 -0.0153479
0.285989 -0.00135546
0.364261 0.00127059
0.325148 -0.00564763
0.368042 -0.00252612
0.403783 0.0118295
0.357259 0.00755383
0.389904 0.011928
0.397452 0.00686962
0.379781 -0.00324499
0.371783 -0.00484166
0.327338 0.0167017
0.352401 0.0147371
0.315979 0.0211194
0.338629 0.0198502
0.394062 -0.00562903
0.360149 -0.00309145
0.396115 0.00414449
0.360424 -0.00816744
0.377759 0.0030156
0.3805 -0.00751549
0.368095 -0.0240998
0.308382 -0.0173304
0.320711 -0.0230067
0.284288 0.0275096
0.291089 0.00291088
0.328431 -0.0166653
0.307605 -0.00724255
0.287235 0.0174092
0.340765 0.0149823
0.310011 0.0359687
0.310642 -0.0116986
0.313216 0.000701174
0.300749 0.0315335
0.290987 -0.00926365
0.226798 0.0229566
0.237318 -0.000743985
0.241143 0.0297825
0.254927 0.0235222
0.235662 0.00799814
0.250797 8.72583e-05
0.221167 0.00775005
0.202285 0.0270604
0.22356 -0.00556644
0.20086 -0.0140506
0.33975 0.0138941
0.316212 0.00977871
0.282312 0.0144333
0.333453 -0.00714042
0.294231 -0.00825796
0.287084 -0.0101568
0.294444 -0.00546284
0.302119 0.00168486
0.279094 -0.0178657
0.279424 -0.00688226
0.318863 0.000591956
0.283131 -0.000109092
0.306036 0.00883498
0.363725 0.00193238
0.292006 -0.0079376
0.276507 -0.00925311
0.263049 0.000893782
0.305463 0.0199261
0.328924 -0.00953329
0.319797 0.00189243
0.345093 0.0145369
0.320518 -0.00702915
0.296574 0.00773
0.337462 0.0170607
0.32593 -0.0100552
0.37122 -0.0252753
0.374241 -0.000441977
0.319689 0.00418728
0.287344 -0.0262454
0.355325 0.0163914
0.327585 0.0143484
0.33084 0.0341569
0.273512 0.0224516
0.308685 0.0153828
0.298908 -0.00954977
0.303591 -0.0240978
0.257962 -0.0122898
0.182111 -0.00582012
0.281 0.00687558
0.331595 0.0241814
0.309821 0.00520683
0.31228 -0.00986902
0.326293 0.0150873
0.281318 -0.00506055
0.335019 0.000422307
0.405041 0.00219562
0.309183 0.0201694
0.313976 -0.00394427
0.306436 -0.0012498
0.244608 0.00476849
0.373501 -0.0141639
0.334929 0.0227194
0.391227 -0.010761
0.37733 0.0034064
0.427395 -0.00326453
0.416112 -0.00104081
0.38839 -0.00248408
0.381994 -0.0103144
0.381816 0.0132147
0.38943 -0.00620956
0.442364 0.0306321
0.396365 -0.00781733
0.41059 -0.00235073
0.386433 0.00787868
0.347595 -0.00209016
0.356977 -0.0221007
0.397393 -0.000889099
0.378762 0.00765008
0.346458 0.000944135
0.39181 -0.00784842
0.369011 -0.00095994
0.391559 -0.00913477
0.328192 0.000895348
0.276963 -0.00307411
0.291677 -0.00785142
0.314363 -0.00313463
0.316794 0.0060788
0.325627 0.000614629
0.379439 3.38762e-05
0.357494 0.0046686
0.318063 -0.0182372
0.388862 -0.000810751
0.366283 -0.019643
0.309145 -0.0125206
0.333767 -0.00716009
0.303151 -0.00904199
0.326475 0.000349974
0.311848 -0.00373769
0.259398 0.00685934
0.274805 -0.0125529
0.328253 0.00965339
0.343578 0.0075324
0.306486 0.0178057
0.34761 0.0285761
0.272833 0.00721453
0.270993 -0.00371198
0.330862 0.000718739
0.373131 0.00763529
0.396844 -0.00118913
0.349476 -0.0281905
0.388443 0.00558412
0.34608 -0.00560242
0.392235 0.00322493
0.353101 0.00578085
0.36872 -0.00586878
0.337248 -0.0200517
0.290997 -0.00537908
0.28845 -0.0248378
0.201443 0.00424076
0.229291 0.0269962
0.248458 0.022133
0.263761 0.0342382
0.269754 -0.00759236
0.244256 0.0130524
0.338471 0.0179502
0.272098 0.024418
0.232268 0.010146
0.269222 -0.00405777
0.291245 0.00821168
0.280521 -0.0139528
0.247038 -0.0037589
0.282902 -0.0101656
0.229177 0.00244513
0.301911 -0.000510086
0.304171 0.0200893
0.293606 0.0132937
0.277356 0.0242089
0.214456 0.0262855
0.213319 -0.00769733
0.196361 -0.0134636
0.235833 0.00686856
0.269727 0.00667171
0.263375 0.0479191
0.361558 0.00225127
0.364619 0.0113273
0.389545 0.00604645
0.367112 0.0117679
0.35283 0.00332816
0.368051 -0.00906803
0.376883 -0.019266
0.362012 0.00177052
0.341678 -0.0181657
0.3549 -0.002382
0.354746 0.000240806
0.433928 -0.00569382
0.406836 -0.00709296
0.409983 0.000288288
0.378832 -0.00404001
0.384015 -0.0166518
0.339804 0.00326168
0.422083 0.0066632
0.38331 0.00792565
0.351814 -0.0103321
0.299984 0.002515
0.30511 -0.00482872
0.25943 0.00599363
0.291936 -0.00178759
0.335947 0.0087841
0.288456 0.0147276
0.269087 0.00154243
0.236549 0.0192766
0.331964 0.00952429
0.259435 -0.00783346
0.307122 -0.0180046
0.318609 -0.00866312
0.260038 -0.0134164
0.257193 -0.029642
0.250347 -0.0233496
0.231634 0.027836
0.238058 -0.000668763
0.220328 -0.0250684
0.213131 -0.00789116
0.27395 -0.0237346
0.292545 -0.0127175
0.295317 0.01522
0.313822 0.00557235
0.402368 -0.00570744
0.336485 0.0117369
0.341105 -0.00955331
0.333857 -0.00158346
0.349381 -0.0132591
0.320749 -0.0112013
0.414146 -0.000387275
0.417845 0.00585459
0.303113 -0.00645903
0.356806 0.00450874
0.355074 0.00216842
0.339908 0.0300781
0.378686 -0.00625238
0.275984 0.0167469
0.381543 -0.00226376
0.381432 0.00663955
0.381077 0.00110189
0.35635 0.00597874
0.355838 0.0054797
0.376519 0.00891759
0.335998 0.0135827
0.358002 0.015188
0.304591 0.0103572
0.358645 -0.0145124
0.376776 -0.0186162
0.351242 0.0141615
0.372882 -0.000918511
0.328221 -0.0176242
0.263457 -0.0302269
0.332582 -0.0217974
0.35766 -0.0196414
0.368704 0.024407
0.319388 -0.014439
0.319828 -0.00497944
0.379987 -0.00107885
0.413094 0.00534198
0.411528 0.00571767
0.322972 0.0118552
0.383956 -0.0078217
0.363555 0.0226212
0.367895 0.00248617
0.342237 0.00808725
0.402458 0.0170574
0.368072 -0.0232224
0.415451 -0.00908028
0.370476 0.013894
0.315573 0.00468494
0.299718 -0.0135219
0.328328 0.00291712
0.260085 -0.00485035
0.386835 -0.00781066
0.276923 -0.00653871
0.365386 -0.00865597
0.370186 0.0090046
0.272401 -0.00233254
0.324999 -0.000896187
0.288062 -0.00552367
0.314442 0.000101525
0.311748 0.0114632
0.266271 0.00588369
0.27467 -0.00247291
0.355655 -0.0191112
0.407084 0.00190347
0.421256 -0.0118189
0.424994 -0.00262319
0.472145 -0.00845102
0.418015 0.017833
0.379523 0.0352263
0.400883 0.00474369
0.428414 0.00134457
0.415376 -0.00630196
0.405383 -0.00238057
0.402141 -0.0019323
0.356234 -0.00651398
0.351611 0.00448768
0.304212 0.0188739
0.336071 0.00886183
0.256845 -0.010828
0.293403 0.0196092
0.293153 -0.00273876
0.259821 -0.006234
0.318803 0.0111171
0.348121 -0.00129702
0.282132 0.0117291
0.33373 0.00898172
0.343373 0.00673906
0.336936 0.0181046
0.298717 -0.0125626
0.328008 0.00381443
0.36479 -0.000213989
0.356885 -0.00478321
0.352156 0.00431204
0.339402 0.00262591
0.329891 -0.00583891
0.347349 0.00264344
0.369621 -0.000774066
0.354001 0.00226575
0.349172 0.0162729
0.322047 -0.00123879
0.301291 0.00278596
0.27838 0.0150443
0.286186 -0.024502
0.331261 -0.0123044
0.318036 -0.0211148
0.351668 0.00566662
0.362285 -0.00255705
0.340056 -0.00866257
0.317291 0.016916
0.30804 0.00243195
0.367986 0.0108481
0.249666 0.00730943
0.274212 0.00398032
0.252358 0.0181546
0.253083 -0.0191218
0.287116 0.0190614
0.290073 0.00573458
0.369684 0.000915595
0.318772 0.00234174
0.294953 -0.00358259
0.342993 -0.00983538
0.356893 -0.00981151
0.322658 -0.00447232
0.328018 -0.00843832
0.423336 -0.0170435
0.373755 0.00805469
0.319972 -0.00396255
0.35403 0.00234307
0.298542 0.0157831
0.336366 0.0219969
0.311451 0.00658102
0.279692 -0.00774713
0.346437 -0.00617329
0.309736 -0.00911919
0.313768 0.00562861
0.348778 -0.00612062
0.333652 0.00158473
0.387212 -0.00774409
0.430838 -0.00358535
0.382054 0.00927674
0.297883 0.0169682
0.347651 0.0162318
0.327479 -0.00293765
0.410657 -0.00434495
0.393599 0.00126519
0.35619 0.00485156
0.377457 0.00775659
0.387587 -0.00702009
0.353722 0.00817576
0.379143 -0.00471462
0.392675 0.00337897
0.332355 -0.0055095
0.42157 -0.00839583
0.366936 0.015418
0.342123 0.0052778
0.303953 -0.00688579
0.359774 -0.0173853
0.3286 -0.0118036
0.317613 -0.00213213
0.342949 0.000599279
0.378309 -0.00532339
0.360493 -0.00298929
0.335291 0.00442175
0.299086 0.0191459
0.33098 -0.00958517
0.291875 0.00138792
0.310614 0.0162578
0.364637 0.0132747
0.363932 -0.0245103
0.382484 -0.00373795
0.375909 0.00611383
0.342022 0.00538244
0.383442 -0.00653963
0.341462 -0.00122834
0.319294 0.0132335
0.394105 0.000938
0.431598 0.00901427
0.447422 -0.005474
0.448276 0.0128942
0.391544 0.00897222
0.398906 -0.0124721
0.415259 0.0172676
0.432201 -0.0125024
0.464422 0.00202585
0.400128 -0.0164884
0.442186 0.00119542
0.318654 -0.0197984
0.341911 -0.0110063
0.32 0.00987737
0.316891 0.0293868
0.324192 0.00784479
0.354222 0.00955772
0.406612 0.00234933
0.325682 -0.0121888
0.304453 0.0109282
0.411597 -0.00464022
0.333215 0.0156731
0.336031 0.0202617
0.336793 0.00476693
0.336041 0.00315788
0.336278 -0.00387575
0.354705 -0.00901671
0.322233 -0.000588001
0.294731 0.00956689
0.301303 -0.0113731
0.276939 0.00327939
0.327832 0.025594
0.345747 -0.00401869
0.352488 -0.0333499
0.324638 -0.0249519
0.363722 -0.00280622
0.306567 0.0145671
0.316061 -0.00247659
0.294199 0.032624
0.371545 0.0217414
0.351145 0.0201392
0.320014 0.0253107
0.364066 0.0225577
0.338339 -0.0177835
0.344531 0.0166875
0.391445 0.0122617
0.329781 0.00759859
0.323105 -0.00231043
0.309314 0.0103494
0.299872 0.00467976
0.312056 0.00976631
0.25823 -0.00649443
0.281725 -0.00875879
0.296673 0.0112927
0.278735 0.00579348
0.375312 0.00732054
0.342214 -0.0123886
0.336102 0.00781279
0.349783 0.0181669
0.291682 0.00671363
0.2652 0.0149487
0.262958 -0.0187672
0.295828 -0.00332919
0.2413 -0.0112259
0.222118 -0.0186501
0.232495 -0.00547787
0.280291 -0.00683804
0.243316 0.00688956
0.354745 0.00262466
0.328309 0.00209205
0.332556 -0.00814256
0.40701 0.0209159
0.384328 0.00451608
0.293135 -0.0091979
0.308371 -0.0230326
0.345979 -0.0190415
0.314165 0.00438506
0.313852 -0.0147285
0.302949 0.016869
0.300446 0.0163104
0.26259 -0.00607879
0.277449 -0.00758607
0.3721 0.0145193
0.34443 0.00229593
0.378616 0.000728017
0.343737 0.00879679
0.359183 0.00268345
0.344011 -0.0137204
0.32041 0.0033749
0.28028 0.0147628
0.341622 0.0239049
0.347779 0.014322
0.322436 0.00185313
0.38383 -0.00232291
0.342758 0.0189242
0.344571 -0.00355582
0.367245 0.0119342
0.396319 0.00782457
0.380199 0.000322376
0.443177 0.00531442
0.373745 0.0216527
0.370868 -0.0040715
0.366076 -0.00597796
0.304582 0.000419744
0.351071 0.00310808
0.36534 -0.0153313
0.347616 0.00245782
0.385033 0.0147972
0.311245 0.0290179
0.26165 -0.0283367
0.25314 0.000521704
0.23587 -0.0103749
0.266333 0.00639419
0.248113 0.0102901
0.247648 -0.0170241
0.2251 0.00336608
0.316335 -0.00741683
0.314539 0.00280013
0.351676 0.0117887
0.380955 0.010205
0.391194 0.00770142
0.309541 -0.000467619
0.239243 0.00603086
0.267741 0.023441
0.248221 0.00309985
0.240118 0.021717
0.195371 -0.00226912
0.232207 -0.0278212
0.22972 -0.0129677
0.238845 -0.0167513
0.233057 0.00468461
0.293761 0.0367945
0.352179 0.0163004
0.35145 0.013006
0.273215 0.0194047
0.319855 0.00615851
0.287775 -0.0123544
0.327343 -0.0119662
0.346609 -0.00296776
0.350339 -0.00854626
0.305441 -0.0235061
0.335519 -0.00667588
0.282538 0.0111691
0.296312 -0.00940071
0.238149 0.0135505
0.220664 -0.0105911
0.232024 -0.00453208
0.210976 0.0049177
0.229895 0.0330906
0.215335 -0.0209077
0.234387 0.000883071
0.262694 -0.0308819
0.263733 -0.028505
0.253758 -0.00231594
0.24649 0.0041445
0.263396 0.0137139
0.266424 0.0089427
0.264918 0.00177848
0.27752 -0.0084116
0.248139 -0.012362
0.26093 -0.0174318
0.285597 0.00816678
0.321007 0.00281823
0.228265 0.0139123
0.257463 -0.0102637
0.275371 0.00550263
0.238365 0.00701747
0.279929 -0.0055213
0.2852 -0.0232936
0.244818 0.0256949
0.241037 0.000436862
0.212236 -0.000555548
0.223678 -0.00555701
0.28037 -0.00885566
0.264085 -0.0166172
0.300876 -0.0117725
0.328751 -0.00526434
0.312796 0.00382731
0.375328 0.0104333
0.395204 -0.00151057
0.33403 -0.00253465
0.332804 -0.00841441
0.303254 0.00311589
0.27259 -0.0119666
0.253438 -0.00606533
0.241215 0.0154223
0.27803 0.00498201
0.341352 -0.000844469
0.303676 -0.0177673
0.279979 0.00206638
0.307975 0.00508261
0.291806 0.0032342
0.30083 -0.0204453
0.304428 -0.0273445
0.276433 -0.0313121
0.236457 0.000545598
0.251064 0.00711359
0.260578 -0.00116224
0.251968 -0.0187551
0.279417 0.00472834
0.248753 -0.0172885
0.269318 0.00766592
0.236829 -0.00327309
0.203152 -0.0235081
0.245071 -0.0249892
0.206019 0.0273355
0.195793 -0.00243838
0.294148 0.0248196
0.334746 0.0297681
0.258792 0.0263739
0.262524 -0.0169923
0.256966 -0.00653843
0.335142 0.00854055
0.300814 -0.0180775
0.343408 0.0092699
0.382132 0.0141808
0.310698 0.0161443
0.356398 0.0110911
0.366712 0.015367
0.311673 0.013332
0.32064 0.0171277
0.341011 -0.00279745
0.343331 0.000393575
0.362963 0.0135436
0.277007 -0.0152517
0.265358 0.0161103
0.25989 -0.00357092
0.323157 -0.00876818
0.305211 0.0101165
0.312787 0.00823938
0.308822 -0.00196611
0.33424 0.0127762
0.290042 0.0101111
0.224898 0.0132297
0.204619 0.0221983
0.228361 0.022659
0.1989 -0.00619048
0.256569 0.00776365
0.177829 0.010675
0.268442 -0.010026
0.243026 -0.00996427
0.236013 0.00946901
0.229558 -0.00840819
0.267412 0.0212472
0.309783 0.00750828
0.334629 0.0132847
0.371532 0.0023911
0.340801 -0.0108179
0.350831 -0.00731062
0.362979 -0.0107695
0.313834 0.0132957
0.363342 -0.000510534
0.329978 0.00187778
0.302918 -0.00355496
0.340009 -0.00086742
0.408753 0.0046165
0.460782 0.00208506
0.410188 0.0164364
0.404871 0.0150142
0.382182 0.000838284
0.427783 0.00787566
0.352504 0.00421469
0.304437 -0.00340583
0.35912 0.00765555
0.397789 0.00632135
0.436686 0.0145152
0.340342 -0.0186505
0.347483 -0.00703804
0.343855 0.00337398
0.359191 0.00433147
0.331451 0.00477567
0.316848 -0.0291868
0.330956 0.00348286
0.349302 0.0188237
0.409764 0.000805899
0.391631 -0.0194989
0.35812 -0.0154902
0.302563 -0.016328
0.317057 -0.00145873
0.256842 0.00113936
0.301499 -0.0112681
0.297928 -0.0112924
0.345233 -0.00491371
0.346613 -0.0204822
0.393231 0.00215618
0.363154 0.0118425
0.32174 0.00412479
0.301725 0.0165064
0.200976 0.00719759
0.237598 -0.00827549
0.271922 0.00209938
0.254105 0.0122419
0.227616 -0.00976093
0.22448 -0.0181752
0.238446 -0.00606339
0.26779 -0.00262044
0.299131 -0.0312118
0.306116 -0.00858488
0.300893 -0.0112488
0.277855 -0.0252983
0.306695 0.0143951
0.237017 0.0133993
0.270111 -0.0122025
0.226512 0.012753
0.266991 0.0203455
0.305053 0.0307305
0.307597 0.0275805
0.295385 -0.00369345
0.320739 0.0331922
0.315356 0.0104498
0.231934 -0.010237
0.236198 0.00155351
0.270379 -0.00953015
0.272809 -0.00541753
0.271455 -8.73738e-05
0.331841 -0.0104085
0.257642 0.018759
0.289675 0.0197799
0.330172 0.00337126
0.360376 0.00973103
0.345905 0.00845313
0.401016 0.00666622
0.336187 0.00895822
0.367539 0.0148585
0.309759 0.0123129
0.387205 -0.0167383
0.320003 -0.00686995
0.315104 0.00662124
0.27168 0.00182197
0.298313 -0.0245121
0.304184 -0.00412456
0.331056 0.0131944
0.389613 -0.00136417
0.337342 0.00491375
0.39786 6.08827e-05
0.39073 0.0150774
0.394842 -0.00585641
0.421125 -0.00117532
0.35429 -0.000257158
0.396146 -0.00932015
0.297823 -0.0154414
0.304746 0.0132503
0.255647 -0.00119221
0.353589 -0.00227061
0.377645 -0.000309429
0.378153 -0.00721505
0.354978 0.0130698
0.382336 -0.0113283
0.39729 -0.0121335
0.378822 -0.00551393
0.334875 0.00119799
0.336364 0.0025185
0.382732 0.00555224
0.347107 0.0116261
0.353242 -0.000137546
0.420485 0.00638937
0.359065 0.00541489
0.329929 -0.00808851
0.372783 -0.0105427
0.303326 -0.00199923
0.340593 -0.000413479
0.377977 -0.00362884
0.328871 -0.0184722
0.33274 0.0195254
0.412911 0.00478606
0.400582 -0.0144371
0.315297 -0.00424932
0.32588 -0.00437039
0.342595 0.0152817
0.38396 -0.000289959
0.337893 0.0178535
0.354075 0.00801633
0.322367 -0.000705413
0.362873 0.00829738
0.376137 -0.0150837
0.391634 -0.00843831
0.416291 0.00513298
0.379485 -0.0034246
0.277798 0.013655
0.263679 -0.00524418
0.283538 0.00772114
0.321833 -0.00819674
0.358382 0.0203594
0.374658 -0.0175469
0.309013 -0.00757581
0.361128 0.00952141
0.335444 0.00892311
0.349572 -0.00701411
0.275834 0.0107516
0.319269 0.00996728
0.294802 -0.00102456
0.277275 -0.00607841
0.265907 -0.0010307
0.25492 0.0100454
0.25297 -0.00354485
0.261092 0.00449974
0.35235 -0.00391845
0.327848 0.00294432
0.315664 0.0029455
0.264895 0.00145703
0.270578 0.00878926
0.305068 -0.00202087
0.292589 -0.0147642
0.360394 -0.00195309
0.36839 0.00274092
0.337879 0.00091599
0.329157 0.00964134
0.375775 0.00436671
0.31811 -0.00679453
0.400495 -0.003704
0.366325 0.0120377
0.393872 0.0139893
0.412602 -0.00257901
0.398887 0.00471946
0.361647 0.00627084
0.402455 0.00661032
0.371826 -0.0174334
0.397025 0.0098909
0.361504 0.00559317
0.413248 0.00037527
0.319903 -0.00851069
0.365214 0.015013
0.300864 -0.0039921
0.335536 -0.00315607
0.270255 0.0079092
0.249029 0.00579913
0.342889 -5.17105e-05
0.358548 -0.00651655
0.339983 -0.0159717
0.357394 0.0106204
0.337485 -0.0114604
0.323434 -0.0136712
0.381724 -0.0145591
0.422767 0.0212447
0.371258 -0.0109067
0.366954 -0.00421498
0.253704 0.0171588
0.283274 0.0020826
0.209949 -0.00722078
0.311165 0.00557865
0.229638 0.0208806
0.262372 0.00970943
0.222929 -0.0105477
0.237628 -0.0145877
0.191408 -0.00734371
0.279447 0.0143025
0.230215 0.00614746
0.253043 -0.00733382
0.232928 -0.015347
0.232487 -0.00400165
0.226192 -0.0121967
0.263399 -0.00910398
0.233806 -0.0153044
0.238149 0.0167102
0.301136 0.00324726
0.294257 -0.0124241
0.27603 -0.00436761
0.294813 -0.0110428
0.301532 -0.00165102
0.323664 0.010488
0.331469 0.00201298
0.362886 0.00818317
0.325327 0.0123889
0.315505 0.0122382
0.290877 -0.00945211
0.29159 0.00500165
0.291928 0.00120728
0.213763 -0.0143306
0.285809 -0.00053186
0.25338 -0.0310473
0.303689 0.000489877
0.301389 0.0231093
0.274778 0.0169374
0.31495 -0.0197936
0.315167 -0.00817544
0.273433 0.0124934
0.302972 -0.0161095
0.317882 -0.00354704
0.332215 -0.00029745
0.430838 -0.0125029
0.407861 -0.0103346
0.437928 -0.00602082
0.369066 0.0118395
0.302266 -0.0120563
0.343756 0.00339306
0.362062 -0.00538917
0.260757 0.00906937
0.289156 -0.00288332
0.33764 0.0123753
0.280832 -0.00218817
0.347461 0.0264274
0.360397 0.00965085
0.306964 -0.0204371
0.244772 0.0166282
0.318476 -0.00221955
0.333252 0.0109482
0.348084 0.00533989
0.38217 0.0120607
0.386701 -0.00265726
0.434535 0.00555726
0.381797 0.0222397
0.408757 0.033872
0.380359 0.010254
0.33722 -0.00299314
0.344138 0.0088576
0.364917 -0.00218457
0.324542 0.00639234
0.284731 0.0184023
0.333862 -0.0241421
0.409912 -0.00221643
0.348445 -0.00740733
0.342224 -0.0147724
0.344397 0.0131667
0.33826 -0.00324671
0.399439 0.0024878
0.354033 0.0110073
0.342618 0.015364
0.2681 -0.00144466
0.332098 -0.00172758
0.274438 -0.00574621
0.268542 0.00411482
0.310197 0.0101223
0.344852 -0.000448608
0.337572 0.00102296
0.358707 0.000914385
0.378789 0.00559777
0.335173 -0.0172505
0.321347 -0.014375
0.256834 0.0117616
0.287227 0.00784888
0.290749 -0.00906399
0.290064 -0.0208559
0.324586 0.00933325
0.339842 0.0142264
0.368302 -0.00138433
0.379866 -0.0103225
0.324702 -0.00928452
0.323738 -0.00184891
0.323408 -0.00785969
0.314705 0.00194102
0.30244 0.0183909
0.331656 0.0157753
0.360458 0.00388277
0.393646 -0.004233
0.398397 -0.00880533
0.358659 0.000868768
0.285961 -0.00461862
0.31521 0.014494
0.308929 0.0291928
0.278336 0.0162476
0.264743 -0.02788
0.270124 -0.0141119
0.272552 0.00116331
0.272117 -0.0057874
0.243831 0.0049481
0.339668 0.01133
0.358826 0.00837592
0.347273 -0.00100991
0.336115 -0.00384579
0.403853 -0.0145633
0.308941 -0.0180826
0.306615 0.0171587
0.353397 -0.0310274
0.358381 -0.00791389
0.325254 0.0155616
0.384716 0.00469754
0.339882 0.00294006
0.33887 -0.00972769
0.304367 0.0164579
0.28492 0.012457
0.280051 -0.00625527
0.366406 -0.00134705
0.347072 -0.00635215
0.289107 -0.00416814
0.311828 0.0099671
0.325406 -0.00934584
0.29772 0.0215383
0.311221 -0.00177395
0.216821 0.00147233
0.270648 -0.00189126
0.323672 -0.0269423
0.27958 -0.0243911
0.284983 0.00983883
0.261589 -0.0020931
0.293432 -0.00848531
0.23109 -0.022617
0.30116 0.00363478
0.37041 0.0236893
0.321762 -0.0074579
0.294793 0.00352867
0.310858 0.0113069
0.317982 0.0215216
0.308174 -0.0122448
0.300137 0.0131538
0.31888 -0.00957652
0.300336 0.00328439
0.306528 -0.0112775
0.326165 -0.00539472
0.387961 -0.0184305
0.38622 -6.72808e-05
0.381227 0.00819148
0.351181 -0.00293558
0.348212 0.0265689
0.357119 -0.0108429
0.393011 -0.0078055
0.299568 0.00508468
0.290137 0.00415398
0.31269 0.0206264
0.300012 0.00139083
0.303803 -0.00880105
0.269452 -0.0117053
0.338717 0.00405079
0.334736 -0.00328006
0.392043 -0.00259455
0.412718 -0.00168494
0.393587 0.0122674
0.353903 0.00656997
0.379515 -0.00264248
0.327058 0.0111214
0.340882 -0.010405
0.332261 0.0133857
0.355539 0.000980311
0.387037 0.0464143
0.323543 -0.00676014
0.324741 -0.0129945
0.30242 0.009244
0.333837 -0.00293396
0.362244 -0.00685998
0.297406 -0.00610242
0.345605 2.69803e-05
0.382816 -0.0236977
0.355801 -0.00549982
0.350459 -0.00776239
0.286907 0.00799185
0.390791 0.00170691
0.352476 -0.00840988
0.332231 0.00779569
0.314706 -0.00105423
0.278308 -0.0134826
0.267727 -0.00656583
0.303648 -0.000736462
0.318662 -0.00375783
0.389426 -0.00437735
0.408096 -0.0179681
0.350446 -0.0232401
0.374636 0.00753784
0.362192 -0.0204694
0.405134 -0.00562062
0.429134 0.0114535
0.41348 -0.015728
0.38144 -0.0213954
0.403608 0.0160186
0.374679 -0.00199492
0.347183 -0.0017899
0.356433 0.00604335
0.362087 0.0145651
0.326745 -0.0105518
0.265241 -0.00746257
0.311924 -0.0255817
0.260531 -0.00316916
0.346942 -0.0133343
0.324313 0.000899332
0.331899 0.00553029
0.367637 -0.0150784
0.317078 -0.00934177
0.342035 0.00491378
0.289074 0.0126605
0.352198 -0.00891055
0.359735 -0.00859478
0.337389 0.0100588
0.273111 0.0087034
0.264132 0.00124071
0.262053 0.00732238
0.234623 0.00112733
0.244235 0.00944325
0.259966 0.00942643
0.296458 -0.00111223
0.315152 0.00432884
0.330973 -0.00446597
0.256848 0.0183191
0.301249 0.00636289
0.310236 0.0109168
0.308339 0.00779525
0.32536 -0.0123975
0.359959 0.0258207
0.389299 -0.000487866
0.319519 -0.000325608
0.302528 0.00890036
0.313765 -0.0108453
0.324963 -0.0161976
0.326446 -3.87353e-05
0.333232 -0.00546955
0.417818 -0.0110898
0.38915 -0.00717949
0.391372 -0.00961253
0.342772 0.020568
0.319449 0.0175013
0.315776 0.00714183
0.328233 -0.00075961
0.318628 -0.0134356
0.311484 -0.00539423
0.31331 0.027341
0.364554 0.0070783
0.397205 0.0058641
0.391331 -0.0264635
0.402611 -0.00425508
0.383909 -0.0378448
0.36323 -0.0150345
0.406343 0.0160952
0.340103 -0.0253301
0.323685 0.0153561
0.385722 0.0231713
0.344122 0.0139633
0.288453 -0.022429
0.3775 -0.0026319
0.286374 -0.00700389
0.255505 0.000160058
0.297456 0.00721047
0.313767 -0.00119818
0.256955 0.00768248
0.341238 0.00645264
0.254503 0.0218369
0.228512 0.00896497
0.289142 0.0203882
0.237524 -0.0112683
0.258257 -0.0259397
0.236691 -0.0195396
0.26089 0.000491614
0.299678 -0.00599672
0.294438 -0.0141003
0.329688 0.0075783
0.295744 0.00870409
0.280183 0.00534646
0.321032 0.0120579
0.288631 0.00792251
0.287939 0.0133091
0.297785 -0.0103454
0.328844 -0.0103791
0.364457 -0.00329222
0.347673 -0.00830859
0.382871 -0.017199
0.42602 0.0146857
0.400304 0.00373541
0.376464 0.00519733
0.387923 0.00722276
0.392447 0.00761248
0.354788 -0.00737024
0.312741 -0.0314426
0.371316 -0.00430229
0.330491 -0.00745111
0.274264 -0.0157994
0.339213 0.00193177
0.358375 0.00244841
0.359784 0.0273672
0.354778 -0.00983345
0.372468 0.0208432
0.36039 0.003569
0.287339 0.0198258
0.297819 0.010386
0.276714 -0.009627
0.286493 -0.00887623
0.332578 -0.0112905
0.328916 -0.00152491
0.353175 0.00586993
0.352228 0.000567521
0.330249 0.0147195
0.381124 -0.00502188
0.405143 0.00031331
0.358136 -0.0164205
0.39749 0.00561786
0.445501 -0.016741
0.379022 0.0217666
0.39333 0.0222656
0.356034 0.00285276
0.361452 -0.00293847
0.329378 0.00408097
0.362714 -0.00756314
0.427768 0.0046575
0.430789 0.00316289
0.339446 0.00447112
0.408578 0.000735641
0.351535 -0.0286873
0.300231 -0.0152325
0.300974 -0.00486009
0.268508 -0.0119971
0.272526 -0.00378464
0.304148 0.0100831
0.325022 -0.00614282
0.377103 -0.0159587
0.379134 0.0120954
0.370286 -0.013064
0.381542 -0.00520061
0.354694 0.00617485
0.267966 0.00637572
0.273616 0.0072168
0.307236 0.00399167
0.363181 -0.0146024
0.300586 -0.00651455
0.366702 0.00852664
0.392987 0.0044472
0.395265 -0.00117009
0.352043 -0.00732206
0.312184 -0.0199091
0.297058 -0.0357681
0.313112 -0.0110861
0.281358 -0.00667638
0.372571 -0.0125169
0.320487 -0.00153063
0.329432 0.00589748
0.283778 0.00799223
0.273331 -0.00928533
0.312963 -0.00359808
0.295403 -0.008231
0.289921 0.00984379
0.328856 -0.00856354
0.358086 0.00227774
0.316873 0.00611406
0.343906 -0.00795307
0.431516 -0.00933139
0.440606 2.0389e-06
0.387369 0.0175426
0.314606 -0.00084395
0.362191 -0.0145848
0.330587 -0.0140343
0.392479 -0.0125065
0.423393 -0.000203952
0.402681 0.00232788
0.410617 -0.00359198
0.339336 -0.0085589
0.351273 -0.00287906
0.305989 -0.0083817
0.355553 -0.000478366
0.341904 0.00437123
0.322881 -0.000813656
0.318477 0.0113586
0.30121 0.000865602
0.250948 0.0150602
0.352575 0.0105856
0.346105 -0.0126554
0.304163 0.0247768
0.343974 -0.00726097
0.300123 0.012741
0.345846 -0.0175479
0.305435 0.0068294
0.356266 0.0232101
0.374474 -0.00534192
0.350555 -0.0094824
0.312791 -0.00723495
0.333159 -0.0132642
0.320121 -0.00412184
0.317495 -0.00708343
0.285478 -0.00948122
0.355865 0.00548101
0.355145 -0.0133956
0.341471 -0.001702
0.370749 -0.0112765
0.372617 -0.00192788
0.342504 0.00655787
0.323961 -0.0151499
0.352242 -0.020418
0.347611 -0.023138
0.361871 0.00225257
0.361776 -0.0112425
0.360464 0.00468084
0.329619 0.012173
0.348719 0.0148035
0.411186 0.00484218
0.423443 -0.00673276
0.369041 -0.0025246
0.384572 -0.0154678
0.41559 -0.00322598
0.348449 -0.0185825
0.418932 -0.014821
0.353964 0.00421474
0.332918 -0.00295174
0.282101 -0.0172251
0.301455 0.0106635
0.300628 0.00543245
0.354715 -0.00921733
0.352691 0.00874582
0.375877 0.0181342
0.29926 0.00377832
0.286087 -0.0165525
0.275303 0.0203832
0.260193 -0.00491942
0.320636 -0.00624683
0.28499 -0.0178279
0.204146 0.00695431
0.210306 0.0216548
0.197739 -0.0144325
0.254564 -0.00348487
0.235051 0.00651057
0.270616 0.0300633
0.245963 0.0477692
0.247629 -0.00460048
0.306987 0.0172523
0.214557 0.0167368
0.261568 -0.00991975
0.273575 0.0107858
0.237334 0.00479403
0.297719 -0.0129267
0.275025 -0.00869101
0.262338 0.00616935
0.24018 0.00298269
0.270606 -0.0211674
0.240594 0.013197
0.246303 0.00734123
0.232398 0.00333517
0.252887 -0.0164781
0.278194 -0.0104736
0.296555 -0.00964616
0.328855 0.000371619
0.309891 -0.00269556
0.316477 0.000190591
0.36324 0.00718971
0.325026 0.0020078
0.347223 -0.00896023
0.386975 -0.00745474
0.402024 -0.000442984
0.401854 -0.00632173
0.362207 -0.0224645
0.382823 0.00318502
0.335534 -0.0193208
0.295092 -0.00595724
0.345435 -0.00541331
0.34526 -0.0127496
0.336206 0.00263418
0.33142 -0.00243901
0.344503 0.0175253
0.312099 -0.00582339
0.233418 0.0064623
0.261326 0.034823
0.26822 0.00580791
0.339837 0.0151008
0.305553 0.0194341
0.385765 -0.0131128
0.346653 0.00207644
0.244921 0.0034206
0.228509 -0.0182367
0.311522 -0.00750438
0.307753 0.0176565
0.298697 0.0115767
0.238998 -0.0281519
0.238204 -0.0238208
0.255291 -0.0184148
0.23221 0.0170743
0.334191 0.0138321
0.419836 0.00165339
0.346565 -0.0129811
0.308913 -0.0044115
0.339528 -0.017963
0.318253 -0.00179102
0.318809 -0.00473314
0.317854 0.00414254
0.291707 0.0142833
0.253379 0.010272
0.280412 0.00217436
0.269764 0.0100715
0.260663 -0.00327202
0.298331 0.00861946
0.283894 0.000974639
0.24973 0.0181218
0.285942 -0.00861417
0.283771 0.0044598
0.245667 -0.00898226
0.272624 -0.0106543
0.261737 0.00367117
0.247781 0.00736017
0.256856 0.000334947
0.27606 -0.0252318
0.254756 -0.026389
0.303232 -0.0179669
0.273744 0.00733768
0.272081 0.027972
0.31824 0.0356438
0.283802 -0.000104167
0.307039 0.0182051
0.300651 0.00244065
0.304951 0.00722561
0.330798 -0.00628529
0.301827 -0.0125988
0.371585 0.00640606
0.333895 -0.00127011
0.314708 0.0175496
0.318826 0.00623306
0.357527 -0.0124911
0.347507 -0.00820974
0.346587 -0.00626467
0.327547 -0.011189
0.307307 -0.0023092
0.305317 -0.00377056
0.278383 -0.0101251
0.287901 -0.000265325
0.364821 0.0150955
0.35431 0.00196462
0.283912 -0.0146311
0.269424 -0.0193426
0.299975 -0.00375493
0.286837 -0.00666159
0.272899 -0.00625502
0.312174 0.00437638
0.308964 0.00590312
0.306336 -0.00514243
0.321466 -0.00714461
0.319446 -0.00822024
0.281389 0.00268583
0.35576 0.00896413
0.352298 -0.010017
0.357068 -0.0095506
0.361812 -0.0101069
0.314864 0.00530195
0.291026 -0.00225016
0.24468 -0.0231327
0.250408 -0.0223875
0.294022 0.00457425
0.302238 0.0114359
0.317791 -0.0133955
0.269855 0.00215187
0.301891 0.00509904
0.250772 -0.00828106
0.308948 -0.014598
0.248997 -0.00293092
0.287144 -0.0124035
0.271172 -0.00043413
0.285723 -0.00497759
0.237717 0.00888705
0.265481 -0.00982762
0.242677 -0.0196238
0.286704 0.00660592
0.328445 -0.000955354
0.385963 -0.00294656
0.432474 -0.00151086
0.333284 -0.00184118
0.385666 -0.00939066
0.345566 -0.0248528
0.396742 -0.0240027
0.417686 -0.00335088
0.410465 0.00138429
0.402838 -0.00576994
0.333602 0.00836688
0.339932 -0.00676753
0.319847 -0.00885817
0.339256 -0.00285038
0.364582 0.0119788
0.360671 0.00793233
0.47391 0.00586755
0.414082 -0.00672159
0.370877 0.00359529
0.342802 0.00938952
0.284108 0.00325853
0.253082 0.00432866
0.265842 0.00784646
0.325249 0.0106946
0.320174 0.0198056
0.362166 -0.00430792
0.361777 -0.0212886
0.350496 -0.00900031
0.296702 -0.000293138
0.319165 -0.00187442
0.410644 0.00174223
0.364326 0.0070024
0.300323 0.00579705
0.318088 -0.0113192
0.353583 -0.0103784
0.305386 -0.00195929
0.261045 0.0147428
0.245496 0.00265704
0.292646 -0.0303779
0.268803 0.013769
0.28162 0.011571
0.28906 -0.000913977
0.371355 -0.0105775
0.417659 -0.00289586
0.382888 0.0136264
0.387236 -0.00573638
0.357152 0.0185829
0.290266 -0.0114127
0.24328 -0.000134397
0.315674 0.000804602
0.333823 0.00760023
0.31144 -0.0059933
0.29908 0.00199294
0.272134 -0.00128049
0.325552 -0.0112226
0.341255 -0.00109531
0.351187 0.00053087
0.315152 -0.0169849
0.336525 -0.0127556
0.354021 -0.0209774
0.33088 -0.0137951
0.331591 -0.00472713
0.344603 0.00357092
0.362273 0.0239276
0.357368 0.0168098
0.300861 0.00895604
0.316567 -0.00675226
0.262698 -0.0131898
0.336887 -0.00658392
0.34932 -0.0142926
0.331821 -0.0115238
0.316326 0.0107442
0.378169 0.00133473
0.381113 -0.00946108
0.35436 -0.00610623
0.336251 -0.000169588
0.380472 -0.000366889
0.316146 -0.00861301
0.35377 -0.0295422
0.355811 0.0167042
0.278815 -0.00940157
0.308289 0.0120214
0.32574 -0.00143416
0.27849 0.00602469
0.288054 0.00604073
0.313953 0.0108122
0.329563 -0.013571
0.341943 -0.00428476
0.341467 0.0123117
0.28362 0.0153472
0.260746 0.00804904
0.280304 -0.0217037
0.298102 -0.00763761
0.251336 -0.00456327
0.1687 0.0196191
0.235075 0.00421319
0.219001 -0.00413378
0.264801 -0.0187408
0.288582 -0.0234822
0.298071 0.0283295
0.274735 -0.0100383
0.2935 0.00801836
0.293413 0.0255029
0.357919 0.00753315
0.318482 0.00533061
0.286131 0.0167718
0.331329 -0.0123556
0.28497 -0.0190194
0.244852 0.00253943
0.278784 0.00484962
0.28361 -0.00881789
0.380526 0.00777797
0.341434 0.0153032
0.260642 -0.00101307
0.290803 -0.021321
0.293642 -0.0141868
0.300983 -0.0120895
0.296556 -0.0217168
0.255792 -0.0120395
0.296208 -0.00935918
0.302771 -0.00517863
0.308842 0.00733179
0.287804 0.0260358
0.290406 -0.0083482
0.36496 0.0155429
0.321273 0.00943734
0.325755 0.00339972
0.336341 0.00861036
0.214554 0.00943426
0.207419 -0.00341866
0.275691 -0.00821833
0.264839 -0.0145039
0.247623 0.00852175
0.342983 0.0200341
0.42584 -0.00650724
0.318525 0.0212995
0.383335 0.00720597
0.370457 -0.0102645
0.352215 -0.00434836
0.352723 -0.00619564
0.326415 0.00753653
0.343 -0.00225057
0.28827 -0.00338385
0.279778 0.0146053
0.25159 0.0178957
0.268802 0.00091655
0.356987 0.00691072
0.392391 0.00541545
0.416019 -0.00102608
0.410234 0.00491979
0.388465 -0.0158222
0.409131 0.00107118
0.337877 -0.00395749
0.35258 -3.3269e-05
0.299024 0.00598239
0.261895 0.00224272
0.345036 -0.00973664
0.341458 -0.0122312
0.318548 -0.0155489
0.399235 -0.0123147
0.343098 -0.0179714
0.360995 0.0136092
0.374266 -0.00189316
0.393743 0.00017022
0.399329 0.00124243
0.336329 -0.000685128
0.349831 -0.00518781
0.333053 -0.0188072
0.251444 0.00527024
0.289808 -0.00352839
0.335935 0.00963641
0.294797 -0.012502
0.244231 -0.0128629
0.349534 -0.00273045
0.287259 0.0092775
0.277539 0.00592841
0.263406 -0.0168442
0.324482 0.0214928
0.289713 0.0127505
0.310747 -0.0101628
0.308252 0.0114897
0.316834 -0.0161207
0.314569 -0.0390415
0.271345 0.00407636
0.282086 0.0134303
0.337557 -0.0121409
0.343839 -0.0035676
0.350924 -0.000188504
0.350968 -0.0103072
0.387371 0.0120115
0.317668 -0.00499319
0.36264 0.00236524
0.395729 -0.00450707
0.425332 0.0125809
0.421149 0.012261
0.359181 -0.0171641
0.351333 0.00893168
0.362932 -0.00382684
0.357085 0.00587402
0.311375 -0.0101556
0.329937 0.0128929
0.331796 0.0123506
0.30745 0.0385818
0.335463 0.0315441
0.306131 0.00155031
0.312618 0.010316
0.313612 0.0138977
0.296457 0.0521462
0.276967 -0.00847605
0.299364 0.00143041
0.35317 0.00159308
0.323497 0.0174897
0.235273 0.0174207
0.261358 -0.0123646
0.325126 0.0174968
0.322103 -0.00405264
0.262376 -0.0036472
0.278561 0.00431857
0.23138 -0.0343532
0.317288 -0.0146968
0.307387 0.0175253
0.286334 0.0107249
0.316225 -0.00138006
0.292545 0.0143644
0.310212 0.00791147
0.350432 0.00833772
0.352911 -0.0088134
0.332384 0.00714335
0.345795 0.0176558
0.347968 0.00393103
0.327069 0.00409528
0.318744 0.0261284
0.281653 0.0192196
0.339253 -0.0046773
0.286581 -0.0123477
0.303077 0.00457291
0.331377 8.45077e-05
0.39248 0.00185659
0.33817 0.0194256
0.256465 0.00719028
0.326948 -0.0138456
0.32466 -0.000162585
0.347619 0.00310335
0.338355 -0.0194791
0.339211 0.00698683
0.315556 0.00170716
0.349184 0.00707224
0.402283 0.012694
0.370073 0.00729145
0.282223 0.0186404
0.321526 -0.00742046
0.347395 -0.0161398
0.324956 -0.00155325
0.34495 -0.00977929
0.26233 0.0252134
0.247078 0.0287062
0.22737 0.00562826
0.320098 -0.00515437
0.2709 -0.0143528
0.297903 0.0286177
0.260162 0.00720581
0.245234 -0.0104821
0.242211 -0.019764
0.195012 -0.0147893
0.187759 0.00906535
0.183922 0.0179351
0.223634 -0.0194748
0.259205 0.0218269
0.298532 0.0196681
0.353326 0.00467659
0.366792 -0.00620686
0.32827 0.0141896
0.371104 0.0145786
0.372602 -0.0194386
0.358817 0.00635407
0.297316 -0.00138786
0.339758 -0.00363935
0.357753 -0.00387374
0.305749 0.00520328
0.361692 -0.00221995
0.321274 -0.00591627
0.38418 0.00848542
0.371539 0.0262849
0.323905 -0.00950267
0.429572 -0.0144054
0.2591 0.0146833
0.303989 0.00845929
0.283342 -0.0183388
0.369558 -0.00308607
0.402947 -0.0116126
0.362565 0.01074
0.371146 -0.0110545
0.364455 -0.00164513
0.399528 -0.0163176
0.35234 0.0162751
0.311311 0.00162657
0.348448 -0.038976
0.295776 0.0172567
0.269702 0.00652082
0.283383 0.00900893
0.253977 0.00853486
0.273419 0.00859483
0.222214 -0.013305
0.22792 -0.00248914
0.281541 -0.0257542
0.32667 -0.00859837
0.349007 -0.00225135
0.338063 0.0196402
0.392276 -0.00838135
0.442554 -0.000887139
0.461185 -0.0191662
0.411737 0.0175244
0.431612 0.0140643
0.413069 -0.0041946
0.353806 -0.0255304
0.302964 0.00333647
0.345495 0.00603885
0.279728 0.0138491
0.333459 0.00725139
0.284884 -0.0126575
0.272178 0.00425587
0.310867 -0.0177172
0.308074 0.00109531
0.297732 0.00259435
0.234122 0.0155809
0.263073 0.0120555
0.250417 0.00232858
0.283248 -0.0197621
0.254296 -0.00161807
0.329323 -0.0168224
0.273854 -0.0158561
0.331644 -0.000921237
0.40989 -0.0211705
0.385907 -0.00249272
0.353056 0.00292659
0.313168 -0.00285734
0.294842 -0.00456803
0.365325 0.00151414
0.377167 -0.00189595
0.338971 -6.9179e-05
0.33454 -0.000618836
0.389875 -0.00216821
0.390293 0.0130946
0.369825 -0.00249774
0.308899 0.0104185
0.353095 -0.0113092
0.326767 -0.0152613
0.346729 0.000152328
0.225112 -0.0172984
0.267112 0.0145449
0.294308 0.0259332
0.269309 0.00646454
0.277883 -0.00186948
0.326641 -0.0129648
0.328302 -0.0188378
0.29961 -0.0323023
0.255589 -0.0041735
0.270732 -0.00955798
0.305813 0.0312925
0.30936 -0.0153446
0.269534 -0.01997
0.239074 0.00402734
0.282532 -0.00702652
0.302025 -0.0138109
0.328098 -0.0137391
0.282343 -0.00545054
0.363549 0.00925693
0.344692 0.0250868
0.29798 0.0147412
0.305287 0.0226237
0.257756 0.0079639
0.322135 -0.00808631
0.296794 -0.0213209
0.255127 0.000396137
0.270828 0.007723
0.296099 0.0113195
0.358131 0.00463901
0.364562 -0.0179827
0.32421 -0.0308391
0.308656 -0.0110783
0.28799 0.0359564
0.294658 0.0143771
0.302911 -0.00329259
0.323948 0.0160396
0.273604 -0.00554345
0.346844 0.0196213
0.275749 -0.00599436
0.303348 0.00597087
0.393158 -0.00791317
0.36867 -0.00630598
0.285382 0.0105555
0.276936 0.0100969
0.308383 -0.00806267
0.302376 -0.00166482
0.327385 0.0109261
0.286597 0.00581877
0.299908 -0.0109013
0.298687 -0.00585995
0.351959 -0.0145442
0.318631 0.00938714
0.290899 0.0125735
0.344483 0.00548398
0.327319 0.00040255
0.339828 -0.0113193
0.310319 -0.0047338
0.393795 -0.00286975
0.407439 0.00857455
0.355574 -0.00723768
0.385869 0.00743878
0.358966 -0.00278457
0.306723 -0.0230796
0.313233 -0.0108778
0.308022 0.00437006
0.274297 -0.0122415
0.25724 -0.00655714
0.239358 -0.0045612
0.29151 0.0181094
0.290217 0.00465479
0.291586 -0.0382699
0.28979 -0.00512899
0.300879 -0.000778113
0.259433 -0.00873364
0.226492 0.0046028
0.294625 0.0120805
0.29439 0.0395991
0.278412 0.00135233
0.253295 -0.0162594
0.284287 0.00799113
0.281721 0.00385095
0.314973 -0.010103
0.236171 0.0393189
0.234001 0.0158169
0.248226 -0.00595165
0.327549 -0.00258543
0.288954 0.00235695
0.285532 -0.00522054
0.316483 -0.00796684
0.31847 0.0108183
0.292206 0.0102952
0.284433 0.0139231
0.283649 0.0134906
0.314137 0.012584
0.36163 0.0127162
0.381956 0.0200013
0.356251 0.0095857
0.402096 0.00720669
0.319571 -0.004504
0.304687 -0.00274479
0.324278 0.0140503
0.34355 0.00740884
0.319479 0.00780495
0.302919 0.011641
0.342512 0.00985977
0.319892 0.0118257
0.371171 -0.00895929
0.338818 -0.0100457
0.378337 -0.00721817
0.329678 0.0027438
0.310951 0.00933609
0.336981 0.0169749
0.349765 -0.0195355
0.391624 -0.0149642
0.330035 -0.00626353
0.357557 -0.00720875
0.356669 0.00913326
0.384525 -0.00642334
0.35894 -0.0181092
0.344008 0.00564728
0.344603 0.00909378
0.341598 -0.0289005
0.332313 0.0141859
0.325089 0.026934
0.336483 -0.00137229
0.293143 -0.0288143
0.232318 0.00118159
0.244554 -0.00696591
0.248043 -0.0317935
0.248987 -0.00867896
0.210802 0.00675963
0.267963 -0.00669203
0.23785 -0.0087211
0.279045 -0.0111016
0.294488 -0.0304233
0.296465 0.00176094
0.2524 -0.00794191
0.397904 -0.00136428
0.362175 0.00378726
0.368052 -0.0221151
0.359181 0.00114531
0.274947 -0.0250239
0.278664 -0.0327223
0.354376 0.0129198
0.281468 0.00125189
0.340551 0.0113224
0.3057 -0.016037
0.353378 0.00120625
0.284455 0.00691213
0.298465 -0.0100519
0.297034 0.00665491
0.342138 0.014912
0.337568 0.0100804
0.388716 0.00502989
0.394626 -0.00480628
0.307636 -0.000362444
0.325009 0.0247554
0.325736 0.005487
0.294193 -0.0091275
0.322837 0.0171549
0.402917 0.0124032
0.35608 0.0256294
0.410573 0.00312844
0.419944 -0.00100576
0.416208 -0.00429842
0.385368 -0.0126846
0.389544 0.00459405
0.3274 0.0181593
0.347335 0.0131859
0.321893 0.00887338
0.328769 -0.00600978
0.352769 0.0147302
0.360993 -0.00285285
0.354412 -0.0267379
0.357161 0.004602
0.351387 0.00190838
0.299746 -0.000915478
0.333969 0.0458079
0.344183 0.00944321
0.307779 0.0233261
0.321446 0.00998762
0.338496 -0.0120655
0.375472 -0.00418682
0.375792 -0.00391762
0.375962 -0.00552219
0.402777 0.000649687
0.318986 -0.00641484
0.316215 0.0102412
0.310206 -0.0045648
0.366941 -0.00249619
0.346962 -0.000796149
0.330428 -0.00529612
0.329513 0.0118989
0.324622 -0.00473569
0.352889 0.00380712
0.373925 0.0113606
0.353767 0.00160471
0.398407 -0.0120502
0.349603 0.000807712
0.362731 0.00420662
0.313685 0.00765437
0.285669 -0.0135452
0.287324 -0.000878452
0.370034 -0.0131117
0.321017 0.00158247
0.264733 0.0117622
0.279113 0.00347916
0.265041 0.00508042
0.212637 -0.0147714
0.232131 0.0249928
0.331593 0.000451818
0.33644 -0.0246666
0.350548 -0.00239877
0.314248 -0.00479227
0.350014 -0.00124608
0.340673 0.0160953
0.321841 0.00505224
0.334589 0.0045109
0.34313 0.000539894
0.290583 0.0151959
0.295006 -0.00944272
0.343 0.0153948
0.327331 0.00698964
0.362323 0.0101554
0.365885 0.00587048
0.366772 -0.0256531
0.391725 -0.011137
0.344458 0.00186338
0.367606 -0.0117371
0.282722 0.00448238
0.257514 -0.0171816
0.301471 0.0105905
0.285581 -0.0102094
0.324877 -0.0107547
0.2984 0.00306586
0.295414 0.00320792
0.259755 0.00601932
0.285448 -0.00560717
0.227525 -0.0224059
0.277303 -0.0159866
0.198135 -0.000873341
0.265688 0.0146988
0.245557 -0.00215409
0.264704 -0.0146865
0.273314 -0.00917689
0.306998 0.00405292
0.311752 0.00457264
0.262563 -0.00643304
0.322253 -0.00662565
0.351447 -0.0142415
0.354669 -0.00577873
0.314856 0.00585554
0.328019 0.0302619
0.29263 0.0136806
0.33486 -0.0148082
0.258633 0.00298153
0.271648 -0.0237474
0.308619 0.0134412
0.245375 -0.000337234
0.273851 0.00177451
0.274285 -0.000516179
0.217038 0.0160446
0.206153 -0.0165812
0.23179 0.0132976
0.239156 -0.016174
0.23564 0.000871143
0.237609 0.0114985
0.222792 -0.00518778
0.2626 -0.0313542
0.265056 -0.0461317
0.249853 0.0134986
0.272912 0.0137382
0.299076 -0.00670724
0.301662 -0.000650833
0.322914 0.000236866
0.320577 0.000187635
0.391534 -0.00694828
0.37559 -4.53171e-06
0.366553 -0.0183927
0.329376 0.0146864
0.315392 0.0107664
0.294258 -0.000241408
0.336827 -0.0201584
0.305658 -0.0207226
0.273178 -0.00496346
0.343592 0.000542811
0.329847 0.00309281
0.339219 0.00236209
0.344273 -0.00818919
0.344392 0.00222573
0.339544 0.00907502
0.365615 -0.0102439
0.39051 -0.00659586
0.309831 -0.016325
0.309179 0.0149344
0.312552 0.000804294
0.277143 -0.0218994
0.224117 0.00169778
0.282888 0.0152238
0.241594 0.0243636
0.315308 0.0321425
0.299017 0.00951939
0.24805 0.00107729
0.194267 -0.00783434
0.188462 0.00568948
0.254073 -0.0423605
0.191535 -0.0195258
0.239905 0.0173751
0.155876 -0.00245324
0.211722 0.00481141
0.199107 -0.00370081
0.221783 -0.013043
0.247878 -0.0347021
0.227116 -0.00827673
0.228009 -0.00949503
0.241744 0.00144902
0.184348 0.00646497
0.229799 -0.0348087
0.219388 0.0109996
0.223589 2.72813e-05
0.26518 0.0319541
0.255006 0.0489177
0.251503 0.00465736
0.23559 0.0221501
0.26851 -0.0103936
0.246024 -0.0182656
0.2706 -0.00404049
0.240664 -0.0125607
0.236011 -0.0083504
0.321867 0.00318593
0.323045 0.0253284
0.333549 0.0147733
0.333652 0.0122773
0.336311 -0.000692552
0.324407 0.0023286
0.393724 0.00244462
0.389223 0.00676987
0.350906 -0.00847774
0.349622 -0.00577228
0.372861 -0.00763868
0.336163 -0.00779023
0.32304 0.00412248
0.297586 -0.0128467
0.36373 0.0206918
0.414231 -0.000579578
0.422199 0.0202796
0.398964 0.00233242
0.362077 -0.00650746
0.344495 0.0103771
0.368494 -0.00608005
0.332824 0.00274215
0.352616 0.00238527
0.30213 0.0212317
0.35985 0.0131465
0.304436 -0.00816859
0.321659 -0.00258375
0.369525 -0.0102604
0.342721 0.00190947
0.328053 -0.00930133
0.399035 0.0298338
0.31967 -0.00612368
0.339245 -0.00948522
0.310586 -0.0133296
0.365213 -0.00540014
0.300114 -0.00439263
0.289819 -0.00409887
0.316245 0.000986464
0.357188 -0.00482875
0.375214 0.0105345
0.408339 0.00373604
0.32105 -0.00272564
0.308816 0.00587053
0.37317 -0.0112433
0.38615 -0.00494112
0.410428 0.0105805
0.430254 -0.00831444
0.386746 0.00147222
0.37148 0.00756471
0.375715 -0.0174722
0.454696 -0.000790573
0.438134 -0.00421103
0.397002 -0.0147534
0.394992 0.0163076
0.372794 0.00512683
0.426114 0.00945078
0.419731 -0.00974632
0.496115 -0.00177331
0.437998 0.00923999
0.353945 -0.00649056
0.349472 0.000192073
0.330702 0.0020698
0.430173 0.00790881
0.303092 0.0127927
0.321354 0.0105462
0.323197 0.0229536
0.298031 0.0131499
0.326812 -0.0407822
0.351994 -0.016686
0.311693 0.0108822
0.313935 0.0120413
0.436029 -0.0190839
0.397792 -0.000398214
0.363231 0.00411533
0.355383 0.00140264
0.36594 0.00534451
0.323368 0.0116765
0.280288 -0.00426894
0.283326 -0.0134925
0.250728 0.00134064
0.284038 0.00272922
0.327053 0.0200488
0.350237 0.0177703
0.356367 0.017221
0.224016 0.0109342
0.274955 0.00947597
0.265855 -0.00133616
0.343336 -0.0133483
0.340888 -0.0151778
0.278977 0.00259822
0.277782 -0.0249398
0.247682 0.0157391
0.312268 0.00187385
0.36392 -0.0145298
0.333885 -0.0130365
0.337983 -0.0274986
0.354784 0.0010968
0.370542 -0.00241578
0.399002 -0.00885271
0.383828 0.00798464
0.291216 -0.00437298
0.407844 0.00362452
0.392242 0.0129228
0.385221 -0.0138647
0.385032 0.0177613
0.329786 0.0145866
0.390221 -0.00491226
0.393523 -0.0202257
0.333561 0.00536399
0.318263 0.0160861
0.321107 -0.00917785
0.33552 0.0323526
0.276035 -0.00240924
0.368391 0.018233
0.308876 0.00530517
0.299911 -0.00912137
0.265179 -0.0109494
0.284399 -0.0121723
0.271494 0.00742614
0.335562 0.00315791
0.334195 0.00736127
0.306403 -0.00253658
0.335891 0.00924558
0.284513 -0.00958486
0.320783 0.0154253
0.353814 -0.0115034
0.426767 -0.00308542
0.4184 -0.00323216
0.335695 -0.00324336
0.345694 9.77062e-05
0.376184 -0.0137933
0.318599 0.00106685
0.378667 -0.0229028
0.350781 0.000567061
0.344158 -0.00934264
0.333775 -0.00655627
0.325758 0.00102027
0.286405 0.0122527
0.287168 -0.0146631
0.264926 -0.00438732
0.25242 -0.00875996
0.227637 0.00714474
0.263851 0.00182125
0.243006 -0.0177639
0.330848 -0.0165337
0.317143 -0.0136074
0.298532 0.0313463
0.268483 -0.0152927
0.324958 -0.0158005
0.264229 -0.0225208
0.2555 -0.0200383
0.258927 -0.0408849
0.272096 -0.0116386
0.312155 -0.0160599
0.289763 -0.0116892
0.327926 0.00402364
0.374893 -0.00052798
0.344172 0.0057892
0.34823 -0.00676916
0.350703 0.00938533
0.384177 -0.00714896
0.319198 -0.0450447
0.379545 -0.00953058
0.360787 -0.0103185
0.429912 0.000807055
0.400916 -0.000229817
0.334842 0.00621971
0.289573 0.00430812
0.304679 0.00911173
0.372024 0.0282297
0.325504 -0.0222339
0.286196 0.00205998
0.273485 0.00506672
0.27939 -0.0249956
0.268697 -0.00326739
0.251373 0.0015401
0.312908 -0.0171893
0.334386 0.00456466
0.323698 0.00403872
0.325888 -0.00522263
0.34476 -0.0160714
0.35337 0.0162964
0.29342 -0.00913447
0.299077 0.0118758
0.337953 0.00828733
0.338123 -0.0130748
0.313793 0.0166157
0.364431 -0.00469532
0.395811 -0.00096482
0.396824 0.00536753
0.330553 0.00764302
0.415246 0.0145039
0.375598 -0.00122323
0.334054 -0.00855409
0.365678 -0.000331277
0.35881 0.0124586
0.37007 0.0194272
0.316657 -0.00391197
0.340999 0.0215731
0.241822 -0.0226563
0.346411 0.0190167
0.35775 0.0237967
0.350322 -0.00496427
0.365632 -0.00211296
0.297316 -0.0139979
0.291052 -0.00100265
0.377743 0.0120305
0.308038 0.0041992
0.299705 0.00444846
0.307652 0.0159025
0.362663 -0.00576822
0.31851 0.0028887
0.261697 -0.0121346
0.239109 -0.00286043
0.296997 0.0213308
0.312931 0.00456224
0.299143 0.00737194
0.330004 -0.0139455
0.290116 0.0200308
0.338307 0.0132349
0.293935 -0.0125215
0.263696 0.0097047
0.299638 -0.00952363
0.305349 -0.00530776
0.307807 -0.00762337
0.282448 -0.00362447
0.289532 0.0196305
0.280411 0.011514
0.258146 0.0232243
0.314442 0.0111605
0.294855 0.0115403
0.302177 0.0360592
0.297227 0.0273553
0.382379 0.0556579
0.277889 0.0036102
0.32262 0.0340908
0.248129 0.0191073
0.276613 0.0317788
0.199347 0.00379961
0.209575 0.0262277
0.270324 0.0161654
0.277269 0.00793407
0.198529 0.00684181
0.20562 -0.00475774
0.183893 0.00372541
0.218338 -0.0136273
0.204414 0.00512184
0.227103 0.0195705
0.248463 0.0124932
0.228048 -0.00522864
0.307013 0.00899212
0.32189 0.00811035
0.309198 -0.0138176
0.347575 -0.0130395
0.370092 0.0031276
0.321587 0.020563
0.349617 -0.00103635
0.309829 0.0161768
0.300178 0.0328642
0.278611 0.0134645
0.347092 0.0253028
0.366987 0.00574109
0.384854 -0.00479003
0.387779 -0.0134894
0.377998 0.0152796
0.388011 0.00595238
0.380632 -0.00120135
0.395632 -0.0117154
0.401428 -0.00252061
0.331957 0.0130199
0.416474 0.0121934
0.387979 0.0117912
0.368467 0.00314624
0.324592 0.00166114
0.347758 0.000732493
0.284815 -0.0142666
0.272484 0.0374514
0.305178 -0.00346342
0.295053 -0.0200938
0.367759 0.0180492
0.337347 0.0150243
0.370866 -0.0108846
0.33305 0.00396586
0.421072 0.00591724
0.391876 -0.00143601
0.323858 -0.00519733
0.30286 -0.00948137
0.328786 -0.0067719
0.33659 -0.0052139
0.33469 0.001497
0.344083 -0.0126918
0.331366 -0.00213012
0.319431 0.0103066
0.268287 0.0312118
0.295504 0.0151644
0.327944 -0.00204757
0.283818 -0.00277665
0.325703 -0.00922251
0.295591 0.0233029
0.347633 -0.0065794
0.331124 -0.0139826
0.395158 0.00870593
0.342031 -0.00701645
0.336153 -0.00924061
0.342332 -0.00661933
0.368602 0.00244892
0.326204 -0.00219722
0.292716 0.0103074
0.295102 0.01203
0.236269 0.00866229
0.30823 -0.00184988
0.284086 -0.00868826
0.300292 0.00470403
0.263552 -0.0130012
0.327974 0.0170823
0.302142 0.00208618
0.340384 -0.000609311
0.38517 -0.00433887
0.347575 0.00852293
0.325573 -0.00755133
0.298688 0.00528375
0.271674 -0.0120235
0.310991 0.00472935
0.345978 0.016139
0.348452 0.0105336
0.271379 0.0184271
0.342006 -0.00286252
0.345949 0.00280738
0.325107 -0.0140021
0.342529 0.0190361
0.338275 0.0292741
0.345796 -0.0103886
0.380428 0.00397503
0.285305 0.0181069
0.33038 0.0178733
0.326153 0.00623528
0.332397 0.0228453
0.364516 -0.017132
0.304411 -0.0134462
0.280602 0.00366849
0.258743 0.00667843
0.268864 0.00385611
0.304451 -0.00135495
0.321592 -0.00598963
0.281601 0.0116876
0.298719 -0.00496632
0.335661 0.00513598
0.343225 0.00158067
0.30072 0.021277
0.342095 0.0247396
0.365087 -0.000808981
0.364156 0.0210955
0.333078 -0.000349336
0.417724 -0.0131102
0.405842 -0.0131865
0.369426 -0.0098545
0.395282 0.00906072
0.352862 -0.0161092
0.365242 0.00107099
0.347975 0.00706094
0.325523 -0.00100511
0.308979 -0.0342229
0.271432 0.0150999
0.274106 -0.0131461
0.284412 0.00249631
0.256246 0.0307278
0.249044 -0.00592037
0.209153 -0.0117487
0.250873 -0.000564658
0.181515 -0.0067949
0.2356 -0.0299159
0.249801 0.0329211
0.27119 -0.0317992
0.250306 0.031974
0.243951 0.00786842
0.270677 0.00607146
0.27467 0.0341675
0.279478 0.00237428
0.23071 0.0316555
0.252857 0.019159
0.195321 -0.00358768
0.251694 -0.00748361
0.254005 -0.0143092
0.23863 0.0076674
0.244752 -0.000772574
0.263731 0.00757112
0.268325 -0.0038408
0.241504 -0.0245023
0.251655 -0.00833763
0.188679 -0.0259112
0.197183 0.0095633
0.20069 0.00873012
0.214365 -0.0107053
0.260049 0.00985998
0.282014 0.00104504
0.294406 0.0103756
0.308654 0.00386898
0.303929 0.00942669
0.266238 0.00926254
0.279429 0.0221833
0.306762 0.0177097
0.361779 0.00561385
0.32805 -0.0163169
0.355293 0.00476614
0.276657 0.010305
0.245657 0.0352903
0.278911 0.0101731
0.216696 -0.0145318
0.245864 0.0316501
0.229922 0.0121962
0.239007 -0.00528964
0.260778 -0.000721802
0.303273 -0.00026609
0.258557 0.00338573
0.273923 -0.0348128
0.274298 -0.0156579
0.241592 0.0056957
0.335072 0.0053778
0.384379 0.00323736
0.351913 -0.00271142
0.361898 -0.0033804
0.317817 -0.00359802
0.309748 -0.0271183
0.320279 0.0202718
0.311183 0.00640555
0.214485 0.00506602
0.263529 0.00904155
0.3074 0.00269122
0.266624 0.00692422
0.301992 0.0252779
0.252757 -0.00104428
0.288203 -0.0110289
0.291552 0.0199615
0.303202 0.00271397
0.297251 -0.00885894
0.317566 0.00685633
0.279013 0.0167793
0.293 -0.00416675
0.301561 0.0062935
0.27324 0.00518387
0.245314 0.00651844
0.288067 0.000349316
0.302739 -0.00445148
0.38416 0.0180208
0.356876 7.74746e-05
0.350739 0.0215415
0.318563 -0.0108852
0.394233 0.00324693
0.292442 -0.00209099
0.272254 0.00546988
0.251789 0.00145346
0.361396 0.00980471
0.331968 -0.00766236
0.38687 -0.0100466
0.333687 -0.0132324
0.343052 -0.00502705
0.344128 -0.000971751
0.319717 0.0092243
0.301326 0.0119256
0.293207 -0.00328895
0.307929 -0.0100048
0.336674 -0.0158947
0.352159 -0.0213324
0.373654 -0.00494455
0.334702 0.00321639
0.315352 0.0183651
0.322396 0.010154
0.316053 0.0151659
0.296318 0.00627306
0.417942 0.00417915
0.41818 0.00677503
0.334235 -0.0128991
0.363755 0.00876647
0.381758 -0.00729627
0.319468 0.0116222
0.384513 0.00780739
0.414323 0.00804204
0.363565 -0.00198543
0.31012 -0.0119368
0.344382 0.0057793
0.390093 0.00443339
0.387706 0.0110273
0.414789 0.00398494
0.44031 -0.0114022
0.422296 0.00135234
0.325338 0.0129794
0.368417 -0.0062564
0.436048 0.00242062
0.372004 -0.00132934
0.367219 0.01415
0.349499 -0.00193977
0.370609 0.00184423
0.373499 0.00353265
0.366126 0.00126963
0.395015 -0.0135981
0.309343 -0.00283764
0.318748 0.00401816
0.344995 0.0013529
0.316281 -0.00352965
0.284106 0.00681628
0.319861 0.00159811
0.354686 0.00369494
0.328724 0.00258909
0.343088 8.53621e-05
0.394724 -0.00609591
0.320871 -0.013966
0.291598 0.0262279
0.344851 0.00355227
0.335717 0.000338241
0.306094 -0.0200243
0.293465 -0.00319837
0.230189 0.0233909
0.276831 0.0202723
0.237368 0.0154293
0.33984 0.00473794
0.312159 0.0234587
0.305478 -0.00612437
0.315672 -0.0016281
0.290419 0.00250366
0.287619 0.00619924
0.2784 0.00410106
0.298269 0.00340057
0.253942 -0.00613743
0.354411 0.00706364
0.318643 -0.00784361
0.329765 -0.00849882
0.347751 0.00368254
0.31494 0.00943798
0.327241 -0.00214943
0.342386 -0.0129574
0.295294 0.00945322
0.317884 0.016227
0.319579 -0.0101975
0.324038 0.00844943
0.260969 -0.00862175
0.291812 0.0110898
0.289233 -0.00392299
0.324181 0.043451
0.327511 0.018646
0.306887 0.0371473
0.360984 0.00767051
0.330225 -0.0195815
0.351397 -0.0143198
0.335582 -0.0125787
0.352935 0.00397704
0.335224 -0.00462811
0.336133 0.015577
0.407598 0.00219073
0.340855 -0.0111288
0.286889 0.0299494
0.260684 0.030967
0.250991 -0.00671015
0.202712 0.00508434
0.23968 0.00501549
0.340529 -0.0144563
0.303316 -0.000859105
0.316161 0.0066948
0.262924 0.00460696
0.26173 0.00298627
0.308146 0.0147497
0.278768 0.005079
0.22686 0.0260434
0.18669 0.0370342
0.266362 0.00676906
0.215109 0.00384844
0.199589 0.00694703
0.232312 -0.0326094
0.261417 0.00183197
0.265015 0.0155018
0.248584 0.00594281
0.251193 -0.011515
0.281018 0.0162057
0.29697 0.00181684
0.251074 0.0174221
0.282264 -0.0280616
0.276658 -0.00276415
0.252833 -0.0197626
0.265353 -0.00691212
0.288858 0.00688657
0.273004 -0.017676
0.268585 -0.0157187
0.274201 -0.0163827
0.280767 -0.00497914
0.370965 0.0052211
0.322987 0.0109451
0.277024 0.00268197
0.319665 -0.000233659
0.300674 0.0180661
0.287847 0.00467715
0.352167 -0.0056091
0.313478 0.0135839
0.313378 0.0150529
0.3293 0.0207629
0.346348 0.0155092
0.267575 0.000158791
0.191801 -0.00674001
0.262255 0.006193
0.189759 0.00389095
0.251921 0.0058503
0.205566 0.0048329
0.240487 -0.00253607
0.203198 -0.0162526
0.205834 0.0108066
0.180045 0.0221681
0.24518 0.000124321
0.294063 0.00498952
0.284005 0.0122243
0.306467 -0.0127422
0.254011 0.00386453
0.290642 -0.0144458
0.291148 0.0160259
0.29411 0.00680505
0.296018 0.0136994
0.290179 0.0144772
0.344318 0.00511818
0.304719 -0.012567
0.336143 -0.00521801
0.375804 -0.030228
0.355721 -0.00185736
0.347419 -0.0011044
0.306347 0.00143825
0.338293 0.0186293
0.324012 -0.0132357
0.284889 0.00201754
0.271156 0.0166877
0.30336 -0.00274762
0.288958 -0.0103926
0.288005 0.0101434
0.32936 0.0106748
0.273851 -0.00218238
0.2923 0.0196873
0.287764 0.0115369
0.277413 -0.0176081
0.317505 -0.00080265
0.244519 0.0254754
0.234637 0.0162183
0.216864 -0.00406097
0.206869 0.0216572
0.200988 0.000519393
0.161412 -0.0243599
0.190076 0.00356133
0.272666 0.0122911
0.26359 0.00681342
0.304612 -0.0120154
0.283156 -0.00272029
0.262157 0.0110904
0.237921 0.00358246
0.218307 0.00795264
0.209152 0.00330377
0.224959 0.00470126
0.2445 0.0226498
0.317817 0.0257603
0.310728 0.012307
0.310635 -0.00501936
0.337217 0.000557983
0.280403 -0.00688306
0.244455 0.0212294
0.272704 -0.0108592
0.333795 0.00668199
0.304863 0.00463948
0.304827 -0.0215999
0.262603 -0.0171567
0.246336 0.00758195
0.198238 -0.0116182
0.217687 0.00343065
0.219893 -9.00029e-05
0.215183 0.00531137
0.307338 0.0484348
0.274605 0.0272986
0.228617 -0.000155817
0.189348 0.0160307
0.189572 0.00947981
0.189867 0.002173
0.235562 0.00208037
0.295511 -0.0105259
0.321359 0.00494
0.363359 0.0104973
0.348576 0.00472348
0.339823 -0.0172137
0.308806 -0.0124209
0.335927 -0.000905146
0.395067 -0.0138524
0.360501 -0.00186289
0.344355 0.00829601
0.348338 -0.00932764
0.283744 -0.0260144
0.286258 0.00013541
0.256313 -0.0153914
0.259011 -0.00460607
0.297361 -0.0268426
0.31259 -0.00499624
0.347359 -0.0140073
0.345139 0.00484053
0.389237 0.0142474
0.349863 0.0159401
0.266904 -0.00245364
0.284602 -0.0120765
0.358417 -0.00617139
0.332454 -0.00424779
0.308262 0.0126689
0.313191 -0.000496223
0.366354 0.00594054
0.341435 0.0124192
0.329815 -0.00120786
0.265642 -0.00262728
0.273266 -0.0013308
0.309116 -0.00660893
0.347777 -0.0146646
0.311508 0.00375802
0.306907 0.00613725
0.256793 -0.0135035
0.243562 0.000977459
0.298778 -0.00437592
0.345167 0.00401173
0.320189 -0.00367134
0.359879 -0.00225615
0.28412 0.00482783
0.260303 0.00195912
0.33675 -0.0122048
0.344173 -0.00266331
0.288939 0.00194288
0.284262 -0.0104142
0.248911 -0.0197139
0.306083 0.00526543
0.329906 0.00962613
0.262634 0.00249614
0.329281 -0.0141524
0.336519 -0.00771279
0.365311 -0.00534932
0.379489 -0.0153537
0.365033 -0.00304102
0.385199 0.0164698
0.411544 0.0195938
0.403201 -0.00772347
0.474006 0.0106242
0.403169 0.00205705
0.337378 0.00610473
0.369089 -0.0137601
0.415634 0.0181876
0.421867 -0.00709061
0.410176 0.0152157
0.355722 0.00208109
0.439086 0.00529279
0.432089 -0.00763773
0.401674 0.000239084
0.349066 0.020835
0.390266 0.0283909
0.343187 0.00100393
0.36425 0.0103923
0.40202 0.00437047
0.438754 0.0206799
0.41855 0.0114133
0.386627 -0.0128056
0.43459 0.0215124
0.427629 -0.021669
0.415472 -0.0234474
0.377943 -5.62487e-05
0.36398 -0.0141293
0.353335 -0.0281167
0.394477 -0.00503185
0.376124 -0.020946
0.338776 -0.0227992
0.367719 0.00972886
0.316985 0.040614
0.260865 0.0195123
0.292831 -0.00195445
0.342916 -0.0186241
0.342876 -0.00406833
0.370302 -0.00699283
0.335715 -0.0145483
0.359759 0.00158326
0.310927 -0.0219571
0.337913 0.0167067
0.266427 -0.00163083
0.313182 -0.0458638
0.301761 -0.0459111
0.284069 -0.0187608
0.290564 -0.0128933
0.280579 -0.0175294
0.316938 0.00809615
0.341959 -0.00605445
0.398176 0.0054426
0.356085 -0.00512804
0.385257 -0.0144572
0.414266 -0.0191396
0.399616 -0.0353601
0.392678 -0.000671751
0.298052 -0.0122425
0.325189 -0.00207049
0.377408 -0.00775787
0.378719 0.00320059
0.397261 -0.00114597
0.371049 -0.00291467
0.358138 -0.00413277
0.291354 0.0106365
0.316259 0.0177685
0.211188 0.01803
0.207399 0.00410869
0.295688 0.0099768
0.232452 -0.00366562
0.235947 0.0198851
0.234946 -0.0147744
0.256712 -0.0125586
0.293327 0.0181914
0.273382 0.0158023
0.205557 0.00833286
0.256937 -0.00212226
0.271404 -0.0189895
0.321236 0.0282119
0.277962 0.00759368
0.227325 0.0148719
0.257685 0.00743561
0.187865 0.00753074
0.205604 -0.00637667
0.229498 0.0138823
0.260096 -0.01018
0.26262 0.00917505
0.25101 0.027864
0.255739 -0.0107298
0.294067 -0.000980008
0.312507 -0.0121287
0.296152 -0.0245558
0.276552 -0.0176254
0.319517 -0.00889453
0.336356 -0.00361957
0.315383 0.00101097
0.33118 0.0250097
0.329441 -0.0116474
0.32849 -0.0023492
0.324417 0.00881924
0.283687 -0.000133284
0.309397 0.0167691
0.294739 0.0206689
0.28263 0.00687268
0.337841 -0.00545843
0.319204 -0.00417008
0.352048 0.018805
0.36402 -0.00354811
0.376793 -0.0248415
0.343623 -0.00118926
0.295111 -0.000544597
0.327116 0.0149989
0.321331 0.0164306
0.308071 0.00417935
0.342594 -0.011882
0.326913 0.00354203
0.365102 -0.0177695
0.315651 -0.00341347
0.252655 0.0255906
0.239603 -0.00673204
0.285123 -0.00391112
0.300966 0.0263276
0.25731 0.00916997
0.262339 -0.00507583
0.187332 -0.00968732
0.188046 0.00501288
0.256769 -0.0118404
0.247663 0.0044537
0.189405 0.0042454
0.212294 0.0247703
0.26102 0.00818321
0.231022 0.00299483
0.284105 -0.00718889
0.278822 0.00650496
0.240633 0.0232033
0.286698 -0.0120807
0.289617 0.0186655
0.254347 0.0178009
0.277114 0.0050028
0.337525 -0.00750072
0.375738 -0.00125682
0.389726 0.0266737
0.375379 -0.0143993
0.345311 -0.00486548
0.364105 0.00361915
0.355092 0.00557854
0.325652 -0.00800837
0.378429 0.00133632
0.323287 0.00546642
0.351653 -0.00817269
0.318183 0.0209568
0.32171 -0.0118216
0.253474 0.0107595
0.312508 -0.00855234
0.302696 -0.0342278
0.326701 -0.00340755
0.334494 0.00842464
0.353133 -0.0110737
0.357255 0.00458414
0.366671 -0.0113636
0.368247 0.00314682
0.219797 0.0169986
0.259066 0.0292889
0.238919 0.00183246
0.27078 0.0405974
0.270387 0.00203516
0.245231 0.00697192
0.228728 -0.00522926
0.279577 -0.00476192
0.300826 0.00306228
0.389941 0.00554449
0.392006 -0.00251679
0.354118 -0.0172807
0.289937 0.00392303
0.343642 -0.0103454
0.347132 0.0192853
0.356006 -0.00449098
0.396474 0.00416796
0.355703 0.000971037
0.355234 -0.00817773
0.42418 -8.50783e-05
0.351709 0.0128685
0.245259 0.000410037
0.313334 0.0158729
0.318622 0.0135932
0.321432 -0.0199981
0.280157 -0.00651353
0.255984 0.0184886
0.236448 0.00856875
0.312358 -0.0110751
0.267557 0.0106579
0.325985 -0.0249606
0.368632 0.00733107
0.369281 -0.00292465
0.342144 -0.000704133
0.362173 -0.00744652
0.346801 0.00374968
0.31806 0.00433446
0.32191 -0.00207897
0.33015 -0.0217946
0.387629 -0.00371842
0.33252 0.00847553
0.29912 -0.00332885
0.356847 0.0330459
0.29178 0.00760533
0.355558 -0.0187855
0.345301 0.0194815
0.387154 0.00202314
0.382821 -0.00396288
0.317709 -0.0134503
0.311259 0.000467042
0.275835 0.0206751
0.284885 0.0146485
0.280245 0.0241713
0.308573 0.00984463
0.31646 0.00407915
0.381544 0.00643923
0.30372 0.0176737
0.304561 0.0198571
0.34314 0.00692663
0.312461 -0.0190424
0.325346 0.00318332
0.296212 -0.00420944
0.264883 0.00901212
0.287963 -0.00400502
0.273885 -0.0140776
0.257142 0.0346572
0.234512 0.00450845
0.190642 0.00150077
0.197968 -0.0100944
0.264579 0.0187592
0.225006 0.0108769
0.215487 0.00599504
0.285065 -0.0123006
0.310566 0.000325459
0.32319 0.0291782
0.32651 -0.000277413
0.280211 0.0277717
0.278548 0.0192419
0.29548 0.00548385
0.308925 -0.0155118
0.247362 -0.0035782
0.284901 0.00967231
0.26823 0.0015039
0.289222 0.0240181
0.227663 -0.0117085
0.272651 0.000582554
0.260064 -0.00877379
0.270172 0.00850056
0.328623 -0.0172451
0.30288 0.0115669
0.2894 0.00943986
0.333474 -0.0108168
0.336364 -0.00392044
0.370132 0.00229779
0.355869 0.0306504
0.400854 0.00283545
0.39808 -0.000501991
0.415701 -0.00718853
0.376011 -0.00775099
0.339867 -0.000308917
0.325766 -0.00521424
0.357821 -0.00490931
0.396662 -0.00574773
0.341302 -0.0142653
0.340731 0.00990346
0.326805 -0.0116786
0.376533 0.0175319
0.258337 0.0129682
0.272952 -0.00525698
0.272563 -0.0103738
0.328215 -0.0111783
0.290929 0.0250196
0.38974 -0.00260479
0.321131 -0.00362865
0.292511 0.0067578
0.38289 -0.0156244
0.359624 -0.010852
0.366641 0.00248225
0.365549 0.0118414
0.445596 0.00460805
0.411027 0.0122696
0.452029 0.00808197
0.382595 0.00932583
0.362587 0.00836803
0.398286 0.0109783
0.377222 0.00587974
0.387029 0.00119492
0.378013 0.000177032
0.329338 -0.00161779
0.322185 0.0151553
0.355173 -0.000857563
0.34287 -0.0190175
0.317134 -0.006564
0.354162 0.019551
0.350086 0.0105284
0.334608 -0.00343784
0.29514 0.019853
0.299162 0.00523093
0.352446 -0.00253706
0.322948 0.000854986
0.205377 0.0154465
0.235986 -0.0027144
0.279847 -0.000953073
0.313385 -0.0037062
0.305984 -0.00168379
0.277904 0.00807883
0.262791 -0.0151526
0.261837 -0.00470164
0.249445 0.00607705
0.274796 0.00540387
0.275951 -0.00357879
0.314902 -0.0108155
0.313689 -0.00267535
0.317328 0.0132209
0.387026 0.00895125
0.391854 -0.00937581
0.325985 -0.00519182
0.326875 0.0201761
0.276223 -0.00740744
0.240827 0.0171554
0.25908 0.00234815
0.28307 0.0181648
0.269103 -0.00520076
0.24059 -0.0175214
0.307345 -0.0152202
0.298601 -0.00243341
0.262781 0.035567
0.220738 -0.00601596
0.263257 -0.00987815
0.287704 0.00366682
0.257719 0.00983864
0.288809 -0.0307398
0.2649 -0.00258374
0.287086 -0.000121441
0.339412 0.010408
0.335693 0.0182163
0.346106 0.020491
0.270506 0.011466
0.329938 0.0209683
0.29977 0.0108359
0.283533 0.0184281
0.306643 0.0117661
0.363721 -0.0183528
0.353994 -0.00329034
0.295291 0.00913374
0.278375 -0.00704729
0.308037 0.00516603
0.309398 0.0399467
0.253801 -0.00087551
0.24457 0.0118591
0.26433 -0.00316827
0.319806 0.003691
0.36231 -0.00562045
0.309425 0.00175394
0.329812 0.0152455
0.241412 0.00224252
0.291077 0.00592111
0.306593 -0.000888565
0.31546 0.00924782
0.363771 0.00261647
0.29963 0.00221479
0.311148 0.00476704
0.253513 0.0214693
0.331632 -0.00372148
0.324867 -0.00759329
0.311411 -0.0111555
0.312035 -0.0225755
0.289306 -0.0102424
0.29604 -0.00534743
0.335073 -0.00295378
0.316358 -0.0134167
0.327753 0.00103717
0.335415 0.0128661
0.330291 0.0020861
0.320248 -0.0047017
0.307729 0.012995
0.315309 0.0019913
0.345362 -0.0040906
0.33615 0.00146943
0.332627 0.0183992
0.383734 -0.00421892
0.343546 0.0024956
0.392481 -0.0190347
0.405693 0.0038457
0.363625 -0.00148889
0.36974 -0.00777973
0.391442 0.00160168
0.411623 0.00899543
0.367918 0.00336293
0.417318 -0.00331035
0.404396 0.00462736
0.466093 0.00653034
0.435711 0.00187577
0.400219 -0.00258382
0.389864 -0.0185484
0.39483 -0.0431258
0.336264 -9.02029e-06
0.410234 -0.00646783
0.396667 0.00566252
0.392869 0.00825234
0.390729 0.00856361
0.386182 0.00360941
0.379808 0.00715944
0.406695 0.00779836
0.372341 -0.0175809
0.352127 -0.0025566
0.359784 0.0322106
0.300435 0.0245374
0.292028 0.00910991
0.314179 -0.0230331
0.282054 0.0236262
0.296537 0.0166966
0.295252 0.0298865
0.388382 0.0195747
0.394015 0.00470102
0.346156 0.0078161
0.328001 0.0191355
0.354872 0.0105107
0.309511 -0.00247716
0.356679 0.00734765
0.270438 0.0202864
0.309808 -0.0185207
0.300718 0.0103105
0.242659 -0.00365869
0.261736 0.0100137
0.260525 -0.0134663
0.218556 0.0219711
0.263608 0.0197783
0.2515 0.01086
0.234879 0.00213984
0.268193 0.000668339
0.254224 0.00752105
0.345728 0.0155914
0.311073 0.0169972
0.306858 -0.0135934
0.307594 -0.0156333
0.36147 -0.00275378
0.359658 -0.00910494
0.301615 -0.00595091
0.407678 0.00933301
0.328373 -0.000868358
0.365089 -0.0196342
0.350421 0.00114114
0.40169 0.0026478
0.353225 0.0203493
0.316761 -0.00367811
0.30532 -0.0144591
0.373281 0.0109438
0.295787 0.0143047
0.309631 -0.00530119
0.278133 0.0145362
0.261681 -0.00561745
0.280063 -0.00147829
0.287173 0.00352126
0.29083 0.0234712
0.283698 -0.0105291
0.276449 0.0137358
0.299575 0.00506078
0.302134 -0.000363473
0.338415 0.0219162
0.304669 -0.00191086
0.391143 -0.00592163
0.337603 0.000799015
0.315374 -0.000180521
0.399353 -0.00573615
0.393462 -0.0146873
0.341291 -0.00240655
0.287135 -0.012261
0.357083 -0.00339983
0.317947 0.0149195
0.35572 -0.00740837
0.387331 0.00253303
0.355221 0.0218471
0.343966 -0.0196517
0.323065 0.0165586
0.360589 -0.0156731
0.354425 -0.00224335
0.316612 -0.00728222
0.311991 0.00665788
0.320634 0.00770376
0.285471 0.0148255
0.328016 0.0156362
0.320513 -0.00470081
0.28414 0.00527227
0.317318 0.00806861
0.259088 0.0129755
0.270136 -0.0101252
0.305865 -0.0037553
0.303028 -0.00310113
0.347568 -0.010562
0.393504 -0.00246845
0.312279 -0.0160553
0.373602 0.0124457
0.386923 -0.0135297
0.35652 -2.12524e-05
0.34406 0.0111018
0.296274 0.00245891
0.308072 0.00214745
0.389243 0.00577098
0.34501 0.0124624
0.408477 0.00790247
0.310319 -0.00928791
0.277891 -0.00648298
0.253754 0.0173805
0.304309 0.00649127
0.327559 0.00526841
0.286099 -0.0056354
0.31276 -0.0116873
0.261739 -0.0104083
0.292799 -0.0150439
0.26495 -0.000808922
0.322502 -0.0218674
0.361 0.0074589
0.338336 -0.00533236
0.325165 -0.0102196
0.351574 -0.0157742
0.326028 -0.0234306
0.33842 -0.0137714
0.32565 0.0117392
0.346192 -0.0185274
0.327509 0.0080116
0.383254 -0.0262301
0.43285 -0.0118633
0.32632 -0.0155846
0.389915 -0.0108953
0.39361 0.0124913
0.411971 -0.015669
0.37125 0.0197208
0.301098 -0.00768229
0.23611 0.0133665
0.292294 0.00045234
0.32988 -0.00484316
0.319227 -0.000125302
0.309781 0.0128468
0.266656 -0.00285673
0.279512 -0.0106102
0.333285 0.0049495
0.325148 -0.00730833
0.299306 0.000904276
0.319186 -0.00747658
0.324496 -0.00579111
0.307904 0.0131101
0.376477 -0.015083
0.392234 -0.00585662
0.400792 0.0171861
0.460519 0.00139486
0.381224 0.000418091
0.381144 -0.00813136
0.375126 -0.0021424
0.348629 0.00218097
0.375444 -0.0134872
0.384383 -0.0157569
0.445637 -0.000430066
0.355634 -0.00144143
0.37447 0.00627997
0.370915 -0.00504928
0.389966 0.00236201
0.338895 -0.0116697
0.349603 -0.0060427
0.371957 -0.00097177
0.329613 0.0126463
0.325839 0.00590411
0.209617 -0.00644764
0.214535 0.0259426
0.19297 0.0118286
0.214164 5.18982e-05
0.240805 -0.0243848
0.224991 -0.0273366
0.232562 -0.0274312
0.213259 0.0202835
0.299331 0.0058384
0.319474 -0.011675
0.311789 -0.00412582
0.298646 -0.0103688
0.269698 0.00579736
0.272217 -0.0112033
0.336388 -0.0064597
0.366747 -0.00981045
0.271201 -0.0126675
0.337471 0.0180141
0.328112 0.0071675
0.321392 -0.00239337
0.338888 0.00527593
0.373487 -0.00395528
0.32948 0.0101974
0.281678 -0.010786
0.317426 -0.0180143
0.319884 -0.0175689
0.306423 0.00559021
0.332683 -0.00742088
0.29487 0.00795874
0.366165 0.0108701
0.331157 0.00353946
0.374204 -0.0125695
0.386142 -0.00855717
0.427816 -0.0182201
0.449572 0.000849608
0.41891 -0.0228693
0.428007 -0.00858956
0.414201 0.00781709
0.389566 -0.00867521
0.33675 0.0164956
0.298393 -0.000325401
0.259294 0.0011334
0.317136 0.00436609
0.325044 -0.0180559
0.398558 -0.0109912
0.356697 -0.00554756
0.341018 0.0185304
0.321543 -0.00367785
0.37719 0.0220061
0.366035 -0.00315405
0.345572 -0.00012155
0.343071 0.00478522
0.285276 -0.000353678
0.271651 0.00455796
0.343035 0.00657028
0.314124 0.0100957
0.290751 0.0150799
0.309826 -0.00309946
0.325198 0.014227
0.372464 0.0250678
0.355617 0.00172634
0.30461 0.00726638
0.306888 0.0155127
0.293521 0.0273597
0.286356 -0.0242018
0.231249 0.00347377
0.379757 -0.0109159
0.403839 0.000584983
0.367242 0.00403783
0.367627 0.000103352
0.323938 0.0178587
0.319527 0.00276758
0.366568 0.0243423
0.359644 -0.0142117
0.378086 0.00145195
0.395093 0.00388568
0.339343 -0.00962743
0.326238 -0.0125222
0.349663 0.0105984
0.3198 -0.0206778
0.26409 -0.00523501
0.25607 -0.019866
0.279252 -0.00948029
0.323756 0.00307703
0.418078 -0.00260997
0.403496 -0.00158428
0.378692 -0.00335256
0.374335 -0.000996311
0.252213 0.0247252
0.320707 -0.0160205
0.390847 0.0176324
0.38996 -0.00390523
0.326709 -0.00663663
0.341444 -0.0138203
0.306759 -0.00152386
0.384366 0.0460478
0.350129 -0.00556708
0.347284 0.0022982
0.250298 0.00524278
0.304713 0.00910355
0.261094 0.00974481
0.270561 -0.0180375
0.216273 0.0149543
0.281162 -0.00617749
0.270993 -0.0257998
0.299804 0.0257962
0.308892 -0.00854986
0.337104 -0.00366381
0.304548 -0.0306748
0.281794 0.018284
0.335302 -0.00055503
0.277503 0.00700146
0.328675 -0.00491887
0.291529 -0.0114828
0.330621 -0.00376698
0.306895 -0.011733
0.346741 -0.00356785
0.373801 -0.0257054
0.360171 0.00807042
0.306577 -0.00507163
0.330667 0.0043897
0.305928 -0.0113033
0.324952 0.00197184
0.352819 -0.00380763
0.317612 -0.0242876
0.306962 -0.00530125
0.32033 0.0178465
0.314528 0.00161105
0.260745 0.00107169
0.289917 -0.0122674
0.273693 0.00162503
0.328294 0.0106471
0.300099 0.013321
0.328655 -0.00394494
0.381239 0.00456976
0.361944 0.0011165
0.310018 0.0161532
0.377688 0.00529289
0.353308 -0.00542819
0.320651 0.0126411
0.359054 0.0055595
0.344317 -0.00120931
0.36121 -0.011683
0.401318 -0.00299004
0.370836 0.0144941
0.32964 -0.00122084
0.284403 0.00271988
0.319894 -0.00897308
0.329777 0.00494023
0.402527 0.00766338
0.394393 -0.007643
0.329429 -0.00573972
0.255254 -0.00782957
0.313753 0.00814716
0.310104 0.00523319
0.325197 0.0159426
0.227068 0.0150282
0.257759 0.0196013
0.243755 -0.0178333
0.237586 -0.0049602
0.307344 -0.00356857
0.399889 -0.00630354
0.333921 -0.0040973
0.385746 0.0039896
0.324532 0.00570463
0.349379 0.0132325
0.30613 0.019179
0.265777 -0.0116543
0.299065 -0.0224313
0.312143 0.00131176
0.297236 -0.0108168
0.267712 -0.00867102
0.267544 0.00631498
0.314794 -0.00662414
0.307495 -0.0046603
0.352595 -0.00159464
0.371361 0.00570274
0.362295 -0.0106986
0.307796 0.00141506
0.299868 -0.0067551
0.275834 -0.0141723
0.246518 -0.00951685
0.235878 -0.00691845
0.243109 -0.00674163
0.247148 -0.0146335
0.293468 -0.00325193
0.258944 -0.00493098
0.309203 -0.00696154
0.312415 0.00309351
0.324182 0.00632709
0.339231 -0.0227658
0.357047 -0.0333986
0.340692 -0.0130855
0.364116 0.00576725
0.339358 -0.00568643
0.302125 0.00929584
0.266418 -0.00637821
0.361547 0.0229245
0.252417 0.00989123
0.260702 -0.0175559
0.257653 0.0120363
0.270424 -0.0222365
0.283134 -0.0435143
0.279981 -0.0289144
0.336896 0.00360296
0.27008 -0.0160089
0.333017 0.00236276
0.376113 -0.0082155
0.360098 -0.00173581
0.335955 0.00367321
0.360528 -0.012408
0.349335 -0.0168694
0.331736 -0.0130267
0.285046 -0.00408727
0.23146 -0.0100307
0.245443 -0.00671929
0.256753 0.00335087
0.241433 0.0210965
0.29553 0.00982914
0.3088 0.00833472
0.295633 0.0224993
0.289802 0.0358402
0.237983 -0.00300806
0.218023 0.00965421
0.235635 -0.00572157
0.305464 0.0251395
0.264032 0.010544
0.233813 -0.00377055
0.314514 -0.00185133
0.275083 -0.00807845
0.272874 -0.00881335
0.253373 0.00871247
0.276977 -0.0166723
0.308601 0.00384743
0.308575 -0.00671965
0.261833 0.017435
0.259342 0.0119184
0.276365 -0.00446369
0.290954 -0.015469
0.266943 0.00259106
0.203493 0.0101254
0.244359 0.0257354
0.264896 0.00171308
0.280853 0.00372668
0.260523 0.00943223
0.264125 0.0323848
0.260023 0.0156177
0.259371 0.0164774
0.17998 0.00735718
0.151772 0.0165927
0.223982 0.0199602
0.185924 -0.0355407
0.178405 0.0168644
0.219173 0.0146378
0.198021 -0.0179451
0.184882 0.00131194
0.192057 -0.0169011
0.215087 -0.0227592
0.226877 -0.00658737
0.244109 0.012647
0.197912 -0.00323799
0.217023 -0.0032893
0.236454 0.00538626
0.290087 -0.0148247
0.266493 -0.0402808
0.325116 -0.0124194
0.216431 0.0240597
0.178904 0.0173419
0.220505 0.00342902
0.291211 0.0085126
0.310544 0.0191312
0.217799 0.0104557
0.317435 -0.00249867
0.289564 0.013017
0.28779 -0.00851092
0.253318 0.0150173
0.25098 -0.00466542
0.261383 -0.00972327
0.250227 -0.023723
0.234745 -0.012513
0.281234 0.00226451
0.297464 0.0150939
0.318547 0.0234302
0.379435 0.0193383
0.362104 -0.00171788
0.36435 -0.00199804
0.286693 0.0154785
0.284783 0.0110597
0.34886 0.0152226
0.308279 0.00712689
0.390421 -0.0156438
0.401055 0.00886989
0.338293 -0.00190375
0.39492 -0.00585582
0.340372 0.00678983
0.33202 -0.00767056
0.321653 -0.00617256
0.28476 -0.0150289
0.306188 -0.00268502
0.281811 -0.00956835
0.351927 -0.00148163
0.32857 -0.00147994
0.304908 0.0185071
0.341527 0.0189716
0.283478 -0.0104399
0.333574 0.000516043
0.346633 -0.0239089
0.354163 -0.0168382
0.317734 -0.0162019
0.259039 0.00985117
0.271897 0.0176717
0.337537 0.0084692
0.385294 0.00042012
0.277695 -0.0237418
0.318194 -0.0336925
0.246331 -0.00595335
0.239952 -0.00997891
0.228715 -0.0292576
0.258136 -0.0316945
0.241021 0.0107146
0.303219 0.0151452
0.332835 -0.0161159
0.276645 -0.0145612
0.268988 0.0053392
0.21407 -0.0013762
0.216884 -0.00919521
0.269619 -0.00666794
0.299344 -0.0015127
0.343464 0.00874631
0.36781 -0.0159169
0.37502 0.0334175
0.345555 -0.00587765
0.358979 -0.00218176
0.376379 0.00848077
0.344261 0.00674221
0.290783 0.00348711
0.378036 0.000224956
0.348461 0.00116531
0.299057 -0.00163122
0.336475 -0.00803948
0.400697 -0.00833669
0.317881 -0.00999134
0.399743 0.00909847
0.291342 0.010901
0.297284 0.0124936
0.247342 0.00220243
0.278651 0.0253879
0.318006 -0.00795027
0.265527 -0.00354568
0.238018 -0.0131622
0.237886 -0.0175477
0.235227 -0.00293481
0.235012 0.00771239
0.241397 -0.00546762
0.225768 -0.0238593
0.254868 -0.00746031
0.233672 0.0199879
0.267963 -0.010594
0.306491 -0.0265398
0.304153 -0.0174261
0.317604 -0.00771415
0.299272 -0.0256697
0.327752 -0.0141912
0.348549 0.0110268
0.37156 0.0156504
0.298687 0.0121577
0.270842 0.00954868
0.354934 -0.00686083
0.321406 -0.00208264
0.335067 -0.0148878
0.283884 0.0219531
0.313409 -0.00701562
0.366991 -0.00249803
0.28903 -0.0301002
0.336927 -0.0212387
0.369915 -0.0178398
0.301548 -0.0144148
0.297557 7.65062e-06
0.273851 0.0152434
0.216021 -0.000883305
0.214441 -0.00245656
0.210588 -0.00356859
0.217794 0.0127295
0.23242 0.00444169
0.255997 -0.00479368
0.263556 0.0105051
0.290468 0.00414608
0.300364 0.00897606
0.280198 0.0134774
0.268054 6.32187e-06
0.25449 -0.0125194
0.294065 -0.0074026
0.270934 0.00781505
0.269346 0.0124521
0.298826 0.0252435
0.284794 -0.0013122
0.278543 -0.0379321
0.236539 -0.000230969
0.217832 -0.0042796
0.255679 0.00509774
0.307094 -0.00576507
0.332068 0.00641725
0.309252 0.0068341
0.345017 0.015044
0.376669 0.0124175
0.309731 -0.00148729
0.311685 0.00700845
0.311572 -0.00580404
0.306005 -0.0120845
0.305115 -0.0266817
0.263188 -0.00466603
0.242385 0.00309413
0.279 -0.0224238
0.286855 -0.0250357
0.275036 -0.00579238
0.253948 -0.00673963
0.308832 -0.00381273
0.219317 0.0184164
0.277059 -0.00708412
0.384092 0.0071378
0.306501 -0.000645262
0.331842 0.00257842
0.324168 0.00714723
0.362519 0.0175208
0.334262 -0.00336263
0.304356 0.00862673
0.358215 0.00790534
0.356591 -0.00199129
0.393673 0.00336335
0.312185 0.0179134
0.309625 -0.00166493
0.308709 -0.00809475
0.353993 -0.00849031
0.359238 0.00809958
0.338528 0.000709033
0.32556 0.00736427
0.381586 -0.0123301
0.347401 -0.00255933
0.367057 -0.0108213
0.245275 0.0119604
0.346711 -0.0033553
0.326952 -0.0148714
0.315248 0.00142676
0.284778 -0.00248567
0.298719 0.010534
0.298984 0.0123564
0.291005 -0.00584968
0.233154 0.00071701
0.269846 0.016894
0.270119 -0.0191421
0.241161 -0.00140649
0.214789 0.022463
0.31312 8.57019e-06
0.336637 0.0021122
0.379705 0.0024074
0.260777 0.00311252
0.243935 -0.0300509
0.314843 -0.0046636
0.328399 -0.00235571
0.358284 -0.00149314
0.305388 -0.00878034
0.274173 0.0183993
0.260494 0.0125237
0.261457 0.00455223
0.275932 0.00783019
0.252771 0.0209145
0.261645 0.00190076
0.219426 -0.0144147
0.246217 0.0332417
0.205118 0.0428615
0.255108 0.00306808
0.249733 0.00306778
0.215645 0.0274926
0.20128 0.0146489
0.200986 0.00859897
0.256893 0.000980447
0.259717 -0.0193727
0.20151 -0.0172453
0.214106 0.00824964
0.213316 -0.0273951
0.187963 -0.00956931
0.162681 -0.00980864
0.253626 0.00284004
0.285992 -0.0234915
0.288015 -0.00063208
0.282087 0.0112409
0.324386 0.00628026
0.34464 -0.00948572
0.283587 0.000772387
0.292721 0.00460056
0.248523 -0.00584913
0.275904 -0.000747946
0.303642 0.00519001
0.328254 0.0289378
0.28401 1.04808e-05
0.375817 0.00389947
0.361446 0.0071042
0.339262 0.00917919
0.345259 0.00847721
0.341581 -0.00501753
0.337594 0.00905197
0.263512 -0.00336555
0.240436 0.00848854
0.218788 -0.00921671
0.266257 0.00473959
0.288214 -0.0116885
0.290222 -0.00238192
0.317467 -0.00734111
0.322061 0.00570897
0.316518 -0.00630519
0.34967 -0.00768764
0.335622 -0.0163526
0.373041 -0.0156543
0.299729 -0.000331863
0.318452 -0.00705582
0.241348 -0.00948734
0.286694 0.00434085
0.230827 0.00732202
0.267291 0.00123985
0.309419 0.00726411
0.348672 0.00214361
0.436696 -0.00861278
0.370728 -0.0016667
0.376642 -0.00228711
0.369949 -0.00465168
0.327883 -0.00343645
0.327425 0.0110809
0.334161 -0.00158303
0.347359 -0.00765031
0.395522 -0.00313732
0.389558 0.00312894
0.347653 -0.00605597
0.36975 -0.0175358
0.361755 -0.0098331
0.320707 0.00422788
0.36925 0.00305953
0.323971 -0.00412113
0.316341 0.00221545
0.303569 -0.00219257
0.306544 0.0139896
0.301325 0.00904195
0.299467 0.0153509
0.269006 0.00878341
0.32111 -0.0156293
0.356468 0.013828
0.351462 0.0248905
0.375602 -0.0107935
0.332065 -0.0148771
0.296752 0.00883492
0.259235 -0.00524008
0.287738 0.00302296
0.32473 -0.0063697
0.250705 0.00633826
0.273606 0.0210005
0.277462 0.00131659
0.291609 0.0224938
0.312145 -0.0155046
0.299924 -0.00767304
0.273991 -0.00169092
0.314928 0.0273665
0.326331 0.00105948
0.349969 -0.00540446
0.35633 -9.50979e-05
0.370574 0.00388091
0.315174 -0.00393362
0.280716 -0.0212359
0.204914 0.00616036
0.305207 0.00862196
0.302098 -0.0123144
0.353263 -0.00222138
0.396971 -0.00832235
0.336767 -0.0168392
0.300495 0.0035907
0.414721 0.0065658
0.4238 0.00145042
0.362261 -0.00337293
0.380498 0.0147995
0.352819 0.0173414
0.357645 0.0208192
0.352333 0.0035712
0.345604 -0.0114002
0.290898 -0.016826
0.35636 -0.00223735
0.345598 0.0127164
0.293782 -0.0121207
0.298407 0.00347914
0.298406 0.00266809
0.216245 -0.00623023
0.285212 -0.0132351
0.282067 -0.0161189
0.268809 -0.00230373
0.331335 -0.0149031
0.344702 -0.00970529
0.364094 0.00293036
0.371973 0.00915666
0.388198 -0.00507589
0.300536 -0.00606086
0.332354 0.0106471
0.351865 0.012483
0.365571 -0.000542072
0.350298 0.00988348
0.376226 0.0178319
0.398153 -0.00231871
0.326803 -0.0117311
0.386242 -0.0148707
0.352005 0.0153993
0.322609 0.021265
0.31883 0.0193788
0.331209 0.0069375
0.285679 0.0144697
0.339481 0.0105252
0.370416 0.0211418
0.35193 -0.0016924
0.293998 -2.40808e-05
0.31275 -0.0159426
0.281083 -0.0221312
0.341866 -0.00490419
0.379062 -0.0198157
0.392847 0.00241112
0.41 0.0104116
0.435769 -0.000243392
0.392104 0.000506413
0.382106 0.000195915
0.409603 -0.00327379
0.318775 0.0230962
0.38122 0.00931973
0.405858 0.00177788
0.435721 -0.00485552
0.459853 -0.0122245
0.337052 0.000690834
0.365981 -0.0200831
0.355311 0.023716
0.381374 0.00564152
0.356584 0.0195011
0.355421 0.011883
0.421669 0.0057526
0.455402 -0.0184957
0.425784 -0.00903992
0.381855 -0.00699468
0.403707 0.00695596
0.329611 -0.00510293
0.312321 -0.024162
0.409627 -0.00503793
0.370957 0.000407519
0.364581 0.0196711
0.383814 0.0170044
0.393598 0.00899509
0.384448 0.0215138
0.315859 0.00738909
0.340313 -0.00352914
0.297691 0.0029953
0.315288 0.0146414
0.277066 -0.0029027
0.246025 -0.0116461
0.236254 -0.0163807
0.274415 0.0181107
0.231212 0.00587927
0.327674 0.0252394
0.292873 0.00773382
0.308598 0.0023045
0.349221 0.0252499
0.338994 -0.0143363
0.398504 -0.0135757
0.432062 0.00100444
0.464047 0.00965731
0.382258 -0.00734907
0.312968 0.0197676
0.311131 0.00177701
0.287235 0.00708299
0.269558 -0.00807697
0.290906 0.0287622
0.268256 0.0118613
0.222519 -0.00378274
0.239561 0.00159497
0.219883 0.00236553
0.203835 -0.0374849
0.27387 -0.0225643
0.298529 -0.000227419
0.328475 0.0159331
0.333428 0.00186512
0.293468 0.00622744
0.329812 -0.00297062
0.337516 -0.0183194
0.33719 0.0205282
0.237622 -0.00726648
0.307487 -0.00303408
0.311636 -0.0038014
0.304512 -0.00465387
0.274402 -0.0212343
0.279023 -0.00328288
0.288676 0.00751113
0.297646 -0.00429476
0.240503 -0.0138852
0.258801 0.00254623
0.302684 -0.00278011
0.402783 0.0142231
0.314026 0.00983194
0.238648 -0.00403088
0.208635 0.0300873
0.308213 -0.0311261
0.290082 -0.0269304
0.30301 0.0073366
0.323903 -0.0380722
0.296619 -0.0189642
0.276482 -0.0146611
0.312595 0.01213
0.266889 -0.0125247
0.27065 -0.000962988
0.239858 -0.0192503
0.245416 -0.0124005
0.275171 -0.00191551
0.237886 -0.0102309
0.324554 -0.0197484
0.297375 -0.021469
0.298583 0.00840445
0.275681 0.00495588
0.297869 -0.00925392
0.275798 0.00676334
0.369894 -0.000818503
0.307621 -0.0033865
0.367571 0.000251282
0.361935 0.00303263
0.455589 0.00394847
0.390053 0.0134704
0.320514 0.0141599
0.303442 -0.002524
0.345314 0.00327255
0.361984 -0.00499146
0.35515 -0.00139472
0.325224 -0.00984035
0.405324 0.00265454
0.411856 0.00531044
0.343439 0.00109569
0.332577 -0.00145463
0.348065 0.0132033
0.36471 -0.0169777
0.329939 -0.00908384
0.325906 -0.00169971
0.291209 -0.0117146
0.278141 -0.00419896
0.321918 -0.00146155
0.382292 0.0202934
0.343021 -0.00534354
0.339327 0.00325553
0.337324 -0.00541932
0.28923 0.0258671
0.321211 0.0238006
0.260144 0.00597784
0.277841 -0.00905358
0.306796 -0.0103379
0.353434 0.00209352
0.360056 -0.00201124
0.331904 -0.0071584
0.318939 -0.0118182
0.253019 -0.0202236
0.278658 -0.00478732
0.286344 0.00408708
0.267696 -0.00417956
0.219904 -0.00431131
0.292516 -0.012991
0.302539 -0.00887756
0.30148 -0.0118007
0.332455 0.00874319
0.245465 0.013954
0.322439 0.00191197
0.324594 0.0145499
0.288082 -0.0190339
0.288078 -0.0201221
0.266523 -0.0144299
0.286878 -0.00295379
0.289036 0.00871426
0.326992 -0.0179233
0.316074 -0.0150915
0.325918 -0.0143374
0.350555 0.0103013
0.400473 0.00771707
0.384343 -0.00982519
0.33543 0.01834
0.292799 0.0239442
0.337703 0.0215654
0.331403 0.0213628
0.290332 -0.00317252
0.33775 0.0234062
0.34886 0.00246661
0.293344 0.0235482
0.310303 -0.0102568
0.324596 0.0284884
0.357726 0.0034544
0.299379 -0.000891988
0.265418 0.00581922
0.311279 -0.0236357
0.26918 -0.000881258
0.291443 0.00143427
0.283879 0.011458
0.316286 0.00546548
0.293388 -0.012058
0.333067 0.0049017
0.340582 -0.00723043
0.378989 -0.0133617
0.320111 0.0207715
0.260735 -0.00751422
0.302021 0.0011161
0.333702 0.0105083
0.377028 2.91915e-05
0.376768 0.00616346
0.381264 0.0147416
0.409397 0.0120951
0.415529 -0.00761605
0.333403 -0.00253368
0.357788 -0.0101962
0.312947 0.0141838
0.282524 0.00919386
0.270572 0.0105219
0.345589 -0.0110039
0.30181 -0.0108537
0.321452 -0.0157739
0.373411 0.00808362
0.333795 0.00237633
0.39678 -0.00145132
0.438836 -0.0060338
0.429533 -0.010268
0.405407 0.00839499
0.3872 -0.00685007
0.343243 0.0269604
0.41021 -0.00444272
0.398969 -0.0140175
0.424057 0.00482533
0.3984 -0.00928343
0.40523 -0.00732424
0.43378 0.00301943
0.394229 -0.0112095
0.409287 0.00502735
0.469225 0.00492472
0.446036 -0.00430096
0.357516 0.00456819
0.392193 -0.00453471
0.410915 -0.00548522
0.349861 0.00775853
0.36662 -0.00638794
0.328424 0.00372271
0.350665 -0.00939436
0.349789 0.0077621
0.36529 0.0136285
0.40627 0.000547856
0.406942 0.0142227
0.299448 0.00487288
0.351409 -0.00188926
0.388946 0.00587592
0.314781 0.00473499
0.365719 0.00554648
0.376425 0.0132939
0.415167 0.000727067
0.373842 0.00505198
0.288535 -0.0199704
0.30162 -0.00378121
0.354944 -0.00225875
0.366285 0.0230553
0.343986 -0.0149403
0.326628 0.0116569
0.273549 0.00401743
0.232683 -0.00338268
0.278383 -0.00233822
0.332602 -0.0366666
0.310133 -0.00397786
0.352409 -0.0113634
0.35848 0.0106106
0.305513 0.0125628
0.260348 -0.00729339
0.265653 0.0192886
0.259511 0.0178818
0.249708 0.0121226
0.22688 0.00490983
0.301456 -0.0145541
0.240875 0.0146696
0.320091 -0.00952128
0.392341 -0.00440918
0.317947 0.00437982
0.350255 -0.007187
0.340926 0.0162737
0.309697 -0.019313
0.317689 -0.0095142
0.262484 0.00118776
0.268247 0.00917681
0.258955 0.00787174
0.2834 0.0146993
0.324368 0.0019397
0.399607 -0.0142776
0.368015 -0.00323852
0.378729 0.0159971
0.322876 -0.00139395
0.391889 -0.0012016
0.392446 0.00266041
0.392071 -0.00704193
0.387523 -0.00150727
0.390761 0.000354273
0.361288 0.0129551
0.302824 0.0103267
0.268895 -0.01917
0.317874 0.00675493
0.26198 -0.00728684
0.331387 -0.0156841
0.330198 0.0151003
0.281266 0.0102231
0.309921 0.00548523
0.266316 -0.00718163
0.279551 0.0147953
0.310492 0.0034426
0.326773 -0.000164053
0.308572 -0.00147148
0.367483 0.00694271
0.344899 0.0251193
0.384741 0.0197541
0.364464 -0.00588195
0.355474 0.00839554
0.295429 -0.00657707
0.342424 -0.0247473
0.387282 0.0162716
0.354604 0.00750547
0.351054 -0.0119882
0.339427 0.00811555
0.260436 0.00866957
0.308099 -0.00279412
0.275827 -0.0161361
0.335669 -0.025786
0.34892 0.0138503
0.361142 -0.0088439
0.347201 0.00568414
0.240596 -0.00942412
0.273873 -0.0146503
0.311812 0.0270248
0.337102 0.00922262
0.359054 -0.0069485
0.372662 0.00910283
0.401766 0.0170522
0.384884 -0.00557191
0.346294 -0.0143705
0.369685 -0.000577702
0.314984 0.00027891
0.351577 -0.00585958
0.310928 0.00985609
0.348195 -0.0166517
0.282441 -0.0188751
0.295721 -0.00128814
0.302312 0.00385181
0.331943 -0.00130831
0.250085 -0.000862368
0.273134 -0.00708685
0.318698 0.00859521
0.331932 -0.00786424
0.296683 -0.00554547
0.312164 -0.0103038
0.374186 0.0163074
0.372789 -0.00452606
0.401538 0.0201524
0.363879 -0.0179653
0.433974 -0.00909096
0.403053 -0.0188927
0.450977 -0.000990152
0.349095 0.00393776
0.389189 -0.026181
0.346228 -0.00123175
0.283174 -0.00818337
0.306864 0.0140714
0.297813 -0.012282
0.286917 0.00343272
0.266569 -0.0106412
0.320317 -0.00530436
0.324361 -0.00271491
0.320329 -0.0130072
0.328232 0.0114615
0.350211 0.00102394
0.285972 -0.00443318
0.340626 0.00571735
0.342816 0.0170799
0.357405 0.0192799
0.355387 0.0055239
0.306655 -0.00335467
0.359063 0.0245656
0.361967 0.0313901
0.39108 0.00259064
0.317557 -0.00492144
0.352666 0.0184947
0.352396 -0.00750016
0.345099 0.00592211
0.388052 -0.00523584
0.264579 0.00210661
0.277708 -0.0285631
0.297924 0.00796161
0.331408 0.00417999
0.281555 -0.0191712
0.346431 -0.0277402
0.388449 0.00170029
0.358646 -0.0201939
0.322004 -0.0214044
0.33083 0.00721308
0.353406 -0.0165979
0.351667 0.00945078
0.282714 -0.014942
0.345562 -0.0142874
0.331504 -0.0107688
0.31966 0.0330644
0.308773 -0.00285041
0.373605 0.00571821
0.353529 -0.00157803
0.34467 0.00270776
0.301379 -0.00759678
0.315299 -9.12334e-05
0.260593 -0.0186875
0.219608 -0.0172069
0.27235 0.0054914
0.301886 -0.00777411
0.348464 0.0011442
0.358955 -0.000234125
0.402268 -0.00188153
0.363024 -0.0109403
0.35549 0.0106896
0.36586 0.0159686
0.379412 0.00175713
0.434544 -0.00581167
0.446822 0.000579416
0.44392 -0.00301771
0.385123 -0.00049514
0.407314 -0.00787111
0.40155 0.000538558
0.454779 0.00703753
0.390316 -0.00904808
0.40458 -0.0108398
0.398573 0.00140801
0.364824 -0.00754175
0.399795 -0.00195853
0.384093 -0.000482559
0.443049 -0.000339459
0.459543 -0.00694094
0.440477 0.0017962
0.44605 -0.0037425
0.388394 -0.00552922
0.281771 -0.015206
0.338074 -0.00921982
0.301865 -0.00198219
0.304728 0.00525442
0.378653 0.00980666
0.374819 -0.0122684
0.364654 0.00173028
0.369972 -0.00719047
0.397081 0.000750844
0.387617 -0.0278902
0.417678 -0.000596534
0.37138 0.000837405
0.350723 0.00555746
0.336177 0.00676956
0.334112 0.02033
0.329041 0.0113282
0.367627 0.00526364
0.371689 0.016117
0.321587 0.00617056
0.356897 -0.00941185
0.406113 0.0142862
0.42497 -0.00438091
0.418167 0.00791607
0.326371 0.00107137
0.296186 0.00115232
0.351175 0.0104109
0.35763 -0.0104836
0.349642 0.0151777
0.399706 -0.00180348
0.418529 0.0110487
0.434806 -0.00405371
0.451649 0.015047
0.389747 -0.0104467
0.415018 -0.0144924
0.352901 0.00646173
0.334992 -0.00261733
0.347514 0.000752572
0.371789 -0.0106503
0.383713 -0.00388454
0.34005 -0.00157068
0.351355 0.00253357
0.350418 0.010411
0.359722 0.0122338
0.289905 0.022058
0.302088 0.02663
0.318798 0.00526206
0.304761 0.0196554
0.359543 -0.0048367
0.300592 -0.00422308
0.328591 -0.000101464
0.396596 -0.000405601
0.362333 0.000887813
0.364286 -0.000174412
0.315175 -0.00638888
0.383842 -0.0056217
0.302852 0.00681882
0.356751 0.00609923
0.293914 -0.000131497
0.3789 -0.00572836
0.359169 -0.0282916
0.31264 -0.0180415
0.290443 -0.0252703
0.300276 0.0170388
0.361596 0.0241671
0.382889 -0.0104061
0.390064 0.00822353
0.367063 0.0174371
0.348033 -0.00594301
0.322712 -0.0174499
0.354367 -0.0318033
0.363329 -0.0049853
0.412144 0.00314675
0.417494 0.0125716
0.426027 0.00229325
0.386135 -0.00211635
0.380517 0.0105406
0.355524 -0.0199647
0.378549 0.00528474
0.276836 -0.0144667
0.288394 -0.00503508
0.29253 -0.0088194
0.260565 -0.0055967
0.286083 -0.0151551
0.291977 -0.00544684
0.304646 0.006006
0.314975 -0.0165129
0.32402 -0.00810299
0.298499 0.00931368
0.260278 -0.00838178
0.261688 -0.0183365
0.314306 0.00990696
0.324071 -0.00358192
0.35309 0.0087544
0.308749 0.0173092
0.323412 -0.000491174
0.316315 0.00187873
0.317092 0.0247758
0.314221 0.000125539
0.39173 -0.00407753
0.326747 -0.00396728
0.388956 -0.00409212
0.333613 0.0187056
0.353342 -0.00490701
0.330193 -0.0136358
0.305234 -0.0152719
0.332666 -0.0115003
0.346941 -0.016614
0.380059 0.00518123
0.319241 0.00420428
0.3658 0.0197596
0.293759 0.0200688
0.278288 -0.00296727
0.298114 -0.0122343
0.333362 -0.00751166
0.315215 -0.0134778
0.328671 -0.0104139
0.351075 -0.00580746
0.364541 -0.0045579
0.429284 -0.0156935
0.414546 0.00780241
0.388144 0.0055513
0.379366 -0.0119531
0.374319 0.0118662
0.382058 -0.00726337
0.430552 -0.0173082
0.414476 -0.00860399
0.392477 -0.00349762
0.330149 0.00699598
0.310697 -0.00133776
0.328719 -0.0079239
0.417109 -0.0019748
0.372517 -0.0118139
0.312202 -0.0151696
0.28872 -0.00781162
0.305121 -0.0110322
0.340055 -0.00386997
0.369637 0.0185314
0.357124 -0.00793789
0.326559 0.00225197
0.295304 0.00106381
0.292349 0.0146205
0.294749 0.00770245
0.279174 0.0268424
0.3226 -0.0271307
0.354251 0.0052818
0.375231 0.00397522
0.323786 -0.00146387
0.308795 -0.000601908
0.353402 0.00084178
0.319865 0.00177038
0.357137 -0.0063139
0.290707 -0.00990415
0.333825 -0.0175052
0.271371 -0.018611
0.293571 -0.00942989
0.246391 0.000505983
0.304838 -0.0273918
0.342904 0.00690582
0.341355 -0.0202493
0.381715 0.00224888
0.347853 0.00613442
0.374096 -0.005445
0.344595 -0.00788985
0.379926 -0.0182428
0.352722 -0.00853191
0.394742 0.0142472
0.387939 0.0198221
0.361348 -0.0130051
0.380182 0.0165837
0.320946 0.00719843
0.280838 0.0346399
0.381706 0.000718133
0.35766 -0.0161921
0.310309 -0.0074136
0.27724 -0.0198063
0.320308 -0.0180797
0.312569 0.0143163
0.320466 0.00862708
0.276031 -0.0084182
0.289168 0.00701539
0.317113 0.00627604
0.363089 0.0157535
0.368398 -0.00442573
0.35844 0.0027185
0.383839 -0.0214864
0.343786 -0.00822741
0.307744 -0.0240502
0.296732 0.0162074
0.289279 0.00296686
0.321318 -0.00583452
0.302339 0.00343747
0.263104 -0.0109888
0.258332 -0.000178333
0.308454 -0.0186916
0.304038 0.0114384
0.33296 0.00449422
0.279608 -0.00469081
0.312584 0.00871783
0.270847 0.00197867
0.305609 -0.00477604
0.298225 6.29196e-05
0.340501 0.00214275
0.276597 -0.022283
0.275865 -0.0285882
0.267244 0.015976
0.303099 0.00372447
0.420122 0.0124543
0.389883 0.00962987
0.362821 -0.00503659
0.318928 -0.00319661
0.283179 -0.00198948
0.250471 -0.00930363
0.234134 -0.00584451
0.258311 0.00985976
0.278321 -0.0060752
0.259845 0.0121579
0.314037 0.013499
0.330245 0.0157991
0.313838 0.00134242
0.354819 0.000475424
0.341156 -0.0078287
0.366791 0.0205242
0.302557 0.00179121
0.304007 8.52258e-05
0.279825 0.0050439
0.34394 0.00603039
0.382216 -0.00597093
0.320748 0.0160228
0.306146 0.00851969
0.382388 -0.00216821
0.275405 0.0146873
0.394245 -0.00493864
0.342245 0.0118024
0.332104 0.0201209
0.331384 0.0227715
0.327916 -0.0219374
0.365118 -0.012622
0.356585 -0.00630568
0.320805 0.00573627
0.325206 0.01129
0.296714 -0.000162338
0.330844 -0.0161777
0.271623 -0.0163197
0.282601 -0.00870662
0.2909 0.00809623
0.307753 0.00627353
0.372685 -0.0103335
0.380643 0.00720446
0.384394 -0.00183198
0.325641 -0.0222559
0.346145 -0.000322442
0.341952 0.00379859
0.381959 0.0249022
0.404699 -0.0174862
0.367274 0.00971334
0.408131 -0.00762697
0.392606 0.00736832
0.401052 0.000964372
0.452757 0.00919932
0.439153 -0.0021684
0.389773 0.00457591
0.31574 0.00292307
0.355399 -0.0259857
0.379121 -0.00747896
0.347178 0.00232553
0.322273 0.00194633
0.340296 0.0027623
0.302993 -0.00808863
0.369076 0.0276972
0.345054 0.00874305
0.372616 0.0032456
0.365051 -0.009373
0.366486 0.0148848
0.336377 -0.016284
0.362951 -0.0086585
0.361337 -0.00738882
0.303511 -0.0212433
0.313823 -0.00311482
0.35814 -0.0163562
0.317467 0.00539067
0.33861 0.0121271
0.375718 0.00592218
0.376568 0.00852007
0.383959 -0.00788921
0.330251 -0.0131678
0.337105 0.00586091
0.223575 0.0184858
0.236986 0.00665862
0.263106 0.0161171
0.303912 0.00099838
0.335221 0.006112
0.288966 0.00753384
0.298029 0.000101369
0.283211 -0.0222904
0.296708 0.0298121
0.298726 -0.00290567
0.37783 0.00754747
0.339047 -0.0104777
0.334923 0.00788439
0.310957 -0.00735046
0.282269 0.000563868
0.263924 -0.0139003
0.315226 -0.017285
0.367204 -0.00848174
0.388903 -0.00266619
0.348797 0.0111861
0.385418 0.00101368
0.338084 -0.00281114
0.391079 0.00270534
0.320367 -0.0152662
0.350769 -0.0101116
0.379826 0.00154679
0.361134 -0.000554182
0.321432 -0.016395
0.354004 -0.005056
0.33988 0.0161527
0.317415 -0.014406
0.330337 -0.00106673
0.386137 -0.00338681
0.374159 0.00545016
0.43367 0.000169371
0.422296 -0.00447934
0.273496 -0.000495067
0.339977 -0.026353
0.352204 -0.000804051
0.346126 -0.00280633
0.379734 -0.0111141
0.362506 0.00296391
0.348556 0.0108652
0.349514 0.0124589
0.352346 0.00221444
0.358255 -0.022945
0.283514 0.00457561
0.301889 -0.00218292
0.276256 0.00449335
0.357992 -0.00341884
0.369474 -0.00592212
0.34083 0.00839166
0.340065 -0.000213895
0.399408 -0.0132794
0.394711 0.00180224
0.391071 0.00952181
0.383411 0.00400882
0.358098 -0.00169019
0.36904 0.00201484
0.411292 -0.00395785
0.34624 0.00630838
0.356344 -0.0114297
0.313019 -0.00102744
0.288797 -0.00456416
0.382472 -0.00670982
0.40526 -0.00467311
0.454146 -0.0216001
0.362598 0.00414638
0.313495 -0.0113713
0.327221 -0.00160047
0.366952 0.0040319
0.302474 -0.00430307
0.340896 0.00969489
0.381885 0.00785521
0.362117 -0.00829696
0.330057 0.0228372
0.297688 0.0276354
0.333848 0.0142175
0.303126 -0.000665562
0.331468 -0.0129491
0.413347 -0.0131911
0.3917 0.00126399
0.319063 0.0103753
0.339901 0.00869498
0.336433 0.00678351
0.349198 -4.47551e-05
0.393612 0.0135675
0.339684 0.00984744
0.336392 -0.0102978
0.377891 0.0122687
0.375505 0.00226337
0.363946 0.00847878
0.346431 -0.00817973
0.42732 -0.0134985
0.40207 -0.00285503
0.365488 0.00272582
0.356143 -0.00760295
0.332961 0.00670197
0.369758 -0.0128256
0.273504 -0.0114346
0.268329 0.000542517
0.300271 -0.0115898
0.350106 0.0170906
0.32342 -0.0106621
0.348712 -0.00951804
0.379255 0.00885291
0.361591 -0.00919599
0.377429 0.00360468
0.385933 -0.00658638
0.356416 -0.010382
0.331302 -0.000832454
0.312271 -0.0146586
0.356139 0.017372
0.352377 -0.0129402
0.344363 -0.00545162
0.355279 -0.00975072
0.358085 0.000144196
0.380272 -0.013219
0.393001 -0.00174625
0.400908 0.00757502
0.459058 0.00590837
0.432362 -0.0067042
0.428784 0.00115048
0.427964 0.00256382
0.435743 0.00244656
0.429559 0.0114848
0.41405 0.016678
0.41141 -0.00265007
0.365863 -0.00338235
0.354756 -0.00398154
0.347829 0.00480875
0.335228 -0.00574737
0.404426 0.00367604
0.393933 0.000843014
0.40678 -0.000958983
0.403652 -0.00524684
0.392638 0.0157609
0.336611 -0.01776
0.327247 -0.00718096
