-48.5921
-57.1732
-41.9894
-50.4941
-30.6612
-47.3063
-54.0333
-39.4144
-42.2036
-58.8143
-44.0498
-43.892
-43.9106
-36.6617
-56.994
-46.1629
-54.5588
-42.4377
-37.6557
-49.8969
-49.2472
-44.4515
-48.0063
-43.6844
-46.5879
-48.5637
-38.0545
-47.6796
-36.3095
-54.0086
-42.4518
-25.2179
-62.5523
-38.2699
-41.4876
-28.1897
-29.3265
-43.1927
-35.2768
-34.4809
-37.2056
-36.4009
-37.236
-42.8439
-50.6061
-32.9699
-41.1866
-44.8718
-41.1376
-66.6198
-50.8095
-37.9141
-48.0017
-49.689
-35.1815
-32.6792
-52.3062
-44.8979
-41.7454
-42.8133
-41.419
-52.2035
-41.8991
-45.3451
-43.909
-34.5095
-48.3261
-44.41
-28.6775
-48.7398
-48.2822
-30.7734
-45.3148
-42.6152
-55.9779
-54.3235
-34.2096
-50.5328
-42.776
-45.09
-42.7326
-49.702
-50.9804
-39.6753
-41.1566
-55.6599
-39.8268
-36.8325
-47.0883
-37.3954
-45.1967
-45.0093
-45.4875
-39.2288
-53.3458
-49.2233
-48.5833
-58.8172
-50.516
-27.3003
-36.3081
-53.7297
-42.4849
-54.6174
-43.3344
-42.1423
-24.9407
-42.1105
-35.5063
-54.53
-40.1429
-44.4819
-50.1098
-47.4818
-42.0611
-48.5103
-41.6487
-48.2938
-43.1556
-31.1305
-50.3109
-36.9643
-35.4365
-35.2213
-39.0983
-48.6526
-33.2242
-45.3877
-51.0092
-41.8412
-39.1217
-39.5355
-31.5462
-46.4345
-39.8589
-31.0086
-54.3615
-35.5471
-58.8508
-54.0838
-54.7138
-42.2328
-38.5907
-51.8407
-24.6738
-35.6318
-47.204
-54.7819
-51.4671
-40.4239
-33.6915
-41.8206
-43.1574
-57.1064
-49.905
-42.8833
-38.007
-52.1859
-42.8151
-32.8431
-33.018
-35.233
-27.9112
-40.32
-42.3947
-42.4501
-50.3645
-39.5466
-41.1525
-45.1267
-54.6746
-46.4935
-44.331
-40.8916
-30.9094
-40.3701
-44.0291
-47.8761
-45.1201
-36.5457
-43.1286
-43.4153
-41.3584
-44.6076
-45.2126
-38.9515
-47.7318
-49.4155
-50.0256
-43.7906
-37.4764
-47.0978
-47.0294
-46.6711
-55.5021
-38.544
-55.9363
-36.7508
-48.9226
-54.2345
-52.4937
-42.196
-40.5574
-44.4631
-27.5671
-51.2232
-39.5775
-33.784
-43.8907
-46.7167
-55.6229
-63.1248
-46.816
-44.3004
-46.5598
-55.5095
-42.8526
-41.2853
-53.2375
-36.8735
-52.603
-41.4208
-48.6504
-37.8188
-51.781
-48.5629
-46.4046
-49.9943
-43.2202
-46.3104
-40.3299
-49.4633
-36.5481
-45.5723
-35.4306
-44.6141
-40.0926
-50.8854
-42.9263
-45.6834
-37.332
-44.8705
-49.9646
-44.2934
-54.9877
-43.1138
-37.0328
-40.6505
-41.6482
-39.432
-54.1248
-48.9404
-44.7865
-51.4819
-51.9691
-36.9201
-53.0961
-44.9825
-41.1143
-42.0436
-40.674
-47.6724
-39.5519
-41.6778
-48.8973
-27.4594
-51.3634
-37.3837
-54.9984
-36.7925
-44.7398
-46.7239
-44.4949
-45.1855
-45.3425
-39.2354
-48.6876
-48.0656
-41.7841
-40.8175
-40.6751
-49.4616
-54.1719
-37.6077
-41.3909
-31.1664
-53.6721
-52.3873
-45.0235
-41.9479
-51.1459
-43.3574
-49.6093
-28.4889
-51.4569
-31.0617
-49.9299
-41.1313
-43.2736
-46.6899
-43.8449
-31.4456
-42.4534
-50.2908
-43.5753
-47.4103
-32.4338
-44.4352
-40.9145
-50.4318
-50.782
-36.5945
-33.2084
-40.0903
-35.1836
-46.0597
-41.5822
-51.85
-36.703
-36.9967
-42.4664
-61.844
-49.0866
-40.1355
-45.6756
-46.0559
-29.8552
-37.3455
-49.1251
-43.1138
-47.333
-46.7472
-54.1912
-48.1109
-55.8184
-49.6109
-42.6996
-46.7562
-38.4419
-40.9996
-59.1925
-39.9532
-46.5167
-44.8351
-43.3199
-42.8669
-36.867
-49.3669
-38.8757
-54.4028
-44.4697
-54.3737
-30.9736
-46.1755
-38.0552
-49.9551
-41.1
-43.2729
-37.0044
-50.8244
-43.109
-44.7637
-43.3487
-30.8765
-47.3563
-40.8322
-66.9501
-45.474
-62.524
-42.0781
-36.9883
-40.4955
-52.9031
-40.7104
-50.7892
-38.5709
-46.4944
-51.0936
-36.7936
-36.8062
-58.7555
-51.1312
-58.5243
-34.4027
-50.2605
-51.8818
-52.9787
-57.4466
-51.3976
-45.8068
-57.0699
-35.3485
-44.9417
-38.0978
-31.3907
-48.4442
-42.1293
-48.2155
-41.367
-44.9377
-43.989
-48.268
-43.6969
-61.8085
-42.7963
-49.0246
-44.8556
-61.054
-47.5725
-42.779
-30.468
-32.6005
-41.2711
-53.4695
-43.8066
-54.3786
-37.7174
-49.4522
-42.9467
-49.9484
-49.8399
-37.3162
-41.0247
-29.1885
-47.9824
-42.2566
-48.7836
-49.0426
-43.7271
-55.5747
-48.0618
-40.2051
-32.2324
-57.2567
-46.2666
-38.517
-41.8113
-51.7601
-61.2381
-29.0766
-54.5559
-45.6328
-42.9294
-53.2834
-37.3188
-36.8926
-41.956
-45.1842
-51.1529
-35.8083
-39.0253
-40.5899
-42.5465
-53.1289
-51.9126
-41.1443
-41.1786
-52.0795
-48.555
-51.386
-44.4629
-35.6592
-46.0263
-32.645
-59.3587
-54.6891
-27.6978
-50.0487
-44.1761
-48.4599
-54.246
-47.8857
-47.7031
-36.4643
-45.0828
-56.5011
-43.6284
-39.5054
-46.3982
-39.4803
-40.5572
-43.7474
-53.4539
-40.2658
-47.7727
-47.0272
-47.0708
-39.615
-44.6614
-32.8313
-41.2631
-38.7754
-57.8854
-45.4378
-37.7264
-27.7803
-39.2228
-33.1054
-51.5328
-50.295
-52.4089
-55.9284
-48.1631
-39.5458
-50.8358
-52.9669
-40.4553
-32.8965
-45.8539
-47.1536
-57.2935
-50.8053
-32.8125
-43.2988
-42.9151
-44.1477
-46.556
-32.5033
-52.3814
-50.3751
-52.8455
-53.3197
-33.2717
-44.0975
-54.1945
-43.7861
-39.6114
-44.0632
-60.7251
-62.0405
-44.7585
-61.619
-39.9393
-43.1115
-44.0061
-52.0834
-29.7842
-33.8259
-44.591
-44.5031
-55.9307
-51.6942
-50.4047
-46.8959
-57.4038
-44.3592
-55.6986
-50.6689
-41.5714
-40.9866
-46.0002
-41.8659
-41.2907
-51.1546
-48.4782
-42.8625
-43.1887
-41.0934
-39.8602
-53.5686
-34.5254
-39.3726
-48.0804
-51.0854
-46.0588
-60.2751
-43.5184
-46.8
-41.1054
-51.0845
-28.015
-40.471
-44.2735
-51.6587
-36.8681
-52.3901
-35.6924
-55.5405
-39.3608
-41.2268
-69.068
-41.5464
-52.664
-34.1066
-47.9557
-29.3962
-49.7439
-36.0141
-46.8676
-29.8269
-54.1317
-45.8783
-51.6663
-36.0896
-42.2865
-45.8862
-42.5908
-43.4947
-43.746
-48.174
-41.7853
-44.4433
-54.7859
-37.2735
-54.9108
-38.6189
-34.6326
-44.5217
-50.4157
-48.1113
-34.542
-47.1753
-48.3176
-59.8438
-40.8762
-32.4022
-62.8304
-34.1557
-50.0195
-41.116
-48.5493
-44.9207
-47.6983
-50.16
-51.0158
-35.6447
-52.7602
-39.5444
-44.8419
-60.6179
-39.758
-44.7879
-52.181
-32.5525
-37.2825
-40.1786
-57.8301
-43.9081
-37.8826
-44.7013
-46.4611
-39.7183
-58.0773
-43.5286
-42.4696
-49.6536
-38.7829
-41.7932
-47.9559
-29.1398
-54.9191
-36.8925
-48.1296
-44.7227
-42.3026
-49.5953
-37.8822
-43.0121
-39.9418
-60.3603
-45.6367
-48.7907
-52.7797
-35.9036
-39.0095
-56.9302
-62.9467
-41.9054
-24.7036
-56.8
-39.7566
-45.3319
-57.1622
-43.1011
-36.1761
-35.6008
-46.2846
-32.8635
-45.8491
-34.6164
-54.4904
-44.6726
-33.906
-48.8219
-45.7206
-45.3184
-49.2733
-53.6978
-57.3909
-46.5625
-45.1949
-44.3842
-55.4832
-50.9158
-47.6446
-38.6248
-51.4573
-37.9389
-35.4496
-43.2763
-51.0634
-51.1097
-37.8273
-40.8402
-44.296
-48.0403
-46.469
-41.1181
-53.473
-57.4937
-44.8683
-40.5993
-52.8595
-54.8778
-62.8205
-36.9863
-45.9301
-43.5737
-44.3245
-36.606
-31.2706
-44.3275
-48.0699
-49.7439
-37.0468
-43.6615
-47.7762
-55.2167
-45.0748
-48.336
-52.7905
-48.514
-42.2834
-39.8618
-40.8894
-53.9864
-40.5727
-41.4355
-49.8568
-29.8641
-37.2809
-30.0657
-47.0549
-47.4132
-40.5544
-46.4062
-43.4652
-51.5029
-30.7611
-40.6089
-44.4663
-37.0474
-48.1969
-63.4569
-48.5945
-45.6224
-42.7283
-39.9754
-54.3625
-40.5878
-33.4317
-49.8658
-48.4557
-47.9583
-40.0839
-42.6582
-35.5231
-46.8218
-44.6478
-64.1014
-42.5404
-56.4602
-41.6633
-53.1102
-41.4422
-41.7369
-41.5394
-35.7987
-55.2169
-47.4927
-26.0511
-42.4301
-41.4624
-47.9457
-44.6307
-52.5535
-30.7517
-40.2489
-47.0554
-57.3678
-43.1184
-41.2484
-52.8034
-45.5492
-48.5784
-37.5487
-36.1882
-49.5144
-41.8754
-43.9574
-42.2431
-48.682
-47.6268
-42.0187
-56.7442
-42.431
-47.3622
-56.8791
-31.6016
-41.0901
-45.9301
-40.7748
-58.3819
-36.5307
-44.0102
-55.4473
-45.8042
-42.3386
-48.8251
-40.7217
-35.5812
-41.6285
-30.6373
-40.03
-58.6328
-41.2627
-67.2482
-56.9247
-35.7022
-54.1797
-43.1935
-45.9044
-45.805
-35.983
-47.9926
-49.7652
-47.7423
-40.7763
-34.7427
-52.1586
-48.4206
-41.1321
-39.4166
-48.7991
-33.5154
-41.9106
-51.7361
-42.8768
-48.7595
-47.0111
-52.4751
-38.5558
-64.6918
-39.6319
-37.2167
-51.8106
-53.7588
-50.7428
-48.5893
-41.6859
-31.989
-44.1056
-36.6479
-50.4176
-52.4816
-34.8387
-48.5424
-45.3898
-52.5613
-47.4274
-53.4568
-44.554
-46.9548
-39.8229
-50.1515
-34.6283
-31.786
-39.4771
-48.9434
-50.052
-51.5079
-42.4142
-48.9865
-42.0955
-56.288
-54.3046
-35.4972
-51.7269
-48.232
-40.0171
-43.537
-34.7489
-46.3531
-46.7637
-47.9022
-59.778
-37.2466
-44.3552
-44.4596
-41.0803
-42.3022
-49.815
-44.2562
-32.813
-54.8402
-41.6945
-51.5239
-44.6915
-48.865
-32.394
-50.7109
-50.3179
-46.7428
-51.0754
-48.0601
-38.4784
-39.248
-53.9007
-53.9953
-33.713
-45.1533
-33.8799
-37.7398
-59.3246
-49.4925
-57.0048
-44.4384
-37.2179
-50.0584
-44.0952
-36.4716
-45.8201
-60.9751
-46.0378
-39.9134
-45.3538
-33.194
-43.6187
-37.0236
-47.4308
-34.6878
-40.5998
-58.2581
-54.2183
-54.9314
-52.9644
-50.3439
-35.3592
-30.8966
-53.6895
-40.8939
-39.6177
-43.3435
-45.6305
-55.8182
-47.3579
-41.1562
-44.5862
-52.2942
-53.6115
-50.1779
-44.952
-38.4197
-40.6222
-32.8309
-48.9205
-45.3051
-44.7012
-47.6545
-50.172
-50.5993
-33.874
-40.86
-42.7917
-34.9601
-40.4446
-39.4334
-25.1216
-49.371
-57.7519
-48.2359
-56.9435
-48.1669
-43.4732
-49.1296
-48.8512
-41.6053
-62.575
-44.473
-49.2747
-44.8197
-56.0794
-56.7241
-49.406
-52.2319
-29.8364
-37.1073
-37.2505
-40.6965
-46.0448
-39.8751
-29.932
-35.932
-36.3751
-53.4697
-39.4731
-57.4773
-49.0068
-49.124
-44.3439
-53.391
-28.6565
-36.7002
-41.5273
-37.3799
-43.3239
-44.0399
-48.5448
-45.178
-33.208
-49.4892
-32.3543
-54.9981
-37.0802
-48.6256
-43.0496
-34.1467
-54.0277
-36.2506
-38.494
-42.9476
-54.9838
-41.9683
-52.8279
-49.6457
-38.1638
-41.4324
-45.9927
-56.0179
-51.1982
-41.8781
-45.4706
-50.0045
-41.7875
-48.6066
-42.4194
-52.7848
-52.3649
-40.0424
-38.0724
-47.3668
-42.7121
-41.6411
-50.5396
-52.8987
-42.0813
-43.1697
-54.0964
-53.7729
-30.6355
-49.9988
-51.5997
-50.0827
-38.2492
-42.9025
-52.4054
-37.2976
-51.568
-37.8031
-53.8834
-41.6023
-49.5116
-46.4063
-50.6727
-46.8123
-46.2824
-41.0645
-33.684
-47.1147
-50.606
-59.8426
-51.9335
-42.1609
-39.7964
-58.4826
-36.0273
-50.1021
-32.8181
-38.3533
-42.752
-46.965
-57.7384
-55.6448
-38.6132
-44.403
-47.0258
-57.1769
-48.3384
-54.8135
-43.2368
-41.0902
-43.2334
-41.5026
-48.8222
-40.6689
-42.7366
-53.4542
-65.9085
-40.0765
-46.3789
-52.6895
-41.5313
-34.9243
-44.3671
-51.112
-39.7442
-42.3497
-44.5431
-36.6656
-54.9649
-45.4188
-45.9763
-31.9996
-37.1914
-42.4425
-47.321
-65.3416
-47.6782
-51.297
-37.5135
-49.1164
-37.371
-48.5448
-45.5032
-48.9488
-40.8515
-47.6012
-41.9196
-39.3109
-44.9685
-39.5561
-44.6313
-50.086
-34.0185
-42.2448
-48.7719
-45.3127
-42.3907
-45.2071
-45.173
-35.0745
-40.5766
-41.2054
-39.5806
-48.0451
-54.6754
-46.381
-43.9649
-50.1291
-28.6877
-54.8573
-42.7604
-48.0443
-51.2813
-45.7387
-53.2754
-47.0518
-58.1464
-37.9424
-43.5476
-40.2652
-42.5221
-49.6596
-51.7257
-52.0337
-42.9817
-35.2078
-46.1054
-41.6739
-30.4179
-41.1152
-52.1335
-50.9062
-32.1752
-40.2295
-38.8244
-45.8584
-35.863
-40.0362
-44.553
-38.7086
-63.3563
-46.8305
-46.3715
-43.6479
-45.5008
-58.6525
-47.2248
-36.7437
-43.5593
-60.1703
-45.2278
-31.7386
-42.5891
-37.2871
-46.3496
-47.5889
-41.417
-39.2197
-40.3386
-25.6861
-39.3793
-61.4
-50.8185
-36.4968
-46.392
-42.2567
-33.601
-56.2963
-42.6691
-46.9474
-58.4972
-60.6338
-51.1573
-51.7406
-60.7609
-25.1755
-51.0936
-54.3859
-60.7503
-57.3734
-49.9766
-50.3166
-37.6761
-33.0876
-40.9286
-50.7482
-45.013
-49.2701
-50.8749
-30.5363
-39.5845
-50.97
-49.9785
-43.0281
-28.9906
-61.0954
-35.7935
-45.3041
-47.2934
-45.4077
-31.459
-48.3032
-36.548
-34.213
-51.8163
-39.6036
-54.194
-49.1188
-50.04
-49.9612
-51.4496
-42.0285
-52.5774
-44.6657
-51.1335
-40.4218
-55.1986
-40.5007
-54.4477
-31.4048
-37.274
-40.9046
-53.1814
-54.4331
-43.5787
-35.8959
-47.6748
-49.3547
-58.7128
-44.3424
-48.8609
-33.3366
-51.5634
-34.8273
-37.8233
-50.4627
-49.4369
-40.5106
-37.2972
-51.67
-42.5221
-29.5753
-43.5923
-51.5697
-38.9502
-42.3072
-54.0731
-44.2006
-47.9718
-52.7863
-42.4329
-39.5216
-44.9983
-41.3387
-47.6741
-54.0488
-46.6488
-39.9776
-44.5476
-46.7326
-44.5874
-55.5788
-40.5973
-44.0951
-43.9327
-41.3731
-41.5393
-40.0999
-49.7464
-39.1133
-35.5021
-42.4691
-53.3492
-68.4214
-44.9371
-42.2605
-39.1824
-35.3644
-43.7597
-39.2011
-43.462
-58.0775
-43.4034
-51.4911
-47.1634
-42.3506
-33.9495
-57.2013
-45.4693
-36.7925
-57.9013
-42.9556
-40.8432
-46.0828
-47.1706
-53.836
-48.923
-48.539
-44.335
-45.2897
-42.7384
-42.5369
-47.7294
-48.3521
-36.3651
-31.4893
-44.1091
-55.0217
-49.4855
-47.8929
-36.7
-35.5585
-45.1637
-60.6042
-49.1138
-43.5748
-37.7341
-39.3521
-43.4867
-59.21
-35.0897
-39.1015
-46.1442
-46.062
-37.7579
-44.062
-37.4995
-37.3565
-44.0654
-38.4078
-30.4497
-35.0407
-44.5024
-33.8253
-48.7931
-41.52
-45.1971
-46.4386
-46.4889
-39.7963
-43.6616
-36.2075
-52.4339
-40.18
-54.1891
-41.625
-39.5901
-48.3264
-64.0299
-42.6346
-31.6014
-54.2276
-38.2854
-41.2466
-40.0999
-59.6725
-41.3678
-32.1721
-42.7537
-60.4935
-40.1494
-49.9656
-23.4095
-47.6536
-47.5185
-42.8483
-40.9604
-49.3109
-44.2954
-29.1146
-44.4912
-43.2811
-53.9301
-48.573
-49.497
-44.308
-40.3145
-40.2149
-44.0516
-39.7221
-43.2207
-56.9255
-42.8423
-43.6615
-41.9756
-42.8264
-44.0603
-53.4417
-46.834
-41.2955
-35.2039
-31.513
-32.6699
-39.3872
-54.3869
-45.9986
-50.2069
-37.0068
-59.291
-48.9909
-41.5833
-44.1924
-42.7851
-40.8725
-35.6039
-35.6378
-50.0415
-36.6446
-43.6025
-51.32
-45.5933
-40.9528
-46.1844
-47.0555
-46.8878
-33.987
-50.5651
-49.6912
-45.2753
-42.8507
-40.5492
-50.1315
-43.6212
-29.9702
-27.2902
-46.373
-56.752
-52.1381
-35.6252
-42.8157
-41.3815
-52.006
-46.3206
-37.5147
-53.5134
-43.8423
-48.8701
-37.6326
-40.4059
-48.2054
-49.3771
-54.2565
-35.9573
-46.1451
-29.0533
-50.8718
-43.7203
-43.3507
-33.2296
-47.1982
-35.72
-42.516
-46.3765
-38.9978
-49.1769
-59.65
-37.1322
-41.6126
-45.6297
-40.8196
-30.1914
-52.3293
-60.8564
-57.9295
-33.3397
-55.7487
-31.8486
-50.3187
-36.9024
-42.6555
-56.9921
-39.6642
-60.5269
-47.1183
-56.5686
-57.5562
-52.5093
-48.6242
-49.1677
-39.6594
-48.2633
-47.7624
-39.5722
-46.7566
-56.3873
-54.1333
-56.8888
-48.8581
-50.2858
-37.3516
-48.3827
-43.8553
-45.671
-39.3395
-50.3659
-43.0181
-49.716
-44.8396
-53.6351
-55.689
-36.1608
-48.3337
-44.0834
-44.7739
-40.6857
-54.3211
-48.0181
-45.3579
-42.3696
-51.1447
-50.5997
-53.9971
-43.3363
-44.5962
-49.3885
-51.0463
-48.0173
-44.4732
-45.3144
-46.9439
-38.3147
-55.752
-41.358
-51.5446
-45.0679
-58.723
-43.723
-38.834
-33.7277
-50.3586
-39.7045
-48.4575
-47.5971
-55.5916
-47.3642
-44.5071
-51.894
-48.6313
-61.361
-37.7718
-46.2945
-42.799
-48.2226
-52.0374
-43.2392
-31.8618
-46.9564
-43.6237
-52.7854
-32.0039
-35.3589
-37.2454
-39.3131
-41.1806
-40.6599
-43.1822
-46.825
-57.7258
-36.7744
-46.7801
-49.1897
-56.1978
-39.1811
-54.4741
-42.113
-46.099
-56.2538
-28.452
-47.1708
-33.0186
-40.0311
-55.1824
-52.2407
-50.3565
-33.7079
-42.7414
-42.0669
-42.2478
-36.467
-50.9118
-43.0432
-52.3632
-39.2639
-39.0404
-43.6256
-42.0261
-43.4443
-58.0581
-46.5005
-38.3537
-48.7045
-41.49
-56.5459
-52.1168
-52.1404
-49.6552
-31.5141
-43.5323
-38.9771
-34.2947
-47.5466
-48.8009
-42.5925
-39.2847
-39.3058
-61.1134
-63.0545
-43.1652
-40.94
-39.6072
-51.0115
-55.4267
-44.3632
-47.2084
-47.8526
-41.2857
-36.9106
-42.1603
-52.1964
-46.6451
-37.4817
-37.3048
-37.9886
-43.0012
-55.3237
-49.0492
-44.3589
-51.4017
-31.2217
-44.3667
-46.8395
-47.1375
-46.3534
-27.1974
-59.0089
-38.7064
-57.0286
-54.3154
-36.4107
-34.3155
-39.6025
-37.9354
-50.7589
-47.913
-47.8095
-38.3851
-39.2533
-52.5119
-43.7765
-47.7523
-45.9036
-37.2523
-54.6734
-39.5576
-54.4736
-47.3644
-48.4164
-24.5429
-40.5962
-56.9717
-42.5149
-48.0045
-53.8295
-37.2981
-39.3668
-49.629
-39.5702
-44.1657
-35.6089
-40.3133
-44.4233
-49.5693
-49.6731
-45.4039
-35.7486
-31.6218
-43.7079
-45.2086
-41.2261
-45.4002
-42.5516
-46.0866
-51.4667
-33.6656
-37.6979
-36.2223
-59.4501
-47.3403
-44.2599
-38.3032
-37.1061
-28.9981
-44.4626
-40.4954
-54.138
-43.9439
-50.7199
-37.7897
-45.3467
-50.5942
-45.7293
-53.3626
-39.7852
-45.8172
-41.2171
-37.1779
-64.1199
-42.2353
-42.5751
-44.4747
-33.911
-34.7552
-44.5316
-38.7592
-39.6491
-37.4435
-49.737
-48.4995
-56.8523
-43.6047
-36.4587
-42.9562
-50.8484
-38.1798
-33.5145
-29.8339
-39.504
-43.2331
-38.6618
-40.8489
-30.2088
-38.9676
-49.6223
-36.5045
-44.8138
-42.1749
-47.4768
-50.3106
-42.2477
-48.4159
-36.0607
-51.2978
-45.9502
-30.1415
-49.0978
-49.5764
-50.4619
-60.0646
-47.7164
-35.413
-56.508
-40.231
-46.5594
-46.1444
-50.4582
-58.6063
-29.6556
-44.8044
-48.9678
-48.3752
-55.5464
-29.7439
-43.1969
-36.9247
-51.4883
-43.4166
-41.81
-52.5041
-41.5073
-48.8658
-32.2097
-56.9225
-45.5771
-53.3121
-49.4984
-42.4413
-50.8086
-31.1739
-46.6055
-42.3743
-58.5977
-44.3438
-38.5208
-45.7571
-36.4688
-39.3064
-41.7694
-40.4129
-39.6629
-45.1817
-56.6085
-52.0127
-35.9816
-42.0648
-39.9497
-42.9452
-53.9215
-44.0982
-43.6059
-49.3797
-38.6054
-27.2694
-44.3581
-45.6527
-43.4635
-47.0086
-43.6798
-53.2485
-50.585
-37.833
-47.2104
-27.482
-44.459
-40.8102
-43.3127
-42.5111
-46.3405
-44.8902
-29.4522
-27.7393
-31.5669
-36.433
-50.6029
-54.8073
-42.9756
-41.9965
-58.3339
-38.3274
-38.16
-50.1114
-54.0539
-59.659
-41.8607
-37.6722
-36.0038
-51.6729
-52.2773
-46.571
-51.2427
-34.4118
-44.6818
-39.9836
-57.8406
-60.9582
-46.8906
-42.278
-47.4845
-43.7407
-47.2977
-48.1235
-49.1125
-41.13
-34.8804
-49.6375
-35.7843
-34.0213
-42.4555
-53.0522
-50.3245
-36.541
-27.6888
-38.4182
-44.4173
-53.8376
-52.4882
-39.7899
-45.1663
-29.2807
-47.2051
-54.5999
-50.5325
-57.8701
-29.7088
-48.7553
-22.6272
-52.0358
-51.261
-47.6887
-53.2121
-52.5702
-36.0545
-51.8724
-51.3288
-38.8009
-57.77
-46.962
-42.5995
-36.3622
-39.3997
-55.3379
-32.1015
-50.6737
-40.0462
-44.1923
-44.7692
-50.0742
-41.0556
-48.5098
-36.593
-45.1995
-43.1015
-43.9608
-39.1842
-44.2965
-40.8729
-37.0394
-49.3804
-33.8019
-49.4289
-58.1664
-48.4242
-40.8255
-28.5447
-54.8154
-45.9112
-49.8992
-41.5247
-50.7018
-29.9888
-51.0143
-46.902
-39.5947
-44.1326
-40.4574
-44.6011
-36.0163
-50.016
-37.9071
-44.9313
-38.4545
-37.7543
-43.2459
-41.3344
-44.768
-28.4439
-43.9681
-54.6446
-39.6058
-39.7284
-38.1932
-42.2305
-45.6659
-41.7626
-45.7771
-42.2258
-48.7596
-48.2883
-48.7407
-41.9949
-41.01
-51.949
-57.2577
-44.9498
-39.7798
-46.5264
-47.1892
-56.5301
-43.0469
-48.0235
-46.1987
-46.4246
-38.5373
-36.734
-44.904
-44.8828
-55.1869
-48.4948
-51.5198
-38.1683
-28.4069
-48.5106
-44.8289
-24.5961
-45.311
-57.1951
-52.8196
-46.5292
-34.3278
-58.1545
-36.5681
-39.2704
-43.6901
-31.9213
-32.7731
-46.089
-44.2233
-55.56
-47.2501
-37.7743
-40.9726
-32.2243
-51.163
-41.3099
-56.3068
-38.879
-43.205
-39.2934
-40.9296
-31.1379
-49.5766
-46.5204
-38.9965
-26.6532
-35.1786
-51.3713
-42.7535
-41.5543
-40.7066
-43.332
-48.0227
-42.8684
-44.9312
-34.9064
-50.6503
-49.4103
-50.1064
-47.6358
-48.1597
-31.3856
-40.6709
-51.5687
-41.8671
-47.2447
-41.7535
-36.9066
-55.6616
-51.3669
-54.7602
-37.6812
-49.5217
-31.3397
-48.2137
-45.9909
-46.5359
-38.4481
-55.5784
-49.5688
-38.6811
-36.4658
-40.4785
-43.0816
-43.9111
-53.1786
-33.0172
-37.1014
-43.6916
-41.3379
-37.2258
-30.5856
-42.1729
-58.1163
-48.1876
-48.0244
-54.8872
-52.7773
-46.3758
-32.8061
-58.1791
-46.2882
-39.8183
-62.0564
-31.9317
-38.3949
-51.9247
-41.6578
-51.4273
-46.4494
-57.0854
-33.7847
-48.1471
-32.193
-48.9982
-48.7984
-52.8421
-38.0969
-45.662
-59.1317
-54.6365
-48.874
-31.3803
-45.0676
-47.7565
-52.0158
-40.7262
-43.0565
-33.1137
-39.3388
-53.5847
-45.5762
-50.5307
-33.9536
-40.9172
-45.9592
-55.0808
-47.0774
-34.0474
-40.5088
-54.7594
-40.1258
-37.6705
-62.1818
-44.7818
-33.3496
-52.2879
-47.799
-36.906
-64.2275
-57.8851
-40.1608
-46.9081
-56.2815
-35.4248
-54.5952
-44.7183
-47.3673
-57.9327
-30.8043
-34.3224
-40.3943
-38.8676
-47.5272
-28.8895
-55.1238
-27.4967
-39.4374
-42.3909
-43.387
-31.0655
-45.816
-44.8546
-36.3967
-43.2456
-56.7268
-37.5974
-53.0461
-44.0903
-52.4293
-46.9406
-48.7448
-52.6369
-38.9965
-29.4412
-49.1455
-51.4278
-66.7806
-40.0652
-35.6329
-27.7108
-60.5861
-49.9352
-39.411
-43.1311
-30.2068
-35.6771
-43.7898
-37.4127
-34.4016
-52.6011
-42.9397
-38.4254
-53.5069
-56.7214
-54.3908
-40.2368
-44.9055
-48.3163
-51.5598
-38.8075
-44.7664
-53.4872
-42.8019
-37.9003
-44.2871
-39.3785
-56.8371
-42.9963
-46.4837
-52.5117
-37.2108
-52.8526
-34.1003
-34.3025
-51.1194
-45.7304
-32.6456
-55.3153
-47.9846
-42.8251
-41.631
-53.9471
-39.0863
-59.2882
-49.6322
-59.4852
-36.2445
-31.3502
-23.7873
-42.1794
-51.6581
-35.4079
-51.7284
-30.2033
-53.9037
-40.0344
-42.3613
-47.2018
-57.727
-49.6905
-50.1063
-39.6236
-51.8722
-49.9771
-38.7085
-42.2064
-54.8104
-38.231
-46.1049
-39.2429
-52.4088
-44.1241
-50.0324
-43.8155
-48.8063
-40.3783
-50.4009
-57.3807
-39.2859
-45.2432
-56.9883
-56.8956
-56.9082
-37.7363
-45.21
-39.8928
-38.0135
-51.2032
-51.7133
-38.2612
-37.9868
-38.2384
-59.1126
-53.2917
-49.5026
-47.2795
-38.9874
-44.9469
-43.9791
-42.0948
-40.2024
-39.6619
-47.9528
-59.1699
-57.874
-45.7158
-51.0877
-43.8244
-41.7198
-40.5128
-46.2885
-47.0785
-43.5321
-46.4686
-37.1625
-57.0703
-45.7629
-47.3645
-48.3987
-40.6855
-42.5455
-50.5522
-49.5253
-45.6481
-43.1427
-43.1736
-47.3572
-34.3577
-51.6965
-24.2046
-43.9569
-41.4298
-57.5132
-67.667
-61.8054
-39.9199
-44.096
-48.7956
-33.8278
-51.6899
-54.0415
-40.4704
-50.4408
-40.6022
-35.1647
-47.088
-46.9268
-49.5327
-30.3509
-54.9657
-43.0083
-46.6204
-31.2917
-50.6016
-41.142
-55.1832
-42.2668
-51.1684
-42.3134
-42.9279
-34.7123
-39.8799
-45.8293
-46.0995
-43.1837
-40.4356
-35.5677
-49.267
-43.0392
-55.1554
-39.9771
-52.0347
-44.4901
-32.1965
-43.5149
-42.5252
-35.5331
-60.4692
-40.7513
-35.586
-46.6287
-45.0316
-44.302
-46.4833
-49.1972
-48.0335
-42.6357
-39.5191
-41.026
-46.4962
-40.432
-42.7238
-67.8284
-48.0057
-41.5119
-46.8403
-45.0644
-41.0258
-42.4553
-42.7294
-51.4362
-42.4718
-39.4026
-47.0856
-34.8765
-42.9791
-46.4875
-42.4905
-26.5026
-44.9169
-43.5879
-52.5857
-61.0156
-48.7705
-42.0733
-49.7911
-45.9031
-46.6124
-49.2086
-52.0573
-40.3975
-52.3734
-47.3261
-35.994
-60.4883
-43.1171
-49.0984
-50.7864
-41.6827
-42.6516
-39.3706
-39.8537
-46.5077
-47.6308
-34.9701
-56.0953
-51.2793
-34.916
-50.0715
-53.4094
-38.7715
-47.02
-51.6588
-42.3982
-38.5148
-42.6662
-49.5534
-38.0043
-40.3821
-44.1364
-45.9275
-46.5484
-43.3883
-54.3803
-43.677
-44.8144
-42.4762
-39.6957
-55.1689
-35.3188
-36.0815
-47.416
-35.9377
-48.5126
-39.0682
-46.1644
-41.5451
-51.7574
-35.918
-38.324
-36.58
-48.9003
-46.4963
-36.1342
-47.923
-31.8649
-33.0004
-44.7152
-45.6401
-42.9424
-37.6022
-40.4243
-40.9028
-50.1908
-32.9922
-40.4805
-39.8612
-49.7512
-52.6408
-33.4149
-54.0241
-51.5801
-48.1911
-43.3859
-45.0494
-36.9296
-43.5517
-49.1125
-53.1147
-32.9634
-53.8799
-36.4295
-45.2095
-36.5849
-37.5688
-49.6324
-30.6652
-41.2257
-39.9798
-41.7185
-36.6286
-48.7515
-45.3026
-38.0137
-40.1599
-43.4534
-45.4558
-27.1699
-31.9011
-44.144
-30.6684
-51.8397
-38.922
-48.9984
-52.1084
-48.9183
-54.1959
-60.0833
-43.1613
-32.4703
-38.3846
-43.6451
-56.8836
-47.112
-42.8834
-37.0424
-58.3303
-59.1666
-42.9296
-47.9942
-51.9301
-48.7209
-31.9957
-38.7293
-48.1014
-38.8666
-40.3867
-40.2607
-49.8829
-46.1314
-36.5529
-39.9698
-46.0481
-47.6097
-47.5068
-40.8118
-35.166
-42.4659
-38.1873
-59.794
-39.9147
-38.8397
-40.6075
-55.7997
-43.4405
-42.7061
-54.4076
-48.5249
-37.2044
-31.3656
-31.4286
-39.244
-52.4102
-44.9661
-37.4162
-41.414
-52.5232
-48.4564
-55.4163
-50.2624
-37.0525
-56.5117
-43.9529
-30.3501
-57.1957
-51.8718
-39.1947
-44.9695
-40.027
-36.5323
-41.211
-53.3005
-48.8657
-46.5376
-35.9645
-50.508
-61.9217
-41.9834
-42.467
-47.5303
-53.4507
-41.4551
-46.4492
-45.3257
-24.6171
-34.7344
-34.0798
-44.2316
-44.2923
-33.1806
-41.8258
-41.4772
-44.4492
-51.9541
-41.7003
-48.5356
-52.1757
-54.8188
-42.5518
-32.0937
-46.4044
-55.5016
-36.0279
-48.5344
-45.0173
-60.9152
-53.783
-54.966
-47.6668
-44.4607
-38.6285
-47.8746
-43.4596
-41.5862
-41.7147
-37.9901
-45.7729
-44.6809
-44.8595
-40.087
-52.1149
-24.8756
-49.2465
-61.3893
-58.5633
-49.0272
-30.8591
-44.2219
-38.0824
-35.38
-51.2826
-48.594
-61.1154
-44.3583
-44.0803
-48.4436
-38.293
-46.9799
-43.4767
-50.0046
-35.4676
-50.8382
-46.4827
-65.2056
-37.301
-56.4851
-45.4698
-37.5037
-56.0225
-37.9883
-46.175
-42.5703
-51.6835
-45.7244
-35.4415
-44.8919
-51.3036
-42.0078
-41.9075
-47.1752
-35.4669
-43.7223
-45.1546
-37.9677
-46.8829
-53.0328
-48.6939
-33.4218
-46.7812
-51.1339
-42.2944
-43.067
-48.1392
-51.4169
-58.5507
-49.1505
-51.0582
-38.0635
-46.5111
-45.5999
-44.843
-42.8078
-42.8966
-46.8724
-42.6572
-54.1901
-44.6378
-52.1401
-43.302
-53.1215
-42.2616
-37.5946
-41.1436
-39.5368
-50.8044
-61.6395
-52.9075
-33.417
-42.8641
-51.7817
-50.3948
-40.3699
-31.4951
-47.8694
-41.1156
-32.8244
-48.1139
-35.8681
-47.3818
-38.9524
-34.0311
-42.1012
-49.9138
-41.5273
-55.2356
-38.704
-34.599
-54.8925
-54.9829
-42.0473
-47.0433
-36.049
-38.4993
-47.6846
-52.2877
-44.8494
-39.915
-44.992
-45.3149
-39.3755
-33.4369
-52.2622
-38.1967
-34.755
-41.5775
-50.1373
-36.6235
-42.9326
-39.4081
-45.5988
-33.9831
-59.0431
-52.559
-48.3415
-41.1488
-56.5946
-41.3336
-50.6013
-49.6881
-49.531
-49.4938
-48.856
-49.899
-51.3172
-50.9365
-55.8927
-50.1973
-39.413
-41.5062
-39.4391
-45.7074
-44.1549
-32.83
-48.8798
-46.3732
-30.9321
-37.3599
-46.8766
-40.829
-44.3622
-47.3245
-35.4377
-22.0244
-50.1814
-40.2531
-41.1673
-44.3416
-53.9084
-32.364
-36.6871
-39.8975
-34.1186
-50.8701
-59.7739
-45.8094
-45.05
-42.1693
-41.907
-46.5992
-33.3683
-40.8814
-27.0025
-48.5223
-50.174
-58.6019
-30.2649
-42.7671
-52.573
-54.4609
-42.6327
-32.303
-37.1317
-55.9443
-55.5205
-51.2468
-41.145
-42.1536
-46.575
-55.2933
-56.0771
-53.1378
-43.0766
-49.7427
-39.5654
-33.8537
-43.0434
-41.9958
-40.0124
-36.7161
-40.4834
-31.031
-44.5117
-52.1243
-50.0742
-43.825
-38.3032
-47.8034
-37.1944
-43.3316
-30.064
-46.4674
-43.779
-35.4699
-55.0102
-48.1115
-48.0416
-49.9534
-39.2001
-53.2063
-39.2004
-45.2313
-29.8612
-55.3973
-49.0858
-43.7188
-49.5969
-41.4554
-46.5241
-45.1808
-40.417
-42.5128
-53.64
-54.5961
-36.7172
-41.1396
-47.4615
-46.2693
-36.1557
-48.9043
-48.0116
-45.0442
-34.9086
-39.9548
-43.6926
-47.8461
-40.8068
-42.0192
-54.9519
-72.0076
-45.2652
-43.0147
-46.2501
-42.7036
-43.5315
-46.498
-37.9563
-45.1041
-50.919
-52.2088
-57.4123
-45.5562
-48.2625
-50.9167
-45.0123
-56.076
-53.4299
-45.7302
-57.1652
-51.4692
-54.4307
-46.2268
-43.2351
-40.6737
-30.6565
-38.1605
-54.6843
-41.0678
-38.857
-36.1855
-29.6135
-38.0111
-49.2718
-40.3647
-54.8278
-37.2317
-41.0722
-49.8313
-43.8758
-46.193
-51.5134
-41.1707
-48.3266
-42.63
-46.979
-58.3996
-41.0922
-52.7784
-58.4825
-46.8817
-39.2757
-44.2889
-33.8251
-49.9803
-46.8942
-47.5213
-34.8808
-41.4484
-38.2924
-21.9528
-44.1671
-49.0616
-44.2579
-35.6564
-47.8886
-53.7433
-41.4859
-41.5337
-43.2634
-46.1187
-50.0246
-32.2226
-30.9659
-59.0072
-34.8958
-46.1957
-47.8066
-47.5399
-44.4285
-41.3709
-55.6062
-55.4212
-43.3062
-45.2766
-44.967
-62.0543
-51.6582
-49.2327
-55.4741
-48.5332
-41.17
-44.0017
-54.3606
-42.8736
-53.229
-44.8503
-52.1536
-47.1389
-45.7611
-41.5859
-47.8821
-50.957
-41.6526
-43.0539
-40.0088
-44.4964
-49.8085
-40.8091
-59.2645
-48.8075
-40.5919
-44.9582
-37.6319
-36.2698
-36.6901
-50.1578
-37.9934
-55.4549
-44.7002
-33.6709
-31.8282
-52.3398
-53.0033
-43.7145
-24.8724
-56.1875
-50.1352
-42.509
-46.228
-41.7097
-46.774
-61.8638
-40.262
-45.1058
-47.2968
-45.5613
-30.5323
-28.4235
-47.8576
-46.0346
-55.2211
-43.6044
-34.2954
-47.2066
-45.4457
-49.4806
-27.1867
-46.6468
-34.4751
-45.7413
-50.7346
-41.9754
-43.1285
-33.3208
-64.8489
-49.0267
-51.6607
-42.9156
-55.2896
-36.0829
-55.5628
-37.2531
-24.8221
-54.4152
-45.8246
-41.8946
-35.5367
-46.37
-43.6169
-34.9814
-44.4514
-41.6005
-47.0227
-44.2795
-26.8207
-33.8597
-49.492
-58.9682
-45.9534
-50.5544
-33.801
-39.7036
-60.5879
-34.4542
-44.0199
-51.0531
-45.2302
-49.2094
-51.7106
-60.5029
-31.8213
-50.5669
-27.0434
-39.8204
-23.5346
-40.8478
-40.614
-47.5789
-47.8564
-39.9535
-43.422
-47.9868
-40.1454
-53.2159
-44.8996
-46.6372
-48.5017
-41.6314
-37.625
-42.5777
-53.7746
-38.4125
-40.667
-40.6831
-40.3718
-47.8721
-32.2792
-39.2022
-34.3924
-60.1679
-53.5885
-49.8786
-44.9098
-53.759
-39.006
-51.6504
-38.6911
-48.6961
-45.1064
-40.572
-53.4871
-54.1159
-54.3673
-41.4402
-33.4876
-42.4845
-43.0968
-43.8948
-47.622
-49.2914
-38.1759
-33.2351
-34.8262
-54.8728
-52.6556
-40.7359
-43.5028
-44.7055
-34.9796
-40.5769
-56.714
-44.8354
-30.7921
-42.4545
-50.3344
-37.798
-55.0445
-46.6814
-37.9835
-58.637
-37.998
-50.2298
-41.3303
-39.7835
-55.5443
-43.961
-32.4439
-52.4116
-51.4886
-49.3814
-47.4924
-49.5455
-56.4428
-50.0464
-55.2509
-50.4296
-38.8228
-46.8688
-47.2021
-56.5494
-40.8337
-49.947
-35.7691
-33.5545
-36.4199
-43.8091
-37.7355
-52.4266
-56.3369
-31.2074
-42.9866
-51.9372
-43.7154
-63.9196
-47.0289
-48.1212
-40.0013
-49.8395
-43.8957
-54.1574
-44.8128
-39.9371
-48.3032
-46.5511
-43.4267
-38.3205
-45.5961
-49.361
-55.8771
-45.9976
-39.9797
-43.0197
-44.718
-41.1794
-42.037
-41.6612
-47.2054
-59.3618
-61.1119
-52.4899
-51.3097
-61.0232
-39.1819
-38.9919
-60.64
-47.5304
-42.8208
-33.7184
-40.2857
-40.7468
-39.508
-42.0193
-46.6632
-55.0304
-37.165
-34.7413
-47.9478
-48.1534
-29.6915
-39.2491
-32.275
-42.9138
-32.9261
-53.9427
-47.175
-36.309
-37.5871
-32.9215
-57.3646
-50.0514
-49.8146
-39.4079
-32.7955
-50.0699
-33.4075
-34.199
-42.0909
-41.6565
-34.3162
-30.3647
-43.8324
-37.6028
-33.4146
-55.5279
-46.2485
-51.3408
-48.6224
-37.6393
-47.2614
-48.4132
-62.3952
-41.3068
-60.3695
-44.9167
-45.2113
-41.89
-35.2207
-43.4023
-40.3844
-53.2159
-49.8619
-47.519
-33.5326
-35.9384
-46.0897
-53.2585
-40.5171
-38.0317
-22.4114
-53.252
-42.3284
-49.0851
-50.338
-41.0819
-54.8666
-49.3292
-46.0369
-45.5578
-44.2806
-45.22
-57.8946
-30.7104
-44.187
-40.3125
-49.7777
-51.0079
-40.5483
-46.1285
-46.5644
-50.5277
-40.7202
-54.6798
-38.0095
-42.2337
-46.9215
-54.722
-46.021
-34.2707
-50.2707
-31.0304
-39.0384
-47.8699
-39.4978
-39.5036
-42.4272
-47.469
-47.643
-43.7001
-53.4829
-45.7927
-37.1682
-43.9727
-44.2379
-39.9866
-39.3674
-31.4903
-35.1057
-42.2019
-43.7808
-45.9951
-48.0887
-54.4809
-56.1891
-55.6497
-55.6174
-35.5536
-36.7109
-37.6095
-57.8745
-43.4113
-35.6068
-54.6095
-46.7993
-37.6137
-48.1802
-44.5591
-42.3756
-49.053
-50.5991
-40.5131
-47.5025
-43.7739
-48.1551
-44.1419
-49.5708
-66.5368
-47.388
-36.573
-38.8325
-37.185
-35.2034
-38.1722
-45.6613
-38.2603
-42.9778
-49.9565
-51.0983
-40.101
-26.4596
-40.0349
-52.0006
-53.3361
-35.0449
-58.1912
-39.8313
-32.1413
-48.0685
-48.0681
-51.7434
-39.8521
-32.1878
-51.936
-42.408
-48.8699
-48.6387
-39.24
-61.351
-38.2346
-29.1536
-62.9678
-32.8677
-31.1461
-44.2425
-49.0732
-38.1708
-54.0918
-36.7461
-45.3144
-33.6693
-40.8037
-31.4197
-41.7853
-38.5208
-54.5379
-32.3052
-60.7756
-36.799
-38.0835
-48.5282
-32.5819
-31.7625
-47.7706
-43.031
-51.6916
-31.8862
-36.8154
-59.8636
-59.2954
-37.3147
-44.2474
-43.6479
-49.6457
-40.8189
-53.2035
-47.5409
-54.3721
-37.1866
-42.7158
-41.6616
-41.4337
-37.9918
-46.36
-54.6163
-52.6487
-39.7804
-44.8413
-48.0915
-40.1477
-38.1179
-47.7843
-52.5986
-44.8809
-38.52
-40.364
-42.6252
-48.9247
-50.0914
-49.6148
-42.745
-57.0338
-50.8714
-33.5623
-39.2152
-51.6328
-38.0429
-50.9537
-34.46
-42.4058
-43.8618
-58.0275
-31.5658
-39.3698
-37.7141
-39.7454
-42.0057
-35.3423
-49.9326
-52.8245
-35.1352
-45.5504
-58.5095
-54.9749
-51.3282
-56.7103
-56.2438
-49.7867
-54.0107
-28.8367
-43.8952
-27.3055
-35.5439
-46.2529
-53.4282
-60.3938
-47.9133
-37.1941
-43.5078
-45.3197
-39.5372
-43.1042
-41.5925
-41.0206
-40.3819
-47.2622
-38.0329
-45.1177
-33.0551
-60.6955
-44.507
-53.1061
-46.7137
-40.7788
-37.8307
-29.4308
-45.9887
-38.4334
-57.8893
-44.2889
-45.8496
-46.906
-67.8011
-54.9071
-50.9981
-48.9145
-44.0416
-42.4288
-45.3503
-47.694
-34.113
-40.5576
-55.6481
-55.9156
-35.5832
-47.3751
-39.5614
-49.9487
-53.6495
-43.0106
-51.5452
-30.5829
-43.4512
-47.5858
-44.0422
-51.4118
-53.7334
-40.3393
-34.1153
-53.1924
-47.676
-40.3751
-52.3572
-41.6115
-42.127
-50.8822
-41.9629
-44.6216
-46.6465
-47.0054
-45.6484
-35.6688
-32.3631
-46.1547
-52.6126
-45.1944
-43.337
-45.8554
-49.4535
-45.0369
-47.6365
-54.5434
-50.0845
-36.7573
-45.2406
-54.1562
-57.7544
-48.0407
-48.7378
-39.1256
-39.4787
-40.1957
-43.6993
-50.4712
-47.2409
-44.2858
-34.5782
-62.2195
-31.1281
-45.1656
-43.3704
-28.2694
-35.9528
-36.0403
-52.0805
-55.9976
-60.4146
-27.8638
-20.3471
-39.0375
-41.6117
-54.5329
-55.8538
-42.9964
-31.61
-44.7806
-27.889
-50.0966
-42.2631
-34.3548
-52.2237
-45.3413
-58.6326
-62.7524
-53.0617
-55.8484
-55.0213
-51.8479
-33.4948
-35.7727
-43.3268
-40.4591
-45.3995
-40.2065
-41.0214
-48.4255
-61.7902
-42.7829
-34.5561
-41.966
-32.6603
-49.8181
-49.585
-39.3104
-31.9465
-52.71
-48.5933
-43.9972
-40.4033
-42.9199
-45.977
-36.0725
-35.675
-49.9917
-57.1901
-38.4117
-49.7205
-53.813
-55.8072
-46.0431
-43.1681
-54.3448
-44.1178
-41.8498
-42.3256
-55.3058
-46.3053
-54.3148
-44.3905
-27.0452
-33.5589
-48.6305
-49.5577
-28.9003
-49.8475
-35.4575
-49.8357
-66.9762
-30.5971
-37.9747
-57.6177
-39.2947
-51.6802
-65.3119
-56.1137
-43.6568
-40.4834
-47.8789
-42.0988
-48.1028
-49.5727
-51.4948
-38.4269
-42.008
-41.892
-45.6333
-42.6133
-51.8443
-56.4728
-50.1433
-36.5836
-41.1589
-51.1291
-58.3388
-51.1466
-57.707
-31.7917
-52.7518
-43.2868
-48.333
-32.5729
-36.2012
-39.4912
-38.4111
-41.0483
-33.6362
-38.5714
-52.655
-46.6063
-56.6694
-41.7844
-47.9059
-41.5278
-41.8476
-42.4549
-40.8641
-38.8647
-38.596
-67.5605
-46.7633
-41.6022
-40.5842
-43.8001
-48.6482
-58.2528
-44.0585
-47.1159
-49.9929
-48.9127
-44.9293
-37.8546
-60.5155
-49.4999
-42.4151
-36.2638
-36.472
-47.9011
-42.8022
-42.5282
-44.5093
-41.4949
-40.2647
-40.9948
-58.6898
-55.3283
-47.4171
-54.9854
-41.0692
-39.3293
-38.3356
-34.2969
-50.6478
-42.6972
-49.3465
-48.049
-34.9052
-38.9082
-47.537
-51.0212
-43.6567
-42.9968
-43.5967
-52.1655
-40.3303
-42.2172
-26.3882
-37.3394
-46.206
-47.49
-34.9482
-53.5818
-46.3189
-54.3779
-42.3888
-47.8983
-38.6691
-58.1278
-46.3594
-35.2088
-38.4028
-36.5464
-39.3307
-49.2317
-32.7551
-40.9267
-45.5564
-41.8815
-34.7055
-44.8244
-41.6088
-43.1517
-44.3253
-37.8927
-46.0814
-40.0062
-49.436
-43.834
-56.6416
-39.2229
-32.5407
-46.5101
-50.0448
-49.7422
-48.4644
-41.782
-56.6992
-50.3524
-43.6742
-46.2361
-53.2388
-30.7789
-36.0288
-33.9676
-50.914
-50.3945
-28.7173
-51.8513
-53.6095
-46.1388
-57.7146
-40.3246
-42.4569
-47.9561
-31.3377
-52.6295
-44.6536
-38.1524
-43.2951
-38.4044
-43.8666
-48.8541
-50.5372
-46.4384
-44.9948
-40.7616
-48.1694
-53.4018
-43.4483
-35.7441
-55.5948
-30.6196
-46.6077
-44.6257
-35.1451
-54.2095
-46.0379
-46.5048
-58.0204
-50.305
-42.2848
-41.1063
-45.3338
-58.1444
-47.1826
-33.9806
-40.8078
-46.8901
-47.3326
-31.2943
-43.1056
-34.263
-60.2192
-44.3739
-58.5063
-44.2254
-40.7258
-44.9914
-40.523
-46.2609
-56.9078
-31.7408
-46.0052
-43.9869
-48.9934
-52.9077
-57.6525
-51.7865
-44.9396
-61.2782
-46.1334
-50.1928
-49.7597
-45.9043
-48.7315
-54.7143
-43.4297
-53.1169
-40.9425
-57.9041
-27.4257
-54.645
-45.0845
-28.4966
-33.5243
-31.3162
-41.703
-55.5871
-40.3267
-45.9627
-35.8211
-39.3125
-45.3114
-44.7376
-43.1583
-47.8063
-41.6654
-56.7406
-49.0554
-31.9873
-41.4506
-51.9392
-46.7833
-39.7557
-59.8621
-56.9523
-30.2477
-45.0803
-56.1615
-47.4492
-39.8402
-44.6333
-48.7112
-34.9959
-44.7678
-40.4403
-29.0078
-35.2562
-44.9555
-43.3573
-38.5434
-35.4805
-29.6471
-67.2805
-38.7619
-58.5743
-50.2206
-36.455
-50.3341
-60.1084
-48.4222
-45.2698
-48.5817
-43.7936
-55.7268
-45.2234
-44.7741
-42.5993
-38.5951
-34.16
-42.8636
-36.3581
-55.0377
-58.4678
-49.6854
-49.6412
-53.2921
-52.2395
-44.1431
-42.7706
-50.1146
-44.3492
-30.1274
-37.4196
-48.2893
-41.5701
-44.9758
-50.8214
-54.5247
-56.2172
-49.1843
-58.6601
-43.4592
-42.2439
-44.5827
-30.7697
-36.6719
-49.1533
-39.0516
-58.7552
-49.4756
-44.4773
-51.3102
-62.8533
-38.3106
-41.8915
-31.4318
-38.0216
-35.27
-49.5558
-53.4344
-61.1563
-55.7296
-38.5014
-50.0812
-37.8311
-34.9322
-43.9765
-58.6187
-49.8061
-52.2205
-36.6832
-57.5294
-47.1852
-44.0561
-43.6714
-37.1503
-38.7799
-48.9765
-44.7129
-25.4741
-35.0289
-48.3454
-46.867
-46.5796
-46.3461
-54.075
-42.235
-45.7487
-47.7022
-50.7732
-36.2921
-41.3144
-52.6133
-42.7842
-44.6365
-51.1874
-45.5217
-36.2811
-39.7941
-56.5193
-41.1802
-56.904
-36.1225
-41.9968
-48.957
-40.4537
-24.3949
-38.8908
-42.7236
-48.4928
-41.1805
-39.2889
-23.8934
-50.4529
-37.2923
-54.7823
-38.8734
-36.3447
-40.3049
-57.2255
-50.6185
-46.5805
-35.1811
-34.0199
-46.9001
-43.21
-41.3914
-53.5517
-41.6955
-50.8108
-50.8403
-38.1673
-46.1555
-45.7439
-51.2517
-42.3363
-47.0818
-41.6558
-38.8475
-37.0509
-37.3002
-36.7684
-33.8138
-37.3292
-32.3813
-37.1398
-26.5308
-42.717
-51.2681
-42.4362
-50.4884
-48.9485
-43.5096
-44.4772
-48.7172
-48.224
-43.6643
-53.4458
-38.7918
-42.0679
-38.7769
-47.929
-41.9827
-49.9586
-40.7795
-27.9644
-37.0268
-51.502
-49.0987
-43.4517
-43.4386
-46.7104
-41.0345
-43.879
-41.3244
-42.2527
-43.0416
-53.3855
-53.4398
-45.2134
-48.8961
-33.8746
-43.6538
-52.0064
-29.3199
-42.4979
-49.701
-47.8466
-47.0594
-54.2241
-46.1945
-47.0977
-46.7347
-47.4278
-45.7014
-36.716
-44.6563
-44.9494
-49.503
-44.0883
-41.8516
-31.2793
-48.3131
-53.384
-40.9783
-33.3106
-49.5851
-38.0299
-49.5372
-41.5751
-56.5638
-42.3682
-58.371
-44.9938
-36.9471
-55.8999
-38.7457
-34.9492
-44.398
-37.7148
-49.9439
-44.5905
-45.8217
-50.609
-38.065
-37.0561
-47.3065
-51.5591
-50.0735
-46.7033
-49.7743
-43.5038
-36.1933
-50.0473
-49.4481
-48.655
-43.0448
-35.3631
-35.648
-39.5715
-50.5309
-44.7893
-32.5571
-34.6824
-41.5226
-47.538
-32.4918
-36.5456
-37.6067
-60.9956
-55.7926
-36.1076
-48.3937
-44.656
-40.6757
-39.0023
-40.9691
-50.6421
-27.2396
-38.9346
-39.243
-48.4932
-46.5807
-36.3476
-54.8709
-44.3259
-36.2829
-33.8937
-58.1038
-49.4131
-41.0927
-33.7474
-55.4047
-43.2432
-45.6531
-38.8166
-43.3719
-47.6292
-56.3291
-53.3871
-44.3895
-47.4323
-40.9775
-41.117
-47.2945
-37.8114
-63.5525
-45.6086
-46.1209
-42.5545
-55.7344
-55.4214
-51.6359
-37.1322
-40.4283
-55.4798
-53.9138
-40.0128
-55.2856
-51.1646
-35.7569
-27.9521
-53.52
-45.1256
-53.2596
-32.9789
-59.0733
-35.0127
-46.5081
-47.7577
-47.0917
-40.6497
-41.3732
-38.6847
-48.088
-51.5969
-44.2073
-47.2071
-45.5811
-54.2914
-49.9317
-51.3803
-45.1998
-53.7233
-57.281
-44.8098
-38.4406
-37.9807
-50.5412
-48.9948
-45.7761
-40.7359
-38.5226
-45.7769
-42.3687
-48.5174
-45.996
-38.0075
-52.7148
-49.2469
-32.2187
-43.5217
-38.3572
-56.0217
-34.3204
-36.8062
-49.6431
-42.901
-50.6373
-55.7277
-48.3535
-50.9945
-63.1781
-43.6596
-37.7946
-44.8956
-43.966
-44.3263
-49.7511
-48.8595
-56.2924
-57.8026
-47.7554
-45.4338
-44.7487
-51.3959
-44.6184
-50.0864
-53.4662
-38.7779
-47.2543
-42.7745
-33.0169
-50.8976
-55.6623
-34.4152
-50.3
-48.5938
-35.0475
-46.1692
-43.6817
-49.5736
-43.6644
-55.567
-50.8819
-33.0276
-36.5147
-36.3074
-47.331
-39.981
-41.6748
-38.0977
-47.949
-42.3673
-44.2855
-46.1564
-39.3665
-28.3685
-50.1503
-42.4637
-36.2055
-69.0622
-46.2076
-42.0332
-57.0053
-53.5886
-55.2431
-59.0934
-38.5017
-40.2201
-31.5243
-41.5861
-41.5959
-47.4713
-40.2399
-38.2523
-47.8359
-38.3461
-54.3774
-39.4749
-44.7971
-49.0362
-41.6555
-35.0277
-31.1808
-34.5879
-60.2604
-39.5444
-44.1987
-44.4201
-49.6106
-56.8755
-45.8945
-41.8408
-47.143
-41.1423
-40.1455
-55.6279
-34.2432
-47.1028
-41.0998
-46.0869
-41.3645
-44.8673
-45.7944
-53.9365
-50.0378
-42.5356
-44.8631
-45.496
-48.7042
-52.3625
-37.4656
-59.9088
-56.582
-47.4676
-40.5909
-27.8269
-45.9766
-42.5457
-48.5614
-41.6403
-47.7191
-47.7061
-35.6521
-43.8064
-24.7372
-53.9568
-42.0966
-40.6917
-28.9612
-25.7418
-39.7593
-45.3885
-46.7028
-34.2976
-40.8667
-49.0777
-48.8881
-50.2824
-49.3415
-54.0756
-58.612
-40.5467
-47.4432
-50.9861
-41.7042
-58.3312
-57.3756
-40.1029
-35.0094
-40.5943
-43.0115
-46.2215
-47.7848
-44.1504
-31.9086
-38.6378
-42.1093
-23.5359
-45.2387
-41.513
-50.2223
-36.7174
-38.2147
-50.1367
-43.0054
-41.9154
-37.9519
-41.0549
-54.2497
-48.743
-37.8731
-42.7996
-42.8252
-32.5209
-50.0774
-40.9455
-39.667
-41.8729
-29.3509
-46.4669
-35.143
-50.7927
-38.9515
-42.6303
-40.3347
-48.6739
-38.9288
-38.7591
-27.5936
-46.5429
-50.1685
-48.1374
-42.6555
-27.5165
-47.808
-49.6085
-43.2436
-44.7134
-43.4095
-45.3636
-50.4915
-46.6123
-33.6759
-38.9454
-40.3408
-42.6311
-31.0239
-60.0574
-45.8411
-50.469
-50.1149
-41.8465
-48.4048
-37.4764
-42.3402
-45.89
-59.6508
-56.2484
-60.8223
-32.0613
-60.1972
-50.4241
-41.0879
-57.4248
-60.176
-48.592
-44.052
-43.577
-49.3153
-49.5124
-50.9685
-33.6733
-55.5174
-53.2361
-58.7113
-33.6772
-41.532
-51.2179
-34.0722
-42.0726
-47.7021
-31.5922
-43.3723
-44.569
-44.323
-44.9366
-41.0676
-42.8349
-43.0281
-40.7865
-36.011
-45.8344
-42.8137
-32.2717
-46.605
-47.9103
-41.788
-54.6858
-41.0491
-40.3014
-38.1982
-32.9599
-42.7717
-47.4149
-24.3482
-42.7384
-43.3342
-48.6434
-48.0359
-35.4978
-49.0058
-39.829
-45.9521
-39.1225
-50.9443
-63.16
-38.3804
-43.7644
-44.8763
-48.5992
-43.0795
-48.6727
-45.677
-43.5781
-46.249
-60.2002
-43.8209
-39.2367
-59.2667
-30.7621
-48.4719
-44.6685
-47.6262
-39.4096
-44.8959
-46.9044
-49.4541
-51.7187
-44.9909
-52.168
-41.3243
-40.3526
-36.5457
-39.7117
-39.1596
-44.7305
-46.0392
-54.804
-48.2181
-39.031
-40.939
-45.476
-49.4024
-45.3746
-44.607
-40.8492
-45.7047
-44.6091
-39.0849
-51.434
-42.3869
-48.8503
-31.8523
-38.5064
-34.3463
-42.2608
-52.6708
-37.6783
-49.8146
-45.5717
-39.9862
-50.7122
-39.0713
-35.2584
-41.9031
-50.3665
-44.0571
-41.0946
-35.5584
-42.1459
-39.1624
-48.9412
-39.0766
-41.154
-60.1645
-65.595
-46.0571
-42.4828
-45.0661
-37.7799
-43.2611
-51.1954
-37.5412
-41.1944
-43.6254
-39.365
-42.9243
-38.8727
-45.69
-35.9482
-39.1113
-59.7204
-38.6459
-54.6442
-52.5416
-44.925
-52.348
-36.8366
-43.8793
-59.1873
-53.4114
-51.2825
-41.3165
-38.4272
-37.9282
-50.8177
-40.9145
-49.4105
-53.7258
-48.8193
-38.1316
-50.874
-53.3148
-45.1073
-31.6436
-49.4673
-33.0457
-43.886
-49.0836
-45.8506
-41.0773
-39.6215
-36.8559
-41.1126
-52.5515
-40.4762
-39.9717
-59.9026
-42.0611
-52.6093
-50.0995
-45.7312
-38.7617
-54.9321
-45.1947
-41.3777
-37.5563
-32.4725
-51.5597
-26.2917
-40.6493
-49.4451
-39.0611
-49.3377
-40.4479
-41.1541
-47.346
-36.6234
-39.3749
-47.6038
-38.3739
-45.1368
-34.0097
-42.9059
-59.4841
-36.8941
-34.5188
-38.4469
-43.3107
-40.5034
-44.0307
-44.4951
-48.6499
-45.0257
-51.0997
-40.4852
-44.5045
-59.5734
-37.2015
-61.7287
-43.8363
-36.2571
-43.7776
-24.1473
-45.2005
-33.1184
-34.3932
-42.7956
-44.167
-42.1513
-42.113
-43.3311
-57.997
-46.1717
-35.3977
-50.6351
-44.5213
-36.6982
-50.3141
-52.3528
-42.163
-43.3458
-56.825
-35.7969
-49.0651
-56.6657
-48.6226
-38.6128
-47.1401
-44.991
-46.5428
-35.4393
-42.9873
-46.0155
-49.4403
-44.7204
-48.2757
-48.5733
-29.4732
-52.6184
-46.3554
-49.5353
-50.7615
-39.5119
-47.2024
-53.1696
-37.2854
-37.8766
-41.5885
-40.2807
-41.1231
-47.3593
-43.1421
-44.1897
-38.2251
-38.7979
-33.4639
-41.5697
-51.5148
-48.1638
-45.679
-41.1154
-30.0471
-49.224
-46.8675
-51.5925
-60.1059
-45.11
-40.16
-49.6112
-50.0046
-48.3957
-43.0975
-40.866
-33.9995
-44.9377
-41.7768
-38.9214
-61.7376
-35.7906
-48.8967
-49.8702
-47.8426
-44.9784
-54.1459
-45.1446
-35.1658
-34.1795
-43.7795
-37.9855
-44.466
-35.1342
-41.1671
-51.8447
-38.9573
-50.8424
-51.7562
-46.6255
-34.5118
-39.5425
-46.8674
-55.7189
-45.5899
-44.439
-33.0554
-45.1872
-46.7206
-40.5118
-42.3871
-42.3633
-35.2117
-43.1718
-45.5261
-51.4298
-41.5102
-46.647
-44.4258
-60.3756
-45.5573
-45.8881
-41.564
-50.2156
-40.4237
-46.0258
-43.1345
-57.836
-40.5914
-48.5623
-40.1848
-47.2056
-44.5875
-46.286
-43.0164
-32.9786
-49.6206
-55.6607
-45.2715
-42.6767
-45.4183
-53.3693
-42.6912
-42.4972
-50.2753
-50.5545
-48.5545
-54.4719
-49.0731
-30.4118
-37.7635
-50.8558
-32.401
-44.93
-44.1437
-54.0346
-45.0372
-47.981
-48.8892
-58.4135
-35.1561
-53.5784
-47.2388
-48.0319
-48.0127
-46.1898
-38.7998
-53.3937
-49.8982
-55.1045
-46.6008
-46.7303
-35.7481
-56.5687
-42.3258
-45.0903
-50.0041
-33.1621
-41.6204
-47.89
-36.3747
-43.9375
-56.8357
-58.8486
-59.9199
-51.656
-49.363
-29.64
-53.9549
-27.3938
-50.5463
-60.272
-42.4506
-56.7152
-49.3642
-45.0395
-41.597
-35.3929
-43.0282
-38.3885
-60.9199
-46.7558
-43.2628
-46.9499
-48.3091
-39.9426
-41.3023
-49.329
-45.5309
-55.9225
-55.4858
-41.8018
-55.5451
-31.301
-49.6622
-39.4557
-51.2451
-52.7883
-38.785
-34.8464
-46.2153
-38.4124
-34.8069
-38.6628
-52.3416
-47.7815
-42.9659
-49.1386
-57.9073
-55.6583
-48.6431
-47.1887
-31.0847
-27.0876
-55.7169
-46.1442
-44.4305
-48.6318
-35.7064
-36.5949
-41.0477
-48.5247
-46.4147
-52.4992
-50.2035
-37.8418
-29.4277
-33.6044
-44.7833
-41.3293
-50.2962
-47.7158
-47.4057
-43.1404
-44.0025
-50.4545
-39.5474
-39.3611
-28.7544
-41.3299
-42.1737
-46.4618
-48.1004
-46.327
-32.9647
-35.5692
-41.2609
-57.2457
-30.5407
-44.0971
-35.4947
-37.8735
-52.1958
-45.4533
-57.604
-58.1172
-56.2211
-45.0168
-52.7707
-49.0773
-44.3277
-55.2759
-30.8743
-36.5448
-52.7952
-35.7826
-47.0112
-45.1041
-37.1193
-46.1494
-44.1904
-70.3933
-48.3903
-45.048
-45.0903
-39.0118
-59.9519
-45.5491
-40.7636
-52.5407
-37.5946
-40.2063
-20.2186
-49.2569
